3.133817
1.505244
3.889602
2.175647
1.691819
1.682332
1.185854
1.160556
1.679169
1.672845
1.467297
3.389962
1.916340
1.840446
1.638060
0.967657
3.472181
1.170043
1.966937
1.751902
1.192179
1.600112
1.872068
2.365384
3.943360
3.557562
2.732208
1.856257
3.136979
1.489433
2.583581
3.421584
1.657033
1.236451
1.625411
2.555120
1.321832
1.698143
1.581139
1.011929
1.334481
2.270515
3.269795
2.321112
2.292651
1.340806
3.118006
2.298976
1.331319
1.037227
0.996117
2.166160
7.115125
1.315508
1.283885
1.666520
2.909295
1.030903
0.879113
1.271236
2.675287
2.697423
2.235730
3.952847
2.374871
3.586023
1.103635
2.836563
1.751902
2.289489
2.536147
1.204828
2.694261
2.090266
1.226964
1.274398
1.622248
1.388240
2.890322
0.806381
0.860140
2.172485
1.261749
1.024578
2.109239
1.049876
1.540029
1.132095
1.524218
1.173205
1.147907
1.638060
1.081499
2.760668
3.064247
0.847490
3.019975
0.885438
1.356617
5.227245
0.863302
2.058643
3.162278
2.469739
1.770875
1.941638
1.568490
1.438836
1.717117
1.081499
3.845330
1.366104
2.321112
3.051598
2.283164
2.495037
1.562165
2.940918
2.232568
1.280722
1.090986
2.147187
4.076176
1.173205
0.856977
1.783525
1.524218
1.438836
1.081499
1.059363
1.495757
1.609599
1.252262
2.099752
2.928269
2.479226
1.261749
1.189016
3.108519
1.521056
1.176367
2.317950
1.872068
1.391402
3.883277
2.425467
1.641222
1.536867
1.356617
3.193900
2.020695
1.359779
1.571652
1.211152
1.498920
1.568490
2.030182
2.763831
1.470459
4.009768
1.404051
1.435674
2.030182
1.729766
1.021416
3.940198
0.850653
1.631735
2.874510
1.100473
5.065969
2.678449
3.456369
0.977144
1.954288
0.955008
1.878393
2.083941
1.230126
1.707630
1.628573
2.710072
1.638060
1.264911
1.872068
2.846050
1.982748
1.546354
0.809543
1.255424
1.995397
1.574814
1.767713
1.470459
1.337643
2.185134
1.182692
3.620808
2.643664
3.051598
1.777200
4.136259
0.834841
0.986631
1.808823
2.754344
0.809543
1.619086
1.296534
1.426187
1.391402
1.486271
1.505244
1.941638
2.959892
2.551958
3.171764
0.831679
2.280002
1.827796
2.460252
3.181251
1.189016
2.074454
1.359779
2.052318
1.985910
2.602555
3.870628
3.418422
1.084661
4.692820
1.207990
2.178809
1.720279
1.502082
1.802498
1.793011
1.938476
4.373430
4.620088
1.321832
2.865024
1.277560
3.693540
1.359779
1.593788
3.567049
1.337643
1.141582
1.268073
2.928269
1.397727
1.938476
0.996117
6.631296
1.530542
1.356617
1.378753
1.192179
1.328157
2.631015
3.791571
3.067409
1.758226
1.872068
1.287047
2.482388
0.989793
1.056201
2.909295
4.597952
1.226964
3.197063
1.979586
1.331319
1.805661
1.615924
1.808823
2.985190
1.682332
1.786687
1.536867
1.419863
2.441278
2.137700
3.930711
2.855537
2.902971
2.403331
1.106797
2.349572
4.430351
1.173205
2.681611
2.507686
1.897367
4.367105
4.240614
2.340085
6.058924
1.628573
1.438836
1.321832
5.303140
1.154231
1.473621
2.431792
1.881555
3.971821
0.850653
1.207990
2.140862
1.163718
4.436676
2.593068
1.726604
1.027740
2.023858
1.135258
1.195341
2.001722
0.999280
2.985190
1.204828
1.878393
4.983750
2.232568
1.834121
0.939196
1.514731
7.352296
1.125771
0.879113
1.356617
2.631015
4.822473
1.255424
1.606437
0.739973
1.182692
1.843608
1.476784
2.302138
1.732928
2.102915
2.232568
1.103635
1.185854
2.419142
1.966937
1.745577
1.723441
1.185854
1.324994
1.691819
1.353455
2.245217
1.315508
3.178089
1.217477
2.004884
1.603275
1.255424
2.612041
2.188296
1.676007
1.027740
2.858699
1.242775
1.204828
0.739973
1.536867
1.432512
2.485550
1.751902
2.131375
2.036507
1.666520
1.767713
1.078337
2.969379
0.806381
2.083941
2.317950
2.409656
2.087103
2.308463
1.897367
1.037227
2.994677
1.008767
1.315508
0.869626
1.565327
1.533705
1.992235
1.011929
2.849212
3.415260
1.555841
1.258587
2.087103
3.111681
1.075174
3.143304
2.457090
3.288769
0.834841
2.115564
1.192179
2.204108
1.925827
0.936034
2.422305
1.884717
1.963774
1.799336
2.536147
2.403331
1.748740
1.938476
0.913898
1.015091
1.097310
2.020695
2.482388
2.782804
1.195341
2.586743
3.759948
1.941638
1.628573
2.355897
1.596950
1.555841
1.324994
1.293372
3.952847
1.625411
4.405053
1.701305
2.359059
1.337643
1.315508
2.023858
3.231848
1.552678
2.675287
1.166880
1.217477
1.549516
3.013651
5.843889
1.796174
1.865744
0.819030
2.023858
2.495037
2.017533
1.268073
1.062525
2.264191
3.076896
1.755064
1.173205
1.094148
2.719559
0.853815
1.596950
1.277560
2.782804
2.393844
1.476784
1.625411
1.378753
0.907574
2.684774
1.353455
2.384357
2.770155
1.296534
2.305300
2.238893
2.068130
1.663358
0.958170
2.169322
3.427909
5.012210
1.916340
2.159836
3.367826
0.894925
1.517893
2.457090
1.293372
2.305300
1.176367
1.742415
2.624690
2.381195
4.110961
2.415980
1.040389
3.364663
1.524218
2.327436
1.606437
4.509408
1.717117
1.090986
1.460972
1.552678
2.286327
1.707630
1.445161
1.470459
2.352735
3.352014
1.470459
2.008046
3.930711
1.116284
2.071292
3.601834
1.840446
1.951125
4.379755
1.040389
1.989073
2.362221
1.312345
3.099032
1.533705
1.552678
1.786687
1.413538
2.668962
1.865744
2.033345
3.250821
1.615924
0.936034
1.100473
1.821472
2.514011
1.122609
4.392404
1.347130
1.951125
1.723441
1.470459
1.207990
0.774758
1.132095
1.100473
2.257866
6.223362
2.330599
2.169322
1.495757
1.324994
6.179091
1.037227
1.505244
2.634177
3.529102
1.698143
3.108519
0.932872
3.244497
1.249100
2.729046
2.760668
2.365384
1.394564
1.720279
3.538589
1.220639
1.018253
1.622248
1.473621
1.318670
2.077616
1.521056
3.839005
1.350293
2.264191
2.374871
1.264911
1.979586
1.910016
2.257866
2.068130
2.457090
1.505244
1.786687
2.340085
2.814427
1.125771
1.600112
2.539309
1.008767
2.785967
1.625411
1.634898
1.464135
1.429350
1.758226
1.767713
1.536867
1.846770
1.685494
2.868186
2.488713
1.002442
1.786687
1.252262
1.533705
1.438836
1.603275
0.967657
2.150349
3.415260
1.954288
1.751902
4.177369
1.185854
2.899809
2.077616
1.609599
1.195341
2.906133
1.157394
1.413538
1.593788
1.742415
1.034065
1.448323
2.400169
1.097310
3.257146
1.622248
1.195341
2.921945
3.143304
1.429350
3.481668
1.362942
0.999280
1.853095
3.143304
1.590626
1.416700
2.261029
1.062525
1.375591
1.701305
2.570932
1.441999
1.511569
1.476784
1.432512
2.469739
1.894204
1.198503
2.811265
1.157394
1.941638
2.659476
3.386799
1.603275
2.023858
1.619086
2.102915
1.489433
1.195341
0.891762
1.154231
3.190738
1.685494
1.805661
1.328157
3.699865
1.698143
1.634898
2.555120
1.195341
1.176367
1.685494
1.609599
1.574814
1.467297
2.902971
2.207270
1.587463
2.349572
1.900529
3.206550
1.154231
0.844328
2.782804
1.713954
1.660196
2.147187
1.419863
1.511569
2.820752
2.634177
1.242775
2.710072
2.302138
1.122609
2.700585
1.511569
2.311625
1.694981
5.663639
1.378753
2.349572
2.238893
2.877673
1.135258
6.438397
1.236451
4.847772
4.152071
1.530542
2.188296
2.289489
1.324994
1.321832
1.638060
0.803219
1.407214
1.925827
1.770875
1.062525
1.391402
2.327436
1.113122
2.118726
1.726604
2.656313
1.508406
1.603275
1.492595
1.460972
1.910016
2.817589
2.852374
2.235730
2.438116
3.076896
2.950405
1.441999
2.204108
1.543191
0.904411
0.879113
2.147187
1.087824
2.694261
3.092708
2.719559
2.631015
2.064967
1.628573
1.366104
1.192179
6.770436
2.017533
2.583581
2.188296
1.113122
2.147187
0.989793
1.770875
3.121168
5.951407
1.644384
1.846770
1.391402
1.306021
2.551958
1.546354
3.121168
1.144745
6.473182
1.027740
1.571652
4.509408
1.919503
3.443720
1.211152
1.612762
1.337643
2.030182
1.144745
2.248379
1.884717
1.562165
2.425467
1.543191
3.753624
1.094148
1.034065
1.207990
2.836563
2.902971
2.804940
1.559003
1.669683
2.197783
1.916340
1.280722
1.546354
0.945521
0.980306
1.362942
1.483108
1.157394
3.513290
1.536867
1.549516
1.078337
2.833401
1.034065
1.900529
3.295093
1.062525
2.586743
1.109959
1.638060
1.072012
1.568490
3.168602
1.290209
2.804940
2.580419
1.843608
1.470459
3.032624
3.111681
1.720279
1.859419
0.939196
1.505244
3.756786
1.660196
1.536867
2.596230
3.462694
1.884717
0.932872
2.580419
0.847490
3.772597
1.565327
5.502363
2.488713
1.726604
2.479226
2.093428
2.128213
1.593788
1.166880
1.533705
2.071292
0.901249
1.982748
1.122609
1.691819
1.451485
2.928269
2.422305
5.644666
2.216757
1.441999
2.567769
1.527380
1.571652
1.916340
1.562165
3.737812
3.630295
1.660196
1.951125
0.983468
4.863583
4.512570
1.163718
1.362942
2.223081
2.703747
1.293372
2.011209
0.796894
1.132095
2.049156
1.217477
1.710792
1.312345
4.177369
4.054040
1.492595
4.857258
1.932152
3.589185
1.805661
2.662638
1.492595
1.261749
2.207270
1.451485
1.508406
1.144745
1.650709
0.910736
2.634177
2.858699
1.024578
1.868906
0.929710
1.966937
0.951846
1.476784
2.077616
2.510848
1.321832
1.416700
2.754344
1.916340
0.929710
1.606437
1.805661
1.404051
1.201666
2.023858
2.273678
0.860140
2.023858
1.887880
1.059363
2.469739
1.887880
1.622248
1.223801
2.861861
2.801778
1.805661
2.298976
2.463414
0.834841
2.333761
2.083941
1.672845
2.219919
1.362942
2.921945
1.369266
1.878393
2.476063
3.193900
2.064967
1.328157
1.135258
2.229406
1.369266
1.448323
1.910016
1.043552
0.838004
1.476784
4.778202
1.113122
3.181251
3.241335
1.502082
2.406493
3.114843
3.203387
0.980306
1.002442
1.543191
1.024578
1.568490
1.226964
2.419142
2.049156
3.086383
2.311625
1.495757
1.663358
1.849932
8.310466
1.163718
1.094148
4.243777
1.315508
1.470459
2.390682
1.046714
1.663358
1.742415
2.365384
1.230126
1.113122
1.562165
0.932872
2.017533
1.113122
2.479226
1.318670
0.841166
1.815147
4.262750
1.264911
2.039669
1.495757
2.409656
2.982028
2.232568
2.491875
1.881555
1.072012
1.989073
1.141582
1.540029
1.973261
0.977144
2.121888
1.312345
1.998559
1.163718
1.916340
1.615924
3.102194
1.473621
1.793011
2.577256
1.391402
0.819030
1.622248
1.543191
2.121888
1.647547
2.238893
1.324994
1.505244
1.464135
1.002442
1.293372
2.504524
3.946523
1.100473
1.748740
2.159836
1.116284
2.637340
3.238172
4.174207
1.445161
1.233288
1.271236
2.030182
1.593788
1.533705
1.492595
1.226964
3.756786
4.648548
2.077616
3.133817
1.024578
0.891762
1.862582
1.366104
1.400889
1.226964
2.498199
1.615924
1.423025
1.913178
1.347130
1.521056
1.037227
1.027740
1.068850
2.033345
2.251542
1.802498
1.875231
1.182692
1.868906
1.334481
1.865744
1.546354
2.785967
0.996117
1.603275
5.780644
2.479226
0.977144
1.372429
0.929710
2.314787
1.429350
1.125771
0.683052
1.404051
1.789849
1.413538
1.679169
1.615924
1.049876
2.131375
0.986631
1.040389
3.095870
3.099032
1.783525
0.869626
2.586743
2.501362
5.435955
3.377313
1.362942
1.236451
1.767713
2.169322
1.166880
0.863302
3.601834
0.755784
1.647547
2.223081
2.684774
2.782804
2.064967
2.472901
2.147187
5.872350
2.827076
1.511569
4.582140
2.264191
1.546354
2.994677
1.521056
1.245937
1.815147
2.599392
3.197063
1.555841
3.851654
2.162998
1.011929
1.739253
1.593788
4.752903
1.777200
2.877673
1.207990
1.577977
1.960612
1.609599
2.374871
2.106077
2.672125
1.011929
1.369266
1.426187
1.306021
1.941638
1.783525
1.432512
0.992955
1.774038
1.230126
1.856257
1.992235
1.802498
2.308463
1.565327
1.340806
0.856977
1.385078
1.255424
1.321832
3.921224
1.830959
2.162998
1.581139
1.755064
4.066689
0.879113
0.806381
3.949685
1.381915
1.502082
0.951846
1.827796
1.511569
1.268073
2.175647
3.029462
2.871348
2.083941
3.013651
0.996117
0.901249
1.290209
3.136979
1.641222
1.201666
1.476784
1.995397
1.359779
1.777200
3.548076
1.653871
2.678449
2.662638
1.160556
0.752622
2.548796
1.960612
1.802498
1.015091
1.258587
1.562165
1.018253
1.464135
4.376592
3.007326
1.505244
2.593068
1.416700
1.448323
3.797895
2.871348
2.210432
1.002442
1.811985
1.034065
1.391402
1.524218
1.170043
0.929710
2.321112
2.017533
1.770875
2.801778
1.299696
1.454648
2.017533
0.594508
2.482388
1.321832
2.969379
4.063527
1.366104
3.870628
1.906853
2.507686
1.947963
1.916340
0.869626
1.122609
2.106077
3.307742
4.161557
1.543191
3.124330
1.277560
1.347130
1.375591
1.726604
2.213594
1.666520
1.584301
1.214315
1.998559
2.940918
1.517893
2.605717
2.425467
2.415980
2.330599
1.947963
1.309183
4.971100
1.271236
1.849932
1.688656
4.022417
3.004164
2.131375
3.687216
2.270515
1.562165
0.784245
1.783525
2.741695
2.918782
1.906853
1.767713
2.545634
1.811985
2.495037
1.891042
1.034065
1.119446
2.039669
5.451767
2.017533
3.228685
1.938476
1.378753
1.065688
1.419863
1.982748
1.770875
3.446883
3.146466
1.027740
1.394564
1.574814
0.838004
2.080779
1.473621
1.998559
2.434954
3.004164
1.704468
3.288769
2.754344
3.829518
1.786687
2.295814
2.551958
1.141582
1.467297
2.134537
0.992955
2.912458
1.672845
1.780362
2.194621
1.701305
3.064247
1.018253
2.030182
0.961332
2.292651
0.983468
1.261749
1.201666
0.670403
0.989793
3.418422
2.523498
0.986631
6.292933
2.166160
3.636619
0.977144
1.524218
1.546354
1.432512
2.621528
0.989793
1.761389
1.552678
1.185854
3.219199
2.305300
2.555120
1.811985
1.075174
1.106797
4.297535
1.653871
3.143304
3.073734
1.856257
1.027740
1.464135
1.366104
2.147187
2.921945
1.793011
3.902251
1.378753
2.694261
1.103635
2.798616
1.302858
2.004884
5.594069
2.039669
2.577256
1.600112
1.834121
1.739253
1.065688
1.451485
1.970099
1.334481
3.054760
1.650709
1.404051
1.315508
1.593788
2.713234
1.726604
1.530542
3.339365
1.268073
3.140142
1.147907
1.182692
2.302138
2.488713
1.103635
2.172485
1.830959
1.919503
0.739973
1.024578
1.770875
1.603275
1.593788
1.027740
1.824634
1.868906
1.321832
1.157394
1.426187
2.899809
2.036507
1.581139
1.432512
2.751182
2.298976
1.928989
1.381915
1.619086
1.015091
1.457810
2.779642
2.507686
1.739253
2.004884
3.257146
0.806381
1.287047
3.206550
0.973982
2.849212
3.159115
3.775760
1.897367
1.407214
1.460972
1.359779
1.280722
1.163718
1.138420
1.615924
1.040389
1.922665
2.349572
1.489433
0.989793
3.408935
2.735370
1.859419
4.107799
1.353455
1.195341
1.302858
2.049156
3.200225
2.618366
3.269795
3.475343
1.906853
1.441999
1.249100
1.742415
1.530542
1.413538
1.609599
2.959892
2.963054
1.018253
4.518895
1.214315
1.015091
2.036507
1.011929
1.252262
2.033345
3.016813
4.050878
2.485550
1.568490
1.141582
1.397727
3.782084
1.559003
1.476784
3.725163
3.415260
1.976424
1.084661
3.959172
1.815147
3.276120
1.094148
2.317950
2.340085
2.963054
2.963054
1.324994
1.682332
1.679169
1.985910
1.505244
2.188296
1.679169
2.741695
1.562165
3.560725
1.084661
1.119446
4.367105
1.717117
2.545634
3.095870
1.486271
1.530542
1.049876
1.502082
1.685494
1.113122
0.679890
1.154231
1.081499
1.173205
2.305300
3.797895
1.438836
1.258587
1.479946
2.030182
1.834121
2.732208
4.452487
2.058643
1.900529
2.982028
3.136979
4.291211
3.174927
3.386799
2.441278
1.315508
1.173205
3.576536
2.393844
1.125771
4.158395
4.313347
3.639782
1.182692
1.565327
2.551958
1.657033
0.955008
0.755784
2.200945
0.910736
4.240614
1.985910
1.498920
1.315508
2.346410
2.080779
2.390682
1.688656
1.416700
1.568490
2.627853
1.356617
1.989073
1.084661
2.188296
3.484830
3.494317
1.109959
2.991515
3.174927
1.252262
2.539309
2.434954
1.726604
1.669683
4.620088
1.400889
1.192179
2.959892
2.555120
1.723441
2.147187
1.046714
0.980306
2.314787
0.888600
1.603275
1.612762
0.983468
0.996117
1.992235
2.567769
1.400889
1.356617
2.068130
4.003444
4.623250
1.590626
1.271236
1.299696
1.027740
2.204108
1.628573
1.691819
2.703747
1.849932
1.657033
1.435674
3.456369
1.065688
1.230126
1.483108
1.230126
2.561445
3.933873
2.934594
2.254704
2.817589
1.182692
2.327436
4.281724
1.837283
1.963774
2.027020
3.118006
1.277560
1.090986
1.268073
1.321832
1.451485
1.587463
2.415980
0.989793
1.078337
2.216757
2.077616
3.788409
1.094148
1.306021
1.147907
0.844328
2.226243
0.929710
1.843608
1.596950
1.005604
1.571652
1.189016
1.407214
2.292651
1.011929
1.944801
1.467297
2.080779
1.764551
1.328157
1.290209
1.451485
1.340806
0.828517
2.801778
2.374871
0.980306
2.548796
0.986631
1.552678
1.173205
1.223801
2.226243
2.210432
1.005604
1.742415
3.491155
1.192179
1.132095
2.877673
2.548796
1.742415
1.166880
2.052318
4.076176
1.875231
1.761389
0.863302
0.831679
1.245937
2.760668
2.994677
2.039669
2.311625
1.862582
2.457090
1.147907
2.112401
2.501362
2.368546
0.989793
5.515012
1.489433
1.094148
2.412818
2.902971
2.425467
1.951125
1.106797
0.891762
1.584301
5.970380
1.498920
1.318670
2.912458
1.249100
1.318670
2.618366
1.574814
3.510128
1.843608
2.532984
1.290209
2.596230
1.141582
1.018253
3.276120
1.100473
3.794733
4.038229
1.306021
1.413538
2.074454
0.910736
1.612762
0.996117
0.743135
1.331319
1.201666
4.202667
1.944801
1.581139
0.964495
2.706910
1.966937
1.701305
1.736090
1.119446
2.324274
1.600112
2.564607
1.397727
1.324994
1.331319
1.464135
2.226243
1.830959
2.273678
1.603275
1.606437
1.378753
1.457810
3.019975
1.369266
3.168602
3.114843
1.536867
2.526660
2.371708
1.751902
1.830959
1.559003
0.765271
1.922665
2.482388
1.910016
6.783086
3.004164
1.660196
0.955008
0.945521
3.155953
2.172485
1.457810
1.603275
2.324274
1.717117
2.004884
2.694261
1.113122
1.277560
0.872789
1.293372
1.416700
1.056201
1.758226
1.394564
1.024578
1.957450
1.647547
3.595510
1.492595
4.063527
0.819030
1.404051
3.291931
1.423025
2.887160
1.261749
4.085663
1.151069
1.856257
3.333041
3.481668
1.217477
1.641222
2.681611
2.438116
2.017533
1.660196
3.962334
2.830239
4.509408
3.412098
1.647547
1.429350
2.495037
1.059363
2.485550
2.298976
1.834121
1.404051
2.868186
2.185134
1.059363
3.902251
1.935314
1.283885
1.875231
2.147187
2.333761
1.758226
1.808823
1.868906
1.672845
1.992235
4.351294
1.470459
1.015091
1.881555
1.163718
1.720279
1.423025
1.299696
2.080779
2.001722
1.426187
1.657033
3.870628
2.504524
2.991515
1.540029
1.182692
3.636619
1.533705
1.799336
4.297535
1.328157
1.065688
1.220639
1.043552
4.000281
1.963774
1.255424
7.130936
1.018253
1.056201
1.615924
4.740254
4.895206
3.307742
2.570932
2.963054
3.023137
2.308463
1.985910
2.469739
2.270515
1.479946
4.009768
2.242055
0.717837
1.056201
2.593068
1.808823
2.460252
1.312345
1.590626
3.358339
2.485550
1.505244
0.951846
1.034065
1.217477
1.849932
0.790569
2.384357
1.758226
2.665800
3.538589
1.609599
1.742415
1.694981
2.324274
2.280002
1.811985
1.274398
1.584301
1.056201
3.380475
3.064247
2.071292
1.805661
2.327436
1.321832
1.359779
1.872068
2.646826
3.718839
1.027740
1.147907
2.197783
1.141582
1.600112
2.017533
1.745577
1.770875
3.535426
2.039669
1.935314
1.173205
1.540029
1.065688
2.700585
1.793011
1.701305
1.204828
2.529822
0.632456
1.536867
1.034065
2.137700
1.359779
2.415980
1.116284
1.590626
2.147187
2.567769
1.252262
2.030182
2.004884
1.378753
1.676007
1.992235
2.770155
1.460972
1.413538
2.985190
1.249100
1.090986
2.605717
1.698143
0.879113
1.685494
1.540029
0.967657
0.942359
1.672845
4.041391
1.359779
2.302138
1.517893
1.644384
2.899809
0.888600
2.811265
2.662638
1.249100
1.375591
1.944801
3.630295
2.488713
1.549516
1.498920
2.181972
1.906853
2.273678
2.931431
2.362221
1.359779
2.314787
1.764551
1.154231
1.293372
1.138420
4.123610
1.650709
1.331319
1.385078
1.533705
1.147907
2.036507
3.203387
2.049156
1.881555
2.842888
1.375591
1.672845
1.789849
3.880115
1.226964
4.778202
1.919503
2.921945
4.307022
1.378753
3.358339
2.836563
1.767713
1.900529
5.309464
1.163718
4.809824
2.842888
2.561445
4.708631
1.429350
1.347130
1.593788
2.131375
1.834121
1.793011
2.624690
2.064967
1.062525
1.378753
2.570932
1.600112
1.995397
1.435674
3.029462
1.492595
1.751902
1.843608
1.160556
2.112401
2.441278
1.476784
2.950405
1.473621
1.770875
2.874510
2.061805
1.818310
2.833401
2.042831
1.758226
1.853095
1.201666
0.977144
1.230126
1.144745
2.529822
2.526660
1.015091
1.505244
1.173205
0.910736
2.466577
0.683052
1.726604
2.001722
1.903691
1.970099
1.451485
2.776480
0.996117
1.862582
1.590626
2.441278
3.753624
3.143304
2.729046
2.880835
1.226964
1.536867
0.939196
4.964776
1.106797
2.839725
2.561445
3.329878
3.174927
1.204828
2.245217
1.147907
2.314787
3.057922
2.514011
0.923385
1.176367
0.875951
3.023137
1.830959
1.049876
2.030182
1.128933
1.024578
6.169604
1.002442
1.400889
0.964495
3.560725
1.438836
1.347130
2.485550
2.485550
1.622248
1.612762
2.637340
1.574814
1.925827
4.566329
2.434954
2.871348
1.774038
5.062807
1.802498
1.334481
1.132095
1.037227
2.507686
2.172485
0.955008
2.144024
2.741695
8.914461
1.432512
1.277560
1.226964
1.764551
1.464135
1.100473
1.128933
1.122609
0.743135
5.714236
3.190738
1.830959
2.317950
3.228685
2.261029
4.066689
1.954288
0.936034
1.489433
1.925827
2.336923
4.142584
2.068130
2.159836
1.144745
1.078337
1.878393
0.980306
1.963774
1.527380
1.483108
1.397727
4.307022
2.482388
1.249100
3.630295
1.448323
1.416700
2.213594
2.090266
1.072012
2.940918
2.001722
2.238893
1.173205
1.388240
1.581139
2.646826
1.511569
1.103635
2.583581
3.367826
1.204828
1.691819
1.296534
2.027020
1.966937
1.075174
1.840446
1.533705
1.065688
2.150349
2.991515
3.174927
1.982748
1.676007
2.362221
2.564607
3.386799
1.271236
2.593068
1.324994
1.100473
1.799336
2.314787
1.160556
1.062525
3.187576
2.248379
1.011929
2.229406
2.795453
1.502082
0.702026
2.485550
2.131375
3.415260
2.713234
1.587463
2.156673
2.634177
3.816869
1.540029
1.306021
1.116284
2.096590
3.437396
2.735370
4.993236
1.660196
1.827796
1.255424
2.128213
1.606437
1.435674
0.917061
2.412818
1.767713
2.602555
1.375591
1.176367
2.665800
1.916340
1.957450
1.207990
4.458812
1.280722
1.426187
1.619086
2.994677
2.485550
2.080779
4.721281
2.276840
3.127493
1.875231
1.660196
1.198503
1.489433
1.891042
2.431792
1.966937
1.919503
1.707630
2.697423
3.203387
1.179530
1.881555
2.327436
1.701305
2.242055
1.394564
1.584301
1.375591
1.650709
3.168602
2.229406
1.176367
2.378033
1.666520
1.992235
1.397727
3.522777
1.391402
1.147907
1.460972
2.102915
1.245937
2.729046
2.245217
1.189016
1.502082
2.042831
1.761389
1.176367
1.451485
1.641222
1.928989
1.381915
3.238172
2.792291
1.299696
0.597670
1.062525
5.891323
1.302858
1.252262
4.136259
3.753624
1.090986
2.017533
2.978866
2.555120
1.160556
1.676007
3.383637
2.359059
0.910736
1.600112
0.942359
2.434954
4.272237
1.489433
1.770875
3.146466
1.090986
1.090986
1.982748
6.504805
3.725163
1.862582
1.220639
1.549516
2.270515
2.466577
1.596950
1.068850
1.116284
2.428629
2.280002
1.230126
1.429350
1.846770
1.302858
5.198784
1.144745
2.150349
4.771877
1.097310
1.963774
3.548076
2.444441
1.419863
1.170043
2.261029
0.863302
2.128213
1.710792
1.328157
2.359059
0.936034
3.080058
1.650709
0.913898
0.951846
1.144745
1.274398
1.530542
0.989793
1.498920
1.138420
1.011929
1.366104
2.181972
2.855537
1.182692
1.375591
1.789849
2.314787
2.264191
2.055480
1.796174
3.067409
1.925827
2.251542
1.865744
1.239613
4.180531
3.184414
0.834841
1.574814
1.612762
1.688656
3.073734
3.171764
2.365384
1.233288
1.046714
1.467297
1.979586
2.710072
5.919784
2.327436
2.482388
1.906853
2.393844
3.067409
1.318670
2.441278
2.068130
2.735370
1.287047
1.587463
1.337643
1.293372
2.460252
1.429350
2.115564
1.407214
1.068850
1.090986
1.660196
0.923385
4.680171
1.457810
2.434954
0.825354
1.552678
1.786687
2.327436
1.834121
1.075174
3.048436
1.324994
2.121888
1.274398
1.296534
2.526660
3.032624
1.875231
1.189016
2.140862
2.921945
1.552678
2.808103
1.426187
2.181972
2.001722
2.662638
1.201666
1.445161
1.189016
1.619086
1.577977
1.087824
2.001722
1.568490
4.265913
1.625411
1.315508
1.799336
2.545634
2.823914
1.818310
1.555841
1.770875
1.233288
1.615924
0.739973
1.476784
9.455210
2.298976
1.875231
1.932152
1.511569
1.650709
1.445161
3.206550
1.875231
2.004884
3.535426
5.138701
2.498199
1.862582
2.687936
1.391402
1.362942
1.505244
1.438836
2.378033
1.192179
1.875231
3.244497
2.131375
1.612762
1.698143
1.805661
1.324994
2.966216
1.941638
2.646826
1.846770
1.404051
1.742415
1.397727
1.562165
3.016813
0.831679
1.903691
2.365384
2.112401
1.451485
1.381915
2.605717
1.745577
2.235730
1.843608
3.661918
3.611321
0.575535
2.453927
0.961332
1.657033
2.634177
1.900529
3.579698
2.618366
1.780362
1.176367
2.748019
3.355177
1.457810
1.736090
1.280722
1.274398
1.084661
1.087824
1.925827
2.532984
3.412098
0.973982
2.808103
1.451485
2.608879
1.274398
2.058643
2.374871
2.577256
1.147907
3.083221
1.176367
5.217758
0.901249
2.090266
3.127493
2.849212
2.748019
2.080779
3.918062
2.308463
3.788409
1.679169
3.038949
0.917061
1.653871
1.179530
1.517893
2.646826
1.473621
2.814427
2.270515
4.433513
2.045994
2.216757
4.914179
3.908575
1.805661
1.334481
2.507686
2.602555
1.090986
1.053038
3.810545
1.770875
2.412818
2.118726
2.517173
1.492595
1.865744
4.073014
0.774758
2.305300
0.866464
2.004884
1.508406
1.596950
1.211152
2.213594
1.479946
1.293372
3.219199
1.445161
1.856257
3.440558
5.350574
2.766993
2.270515
1.590626
1.717117
1.536867
1.685494
0.936034
1.590626
3.029462
2.940918
2.653151
1.653871
0.809543
2.197783
1.802498
1.359779
1.938476
2.868186
4.313347
1.176367
2.865024
3.272957
1.574814
1.742415
1.868906
1.761389
1.277560
1.492595
1.290209
1.445161
2.058643
1.764551
0.970819
2.444441
0.961332
1.682332
1.533705
4.822473
1.932152
2.159836
2.188296
1.815147
1.571652
1.467297
1.821472
0.695701
1.445161
1.195341
0.923385
2.188296
1.717117
2.548796
1.457810
1.973261
0.958170
1.040389
1.366104
0.983468
1.242775
2.305300
1.511569
2.213594
1.388240
2.302138
1.195341
0.774758
3.143304
2.166160
1.236451
1.698143
4.718118
2.257866
2.593068
3.636619
2.608879
3.298256
2.125051
1.473621
1.451485
1.783525
2.593068
1.369266
1.182692
1.729766
1.995397
2.210432
1.748740
3.080058
3.823194
1.843608
3.769435
2.716397
0.875951
1.676007
3.959172
0.973982
2.823914
2.242055
1.008767
1.423025
1.600112
2.488713
2.374871
1.438836
2.963054
5.258868
1.040389
2.985190
1.995397
1.989073
1.416700
2.400169
1.385078
4.120448
2.577256
1.755064
1.138420
1.650709
0.961332
1.189016
1.736090
3.614483
2.523498
1.830959
2.703747
0.973982
1.470459
2.596230
1.827796
1.846770
2.444441
3.737812
1.587463
1.268073
1.375591
1.176367
1.426187
3.665080
2.273678
0.860140
0.853815
1.271236
3.336203
1.571652
2.586743
2.001722
2.061805
1.615924
4.123610
2.099752
1.438836
2.476063
1.660196
3.794733
1.445161
1.147907
2.469739
1.277560
2.298976
1.441999
0.825354
1.220639
1.552678
1.691819
1.448323
1.881555
1.530542
2.254704
1.875231
1.774038
1.359779
1.249100
1.992235
1.549516
2.014371
2.216757
1.881555
5.439118
1.198503
1.109959
1.492595
2.210432
1.565327
1.072012
0.863302
1.979586
1.533705
5.426468
2.830239
0.992955
2.042831
1.302858
0.910736
2.324274
2.969379
1.856257
2.561445
2.001722
1.230126
1.998559
1.913178
6.090547
1.362942
0.989793
2.004884
2.083941
1.106797
4.591627
2.276840
4.493597
0.698863
1.549516
1.385078
4.208992
4.129935
2.292651
1.897367
4.544193
1.426187
1.211152
2.390682
1.135258
2.883997
1.894204
1.957450
2.532984
1.562165
1.704468
3.835843
1.445161
3.244497
0.882275
1.132095
1.090986
2.200945
1.334481
1.938476
2.665800
1.128933
2.004884
1.906853
1.410376
1.274398
0.964495
2.833401
4.095150
1.271236
1.049876
3.333041
2.261029
1.938476
2.109239
4.645386
1.423025
0.793732
1.185854
1.264911
2.286327
2.058643
1.805661
3.876952
2.216757
1.571652
1.615924
1.005604
1.179530
0.752622
1.429350
1.758226
1.046714
1.789849
1.157394
1.065688
1.811985
1.906853
4.171044
1.900529
1.824634
3.674567
1.290209
1.334481
1.337643
1.400889
1.094148
1.701305
0.850653
2.646826
4.246939
4.114123
2.248379
4.009768
2.008046
3.045273
1.796174
1.324994
2.080779
1.249100
2.352735
1.739253
1.492595
1.391402
1.957450
1.761389
1.821472
3.453207
0.866464
3.253984
1.524218
0.913898
0.898087
3.703027
2.257866
1.707630
1.005604
1.249100
2.242055
3.118006
1.774038
1.128933
1.192179
3.323554
2.134537
1.821472
1.859419
3.816869
2.216757
1.492595
1.315508
3.181251
2.577256
2.336923
3.073734
1.793011
1.701305
1.868906
2.378033
1.144745
2.488713
1.214315
1.043552
1.865744
1.910016
2.042831
1.078337
4.088825
1.103635
2.008046
4.904693
2.874510
1.894204
1.441999
1.856257
1.419863
1.312345
1.018253
3.118006
1.805661
1.577977
1.989073
1.413538
1.359779
4.443000
1.217477
1.571652
0.866464
1.166880
2.204108
1.318670
1.755064
1.571652
0.970819
1.780362
1.315508
0.879113
1.151069
2.131375
3.851654
2.188296
1.824634
2.551958
2.336923
4.439838
2.463414
2.172485
3.649268
4.895206
1.445161
1.944801
2.710072
1.742415
2.817589
1.644384
2.020695
1.008767
2.944081
1.391402
1.122609
1.793011
1.483108
1.223801
1.663358
1.546354
2.087103
1.290209
1.666520
1.318670
1.128933
1.732928
1.274398
1.625411
2.172485
2.479226
1.628573
2.270515
1.897367
1.657033
1.770875
2.532984
5.802780
1.113122
1.498920
1.865744
1.302858
1.546354
1.416700
1.078337
1.802498
1.185854
2.906133
1.808823
1.631735
1.615924
2.109239
1.770875
1.318670
1.736090
1.223801
1.002442
2.343248
1.562165
2.001722
1.324994
1.916340
3.997119
1.615924
1.966937
3.266633
2.482388
2.836563
1.299696
1.751902
1.138420
2.020695
1.704468
1.669683
3.497479
3.291931
2.710072
1.189016
1.122609
4.351294
2.504524
3.446883
1.989073
1.713954
1.634898
2.811265
1.859419
1.881555
5.872350
4.907855
1.381915
3.415260
1.552678
1.306021
0.736811
1.416700
2.517173
1.593788
2.153511
1.568490
2.314787
2.276840
1.198503
4.787688
1.710792
5.252543
2.577256
1.170043
2.185134
2.694261
1.356617
1.761389
3.788409
2.213594
1.612762
1.549516
1.400889
1.179530
1.090986
0.977144
0.828517
0.942359
4.610601
1.432512
2.371708
2.748019
1.182692
0.992955
2.808103
1.476784
0.825354
1.884717
1.600112
2.668962
2.937756
1.185854
3.595510
1.963774
1.517893
2.216757
1.125771
2.918782
3.057922
1.423025
0.999280
2.514011
1.116284
3.288769
2.460252
2.235730
1.290209
1.653871
2.175647
2.691098
1.015091
1.312345
1.264911
1.517893
2.058643
2.460252
1.970099
1.369266
0.888600
1.865744
1.249100
1.970099
1.072012
1.913178
1.849932
1.799336
2.406493
1.941638
3.307742
2.264191
2.536147
2.757506
1.242775
1.343968
1.802498
1.040389
2.507686
1.413538
1.315508
2.254704
1.245937
4.066689
3.048436
3.263471
0.834841
2.744857
1.653871
1.676007
1.492595
2.327436
2.321112
1.878393
1.584301
1.701305
2.080779
2.985190
2.649989
1.027740
2.292651
1.483108
1.619086
1.897367
1.748740
1.679169
3.633457
1.002442
2.333761
0.913898
2.618366
2.915620
1.258587
0.806381
2.314787
1.745577
9.142145
1.694981
4.047715
1.318670
1.555841
1.574814
1.163718
2.495037
1.173205
2.352735
4.917342
2.662638
1.416700
1.299696
1.040389
1.685494
0.898087
1.078337
4.164720
1.223801
4.841447
3.291931
1.729766
4.721281
1.394564
1.391402
4.765552
2.150349
1.596950
1.217477
2.261029
2.261029
1.698143
1.182692
2.830239
3.374150
1.302858
3.010488
0.926547
2.295814
1.789849
1.947963
2.959892
2.068130
4.762390
2.608879
1.378753
2.852374
2.371708
1.957450
2.004884
3.586023
2.267353
2.419142
1.347130
1.672845
2.017533
1.897367
2.400169
1.362942
1.385078
0.989793
2.694261
1.400889
3.216036
1.970099
2.808103
1.242775
2.017533
1.536867
2.985190
3.627132
2.343248
0.844328
1.226964
2.722721
1.808823
1.660196
2.229406
1.274398
1.739253
0.936034
1.220639
3.899088
3.481668
3.307742
2.137700
1.761389
2.172485
1.204828
1.710792
0.923385
2.033345
1.220639
4.670684
3.298256
2.321112
1.125771
1.334481
4.873070
2.868186
4.436676
2.128213
1.343968
1.840446
2.359059
1.508406
3.592347
1.596950
1.182692
1.862582
2.668962
1.204828
1.483108
2.501362
1.438836
1.600112
1.777200
1.853095
2.517173
1.745577
0.888600
3.181251
1.144745
1.641222
2.276840
3.883277
1.211152
1.834121
2.027020
1.460972
2.317950
1.767713
1.818310
1.925827
1.404051
4.057202
2.491875
1.536867
2.137700
1.815147
3.484830
1.761389
2.273678
2.833401
0.955008
1.030903
2.327436
2.134537
4.661197
1.293372
1.334481
1.018253
0.578697
8.070133
1.388240
2.204108
1.078337
1.830959
1.622248
1.460972
1.293372
1.274398
2.441278
2.931431
1.476784
1.407214
1.065688
1.603275
1.568490
1.717117
1.160556
1.910016
2.238893
2.261029
1.138420
4.344970
3.048436
6.719840
1.154231
2.283164
3.592347
1.960612
1.498920
1.631735
2.213594
1.555841
1.780362
2.295814
1.170043
3.601834
2.634177
1.306021
1.245937
2.940918
1.226964
2.099752
3.614483
2.406493
4.218478
3.118006
3.791571
1.511569
2.191458
3.396286
1.410376
1.372429
1.682332
1.894204
1.353455
2.289489
0.847490
2.257866
2.706910
0.999280
1.767713
4.695982
1.837283
6.286608
2.001722
1.258587
2.036507
1.710792
1.533705
3.253984
0.920223
2.181972
2.150349
2.134537
2.207270
1.935314
1.426187
1.309183
1.324994
1.302858
1.141582
2.466577
1.780362
1.660196
1.397727
0.888600
2.144024
1.166880
2.438116
1.423025
1.321832
2.507686
1.416700
1.584301
1.226964
2.899809
2.536147
2.574094
2.925107
1.037227
1.511569
1.549516
1.609599
2.042831
0.999280
3.567049
2.008046
2.852374
2.744857
1.426187
1.182692
1.587463
1.283885
1.834121
2.125051
3.778922
0.743135
1.691819
2.118726
5.692100
3.127493
3.095870
0.920223
1.483108
1.824634
6.776761
0.945521
2.210432
2.359059
4.196342
2.061805
2.213594
1.631735
1.309183
1.925827
1.277560
1.407214
3.946523
1.536867
0.958170
1.106797
1.347130
1.982748
1.065688
2.833401
2.327436
2.102915
0.913898
3.712514
1.207990
1.347130
1.404051
2.077616
1.049876
1.906853
1.347130
1.397727
1.653871
1.992235
1.239613
2.672125
3.238172
2.485550
1.606437
0.967657
1.609599
2.292651
4.082500
2.017533
1.498920
2.450765
2.321112
1.296534
1.366104
2.994677
1.084661
1.774038
0.822192
3.421584
1.783525
4.518895
1.887880
1.366104
1.900529
2.011209
0.777920
1.334481
2.491875
3.377313
1.979586
3.453207
2.036507
2.536147
1.891042
1.258587
3.370988
1.745577
2.602555
1.625411
4.967938
0.898087
2.988352
3.690378
1.685494
1.916340
1.527380
2.254704
1.644384
3.851654
1.514731
2.333761
4.003444
2.314787
1.008767
1.211152
3.497479
0.986631
3.209712
1.128933
1.378753
6.327718
1.078337
1.641222
2.204108
2.074454
1.189016
1.552678
4.322834
1.018253
1.435674
1.419863
3.212874
1.521056
1.679169
1.916340
2.526660
2.760668
2.090266
2.969379
2.846050
1.192179
2.042831
3.032624
4.797175
2.352735
1.435674
0.841166
3.665080
1.321832
1.268073
2.140862
2.982028
1.973261
2.532984
1.492595
3.595510
1.903691
1.024578
1.742415
0.856977
1.736090
1.682332
0.822192
1.166880
2.719559
1.236451
1.464135
1.546354
2.415980
2.419142
2.226243
1.226964
4.174207
2.675287
0.929710
1.271236
1.739253
3.178089
2.928269
1.849932
1.163718
1.056201
2.166160
1.046714
2.159836
3.427909
1.701305
1.521056
1.894204
2.491875
1.713954
1.638060
1.881555
1.492595
2.197783
0.692539
1.565327
2.931431
1.068850
2.419142
2.188296
0.989793
2.014371
1.404051
2.115564
2.008046
1.976424
1.891042
1.189016
1.780362
1.236451
2.909295
1.669683
0.983468
2.298976
1.264911
1.195341
2.023858
1.204828
1.366104
1.524218
3.257146
2.008046
1.182692
1.416700
0.917061
3.241335
1.505244
2.387520
2.378033
1.868906
1.517893
1.521056
1.868906
1.362942
1.467297
1.568490
3.434234
1.799336
2.137700
3.801058
3.791571
2.485550
3.038949
1.894204
2.634177
3.257146
1.084661
1.223801
2.899809
0.819030
2.144024
2.144024
1.407214
1.521056
1.786687
2.504524
3.099032
1.824634
1.628573
2.374871
1.144745
2.558283
1.717117
2.200945
1.517893
0.793732
1.072012
1.068850
3.263471
1.264911
4.000281
2.298976
2.665800
0.939196
2.804940
1.856257
0.961332
1.037227
0.967657
4.601114
1.090986
1.913178
1.024578
2.144024
1.524218
1.337643
1.268073
0.879113
1.897367
1.242775
2.643664
0.894925
1.837283
1.502082
1.502082
0.809543
0.803219
1.147907
3.143304
2.242055
1.682332
1.615924
1.321832
4.307022
2.453927
4.038229
2.090266
4.882557
1.976424
1.603275
1.559003
1.391402
1.454648
1.840446
1.685494
1.514731
1.473621
1.739253
0.822192
1.062525
1.495757
1.426187
2.779642
2.678449
1.147907
1.125771
4.196342
1.593788
2.219919
1.407214
1.521056
2.526660
1.040389
1.571652
2.710072
1.786687
2.846050
2.204108
1.160556
1.037227
3.152791
1.441999
1.255424
2.457090
3.269795
1.995397
2.235730
1.669683
0.891762
2.567769
2.912458
2.058643
1.024578
1.429350
1.147907
1.065688
1.018253
1.236451
2.049156
2.039669
3.272957
1.264911
1.808823
3.750461
2.719559
3.601834
1.644384
3.861141
2.378033
2.529822
1.024578
2.915620
2.083941
2.238893
2.248379
1.837283
5.170324
2.706910
2.921945
3.930711
1.271236
1.533705
2.545634
1.473621
1.691819
2.071292
2.754344
1.928989
2.292651
1.432512
2.697423
1.805661
1.065688
1.938476
1.919503
1.185854
1.264911
1.811985
1.356617
1.280722
2.542471
1.751902
1.710792
1.065688
5.062807
1.660196
1.884717
1.479946
1.457810
1.720279
1.467297
2.792291
1.932152
1.394564
1.989073
1.460972
2.378033
1.192179
2.779642
0.866464
4.487272
2.257866
0.882275
4.060365
0.790569
3.870628
3.048436
3.111681
3.193900
0.964495
1.881555
2.058643
3.548076
1.660196
1.600112
1.362942
4.060365
1.603275
2.058643
4.433513
1.723441
1.087824
1.223801
1.163718
4.237452
1.660196
1.359779
2.150349
2.197783
2.333761
1.347130
3.130655
1.397727
0.996117
1.732928
1.454648
1.185854
5.132377
1.103635
0.980306
1.223801
2.808103
1.761389
2.605717
4.133097
1.043552
1.976424
2.877673
2.548796
1.998559
2.460252
1.634898
1.698143
2.061805
1.027740
0.942359
0.790569
0.929710
3.807382
1.761389
1.527380
2.479226
1.511569
2.586743
1.157394
2.216757
2.261029
1.204828
3.595510
1.350293
1.476784
1.631735
1.302858
0.910736
1.027740
2.827076
1.375591
1.312345
4.066689
3.510128
3.655593
2.213594
0.771596
2.403331
1.157394
2.251542
1.856257
2.972541
1.758226
1.385078
1.492595
0.942359
1.400889
1.498920
1.404051
2.466577
2.011209
1.517893
2.874510
2.093428
3.475343
3.190738
1.441999
1.647547
1.283885
2.940918
1.451485
1.517893
0.996117
1.037227
2.627853
1.540029
1.008767
1.416700
3.102194
1.559003
2.846050
1.691819
1.947963
2.106077
1.815147
2.080779
2.027020
2.808103
1.498920
4.401891
0.806381
1.739253
1.125771
1.745577
1.018253
2.261029
2.412818
2.302138
2.570932
3.279282
1.128933
1.789849
1.097310
1.973261
2.725883
1.207990
1.141582
2.529822
1.919503
2.795453
3.740974
1.075174
2.207270
1.559003
1.555841
3.475343
1.802498
1.875231
1.492595
1.830959
1.552678
2.008046
1.663358
2.093428
2.801778
0.781083
1.786687
2.561445
1.141582
1.745577
2.359059
1.214315
1.211152
5.031184
1.793011
1.615924
2.580419
1.097310
1.097310
1.290209
1.426187
3.576536
1.340806
1.805661
1.166880
1.040389
3.769435
1.230126
1.090986
2.352735
1.233288
1.283885
1.116284
2.846050
0.879113
4.635899
2.896646
2.330599
2.283164
1.565327
3.715676
3.927549
1.982748
1.084661
1.916340
2.548796
1.868906
5.078618
3.535426
2.450765
2.001722
1.571652
1.056201
1.540029
5.432793
1.868906
1.407214
1.638060
1.514731
2.245217
3.263471
3.418422
1.195341
1.011929
2.422305
1.505244
3.491155
0.863302
3.978145
1.691819
1.473621
2.074454
1.758226
2.109239
2.242055
0.904411
1.587463
1.324994
2.406493
1.211152
2.267353
3.712514
2.906133
1.951125
1.802498
1.072012
1.555841
2.694261
1.277560
3.497479
1.056201
2.121888
1.147907
2.102915
2.852374
1.742415
4.110961
0.901249
1.445161
1.438836
2.631015
1.963774
1.764551
2.049156
2.298976
1.192179
2.355897
0.796894
1.910016
1.808823
2.289489
1.331319
1.176367
2.551958
0.999280
1.799336
1.486271
2.795453
1.887880
2.523498
1.340806
1.464135
1.508406
1.340806
1.770875
1.666520
1.090986
1.846770
2.501362
2.156673
3.171764
1.394564
0.980306
1.473621
1.660196
1.736090
1.935314
3.235010
2.621528
2.748019
1.789849
3.329878
1.767713
2.580419
1.350293
0.838004
2.197783
1.151069
2.593068
2.871348
1.641222
3.178089
1.454648
0.600833
1.072012
0.996117
2.144024
1.723441
3.712514
1.638060
1.732928
0.822192
2.517173
0.803219
2.431792
1.328157
1.657033
2.121888
2.776480
0.790569
1.584301
1.400889
2.406493
1.641222
5.543473
2.216757
1.008767
1.995397
2.352735
3.168602
1.992235
3.114843
0.970819
2.428629
2.444441
2.204108
2.083941
2.242055
2.352735
2.548796
3.035787
2.501362
3.415260
1.562165
2.719559
1.343968
2.921945
1.815147
1.739253
2.023858
1.932152
4.768715
1.372429
2.308463
1.283885
1.157394
1.324994
1.287047
1.204828
2.751182
1.805661
1.524218
2.071292
2.324274
3.326716
1.638060
3.652431
4.398728
1.998559
4.670684
1.185854
1.913178
0.863302
1.982748
1.306021
3.231848
1.954288
2.368546
2.523498
2.890322
2.653151
1.615924
1.372429
0.967657
1.296534
2.128213
6.533266
1.707630
1.555841
3.231848
2.476063
3.054760
2.751182
2.510848
5.227245
1.878393
1.837283
3.162278
2.036507
1.932152
1.581139
1.081499
1.982748
2.415980
2.371708
1.625411
1.913178
1.166880
0.765271
2.381195
0.901249
0.698863
1.015091
1.299696
0.806381
1.698143
1.982748
1.536867
1.853095
1.922665
2.162998
2.017533
2.944081
1.226964
1.217477
1.641222
1.290209
2.558283
1.606437
1.713954
1.318670
1.701305
2.257866
3.522777
1.710792
1.571652
1.698143
1.552678
2.014371
1.255424
2.017533
2.409656
0.695701
4.009768
1.043552
1.030903
1.128933
2.890322
1.144745
1.859419
1.979586
1.287047
1.944801
1.353455
0.970819
2.434954
3.918062
2.270515
1.524218
3.424747
2.036507
1.271236
0.964495
1.739253
2.090266
1.268073
2.577256
1.432512
1.559003
1.315508
1.932152
2.937756
4.664360
3.589185
0.920223
3.431071
1.008767
3.614483
1.217477
2.336923
1.755064
0.730486
2.574094
1.277560
2.261029
2.491875
1.732928
3.067409
3.288769
2.479226
1.875231
3.680891
1.881555
2.011209
1.394564
1.808823
1.356617
1.536867
1.233288
3.775760
5.720560
1.694981
1.989073
1.223801
1.982748
2.422305
1.502082
1.274398
1.255424
1.846770
0.907574
1.859419
3.782084
3.551238
1.688656
1.277560
2.327436
2.058643
1.521056
4.417702
1.005604
2.501362
2.125051
1.441999
0.777920
1.144745
6.156955
5.682613
1.524218
1.030903
1.789849
1.638060
1.698143
1.176367
2.621528
1.486271
2.966216
1.577977
2.830239
1.214315
1.097310
2.033345
2.096590
1.002442
1.796174
1.546354
1.230126
0.929710
2.118726
1.353455
2.393844
4.446162
1.179530
1.546354
1.536867
1.698143
1.388240
0.989793
1.394564
1.283885
1.024578
1.438836
3.993957
1.147907
4.028742
1.717117
0.863302
0.645105
1.887880
1.299696
1.894204
3.487992
4.398728
1.913178
1.720279
1.426187
1.498920
1.030903
3.788409
1.315508
0.898087
2.229406
1.666520
1.435674
3.092708
1.650709
1.546354
1.732928
1.808823
1.473621
1.698143
1.739253
1.887880
3.118006
3.551238
2.121888
1.574814
3.073734
1.268073
1.508406
2.890322
1.119446
2.118726
2.276840
2.150349
2.042831
2.662638
1.135258
1.584301
1.805661
2.147187
1.821472
2.681611
2.039669
2.542471
2.808103
0.800056
1.511569
2.479226
2.343248
2.280002
1.574814
1.116284
1.274398
1.540029
2.988352
2.210432
1.619086
2.355897
2.643664
2.197783
2.219919
1.362942
1.451485
1.894204
1.075174
2.324274
2.551958
1.498920
1.268073
1.650709
1.767713
0.920223
1.356617
0.907574
3.876952
1.657033
1.837283
4.316509
2.121888
5.186135
1.116284
1.201666
1.549516
1.796174
2.694261
1.783525
2.719559
1.808823
1.460972
1.799336
2.068130
2.966216
3.589185
1.109959
1.144745
1.704468
2.365384
1.179530
1.679169
3.282444
0.828517
1.843608
0.844328
5.230407
0.847490
4.123610
1.312345
1.211152
1.691819
2.099752
2.523498
2.814427
1.236451
2.074454
3.835843
2.096590
0.951846
2.210432
1.862582
1.426187
1.891042
1.343968
3.310905
2.317950
2.760668
0.951846
1.764551
0.879113
5.277841
1.600112
2.245217
2.792291
1.641222
3.592347
1.891042
2.093428
1.843608
3.171764
2.602555
0.815868
1.264911
2.615204
2.280002
2.934594
1.985910
1.559003
6.950686
2.352735
2.649989
1.663358
1.144745
1.514731
2.270515
0.834841
2.766993
1.182692
1.802498
2.833401
1.919503
2.827076
1.571652
1.919503
3.753624
1.207990
1.644384
1.040389
1.119446
0.856977
1.245937
1.011929
1.555841
1.331319
0.882275
2.675287
1.603275
2.257866
1.707630
2.668962
2.532984
1.021416
4.370268
0.850653
1.669683
1.242775
3.026300
3.402611
4.778202
1.628573
1.543191
1.056201
1.751902
2.830239
1.811985
1.457810
1.356617
1.849932
1.938476
1.701305
2.602555
2.944081
1.296534
1.309183
2.068130
5.075456
1.669683
1.903691
3.747299
3.709352
2.925107
0.844328
3.446883
0.641942
0.638780
1.872068
1.179530
2.412818
1.034065
1.141582
1.793011
1.780362
2.273678
1.837283
0.819030
3.314067
1.388240
2.551958
2.637340
1.441999
0.882275
5.037508
0.727324
2.830239
1.824634
3.712514
2.071292
1.903691
2.235730
3.048436
1.957450
1.669683
1.536867
2.169322
2.197783
1.258587
3.456369
2.055480
1.217477
2.159836
1.454648
3.889602
1.796174
5.413819
1.600112
3.759948
3.443720
1.034065
4.212154
1.353455
0.992955
1.587463
1.154231
2.162998
1.204828
1.075174
5.088105
1.489433
1.941638
1.593788
1.195341
3.506966
2.001722
1.464135
0.809543
1.404051
1.947963
2.400169
1.195341
1.615924
1.163718
1.299696
0.869626
1.786687
1.176367
2.393844
2.491875
1.021416
1.887880
1.312345
1.068850
3.171764
2.121888
1.998559
2.049156
2.868186
1.663358
4.515732
0.980306
1.239613
2.061805
1.252262
5.122890
2.618366
1.748740
0.803219
5.439118
3.598672
2.460252
1.457810
1.034065
2.156673
1.587463
1.638060
1.302858
1.277560
2.665800
2.042831
2.311625
2.023858
1.407214
1.628573
1.906853
1.030903
2.830239
2.441278
1.407214
1.793011
3.260308
1.530542
4.812987
2.972541
2.770155
1.606437
1.495757
2.634177
1.960612
1.258587
1.324994
3.035787
1.941638
2.333761
2.292651
3.396286
1.596950
3.487992
3.121168
1.862582
1.154231
3.045273
3.314067
1.543191
0.815868
1.306021
1.230126
1.211152
2.159836
1.416700
1.362942
1.540029
2.264191
0.872789
1.517893
2.020695
1.748740
0.841166
2.397006
3.611321
1.100473
2.340085
3.876952
2.004884
1.653871
1.258587
3.061085
1.293372
2.295814
1.407214
2.191458
2.204108
1.220639
1.441999
0.806381
2.684774
1.460972
1.679169
1.521056
2.008046
1.982748
1.381915
4.161557
2.381195
0.863302
2.403331
2.899809
1.859419
0.986631
0.910736
4.496759
1.100473
1.024578
1.951125
0.904411
1.995397
1.676007
1.755064
1.223801
3.538589
0.923385
4.433513
0.917061
2.362221
3.352014
1.195341
0.920223
1.315508
2.498199
1.938476
3.971821
1.666520
6.311906
3.740974
1.568490
2.539309
2.346410
1.698143
2.254704
2.460252
1.713954
1.938476
0.793732
0.841166
1.638060
1.979586
2.495037
2.694261
1.786687
3.756786
2.121888
4.939478
1.483108
1.676007
1.109959
0.784245
1.062525
1.416700
2.510848
1.881555
2.008046
1.552678
4.926829
2.716397
1.979586
2.001722
0.860140
2.839725
2.352735
1.502082
1.559003
1.192179
1.944801
1.479946
3.228685
0.784245
1.359779
0.793732
2.039669
1.508406
2.871348
2.314787
2.637340
1.761389
1.786687
6.621809
1.426187
1.887880
1.638060
2.760668
2.744857
1.843608
3.861141
1.606437
1.040389
1.264911
2.055480
2.362221
3.956009
2.125051
2.393844
1.350293
1.976424
1.467297
4.016093
2.125051
2.656313
1.679169
2.080779
1.467297
1.147907
1.097310
2.052318
2.327436
2.381195
1.960612
1.166880
1.015091
2.077616
2.055480
2.703747
1.903691
2.080779
3.595510
2.257866
1.407214
1.707630
1.511569
2.188296
1.331319
3.016813
4.879394
2.514011
1.590626
1.846770
1.935314
0.885438
2.621528
1.053038
0.645105
4.866745
2.336923
1.777200
1.789849
1.821472
3.873790
1.726604
1.720279
1.849932
1.119446
1.862582
1.372429
1.268073
0.891762
3.617646
2.289489
1.789849
3.143304
1.552678
4.303860
0.894925
1.622248
4.702307
1.581139
3.269795
3.728325
2.789129
2.156673
3.443720
0.977144
0.996117
1.913178
1.081499
1.359779
1.397727
1.530542
2.450765
1.109959
3.484830
1.713954
0.936034
1.340806
2.162998
2.093428
1.505244
1.745577
1.853095
2.627853
0.964495
0.838004
2.102915
4.300698
2.934594
2.162998
1.337643
1.679169
1.318670
1.236451
2.931431
2.235730
1.552678
1.381915
1.090986
2.099752
1.840446
1.508406
2.045994
2.030182
3.152791
1.644384
1.922665
1.685494
1.786687
2.027020
2.577256
1.207990
1.460972
1.872068
3.595510
2.140862
3.247659
2.808103
1.337643
2.159836
1.663358
1.657033
1.628573
1.252262
2.226243
1.666520
2.118726
0.992955
2.232568
1.549516
2.355897
2.068130
2.741695
2.643664
2.865024
1.622248
1.947963
1.489433
1.900529
1.653871
0.992955
1.521056
1.479946
1.707630
2.074454
1.872068
2.397006
1.249100
1.280722
2.068130
1.726604
2.134537
1.438836
4.465136
4.224803
1.394564
1.479946
2.153511
1.109959
1.802498
2.289489
1.672845
2.371708
2.583581
1.944801
1.919503
4.319671
1.125771
1.786687
5.970380
2.283164
2.589905
1.533705
1.552678
1.565327
2.175647
0.945521
2.744857
1.840446
0.999280
1.258587
3.304580
2.757506
1.685494
1.366104
0.973982
0.875951
3.310905
3.668242
2.030182
1.502082
1.511569
3.810545
1.476784
1.075174
1.293372
2.526660
2.700585
2.080779
2.115564
1.296534
2.232568
2.248379
1.053038
2.501362
1.479946
1.834121
1.394564
1.473621
1.296534
3.952847
1.486271
2.071292
1.280722
2.510848
0.790569
3.291931
3.070572
1.761389
3.105357
2.147187
1.324994
2.975703
2.242055
1.976424
3.323554
1.830959
1.932152
2.125051
1.552678
1.761389
1.252262
2.286327
1.555841
3.801058
1.834121
1.641222
1.290209
1.612762
2.058643
1.913178
1.094148
1.274398
1.887880
1.404051
1.536867
2.846050
1.546354
1.343968
2.643664
0.891762
2.083941
1.859419
2.039669
1.419863
2.504524
0.879113
1.290209
2.662638
1.008767
1.653871
1.903691
2.112401
2.725883
4.231128
1.293372
2.270515
1.694981
1.638060
1.302858
1.995397
1.827796
3.393124
3.785246
2.836563
3.690378
1.767713
0.790569
2.014371
1.084661
0.996117
2.042831
3.560725
1.479946
1.685494
1.713954
0.727324
2.495037
1.435674
1.669683
2.842888
1.233288
1.309183
3.190738
1.622248
3.421584
4.424026
1.394564
1.524218
3.089545
0.863302
2.352735
1.410376
2.982028
1.884717
1.770875
1.476784
1.252262
4.139421
0.724162
1.049876
1.559003
2.292651
2.327436
5.448604
3.816869
1.982748
1.362942
3.804220
2.378033
6.577538
1.581139
2.115564
1.277560
1.568490
1.568490
1.587463
1.207990
1.596950
4.288049
2.744857
2.020695
1.306021
1.287047
1.799336
1.799336
2.058643
3.244497
1.748740
0.964495
2.311625
2.779642
4.006606
1.094148
1.018253
4.079338
2.646826
0.999280
1.900529
1.385078
1.476784
1.881555
1.315508
2.678449
1.872068
1.502082
2.055480
2.014371
2.049156
2.978866
2.023858
1.410376
0.929710
2.191458
1.087824
2.147187
2.336923
1.647547
2.381195
1.454648
1.530542
3.272957
3.118006
2.061805
1.821472
1.438836
1.385078
1.204828
3.380475
1.783525
1.356617
2.551958
3.450045
3.067409
2.618366
0.936034
2.596230
2.678449
3.250821
1.362942
3.924387
2.346410
1.720279
2.112401
1.479946
1.302858
2.883997
1.559003
1.043552
1.239613
3.415260
2.074454
0.910736
2.096590
1.287047
1.600112
1.903691
1.347130
1.489433
3.095870
1.824634
1.884717
1.774038
1.562165
2.631015
1.144745
3.124330
5.046995
2.434954
2.036507
1.808823
0.720999
1.195341
2.052318
1.644384
1.226964
1.445161
1.116284
1.230126
2.071292
3.076896
1.710792
1.138420
1.976424
1.204828
1.287047
1.261749
2.833401
1.299696
2.273678
2.112401
2.570932
1.132095
1.059363
2.068130
1.774038
1.935314
1.309183
1.362942
1.271236
1.660196
1.947963
1.027740
1.546354
0.891762
1.423025
0.996117
2.305300
2.387520
2.280002
2.447603
1.008767
1.565327
1.034065
0.768433
2.766993
0.936034
3.500641
1.590626
3.873790
1.034065
2.197783
1.217477
1.245937
2.713234
2.349572
3.342527
1.498920
0.705188
5.992516
6.175928
2.090266
2.773318
2.140862
1.324994
1.454648
2.801778
2.612041
2.004884
1.672845
1.271236
1.634898
2.004884
3.699865
2.615204
1.068850
1.445161
1.195341
0.894925
2.042831
1.622248
2.460252
1.849932
1.701305
1.334481
1.647547
1.416700
2.219919
3.642944
2.014371
2.102915
3.383637
1.720279
1.423025
1.388240
3.848492
1.290209
3.019975
2.204108
1.609599
2.909295
2.678449
1.201666
1.053038
1.941638
2.235730
1.306021
1.211152
2.121888
6.324555
4.107799
0.784245
2.691098
3.415260
2.147187
1.815147
1.495757
0.724162
2.251542
2.248379
2.289489
1.780362
5.163999
1.609599
1.606437
2.770155
1.767713
1.407214
1.954288
1.777200
2.368546
2.153511
3.007326
1.682332
1.786687
4.424026
1.438836
1.622248
0.762109
1.577977
3.301418
4.838285
3.133817
1.410376
2.068130
1.536867
2.346410
5.056482
2.020695
0.879113
1.214315
3.048436
1.388240
1.404051
1.925827
1.179530
1.701305
1.290209
0.973982
2.378033
2.890322
1.397727
2.144024
2.210432
1.565327
1.204828
1.625411
1.584301
2.194621
2.397006
2.039669
2.959892
2.997839
2.045994
1.891042
1.157394
3.801058
6.349854
1.201666
1.451485
1.160556
2.766993
1.565327
3.004164
1.211152
2.748019
2.210432
1.211152
1.432512
0.724162
1.207990
1.479946
3.323554
4.363943
1.476784
1.894204
4.616925
4.221641
1.527380
1.761389
1.347130
0.913898
1.226964
1.109959
1.891042
1.966937
1.426187
2.257866
2.058643
1.600112
1.783525
1.808823
2.422305
1.932152
3.124330
1.517893
0.942359
2.172485
3.801058
1.973261
2.735370
1.767713
4.155233
2.008046
1.287047
2.384357
1.612762
4.269075
7.507247
2.735370
1.084661
0.894925
1.872068
0.898087
2.087103
1.853095
1.517893
1.394564
1.483108
3.336203
2.008046
1.995397
2.514011
0.888600
0.847490
1.571652
0.812705
1.849932
2.434954
1.916340
0.929710
1.223801
3.750461
1.641222
0.670403
2.991515
3.035787
2.482388
4.307022
2.371708
1.657033
1.084661
2.906133
1.577977
2.280002
1.432512
2.185134
3.048436
1.179530
1.261749
1.881555
2.131375
0.866464
2.871348
1.951125
2.118726
1.008767
1.789849
4.057202
1.464135
2.204108
2.855537
0.970819
1.467297
1.989073
3.899088
4.585303
1.521056
2.036507
0.926547
2.501362
1.856257
1.072012
2.295814
2.020695
1.464135
2.001722
1.600112
3.197063
2.763831
1.824634
1.641222
3.709352
1.135258
1.315508
2.080779
1.938476
1.277560
0.973982
1.726604
3.608159
1.138420
1.732928
2.406493
1.027740
1.404051
1.242775
1.182692
3.314067
2.893484
1.479946
2.902971
2.147187
1.125771
1.366104
1.053038
1.207990
1.805661
1.748740
3.045273
3.178089
1.356617
2.488713
1.457810
1.343968
2.397006
2.428629
1.132095
3.244497
1.214315
2.969379
1.429350
5.603556
2.150349
3.633457
1.359779
3.219199
2.298976
2.254704
2.033345
1.947963
1.745577
2.045994
2.175647
1.394564
2.612041
4.667522
2.520335
2.102915
0.762109
1.381915
2.406493
1.625411
2.839725
1.701305
1.657033
1.856257
0.999280
2.785967
3.016813
2.441278
2.732208
1.938476
3.089545
4.000281
2.302138
0.964495
1.128933
1.280722
7.045555
1.283885
1.189016
3.238172
2.340085
2.359059
2.596230
0.787407
3.731488
1.498920
2.314787
2.109239
3.598672
1.312345
1.764551
2.027020
3.133817
2.792291
2.725883
2.393844
1.170043
1.517893
1.774038
1.359779
1.736090
2.934594
1.492595
0.955008
1.381915
1.631735
3.174927
4.341807
1.511569
1.846770
1.400889
3.257146
2.064967
1.609599
2.128213
1.252262
4.152071
1.837283
1.302858
3.446883
2.415980
2.248379
1.274398
4.914179
1.581139
1.514731
1.185854
3.601834
1.261749
4.705469
1.786687
2.093428
3.674567
3.453207
1.970099
1.290209
0.749460
1.751902
1.056201
2.615204
2.045994
1.666520
1.049876
3.570211
2.359059
1.881555
1.966937
4.509408
1.290209
1.255424
0.942359
1.249100
2.251542
2.311625
2.295814
1.644384
2.011209
1.511569
1.574814
1.214315
1.878393
1.517893
1.258587
2.649989
1.043552
1.565327
1.666520
1.362942
1.992235
1.922665
1.970099
3.548076
2.485550
1.625411
1.830959
0.917061
2.033345
1.638060
2.656313
2.646826
1.916340
1.849932
4.642224
1.312345
1.698143
1.416700
2.444441
1.941638
0.875951
1.742415
1.432512
1.811985
2.678449
1.650709
2.621528
2.662638
4.382917
2.017533
1.913178
4.025579
1.540029
0.850653
1.571652
3.307742
2.308463
1.413538
1.919503
1.128933
1.764551
1.916340
1.985910
2.181972
2.621528
4.591627
1.249100
0.926547
1.574814
2.773318
1.758226
3.317229
0.841166
2.008046
1.498920
1.606437
1.672845
1.966937
1.710792
2.213594
2.008046
1.603275
1.729766
2.596230
2.125051
4.585303
1.723441
2.178809
2.444441
1.334481
4.781364
1.837283
2.371708
1.672845
1.650709
1.517893
2.191458
0.825354
1.375591
1.802498
1.976424
1.128933
2.434954
1.081499
1.217477
0.983468
1.511569
1.729766
3.389962
1.157394
1.821472
1.100473
1.388240
2.766993
1.549516
0.800056
1.758226
2.150349
3.197063
3.197063
2.472901
0.961332
2.055480
2.773318
1.100473
1.581139
4.955289
1.565327
2.583581
1.353455
1.530542
1.151069
1.900529
1.672845
3.861141
3.867466
1.653871
1.530542
2.915620
1.119446
3.076896
1.502082
1.625411
1.732928
1.653871
0.986631
1.679169
1.271236
2.083941
4.129935
2.011209
0.777920
2.055480
2.691098
1.445161
1.543191
1.694981
2.495037
1.324994
2.422305
1.296534
1.410376
1.464135
2.295814
1.685494
1.470459
1.416700
2.687936
2.362221
1.179530
3.235010
1.676007
3.073734
1.113122
0.727324
1.628573
1.868906
1.419863
2.378033
2.988352
2.779642
1.524218
1.340806
2.330599
2.283164
1.998559
4.541031
1.780362
1.495757
2.270515
1.587463
1.628573
1.818310
1.217477
0.860140
1.755064
1.245937
1.170043
2.008046
1.375591
1.881555
1.236451
1.793011
3.981308
1.416700
1.574814
1.821472
2.159836
1.894204
6.327718
2.017533
1.381915
2.883997
1.966937
1.676007
2.087103
4.575816
3.171764
2.008046
1.660196
1.090986
2.431792
1.758226
1.362942
3.491155
4.873070
2.008046
2.757506
2.270515
1.141582
1.151069
1.015091
1.160556
0.891762
1.236451
1.347130
1.072012
3.105357
2.295814
3.118006
2.425467
3.661918
1.451485
1.736090
1.559003
1.046714
1.685494
2.099752
1.359779
3.627132
1.745577
2.991515
1.318670
1.226964
1.562165
1.887880
2.355897
2.090266
1.176367
1.075174
2.384357
1.306021
2.349572
1.897367
1.438836
1.897367
1.913178
4.348132
0.825354
1.758226
3.959172
1.135258
1.710792
1.657033
1.470459
1.173205
2.232568
3.516453
2.008046
2.140862
1.802498
1.802498
3.304580
1.268073
1.135258
1.296534
2.495037
0.809543
0.746298
2.390682
2.020695
2.735370
2.469739
2.349572
1.574814
2.542471
0.869626
2.292651
2.077616
2.254704
1.293372
1.796174
0.834841
2.251542
2.997839
2.469739
3.143304
1.011929
1.780362
2.311625
0.885438
0.800056
2.656313
0.803219
1.887880
1.356617
1.252262
4.341807
1.543191
1.739253
1.423025
1.489433
1.634898
2.302138
2.770155
1.214315
2.921945
1.549516
2.390682
1.644384
2.963054
2.106077
1.941638
2.523498
1.925827
2.374871
2.621528
1.698143
2.264191
2.381195
2.773318
3.703027
1.122609
1.998559
4.594789
1.577977
2.280002
2.716397
1.593788
0.838004
0.866464
1.922665
1.906853
1.255424
2.286327
1.106797
2.460252
2.536147
2.893484
1.343968
1.834121
1.293372
1.755064
2.106077
1.995397
0.955008
5.110241
1.366104
0.641942
0.885438
1.457810
2.959892
1.015091
1.676007
1.072012
2.415980
2.181972
3.747299
0.961332
1.533705
1.214315
1.343968
2.204108
2.861861
1.331319
1.189016
1.897367
4.825636
3.149629
6.210713
1.135258
1.900529
1.729766
2.419142
3.013651
2.144024
1.087824
1.046714
2.055480
1.464135
1.024578
1.777200
1.555841
2.264191
2.953567
0.819030
6.046275
4.382917
0.720999
2.817589
2.583581
1.201666
0.996117
5.069131
2.700585
1.609599
4.996399
1.666520
1.830959
1.160556
1.717117
4.955289
0.695701
1.808823
2.627853
2.374871
2.194621
1.600112
1.536867
0.762109
1.147907
3.563887
2.940918
1.919503
1.464135
1.891042
1.498920
2.725883
1.302858
2.570932
2.472901
4.297535
1.688656
1.331319
2.447603
1.821472
1.173205
2.023858
1.906853
1.527380
2.118726
1.932152
1.426187
1.100473
2.577256
0.907574
1.220639
2.238893
1.138420
1.356617
1.536867
1.982748
2.112401
3.617646
1.394564
3.149629
2.280002
2.343248
1.679169
2.140862
1.321832
2.476063
1.884717
1.521056
3.775760
3.791571
2.099752
1.419863
2.453927
1.941638
3.952847
1.641222
1.650709
1.239613
2.631015
1.891042
0.948683
2.216757
1.040389
2.014371
0.964495
1.157394
2.390682
1.160556
1.328157
0.768433
1.163718
3.231848
0.831679
1.717117
1.736090
1.546354
4.167882
1.935314
2.710072
3.257146
1.467297
2.004884
2.295814
1.132095
1.391402
1.644384
1.135258
1.672845
3.130655
2.706910
2.311625
1.774038
3.807382
1.479946
1.916340
2.406493
1.340806
1.897367
1.416700
1.024578
4.022417
2.042831
1.514731
1.609599
1.372429
1.192179
1.141582
1.242775
1.331319
1.280722
1.976424
1.008767
1.717117
1.207990
3.579698
1.217477
2.131375
2.687936
1.843608
3.563887
1.679169
2.140862
0.727324
1.584301
1.973261
1.381915
1.460972
2.280002
1.343968
1.840446
2.128213
2.495037
3.073734
1.739253
1.600112
2.403331
1.362942
4.765552
1.179530
1.603275
1.087824
1.577977
1.230126
2.115564
1.324994
1.742415
1.356617
1.982748
3.690378
0.967657
3.601834
1.189016
0.980306
1.476784
1.394564
2.254704
1.258587
1.565327
0.951846
2.915620
3.791571
0.992955
1.970099
1.827796
1.100473
3.121168
1.647547
1.027740
1.245937
2.415980
1.476784
1.015091
2.102915
0.939196
1.723441
3.181251
0.992955
1.587463
1.394564
2.102915
1.546354
1.514731
2.491875
2.197783
0.828517
0.841166
3.437396
2.491875
2.276840
2.460252
1.053038
1.559003
1.688656
0.670403
2.444441
1.280722
1.584301
1.451485
2.030182
0.977144
2.023858
2.261029
1.676007
1.385078
1.457810
1.998559
4.202667
1.255424
0.926547
1.862582
1.290209
1.306021
1.185854
1.337643
1.612762
2.004884
1.517893
1.084661
2.972541
1.005604
1.315508
1.973261
3.004164
2.109239
2.893484
2.498199
1.170043
4.480947
1.170043
2.868186
2.121888
2.526660
3.592347
1.685494
1.922665
1.650709
1.584301
4.275399
1.353455
3.782084
1.211152
2.027020
1.005604
1.799336
4.275399
3.500641
2.251542
1.928989
1.793011
1.495757
0.945521
2.169322
1.596950
2.536147
1.631735
1.596950
1.189016
1.973261
2.305300
1.144745
1.103635
1.062525
2.624690
4.164720
1.385078
2.520335
1.065688
2.412818
1.679169
1.113122
1.498920
1.549516
3.956009
1.821472
4.278562
5.907135
3.181251
3.118006
2.352735
1.394564
2.226243
1.097310
1.536867
1.603275
0.838004
1.343968
2.982028
1.517893
0.758947
3.326716
2.349572
1.264911
1.362942
3.785246
1.189016
2.773318
2.204108
1.438836
1.562165
1.982748
1.018253
0.942359
1.856257
1.720279
2.242055
1.245937
2.226243
1.293372
1.818310
1.214315
1.432512
4.948965
3.576536
4.977425
1.653871
2.532984
1.176367
1.362942
1.546354
3.001001
2.966216
3.089545
1.906853
3.652431
1.590626
2.020695
1.362942
4.063527
1.679169
2.963054
1.230126
1.628573
0.910736
2.352735
1.957450
2.153511
1.204828
1.230126
1.729766
1.034065
0.771596
5.603556
2.283164
4.180531
2.397006
2.491875
0.831679
3.080058
2.106077
2.751182
2.643664
1.369266
1.590626
1.723441
1.343968
1.805661
2.125051
3.728325
2.295814
1.707630
2.254704
2.378033
1.479946
1.562165
2.210432
2.997839
1.565327
1.369266
1.087824
1.366104
2.393844
1.897367
2.719559
2.422305
1.682332
1.125771
2.023858
1.527380
1.641222
2.631015
1.985910
1.821472
1.144745
1.622248
1.647547
4.841447
0.992955
1.299696
0.898087
2.789129
1.242775
1.119446
1.426187
1.476784
1.293372
1.837283
2.918782
1.075174
2.305300
1.770875
2.099752
2.523498
1.353455
1.521056
1.407214
0.752622
0.992955
1.913178
4.218478
2.523498
1.002442
3.130655
2.593068
1.767713
3.984470
1.207990
2.162998
3.522777
1.328157
1.479946
0.904411
3.399448
2.441278
2.523498
3.475343
1.144745
1.527380
1.657033
2.064967
1.928989
2.558283
2.118726
2.817589
2.782804
3.323554
0.727324
1.113122
1.268073
2.700585
1.119446
1.498920
2.368546
0.752622
1.612762
1.147907
2.298976
2.915620
2.172485
2.349572
1.840446
2.343248
1.840446
1.192179
2.422305
2.741695
1.132095
1.372429
2.248379
2.789129
1.647547
2.665800
1.072012
1.176367
2.599392
2.675287
1.887880
1.767713
1.657033
2.112401
3.108519
1.492595
2.766993
1.441999
1.166880
1.514731
2.027020
1.192179
1.280722
2.634177
2.004884
3.016813
1.242775
1.090986
0.800056
3.146466
1.928989
2.115564
4.759228
1.691819
1.789849
2.561445
2.077616
1.521056
2.963054
1.982748
1.891042
0.828517
3.155953
1.571652
1.179530
1.650709
2.131375
1.562165
1.641222
3.516453
1.337643
0.825354
2.251542
2.400169
2.450765
4.332320
2.295814
5.078618
1.549516
1.811985
1.540029
1.793011
3.323554
1.404051
0.907574
3.314067
3.680891
2.324274
2.080779
2.485550
1.249100
1.207990
1.189016
0.727324
1.799336
2.883997
3.557562
1.875231
4.234290
1.249100
4.057202
2.087103
2.052318
0.945521
1.774038
2.343248
2.087103
2.397006
1.274398
2.918782
0.815868
1.641222
1.612762
0.999280
1.793011
1.043552
3.816869
5.619367
1.097310
2.033345
1.745577
1.008767
1.856257
1.758226
1.233288
1.606437
3.845330
3.434234
2.223081
3.728325
1.818310
2.014371
1.369266
3.611321
1.521056
2.637340
1.400889
3.380475
2.150349
1.947963
1.230126
1.910016
1.495757
1.245937
2.327436
1.998559
1.729766
1.337643
1.271236
3.794733
2.586743
2.523498
1.027740
1.546354
1.530542
1.166880
3.538589
0.996117
1.432512
1.830959
3.519615
5.107078
1.679169
1.853095
4.389241
3.295093
3.446883
2.242055
2.956730
1.413538
2.539309
5.056482
1.966937
2.144024
2.665800
2.659476
1.653871
1.473621
1.154231
6.678730
1.676007
1.720279
2.378033
2.776480
4.265913
0.904411
1.040389
1.423025
2.539309
1.767713
2.495037
1.321832
1.236451
2.011209
3.042111
1.214315
3.737812
4.259588
1.090986
2.052318
1.476784
2.956730
0.958170
3.370988
1.653871
2.687936
1.932152
1.786687
2.589905
1.353455
2.687936
2.937756
1.634898
1.568490
3.671404
4.575816
1.985910
4.683333
1.906853
3.459532
4.892044
1.141582
1.802498
1.540029
1.315508
4.860421
1.862582
2.267353
8.538150
1.514731
0.913898
3.940198
1.261749
1.163718
2.017533
3.057922
2.991515
4.063527
6.359340
2.235730
2.909295
1.657033
1.799336
2.947243
2.210432
1.375591
1.328157
5.088105
1.508406
4.825636
1.590626
2.365384
1.729766
2.020695
2.431792
2.479226
1.151069
3.057922
1.767713
1.824634
1.559003
1.435674
3.718839
1.261749
1.793011
1.973261
1.230126
1.441999
2.463414
2.906133
1.207990
2.036507
1.198503
1.887880
2.172485
1.293372
3.997119
2.001722
5.875512
2.909295
1.935314
5.252543
1.916340
1.745577
1.758226
1.441999
1.694981
1.770875
2.216757
3.181251
2.887160
2.618366
1.517893
3.209712
1.258587
0.955008
1.521056
1.027740
1.834121
1.707630
1.258587
4.196342
2.131375
1.600112
3.930711
3.431071
2.482388
1.856257
1.815147
1.416700
0.980306
2.880835
1.498920
1.185854
1.255424
1.306021
1.340806
2.289489
1.720279
0.800056
2.292651
2.561445
1.774038
2.030182
1.151069
2.083941
1.559003
4.917342
1.283885
2.068130
1.226964
2.899809
2.181972
2.298976
2.766993
1.021416
1.483108
1.473621
2.064967
1.299696
3.820031
2.254704
1.701305
0.819030
1.277560
1.097310
1.701305
0.948683
1.290209
2.953567
1.182692
1.489433
0.844328
3.355177
1.280722
2.210432
1.448323
0.882275
1.919503
2.656313
2.264191
1.489433
1.053038
1.489433
2.346410
1.653871
2.893484
1.287047
2.175647
1.296534
1.625411
1.543191
1.473621
1.470459
1.701305
3.121168
2.077616
5.805942
0.917061
3.709352
1.113122
1.672845
3.279282
1.657033
1.913178
1.732928
1.369266
3.051598
2.684774
2.352735
1.274398
1.770875
2.612041
1.404051
2.213594
1.834121
2.637340
1.065688
1.090986
1.068850
1.280722
1.590626
1.413538
1.252262
1.574814
1.577977
2.197783
3.544913
1.296534
1.767713
1.849932
1.407214
1.723441
2.934594
1.103635
1.362942
2.008046
3.993957
3.181251
3.725163
2.785967
2.188296
3.788409
4.243777
1.619086
1.521056
2.700585
1.416700
1.913178
1.521056
1.157394
1.081499
1.154231
2.532984
0.844328
2.001722
1.040389
1.818310
1.024578
1.299696
3.510128
0.819030
3.668242
1.498920
1.562165
2.004884
3.456369
1.508406
1.641222
1.846770
5.515012
1.460972
1.283885
2.662638
0.973982
1.075174
1.264911
1.726604
0.803219
2.330599
1.511569
1.473621
1.479946
2.460252
0.910736
2.975703
2.846050
1.793011
2.485550
1.287047
1.865744
0.907574
1.280722
2.700585
1.717117
1.302858
2.289489
2.106077
3.304580
1.274398
0.980306
2.514011
2.242055
0.622969
2.008046
0.901249
2.267353
2.204108
1.163718
1.679169
2.997839
2.216757
3.522777
1.647547
1.182692
1.245937
2.106077
6.982309
1.445161
4.114123
1.476784
1.884717
1.407214
1.261749
1.470459
5.695262
2.532984
0.939196
2.836563
1.628573
2.045994
2.030182
2.381195
3.728325
1.065688
2.415980
2.384357
0.885438
2.099752
1.777200
1.337643
1.233288
2.042831
2.033345
2.267353
2.074454
2.321112
2.270515
5.192460
1.748740
2.150349
2.014371
3.807382
2.109239
1.925827
2.147187
1.571652
2.254704
1.423025
3.250821
4.050878
3.045273
0.863302
1.603275
2.485550
2.128213
2.001722
1.552678
1.445161
0.660916
2.128213
1.062525
2.362221
1.274398
1.834121
2.213594
2.229406
3.133817
3.911737
1.302858
1.505244
1.574814
1.147907
2.210432
1.900529
1.027740
1.454648
2.172485
0.850653
1.024578
1.113122
1.005604
2.039669
2.289489
1.508406
0.920223
1.796174
2.586743
1.533705
1.049876
1.830959
1.448323
1.615924
0.958170
0.746298
1.315508
2.485550
4.332320
1.103635
4.196342
1.043552
1.410376
4.806662
0.777920
1.593788
4.537868
4.740254
2.691098
2.109239
1.612762
3.029462
1.125771
1.805661
0.999280
2.283164
1.543191
1.669683
2.574094
1.676007
2.814427
1.467297
3.623970
1.448323
2.567769
1.720279
1.163718
1.672845
1.062525
2.501362
2.675287
2.128213
3.086383
0.834841
1.641222
1.381915
1.989073
1.726604
2.735370
2.817589
2.479226
2.283164
2.080779
1.799336
1.685494
4.768715
2.327436
1.046714
2.457090
1.283885
1.973261
3.946523
3.775760
2.166160
1.236451
1.214315
4.224803
1.581139
1.508406
2.975703
1.274398
2.106077
2.706910
1.356617
1.533705
1.198503
2.830239
0.853815
1.676007
1.698143
1.366104
0.992955
1.818310
2.915620
1.634898
2.251542
1.625411
2.109239
1.666520
2.314787
2.741695
2.134537
2.482388
6.830520
4.499921
1.891042
1.824634
3.276120
1.185854
1.546354
3.854816
3.035787
1.078337
1.818310
0.996117
0.936034
1.989073
1.660196
1.676007
1.141582
1.758226
2.659476
2.874510
3.782084
2.953567
1.255424
1.429350
1.192179
1.992235
2.333761
1.340806
1.811985
2.409656
1.337643
4.427189
2.273678
1.906853
1.280722
2.988352
1.834121
2.058643
2.729046
1.777200
1.315508
1.394564
1.726604
1.407214
1.625411
1.587463
2.479226
2.412818
1.732928
1.615924
1.707630
0.929710
2.178809
1.815147
1.600112
3.016813
1.609599
1.302858
1.846770
0.907574
1.609599
1.957450
2.447603
3.962334
0.879113
2.662638
1.404051
0.822192
1.875231
1.691819
5.979867
1.195341
2.017533
10.131938
2.245217
1.736090
1.318670
1.397727
2.381195
1.546354
3.987632
1.220639
1.078337
4.610601
1.337643
1.473621
1.789849
2.551958
2.207270
3.007326
3.522777
1.122609
1.682332
0.923385
1.053038
2.197783
1.407214
3.851654
1.404051
1.429350
2.741695
4.212154
1.343968
2.555120
2.185134
5.609881
4.461974
3.269795
3.652431
1.378753
1.676007
1.989073
1.679169
2.899809
1.710792
1.306021
1.748740
2.254704
1.862582
1.236451
2.102915
3.851654
1.454648
1.049876
2.045994
1.160556
1.359779
1.875231
1.881555
3.209712
2.789129
2.934594
1.805661
1.397727
3.336203
1.043552
1.385078
1.109959
1.018253
1.214315
1.046714
1.596950
2.570932
2.336923
2.242055
3.314067
1.154231
2.289489
1.853095
4.183693
0.872789
3.506966
1.783525
2.526660
2.181972
2.482388
3.124330
1.593788
1.973261
2.197783
5.110241
4.028742
4.278562
2.561445
3.089545
0.999280
2.204108
1.157394
2.586743
1.843608
0.654591
3.209712
1.957450
1.233288
2.425467
1.445161
1.521056
2.751182
3.870628
1.087824
1.625411
1.280722
1.372429
1.132095
1.701305
1.432512
1.789849
2.804940
3.193900
2.760668
1.609599
1.423025
1.704468
2.144024
1.046714
1.135258
1.615924
1.517893
2.156673
1.694981
2.931431
2.631015
0.983468
1.840446
2.776480
3.715676
1.514731
2.087103
2.283164
1.992235
1.612762
1.600112
5.277841
1.261749
1.404051
2.106077
1.764551
3.538589
4.405053
2.814427
1.998559
1.559003
2.027020
2.640502
2.200945
2.823914
1.306021
2.235730
1.679169
1.318670
3.136979
2.137700
0.702026
2.194621
2.729046
1.413538
2.631015
2.400169
3.200225
1.309183
1.891042
2.324274
5.717398
2.849212
1.362942
1.375591
3.140142
1.315508
0.800056
1.306021
2.485550
1.492595
1.894204
1.805661
0.844328
4.142584
1.887880
2.460252
1.660196
2.014371
1.081499
1.894204
2.200945
1.381915
1.666520
1.622248
1.331319
1.793011
2.134537
1.571652
2.972541
1.676007
1.679169
1.555841
3.295093
3.184414
2.479226
1.843608
1.160556
4.123610
1.236451
1.748740
1.571652
1.147907
2.061805
3.291931
1.043552
2.412818
2.906133
3.355177
2.200945
1.230126
2.004884
3.665080
1.590626
1.521056
1.919503
0.866464
2.940918
1.287047
1.404051
1.356617
2.017533
1.122609
1.372429
2.302138
0.888600
1.726604
1.473621
2.804940
2.457090
1.106797
2.510848
1.072012
1.457810
5.515012
0.746298
2.972541
1.657033
1.878393
2.280002
2.185134
2.846050
3.032624
3.013651
1.638060
2.754344
2.779642
5.992516
2.064967
1.423025
0.891762
1.875231
1.694981
1.369266
2.741695
1.350293
3.389962
1.685494
1.217477
1.293372
1.783525
1.454648
1.634898
1.094148
2.191458
1.546354
2.229406
1.565327
2.643664
2.453927
3.639782
1.397727
0.945521
2.580419
2.447603
2.251542
3.339365
2.539309
1.454648
1.543191
1.786687
1.394564
1.236451
1.021416
1.900529
1.751902
1.065688
2.517173
2.374871
0.822192
0.790569
1.584301
3.554400
1.068850
2.254704
1.796174
1.283885
1.400889
2.346410
2.849212
2.959892
1.928989
1.106797
1.856257
2.147187
1.103635
1.783525
0.724162
1.324994
0.831679
3.291931
1.397727
1.353455
2.340085
1.397727
1.966937
2.118726
1.910016
1.460972
1.141582
3.453207
2.988352
2.194621
1.593788
1.302858
0.844328
1.992235
3.690378
2.008046
0.989793
2.308463
2.219919
1.732928
1.154231
0.894925
1.951125
2.020695
2.378033
2.008046
1.963774
2.087103
1.574814
1.682332
1.530542
2.921945
1.432512
1.053038
1.682332
1.302858
2.362221
2.457090
1.457810
1.002442
3.061085
1.160556
2.188296
1.540029
1.441999
3.212874
1.056201
1.881555
1.562165
1.163718
2.381195
1.862582
1.252262
1.407214
3.775760
4.177369
1.837283
1.328157
2.327436
1.995397
1.647547
2.409656
0.958170
1.910016
2.185134
0.831679
1.796174
2.934594
3.061085
2.621528
4.117286
1.204828
1.147907
1.249100
1.932152
1.182692
1.296534
0.910736
2.447603
1.062525
1.113122
1.786687
1.650709
0.936034
4.145746
1.710792
1.473621
1.663358
1.454648
2.921945
2.324274
1.400889
3.763110
2.270515
2.283164
3.968658
1.818310
3.462694
2.365384
1.106797
2.327436
1.925827
2.295814
2.014371
1.404051
1.296534
2.596230
2.479226
3.911737
2.757506
1.691819
1.884717
2.064967
2.248379
4.667522
2.245217
4.212154
2.292651
2.706910
3.197063
3.895926
0.983468
3.567049
1.116284
3.048436
2.899809
0.989793
2.014371
1.732928
1.941638
2.921945
1.657033
2.608879
3.943360
1.372429
1.590626
1.707630
1.271236
1.606437
2.789129
1.195341
0.973982
1.641222
2.229406
3.235010
1.151069
1.109959
1.426187
1.072012
2.340085
1.217477
2.333761
1.533705
2.390682
3.222361
2.684774
2.387520
2.232568
3.937036
3.146466
1.274398
1.720279
1.657033
0.879113
2.134537
2.457090
1.634898
1.764551
0.923385
3.513290
1.176367
1.536867
1.789849
5.031184
1.220639
1.755064
1.739253
1.448323
2.858699
2.428629
2.491875
1.884717
4.253263
1.872068
2.049156
1.157394
2.558283
1.540029
1.913178
2.295814
1.729766
1.796174
2.175647
1.324994
2.359059
1.517893
1.672845
1.125771
1.068850
1.138420
3.282444
1.008767
2.937756
2.393844
1.802498
1.932152
2.144024
2.545634
3.997119
3.329878
2.507686
3.576536
1.527380
1.650709
2.605717
2.194621
1.268073
2.491875
1.530542
2.485550
1.938476
0.913898
1.451485
1.634898
6.422586
1.498920
1.473621
1.283885
1.745577
1.132095
1.985910
2.599392
2.093428
1.707630
1.249100
1.103635
1.312345
0.967657
1.530542
2.102915
3.004164
2.229406
3.326716
1.596950
1.571652
1.995397
3.336203
1.865744
3.839005
1.337643
0.942359
2.444441
0.977144
1.691819
1.641222
2.226243
2.602555
0.711512
2.229406
1.657033
2.460252
1.910016
2.849212
3.510128
1.106797
1.312345
1.261749
1.274398
1.372429
1.644384
3.576536
1.634898
1.451485
1.429350
1.362942
1.571652
4.477785
0.673565
1.505244
2.517173
1.043552
1.372429
1.470459
2.678449
1.577977
1.296534
2.185134
1.394564
2.004884
2.030182
1.309183
2.710072
1.774038
1.900529
1.505244
2.213594
2.548796
2.703747
2.200945
2.570932
3.661918
5.831240
1.849932
1.296534
2.153511
3.212874
3.197063
1.691819
3.829518
0.986631
2.716397
2.200945
1.612762
1.119446
1.441999
1.312345
1.612762
2.691098
1.252262
1.960612
3.693540
0.847490
1.536867
2.302138
1.533705
1.113122
1.113122
3.253984
1.742415
1.423025
2.608879
2.302138
1.590626
2.169322
1.612762
0.850653
2.137700
2.646826
2.093428
2.624690
2.469739
1.508406
2.447603
1.470459
2.058643
2.744857
1.116284
1.324994
1.590626
1.201666
1.065688
1.559003
1.296534
1.350293
1.324994
4.161557
2.254704
4.711794
4.616925
2.419142
1.090986
1.375591
3.342527
2.732208
1.302858
2.210432
1.195341
1.530542
0.879113
1.521056
1.622248
0.961332
2.766993
1.622248
1.717117
2.409656
2.748019
3.487992
1.176367
1.868906
2.706910
3.203387
2.659476
1.201666
1.182692
5.126052
3.339365
3.567049
0.866464
1.454648
1.514731
3.348852
1.309183
5.552960
3.013651
2.245217
1.388240
3.832681
1.600112
5.163999
2.352735
2.083941
3.434234
1.562165
2.479226
2.814427
2.080779
1.666520
1.457810
3.042111
1.391402
1.242775
3.668242
2.495037
1.207990
4.541031
2.593068
4.401891
4.012930
0.809543
1.337643
1.802498
2.314787
1.233288
1.707630
1.887880
3.582861
3.956009
2.147187
1.663358
2.498199
0.844328
2.697423
0.853815
2.608879
1.546354
1.451485
1.226964
1.622248
2.346410
1.574814
1.751902
1.176367
1.030903
2.561445
2.409656
3.285606
1.666520
1.536867
0.945521
1.644384
1.220639
2.495037
3.734650
4.050878
1.185854
2.216757
1.827796
2.896646
2.450765
0.929710
2.178809
1.780362
2.691098
1.935314
1.372429
0.936034
1.226964
2.428629
1.989073
3.152791
2.681611
1.002442
1.268073
2.773318
4.648548
1.742415
1.090986
0.800056
2.842888
2.001722
1.767713
1.593788
1.701305
1.078337
2.314787
3.576536
2.188296
0.939196
3.763110
1.707630
0.936034
1.483108
2.027020
1.331319
2.871348
1.748740
0.964495
1.970099
1.005604
1.853095
1.429350
1.581139
1.113122
3.333041
1.211152
1.505244
1.600112
1.514731
1.713954
2.004884
1.217477
2.567769
0.891762
1.815147
3.873790
4.152071
3.016813
1.173205
2.748019
1.340806
0.992955
1.056201
1.672845
2.855537
1.242775
1.625411
1.432512
1.141582
1.483108
1.473621
1.483108
1.135258
2.988352
1.894204
2.902971
0.964495
2.283164
1.774038
2.074454
0.907574
1.416700
2.020695
1.043552
0.923385
2.216757
5.290491
0.894925
1.600112
4.512570
1.783525
1.457810
2.131375
0.834841
1.502082
1.147907
0.844328
2.343248
1.068850
2.140862
2.482388
1.657033
4.474623
1.615924
2.419142
2.140862
1.347130
2.713234
2.381195
2.185134
1.669683
0.891762
2.033345
1.925827
1.789849
2.558283
4.604276
1.919503
1.419863
4.506246
1.027740
1.783525
2.599392
2.909295
5.584582
1.441999
1.685494
1.328157
1.233288
3.393124
2.504524
1.362942
2.087103
1.125771
1.603275
3.959172
1.476784
1.685494
1.764551
1.287047
1.992235
3.219199
1.622248
4.651710
1.154231
2.691098
0.973982
0.875951
1.394564
1.944801
1.109959
1.097310
2.849212
0.983468
2.944081
1.739253
1.562165
2.340085
3.902251
2.153511
1.189016
1.748740
2.049156
2.760668
1.122609
2.466577
3.288769
2.934594
1.438836
1.989073
1.947963
1.581139
3.453207
1.868906
3.469019
2.431792
1.381915
1.100473
1.593788
0.844328
3.231848
4.091987
1.536867
2.504524
1.584301
1.935314
2.602555
1.040389
1.590626
4.784526
1.707630
0.888600
1.094148
5.072293
1.868906
1.283885
1.413538
1.144745
2.109239
3.070572
3.525940
1.672845
1.562165
1.125771
1.938476
1.916340
2.134537
1.318670
1.132095
1.154231
1.815147
2.374871
2.501362
0.879113
1.533705
1.189016
1.242775
2.406493
2.077616
1.688656
2.896646
1.097310
2.858699
1.432512
2.071292
2.539309
2.321112
1.846770
1.046714
2.883997
1.381915
1.037227
2.027020
2.219919
1.170043
0.809543
1.647547
3.506966
2.302138
1.021416
1.451485
1.343968
2.242055
2.058643
0.980306
1.799336
2.289489
1.489433
1.277560
1.413538
5.322113
3.943360
1.445161
1.764551
3.687216
1.182692
1.663358
1.805661
2.621528
1.479946
1.391402
1.448323
1.729766
1.343968
1.739253
2.975703
1.995397
1.268073
2.207270
3.045273
1.113122
1.214315
1.739253
1.811985
1.087824
3.544913
1.543191
1.170043
3.121168
1.878393
1.783525
2.045994
2.700585
0.891762
2.314787
1.293372
1.268073
1.340806
2.080779
1.087824
3.535426
2.324274
2.308463
1.075174
2.270515
1.486271
1.211152
1.849932
1.486271
3.484830
2.447603
1.600112
1.366104
2.102915
2.071292
2.261029
2.763831
2.128213
1.283885
3.431071
3.431071
1.236451
0.958170
1.577977
1.201666
1.514731
1.400889
1.818310
0.992955
1.780362
5.094429
0.863302
1.559003
1.119446
1.245937
3.652431
0.939196
1.998559
1.302858
1.309183
2.501362
0.758947
1.559003
0.806381
1.182692
1.521056
2.925107
1.059363
4.009768
2.985190
1.173205
2.697423
1.486271
0.973982
2.890322
2.194621
0.752622
1.147907
3.370988
1.521056
1.217477
3.118006
5.843889
2.298976
2.273678
1.628573
3.519615
0.920223
2.188296
0.743135
2.991515
2.883997
3.876952
1.097310
3.209712
1.865744
3.519615
1.027740
1.128933
4.202667
2.615204
1.381915
2.261029
2.412818
1.113122
1.296534
1.540029
2.093428
1.473621
2.286327
0.790569
1.249100
1.824634
1.868906
2.226243
1.268073
2.672125
0.856977
1.084661
1.381915
1.413538
1.182692
5.979867
2.200945
3.187576
3.108519
1.125771
2.298976
2.855537
2.333761
1.511569
1.226964
1.068850
2.245217
3.465856
3.437396
2.317950
1.324994
1.470459
1.030903
1.521056
1.897367
2.646826
1.511569
1.628573
1.271236
1.318670
1.562165
1.891042
2.918782
1.353455
1.087824
2.659476
3.680891
1.736090
1.018253
4.642224
1.739253
3.086383
0.961332
2.779642
1.423025
1.524218
1.467297
1.562165
1.505244
1.239613
1.672845
1.657033
1.625411
3.617646
1.309183
2.191458
6.723002
0.932872
3.437396
1.533705
1.233288
1.293372
0.907574
1.438836
1.555841
2.216757
1.982748
1.808823
1.979586
1.163718
2.147187
1.517893
1.736090
1.132095
2.080779
2.393844
1.245937
5.170324
0.904411
1.859419
3.782084
2.099752
1.498920
1.328157
3.557562
1.464135
1.789849
1.179530
4.974263
3.620808
1.287047
1.761389
0.986631
2.608879
1.381915
3.541751
2.166160
1.008767
1.540029
1.574814
1.998559
2.928269
1.536867
0.714675
0.973982
1.214315
1.906853
2.264191
1.372429
1.619086
2.738532
2.020695
1.056201
2.934594
1.081499
1.094148
2.346410
1.084661
1.596950
1.761389
1.347130
2.156673
1.315508
1.960612
2.887160
1.796174
1.508406
1.963774
1.283885
1.245937
2.485550
1.375591
3.225523
1.024578
1.628573
4.357619
3.013651
1.404051
1.577977
1.859419
1.122609
1.976424
2.112401
1.217477
1.419863
3.595510
1.268073
2.520335
1.166880
2.795453
1.242775
2.621528
3.317229
1.207990
1.818310
3.427909
1.233288
1.502082
1.783525
1.015091
3.146466
2.422305
1.694981
1.173205
1.226964
1.489433
2.713234
2.956730
2.317950
1.242775
2.694261
1.524218
0.973982
1.938476
3.073734
1.034065
0.708350
2.811265
1.397727
1.486271
1.524218
1.109959
0.939196
3.908575
1.457810
1.985910
5.179811
1.796174
7.140423
2.045994
3.304580
1.011929
2.134537
1.805661
3.753624
2.197783
1.676007
2.298976
2.115564
2.409656
1.559003
1.767713
1.268073
1.362942
2.725883
3.396286
1.713954
4.006606
1.894204
2.216757
2.298976
1.562165
1.106797
1.084661
2.232568
3.924387
1.960612
2.570932
1.723441
1.789849
0.983468
3.105357
1.328157
1.182692
2.754344
1.046714
1.170043
1.306021
2.612041
1.615924
1.005604
3.361501
1.201666
2.710072
2.827076
2.570932
1.185854
1.252262
1.742415
1.916340
1.280722
0.929710
1.732928
2.314787
1.789849
1.021416
3.627132
7.380756
3.709352
2.536147
2.912458
1.521056
1.571652
2.188296
1.192179
1.638060
0.980306
2.836563
1.479946
1.954288
2.469739
3.114843
2.102915
0.948683
1.283885
0.942359
1.568490
2.457090
1.555841
1.704468
1.416700
1.780362
2.384357
1.533705
2.656313
1.037227
2.030182
3.326716
3.718839
1.258587
0.951846
1.619086
1.808823
1.369266
1.979586
1.100473
2.033345
1.242775
0.901249
1.394564
1.676007
1.049876
2.087103
2.482388
1.587463
2.760668
1.293372
3.288769
2.397006
2.027020
0.781083
1.356617
1.119446
1.483108
3.013651
1.568490
1.546354
1.970099
1.236451
2.134537
2.302138
3.238172
1.682332
2.052318
1.546354
1.669683
2.159836
3.756786
3.620808
1.334481
2.207270
4.313347
1.530542
1.407214
2.564607
1.454648
1.783525
1.666520
1.375591
1.628573
1.160556
2.574094
1.872068
3.826356
3.870628
1.748740
1.030903
3.459532
2.811265
2.134537
1.669683
4.351294
3.418422
1.492595
2.751182
1.258587
1.306021
1.783525
1.207990
2.710072
2.539309
1.862582
1.378753
2.374871
3.155953
2.083941
1.951125
1.056201
1.774038
4.541031
1.536867
1.954288
2.283164
2.548796
1.559003
2.567769
1.157394
2.276840
1.451485
5.224083
2.147187
1.827796
2.450765
1.021416
1.350293
2.159836
3.209712
1.751902
1.650709
2.412818
3.718839
4.202667
1.973261
1.650709
1.739253
5.337925
3.010488
2.232568
2.004884
1.141582
1.195341
1.290209
2.378033
1.072012
0.983468
1.938476
3.111681
1.615924
0.822192
0.800056
2.102915
1.217477
1.713954
5.081780
0.920223
1.182692
1.853095
1.356617
3.535426
0.815868
1.366104
1.464135
1.973261
2.820752
3.352014
2.757506
2.662638
2.662638
1.306021
0.992955
3.374150
2.349572
3.519615
1.261749
1.897367
2.526660
3.174927
1.843608
3.544913
2.118726
2.817589
2.532984
1.280722
0.847490
1.230126
1.410376
1.416700
3.851654
4.167882
0.926547
3.548076
1.185854
2.014371
2.820752
0.894925
6.043113
1.669683
4.294373
1.419863
1.068850
2.406493
1.299696
1.910016
0.743135
1.467297
2.064967
1.644384
1.704468
1.770875
2.162998
0.809543
1.631735
2.004884
2.495037
2.001722
1.454648
1.236451
1.859419
2.011209
1.037227
2.823914
1.170043
3.668242
3.089545
3.019975
1.024578
2.912458
1.264911
3.048436
3.513290
5.157675
2.137700
1.416700
2.336923
1.432512
1.125771
1.511569
1.736090
1.571652
1.657033
2.343248
1.217477
3.133817
1.672845
1.423025
2.899809
2.289489
2.795453
1.404051
2.115564
4.186856
1.160556
1.596950
2.178809
2.216757
1.865744
5.673126
2.466577
1.486271
2.020695
0.749460
3.782084
1.236451
1.650709
1.780362
2.188296
2.052318
3.981308
1.571652
5.647828
2.074454
0.986631
2.204108
2.861861
1.366104
5.821753
2.561445
2.725883
1.166880
1.375591
1.524218
1.922665
1.944801
1.423025
1.546354
2.008046
1.546354
3.080058
1.495757
2.106077
1.024578
1.872068
1.941638
1.021416
1.713954
0.888600
1.811985
2.409656
3.389962
1.593788
1.372429
0.992955
1.287047
1.372429
1.849932
2.615204
3.674567
1.337643
2.589905
1.770875
0.619806
1.540029
0.733648
2.349572
3.076896
1.230126
1.925827
1.900529
1.985910
2.128213
1.748740
3.699865
1.894204
2.298976
1.173205
3.548076
2.634177
3.004164
1.157394
1.830959
1.517893
1.128933
1.445161
1.426187
1.565327
1.577977
1.745577
1.530542
2.694261
1.106797
2.273678
3.633457
0.673565
1.245937
3.253984
1.078337
1.761389
2.770155
1.891042
1.783525
1.910016
1.473621
0.768433
1.834121
2.004884
1.166880
2.204108
1.476784
3.835843
1.963774
1.726604
1.492595
1.713954
2.308463
1.574814
1.306021
1.315508
2.754344
0.958170
1.448323
1.230126
1.676007
1.072012
2.055480
4.360781
1.261749
3.680891
1.856257
0.705188
2.245217
1.530542
1.786687
1.448323
1.356617
1.533705
1.277560
4.408215
1.426187
1.862582
1.540029
1.729766
1.985910
1.502082
1.182692
1.119446
1.830959
1.438836
1.476784
3.823194
1.492595
1.577977
1.467297
2.618366
1.641222
2.741695
1.337643
1.603275
1.331319
1.777200
1.097310
1.799336
1.106797
4.439838
1.306021
1.492595
1.770875
2.871348
2.298976
4.708631
1.985910
1.024578
1.220639
2.109239
1.075174
1.495757
2.482388
2.355897
1.233288
1.818310
1.514731
1.277560
1.245937
2.488713
1.707630
1.122609
4.765552
1.805661
5.103916
1.505244
3.889602
2.235730
1.612762
2.102915
1.609599
4.531544
2.808103
4.272237
1.011929
2.014371
1.593788
1.479946
2.501362
2.020695
1.340806
2.156673
3.064247
1.185854
2.169322
1.546354
2.397006
2.102915
1.429350
4.819311
2.849212
4.522057
1.745577
1.802498
1.030903
1.584301
1.989073
2.842888
2.001722
2.880835
2.045994
1.340806
0.809543
3.943360
3.415260
1.821472
1.135258
1.549516
2.950405
3.197063
1.559003
2.722721
3.668242
1.049876
0.844328
0.898087
1.726604
0.999280
2.785967
1.008767
1.612762
1.698143
2.289489
2.378033
1.897367
1.283885
2.229406
2.200945
1.653871
0.955008
2.963054
2.406493
0.977144
1.479946
1.932152
2.362221
1.786687
1.789849
1.391402
1.239613
2.286327
1.729766
1.884717
2.447603
1.119446
3.529102
1.271236
3.911737
2.336923
4.597952
3.203387
3.734650
2.428629
1.704468
1.173205
1.514731
0.755784
1.423025
1.435674
1.245937
1.128933
1.138420
1.147907
2.068130
2.004884
1.315508
0.907574
1.546354
2.713234
4.417702
3.421584
0.955008
3.899088
2.020695
2.735370
1.147907
2.083941
5.227245
1.312345
0.752622
2.099752
2.510848
1.147907
2.400169
2.194621
3.997119
2.365384
2.027020
1.859419
3.162278
1.935314
1.299696
1.834121
1.293372
1.068850
0.996117
2.378033
1.590626
2.371708
1.109959
2.760668
1.963774
1.170043
5.926108
2.283164
1.454648
1.710792
1.815147
1.423025
1.571652
3.658755
2.994677
1.467297
1.853095
1.802498
5.230407
1.369266
0.958170
2.975703
3.048436
1.337643
0.891762
1.524218
2.558283
2.197783
1.748740
1.663358
3.437396
1.713954
1.078337
4.597952
1.657033
1.391402
4.294373
1.679169
1.381915
0.705188
1.353455
1.666520
2.504524
2.406493
1.865744
1.650709
1.811985
1.941638
1.676007
2.567769
1.982748
2.501362
1.416700
1.603275
4.942640
2.045994
1.280722
3.797895
1.476784
2.254704
1.362942
1.663358
1.726604
1.030903
1.559003
1.015091
1.037227
2.276840
3.320392
1.173205
1.536867
1.024578
1.584301
2.219919
1.236451
1.619086
2.940918
1.423025
1.932152
0.986631
1.745577
2.254704
3.839005
2.545634
1.758226
1.413538
2.438116
1.119446
2.615204
4.114123
1.255424
1.603275
1.369266
2.014371
1.577977
2.710072
1.745577
3.750461
2.570932
0.800056
2.238893
3.342527
2.004884
1.151069
1.878393
1.416700
1.211152
2.966216
1.799336
1.366104
3.541751
2.501362
1.739253
2.814427
1.242775
1.483108
1.043552
4.490434
1.356617
2.128213
1.767713
5.717398
2.646826
1.331319
1.170043
1.185854
1.720279
1.135258
1.375591
1.799336
0.834841
1.015091
1.151069
1.037227
1.679169
2.431792
0.869626
1.729766
3.200225
1.587463
1.201666
1.204828
3.045273
6.198064
2.510848
1.413538
1.669683
2.346410
1.789849
1.758226
1.113122
1.631735
1.138420
2.861861
1.748740
1.464135
0.850653
1.318670
1.103635
1.603275
2.510848
1.540029
3.813707
1.777200
4.566329
2.374871
2.729046
2.194621
2.150349
1.650709
3.642944
3.902251
1.173205
1.634898
2.820752
1.378753
1.065688
1.998559
2.169322
2.216757
1.141582
1.293372
0.806381
2.125051
1.236451
1.024578
1.176367
1.147907
1.755064
3.646106
1.283885
1.097310
2.292651
2.099752
1.464135
0.879113
1.331319
1.957450
1.900529
0.784245
1.381915
1.252262
3.111681
2.466577
1.078337
1.106797
1.657033
1.407214
0.838004
1.445161
1.454648
3.073734
1.049876
2.438116
0.996117
2.194621
1.435674
1.584301
1.312345
1.138420
1.827796
1.385078
1.634898
2.713234
3.235010
1.508406
4.218478
1.963774
1.590626
2.242055
1.992235
1.375591
3.611321
1.568490
0.670403
1.799336
1.271236
1.410376
1.201666
2.852374
1.072012
0.951846
0.894925
1.283885
1.508406
1.435674
2.741695
2.087103
1.650709
2.419142
1.416700
1.644384
1.903691
1.970099
0.907574
1.160556
1.479946
1.679169
1.761389
6.454209
0.736811
0.907574
1.043552
0.844328
1.116284
2.574094
3.861141
2.564607
2.118726
0.856977
2.438116
1.612762
2.188296
2.096590
0.898087
1.473621
1.106797
1.954288
1.214315
2.083941
1.189016
1.821472
2.311625
1.154231
3.209712
1.068850
1.343968
3.124330
1.663358
1.103635
3.535426
4.509408
4.262750
2.156673
1.761389
1.296534
2.071292
1.701305
1.271236
1.378753
2.491875
2.346410
0.812705
3.434234
2.106077
2.276840
1.559003
0.800056
1.581139
2.419142
2.001722
1.404051
2.276840
2.257866
3.149629
2.039669
2.371708
5.420144
1.859419
1.147907
0.986631
1.862582
1.451485
1.938476
4.844609
2.131375
3.491155
1.426187
1.732928
0.645105
1.005604
1.078337
1.483108
1.748740
1.483108
1.596950
0.872789
1.388240
1.603275
1.046714
3.589185
2.532984
0.803219
4.227965
4.107799
1.040389
2.460252
3.038949
5.635179
1.910016
2.966216
1.040389
4.158395
2.008046
1.540029
1.827796
1.201666
1.868906
2.261029
1.859419
3.149629
0.977144
0.904411
1.666520
2.874510
1.318670
2.861861
1.634898
4.044553
1.334481
3.269795
1.777200
2.450765
1.176367
1.755064
2.083941
1.698143
0.796894
1.546354
2.305300
3.687216
1.151069
2.371708
4.790851
1.350293
1.663358
1.827796
0.806381
0.777920
1.132095
2.921945
1.128933
1.283885
0.863302
1.486271
1.906853
1.318670
1.726604
1.030903
1.157394
2.653151
1.106797
1.947963
1.536867
2.305300
1.577977
2.982028
1.353455
3.247659
4.218478
3.165440
1.479946
1.087824
2.621528
3.269795
1.467297
1.141582
0.894925
2.763831
1.018253
3.997119
1.353455
3.203387
1.710792
0.844328
0.980306
2.438116
2.631015
1.293372
2.071292
1.821472
2.147187
1.742415
1.400889
0.926547
1.340806
3.386799
2.302138
1.034065
1.619086
3.174927
1.789849
2.719559
2.634177
2.564607
2.804940
3.579698
1.318670
2.773318
1.894204
3.399448
1.875231
3.959172
2.131375
2.403331
4.860421
3.415260
1.853095
1.049876
1.046714
3.276120
1.793011
1.903691
2.213594
2.959892
2.883997
0.806381
3.057922
1.315508
1.435674
3.260308
2.280002
1.226964
2.014371
1.189016
1.204828
1.489433
1.638060
1.207990
1.827796
2.441278
1.059363
1.290209
1.928989
1.072012
1.910016
0.977144
1.097310
2.545634
2.128213
2.144024
2.931431
1.103635
3.956009
2.292651
0.850653
2.672125
2.776480
1.992235
1.992235
1.796174
1.280722
1.049876
2.004884
4.329158
1.543191
2.703747
1.195341
2.450765
1.830959
2.074454
3.364663
2.144024
0.983468
1.891042
1.416700
1.862582
1.843608
1.574814
2.232568
0.961332
1.081499
3.206550
1.793011
8.712075
4.009768
4.718118
1.922665
1.413538
2.330599
1.182692
1.600112
4.227965
2.008046
2.137700
2.580419
1.770875
1.691819
2.333761
