2.743574
5.529575
1.682914
4.426488
1.796051
3.705240
4.935605
2.064752
2.262742
1.767767
2.828427
2.008183
4.511341
1.286934
1.796051
2.517300
3.040559
4.341636
1.357645
3.040559
1.753625
2.531442
3.903229
3.323402
4.270925
1.767767
3.634529
7.566043
3.973940
1.301076
1.767767
3.111270
8.046875
7.240773
2.446589
1.400071
4.666905
2.573869
2.163747
1.965757
5.699281
2.262742
3.210265
2.248600
1.272792
3.832519
2.177889
3.620387
8.103444
2.050610
2.460732
2.291026
1.258650
1.923330
3.068843
1.060660
1.527351
4.794184
2.375879
5.826560
2.786001
2.828427
2.192031
4.780042
3.054701
6.236682
1.880904
5.727565
2.206173
3.563818
1.301076
1.414214
2.305168
4.030509
2.008183
2.814285
5.628570
2.107178
2.602153
3.238549
2.135462
1.923330
2.192031
2.291026
3.238549
0.961665
3.210265
2.955706
5.670996
2.602153
1.626346
1.117229
3.394113
2.135462
2.036468
4.723473
2.036468
5.034600
1.004092
3.394113
2.446589
1.682914
4.553768
3.563818
2.715290
2.503158
1.767767
3.365828
1.612203
1.880904
2.743574
1.555635
1.767767
3.295118
1.173797
3.379970
1.484924
2.616295
1.414214
2.884996
1.640488
1.852620
2.531442
1.796051
10.748023
4.794184
1.470782
1.810193
2.163747
4.327494
3.210265
3.139554
3.026417
1.923330
2.135462
3.054701
3.280975
3.903229
2.064752
2.474874
1.979899
2.177889
1.442498
3.351686
1.824335
1.781909
1.117229
2.375879
2.107178
6.024550
1.697056
2.771859
3.521392
4.765900
2.757716
3.295118
3.012275
1.470782
1.937473
4.822468
3.422397
11.921820
1.173797
4.313351
2.347595
1.470782
1.626346
3.662813
3.832519
0.975807
1.230366
3.323402
3.365828
1.654630
1.315219
1.315219
1.697056
2.078894
3.351686
7.608469
4.695189
3.125412
4.087077
1.753625
4.737615
6.632662
2.192031
2.899138
1.909188
1.499066
1.725341
1.697056
2.687006
3.450681
1.117229
1.301076
3.323402
2.036468
2.786001
4.087077
4.468915
1.711198
2.333452
3.790092
3.224407
2.107178
6.745799
2.333452
5.006316
3.068843
1.301076
2.814285
4.440631
4.695189
3.125412
5.868986
3.210265
2.814285
1.866762
2.149605
1.612203
1.371787
1.527351
3.040559
2.786001
3.903229
6.250824
1.216224
3.125412
5.628570
2.305168
1.711198
1.725341
5.572001
1.385929
1.088944
6.491240
2.743574
2.177889
1.895046
2.050610
4.483057
1.923330
3.761808
2.404163
1.583919
2.743574
3.705240
2.460732
2.913280
1.866762
4.553768
1.583919
1.414214
2.418305
4.016367
3.648671
3.422397
1.824335
3.507250
3.874945
1.612203
2.559727
3.747666
3.365828
1.612203
7.113494
2.375879
2.347595
1.739483
1.909188
5.006316
1.909188
2.093036
2.531442
1.739483
1.767767
4.412346
2.672864
2.319310
4.893179
4.228499
4.143646
2.630437
6.547809
1.555635
1.640488
2.121320
3.719382
1.258650
5.614428
5.656854
3.761808
2.050610
3.309260
2.050610
2.163747
1.937473
2.517300
3.181981
1.088944
1.343503
5.077027
1.074802
4.638620
1.796051
4.101219
3.606245
2.404163
2.234457
1.216224
2.036468
1.739483
5.416438
1.272792
1.301076
3.309260
2.884996
1.569777
1.428356
1.513209
11.511698
2.446589
1.909188
4.794184
1.428356
3.478965
3.139554
0.905097
2.121320
6.066976
2.347595
3.931514
1.046518
3.535534
1.159655
3.464823
2.503158
1.796051
2.884996
0.890955
2.616295
5.784133
5.600286
2.828427
5.218448
4.525483
1.711198
7.467048
1.513209
3.111270
2.107178
2.870854
6.830652
2.107178
6.745799
4.963890
2.192031
1.004092
2.503158
1.739483
3.351686
2.828427
2.786001
2.687006
6.066976
2.913280
2.107178
8.089302
2.418305
2.588011
2.503158
5.402296
0.989949
2.008183
4.907321
2.814285
3.224407
4.666905
2.672864
1.385929
1.343503
3.832519
1.852620
3.196123
3.167838
1.951615
5.077027
3.351686
2.022325
2.814285
6.717514
2.701148
2.064752
2.347595
2.008183
2.687006
3.394113
7.707464
2.672864
6.561951
2.616295
5.232590
7.056926
6.321535
1.103087
4.030509
2.008183
2.050610
3.210265
1.668772
3.196123
1.781909
3.280975
1.442498
2.064752
2.432447
3.365828
2.050610
2.771859
1.301076
1.329361
4.242641
5.275017
2.489016
5.586144
1.187939
2.771859
5.176022
1.583919
2.644579
2.644579
1.781909
3.563818
2.474874
3.139554
1.598061
2.050610
3.224407
2.064752
5.260874
5.359869
2.842569
3.125412
1.810193
0.919239
2.983991
1.753625
4.341636
2.078894
1.909188
1.781909
3.125412
2.078894
4.624478
2.135462
3.804234
10.974297
1.895046
2.050610
5.501291
6.024550
3.761808
2.163747
3.450681
3.790092
2.432447
1.286934
2.008183
3.592102
1.640488
2.743574
1.484924
3.648671
4.313351
2.715290
3.280975
4.101219
2.192031
4.228499
2.998133
2.404163
2.163747
2.248600
7.212489
2.008183
2.276884
2.347595
3.181981
3.238549
2.064752
2.432447
3.280975
1.555635
2.432447
1.499066
2.701148
1.343503
2.573869
1.711198
1.555635
1.612203
1.456640
8.456997
3.040559
2.446589
3.266833
3.280975
2.955706
2.008183
2.517300
1.810193
3.436539
2.064752
4.398204
4.497199
5.359869
2.446589
8.612561
2.771859
3.478965
2.460732
3.959798
2.616295
3.874945
3.238549
1.838478
3.026417
2.687006
1.852620
2.729432
1.414214
1.654630
1.159655
1.385929
4.525483
2.913280
2.305168
1.880904
1.499066
1.074802
1.569777
1.357645
1.583919
4.016367
5.388154
2.884996
1.994041
2.786001
2.206173
2.220315
1.004092
2.022325
6.802367
1.258650
3.153696
4.228499
2.291026
4.624478
1.046518
4.157788
1.385929
1.484924
2.856711
3.620387
4.638620
4.850753
2.474874
1.400071
1.880904
2.064752
3.860803
1.866762
9.065109
2.093036
1.909188
2.390021
1.272792
1.513209
2.163747
1.937473
3.634529
2.856711
4.228499
1.937473
1.428356
3.082986
1.880904
2.177889
3.889087
2.899138
2.022325
1.979899
1.810193
6.830652
3.054701
2.616295
2.319310
2.899138
2.135462
2.206173
3.295118
1.385929
1.951615
1.258650
2.107178
5.105311
2.262742
2.927422
1.767767
1.824335
5.557859
4.681047
2.361737
4.341636
1.711198
2.234457
10.196480
3.478965
3.620387
2.361737
1.725341
2.983991
1.781909
3.040559
4.723473
2.531442
5.812418
1.753625
3.224407
1.852620
2.800143
2.390021
3.775950
3.252691
2.757716
4.638620
1.569777
1.145513
2.206173
1.796051
1.343503
1.046518
3.903229
2.390021
4.426488
3.323402
2.913280
2.517300
6.491240
6.675088
1.640488
7.933738
3.068843
2.064752
3.153696
1.583919
1.753625
2.616295
1.244508
1.470782
3.662813
4.879037
1.909188
2.432447
2.842569
4.369920
3.436539
12.077384
1.838478
1.711198
1.569777
2.305168
1.343503
1.315219
2.248600
5.614428
1.654630
1.965757
5.996266
3.097128
1.484924
3.026417
3.634529
2.276884
4.709331
3.394113
1.541493
2.658721
2.941564
4.002224
4.850753
2.687006
3.153696
2.262742
1.555635
3.577960
2.149605
5.374012
4.893179
1.527351
1.612203
5.091169
1.555635
4.072935
3.648671
2.856711
9.758074
0.749533
1.909188
2.206173
2.347595
1.583919
7.749890
1.711198
2.870854
3.945656
1.400071
3.337544
1.923330
4.398204
1.272792
1.527351
7.438763
1.979899
3.153696
1.598061
1.668772
1.385929
2.573869
4.412346
0.975807
2.757716
2.701148
3.252691
4.143646
3.620387
1.796051
1.230366
2.163747
2.969848
3.832519
1.994041
5.161880
1.074802
2.588011
3.577960
2.842569
0.791960
1.569777
1.796051
1.965757
2.672864
1.371787
3.719382
4.723473
5.826560
1.555635
1.187939
3.507250
2.234457
4.228499
2.149605
8.131728
2.107178
1.994041
1.442498
1.018234
3.026417
5.444722
1.131371
3.733524
2.149605
2.220315
2.361737
6.858936
1.400071
4.369920
3.323402
3.280975
1.697056
3.634529
2.291026
2.319310
1.895046
2.531442
7.028641
1.583919
2.220315
2.983991
2.687006
2.955706
2.262742
2.856711
1.018234
1.598061
2.998133
2.743574
2.616295
1.767767
2.347595
1.824335
1.428356
1.640488
2.050610
1.781909
2.800143
5.048742
1.583919
1.004092
1.555635
3.210265
2.036468
3.775950
2.658721
4.058793
3.012275
3.139554
1.117229
5.741707
2.361737
3.436539
2.771859
1.484924
1.329361
5.798276
4.454773
1.923330
1.852620
0.735391
1.428356
2.220315
2.899138
1.272792
3.040559
1.301076
1.286934
2.899138
1.824335
3.507250
4.016367
1.979899
3.889087
2.757716
5.091169
3.860803
1.385929
3.295118
3.337544
2.220315
3.309260
4.893179
3.450681
2.701148
2.687006
3.818377
2.474874
3.478965
2.248600
5.190164
7.933738
2.842569
2.658721
1.923330
1.131371
1.852620
3.521392
2.884996
2.814285
4.525483
2.234457
1.513209
1.937473
3.577960
3.111270
2.064752
4.143646
0.933381
2.489016
1.357645
15.853334
3.719382
3.691097
1.258650
3.959798
3.309260
3.394113
1.103087
1.965757
2.291026
4.935605
2.248600
0.721249
2.531442
2.828427
4.242641
2.743574
3.111270
2.800143
3.620387
1.202082
3.903229
1.895046
1.400071
2.149605
2.234457
2.333452
2.078894
2.616295
1.640488
0.961665
1.767767
2.050610
2.913280
2.390021
3.309260
2.050610
1.626346
4.355778
3.351686
4.398204
1.400071
3.478965
3.747666
4.907321
3.224407
3.280975
2.715290
2.672864
4.313351
2.432447
2.177889
2.955706
2.800143
5.105311
1.895046
3.648671
3.959798
5.034600
2.517300
1.810193
2.602153
2.234457
1.569777
2.814285
1.371787
2.771859
1.456640
3.125412
1.753625
1.895046
5.161880
1.725341
1.046518
1.357645
1.442498
1.767767
1.173797
3.379970
2.814285
2.616295
1.187939
3.959798
2.050610
1.923330
3.167838
3.818377
2.828427
6.462956
4.044651
0.848528
1.541493
5.388154
3.280975
2.008183
2.121320
3.917372
7.396337
2.489016
3.634529
7.665038
0.848528
3.747666
3.068843
1.753625
3.026417
2.305168
2.588011
2.333452
1.032376
2.262742
6.675088
2.375879
1.470782
3.464823
2.078894
2.955706
3.323402
1.725341
4.893179
1.244508
2.107178
5.260874
4.723473
4.355778
2.404163
2.630437
2.177889
2.404163
8.174154
4.695189
2.474874
3.337544
5.402296
1.470782
4.567910
3.436539
2.050610
2.743574
3.747666
1.626346
1.654630
1.400071
1.725341
1.187939
2.276884
2.333452
2.432447
3.309260
5.600286
2.630437
1.315219
3.012275
3.719382
4.567910
2.064752
6.420530
2.842569
2.743574
3.295118
1.909188
1.612203
1.343503
1.965757
3.662813
5.020458
1.202082
2.206173
6.957931
7.947880
1.796051
1.767767
5.260874
2.418305
2.432447
5.473006
4.723473
1.626346
1.781909
6.010408
1.499066
2.573869
3.309260
3.394113
3.804234
5.218448
5.289159
4.468915
3.648671
1.979899
2.135462
3.379970
1.640488
2.517300
1.852620
2.786001
1.979899
3.082986
3.478965
1.852620
3.620387
1.301076
3.450681
3.676955
1.965757
3.351686
4.709331
2.814285
1.470782
2.474874
2.078894
1.385929
4.553768
4.681047
1.385929
1.781909
3.832519
1.852620
1.230366
2.687006
1.852620
4.879037
1.838478
1.583919
8.570134
4.058793
1.032376
2.291026
1.697056
2.135462
2.262742
6.406387
5.176022
4.893179
3.252691
1.640488
1.343503
1.145513
3.535534
6.972073
4.044651
6.590235
1.612203
2.177889
1.697056
1.711198
3.408255
1.767767
3.959798
4.511341
5.006316
3.252691
3.790092
4.270925
3.196123
2.757716
2.361737
2.149605
1.979899
3.592102
1.074802
6.745799
7.325626
3.535534
1.428356
4.016367
1.866762
3.436539
3.450681
5.161880
2.121320
1.711198
3.125412
4.794184
4.808326
5.501291
1.569777
3.464823
3.379970
4.864895
2.375879
1.895046
7.014499
1.796051
2.460732
2.559727
5.670996
4.242641
1.711198
3.125412
4.058793
1.725341
2.206173
3.111270
3.790092
1.951615
2.163747
5.911413
6.010408
5.840702
1.979899
1.513209
1.994041
4.850753
2.941564
3.719382
2.630437
1.711198
3.153696
3.931514
2.460732
4.270925
1.598061
2.969848
2.347595
2.375879
2.234457
3.365828
1.654630
3.676955
4.949747
1.060660
1.951615
3.761808
2.729432
2.192031
4.242641
3.959798
1.711198
1.470782
2.305168
1.456640
2.220315
1.796051
4.978032
0.749533
7.368053
1.442498
4.270925
1.004092
2.008183
2.319310
1.145513
1.838478
2.220315
8.131728
1.159655
2.305168
3.889087
4.171930
2.757716
1.258650
2.616295
7.254916
7.014499
1.442498
2.135462
2.517300
1.640488
1.668772
2.234457
5.317443
0.989949
1.866762
1.131371
3.959798
1.470782
1.131371
3.521392
2.588011
1.513209
1.513209
1.032376
2.177889
1.527351
1.979899
1.428356
3.323402
3.026417
2.078894
1.796051
2.856711
2.107178
4.822468
1.753625
2.559727
1.173797
2.177889
3.818377
2.390021
7.481190
3.379970
1.852620
2.573869
3.691097
1.824335
2.135462
3.153696
3.719382
6.618519
3.450681
2.856711
1.937473
1.555635
1.400071
2.955706
7.127636
2.036468
1.626346
1.711198
2.856711
1.951615
2.998133
2.262742
3.295118
6.321535
6.972073
1.753625
3.224407
2.531442
1.979899
2.432447
2.672864
3.252691
3.535534
3.054701
1.598061
3.988082
6.675088
2.064752
1.668772
1.697056
2.234457
6.703372
3.832519
1.385929
1.640488
4.794184
1.216224
1.088944
1.923330
1.527351
5.105311
7.382195
7.707464
3.252691
4.228499
2.715290
2.814285
4.341636
2.418305
1.923330
1.216224
2.955706
3.818377
2.220315
4.002224
6.717514
6.788225
2.870854
2.248600
3.097128
4.949747
2.856711
1.725341
2.743574
4.186072
4.087077
3.181981
4.327494
1.272792
1.272792
1.612203
6.703372
2.107178
5.614428
2.687006
4.270925
3.464823
1.810193
2.616295
2.460732
2.870854
1.004092
1.513209
1.739483
1.979899
1.796051
8.838835
1.697056
2.616295
8.386286
6.109403
2.588011
3.125412
4.256783
3.988082
2.489016
2.474874
2.432447
4.157788
4.101219
2.206173
1.131371
4.525483
1.937473
2.319310
4.200214
1.866762
1.697056
2.842569
1.880904
2.347595
4.115361
2.107178
2.234457
4.850753
1.513209
3.224407
1.385929
2.107178
2.064752
1.470782
1.923330
7.424621
1.852620
0.890955
2.149605
1.343503
1.796051
2.262742
2.602153
1.753625
2.814285
0.919239
1.909188
1.767767
1.456640
2.503158
0.692965
2.842569
1.216224
6.066976
2.983991
3.790092
5.982123
1.343503
1.866762
1.951615
1.541493
2.955706
5.458864
4.765900
3.351686
2.983991
3.874945
1.810193
5.416438
3.210265
3.507250
2.220315
4.355778
2.375879
2.361737
3.054701
0.919239
3.775950
3.125412
1.329361
4.016367
2.276884
1.484924
4.780042
3.139554
1.371787
1.244508
2.107178
7.184205
2.361737
1.781909
4.115361
3.408255
0.692965
4.921463
4.992174
4.836610
4.539626
2.616295
1.230366
1.343503
5.091169
5.190164
1.810193
2.489016
2.489016
1.173797
4.044651
1.470782
3.676955
6.392245
1.909188
3.818377
2.729432
1.329361
11.836968
1.400071
4.087077
1.272792
1.173797
2.192031
1.626346
6.448814
2.305168
4.412346
1.852620
3.450681
1.640488
2.432447
1.852620
5.275017
2.319310
2.248600
2.262742
1.951615
4.652763
1.965757
1.994041
2.206173
2.276884
4.115361
2.135462
2.743574
2.672864
3.097128
1.810193
1.598061
2.008183
3.252691
1.767767
2.220315
3.917372
1.753625
5.501291
3.167838
1.513209
1.852620
1.739483
3.733524
2.305168
1.442498
1.032376
5.967981
0.862670
2.121320
3.549676
2.545584
1.668772
1.329361
1.032376
2.177889
2.248600
2.503158
3.238549
1.711198
6.137687
2.192031
0.905097
2.022325
2.856711
2.149605
2.121320
2.715290
1.612203
1.428356
2.248600
1.484924
1.612203
6.222540
2.404163
1.711198
4.129504
2.149605
2.672864
2.404163
2.460732
2.036468
1.753625
3.068843
1.711198
2.248600
1.286934
2.884996
3.309260
1.824335
1.032376
2.248600
1.682914
2.856711
3.563818
3.606245
5.699281
3.153696
2.517300
1.739483
1.117229
1.060660
2.008183
1.428356
1.965757
1.527351
2.333452
1.216224
6.420530
5.572001
1.428356
2.545584
4.398204
4.200214
5.911413
2.319310
4.016367
1.654630
2.432447
2.786001
3.280975
1.583919
1.796051
1.456640
2.022325
3.563818
2.870854
3.761808
3.549676
2.856711
2.361737
4.115361
4.044651
2.715290
4.963890
3.846661
2.800143
1.470782
5.402296
3.252691
4.468915
2.474874
1.499066
1.583919
2.050610
1.711198
2.715290
6.137687
2.064752
1.343503
1.244508
3.464823
1.838478
2.333452
1.781909
1.527351
3.719382
3.790092
1.838478
1.513209
1.131371
2.446589
10.564175
1.527351
2.361737
3.210265
1.979899
4.765900
2.036468
2.927422
3.988082
2.899138
1.258650
1.866762
4.978032
1.866762
1.173797
1.640488
2.347595
1.838478
1.810193
1.895046
1.272792
4.836610
2.177889
1.994041
1.767767
3.493107
3.097128
1.470782
1.286934
1.230366
0.989949
3.040559
2.192031
1.810193
1.202082
1.640488
3.747666
1.612203
2.248600
1.513209
5.034600
3.097128
3.874945
1.428356
4.511341
4.384062
2.064752
5.868986
1.781909
2.545584
1.682914
2.489016
2.955706
1.046518
2.786001
2.687006
4.270925
6.802367
1.484924
1.951615
4.369920
1.697056
1.796051
1.951615
1.725341
5.218448
2.375879
7.155921
6.873078
2.347595
1.301076
2.998133
4.596194
1.202082
0.806102
2.715290
3.167838
1.484924
3.040559
1.555635
1.456640
3.903229
4.864895
3.606245
2.573869
3.125412
4.638620
2.333452
3.125412
4.327494
1.555635
0.707107
3.549676
2.390021
2.517300
2.135462
2.022325
1.329361
2.248600
1.725341
3.153696
2.998133
3.804234
2.630437
2.163747
1.513209
5.077027
1.640488
7.608469
2.941564
3.790092
1.909188
3.761808
3.026417
3.549676
2.390021
2.149605
4.299209
2.291026
2.361737
3.464823
1.711198
2.969848
1.640488
2.983991
4.186072
1.994041
1.781909
1.541493
2.149605
1.682914
2.828427
1.937473
6.703372
3.111270
3.323402
3.181981
1.357645
3.280975
2.206173
3.111270
2.022325
1.513209
3.959798
7.056926
1.371787
2.036468
6.448814
0.890955
1.753625
2.163747
1.555635
1.697056
2.177889
1.569777
1.456640
2.701148
2.983991
5.345727
1.725341
0.593970
3.252691
7.509474
6.392245
2.545584
6.392245
1.711198
2.899138
3.832519
4.214356
2.998133
6.208398
4.440631
4.384062
1.640488
1.484924
2.121320
4.497199
1.668772
2.687006
3.549676
2.786001
1.852620
3.210265
1.145513
5.996266
3.889087
2.107178
3.097128
5.048742
4.129504
1.541493
3.125412
2.800143
5.077027
4.115361
6.420530
3.606245
4.186072
1.796051
3.054701
2.616295
3.054701
1.499066
2.149605
4.058793
4.681047
6.745799
3.733524
1.880904
2.050610
3.775950
2.517300
6.151829
2.687006
4.327494
2.390021
3.676955
6.943789
2.969848
3.493107
1.951615
3.563818
2.276884
1.711198
1.173797
1.909188
3.323402
2.757716
1.965757
6.561951
4.270925
2.913280
13.647161
7.099352
2.022325
1.484924
1.810193
9.659079
4.780042
3.804234
3.167838
3.196123
2.248600
6.774083
2.729432
2.602153
2.941564
8.980256
4.794184
3.153696
3.097128
4.836610
2.757716
3.648671
2.319310
3.959798
2.305168
3.493107
2.248600
1.668772
2.192031
2.460732
1.583919
1.668772
1.470782
4.256783
2.220315
3.733524
2.913280
1.583919
2.432447
4.341636
1.909188
5.388154
8.117586
1.400071
2.135462
1.046518
0.975807
5.260874
2.828427
2.828427
6.858936
1.838478
1.654630
3.097128
6.491240
2.672864
3.210265
3.620387
1.569777
3.436539
2.064752
5.062885
1.541493
3.691097
2.036468
4.369920
6.335677
3.846661
1.569777
2.319310
2.404163
2.135462
3.620387
2.064752
4.341636
1.923330
4.398204
3.408255
2.319310
6.109403
2.913280
3.592102
2.941564
1.923330
2.573869
1.583919
1.866762
1.088944
1.343503
6.477098
7.665038
4.398204
3.026417
1.315219
0.919239
4.582052
3.889087
2.870854
4.384062
3.733524
3.181981
2.008183
3.860803
2.036468
2.432447
3.521392
5.925555
5.232590
2.390021
3.196123
4.949747
1.414214
4.822468
2.078894
3.931514
2.531442
1.838478
1.767767
4.129504
6.717514
3.224407
1.428356
2.149605
2.729432
3.464823
1.371787
2.418305
3.280975
4.921463
2.800143
1.315219
3.153696
2.927422
1.018234
3.111270
5.359869
1.371787
3.860803
9.489373
2.616295
3.097128
1.866762
1.838478
1.753625
1.824335
2.757716
3.054701
7.254916
1.598061
2.757716
7.636753
4.893179
2.602153
2.390021
3.832519
1.951615
7.594327
8.683271
1.286934
5.147737
1.400071
2.969848
2.983991
7.608469
3.648671
1.555635
1.202082
6.151829
1.866762
0.749533
2.545584
1.951615
1.555635
4.511341
1.286934
1.371787
1.880904
9.772216
4.907321
3.676955
3.040559
1.866762
2.743574
3.196123
3.309260
2.913280
4.949747
3.181981
2.899138
2.291026
1.414214
2.474874
2.969848
3.790092
1.880904
3.097128
4.695189
7.608469
1.329361
2.206173
1.428356
1.838478
2.177889
2.630437
3.379970
4.270925
2.107178
6.802367
3.931514
2.149605
2.149605
2.941564
5.275017
2.093036
1.824335
8.117586
1.682914
2.036468
2.800143
4.666905
1.258650
7.947880
5.246732
2.602153
1.824335
11.921820
1.682914
2.220315
1.965757
1.668772
4.511341
1.555635
2.602153
2.743574
6.660946
3.026417
1.484924
2.658721
2.375879
1.060660
2.941564
1.400071
3.394113
5.020458
5.345727
1.951615
1.258650
0.905097
2.729432
2.559727
7.311484
1.668772
1.781909
4.341636
4.921463
1.640488
4.369920
6.349819
7.481190
2.870854
1.796051
1.371787
2.786001
1.979899
4.214356
2.474874
1.838478
4.143646
1.994041
1.315219
2.375879
1.385929
2.234457
5.190164
2.786001
2.022325
1.173797
4.483057
5.586144
1.569777
6.873078
2.800143
4.864895
1.527351
2.899138
2.899138
9.333810
3.832519
1.343503
6.915504
3.379970
5.176022
2.602153
4.058793
3.111270
1.371787
2.701148
1.739483
4.426488
2.234457
1.880904
2.517300
3.153696
2.177889
2.715290
1.682914
2.248600
1.513209
4.638620
2.248600
1.074802
1.753625
1.541493
2.432447
4.044651
4.044651
1.527351
2.248600
4.214356
2.291026
1.697056
7.679180
1.725341
1.909188
2.573869
6.194255
4.285067
3.252691
2.022325
1.456640
4.468915
1.414214
2.941564
1.923330
2.998133
2.814285
4.511341
1.187939
2.503158
3.945656
6.533667
1.951615
4.468915
1.965757
6.462956
2.955706
3.549676
1.499066
2.884996
2.573869
4.341636
1.400071
4.539626
2.163747
3.761808
1.739483
1.513209
1.470782
3.068843
1.895046
2.220315
2.361737
4.398204
1.428356
2.828427
3.761808
4.256783
2.489016
0.975807
3.224407
3.931514
6.052834
2.347595
1.923330
1.357645
4.666905
6.519525
1.626346
7.085210
1.173797
2.093036
2.064752
1.541493
7.636753
3.181981
3.295118
2.192031
5.034600
2.121320
5.572001
2.234457
1.555635
2.545584
1.612203
3.196123
6.957931
1.979899
3.988082
2.333452
2.121320
7.537758
1.598061
1.781909
2.390021
1.923330
4.398204
3.196123
1.937473
3.408255
3.167838
1.866762
1.060660
1.032376
0.975807
6.335677
4.002224
5.317443
6.703372
2.319310
3.266833
2.913280
2.545584
1.810193
1.230366
1.965757
1.400071
3.224407
6.095260
2.489016
1.810193
6.180113
2.078894
2.404163
3.012275
1.117229
3.988082
4.115361
1.598061
4.525483
1.329361
2.404163
1.484924
1.866762
1.852620
4.285067
0.834386
2.715290
1.711198
2.616295
5.119453
1.810193
1.682914
3.054701
2.192031
4.002224
2.064752
3.775950
3.040559
1.965757
1.371787
1.626346
1.612203
2.347595
2.361737
2.107178
6.378103
3.224407
3.365828
1.909188
2.149605
2.672864
2.107178
4.511341
1.583919
6.462956
3.351686
2.121320
7.820601
4.992174
2.531442
3.196123
4.384062
2.375879
1.937473
1.895046
2.672864
2.121320
1.286934
3.337544
2.573869
3.153696
3.903229
2.022325
2.446589
2.418305
3.082986
7.297342
1.470782
4.539626
3.266833
4.737615
4.426488
2.460732
1.103087
1.994041
7.226631
2.913280
3.648671
2.955706
4.171930
3.125412
2.319310
2.856711
4.666905
4.171930
1.569777
6.236682
5.967981
1.159655
1.400071
2.163747
2.446589
8.131728
3.068843
2.375879
2.050610
2.107178
4.384062
0.820244
1.159655
2.375879
7.566043
4.186072
2.786001
2.064752
2.107178
1.456640
3.945656
1.357645
2.234457
0.848528
3.054701
1.711198
4.666905
2.078894
1.994041
1.965757
5.755849
1.668772
2.729432
3.422397
1.244508
4.384062
4.850753
1.895046
1.640488
5.628570
2.786001
5.812418
2.489016
3.210265
2.234457
3.111270
1.640488
4.384062
1.499066
3.026417
2.305168
1.442498
4.214356
3.507250
2.672864
2.687006
0.919239
1.852620
4.115361
1.258650
6.462956
1.470782
2.206173
4.652763
2.206173
1.371787
4.087077
1.711198
1.400071
1.484924
2.220315
1.682914
2.460732
1.046518
4.143646
4.087077
2.474874
6.392245
1.103087
3.521392
5.967981
2.404163
4.256783
2.800143
5.458864
1.583919
2.305168
4.765900
2.884996
2.460732
1.230366
1.470782
1.315219
4.044651
1.371787
1.923330
1.527351
2.856711
3.507250
1.753625
1.583919
2.064752
4.511341
3.493107
1.527351
3.210265
5.557859
2.319310
1.385929
4.016367
3.111270
5.317443
1.513209
3.082986
4.582052
3.365828
4.002224
3.054701
2.998133
3.238549
1.018234
2.630437
4.129504
2.687006
4.186072
2.672864
2.884996
1.880904
1.923330
2.489016
2.842569
2.644579
1.513209
2.305168
4.101219
1.937473
4.228499
1.527351
6.378103
1.103087
1.371787
1.159655
1.484924
2.220315
2.573869
1.230366
1.484924
4.186072
1.371787
3.464823
1.046518
1.414214
7.382195
2.616295
1.654630
0.947523
2.206173
2.404163
2.828427
3.097128
10.267190
2.602153
1.527351
1.555635
1.202082
2.630437
1.286934
8.683271
2.729432
1.385929
4.949747
2.786001
5.218448
1.796051
3.012275
2.701148
2.149605
1.880904
4.143646
3.196123
3.733524
2.333452
2.404163
1.286934
2.573869
2.771859
4.242641
1.880904
5.982123
1.937473
4.780042
5.275017
3.436539
3.945656
0.961665
2.036468
3.153696
1.923330
4.737615
4.242641
1.004092
7.551900
2.347595
3.408255
5.359869
1.852620
1.230366
4.539626
2.559727
1.428356
1.131371
1.654630
1.555635
3.818377
4.313351
0.721249
2.375879
1.583919
1.909188
3.408255
1.965757
1.329361
2.743574
2.474874
2.220315
6.095260
2.701148
2.078894
2.588011
3.620387
2.390021
1.810193
2.135462
2.884996
3.931514
3.111270
4.398204
4.270925
6.038692
2.927422
0.961665
2.884996
1.682914
1.725341
1.796051
3.733524
4.087077
3.648671
2.093036
1.682914
4.511341
1.994041
1.258650
1.965757
2.404163
2.093036
4.044651
6.279108
1.569777
2.927422
0.989949
1.145513
6.873078
2.107178
3.337544
3.280975
7.962022
2.460732
7.085210
1.640488
1.442498
7.523616
2.078894
3.973940
4.624478
1.145513
2.361737
2.715290
2.814285
4.129504
6.561951
3.379970
1.640488
3.266833
2.008183
2.899138
3.959798
2.446589
4.341636
2.955706
1.598061
1.880904
2.050610
7.212489
7.622611
1.371787
2.192031
2.093036
3.860803
3.139554
1.315219
7.679180
3.026417
4.539626
1.499066
5.444722
2.913280
2.135462
1.753625
2.672864
3.563818
8.145870
3.676955
1.414214
2.771859
4.002224
5.260874
1.965757
2.347595
2.121320
1.668772
4.157788
1.725341
1.711198
6.024550
3.450681
5.204306
2.941564
1.513209
1.583919
2.983991
1.244508
4.087077
6.561951
1.654630
4.327494
5.289159
1.301076
2.729432
2.489016
2.870854
1.852620
4.525483
4.044651
2.757716
1.895046
1.230366
5.458864
5.868986
3.280975
1.767767
2.064752
1.004092
3.521392
4.780042
4.426488
2.050610
8.188297
3.620387
3.111270
1.668772
2.276884
1.385929
1.371787
1.541493
7.622611
7.919596
2.545584
3.139554
2.404163
11.766257
3.379970
3.493107
1.159655
1.937473
2.404163
3.337544
3.196123
1.866762
1.909188
1.781909
2.517300
2.390021
1.343503
2.983991
2.842569
2.531442
1.767767
1.032376
2.262742
4.836610
2.545584
1.583919
7.127636
1.088944
5.444722
2.573869
3.592102
6.180113
2.771859
7.311484
1.286934
4.836610
1.428356
3.012275
9.885353
3.889087
4.002224
3.181981
3.280975
3.436539
3.337544
2.927422
1.456640
3.295118
2.927422
2.814285
1.216224
1.598061
3.691097
2.517300
4.214356
3.889087
1.216224
3.705240
1.937473
1.711198
2.870854
2.248600
2.361737
1.527351
5.133595
1.711198
2.630437
2.446589
4.044651
4.963890
3.747666
1.385929
2.418305
3.394113
5.982123
2.616295
3.295118
7.311484
6.646804
3.012275
2.460732
5.444722
3.252691
1.541493
9.050967
2.842569
6.632662
1.923330
1.329361
1.895046
3.493107
2.361737
1.315219
2.743574
4.129504
10.210622
1.866762
4.341636
2.375879
1.371787
1.626346
3.761808
2.715290
3.691097
2.291026
3.436539
3.691097
2.093036
1.979899
1.357645
0.919239
2.913280
3.592102
1.385929
3.280975
2.149605
4.242641
2.276884
4.016367
1.371787
3.337544
2.177889
2.234457
2.093036
2.786001
7.650895
7.198347
1.414214
3.252691
1.357645
2.715290
4.016367
4.850753
6.873078
6.321535
2.446589
1.951615
2.884996
1.626346
1.442498
2.559727
3.280975
7.834743
2.192031
3.973940
2.757716
2.446589
8.386286
1.640488
3.521392
4.497199
2.715290
2.644579
2.899138
1.979899
2.715290
2.064752
2.658721
1.909188
2.262742
1.979899
7.410479
1.442498
1.428356
3.337544
1.909188
2.828427
5.557859
2.800143
2.941564
3.988082
2.715290
2.531442
3.379970
2.870854
2.884996
3.521392
2.276884
1.951615
4.412346
6.887220
1.979899
1.060660
2.390021
5.048742
1.753625
1.711198
2.177889
1.979899
2.206173
2.913280
4.765900
2.729432
1.866762
2.517300
2.743574
1.880904
4.285067
3.097128
3.068843
1.513209
2.008183
1.173797
4.200214
4.681047
3.012275
2.149605
1.032376
3.309260
4.992174
2.842569
3.549676
1.725341
3.804234
6.957931
1.654630
1.909188
3.493107
3.323402
3.549676
3.535534
2.757716
3.846661
2.078894
2.573869
3.592102
3.309260
3.012275
1.781909
1.202082
1.668772
3.988082
5.402296
2.531442
2.701148
2.517300
2.588011
6.675088
3.507250
3.323402
4.369920
3.592102
1.880904
2.276884
4.157788
1.371787
3.634529
2.828427
4.539626
1.131371
6.929646
1.527351
4.186072
3.493107
1.004092
3.493107
2.276884
1.371787
2.870854
2.206173
2.630437
4.299209
2.276884
1.824335
2.078894
1.456640
1.583919
5.628570
3.973940
1.612203
3.662813
1.697056
2.022325
4.539626
2.022325
1.965757
5.402296
4.992174
3.280975
4.440631
1.796051
2.969848
1.060660
3.606245
3.295118
4.270925
2.715290
2.517300
3.337544
1.060660
2.064752
5.741707
1.088944
5.656854
8.456997
3.790092
2.135462
1.187939
8.273149
1.711198
1.400071
2.644579
2.474874
3.210265
3.408255
4.426488
1.654630
1.202082
2.757716
3.521392
1.414214
2.927422
10.436896
4.355778
2.107178
1.598061
2.446589
2.248600
1.456640
2.503158
1.951615
2.998133
3.549676
1.626346
4.596194
7.551900
2.913280
3.379970
2.771859
2.913280
2.884996
1.272792
8.244865
1.895046
1.753625
1.796051
5.557859
2.050610
4.511341
1.499066
2.644579
0.989949
1.145513
1.796051
2.729432
2.206173
1.838478
1.173797
1.654630
1.456640
4.044651
4.483057
3.719382
1.315219
1.583919
2.983991
2.998133
1.880904
6.547809
2.050610
5.628570
2.220315
1.484924
1.541493
8.160012
3.379970
1.456640
1.103087
2.602153
3.507250
1.230366
3.846661
2.291026
2.687006
3.365828
5.317443
4.822468
1.824335
2.786001
0.933381
4.963890
1.824335
1.796051
3.846661
3.097128
3.719382
4.511341
4.624478
4.313351
9.036825
5.769991
2.998133
10.931871
2.206173
5.529575
3.775950
1.626346
4.624478
5.515433
2.474874
4.285067
2.460732
4.355778
3.436539
2.192031
5.091169
2.729432
3.012275
4.327494
3.874945
4.072935
2.078894
3.280975
1.979899
2.135462
1.513209
1.612203
1.286934
7.184205
2.644579
2.814285
8.329718
0.721249
5.416438
3.719382
3.196123
2.771859
3.606245
3.054701
1.159655
2.036468
2.135462
2.149605
1.272792
3.422397
5.077027
1.725341
2.107178
4.256783
2.545584
3.832519
4.285067
3.238549
4.242641
3.181981
0.834386
2.870854
3.266833
1.810193
1.329361
6.180113
1.612203
1.470782
3.167838
3.988082
2.998133
3.747666
2.093036
2.276884
1.117229
2.234457
2.305168
2.404163
3.648671
3.818377
2.008183
1.979899
3.337544
2.022325
2.460732
1.796051
1.994041
2.573869
2.672864
3.252691
0.919239
2.375879
3.012275
1.583919
2.489016
3.125412
5.557859
1.555635
1.187939
2.531442
2.078894
2.333452
2.743574
6.703372
1.541493
2.969848
2.093036
3.676955
1.895046
2.644579
2.248600
5.402296
2.828427
3.804234
8.994398
1.654630
4.200214
2.842569
5.176022
1.979899
4.369920
5.713423
6.392245
1.753625
3.125412
5.741707
5.967981
1.329361
1.866762
6.180113
3.493107
13.972430
4.200214
4.143646
2.616295
4.200214
1.131371
2.319310
2.489016
2.404163
1.739483
1.994041
1.838478
2.856711
4.596194
4.101219
5.289159
3.280975
1.626346
5.614428
3.450681
2.163747
4.497199
1.824335
2.927422
6.844794
2.658721
2.319310
9.899495
1.654630
1.796051
1.583919
4.044651
4.596194
3.804234
4.327494
2.404163
4.171930
4.101219
5.840702
1.923330
1.456640
3.408255
2.658721
3.026417
2.262742
4.709331
4.186072
1.371787
2.361737
2.404163
2.715290
2.064752
6.109403
6.618519
3.111270
2.630437
1.088944
1.244508
2.305168
4.242641
2.333452
1.739483
2.856711
0.919239
4.171930
3.238549
3.125412
3.351686
3.804234
4.384062
2.715290
5.670996
4.101219
5.133595
3.394113
1.442498
6.590235
1.753625
1.400071
3.705240
3.082986
4.567910
4.426488
3.945656
4.963890
2.630437
3.153696
1.598061
2.701148
3.719382
5.020458
8.640845
1.385929
1.371787
1.202082
1.979899
1.852620
2.588011
3.634529
4.016367
1.527351
1.937473
7.919596
3.535534
2.460732
2.291026
3.436539
4.893179
1.216224
4.129504
2.078894
8.768124
3.012275
2.432447
10.465180
2.291026
1.640488
4.186072
2.192031
5.840702
1.343503
7.665038
4.242641
4.171930
2.489016
4.285067
2.517300
2.800143
4.228499
2.064752
2.687006
1.583919
1.343503
1.654630
3.436539
4.582052
4.454773
2.361737
3.846661
3.931514
6.406387
5.246732
2.842569
3.775950
2.432447
1.937473
1.470782
3.959798
2.177889
1.202082
1.301076
4.751758
3.280975
2.800143
1.513209
2.545584
2.121320
2.305168
2.036468
3.224407
3.224407
1.230366
5.416438
4.468915
5.119453
2.884996
2.672864
1.612203
4.171930
3.210265
4.058793
2.545584
2.757716
2.135462
4.681047
5.600286
1.937473
2.036468
4.072935
8.966114
3.323402
4.044651
1.739483
2.884996
4.610336
1.979899
5.275017
3.846661
1.923330
6.109403
5.374012
3.167838
1.428356
1.145513
1.880904
2.276884
2.814285
6.378103
3.931514
3.577960
1.442498
1.385929
2.446589
2.446589
1.612203
2.757716
2.955706
1.909188
7.297342
2.856711
2.446589
6.137687
6.957931
1.767767
2.206173
5.586144
2.460732
6.844794
2.969848
5.388154
1.046518
4.072935
1.470782
4.228499
2.616295
2.559727
1.244508
1.682914
6.943789
3.818377
4.214356
1.612203
1.979899
3.139554
2.757716
2.969848
1.824335
1.725341
1.810193
3.464823
2.305168
4.963890
3.549676
5.784133
3.818377
4.242641
1.074802
3.181981
2.899138
2.248600
1.527351
2.800143
3.521392
2.913280
1.951615
2.630437
4.483057
2.192031
4.596194
5.996266
0.777817
4.723473
1.272792
2.418305
1.824335
1.612203
2.800143
1.442498
4.497199
4.539626
1.598061
1.668772
1.555635
3.351686
2.814285
2.418305
8.895403
3.252691
3.521392
3.860803
1.753625
3.804234
4.355778
1.994041
2.050610
2.489016
3.478965
3.790092
1.428356
4.412346
2.234457
6.590235
2.262742
2.701148
1.202082
2.319310
2.206173
8.895403
1.456640
2.870854
2.149605
1.739483
1.301076
2.163747
2.192031
2.602153
3.379970
3.648671
1.414214
2.559727
6.576093
1.244508
1.046518
0.834386
1.541493
4.483057
3.097128
8.202439
1.272792
7.919596
8.852977
4.836610
2.078894
1.216224
1.159655
3.846661
2.983991
4.087077
2.800143
2.050610
1.400071
3.097128
4.666905
7.608469
3.068843
4.921463
3.351686
1.668772
2.828427
4.228499
4.454773
1.951615
2.305168
3.832519
3.846661
2.375879
2.036468
1.428356
4.200214
1.824335
1.484924
1.004092
5.034600
1.866762
2.177889
4.341636
2.192031
0.975807
2.588011
2.729432
5.529575
1.272792
2.927422
1.979899
5.996266
4.992174
3.365828
3.662813
4.285067
9.659079
4.468915
2.404163
3.478965
1.937473
2.008183
4.666905
6.929646
1.682914
1.400071
5.670996
5.713423
3.662813
1.301076
1.555635
3.478965
4.850753
3.422397
2.969848
3.252691
7.523616
8.513566
1.103087
1.640488
3.691097
4.214356
1.145513
7.481190
2.941564
1.032376
14.043141
3.040559
1.767767
2.375879
2.870854
2.192031
2.658721
1.329361
4.921463
4.709331
1.569777
6.491240
1.866762
11.780399
1.767767
1.640488
2.220315
6.052834
4.921463
3.832519
1.824335
1.555635
2.177889
1.583919
1.810193
1.753625
4.072935
3.662813
2.276884
4.200214
2.149605
5.699281
0.933381
1.499066
2.262742
3.181981
3.436539
2.446589
2.107178
1.385929
2.955706
4.483057
2.672864
1.400071
4.115361
1.781909
2.234457
1.640488
2.644579
4.143646
1.400071
3.012275
1.527351
4.426488
3.549676
7.056926
2.022325
3.139554
1.682914
2.361737
1.951615
1.838478
1.654630
0.749533
2.489016
4.483057
4.101219
1.598061
2.036468
1.117229
0.933381
2.135462
2.899138
2.701148
3.082986
3.337544
7.495332
1.612203
5.967981
0.806102
2.573869
5.133595
5.515433
1.753625
1.187939
4.822468
2.644579
3.846661
1.046518
2.135462
2.884996
2.107178
3.379970
1.555635
3.478965
3.394113
1.979899
2.545584
3.280975
3.394113
4.468915
2.531442
2.969848
1.060660
2.135462
4.044651
10.974297
1.470782
2.630437
3.804234
3.988082
4.652763
2.121320
1.866762
6.590235
8.442855
1.951615
1.343503
4.921463
3.379970
2.687006
3.846661
1.272792
3.280975
5.303301
6.279108
2.418305
0.735391
1.258650
1.371787
3.676955
2.588011
1.541493
2.969848
5.812418
4.737615
2.927422
5.515433
5.176022
2.192031
4.440631
8.004449
1.527351
1.018234
2.729432
1.272792
4.072935
2.545584
1.923330
2.969848
3.818377
0.975807
2.121320
1.866762
1.230366
3.181981
0.806102
3.323402
3.196123
2.163747
4.171930
6.887220
1.202082
1.315219
2.687006
1.852620
3.705240
3.507250
5.388154
2.616295
2.672864
2.220315
2.460732
3.040559
1.838478
2.559727
3.295118
5.755849
4.723473
2.517300
2.701148
2.969848
0.919239
2.050610
4.525483
1.145513
1.951615
1.357645
7.127636
1.088944
2.192031
2.121320
2.658721
6.180113
1.697056
1.088944
2.899138
4.186072
3.747666
2.998133
3.111270
2.588011
1.060660
9.263099
3.464823
1.371787
1.866762
1.414214
1.371787
6.491240
4.808326
7.636753
3.337544
4.582052
2.503158
5.699281
1.909188
1.456640
4.638620
4.044651
4.285067
4.299209
1.598061
5.685139
4.864895
2.220315
2.206173
3.167838
1.796051
1.895046
1.909188
3.577960
1.230366
1.004092
1.612203
4.780042
3.549676
3.436539
4.709331
1.357645
2.503158
6.929646
1.145513
1.640488
8.188297
3.012275
2.545584
1.484924
1.965757
2.149605
2.884996
1.965757
3.394113
9.418662
2.291026
1.654630
1.456640
4.935605
3.931514
3.082986
4.751758
1.244508
3.111270
2.771859
1.994041
3.535534
8.273149
1.725341
3.889087
2.588011
6.618519
2.008183
4.907321
2.333452
4.242641
3.648671
2.842569
3.507250
2.899138
1.711198
7.467048
2.828427
2.291026
2.276884
5.119453
4.963890
3.365828
11.426846
1.414214
1.414214
3.592102
1.343503
6.392245
3.507250
2.715290
3.365828
6.505382
2.276884
0.947523
2.262742
8.584276
2.743574
5.444722
2.757716
2.347595
2.276884
1.965757
1.470782
0.848528
1.725341
2.375879
1.400071
2.743574
9.065109
2.828427
0.975807
2.163747
2.375879
1.569777
9.008540
5.331585
1.400071
2.418305
1.796051
1.852620
1.640488
0.848528
2.616295
1.357645
2.715290
2.093036
1.739483
3.592102
2.107178
3.577960
2.998133
2.234457
4.355778
5.840702
3.422397
2.177889
3.846661
2.163747
1.781909
2.347595
1.230366
2.644579
5.727565
2.531442
2.375879
2.899138
5.897271
1.315219
2.022325
2.093036
2.969848
2.008183
7.254916
1.909188
3.761808
1.202082
2.842569
2.220315
2.177889
2.602153
3.097128
1.484924
3.309260
2.460732
3.351686
1.937473
1.951615
1.682914
3.563818
1.838478
4.016367
1.923330
1.032376
3.196123
1.654630
3.408255
8.966114
1.612203
3.493107
1.018234
2.149605
2.291026
1.400071
3.889087
4.171930
1.626346
2.036468
3.973940
4.751758
6.010408
2.206173
2.630437
3.917372
2.644579
1.739483
2.022325
2.390021
3.691097
0.876812
2.616295
2.899138
3.210265
2.531442
4.426488
3.648671
1.145513
1.626346
0.791960
6.066976
2.149605
1.880904
1.145513
1.357645
4.115361
2.588011
2.008183
1.682914
1.612203
2.913280
2.602153
4.454773
2.842569
1.484924
2.177889
4.327494
3.012275
3.337544
2.418305
2.121320
2.828427
3.082986
3.196123
2.842569
2.446589
5.628570
1.555635
3.068843
4.200214
1.484924
4.143646
1.682914
2.460732
1.499066
2.404163
2.559727
1.796051
1.400071
3.295118
2.390021
1.626346
1.796051
3.422397
1.442498
7.438763
2.588011
1.979899
1.470782
6.505382
3.705240
3.761808
3.351686
1.272792
4.129504
3.351686
1.018234
4.341636
2.291026
3.266833
2.870854
1.682914
1.895046
2.078894
1.753625
2.177889
5.161880
2.177889
0.876812
2.503158
4.384062
8.471139
6.816509
1.909188
1.074802
1.866762
3.196123
2.814285
0.862670
3.408255
2.418305
3.266833
4.016367
3.181981
1.456640
3.563818
2.701148
1.923330
2.347595
5.699281
3.139554
3.252691
3.973940
8.810550
3.832519
4.567910
3.507250
1.286934
5.232590
1.810193
2.078894
1.583919
5.685139
1.994041
1.923330
1.923330
4.567910
1.895046
3.026417
3.422397
3.860803
2.489016
3.945656
2.121320
2.573869
2.559727
1.428356
3.507250
3.676955
6.915504
1.272792
2.771859
2.474874
2.234457
2.658721
1.470782
2.319310
8.753982
2.333452
1.697056
2.545584
1.711198
2.078894
3.733524
3.238549
1.442498
2.234457
1.499066
2.107178
7.551900
1.711198
2.828427
1.541493
1.739483
4.087077
3.549676
2.743574
4.002224
3.818377
5.784133
4.115361
7.113494
1.640488
0.763675
5.557859
1.400071
2.503158
3.889087
2.927422
1.272792
2.361737
1.074802
2.856711
4.341636
9.743931
2.418305
3.351686
1.753625
4.596194
2.828427
1.965757
1.697056
4.681047
1.923330
1.343503
2.672864
2.375879
1.640488
4.850753
1.414214
3.945656
3.577960
5.077027
3.804234
3.224407
3.167838
4.879037
4.652763
1.414214
1.272792
1.244508
4.553768
2.135462
5.119453
1.739483
3.478965
3.959798
2.460732
4.171930
2.206173
2.206173
2.050610
3.691097
1.711198
1.074802
5.953839
0.905097
2.107178
4.681047
2.262742
3.804234
1.810193
4.921463
2.022325
2.729432
9.800500
1.880904
1.357645
5.487149
4.539626
3.931514
4.426488
3.323402
3.945656
1.682914
3.860803
3.507250
2.404163
4.567910
2.008183
4.765900
5.614428
2.107178
3.111270
2.291026
2.856711
5.458864
5.727565
2.588011
8.131728
3.068843
3.620387
3.196123
1.838478
2.008183
1.555635
5.062885
3.889087
3.323402
3.111270
2.687006
6.547809
1.499066
1.626346
2.602153
2.517300
3.493107
6.038692
1.258650
1.272792
1.131371
3.549676
2.658721
1.428356
2.715290
1.838478
1.838478
1.810193
1.852620
1.117229
2.418305
6.703372
3.280975
4.242641
1.880904
2.093036
2.404163
1.385929
1.923330
2.248600
1.640488
3.408255
3.167838
3.068843
3.238549
1.612203
6.123545
3.648671
1.414214
2.644579
3.040559
4.115361
4.058793
2.036468
3.224407
1.513209
1.428356
1.880904
4.044651
5.967981
2.602153
4.200214
2.262742
3.676955
1.301076
1.541493
1.824335
1.668772
1.400071
2.743574
3.889087
9.659079
3.761808
3.931514
2.771859
4.539626
1.612203
4.949747
8.598418
1.442498
3.139554
1.739483
2.107178
1.895046
1.612203
2.262742
2.404163
0.975807
1.711198
3.167838
2.333452
4.313351
5.501291
2.050610
2.884996
2.220315
2.177889
5.303301
1.329361
1.230366
1.202082
1.527351
1.810193
4.270925
2.588011
2.757716
2.701148
4.850753
3.167838
2.177889
1.598061
1.499066
4.666905
4.398204
1.187939
2.573869
1.541493
2.177889
5.190164
3.295118
5.034600
2.220315
3.097128
2.983991
4.256783
3.139554
4.242641
2.870854
4.101219
2.404163
2.064752
1.824335
1.371787
4.313351
2.163747
2.276884
4.695189
9.036825
5.883128
1.796051
3.238549
3.422397
1.244508
3.634529
1.088944
2.743574
5.487149
2.192031
3.832519
1.781909
3.323402
1.598061
1.484924
1.994041
4.157788
3.408255
0.961665
2.672864
2.333452
3.577960
3.860803
5.289159
2.418305
3.394113
2.757716
1.668772
2.093036
1.682914
3.295118
1.810193
2.220315
1.796051
6.024550
2.856711
3.026417
2.276884
1.767767
2.460732
4.087077
2.630437
3.309260
2.192031
2.531442
4.030509
3.832519
0.834386
1.244508
1.046518
4.016367
2.701148
2.658721
2.163747
1.711198
5.204306
1.979899
3.676955
4.949747
2.276884
3.917372
4.270925
2.078894
1.810193
1.159655
2.361737
4.440631
3.747666
2.786001
2.192031
1.697056
1.258650
4.341636
1.923330
9.814642
2.347595
4.497199
1.513209
3.111270
2.418305
1.951615
2.814285
2.701148
1.357645
5.458864
3.507250
4.539626
1.852620
1.484924
5.572001
1.555635
4.256783
8.358002
3.224407
2.559727
1.994041
6.434672
1.852620
3.026417
2.234457
3.337544
3.790092
4.780042
2.206173
3.068843
4.808326
2.248600
2.715290
4.115361
3.889087
2.573869
1.909188
7.014499
1.909188
1.753625
1.371787
3.790092
1.527351
4.058793
1.838478
2.786001
3.889087
6.547809
4.652763
1.499066
4.780042
1.286934
1.668772
1.640488
9.079251
1.937473
1.739483
4.087077
4.582052
4.157788
3.648671
3.620387
2.291026
0.947523
1.103087
4.638620
2.687006
2.050610
3.620387
1.598061
2.319310
3.040559
2.163747
6.137687
3.111270
5.685139
3.775950
2.800143
2.941564
8.188297
2.305168
1.583919
3.874945
2.390021
2.955706
1.442498
6.010408
2.503158
1.951615
2.460732
0.862670
1.385929
1.810193
1.895046
2.121320
2.998133
2.983991
5.487149
2.771859
1.824335
4.143646
3.620387
1.357645
3.097128
5.557859
1.895046
4.101219
4.044651
4.879037
3.026417
3.775950
1.796051
3.309260
2.503158
6.802367
2.672864
7.269058
4.072935
5.275017
1.810193
5.260874
3.408255
3.210265
6.561951
2.248600
2.022325
2.361737
2.927422
2.517300
3.210265
3.804234
2.630437
3.224407
2.192031
5.784133
1.626346
3.620387
4.638620
1.244508
3.747666
1.682914
5.614428
1.951615
1.400071
3.238549
2.489016
2.262742
2.517300
1.810193
5.176022
6.519525
1.428356
2.262742
2.687006
7.226631
3.691097
1.187939
2.036468
3.252691
2.969848
8.174154
3.535534
4.129504
2.559727
3.606245
2.390021
1.994041
2.192031
2.927422
4.341636
1.343503
1.626346
1.216224
12.600643
2.375879
1.286934
2.036468
2.347595
2.559727
4.992174
2.093036
1.711198
1.343503
3.846661
2.149605
1.598061
1.951615
3.606245
1.895046
4.539626
7.792317
4.780042
4.893179
1.004092
2.786001
2.064752
1.979899
2.333452
5.232590
4.963890
3.040559
1.979899
4.610336
1.852620
2.404163
3.252691
3.238549
1.159655
3.040559
5.345727
1.937473
3.563818
3.691097
2.404163
7.113494
2.715290
2.644579
1.385929
8.499424
3.606245
1.640488
6.406387
2.234457
2.404163
3.705240
1.866762
2.687006
2.658721
2.489016
1.442498
1.895046
1.824335
5.161880
2.333452
1.668772
1.470782
2.149605
3.775950
7.764032
1.414214
2.050610
1.866762
1.852620
1.513209
0.947523
2.008183
3.464823
6.717514
2.319310
1.004092
1.315219
3.719382
1.697056
3.097128
2.390021
2.474874
4.115361
2.630437
1.442498
3.860803
1.343503
3.054701
4.044651
2.658721
2.446589
2.955706
2.361737
3.295118
4.002224
6.010408
5.289159
2.998133
0.777817
1.994041
1.032376
5.317443
1.088944
2.036468
3.238549
3.224407
3.804234
3.026417
5.034600
2.856711
4.822468
1.923330
1.385929
4.044651
6.010408
3.521392
5.458864
2.715290
1.230366
1.541493
1.272792
1.371787
2.588011
3.648671
1.781909
1.456640
5.784133
1.046518
1.555635
5.359869
1.725341
2.262742
2.489016
3.959798
1.668772
9.121677
1.838478
1.272792
2.248600
1.428356
4.002224
1.527351
1.965757
4.016367
1.414214
1.965757
4.610336
5.430580
3.167838
2.729432
2.913280
2.276884
8.527708
1.739483
1.824335
2.404163
3.167838
4.468915
1.951615
4.638620
2.588011
4.511341
2.602153
2.856711
3.719382
3.493107
2.177889
1.187939
2.998133
2.220315
2.163747
2.630437
2.192031
2.305168
2.262742
3.422397
7.071068
4.171930
1.315219
4.483057
1.781909
1.385929
2.177889
2.913280
4.412346
7.509474
7.368053
3.337544
5.359869
2.262742
2.248600
6.052834
1.470782
0.975807
3.139554
6.378103
3.478965
3.832519
3.478965
4.553768
3.167838
2.588011
16.390735
3.394113
2.206173
1.032376
2.503158
3.521392
5.487149
1.866762
2.361737
1.739483
4.511341
1.951615
1.060660
3.507250
4.101219
2.008183
3.082986
1.965757
1.852620
1.626346
3.691097
3.012275
2.870854
4.214356
3.676955
3.153696
4.369920
8.358002
4.200214
1.583919
4.200214
2.333452
5.784133
1.187939
1.583919
7.467048
4.384062
3.592102
5.020458
2.644579
1.442498
2.517300
6.844794
3.422397
3.818377
5.854844
1.088944
1.484924
2.517300
1.612203
4.115361
2.743574
5.345727
3.408255
2.814285
2.050610
5.586144
1.442498
1.909188
4.440631
1.187939
3.733524
2.899138
2.545584
6.137687
2.588011
2.234457
1.428356
1.018234
1.258650
1.470782
4.115361
1.527351
2.276884
1.074802
1.781909
2.375879
4.440631
1.117229
3.167838
5.557859
2.361737
1.895046
7.254916
6.208398
3.337544
2.121320
5.656854
4.129504
5.416438
2.602153
1.569777
3.535534
3.167838
1.979899
4.355778
3.266833
2.715290
5.020458
5.077027
1.060660
1.781909
2.687006
1.781909
5.812418
2.333452
6.986215
3.917372
1.216224
2.630437
5.119453
5.798276
2.503158
3.040559
2.715290
1.895046
5.670996
8.951972
5.939697
2.559727
2.064752
3.761808
2.616295
2.573869
4.893179
3.592102
2.602153
6.222540
3.917372
2.333452
2.743574
2.602153
2.347595
7.452905
3.125412
2.870854
4.864895
1.527351
8.527708
1.569777
3.973940
4.072935
2.955706
5.260874
4.186072
2.390021
3.323402
3.549676
7.042784
1.852620
1.315219
1.470782
1.612203
1.711198
1.725341
4.978032
5.161880
1.428356
1.470782
1.668772
3.606245
2.630437
2.390021
2.234457
2.828427
1.965757
2.771859
3.719382
2.064752
3.563818
2.121320
2.927422
3.153696
2.474874
2.248600
1.583919
3.719382
1.838478
3.832519
8.358002
9.729789
5.911413
10.210622
1.343503
1.555635
6.151829
8.273149
2.078894
2.163747
9.630794
1.654630
2.573869
2.786001
8.881261
8.527708
5.628570
2.644579
3.280975
4.893179
7.848885
1.046518
2.460732
1.513209
4.836610
5.161880
2.616295
2.234457
6.038692
1.202082
4.864895
3.860803
4.157788
1.852620
3.846661
3.917372
1.810193
3.365828
1.400071
5.444722
3.832519
11.257140
2.305168
3.719382
0.777817
4.214356
2.361737
2.050610
2.757716
1.301076
4.115361
2.347595
4.143646
1.979899
1.612203
3.422397
2.107178
2.347595
3.818377
2.008183
2.842569
1.654630
1.357645
3.337544
10.634886
1.470782
2.460732
2.064752
3.139554
3.196123
2.135462
1.286934
2.588011
3.422397
1.909188
3.761808
2.220315
3.747666
2.093036
2.078894
4.681047
2.786001
1.117229
6.759941
4.369920
6.180113
3.973940
3.181981
1.286934
3.563818
5.769991
1.979899
2.319310
1.117229
2.022325
2.913280
2.008183
5.388154
2.064752
3.450681
1.852620
1.301076
3.196123
1.824335
2.404163
1.725341
5.303301
1.470782
4.610336
3.224407
1.131371
5.275017
3.012275
2.503158
2.715290
4.723473
3.493107
3.238549
1.880904
1.951615
2.064752
2.573869
3.026417
1.371787
4.030509
0.975807
4.214356
1.060660
1.484924
2.983991
1.131371
5.685139
2.687006
2.390021
6.477098
4.355778
3.846661
5.119453
2.503158
6.972073
5.062885
1.428356
4.794184
3.252691
1.725341
1.796051
6.279108
1.371787
5.953839
3.917372
2.432447
4.115361
2.517300
2.800143
2.220315
1.796051
3.507250
2.828427
2.998133
3.097128
4.157788
2.333452
6.222540
2.064752
7.254916
1.484924
2.870854
3.691097
4.426488
2.658721
3.761808
3.620387
2.489016
1.286934
4.709331
2.573869
3.153696
3.125412
1.159655
1.569777
1.428356
7.665038
3.464823
3.054701
1.598061
3.252691
1.258650
8.909545
2.446589
1.470782
1.739483
1.979899
3.323402
1.499066
5.119453
2.870854
1.923330
10.069201
4.567910
4.864895
3.606245
2.319310
3.394113
2.870854
1.909188
3.422397
3.295118
3.082986
2.390021
1.343503
2.206173
1.357645
5.812418
4.511341
4.525483
1.711198
3.931514
1.895046
3.747666
2.446589
2.418305
1.612203
1.117229
2.234457
4.992174
3.181981
4.313351
2.545584
3.874945
2.644579
4.369920
1.400071
1.781909
2.856711
1.937473
2.998133
2.418305
2.884996
4.525483
5.769991
1.909188
3.379970
2.573869
3.167838
1.527351
2.531442
7.877170
3.761808
2.291026
4.822468
3.620387
2.432447
1.739483
2.248600
9.234815
2.941564
2.800143
2.206173
4.638620
2.814285
9.192388
1.555635
1.810193
1.598061
1.668772
1.456640
3.224407
1.216224
1.895046
9.503515
2.573869
1.244508
2.531442
1.470782
5.883128
1.527351
1.781909
9.376236
1.668772
2.305168
1.159655
5.147737
1.923330
1.414214
2.446589
11.596551
1.428356
3.139554
2.121320
3.620387
3.662813
3.889087
3.082986
1.668772
1.697056
3.577960
0.933381
2.220315
1.810193
1.343503
3.082986
4.270925
1.937473
3.252691
5.656854
4.553768
2.008183
2.050610
3.592102
5.501291
1.230366
2.800143
1.909188
2.474874
2.432447
2.149605
9.913637
3.719382
2.206173
4.468915
2.743574
2.333452
6.590235
2.814285
2.743574
1.796051
7.000357
3.323402
2.078894
1.753625
3.917372
7.438763
5.374012
2.163747
3.705240
3.464823
1.400071
4.751758
4.624478
8.386286
3.153696
2.022325
2.121320
8.838835
2.036468
3.196123
11.568267
3.464823
2.828427
1.428356
2.814285
2.474874
4.186072
3.733524
2.347595
4.016367
1.824335
6.279108
1.244508
2.305168
3.054701
2.687006
5.062885
5.487149
1.909188
1.583919
1.315219
2.446589
1.640488
6.618519
1.697056
4.270925
4.058793
1.895046
6.066976
2.135462
3.082986
1.824335
1.640488
4.921463
4.751758
1.470782
1.583919
2.687006
3.549676
4.879037
1.909188
5.458864
4.978032
3.691097
3.464823
4.567910
5.798276
7.297342
1.951615
2.658721
10.111627
1.612203
3.295118
1.484924
7.042784
1.682914
3.394113
3.818377
2.206173
1.895046
3.973940
2.446589
3.705240
4.780042
2.107178
1.937473
1.286934
3.012275
5.868986
2.800143
1.583919
2.474874
5.656854
7.000357
2.375879
3.676955
1.725341
2.333452
3.012275
2.884996
4.327494
1.400071
3.874945
2.036468
2.276884
2.630437
1.541493
1.527351
1.513209
4.186072
2.884996
4.765900
4.355778
5.359869
2.008183
1.414214
8.626703
4.765900
2.800143
2.206173
3.818377
2.050610
5.176022
2.206173
5.430580
2.771859
1.400071
5.388154
2.064752
3.167838
2.078894
1.301076
6.038692
1.994041
1.583919
3.280975
1.541493
2.305168
5.232590
3.111270
2.276884
3.026417
2.955706
4.412346
2.390021
2.036468
2.814285
1.739483
1.173797
2.786001
3.691097
2.828427
2.856711
1.965757
1.484924
2.573869
0.905097
3.959798
1.442498
1.145513
1.385929
4.412346
3.210265
1.060660
2.022325
2.489016
3.337544
1.697056
1.555635
1.032376
1.315219
1.103087
3.266833
2.220315
2.375879
6.052834
1.810193
2.757716
2.602153
2.206173
1.838478
4.992174
2.050610
2.503158
1.753625
1.668772
3.507250
0.905097
2.644579
2.517300
1.159655
1.329361
2.121320
1.258650
1.668772
2.220315
1.612203
1.117229
2.630437
2.531442
4.553768
1.965757
1.682914
1.216224
1.979899
2.644579
6.830652
2.927422
2.390021
3.111270
3.761808
1.598061
3.592102
4.256783
2.489016
2.870854
8.753982
3.478965
3.676955
5.020458
2.729432
2.375879
1.131371
1.329361
2.291026
1.965757
1.753625
2.644579
1.612203
1.796051
2.135462
1.598061
2.715290
3.691097
5.699281
3.606245
1.951615
2.404163
1.626346
1.131371
1.499066
3.040559
2.234457
6.618519
2.107178
1.060660
1.230366
3.931514
1.244508
5.557859
6.505382
2.093036
1.739483
2.701148
1.767767
4.355778
1.951615
4.101219
3.493107
5.685139
2.503158
3.464823
8.456997
3.719382
2.658721
1.781909
3.196123
6.165971
1.598061
2.262742
3.394113
2.588011
3.705240
1.923330
4.652763
2.248600
4.299209
2.078894
2.305168
2.093036
2.842569
1.329361
7.467048
2.630437
1.739483
1.739483
2.305168
1.739483
1.824335
3.973940
1.866762
3.054701
1.103087
2.517300
5.020458
0.961665
1.258650
3.493107
1.866762
2.276884
1.456640
3.026417
3.295118
2.573869
2.955706
5.260874
1.484924
2.078894
1.371787
2.078894
1.046518
2.531442
3.959798
3.252691
7.014499
2.220315
4.369920
6.462956
2.573869
4.836610
1.725341
1.131371
3.181981
2.786001
5.218448
1.513209
2.814285
4.341636
2.588011
3.592102
3.563818
2.361737
1.286934
9.701505
5.275017
4.483057
2.630437
2.248600
2.022325
2.135462
2.390021
5.784133
2.729432
1.513209
6.194255
2.361737
3.450681
5.190164
2.093036
1.569777
1.640488
3.422397
3.153696
7.113494
3.464823
2.276884
4.186072
4.935605
4.214356
5.034600
2.559727
2.771859
4.511341
3.337544
2.771859
5.176022
1.244508
3.323402
2.856711
2.927422
5.572001
3.125412
1.965757
2.291026
3.507250
1.824335
1.739483
4.299209
2.941564
2.418305
5.614428
2.276884
5.091169
4.695189
2.969848
4.907321
3.577960
4.610336
2.319310
1.668772
1.343503
1.654630
4.751758
4.270925
3.691097
1.668772
2.220315
3.210265
1.895046
3.903229
2.503158
6.321535
1.428356
4.879037
1.866762
2.234457
1.965757
11.893536
1.173797
1.781909
4.709331
3.097128
1.428356
2.842569
1.725341
3.761808
4.794184
3.860803
1.979899
3.917372
3.238549
2.291026
5.303301
2.870854
1.400071
9.333810
1.612203
3.620387
5.388154
2.545584
1.484924
2.234457
2.969848
3.365828
3.040559
3.790092
2.036468
5.077027
2.234457
2.701148
3.153696
2.771859
2.460732
1.117229
2.432447
2.489016
2.192031
1.852620
3.097128
2.404163
2.404163
5.529575
5.840702
4.016367
2.432447
4.666905
1.527351
2.206173
2.771859
1.470782
1.428356
2.955706
1.414214
2.291026
2.814285
2.404163
2.333452
1.753625
3.662813
1.258650
1.682914
1.131371
3.592102
8.075159
2.771859
1.131371
2.036468
4.157788
3.931514
1.074802
4.624478
3.309260
1.838478
4.072935
1.838478
1.852620
1.880904
2.870854
1.527351
1.216224
3.238549
4.030509
1.951615
4.327494
1.569777
1.923330
2.913280
4.963890
1.357645
3.252691
2.248600
2.955706
3.153696
4.398204
1.979899
2.022325
2.008183
2.291026
1.202082
2.771859
8.442855
7.368053
1.654630
5.147737
3.012275
4.949747
1.668772
2.361737
2.177889
4.299209
2.078894
1.371787
2.064752
1.612203
1.725341
1.385929
1.569777
3.691097
1.824335
1.824335
2.630437
3.054701
1.301076
2.262742
2.969848
3.733524
2.276884
2.955706
0.848528
1.810193
2.814285
1.145513
3.394113
4.214356
3.337544
1.286934
1.654630
3.493107
1.965757
2.291026
4.030509
3.507250
2.291026
3.365828
1.781909
3.606245
2.262742
1.711198
2.305168
2.757716
1.258650
6.123545
4.652763
3.648671
2.418305
1.301076
4.030509
1.682914
1.668772
1.315219
1.626346
5.176022
4.525483
1.301076
2.248600
2.517300
2.418305
1.852620
1.838478
1.173797
2.743574
3.818377
2.460732
1.187939
2.588011
2.588011
1.301076
2.262742
5.147737
3.493107
1.810193
1.272792
2.418305
2.305168
1.400071
2.489016
1.753625
5.161880
13.039049
3.266833
3.860803
2.121320
2.616295
4.256783
4.072935
2.093036
2.729432
1.088944
2.672864
2.418305
1.923330
4.567910
1.018234
1.866762
1.866762
3.422397
2.248600
2.319310
3.450681
2.149605
2.121320
2.305168
7.339768
1.810193
4.002224
1.937473
2.432447
4.228499
3.959798
1.682914
2.474874
2.404163
2.630437
1.612203
4.454773
1.004092
4.652763
2.856711
1.400071
2.588011
1.357645
2.177889
2.050610
3.139554
2.842569
2.149605
2.163747
1.668772
6.137687
5.232590
3.790092
1.286934
2.177889
2.616295
2.064752
1.216224
3.507250
2.814285
5.275017
3.790092
3.606245
1.442498
5.119453
1.484924
3.747666
3.054701
1.654630
2.347595
3.478965
2.036468
3.747666
3.464823
1.117229
1.159655
11.851110
1.739483
1.555635
1.852620
1.103087
3.125412
5.176022
1.202082
3.125412
2.927422
3.337544
1.753625
5.077027
1.088944
13.350176
2.446589
1.131371
2.573869
4.270925
3.832519
2.856711
1.583919
3.280975
3.705240
2.262742
1.682914
1.230366
2.149605
1.499066
2.729432
2.276884
4.214356
2.093036
5.430580
2.559727
2.390021
1.187939
2.474874
2.206173
2.121320
2.347595
2.149605
1.541493
3.167838
2.644579
2.404163
4.157788
2.517300
1.343503
4.652763
1.371787
1.400071
2.064752
3.139554
1.258650
1.088944
2.036468
4.850753
1.640488
3.266833
2.701148
5.034600
1.951615
4.200214
2.036468
2.220315
3.054701
5.006316
5.345727
2.064752
4.553768
5.260874
2.446589
2.291026
2.220315
2.220315
4.808326
2.234457
2.121320
3.266833
3.577960
1.499066
1.682914
1.598061
1.994041
2.446589
4.256783
3.295118
1.032376
5.741707
4.242641
5.515433
3.662813
2.050610
2.503158
2.588011
2.687006
1.230366
4.157788
2.361737
2.149605
3.775950
1.598061
1.668772
2.192031
2.814285
4.355778
3.931514
2.446589
1.767767
1.527351
5.048742
5.275017
1.668772
2.460732
1.880904
2.192031
3.478965
5.501291
1.357645
5.741707
2.432447
1.598061
2.375879
5.303301
12.487506
2.460732
2.078894
1.753625
1.598061
2.941564
1.583919
1.866762
3.860803
6.901362
5.331585
1.258650
1.711198
2.616295
3.125412
2.531442
1.781909
7.382195
2.715290
4.044651
2.291026
2.347595
1.838478
1.555635
1.654630
8.867119
1.880904
3.026417
6.477098
6.095260
5.062885
2.361737
2.800143
3.097128
4.002224
1.753625
4.186072
2.050610
4.567910
1.852620
1.682914
2.291026
2.672864
3.054701
4.030509
5.161880
2.503158
2.347595
1.711198
3.252691
3.238549
1.612203
2.107178
3.592102
2.743574
10.253048
1.994041
1.810193
3.125412
2.842569
3.818377
3.620387
2.687006
2.870854
2.008183
6.066976
4.171930
2.884996
2.333452
9.927779
2.305168
3.337544
6.307392
1.343503
5.161880
5.006316
2.786001
1.937473
1.711198
9.333810
3.111270
1.965757
4.256783
3.493107
5.670996
2.602153
3.818377
2.262742
0.862670
3.224407
3.323402
2.305168
2.163747
1.286934
5.402296
2.192031
5.840702
2.276884
2.800143
1.909188
3.252691
0.919239
3.634529
1.470782
3.266833
1.456640
1.824335
3.874945
1.951615
5.147737
1.739483
5.147737
1.781909
1.258650
5.260874
1.357645
3.280975
2.545584
7.622611
3.889087
2.955706
3.379970
1.824335
3.507250
5.444722
2.276884
4.935605
2.220315
1.682914
2.347595
2.036468
2.687006
1.173797
3.323402
4.511341
4.087077
1.470782
2.588011
1.739483
2.531442
1.088944
3.351686
3.917372
3.026417
7.297342
3.054701
3.747666
3.464823
5.062885
2.602153
3.295118
2.786001
2.220315
1.654630
2.064752
3.577960
3.945656
1.583919
1.697056
2.121320
7.848885
3.804234
3.832519
2.375879
2.206173
1.895046
1.810193
2.135462
3.747666
3.026417
4.525483
3.280975
1.781909
2.616295
2.658721
2.206173
3.450681
2.729432
2.078894
2.008183
1.937473
4.426488
2.955706
1.131371
2.333452
2.983991
6.038692
1.301076
2.899138
4.652763
1.810193
2.022325
2.531442
2.347595
2.545584
2.955706
1.612203
2.432447
2.432447
4.440631
3.973940
5.147737
1.527351
7.283200
4.058793
2.305168
4.567910
4.129504
1.753625
4.002224
2.347595
1.781909
3.804234
2.743574
0.862670
2.870854
3.577960
2.446589
2.121320
2.333452
5.713423
1.753625
4.256783
2.757716
1.880904
4.695189
8.117586
1.442498
1.838478
7.509474
1.697056
1.994041
3.705240
1.810193
1.357645
5.091169
4.115361
4.200214
1.018234
2.163747
5.699281
2.446589
2.800143
2.347595
2.022325
2.531442
2.036468
2.361737
2.884996
1.428356
2.291026
6.717514
1.824335
3.082986
5.600286
1.824335
2.418305
2.998133
2.078894
2.446589
0.749533
4.313351
1.598061
1.824335
1.131371
4.864895
2.078894
6.194255
2.616295
1.824335
2.743574
4.270925
5.260874
2.856711
2.828427
1.428356
3.606245
1.923330
3.592102
2.036468
3.959798
2.121320
4.200214
16.376593
1.371787
1.725341
3.521392
1.018234
3.210265
5.600286
4.666905
2.701148
2.630437
1.895046
3.662813
2.955706
4.341636
6.774083
1.781909
2.333452
2.234457
4.242641
3.266833
1.371787
10.267190
1.442498
3.054701
2.276884
4.412346
2.644579
2.248600
1.626346
1.088944
2.630437
1.697056
12.445079
1.909188
2.559727
2.588011
6.986215
1.442498
4.115361
2.121320
2.036468
1.484924
1.103087
1.555635
3.818377
3.111270
4.242641
3.790092
5.925555
6.618519
6.194255
3.535534
3.365828
1.329361
1.470782
3.676955
1.230366
1.343503
1.400071
1.484924
1.838478
3.436539
1.937473
1.937473
1.187939
1.301076
1.824335
1.753625
4.341636
2.390021
3.450681
2.347595
2.291026
6.095260
5.967981
1.286934
0.947523
2.616295
4.200214
1.216224
3.436539
1.852620
1.598061
1.301076
1.697056
4.285067
2.771859
1.230366
3.097128
6.165971
4.186072
1.994041
6.561951
3.210265
3.280975
2.489016
1.951615
1.697056
3.493107
7.820601
2.008183
1.824335
10.055058
2.856711
7.042784
3.295118
1.371787
5.091169
3.676955
2.305168
2.121320
2.078894
1.937473
2.503158
4.864895
2.347595
4.808326
2.630437
3.577960
1.711198
1.484924
5.416438
2.927422
4.723473
3.351686
1.301076
3.860803
3.450681
2.192031
4.299209
1.711198
3.252691
2.291026
2.276884
3.210265
3.592102
2.644579
2.135462
1.315219
2.220315
1.895046
2.262742
2.192031
4.072935
3.394113
3.917372
3.167838
3.196123
4.341636
3.634529
3.196123
1.385929
1.654630
2.644579
3.634529
2.503158
3.280975
6.533667
1.385929
5.755849
4.256783
2.630437
3.775950
4.468915
4.242641
1.937473
3.931514
2.545584
1.909188
2.503158
2.107178
2.814285
3.719382
6.194255
3.959798
1.230366
2.602153
1.272792
2.220315
2.658721
6.901362
1.979899
7.848885
0.989949
0.820244
1.569777
3.818377
1.668772
3.210265
1.598061
1.060660
4.836610
3.097128
2.503158
1.216224
1.527351
1.979899
1.018234
3.606245
1.470782
2.291026
4.384062
1.569777
6.109403
1.371787
1.513209
6.957931
4.511341
1.994041
3.295118
3.139554
1.781909
3.167838
5.628570
4.327494
2.969848
6.363961
5.359869
1.668772
2.192031
4.836610
3.266833
4.270925
3.478965
5.218448
1.979899
1.951615
6.929646
4.567910
4.030509
4.497199
3.464823
4.214356
3.323402
2.743574
4.101219
4.468915
2.559727
2.446589
7.141778
3.153696
3.464823
6.165971
0.975807
1.909188
1.866762
2.870854
3.874945
4.709331
9.164104
3.012275
7.962022
1.697056
3.903229
3.139554
2.927422
2.842569
1.612203
1.527351
1.202082
2.177889
6.887220
2.319310
3.705240
4.864895
3.931514
2.998133
1.583919
1.697056
3.309260
1.286934
4.695189
2.983991
6.307392
2.672864
3.012275
4.497199
2.913280
11.242998
2.149605
3.266833
1.909188
3.719382
1.951615
5.685139
1.499066
1.937473
3.705240
4.327494
1.187939
2.163747
2.347595
1.103087
2.474874
2.347595
1.654630
5.967981
6.929646
2.531442
1.965757
2.474874
0.834386
4.016367
6.222540
7.184205
1.612203
2.418305
6.109403
1.598061
3.238549
2.361737
3.097128
2.701148
2.008183
2.234457
3.139554
3.153696
1.612203
3.493107
2.460732
3.111270
3.040559
2.983991
4.539626
3.365828
2.545584
3.026417
2.375879
2.036468
1.598061
3.040559
2.163747
2.333452
6.915504
5.091169
3.818377
2.687006
1.286934
2.121320
5.868986
2.969848
3.337544
3.719382
1.979899
2.121320
1.315219
2.333452
2.474874
1.880904
6.816509
1.032376
3.422397
1.442498
1.711198
2.757716
1.230366
2.998133
2.757716
3.436539
1.994041
3.818377
2.588011
5.996266
2.616295
2.248600
1.555635
3.549676
7.085210
1.852620
1.569777
0.848528
1.555635
2.771859
9.984348
1.555635
1.626346
4.214356
6.095260
2.715290
1.951615
2.870854
4.355778
4.681047
5.388154
1.796051
5.204306
1.428356
1.286934
2.588011
5.897271
2.361737
5.388154
2.998133
1.668772
1.258650
6.222540
1.753625
3.761808
4.412346
2.503158
5.769991
3.436539
1.711198
1.838478
4.808326
4.016367
3.450681
3.761808
2.517300
1.697056
3.832519
1.216224
5.034600
4.596194
3.775950
2.800143
2.489016
6.024550
5.034600
2.687006
3.733524
4.666905
1.244508
3.450681
2.644579
2.715290
3.832519
6.462956
1.682914
1.781909
6.321535
3.889087
1.400071
2.856711
1.852620
1.753625
1.272792
2.390021
3.662813
7.905454
1.541493
3.040559
6.024550
5.473006
2.262742
2.573869
1.866762
3.959798
3.026417
7.353911
3.959798
2.008183
1.343503
4.468915
2.701148
3.790092
2.262742
3.224407
5.147737
6.745799
4.341636
2.729432
1.400071
2.913280
1.697056
5.374012
1.923330
1.569777
2.078894
2.687006
2.333452
3.592102
3.775950
1.682914
2.489016
2.842569
1.739483
3.790092
4.553768
5.077027
1.895046
1.965757
3.196123
5.656854
1.697056
2.177889
1.994041
1.880904
7.891312
3.139554
3.153696
2.658721
2.757716
2.489016
1.965757
4.270925
3.450681
1.781909
2.715290
1.880904
3.394113
2.404163
1.682914
3.280975
3.988082
1.541493
2.248600
1.711198
1.979899
1.725341
3.153696
1.682914
8.711556
2.983991
1.244508
1.923330
5.430580
2.036468
2.658721
3.478965
5.232590
1.852620
1.583919
2.771859
4.129504
5.317443
4.157788
2.361737
1.598061
3.761808
1.400071
1.852620
2.319310
2.121320
1.909188
4.228499
3.012275
1.909188
2.531442
1.470782
1.923330
3.351686
4.285067
5.232590
3.054701
4.511341
2.743574
1.428356
1.979899
5.416438
5.289159
4.525483
1.852620
3.973940
2.050610
3.167838
2.220315
2.262742
5.176022
2.404163
1.301076
2.220315
1.598061
1.626346
1.315219
2.899138
5.911413
2.192031
2.192031
2.814285
3.309260
5.048742
4.780042
2.828427
4.935605
2.545584
5.218448
4.030509
11.341993
1.527351
1.527351
4.468915
2.177889
2.757716
1.470782
1.555635
1.371787
1.117229
2.135462
3.309260
4.341636
3.026417
1.767767
4.412346
3.012275
3.478965
6.222540
1.569777
1.640488
6.689230
1.513209
2.715290
2.121320
1.725341
1.994041
2.078894
1.513209
2.503158
4.751758
4.808326
1.895046
2.814285
3.535534
3.733524
2.842569
4.963890
1.187939
1.046518
1.173797
4.384062
2.531442
2.234457
3.125412
1.187939
1.470782
2.375879
4.285067
4.256783
3.167838
5.430580
11.667262
3.125412
2.531442
1.187939
1.668772
2.333452
2.573869
2.474874
1.739483
3.351686
9.574226
2.998133
1.640488
7.071068
2.602153
2.234457
3.181981
5.119453
5.317443
1.612203
3.167838
4.044651
2.319310
1.654630
3.252691
2.729432
7.566043
1.187939
6.972073
1.923330
1.767767
2.658721
4.864895
5.670996
0.890955
2.658721
3.931514
2.177889
1.923330
1.781909
1.909188
2.828427
1.725341
1.329361
2.262742
10.748023
1.640488
1.230366
4.369920
2.347595
1.810193
3.521392
2.856711
4.171930
2.460732
2.404163
1.385929
2.404163
2.771859
5.642712
1.810193
3.097128
5.218448
3.181981
9.121677
11.045008
2.729432
1.781909
5.119453
2.786001
1.965757
5.699281
2.248600
2.602153
2.418305
2.602153
1.838478
2.573869
2.135462
9.121677
3.082986
1.258650
2.474874
1.711198
3.804234
1.951615
1.456640
2.969848
1.753625
1.583919
1.697056
5.642712
1.527351
1.598061
3.436539
1.385929
4.483057
3.563818
1.385929
6.095260
2.036468
1.470782
1.838478
3.097128
3.111270
2.489016
5.600286
1.824335
2.305168
5.218448
3.365828
5.685139
0.777817
1.598061
2.658721
7.848885
1.965757
2.262742
3.026417
2.630437
2.545584
2.276884
8.018591
1.923330
4.511341
1.357645
2.856711
5.317443
2.800143
0.975807
2.955706
1.767767
2.234457
2.149605
1.541493
1.315219
3.323402
1.046518
1.866762
2.347595
2.121320
3.648671
2.206173
3.068843
2.503158
2.305168
5.458864
2.856711
2.460732
5.996266
5.670996
3.973940
2.474874
1.456640
6.802367
1.598061
2.771859
2.036468
1.117229
5.911413
1.739483
6.731657
5.685139
2.050610
2.913280
2.828427
2.517300
1.428356
3.139554
1.682914
3.295118
1.385929
0.848528
2.404163
3.691097
4.398204
2.588011
2.489016
2.177889
2.545584
3.068843
4.072935
1.838478
3.351686
2.064752
1.414214
5.218448
1.541493
2.390021
4.765900
2.644579
1.216224
2.983991
2.064752
4.200214
4.808326
5.161880
3.563818
2.602153
1.994041
3.252691
1.499066
1.470782
4.030509
4.058793
1.456640
1.951615
5.161880
5.826560
3.097128
2.842569
0.975807
2.559727
2.460732
8.386286
8.966114
1.484924
3.648671
2.899138
1.810193
2.050610
2.163747
4.992174
2.899138
1.640488
4.610336
1.767767
1.668772
4.553768
2.008183
3.846661
2.135462
6.236682
0.876812
3.705240
7.877170
1.739483
6.929646
2.036468
1.711198
1.965757
8.471139
1.866762
2.375879
1.951615
2.517300
2.489016
2.842569
1.923330
1.527351
3.988082
1.796051
0.735391
11.766257
2.941564
3.026417
3.889087
1.456640
2.432447
4.935605
3.309260
6.873078
2.969848
1.400071
1.272792
3.549676
1.499066
1.994041
6.788225
1.088944
1.824335
2.135462
1.866762
2.630437
2.545584
6.038692
3.761808
1.541493
2.135462
2.333452
1.753625
1.725341
2.206173
1.400071
2.474874
3.422397
4.921463
2.163747
2.022325
3.280975
3.903229
2.969848
2.602153
1.569777
2.687006
3.592102
4.454773
2.078894
1.725341
4.171930
1.852620
1.258650
2.220315
4.610336
1.513209
6.123545
7.297342
5.190164
2.814285
1.414214
1.711198
4.483057
2.390021
4.058793
3.804234
2.489016
1.032376
1.739483
2.390021
1.951615
2.884996
1.767767
2.234457
2.460732
6.717514
1.258650
9.036825
1.880904
4.384062
3.054701
1.654630
1.824335
1.909188
2.064752
0.650538
2.305168
1.668772
0.876812
2.828427
2.234457
5.755849
1.583919
3.761808
2.008183
1.499066
1.555635
2.616295
6.915504
2.347595
1.937473
1.626346
3.125412
2.814285
1.880904
2.064752
3.747666
1.937473
5.473006
1.456640
2.234457
5.939697
1.343503
4.327494
6.703372
4.808326
5.543717
4.256783
2.899138
1.555635
2.121320
2.036468
1.682914
2.276884
1.187939
3.719382
7.905454
3.493107
4.200214
6.236682
2.036468
2.418305
4.242641
3.097128
4.242641
1.230366
3.563818
3.549676
6.378103
7.113494
8.046875
3.988082
1.145513
1.159655
5.105311
5.034600
3.266833
4.879037
6.066976
3.068843
1.838478
2.333452
1.866762
1.852620
5.062885
7.452905
2.814285
1.767767
2.531442
1.866762
1.711198
3.606245
3.606245
1.626346
2.800143
1.258650
2.149605
2.093036
4.002224
2.969848
1.937473
3.521392
1.131371
1.767767
3.068843
6.491240
3.917372
2.149605
2.347595
2.036468
2.856711
6.420530
1.668772
3.874945
2.786001
2.658721
2.418305
1.697056
5.501291
3.266833
1.994041
1.541493
5.388154
2.743574
4.016367
3.097128
1.682914
6.434672
3.577960
5.699281
4.610336
1.923330
2.093036
1.357645
3.478965
2.474874
3.775950
2.729432
1.626346
2.291026
4.652763
2.404163
4.115361
0.848528
1.711198
3.521392
1.781909
4.907321
9.347952
3.903229
1.541493
2.630437
0.735391
1.272792
3.846661
4.454773
6.363961
10.210622
2.800143
2.078894
2.998133
1.711198
3.167838
1.428356
2.602153
2.941564
1.513209
1.301076
1.654630
8.499424
2.489016
2.404163
1.739483
2.262742
6.901362
4.242641
1.428356
4.186072
8.061017
4.879037
5.769991
1.103087
6.618519
2.149605
3.422397
1.824335
2.630437
1.088944
0.989949
1.456640
1.371787
1.004092
2.573869
1.499066
1.103087
1.442498
6.123545
3.068843
3.408255
1.272792
9.998490
3.563818
9.814642
2.093036
3.563818
2.206173
2.771859
1.541493
2.206173
2.955706
2.913280
4.765900
4.072935
1.682914
2.036468
2.135462
1.202082
2.489016
2.192031
1.598061
3.337544
3.790092
1.753625
10.451038
2.163747
9.036825
2.347595
3.634529
4.186072
1.470782
3.507250
4.143646
1.711198
2.333452
5.473006
3.408255
2.163747
2.460732
2.786001
5.161880
2.559727
1.428356
1.202082
3.790092
3.662813
2.036468
2.870854
3.040559
6.519525
2.291026
1.343503
4.157788
2.291026
2.432447
3.224407
1.527351
3.125412
9.362094
1.781909
4.412346
4.992174
3.026417
3.945656
2.149605
1.965757
1.852620
2.701148
4.935605
2.503158
6.972073
1.074802
3.804234
2.022325
1.400071
5.543717
2.093036
7.170063
2.913280
1.682914
1.937473
1.796051
8.329718
3.478965
2.701148
3.577960
6.604377
2.884996
4.143646
7.566043
2.375879
2.856711
2.333452
2.743574
3.535534
3.125412
1.626346
4.921463
3.139554
1.626346
4.369920
8.499424
2.927422
3.068843
5.020458
4.681047
1.895046
2.616295
2.248600
6.774083
1.442498
2.913280
2.276884
5.982123
3.323402
4.440631
0.876812
4.652763
3.422397
2.828427
2.602153
3.436539
4.228499
2.687006
6.957931
1.202082
3.521392
4.596194
2.022325
3.507250
2.050610
1.682914
4.652763
5.444722
2.460732
2.870854
9.277241
5.204306
15.103801
3.351686
4.893179
2.135462
5.939697
2.220315
2.503158
2.361737
3.111270
3.634529
1.753625
1.979899
2.319310
2.093036
3.889087
2.899138
4.681047
1.145513
3.804234
5.374012
1.810193
3.761808
3.436539
2.884996
7.693322
4.285067
4.935605
3.295118
2.969848
2.248600
3.280975
3.874945
1.895046
2.418305
2.262742
1.994041
2.517300
2.630437
3.408255
2.545584
2.559727
4.228499
2.050610
2.149605
2.856711
3.521392
1.499066
2.220315
2.715290
1.781909
4.483057
1.979899
2.913280
2.814285
1.286934
1.414214
1.880904
1.357645
1.484924
1.909188
1.272792
6.788225
4.567910
3.549676
3.493107
4.228499
2.276884
2.800143
5.557859
1.371787
7.325626
2.319310
1.159655
2.206173
1.244508
3.804234
8.075159
1.230366
2.602153
2.573869
4.850753
3.167838
7.679180
5.996266
2.460732
2.276884
3.181981
3.012275
4.808326
5.628570
2.941564
2.899138
4.129504
2.672864
4.822468
3.196123
3.337544
3.719382
2.786001
1.598061
2.432447
4.864895
3.153696
3.804234
3.436539
2.672864
3.860803
4.780042
4.101219
5.529575
2.687006
5.444722
1.612203
1.456640
2.064752
3.535534
3.521392
2.418305
4.200214
1.866762
1.442498
1.654630
1.541493
5.458864
11.950105
13.420887
3.040559
7.410479
1.074802
4.511341
1.470782
2.489016
2.121320
5.275017
2.983991
1.598061
2.998133
1.697056
7.382195
1.371787
2.078894
2.489016
2.135462
2.800143
2.800143
2.064752
1.767767
1.697056
1.187939
4.652763
2.022325
2.192031
4.398204
4.893179
5.897271
1.598061
1.499066
5.317443
5.458864
1.555635
2.262742
1.598061
5.402296
2.163747
1.965757
1.442498
3.889087
4.129504
1.852620
2.517300
2.545584
1.173797
1.230366
1.654630
2.404163
1.484924
4.610336
1.018234
1.923330
4.780042
3.054701
1.725341
1.979899
2.757716
2.545584
2.545584
2.800143
3.111270
1.895046
3.521392
2.701148
1.470782
3.408255
2.588011
4.780042
5.331585
9.022683
4.822468
6.208398
1.682914
2.446589
1.866762
3.379970
2.842569
3.082986
2.460732
1.272792
1.725341
2.093036
2.814285
2.517300
2.687006
3.691097
1.753625
2.715290
2.022325
4.666905
9.036825
4.016367
2.276884
5.190164
4.369920
1.682914
1.272792
4.101219
5.784133
2.333452
2.291026
4.157788
2.149605
2.559727
1.315219
3.068843
1.371787
2.998133
3.521392
2.460732
2.248600
4.200214
3.097128
1.852620
1.838478
2.743574
1.937473
7.410479
2.192031
1.852620
1.598061
8.061017
8.117586
1.810193
3.889087
2.955706
4.016367
2.842569
4.483057
1.909188
1.979899
1.767767
4.879037
3.478965
2.913280
1.654630
1.060660
3.125412
1.711198
1.654630
8.527708
2.687006
2.163747
3.988082
1.753625
3.337544
2.163747
2.913280
1.838478
1.442498
4.751758
3.620387
1.583919
1.852620
2.941564
3.054701
4.044651
2.446589
1.866762
3.705240
5.034600
3.521392
3.549676
2.262742
1.428356
7.424621
2.800143
1.880904
2.545584
4.186072
1.484924
3.111270
2.701148
3.012275
2.588011
1.866762
1.117229
5.713423
1.258650
1.725341
2.064752
2.064752
2.121320
2.177889
1.796051
1.923330
1.159655
3.889087
4.794184
3.804234
2.361737
3.012275
1.371787
1.668772
1.371787
2.248600
2.404163
1.810193
1.923330
1.414214
2.828427
2.036468
0.777817
1.654630
1.032376
1.456640
2.177889
0.848528
1.343503
4.186072
2.460732
4.101219
4.780042
3.408255
1.541493
2.489016
2.701148
1.230366
2.291026
3.266833
2.248600
2.291026
1.909188
4.624478
4.511341
3.337544
1.088944
1.414214
1.230366
2.489016
1.583919
6.081118
1.385929
1.513209
1.555635
1.145513
2.545584
1.668772
1.032376
1.697056
3.097128
2.658721
2.022325
2.602153
1.513209
2.093036
5.473006
6.264966
2.899138
2.842569
5.727565
1.781909
1.301076
10.125769
1.824335
1.626346
2.446589
1.357645
2.983991
1.484924
1.640488
1.767767
1.810193
1.315219
3.493107
3.931514
3.210265
2.234457
3.549676
3.224407
2.941564
5.741707
6.505382
4.313351
4.341636
2.644579
2.022325
2.149605
3.620387
1.979899
1.640488
4.256783
1.654630
5.345727
2.276884
3.450681
2.658721
2.305168
2.163747
2.573869
2.489016
1.895046
1.711198
2.503158
4.864895
2.531442
2.135462
4.440631
6.788225
1.711198
1.838478
4.087077
5.444722
2.107178
3.620387
10.125769
1.032376
2.234457
3.563818
1.357645
1.767767
7.311484
7.976164
4.638620
4.864895
6.321535
4.171930
4.454773
1.626346
2.701148
2.036468
6.477098
5.416438
2.672864
4.200214
2.050610
1.499066
4.780042
4.468915
1.909188
1.668772
1.923330
2.687006
4.610336
2.969848
3.436539
1.117229
3.747666
3.040559
4.171930
6.632662
2.870854
2.248600
1.753625
2.036468
1.145513
5.176022
2.107178
1.682914
3.535534
4.992174
1.117229
2.715290
1.810193
1.442498
3.351686
2.390021
3.224407
1.216224
2.347595
3.394113
0.848528
2.107178
2.220315
2.234457
1.725341
2.913280
3.676955
10.719739
2.418305
2.262742
1.555635
13.661303
4.666905
1.385929
4.143646
3.634529
3.606245
6.759941
3.832519
6.010408
1.202082
4.412346
3.733524
4.016367
4.412346
2.503158
2.517300
3.309260
8.117586
1.272792
4.186072
2.390021
4.610336
3.252691
2.771859
2.771859
2.305168
1.895046
4.468915
2.192031
3.860803
2.333452
1.923330
3.167838
3.464823
10.634886
2.149605
1.824335
1.484924
1.824335
3.620387
3.493107
3.535534
3.210265
3.351686
1.923330
2.078894
0.975807
2.375879
2.828427
1.244508
6.109403
1.781909
1.216224
1.796051
2.856711
1.880904
1.697056
1.555635
3.818377
4.864895
3.832519
2.870854
4.101219
5.572001
3.436539
1.640488
2.446589
2.347595
2.008183
2.036468
4.567910
3.535534
4.638620
3.068843
4.808326
2.220315
2.913280
4.992174
1.329361
6.236682
1.654630
1.880904
4.242641
2.573869
4.285067
5.062885
2.927422
6.519525
1.216224
4.949747
2.149605
2.078894
0.947523
2.602153
7.467048
3.266833
2.177889
1.682914
1.668772
2.517300
2.757716
4.907321
2.828427
5.105311
2.319310
1.230366
1.824335
2.121320
2.899138
2.630437
2.814285
6.448814
6.929646
3.464823
5.331585
2.050610
3.889087
4.369920
2.220315
2.276884
3.408255
3.040559
1.187939
1.965757
2.319310
4.850753
8.626703
5.374012
3.860803
3.309260
3.210265
3.478965
4.228499
5.062885
4.256783
6.349819
2.870854
2.163747
2.658721
1.456640
2.573869
4.058793
3.818377
1.456640
1.598061
2.927422
3.111270
3.691097
2.602153
5.953839
7.000357
2.107178
1.838478
2.163747
1.117229
6.321535
2.036468
2.206173
1.654630
1.428356
0.890955
4.610336
2.248600
3.832519
2.644579
2.474874
2.474874
2.333452
1.895046
1.513209
2.729432
2.814285
6.293250
1.385929
2.517300
3.790092
4.242641
1.159655
1.711198
2.715290
2.446589
2.658721
2.234457
1.470782
2.800143
2.856711
1.513209
2.446589
2.135462
2.969848
1.852620
2.022325
4.850753
8.499424
2.899138
3.450681
5.572001
1.767767
4.978032
3.577960
5.501291
3.337544
5.458864
1.541493
2.050610
3.705240
1.230366
1.682914
1.230366
5.062885
6.477098
1.838478
2.786001
4.115361
3.464823
3.224407
1.640488
2.658721
1.371787
1.612203
1.895046
3.507250
4.270925
3.196123
3.775950
1.781909
4.299209
2.573869
3.238549
2.786001
3.153696
4.907321
2.998133
9.220672
1.612203
1.258650
3.153696
3.945656
2.022325
2.517300
3.917372
4.143646
3.012275
3.761808
2.786001
3.889087
1.484924
4.879037
2.008183
2.983991
4.596194
2.913280
3.280975
5.289159
5.967981
1.499066
1.951615
1.654630
6.590235
6.293250
1.499066
1.767767
2.262742
1.329361
0.975807
3.295118
6.774083
2.093036
4.567910
1.131371
2.616295
1.216224
1.357645
3.097128
1.598061
2.644579
2.814285
2.602153
2.008183
3.422397
16.277598
4.341636
1.951615
2.404163
3.606245
2.220315
1.329361
4.087077
1.810193
2.941564
2.743574
1.682914
1.598061
3.422397
2.192031
3.648671
2.163747
3.563818
1.781909
2.418305
2.474874
1.796051
3.026417
3.139554
1.654630
2.418305
2.771859
1.442498
2.305168
1.371787
2.135462
2.828427
8.414571
3.054701
4.511341
1.697056
2.983991
2.036468
4.016367
3.521392
5.883128
1.796051
2.206173
4.907321
2.955706
11.483414
1.088944
3.097128
2.078894
4.610336
1.994041
3.436539
2.983991
1.385929
2.333452
3.959798
8.612561
1.852620
1.343503
3.719382
2.786001
3.804234
1.923330
3.125412
4.002224
2.757716
2.177889
1.074802
1.753625
3.535534
6.137687
2.206173
2.163747
2.474874
2.177889
3.125412
3.295118
1.315219
2.404163
2.262742
2.064752
3.507250
4.058793
1.428356
5.473006
2.856711
2.545584
5.600286
2.050610
17.819091
2.347595
4.935605
3.323402
2.729432
1.470782
4.341636
5.911413
3.012275
0.890955
2.121320
1.725341
1.513209
1.484924
4.525483
8.230723
3.592102
1.258650
3.379970
1.400071
7.891312
5.077027
2.036468
3.224407
3.719382
1.711198
0.678823
3.224407
2.163747
1.244508
2.375879
2.658721
1.145513
1.244508
1.895046
3.026417
1.739483
1.103087
1.838478
3.973940
2.658721
3.818377
3.549676
1.159655
1.173797
2.842569
1.810193
1.357645
1.088944
3.535534
4.511341
3.238549
5.967981
1.131371
2.446589
1.286934
2.220315
2.220315
2.588011
2.729432
0.862670
1.866762
2.800143
3.224407
2.036468
2.517300
2.828427
7.085210
1.668772
2.658721
1.301076
2.234457
1.032376
4.087077
2.531442
2.701148
2.588011
2.630437
2.842569
2.107178
1.428356
1.272792
4.765900
1.654630
2.489016
2.333452
1.753625
1.824335
3.323402
1.796051
2.644579
2.545584
1.400071
2.856711
3.422397
3.097128
3.959798
9.927779
5.388154
2.955706
2.828427
2.276884
1.965757
2.305168
1.456640
1.994041
2.291026
1.202082
1.385929
7.594327
1.357645
4.567910
2.093036
3.379970
4.044651
2.390021
1.173797
3.577960
10.267190
8.061017
2.786001
6.887220
1.400071
1.725341
3.125412
2.757716
2.658721
1.187939
3.592102
4.002224
1.640488
3.436539
2.050610
4.751758
3.252691
1.343503
2.135462
0.933381
1.371787
4.525483
6.604377
1.880904
3.563818
2.220315
3.408255
1.697056
3.719382
2.008183
5.586144
3.012275
2.672864
6.491240
2.757716
1.612203
0.961665
1.371787
3.266833
1.202082
1.697056
8.103444
3.351686
2.206173
5.289159
1.329361
2.771859
3.620387
1.979899
4.610336
2.375879
2.941564
1.230366
2.432447
1.470782
1.711198
1.428356
3.408255
2.771859
2.234457
1.371787
4.044651
1.796051
4.737615
7.339768
3.379970
1.442498
2.050610
2.531442
6.830652
8.386286
1.484924
4.186072
2.234457
1.994041
2.474874
1.895046
3.662813
6.519525
2.446589
1.499066
1.088944
1.357645
3.280975
2.715290
1.697056
2.644579
1.244508
2.276884
1.880904
1.442498
2.022325
2.927422
3.153696
4.864895
2.107178
4.780042
4.171930
1.216224
3.959798
2.913280
3.054701
1.272792
4.016367
2.941564
4.030509
2.503158
1.569777
1.583919
4.285067
2.969848
2.884996
6.957931
3.068843
2.418305
2.177889
1.371787
2.701148
1.442498
3.818377
0.905097
2.276884
5.953839
2.672864
4.299209
1.810193
1.626346
3.705240
5.133595
4.483057
3.295118
2.687006
2.276884
1.583919
1.965757
1.852620
2.899138
3.139554
2.856711
2.333452
2.743574
1.909188
2.036468
3.521392
2.262742
2.262742
2.305168
1.626346
1.428356
3.549676
2.192031
2.064752
1.965757
1.527351
3.295118
1.951615
5.614428
1.951615
1.286934
1.088944
5.939697
7.127636
4.963890
8.089302
5.868986
3.775950
2.404163
4.582052
2.206173
8.145870
4.978032
3.040559
4.157788
2.884996
4.313351
3.464823
1.499066
1.527351
1.117229
2.757716
1.513209
1.753625
4.044651
1.371787
1.244508
2.559727
0.763675
1.923330
1.442498
2.644579
1.428356
1.880904
1.244508
1.824335
3.280975
4.412346
2.955706
3.747666
1.682914
2.517300
1.555635
2.828427
5.147737
1.838478
4.992174
1.117229
2.135462
2.630437
1.880904
3.309260
1.824335
3.464823
6.745799
1.301076
0.919239
2.248600
6.844794
1.937473
3.874945
2.276884
1.711198
2.489016
2.177889
4.044651
1.810193
0.961665
10.168196
1.852620
1.654630
3.549676
1.286934
1.852620
9.050967
2.941564
3.210265
1.979899
1.796051
1.159655
8.626703
5.868986
1.965757
1.725341
4.582052
3.323402
3.889087
4.709331
13.166328
4.002224
5.840702
1.923330
1.456640
6.519525
1.541493
2.489016
1.555635
6.830652
2.771859
1.880904
2.460732
2.107178
1.965757
4.949747
9.192388
5.939697
1.965757
2.771859
1.484924
2.078894
2.743574
3.408255
1.824335
1.357645
2.008183
2.687006
2.163747
4.525483
3.295118
2.390021
2.163747
4.398204
2.602153
1.781909
5.529575
4.808326
2.121320
1.400071
2.248600
0.947523
8.032733
9.291383
1.315219
2.884996
9.305525
2.559727
2.884996
2.983991
1.286934
1.159655
2.446589
1.216224
4.454773
1.315219
3.337544
1.951615
3.719382
1.400071
5.147737
1.668772
1.781909
2.206173
1.640488
5.458864
2.588011
2.305168
1.046518
2.390021
1.088944
3.167838
1.513209
3.068843
10.790449
4.963890
3.592102
4.355778
1.654630
4.256783
3.422397
1.499066
2.630437
7.594327
9.828784
2.192031
2.856711
3.563818
1.371787
1.852620
1.301076
2.319310
8.739840
2.291026
3.832519
3.181981
3.365828
3.832519
2.531442
3.323402
1.852620
2.390021
2.545584
1.895046
1.880904
4.525483
2.658721
3.323402
2.390021
5.543717
1.923330
3.323402
5.826560
0.862670
4.171930
2.375879
3.464823
2.757716
2.220315
2.262742
4.299209
7.438763
2.163747
3.068843
3.860803
2.404163
3.804234
2.361737
2.630437
7.198347
4.115361
4.780042
3.818377
2.107178
6.858936
3.493107
3.238549
1.994041
1.753625
4.058793
1.145513
4.327494
1.230366
2.375879
1.880904
5.275017
4.016367
2.786001
1.527351
3.394113
8.400429
1.400071
1.555635
4.921463
2.955706
1.315219
3.563818
1.937473
4.497199
3.450681
1.103087
2.531442
4.143646
2.121320
2.899138
1.781909
2.913280
1.286934
2.757716
2.375879
4.992174
4.794184
2.842569
2.884996
7.735748
3.436539
6.802367
1.965757
6.887220
1.103087
4.681047
3.210265
2.319310
1.824335
4.058793
2.672864
2.305168
3.691097
3.563818
3.832519
2.842569
6.335677
3.323402
2.276884
3.747666
4.398204
5.048742
2.418305
1.994041
5.161880
2.149605
1.385929
1.301076
2.884996
5.416438
2.163747
2.517300
1.301076
4.200214
2.361737
1.244508
4.369920
2.078894
1.866762
7.891312
2.672864
1.965757
2.687006
2.333452
2.333452
1.484924
1.414214
1.626346
4.200214
1.569777
2.870854
2.347595
2.545584
2.913280
5.034600
4.808326
2.418305
5.275017
3.747666
2.701148
1.371787
1.979899
3.733524
10.083343
1.541493
3.507250
1.923330
1.781909
1.951615
4.992174
2.672864
4.737615
3.676955
4.002224
3.309260
2.899138
6.222540
1.216224
2.672864
1.428356
2.107178
2.333452
8.654987
1.753625
3.040559
7.000357
1.187939
1.272792
1.640488
2.319310
2.361737
6.943789
2.715290
1.965757
5.614428
2.687006
2.347595
4.596194
2.107178
1.767767
2.276884
2.390021
1.414214
3.563818
2.347595
2.856711
4.907321
2.319310
1.979899
7.014499
3.210265
2.503158
1.569777
2.418305
4.921463
3.139554
1.994041
1.852620
3.365828
1.951615
1.640488
1.852620
2.107178
1.583919
2.107178
2.064752
2.489016
6.844794
3.054701
2.687006
1.470782
2.743574
1.640488
1.753625
3.026417
1.640488
0.834386
3.464823
2.786001
3.125412
4.497199
2.658721
2.036468
3.592102
1.046518
4.228499
1.442498
2.149605
2.757716
3.973940
1.315219
2.701148
3.040559
3.252691
2.573869
4.822468
2.220315
4.935605
6.010408
2.573869
1.598061
3.026417
1.923330
2.262742
3.040559
1.824335
2.941564
2.602153
2.616295
10.111627
3.280975
1.937473
2.163747
1.612203
2.390021
1.640488
4.539626
3.775950
1.074802
2.234457
5.727565
1.088944
1.767767
2.828427
3.210265
1.951615
8.654987
3.280975
3.097128
3.606245
1.923330
2.644579
1.739483
2.036468
1.810193
2.305168
1.484924
1.739483
2.404163
1.697056
1.272792
3.450681
2.531442
1.767767
4.567910
3.705240
2.573869
2.390021
2.333452
3.436539
3.436539
2.913280
1.866762
4.864895
1.810193
2.050610
2.121320
1.583919
5.006316
3.648671
1.541493
1.697056
8.117586
4.963890
5.755849
2.333452
0.933381
6.646804
3.592102
2.573869
4.426488
2.786001
1.810193
2.927422
2.432447
1.951615
1.414214
3.790092
2.899138
2.446589
2.064752
3.351686
1.428356
1.060660
4.369920
1.004092
4.171930
4.596194
5.444722
2.375879
1.668772
2.771859
1.711198
2.503158
5.119453
3.592102
1.598061
2.842569
1.598061
8.725698
1.371787
3.351686
3.691097
5.359869
4.412346
1.895046
1.923330
2.135462
3.563818
1.202082
5.614428
2.262742
4.426488
1.343503
2.828427
2.460732
5.939697
1.880904
2.460732
1.725341
2.559727
1.343503
2.955706
1.032376
1.173797
3.097128
5.077027
1.484924
2.517300
12.968338
3.705240
1.541493
10.663170
2.220315
1.753625
3.832519
1.838478
3.846661
3.266833
2.064752
2.036468
3.903229
2.305168
3.295118
5.105311
3.931514
7.622611
3.733524
2.248600
5.727565
2.658721
2.234457
4.709331
3.068843
1.442498
1.541493
1.909188
19.940411
4.836610
1.979899
4.497199
5.444722
5.529575
3.365828
3.196123
3.111270
1.555635
4.256783
5.812418
8.301434
2.588011
2.319310
1.555635
1.230366
4.468915
8.117586
2.192031
8.032733
2.616295
6.165971
2.814285
1.555635
2.588011
2.418305
2.305168
4.440631
2.969848
2.177889
3.012275
2.998133
2.757716
2.206173
5.487149
2.715290
1.880904
3.563818
2.276884
3.012275
6.477098
4.454773
1.598061
3.181981
4.921463
1.499066
7.467048
2.842569
2.729432
2.248600
3.959798
3.662813
4.624478
2.192031
1.767767
2.658721
4.907321
2.842569
2.149605
3.634529
3.252691
2.305168
2.050610
4.440631
1.301076
4.242641
3.761808
2.262742
4.879037
6.873078
3.648671
1.767767
1.018234
1.909188
2.687006
2.941564
1.216224
2.050610
2.390021
5.133595
3.662813
7.665038
7.297342
6.576093
1.329361
2.347595
2.630437
4.412346
2.658721
1.682914
5.430580
6.222540
6.731657
4.412346
2.008183
4.143646
1.371787
6.901362
2.121320
1.937473
2.842569
3.917372
1.852620
3.082986
1.767767
7.820601
4.751758
2.050610
3.691097
2.616295
3.973940
3.733524
1.866762
3.521392
1.371787
3.026417
3.620387
9.630794
1.767767
4.200214
4.963890
3.012275
1.965757
3.634529
2.602153
2.701148
4.907321
1.612203
2.050610
3.252691
1.711198
5.925555
1.838478
1.329361
3.874945
2.842569
1.301076
1.343503
2.814285
5.147737
3.832519
4.327494
1.385929
1.060660
3.549676
1.937473
0.876812
1.965757
1.272792
1.541493
2.687006
2.941564
2.163747
2.305168
1.767767
3.111270
2.729432
1.442498
3.026417
3.238549
4.143646
1.159655
1.004092
0.777817
2.602153
0.791960
1.216224
2.588011
2.630437
1.767767
3.365828
4.963890
1.895046
2.687006
2.602153
2.545584
8.768124
0.947523
1.216224
1.598061
2.248600
2.630437
3.606245
4.836610
7.297342
1.951615
5.953839
4.525483
3.196123
2.078894
1.202082
0.989949
2.022325
2.248600
1.216224
1.527351
2.474874
1.103087
1.244508
1.484924
4.737615
4.412346
4.369920
2.404163
1.583919
12.020815
2.460732
1.569777
0.890955
2.347595
1.145513
2.248600
2.687006
2.276884
2.390021
1.909188
2.404163
1.767767
1.513209
1.499066
2.390021
3.351686
1.131371
1.527351
3.054701
5.091169
5.416438
2.050610
1.216224
7.537758
4.921463
3.181981
1.880904
1.654630
2.149605
1.088944
1.329361
1.371787
5.289159
4.115361
2.828427
2.093036
4.723473
3.040559
3.804234
3.068843
4.624478
3.196123
1.725341
2.432447
2.969848
8.287291
2.630437
1.951615
4.242641
3.422397
1.286934
1.173797
5.091169
1.470782
2.036468
2.361737
3.719382
1.329361
1.244508
5.260874
5.572001
2.050610
1.965757
4.511341
2.305168
2.078894
1.060660
2.800143
4.681047
2.927422
3.662813
1.301076
2.998133
3.394113
2.262742
2.687006
0.890955
1.781909
1.202082
1.428356
1.810193
2.390021
1.682914
2.672864
2.276884
3.365828
4.072935
2.404163
3.620387
1.852620
3.111270
5.883128
0.989949
2.559727
2.517300
6.675088
1.598061
1.697056
2.687006
1.711198
2.517300
1.979899
7.438763
2.715290
2.531442
1.456640
1.555635
1.739483
4.299209
1.131371
2.107178
2.630437
4.935605
3.464823
8.244865
2.828427
1.527351
4.270925
1.371787
2.078894
2.036468
4.228499
3.676955
2.884996
2.319310
2.616295
1.385929
3.691097
7.085210
1.569777
1.626346
2.800143
2.884996
1.244508
4.426488
4.214356
6.066976
1.711198
1.499066
3.592102
5.246732
2.291026
2.814285
1.258650
3.493107
3.153696
1.202082
2.771859
5.147737
4.044651
3.379970
2.093036
1.626346
2.757716
4.624478
6.321535
2.729432
2.856711
2.757716
2.107178
1.810193
3.464823
3.139554
1.668772
3.521392
2.800143
2.234457
4.200214
2.305168
2.559727
3.280975
4.454773
1.824335
3.521392
3.408255
3.224407
4.596194
1.187939
2.121320
1.781909
3.012275
3.719382
2.884996
2.489016
2.969848
4.836610
2.276884
2.658721
1.965757
2.333452
2.163747
4.313351
1.428356
5.656854
3.422397
2.969848
2.347595
7.650895
1.230366
5.020458
3.153696
1.583919
1.951615
5.784133
2.941564
2.022325
2.107178
2.927422
3.691097
1.173797
1.315219
4.879037
2.192031
2.163747
2.460732
5.289159
2.743574
9.178246
1.767767
6.604377
4.893179
2.361737
5.303301
3.422397
2.460732
4.483057
1.880904
1.400071
2.107178
2.390021
2.305168
2.701148
4.483057
1.895046
1.810193
2.573869
6.194255
1.753625
1.484924
1.923330
2.474874
2.460732
1.442498
2.701148
2.305168
1.088944
3.408255
3.874945
3.521392
3.577960
3.521392
2.715290
1.004092
6.519525
1.739483
4.072935
0.961665
11.087434
3.280975
2.446589
5.670996
8.980256
1.357645
2.008183
2.135462
2.446589
1.697056
6.830652
1.385929
1.725341
0.975807
4.879037
2.276884
1.852620
2.870854
3.535534
