0.521776
0.730486
0.613482
0.860140
0.733648
0.594508
0.490153
0.550236
0.720999
0.531263
1.321832
0.936034
0.458530
0.534425
1.211152
0.749460
0.461693
0.683052
0.550236
0.581859
0.958170
0.566048
0.569210
0.708350
0.505964
0.518614
0.768433
0.645105
0.436394
0.417421
0.540749
0.385798
0.578697
0.486991
0.518614
0.828517
0.869626
0.585021
0.575535
0.581859
0.578697
0.528100
0.449043
0.765271
0.597670
0.569210
1.034065
0.588184
0.676727
0.686214
0.717837
1.217477
0.528100
0.705188
0.856977
0.679890
0.736811
0.651429
0.518614
0.379473
0.426907
0.667241
0.828517
0.970819
0.980306
0.689377
0.449043
0.505964
0.543912
0.521776
0.667241
0.708350
0.695701
0.768433
0.616644
0.720999
0.800056
0.705188
0.983468
1.230126
1.030903
0.569210
0.553399
0.379473
0.600833
0.730486
0.958170
0.547074
0.879113
0.781083
0.945521
0.720999
0.455368
0.594508
0.401609
0.872789
0.806381
0.594508
0.581859
0.654591
0.613482
0.834841
0.970819
0.616644
0.948683
0.600833
0.638780
0.809543
0.603995
0.736811
0.793732
1.125771
0.977144
0.531263
0.822192
0.702026
0.483828
0.445881
0.471179
0.806381
0.474342
0.528100
0.493315
0.607157
0.607157
0.746298
0.502802
1.410376
0.559723
0.480666
0.600833
0.739973
0.509127
0.597670
0.635618
0.591346
0.720999
0.600833
0.879113
0.977144
0.641942
0.436394
0.449043
0.585021
0.471179
0.702026
0.417421
0.999280
0.695701
0.547074
0.594508
0.752622
0.717837
0.559723
0.610320
0.581859
0.556561
1.068850
0.673565
0.553399
0.955008
0.537587
0.698863
0.528100
0.819030
0.515451
0.626131
0.629293
0.695701
0.645105
0.585021
0.720999
0.581859
0.733648
0.720999
0.445881
1.030903
0.768433
0.594508
0.509127
0.967657
0.499640
0.702026
0.951846
0.705188
1.774038
0.430070
0.585021
0.809543
0.521776
0.812705
0.781083
0.566048
0.755784
0.664078
0.834841
0.562885
0.569210
0.904411
0.591346
0.468017
0.641942
0.860140
0.847490
0.689377
0.736811
0.566048
0.616644
0.442719
0.917061
0.936034
0.569210
0.708350
0.746298
0.841166
1.097310
0.812705
1.166880
0.746298
0.645105
0.645105
0.955008
0.989793
0.509127
0.698863
0.733648
1.381915
0.600833
0.566048
0.452206
0.588184
0.509127
0.951846
0.616644
0.686214
0.689377
1.008767
0.869626
0.746298
0.645105
0.540749
0.452206
0.540749
0.714675
0.936034
0.480666
0.844328
0.942359
1.046714
0.461693
0.894925
0.777920
0.641942
0.610320
0.774758
0.493315
0.762109
0.562885
0.641942
0.562885
0.581859
0.471179
0.626131
0.515451
0.888600
0.727324
0.654591
1.005604
0.616644
0.534425
0.543912
0.825354
0.585021
1.226964
0.486991
0.841166
0.746298
0.904411
0.578697
0.505964
0.559723
0.550236
0.743135
0.702026
0.679890
0.708350
0.841166
0.619806
0.594508
0.581859
0.616644
0.689377
0.920223
0.635618
0.572372
0.964495
0.559723
0.528100
0.619806
1.106797
0.594508
0.755784
0.607157
0.796894
0.597670
0.720999
0.610320
0.622969
0.727324
0.695701
0.683052
0.815868
0.430070
0.641942
0.559723
0.613482
0.521776
0.771596
0.856977
0.679890
0.834841
0.717837
1.407214
0.502802
0.676727
0.996117
0.841166
0.648267
0.689377
0.543912
0.907574
0.524938
0.815868
0.743135
0.569210
0.875951
0.632456
0.670403
0.847490
0.480666
0.502802
0.679890
0.872789
0.528100
0.689377
0.746298
0.641942
0.651429
0.841166
0.784245
0.787407
0.509127
0.841166
0.679890
0.613482
1.211152
0.781083
0.679890
0.673565
0.603995
0.588184
0.743135
0.607157
1.011929
0.531263
0.547074
0.711512
0.591346
0.477504
0.673565
0.556561
0.534425
0.496478
0.556561
0.793732
0.512289
0.698863
0.464855
0.562885
0.502802
0.461693
0.490153
0.771596
0.578697
0.575535
0.581859
0.566048
0.477504
0.645105
0.755784
0.521776
0.831679
0.474342
0.739973
0.651429
0.638780
0.540749
0.746298
0.468017
0.695701
0.597670
0.714675
1.347130
0.581859
0.844328
0.992955
0.670403
1.043552
0.926547
0.724162
0.850653
0.566048
0.566048
0.505964
0.815868
0.711512
0.664078
0.626131
0.657754
0.822192
0.948683
0.679890
0.461693
0.566048
0.708350
0.578697
0.537587
0.869626
0.572372
0.762109
0.458530
0.679890
0.664078
0.869626
0.531263
0.635618
0.585021
0.575535
0.433232
0.578697
0.964495
0.651429
0.901249
0.626131
1.128933
0.961332
0.730486
0.629293
0.803219
0.559723
0.486991
0.600833
1.182692
0.468017
0.537587
0.673565
0.714675
0.518614
0.755784
0.531263
0.480666
1.252262
1.018253
0.683052
1.249100
0.838004
0.540749
0.936034
0.711512
1.258587
0.594508
0.951846
0.588184
0.635618
0.486991
0.917061
0.524938
0.762109
0.844328
0.664078
0.417421
1.018253
0.863302
0.449043
0.540749
0.471179
0.755784
0.632456
0.404772
0.490153
0.556561
0.720999
0.436394
0.588184
0.575535
0.461693
0.657754
0.452206
0.765271
0.724162
0.926547
0.550236
0.597670
0.626131
0.600833
0.774758
0.512289
1.296534
0.635618
0.724162
0.860140
0.509127
0.803219
0.578697
0.464855
0.569210
0.667241
0.486991
0.597670
0.518614
0.619806
0.648267
0.708350
0.569210
0.404772
0.657754
0.483828
0.727324
0.679890
0.762109
0.683052
0.774758
0.496478
0.559723
1.075174
0.531263
0.720999
0.490153
0.894925
0.727324
0.822192
1.236451
1.340806
0.556561
1.015091
0.629293
0.749460
0.752622
0.622969
0.449043
0.702026
0.841166
0.651429
0.537587
0.575535
0.480666
0.490153
0.468017
0.585021
0.597670
0.407934
0.493315
0.803219
0.913898
0.471179
0.961332
0.888600
0.496478
0.711512
0.844328
0.610320
0.528100
0.774758
0.550236
1.160556
0.547074
0.660916
1.062525
0.632456
0.670403
0.730486
0.749460
0.853815
1.195341
0.613482
0.898087
0.464855
0.613482
0.790569
0.828517
0.600833
0.645105
0.439557
0.442719
0.417421
0.638780
0.986631
0.480666
0.461693
0.569210
0.847490
1.037227
0.762109
0.698863
0.578697
0.850653
0.486991
0.683052
0.806381
0.673565
0.600833
0.550236
0.708350
0.512289
0.913898
0.986631
0.581859
0.537587
0.853815
0.524938
0.433232
0.458530
0.534425
0.524938
0.490153
0.749460
0.493315
0.904411
0.996117
0.841166
1.391402
0.344688
0.743135
0.800056
0.768433
0.746298
0.800056
0.733648
1.008767
0.464855
0.657754
0.442719
0.455368
0.496478
0.619806
0.812705
0.923385
0.698863
0.626131
0.629293
1.018253
0.430070
0.540749
0.686214
0.695701
0.483828
0.632456
0.717837
0.695701
0.717837
0.521776
0.600833
0.730486
0.493315
0.879113
0.992955
0.521776
0.648267
0.676727
0.695701
0.635618
0.616644
0.692539
0.597670
0.724162
0.958170
0.559723
0.641942
0.673565
0.581859
0.657754
0.825354
0.600833
0.667241
0.616644
0.641942
0.638780
0.714675
0.436394
0.411096
0.575535
0.667241
0.559723
0.616644
0.455368
0.543912
0.556561
0.430070
0.480666
0.575535
0.534425
0.591346
0.765271
0.638780
0.578697
0.692539
0.834841
0.540749
0.711512
0.540749
0.641942
1.059363
0.607157
0.603995
0.483828
0.366824
0.588184
0.768433
0.667241
0.720999
0.708350
0.499640
0.923385
0.597670
0.600833
0.528100
0.521776
0.518614
0.838004
0.594508
0.945521
0.635618
0.588184
0.796894
0.449043
0.755784
0.376311
0.445881
0.603995
0.758947
0.676727
0.486991
1.650709
0.689377
1.217477
0.891762
0.967657
0.521776
0.547074
0.569210
0.486991
0.550236
0.844328
0.613482
0.771596
0.664078
0.793732
0.708350
0.603995
0.569210
0.344688
0.509127
0.524938
0.569210
0.597670
0.758947
0.632456
1.037227
0.540749
0.528100
0.803219
0.537587
0.613482
0.774758
0.635618
0.803219
0.641942
0.853815
0.844328
1.097310
0.771596
0.603995
0.796894
0.717837
0.515451
0.638780
0.635618
0.831679
0.547074
0.603995
0.537587
0.515451
0.468017
0.553399
0.477504
0.866464
0.866464
0.939196
0.543912
0.572372
0.822192
0.534425
0.477504
0.948683
1.072012
0.660916
0.768433
0.603995
0.841166
0.762109
0.894925
0.540749
1.723441
0.777920
0.591346
0.480666
0.496478
0.654591
0.711512
0.632456
0.588184
0.651429
0.654591
0.970819
0.648267
0.616644
0.667241
0.515451
0.616644
0.578697
0.471179
0.505964
0.948683
0.461693
0.581859
0.708350
0.505964
0.736811
0.765271
0.733648
0.540749
0.559723
0.575535
0.714675
0.670403
1.087824
0.442719
0.670403
0.543912
0.667241
0.670403
0.733648
1.207990
0.948683
0.888600
0.869626
0.569210
0.660916
0.629293
0.796894
0.610320
0.572372
1.103635
0.683052
0.641942
0.502802
0.727324
0.600833
0.999280
0.515451
0.531263
0.578697
0.474342
0.958170
0.698863
0.464855
0.973982
0.781083
0.588184
0.603995
0.607157
1.473621
0.673565
0.708350
1.002442
0.720999
0.702026
0.705188
0.787407
0.863302
0.578697
0.831679
0.483828
0.575535
0.569210
1.277560
0.923385
0.594508
0.714675
0.442719
0.711512
0.683052
0.749460
0.970819
0.781083
0.920223
0.695701
0.439557
0.562885
0.426907
0.787407
0.692539
0.777920
0.597670
0.616644
0.885438
0.540749
0.610320
0.755784
0.543912
0.724162
0.483828
0.521776
0.838004
0.626131
0.572372
0.730486
0.676727
0.641942
0.493315
0.490153
0.736811
0.373149
0.493315
0.433232
0.768433
0.679890
0.683052
0.575535
0.856977
0.819030
0.534425
0.547074
0.689377
0.575535
0.426907
0.882275
0.528100
0.524938
0.477504
0.521776
0.847490
0.686214
0.483828
0.379473
0.739973
0.613482
1.214315
1.081499
0.635618
0.572372
0.714675
0.936034
0.765271
0.727324
0.524938
0.638780
0.540749
0.531263
1.283885
0.543912
0.562885
0.474342
0.692539
0.654591
0.452206
0.743135
0.537587
0.496478
0.657754
0.752622
0.607157
0.559723
0.638780
0.543912
0.600833
0.559723
0.717837
0.629293
0.531263
0.891762
0.512289
0.635618
0.468017
0.686214
0.610320
0.524938
0.739973
0.891762
0.705188
0.572372
0.594508
0.474342
0.562885
0.553399
0.528100
0.616644
0.853815
0.711512
0.879113
0.683052
0.518614
0.645105
0.411096
0.509127
0.622969
0.777920
0.474342
0.518614
0.622969
0.483828
0.904411
0.468017
0.641942
0.632456
0.822192
0.603995
0.736811
1.261749
0.749460
0.486991
0.730486
0.853815
0.885438
0.603995
1.053038
0.559723
0.923385
0.537587
1.030903
0.746298
0.521776
0.594508
0.714675
1.094148
0.638780
0.505964
0.819030
0.812705
0.622969
0.585021
0.632456
0.597670
0.670403
0.822192
0.407934
0.578697
0.417421
0.834841
1.141582
0.730486
0.901249
0.698863
0.433232
0.417421
0.860140
0.474342
0.610320
0.534425
0.534425
0.449043
0.765271
0.796894
0.638780
0.445881
0.581859
0.588184
0.603995
1.157394
0.793732
0.800056
0.562885
0.812705
0.556561
0.543912
0.698863
0.638780
0.673565
0.869626
0.749460
1.087824
0.679890
0.468017
0.720999
0.603995
0.964495
0.436394
0.622969
0.603995
0.591346
0.727324
0.591346
0.619806
0.711512
0.597670
1.011929
0.635618
0.629293
0.547074
0.774758
0.654591
0.670403
0.591346
0.787407
0.509127
0.512289
0.720999
0.471179
0.815868
0.411096
0.622969
0.765271
0.471179
0.540749
0.543912
0.436394
0.585021
0.550236
0.910736
0.632456
0.711512
0.743135
0.559723
0.670403
0.771596
0.847490
0.825354
0.860140
0.468017
1.018253
0.613482
0.746298
0.622969
0.540749
0.483828
0.806381
0.645105
0.600833
0.607157
0.515451
0.626131
0.480666
0.619806
0.515451
0.793732
0.474342
1.084661
0.556561
0.629293
0.575535
0.885438
0.540749
0.664078
0.477504
0.468017
0.800056
0.692539
0.543912
0.746298
0.486991
0.515451
0.619806
0.499640
0.698863
0.651429
0.743135
0.815868
0.562885
0.468017
0.493315
0.632456
1.015091
0.572372
0.635618
0.645105
0.800056
0.553399
0.768433
0.702026
0.622969
0.610320
0.550236
0.490153
0.983468
0.600833
1.429350
0.518614
0.474342
0.720999
0.717837
0.588184
0.838004
0.955008
0.638780
0.458530
0.793732
0.641942
0.787407
0.834841
0.528100
0.382636
0.708350
0.657754
0.543912
0.603995
0.901249
0.664078
0.458530
0.720999
0.594508
0.809543
0.572372
0.632456
0.856977
0.562885
0.414258
0.600833
0.581859
0.569210
0.622969
0.768433
0.762109
1.211152
0.733648
0.676727
1.030903
0.332039
0.553399
0.578697
0.879113
0.660916
0.762109
0.989793
0.461693
0.689377
0.869626
0.483828
0.572372
0.648267
0.929710
0.771596
0.800056
0.490153
0.591346
0.581859
0.464855
0.566048
0.651429
0.809543
0.610320
0.632456
0.499640
0.850653
0.717837
0.973982
0.622969
0.597670
0.787407
0.407934
0.888600
0.518614
0.705188
0.739973
0.616644
0.442719
0.635618
0.929710
0.610320
0.521776
0.515451
0.774758
0.534425
0.588184
0.569210
0.689377
0.528100
0.619806
0.657754
0.515451
0.521776
0.395285
0.505964
0.986631
0.689377
0.540749
0.683052
0.765271
0.610320
0.474342
0.638780
0.528100
0.540749
0.629293
0.828517
0.910736
0.948683
0.534425
0.528100
0.774758
0.502802
0.635618
0.834841
0.426907
0.945521
0.667241
0.445881
0.559723
0.455368
0.543912
0.635618
0.784245
0.800056
0.676727
0.673565
0.629293
0.752622
0.872789
1.027740
0.603995
0.714675
0.531263
0.613482
0.733648
0.474342
0.502802
0.958170
0.509127
0.951846
0.641942
0.866464
0.667241
0.550236
0.610320
0.540749
0.547074
0.585021
0.449043
0.521776
0.730486
0.461693
1.125771
0.645105
0.521776
0.597670
0.626131
0.727324
0.547074
0.673565
0.920223
0.651429
0.796894
0.768433
0.683052
0.531263
0.733648
0.398447
0.683052
0.860140
0.550236
0.645105
0.556561
0.951846
0.588184
0.461693
0.550236
1.018253
0.660916
0.743135
0.749460
0.569210
0.676727
0.613482
0.585021
0.635618
0.496478
0.695701
0.591346
0.600833
0.762109
0.736811
0.692539
0.578697
0.673565
0.730486
0.547074
0.657754
1.087824
1.198503
0.588184
1.154231
0.784245
0.528100
0.528100
0.714675
0.445881
0.686214
0.784245
0.689377
0.550236
1.340806
0.591346
0.667241
0.585021
0.752622
0.641942
0.607157
0.622969
0.547074
0.461693
0.610320
0.496478
0.550236
1.843608
0.702026
0.597670
1.147907
0.556561
0.480666
0.528100
0.461693
0.657754
0.518614
0.708350
0.686214
0.610320
0.572372
0.676727
0.603995
0.755784
1.138420
0.572372
0.648267
0.765271
0.600833
1.027740
0.660916
0.505964
0.575535
0.736811
0.664078
0.597670
0.629293
0.458530
0.828517
1.056201
0.499640
0.879113
0.917061
0.667241
0.733648
0.806381
0.566048
0.442719
0.806381
0.626131
0.673565
0.578697
0.945521
0.622969
0.762109
0.509127
0.603995
0.578697
0.641942
0.771596
1.125771
0.528100
0.866464
0.635618
0.572372
0.559723
0.853815
0.692539
0.531263
0.613482
0.847490
0.660916
0.752622
0.566048
0.752622
0.752622
0.585021
0.442719
0.641942
0.445881
0.714675
0.739973
0.733648
0.505964
0.752622
0.610320
0.613482
0.524938
0.603995
0.781083
0.736811
0.553399
0.660916
0.505964
0.844328
0.705188
0.834841
0.512289
0.477504
0.765271
0.502802
0.736811
0.834841
0.885438
0.622969
0.629293
0.869626
0.553399
0.667241
0.708350
0.686214
0.458530
1.043552
0.819030
0.660916
0.524938
0.610320
0.692539
0.493315
0.603995
0.717837
0.619806
0.566048
0.673565
0.433232
0.717837
0.951846
0.562885
0.585021
0.689377
0.423745
0.464855
0.521776
0.717837
0.480666
0.768433
0.714675
0.648267
0.803219
1.078337
0.784245
0.977144
0.622969
0.841166
0.518614
1.037227
0.392122
0.626131
0.676727
0.717837
0.471179
0.828517
0.518614
0.603995
0.411096
0.860140
0.518614
0.588184
0.496478
0.553399
0.720999
0.657754
0.717837
0.553399
0.556561
0.853815
0.626131
0.531263
0.455368
0.597670
0.660916
0.951846
0.594508
0.939196
0.733648
0.730486
0.626131
0.499640
0.822192
0.638780
0.891762
0.683052
0.635618
0.657754
1.113122
0.743135
0.664078
0.692539
0.626131
0.999280
0.610320
0.461693
0.626131
0.512289
0.768433
0.610320
0.860140
0.398447
0.676727
0.468017
0.616644
0.758947
0.585021
0.673565
0.366824
0.452206
0.610320
0.430070
0.581859
0.442719
0.664078
0.973982
0.850653
0.607157
0.556561
0.556561
0.468017
0.597670
0.550236
0.635618
0.531263
0.490153
0.980306
0.891762
0.594508
0.407934
0.458530
0.547074
1.024578
0.537587
0.521776
0.917061
0.822192
0.578697
0.638780
0.398447
0.528100
0.664078
0.828517
0.547074
0.613482
0.585021
0.603995
0.591346
0.970819
0.572372
0.720999
0.683052
0.461693
0.445881
0.594508
0.774758
0.597670
0.420583
0.524938
0.515451
0.635618
0.657754
0.863302
0.648267
0.708350
0.727324
0.838004
0.743135
0.594508
0.468017
0.724162
1.081499
0.638780
0.524938
0.635618
0.569210
0.597670
0.632456
0.929710
0.588184
0.638780
0.591346
0.499640
0.603995
0.547074
0.635618
0.626131
0.632456
0.695701
0.958170
0.841166
0.518614
0.689377
0.727324
0.651429
0.730486
0.806381
0.730486
1.204828
0.534425
0.505964
0.420583
0.689377
0.493315
0.486991
0.793732
0.585021
0.996117
0.736811
0.414258
0.524938
0.657754
0.559723
0.449043
0.986631
0.423745
0.913898
0.641942
0.417421
0.531263
0.698863
0.597670
0.474342
0.679890
0.518614
0.572372
0.468017
0.936034
0.996117
0.401609
0.724162
0.420583
1.005604
1.144745
0.537587
0.720999
0.461693
0.777920
0.600833
0.651429
0.711512
0.777920
0.923385
0.433232
0.629293
0.815868
0.679890
0.581859
0.964495
0.366824
0.705188
0.610320
0.626131
0.468017
0.632456
0.616644
0.641942
0.550236
0.594508
0.581859
0.433232
0.746298
0.515451
0.515451
0.585021
0.803219
0.689377
0.651429
0.777920
0.711512
0.806381
0.790569
0.660916
0.471179
0.730486
0.720999
0.749460
0.787407
0.809543
0.521776
0.607157
0.521776
0.591346
0.781083
0.616644
0.819030
0.720999
0.651429
0.524938
1.109959
0.493315
0.736811
0.594508
0.588184
0.505964
1.087824
0.932872
0.581859
0.667241
0.920223
0.765271
0.863302
0.581859
0.660916
0.474342
0.547074
0.679890
0.572372
0.698863
0.572372
0.531263
0.635618
0.445881
1.090986
0.762109
0.695701
0.550236
0.505964
0.806381
0.420583
0.471179
0.578697
0.486991
0.705188
0.543912
0.834841
0.714675
0.474342
0.632456
0.455368
1.125771
0.958170
0.433232
0.667241
0.547074
0.762109
0.736811
0.657754
0.942359
0.442719
0.683052
0.793732
0.752622
0.629293
0.853815
0.474342
1.192179
0.790569
0.869626
0.932872
0.910736
0.860140
0.622969
1.075174
0.569210
0.468017
0.689377
0.901249
1.122609
0.762109
0.458530
0.626131
0.838004
0.556561
0.385798
0.841166
0.534425
0.417421
0.812705
0.901249
0.784245
0.676727
0.749460
0.676727
0.531263
0.458530
0.603995
0.556561
0.515451
0.790569
0.724162
0.594508
0.550236
0.480666
1.075174
0.913898
0.664078
0.629293
0.875951
0.629293
0.373149
0.904411
0.790569
0.591346
0.746298
1.938476
0.417421
0.518614
0.670403
0.964495
0.569210
0.524938
0.638780
0.720999
0.499640
0.945521
0.562885
0.828517
0.622969
0.752622
0.853815
0.566048
0.572372
0.708350
0.411096
0.585021
0.483828
0.635618
0.654591
0.562885
0.831679
0.648267
0.607157
0.486991
0.819030
0.790569
0.790569
0.705188
0.809543
0.619806
0.673565
0.464855
0.856977
0.853815
0.803219
0.474342
0.578697
0.521776
0.664078
0.973982
0.569210
0.787407
0.562885
0.585021
0.547074
0.616644
0.695701
1.011929
0.603995
0.550236
0.505964
0.464855
0.743135
0.518614
0.619806
0.449043
0.512289
0.689377
0.752622
0.505964
0.505964
0.461693
0.888600
0.420583
0.660916
0.752622
0.588184
0.689377
0.521776
0.654591
0.543912
0.765271
0.670403
0.822192
0.559723
0.973982
0.540749
0.474342
0.676727
0.781083
0.499640
0.471179
0.458530
0.490153
0.736811
0.847490
0.762109
0.651429
1.189016
0.762109
0.430070
0.594508
0.585021
0.610320
0.537587
0.569210
0.752622
0.819030
0.622969
0.724162
0.509127
0.477504
0.588184
0.654591
0.518614
0.585021
1.043552
0.616644
0.505964
0.566048
0.679890
0.597670
0.629293
0.521776
0.714675
0.917061
0.787407
0.619806
0.468017
1.340806
0.600833
0.562885
0.458530
0.588184
0.977144
0.534425
0.803219
0.888600
0.578697
0.654591
0.528100
0.455368
0.461693
0.562885
0.717837
0.838004
0.654591
0.562885
0.898087
0.534425
0.559723
0.664078
0.686214
0.515451
0.486991
0.540749
0.676727
0.385798
0.572372
0.641942
0.705188
0.720999
0.651429
0.951846
0.474342
0.765271
0.585021
0.980306
0.521776
0.515451
0.468017
0.683052
0.505964
0.632456
0.730486
0.638780
0.888600
0.796894
0.945521
0.581859
0.686214
0.926547
1.056201
0.626131
0.556561
0.768433
0.635618
0.913898
0.733648
0.610320
0.540749
0.664078
0.708350
0.553399
0.543912
0.452206
0.626131
0.841166
0.853815
0.951846
0.455368
0.774758
0.793732
0.683052
0.629293
0.433232
0.547074
0.578697
0.477504
0.591346
0.670403
0.875951
0.588184
0.575535
0.566048
0.705188
0.787407
0.486991
0.730486
0.562885
0.626131
0.553399
0.660916
0.806381
0.980306
0.853815
0.474342
0.955008
0.540749
0.445881
0.762109
0.768433
0.600833
1.151069
0.660916
0.600833
0.591346
0.528100
0.667241
0.948683
0.550236
0.771596
0.464855
0.594508
0.942359
0.575535
0.720999
0.670403
0.645105
0.449043
0.578697
0.461693
0.973982
0.967657
0.588184
0.547074
0.800056
0.553399
0.613482
0.698863
1.034065
0.477504
0.809543
0.455368
0.540749
0.433232
0.743135
0.600833
0.917061
0.834841
0.645105
0.613482
1.087824
0.553399
0.562885
0.600833
0.474342
0.585021
0.619806
0.553399
0.869626
0.455368
0.676727
0.569210
0.800056
0.917061
1.002442
0.622969
0.809543
0.657754
0.657754
0.910736
0.629293
0.521776
0.556561
0.537587
0.955008
0.853815
0.585021
0.566048
0.566048
0.553399
0.720999
0.534425
0.970819
1.075174
0.657754
0.559723
0.717837
0.673565
0.638780
0.613482
0.803219
0.686214
0.904411
0.572372
0.683052
0.455368
0.581859
0.594508
0.844328
0.521776
0.812705
0.758947
0.730486
0.477504
0.676727
0.648267
0.657754
0.585021
0.581859
0.569210
0.531263
0.483828
0.404772
0.964495
0.607157
0.686214
0.562885
0.765271
1.062525
0.540749
1.154231
0.632456
0.702026
0.619806
0.708350
0.695701
0.509127
0.787407
0.749460
0.480666
0.686214
0.540749
0.727324
0.632456
0.499640
0.711512
0.711512
0.648267
0.702026
0.923385
0.939196
0.591346
0.616644
0.676727
0.512289
0.426907
0.616644
0.480666
0.575535
0.708350
0.781083
0.847490
0.736811
0.626131
0.442719
0.885438
0.749460
0.717837
0.790569
0.727324
0.540749
0.648267
0.423745
1.315508
0.879113
0.819030
0.635618
0.736811
0.553399
0.629293
0.464855
0.556561
1.457810
0.505964
0.496478
0.828517
0.407934
0.430070
0.357337
1.024578
0.844328
0.765271
0.417421
0.657754
0.531263
0.752622
0.629293
0.913898
0.626131
0.679890
0.537587
0.679890
0.717837
0.471179
0.673565
0.695701
0.622969
0.841166
0.812705
0.464855
0.961332
0.588184
0.629293
0.581859
0.534425
0.856977
0.803219
0.796894
0.739973
0.607157
0.534425
1.040389
0.537587
0.474342
0.853815
0.777920
0.907574
0.664078
0.537587
0.705188
0.683052
0.505964
0.727324
0.866464
0.651429
0.528100
0.562885
0.654591
0.894925
0.955008
1.612762
1.132095
0.626131
0.664078
0.562885
0.638780
0.860140
0.578697
0.645105
0.733648
0.660916
0.581859
0.645105
0.499640
0.626131
0.863302
0.711512
0.711512
0.490153
0.521776
0.654591
0.458530
0.708350
0.404772
0.651429
0.464855
0.708350
0.502802
0.679890
0.926547
0.572372
0.521776
0.932872
0.945521
0.926547
0.885438
0.702026
0.505964
0.936034
0.566048
0.720999
0.512289
0.673565
0.445881
0.600833
0.585021
0.474342
0.594508
0.537587
1.151069
0.417421
0.828517
0.708350
0.787407
0.534425
0.689377
0.635618
0.641942
0.483828
0.521776
0.632456
0.591346
0.702026
0.524938
0.651429
0.553399
0.616644
0.980306
0.635618
0.939196
0.765271
0.645105
0.597670
0.559723
0.524938
0.727324
0.815868
0.566048
0.809543
0.819030
0.613482
0.698863
0.588184
1.005604
0.610320
0.664078
1.211152
0.939196
0.537587
0.730486
0.430070
0.793732
0.480666
0.901249
0.958170
1.214315
0.613482
0.800056
0.787407
0.765271
0.423745
0.648267
0.616644
0.585021
0.730486
0.673565
0.746298
0.702026
0.853815
0.540749
0.572372
0.490153
0.670403
0.581859
0.477504
0.468017
0.597670
0.449043
0.547074
0.730486
0.490153
0.717837
0.600833
0.575535
0.645105
0.585021
0.474342
0.420583
0.512289
0.420583
0.430070
0.521776
0.553399
0.449043
0.430070
1.078337
0.626131
0.641942
1.242775
1.008767
0.607157
0.600833
0.698863
0.496478
0.597670
0.752622
0.436394
0.610320
0.626131
0.550236
0.556561
0.702026
0.929710
0.749460
0.973982
0.793732
0.547074
0.528100
0.461693
0.657754
0.562885
0.774758
0.486991
0.635618
0.689377
0.543912
0.540749
1.056201
1.264911
0.822192
0.528100
0.629293
0.585021
0.581859
0.771596
0.452206
0.825354
0.622969
0.581859
0.882275
0.496478
0.569210
0.569210
0.461693
0.755784
0.765271
1.040389
0.610320
0.461693
0.537587
0.594508
0.496478
0.585021
0.638780
0.547074
0.493315
0.670403
0.660916
0.550236
0.714675
0.502802
0.686214
0.619806
0.619806
0.433232
0.543912
0.727324
0.904411
0.809543
0.683052
0.474342
0.524938
0.449043
0.686214
0.502802
0.436394
0.616644
0.588184
0.382636
0.673565
0.537587
1.609599
0.800056
1.021416
0.559723
0.515451
0.702026
0.543912
0.600833
1.100473
0.455368
0.458530
0.603995
0.499640
1.255424
0.894925
0.641942
0.626131
0.430070
0.705188
0.547074
0.705188
1.198503
0.452206
0.524938
1.906853
0.815868
0.468017
0.869626
0.667241
0.692539
0.733648
0.790569
0.648267
0.724162
0.958170
0.828517
0.512289
0.714675
0.616644
1.211152
1.236451
0.660916
0.670403
0.600833
0.547074
0.452206
0.474342
0.992955
0.635618
1.160556
0.461693
0.414258
0.698863
0.730486
0.629293
0.942359
0.499640
0.486991
0.695701
0.591346
0.698863
0.679890
0.720999
0.433232
0.676727
0.585021
0.455368
0.752622
0.891762
0.531263
0.920223
0.686214
0.515451
0.648267
0.556561
0.540749
0.648267
0.597670
0.695701
0.758947
0.992955
0.426907
0.654591
0.698863
1.457810
0.474342
0.720999
0.499640
1.400889
0.651429
0.543912
0.679890
0.366824
0.692539
0.739973
0.442719
0.844328
0.648267
0.369986
1.138420
1.299696
0.540749
0.543912
0.800056
0.825354
1.030903
1.423025
0.717837
0.559723
0.828517
0.575535
0.553399
0.547074
0.496478
0.898087
0.534425
0.645105
0.537587
0.654591
0.683052
0.509127
0.521776
0.635618
0.904411
0.841166
0.515451
1.049876
0.505964
0.512289
0.562885
0.566048
0.566048
0.471179
0.575535
0.594508
0.578697
0.771596
0.566048
0.626131
0.831679
0.654591
0.588184
0.939196
0.553399
0.667241
0.607157
1.011929
0.512289
0.812705
0.651429
0.471179
0.613482
0.588184
0.755784
0.847490
0.528100
1.097310
0.528100
0.607157
0.502802
0.683052
0.430070
0.951846
0.518614
0.733648
0.768433
0.575535
0.705188
0.566048
0.683052
0.486991
0.720999
0.547074
0.518614
0.727324
0.793732
1.040389
1.008767
0.547074
0.468017
0.790569
0.831679
0.986631
0.566048
0.524938
0.499640
0.521776
0.531263
0.616644
0.872789
0.724162
0.660916
0.768433
0.733648
0.967657
0.790569
0.695701
0.638780
0.667241
0.730486
1.173205
0.796894
0.894925
0.537587
0.392122
0.477504
0.616644
0.904411
1.011929
0.626131
0.705188
0.727324
0.765271
0.651429
0.866464
1.125771
0.831679
0.559723
0.603995
0.376311
0.692539
0.891762
0.809543
0.610320
0.752622
0.411096
0.524938
0.559723
0.749460
0.452206
0.651429
0.578697
0.698863
0.898087
0.486991
0.629293
0.724162
0.648267
0.679890
0.812705
0.357337
0.442719
0.499640
1.027740
0.670403
0.572372
0.879113
0.844328
0.502802
1.271236
0.499640
1.024578
0.819030
0.490153
0.486991
0.777920
0.844328
0.635618
0.540749
0.556561
0.575535
0.762109
0.667241
0.591346
0.758947
0.831679
0.610320
0.727324
0.578697
0.667241
0.790569
0.594508
1.106797
0.594508
0.629293
0.676727
0.720999
0.559723
1.097310
0.521776
0.657754
1.293372
0.702026
0.515451
0.651429
0.436394
0.746298
0.654591
0.509127
0.667241
0.528100
0.578697
1.087824
0.800056
0.401609
0.616644
0.838004
0.683052
0.594508
0.803219
0.831679
0.619806
0.509127
0.354175
0.648267
0.474342
0.898087
0.648267
0.496478
0.490153
0.815868
0.626131
0.664078
0.626131
0.474342
0.581859
0.629293
0.524938
0.720999
0.667241
0.581859
0.708350
0.607157
1.454648
0.651429
0.407934
0.822192
1.151069
0.679890
0.578697
0.559723
0.610320
0.970819
0.562885
0.556561
0.550236
0.578697
1.293372
0.651429
0.964495
1.002442
0.743135
0.645105
0.600833
0.531263
0.515451
0.613482
0.724162
0.755784
0.638780
0.632456
0.660916
0.430070
0.758947
0.686214
0.572372
1.106797
0.629293
0.651429
0.651429
0.486991
0.771596
0.531263
0.866464
0.414258
0.793732
0.597670
0.480666
0.822192
0.667241
0.856977
0.442719
0.724162
1.011929
0.518614
0.724162
0.458530
0.477504
0.673565
0.711512
0.543912
0.354175
0.809543
0.512289
0.648267
1.030903
0.562885
0.616644
0.739973
0.724162
0.705188
0.613482
0.603995
0.581859
0.458530
0.559723
0.607157
0.531263
0.664078
0.904411
0.793732
0.607157
0.698863
0.891762
0.765271
0.547074
0.540749
0.796894
0.841166
0.502802
0.581859
0.936034
0.901249
0.521776
0.822192
0.695701
0.509127
0.730486
0.673565
0.502802
0.800056
0.581859
0.901249
0.581859
0.610320
0.784245
0.834841
0.752622
0.588184
0.705188
0.524938
0.515451
0.581859
1.198503
0.683052
0.790569
0.762109
0.566048
0.702026
0.559723
0.736811
0.996117
0.426907
0.834841
0.600833
0.613482
0.626131
0.977144
0.724162
0.948683
0.660916
0.553399
0.670403
1.056201
0.594508
0.531263
0.683052
0.572372
1.094148
0.610320
1.075174
0.768433
1.005604
0.844328
0.648267
0.923385
0.524938
0.597670
0.461693
0.632456
0.961332
0.505964
0.578697
0.569210
1.005604
0.635618
0.550236
0.534425
0.803219
0.774758
0.654591
1.087824
0.537587
0.673565
0.651429
0.509127
0.610320
0.692539
0.667241
0.645105
0.499640
0.562885
0.755784
1.154231
0.670403
0.673565
0.534425
0.521776
0.664078
0.708350
0.423745
0.591346
0.977144
0.664078
0.616644
0.749460
0.796894
0.572372
0.575535
0.433232
0.559723
0.543912
0.679890
0.445881
1.037227
0.758947
1.024578
0.645105
0.648267
0.515451
0.616644
0.534425
0.660916
0.749460
0.758947
0.698863
0.777920
0.999280
1.021416
0.354175
0.578697
0.784245
0.645105
0.439557
0.705188
0.815868
0.638780
0.645105
0.777920
0.528100
0.540749
0.534425
1.151069
0.730486
0.670403
0.420583
0.736811
0.515451
0.626131
0.591346
1.236451
0.793732
0.512289
0.490153
0.758947
0.521776
0.591346
0.838004
0.758947
0.509127
0.635618
0.543912
0.531263
1.005604
0.809543
0.540749
0.616644
0.736811
0.439557
0.667241
0.480666
0.781083
0.629293
0.702026
0.407934
0.619806
0.613482
0.790569
0.790569
0.581859
0.711512
0.819030
0.392122
0.657754
0.879113
0.572372
0.739973
0.635618
0.800056
0.496478
0.692539
0.803219
0.768433
0.765271
0.550236
0.739973
0.771596
0.901249
0.686214
0.850653
0.727324
0.515451
0.888600
0.619806
0.803219
0.901249
0.942359
0.543912
0.483828
0.518614
0.695701
0.749460
0.730486
0.531263
0.774758
0.736811
1.176367
0.670403
0.515451
0.575535
0.657754
0.705188
0.777920
0.452206
0.629293
0.689377
0.673565
0.543912
0.885438
0.635618
0.720999
0.477504
0.603995
0.512289
0.660916
0.585021
0.825354
0.458530
0.442719
0.575535
0.442719
0.445881
0.578697
0.531263
0.679890
0.622969
0.657754
1.176367
0.603995
0.528100
0.638780
0.790569
0.730486
0.973982
0.569210
0.970819
0.578697
0.591346
0.676727
0.904411
0.948683
0.613482
1.132095
0.575535
0.423745
0.762109
0.698863
0.622969
0.774758
0.875951
0.648267
0.638780
1.097310
1.182692
0.939196
0.537587
1.106797
0.714675
0.856977
0.670403
0.683052
0.556561
0.585021
0.749460
0.819030
0.667241
0.698863
0.758947
0.626131
0.562885
0.901249
0.819030
0.645105
0.404772
0.841166
0.502802
0.392122
0.654591
0.575535
0.445881
0.483828
0.695701
0.733648
0.793732
0.382636
0.572372
0.686214
0.717837
0.575535
1.138420
0.603995
0.452206
0.426907
0.521776
0.657754
0.698863
0.755784
0.474342
0.825354
0.581859
0.667241
0.578697
0.714675
0.556561
0.616644
0.724162
0.632456
0.679890
0.739973
0.717837
0.559723
0.667241
0.556561
0.493315
0.752622
0.635618
0.834841
0.838004
0.591346
0.869626
0.452206
0.664078
0.657754
0.607157
0.569210
0.822192
0.774758
0.626131
1.034065
0.531263
0.771596
0.692539
0.847490
0.547074
0.543912
0.654591
0.686214
0.369986
0.401609
0.888600
0.572372
0.524938
1.245937
0.505964
0.664078
0.654591
1.015091
0.774758
0.461693
0.850653
0.771596
0.600833
0.578697
0.692539
0.423745
0.660916
0.512289
0.961332
0.695701
0.417421
0.534425
0.787407
0.705188
0.458530
0.803219
0.945521
1.068850
0.562885
0.885438
0.414258
0.831679
0.894925
0.923385
0.537587
0.540749
0.543912
0.781083
0.771596
0.414258
0.800056
0.622969
0.528100
0.667241
0.619806
0.664078
0.739973
0.746298
0.455368
0.581859
0.743135
0.638780
0.521776
0.505964
0.752622
0.910736
0.622969
0.607157
0.407934
0.464855
0.686214
0.749460
0.521776
0.679890
0.679890
0.670403
1.220639
0.607157
0.695701
0.420583
0.369986
0.442719
0.856977
0.603995
0.632456
0.512289
0.622969
1.075174
0.578697
0.724162
0.600833
0.622969
0.607157
0.445881
0.774758
0.790569
0.559723
0.939196
0.490153
0.686214
0.711512
0.407934
0.553399
0.923385
0.667241
0.834841
0.455368
0.869626
1.030903
0.518614
0.471179
0.629293
0.559723
0.490153
0.999280
0.708350
0.702026
0.600833
0.695701
1.043552
0.708350
1.046714
0.692539
0.436394
0.622969
0.657754
0.585021
0.749460
1.081499
0.572372
0.746298
0.547074
0.575535
0.407934
0.556561
0.708350
0.910736
0.524938
0.616644
0.521776
0.717837
0.847490
0.702026
0.654591
0.752622
0.537587
0.597670
0.657754
0.733648
0.654591
0.664078
0.518614
0.651429
0.547074
0.524938
0.730486
0.787407
0.455368
0.531263
0.464855
0.591346
0.534425
0.581859
0.512289
0.629293
0.705188
0.610320
0.477504
0.702026
0.518614
0.844328
0.781083
0.768433
0.613482
0.524938
0.626131
0.749460
0.733648
0.540749
0.619806
0.847490
0.838004
0.521776
0.749460
0.657754
0.657754
0.771596
0.553399
0.626131
0.869626
0.695701
0.547074
0.702026
0.562885
0.964495
0.613482
0.430070
0.613482
0.705188
0.483828
0.521776
0.654591
1.154231
0.585021
0.812705
0.645105
0.645105
0.679890
1.236451
0.622969
0.939196
0.632456
0.695701
0.781083
0.578697
0.480666
0.660916
0.879113
0.534425
0.543912
0.499640
0.828517
0.825354
0.597670
0.569210
0.610320
0.853815
0.695701
0.569210
0.676727
0.936034
0.730486
0.588184
0.831679
0.847490
0.480666
0.407934
0.907574
0.502802
0.600833
1.030903
0.566048
0.603995
0.645105
0.588184
0.461693
0.543912
1.024578
0.600833
0.720999
0.838004
0.790569
0.543912
0.616644
0.777920
0.531263
0.585021
0.543912
0.999280
0.739973
0.784245
0.768433
0.755784
0.521776
0.439557
0.929710
0.569210
0.698863
0.923385
0.449043
1.438836
0.531263
0.755784
0.828517
0.815868
0.534425
0.521776
0.796894
0.629293
0.496478
0.553399
1.252262
0.562885
0.679890
0.550236
0.648267
0.673565
0.600833
0.483828
0.483828
0.727324
0.622969
0.550236
0.550236
0.768433
0.660916
0.622969
0.613482
0.692539
0.610320
0.872789
0.702026
1.106797
0.695701
0.790569
0.575535
1.081499
0.458530
0.702026
0.486991
0.838004
0.660916
0.781083
0.686214
0.986631
0.430070
0.395285
0.720999
0.591346
0.477504
0.831679
0.724162
0.531263
0.749460
0.910736
0.932872
0.458530
0.474342
0.540749
0.458530
0.524938
0.477504
0.632456
1.068850
0.717837
0.597670
0.705188
0.474342
0.509127
0.442719
0.496478
0.654591
0.518614
0.923385
0.464855
0.648267
0.543912
0.727324
0.758947
0.727324
0.417421
0.524938
0.455368
0.692539
0.619806
0.603995
0.917061
0.714675
0.524938
0.603995
0.613482
0.395285
0.733648
0.882275
0.869626
0.468017
0.667241
0.702026
0.521776
0.689377
0.543912
0.727324
1.448323
0.543912
0.505964
0.461693
0.727324
0.645105
0.796894
0.869626
0.724162
0.815868
0.499640
1.220639
0.724162
0.518614
0.531263
0.392122
0.917061
1.245937
0.651429
0.762109
0.920223
0.743135
0.464855
0.607157
0.591346
0.711512
0.515451
0.936034
1.075174
0.771596
0.904411
0.670403
0.591346
0.841166
0.445881
0.746298
0.879113
0.600833
0.733648
0.863302
0.743135
0.825354
0.518614
0.708350
0.755784
0.534425
0.521776
0.553399
0.414258
0.445881
0.524938
0.758947
0.543912
0.917061
0.686214
0.676727
0.518614
0.796894
0.787407
0.648267
0.714675
0.559723
0.891762
1.043552
0.765271
0.768433
0.585021
0.626131
1.011929
0.866464
0.585021
0.521776
1.027740
1.562165
0.553399
0.872789
0.819030
0.490153
0.547074
0.698863
0.474342
0.480666
0.929710
0.667241
0.739973
0.973982
0.714675
0.464855
0.531263
0.518614
0.449043
0.932872
0.641942
0.603995
0.702026
0.806381
0.585021
0.689377
0.730486
0.815868
0.436394
0.556561
0.657754
0.480666
0.667241
0.585021
0.572372
0.515451
1.388240
0.667241
0.705188
0.559723
0.844328
0.619806
0.588184
0.423745
0.534425
0.749460
0.812705
0.847490
0.932872
0.648267
0.468017
1.002442
0.648267
0.417421
0.784245
0.872789
0.439557
1.018253
0.537587
0.882275
0.645105
0.553399
0.698863
0.566048
0.904411
0.600833
0.518614
0.597670
0.613482
0.537587
0.531263
0.758947
0.784245
0.913898
0.572372
0.619806
0.901249
0.502802
0.838004
0.597670
0.664078
0.562885
0.762109
0.657754
0.651429
0.632456
0.562885
0.743135
1.207990
0.505964
0.468017
0.550236
0.679890
0.569210
0.777920
0.841166
1.514731
0.493315
0.468017
0.575535
0.730486
0.692539
0.515451
0.461693
0.698863
0.752622
0.480666
0.635618
0.800056
0.733648
0.521776
0.600833
0.733648
0.540749
0.629293
0.398447
0.502802
0.632456
0.730486
0.622969
0.651429
0.784245
0.711512
0.600833
1.441999
0.477504
0.543912
0.452206
0.739973
0.670403
0.474342
0.629293
0.407934
0.613482
0.803219
0.553399
0.496478
0.559723
0.752622
0.752622
0.591346
0.543912
0.850653
0.860140
0.581859
0.815868
0.787407
0.619806
0.524938
0.534425
0.774758
0.562885
0.496478
0.610320
0.455368
0.572372
0.746298
0.626131
0.613482
0.509127
0.534425
0.702026
0.575535
0.581859
0.708350
0.597670
1.255424
0.468017
0.547074
0.499640
0.550236
0.613482
0.616644
0.493315
0.692539
1.258587
0.559723
0.622969
0.581859
0.645105
0.632456
0.411096
0.588184
0.543912
0.762109
0.844328
0.575535
0.717837
0.894925
0.641942
0.891762
0.717837
0.724162
0.626131
0.910736
0.543912
0.796894
0.471179
0.692539
0.815868
0.417421
0.496478
0.739973
1.226964
0.569210
0.556561
0.401609
0.787407
0.562885
0.575535
0.553399
0.524938
0.847490
0.483828
0.746298
1.242775
0.717837
0.730486
0.426907
0.616644
0.585021
0.616644
0.771596
0.632456
0.439557
0.543912
0.689377
0.622969
0.515451
0.531263
0.683052
0.939196
0.540749
0.727324
0.559723
0.755784
0.588184
0.594508
0.588184
0.543912
0.904411
0.521776
0.411096
0.717837
1.755064
0.531263
0.689377
0.597670
0.569210
0.768433
0.417421
0.626131
0.973982
0.499640
1.037227
0.591346
0.869626
0.689377
0.559723
0.705188
0.860140
0.468017
0.547074
0.967657
0.404772
0.455368
0.502802
0.616644
0.708350
0.562885
0.423745
0.581859
0.743135
0.806381
0.875951
0.575535
0.524938
0.844328
0.781083
0.632456
0.670403
0.686214
1.078337
0.461693
0.468017
0.743135
0.471179
0.641942
0.569210
0.660916
0.736811
0.743135
0.537587
0.929710
0.559723
0.439557
0.720999
0.616644
0.838004
0.758947
0.493315
0.622969
0.502802
0.698863
0.632456
0.708350
0.616644
0.512289
0.717837
0.622969
0.679890
0.622969
0.553399
0.746298
0.746298
1.075174
0.328877
0.708350
0.505964
0.667241
0.932872
0.499640
0.787407
0.562885
0.468017
0.562885
0.708350
0.812705
0.518614
0.442719
0.955008
0.787407
0.872789
0.543912
0.430070
0.483828
0.872789
0.499640
0.578697
0.610320
0.667241
0.670403
0.518614
0.860140
0.518614
0.600833
0.708350
0.790569
0.512289
0.528100
0.569210
0.872789
0.838004
0.622969
0.822192
0.468017
0.698863
0.581859
0.752622
0.622969
0.679890
0.724162
0.702026
0.948683
0.603995
0.556561
0.676727
0.774758
0.730486
0.547074
0.486991
0.670403
0.477504
0.667241
0.670403
0.660916
0.468017
1.008767
0.613482
0.777920
0.540749
0.853815
0.635618
0.888600
0.749460
0.901249
0.616644
0.521776
0.875951
0.641942
1.435674
0.702026
0.980306
0.486991
0.442719
0.490153
1.068850
0.575535
0.521776
0.961332
0.664078
0.635618
0.714675
0.844328
0.632456
0.670403
0.853815
0.578697
0.591346
0.648267
0.819030
0.834841
0.879113
0.566048
0.543912
0.543912
0.452206
0.917061
0.610320
0.594508
1.147907
0.787407
0.543912
0.803219
0.550236
0.328877
0.755784
0.556561
0.556561
0.660916
0.499640
0.603995
0.923385
0.853815
0.720999
0.490153
0.641942
0.629293
0.828517
0.894925
0.635618
0.600833
0.524938
0.553399
0.692539
0.762109
0.702026
0.585021
0.762109
0.831679
0.512289
0.768433
0.566048
0.515451
0.664078
0.534425
0.521776
0.556561
0.430070
0.648267
0.629293
0.474342
0.670403
0.600833
0.581859
0.926547
0.638780
0.793732
0.562885
1.195341
0.518614
1.657033
0.787407
1.034065
0.439557
0.847490
1.027740
0.774758
0.765271
0.619806
0.749460
0.667241
0.812705
0.581859
0.556561
0.585021
0.556561
0.683052
0.632456
0.600833
0.809543
1.059363
0.648267
1.138420
0.505964
0.547074
0.749460
0.480666
0.720999
0.575535
0.610320
0.619806
0.524938
0.822192
0.739973
1.128933
0.743135
0.531263
0.468017
0.382636
0.679890
0.471179
0.834841
0.493315
0.686214
0.651429
0.505964
0.603995
0.594508
0.505964
0.819030
0.869626
0.638780
0.711512
0.774758
0.629293
0.645105
1.068850
0.838004
0.534425
0.581859
0.537587
0.860140
0.562885
0.452206
0.531263
0.528100
0.417421
0.401609
0.638780
0.575535
0.853815
0.464855
0.496478
0.540749
0.411096
0.787407
0.566048
0.521776
0.449043
0.569210
0.679890
0.452206
0.689377
0.894925
0.996117
0.973982
0.695701
0.702026
0.578697
0.369986
0.407934
0.610320
0.635618
0.765271
0.629293
0.670403
1.277560
0.641942
0.534425
0.430070
0.730486
0.768433
0.664078
0.739973
0.635618
0.613482
0.673565
0.480666
0.572372
0.610320
0.942359
0.483828
0.676727
0.426907
0.553399
0.505964
0.509127
0.559723
0.629293
0.483828
0.841166
0.562885
1.046714
0.619806
0.518614
1.037227
0.736811
1.002442
0.724162
0.496478
0.600833
0.439557
0.863302
0.739973
0.578697
0.622969
0.762109
0.524938
0.547074
0.585021
0.619806
0.550236
0.882275
0.572372
1.113122
0.572372
0.407934
0.480666
0.581859
0.762109
0.739973
0.543912
0.641942
0.819030
0.581859
0.812705
0.490153
0.439557
0.695701
0.515451
0.509127
0.679890
0.790569
0.581859
0.569210
0.720999
0.445881
0.493315
0.562885
0.499640
0.474342
0.458530
0.547074
0.581859
0.439557
0.518614
0.430070
0.543912
0.755784
0.388960
0.961332
0.632456
1.021416
0.537587
0.882275
0.452206
0.771596
0.417421
0.806381
0.474342
0.670403
0.578697
0.534425
0.809543
0.442719
0.670403
0.556561
0.654591
0.695701
0.686214
1.271236
0.442719
0.714675
0.967657
1.059363
0.347851
0.588184
0.493315
0.727324
0.676727
0.651429
0.344688
0.964495
0.673565
0.806381
0.566048
0.461693
0.683052
0.648267
0.705188
0.664078
0.594508
0.749460
0.727324
0.411096
0.806381
0.803219
0.543912
0.626131
0.528100
0.746298
0.471179
0.648267
0.619806
0.572372
0.496478
0.613482
0.651429
0.537587
0.575535
0.521776
0.347851
0.509127
0.420583
0.603995
1.321832
0.499640
0.509127
0.809543
0.825354
0.657754
0.692539
0.686214
0.648267
0.781083
0.695701
0.746298
0.499640
0.945521
0.945521
0.515451
0.834841
1.179530
0.524938
0.569210
0.464855
0.499640
1.005604
0.572372
0.534425
0.702026
0.610320
0.717837
0.575535
0.635618
1.302858
0.838004
0.414258
0.594508
0.641942
0.774758
0.622969
0.645105
0.815868
0.648267
0.569210
0.777920
0.626131
0.496478
0.566048
1.397727
0.648267
0.515451
0.594508
0.562885
0.515451
0.433232
0.828517
0.781083
0.856977
0.853815
0.458530
0.594508
0.660916
0.910736
0.866464
0.496478
0.739973
0.610320
0.664078
0.626131
0.610320
0.875951
0.926547
0.727324
0.702026
0.632456
0.825354
0.619806
0.695701
0.559723
0.720999
0.641942
0.977144
1.122609
0.739973
0.461693
0.967657
0.458530
0.547074
0.524938
0.496478
0.518614
0.559723
0.540749
0.613482
0.597670
0.622969
0.679890
0.496478
0.803219
0.458530
0.509127
0.566048
0.796894
0.743135
0.464855
0.613482
0.490153
0.613482
0.932872
0.594508
0.651429
0.736811
0.613482
0.569210
1.157394
0.512289
0.777920
0.528100
0.616644
0.641942
0.566048
0.515451
0.888600
0.534425
0.717837
0.610320
0.477504
0.638780
0.708350
0.705188
0.613482
0.610320
0.856977
0.670403
0.369986
0.442719
0.566048
0.616644
0.594508
0.702026
0.758947
0.499640
0.888600
0.853815
0.477504
0.537587
0.622969
0.970819
0.923385
0.556561
0.603995
2.027020
1.261749
0.578697
0.641942
0.872789
0.632456
0.698863
0.515451
0.477504
0.733648
0.540749
0.471179
0.632456
0.439557
0.803219
0.376311
0.768433
0.714675
0.430070
0.898087
1.214315
0.392122
0.920223
0.559723
0.657754
0.632456
0.420583
0.774758
0.540749
0.730486
0.471179
0.664078
0.569210
0.490153
0.619806
0.528100
0.657754
0.610320
0.755784
0.667241
0.556561
0.894925
0.483828
1.170043
0.651429
0.499640
0.569210
0.455368
0.736811
1.119446
0.717837
1.223801
0.645105
0.746298
1.094148
0.720999
0.686214
0.689377
0.638780
0.651429
0.645105
0.477504
0.572372
0.597670
0.809543
0.562885
0.850653
0.588184
0.752622
0.822192
0.369986
0.613482
0.493315
0.641942
0.392122
0.894925
0.581859
0.948683
0.607157
0.569210
0.739973
0.531263
0.996117
0.603995
0.822192
0.502802
0.717837
0.445881
0.670403
0.477504
0.518614
0.749460
0.781083
0.572372
0.819030
0.648267
0.847490
0.600833
0.648267
0.594508
0.635618
0.622969
0.566048
0.654591
0.553399
0.524938
0.771596
0.819030
0.597670
1.021416
0.679890
0.613482
0.657754
0.518614
0.720999
0.496478
0.834841
0.638780
0.774758
0.869626
0.967657
0.698863
0.559723
0.594508
0.714675
0.619806
0.679890
0.543912
0.819030
0.442719
0.781083
0.452206
0.720999
1.072012
0.607157
0.559723
0.695701
0.613482
0.784245
0.771596
0.505964
0.648267
0.850653
0.714675
0.673565
0.920223
1.059363
0.645105
0.603995
0.673565
0.594508
0.645105
0.708350
0.641942
0.550236
0.717837
0.613482
0.474342
0.679890
0.559723
0.648267
0.430070
0.828517
0.464855
0.657754
0.790569
0.610320
0.920223
0.477504
0.670403
0.777920
0.575535
0.689377
0.401609
0.597670
0.860140
0.894925
0.553399
0.800056
0.875951
0.683052
0.866464
0.834841
0.711512
0.369986
0.657754
0.689377
0.645105
0.686214
0.373149
0.610320
0.553399
0.515451
0.622969
0.705188
0.714675
0.626131
0.951846
0.838004
0.426907
0.458530
0.477504
0.645105
1.053038
0.411096
0.683052
0.676727
0.509127
0.749460
0.970819
0.613482
0.562885
0.610320
0.404772
0.543912
0.581859
0.537587
0.632456
1.015091
0.439557
0.496478
0.815868
0.635618
0.651429
0.743135
0.686214
0.468017
0.591346
0.566048
0.534425
0.875951
0.986631
0.480666
0.983468
0.812705
0.955008
0.610320
0.736811
0.543912
0.610320
0.819030
0.739973
0.622969
0.528100
0.547074
0.980306
0.417421
0.784245
0.445881
0.550236
0.771596
0.910736
0.477504
0.695701
0.550236
0.585021
0.686214
0.515451
0.607157
0.575535
0.936034
0.493315
0.641942
0.512289
0.733648
0.626131
0.781083
0.471179
0.828517
0.771596
0.702026
0.537587
0.585021
0.872789
0.819030
0.572372
1.100473
0.600833
0.676727
1.274398
0.562885
0.955008
0.619806
0.651429
0.702026
0.758947
0.856977
0.800056
0.746298
0.730486
0.395285
0.879113
0.588184
0.474342
0.942359
0.449043
0.540749
0.610320
0.531263
0.569210
0.547074
0.917061
0.768433
0.540749
0.695701
0.645105
0.910736
0.768433
0.904411
0.651429
0.550236
0.531263
0.806381
0.673565
0.648267
0.578697
0.553399
0.578697
1.059363
0.616644
1.612762
0.711512
0.676727
0.505964
0.648267
0.667241
0.578697
0.743135
0.679890
0.626131
0.531263
0.531263
0.819030
0.607157
0.660916
1.192179
0.493315
0.524938
0.901249
0.926547
0.455368
0.578697
0.575535
0.743135
0.515451
1.075174
0.528100
0.537587
0.550236
0.752622
1.030903
0.449043
0.524938
0.452206
0.875951
0.676727
0.711512
1.008767
0.537587
0.600833
0.575535
0.720999
0.828517
0.603995
0.692539
0.591346
0.626131
0.509127
0.524938
0.743135
0.566048
0.588184
0.528100
0.632456
0.774758
0.483828
0.733648
0.955008
0.777920
0.945521
0.743135
1.340806
0.477504
0.464855
0.562885
0.480666
1.002442
0.581859
0.907574
0.714675
0.765271
0.547074
0.626131
0.689377
1.056201
0.493315
1.170043
0.490153
0.885438
0.591346
0.632456
0.796894
0.509127
0.518614
0.711512
0.616644
0.537587
1.404051
1.163718
0.553399
0.853815
0.932872
0.875951
0.493315
0.781083
0.515451
0.989793
0.882275
0.632456
0.698863
0.540749
0.607157
0.660916
0.809543
0.632456
0.550236
0.613482
0.739973
0.894925
0.790569
0.638780
0.591346
0.553399
0.616644
0.474342
0.932872
0.528100
0.477504
0.758947
0.822192
0.562885
0.518614
0.730486
0.553399
0.613482
0.806381
0.743135
0.879113
0.705188
0.910736
0.831679
0.613482
0.509127
0.645105
0.856977
0.853815
0.493315
0.853815
0.629293
0.458530
0.531263
0.667241
0.838004
0.847490
0.739973
0.651429
0.543912
0.951846
0.667241
0.863302
0.540749
0.648267
0.632456
0.613482
1.144745
0.676727
0.515451
0.344688
0.591346
1.132095
0.749460
0.499640
0.562885
0.695701
1.245937
0.559723
0.679890
0.796894
0.746298
0.679890
0.717837
0.613482
0.575535
0.553399
0.572372
0.755784
0.660916
0.670403
0.727324
0.474342
0.581859
0.616644
0.879113
0.524938
0.641942
0.594508
0.553399
0.581859
0.629293
0.853815
0.702026
0.607157
0.607157
0.882275
0.648267
0.645105
0.594508
0.603995
1.777200
0.613482
0.572372
0.714675
0.496478
0.521776
0.575535
0.619806
0.512289
0.752622
0.556561
0.411096
0.806381
0.888600
0.822192
0.689377
0.803219
0.894925
0.486991
0.736811
0.566048
0.632456
0.660916
0.651429
0.875951
0.499640
1.128933
0.695701
0.749460
0.629293
0.819030
0.632456
0.562885
0.572372
1.068850
0.888600
0.787407
0.585021
1.132095
0.679890
0.733648
1.211152
0.822192
0.524938
0.762109
0.471179
0.493315
0.913898
0.926547
0.486991
0.521776
0.531263
0.812705
1.290209
0.550236
0.464855
0.711512
0.392122
0.869626
0.698863
0.698863
0.787407
0.622969
0.610320
0.768433
1.268073
0.562885
0.692539
0.594508
0.736811
0.502802
0.528100
0.594508
0.626131
0.328877
0.746298
0.502802
0.955008
0.828517
0.603995
0.705188
1.391402
0.803219
0.569210
0.543912
0.597670
0.547074
0.768433
0.594508
0.768433
0.641942
0.705188
0.679890
0.992955
0.958170
1.030903
0.493315
0.664078
0.847490
0.714675
0.635618
0.834841
0.613482
0.879113
0.755784
0.796894
0.983468
0.581859
0.607157
0.822192
0.679890
0.613482
1.037227
0.515451
0.547074
0.942359
0.727324
0.613482
0.894925
0.803219
0.657754
0.989793
0.471179
0.528100
0.464855
0.641942
0.411096
0.540749
0.610320
0.698863
0.702026
0.657754
0.635618
0.575535
0.585021
0.420583
0.613482
0.641942
0.496478
0.894925
0.806381
0.531263
0.534425
0.951846
0.411096
0.645105
0.603995
1.331319
0.610320
0.524938
0.537587
0.689377
1.043552
0.809543
0.774758
0.543912
0.585021
0.610320
0.480666
0.619806
0.660916
0.626131
0.720999
0.626131
0.686214
0.774758
0.436394
0.932872
0.692539
0.724162
0.702026
0.879113
0.913898
0.632456
0.578697
0.686214
0.711512
0.382636
0.537587
0.591346
0.645105
0.471179
0.648267
0.603995
0.860140
0.752622
0.866464
0.449043
0.632456
0.439557
0.733648
0.550236
0.486991
0.521776
0.768433
0.534425
0.550236
0.490153
0.743135
0.509127
0.610320
0.585021
0.534425
0.765271
0.632456
0.771596
0.449043
0.505964
0.344688
0.755784
0.613482
0.730486
0.762109
0.673565
0.651429
0.550236
0.597670
0.850653
0.645105
0.749460
0.923385
0.442719
0.629293
0.891762
0.505964
0.357337
0.654591
0.613482
0.537587
0.755784
0.904411
0.562885
0.600833
0.553399
0.692539
1.027740
0.638780
0.458530
0.550236
0.850653
0.594508
0.657754
0.474342
0.651429
0.844328
0.562885
0.547074
0.556561
0.581859
0.717837
0.771596
0.708350
0.496478
0.433232
0.585021
0.806381
0.597670
0.942359
0.569210
0.679890
0.828517
0.486991
0.505964
0.505964
0.686214
0.562885
0.733648
0.395285
0.524938
0.774758
0.667241
0.654591
0.635618
0.480666
0.569210
0.825354
0.727324
0.581859
0.686214
0.641942
0.537587
0.632456
0.765271
0.781083
0.964495
0.610320
0.888600
0.398447
0.439557
0.651429
0.505964
1.524218
0.502802
0.635618
0.657754
0.543912
0.670403
0.622969
1.549516
1.290209
0.607157
0.512289
0.502802
0.540749
0.471179
0.556561
0.512289
0.645105
0.540749
0.898087
0.550236
0.717837
0.705188
0.591346
0.540749
0.423745
0.490153
0.771596
0.591346
0.468017
0.999280
0.518614
0.502802
0.515451
0.569210
0.702026
0.562885
0.654591
0.717837
0.645105
0.641942
0.796894
0.711512
0.613482
0.528100
0.392122
0.689377
0.388960
0.686214
0.572372
0.619806
0.464855
1.015091
0.553399
0.739973
0.638780
0.540749
0.496478
0.553399
0.739973
0.632456
0.566048
0.515451
0.575535
0.518614
0.705188
0.603995
1.087824
0.433232
0.648267
0.951846
0.955008
0.505964
0.603995
1.084661
0.524938
0.774758
0.806381
0.509127
0.765271
0.483828
0.673565
0.651429
0.619806
0.689377
0.828517
0.793732
0.648267
0.471179
0.562885
0.651429
0.414258
0.411096
0.512289
0.664078
0.872789
0.638780
0.654591
0.521776
0.512289
0.562885
0.717837
0.575535
0.528100
1.321832
0.474342
0.585021
0.610320
0.989793
0.613482
0.600833
0.796894
0.860140
0.809543
0.961332
0.819030
0.657754
0.603995
0.664078
0.657754
0.970819
0.452206
0.528100
1.018253
0.667241
0.344688
0.635618
0.603995
1.128933
0.575535
0.619806
0.566048
0.695701
0.657754
0.812705
0.879113
0.869626
0.736811
1.027740
0.676727
0.556561
0.632456
0.698863
0.512289
0.866464
0.578697
0.964495
0.597670
0.486991
0.762109
0.559723
0.992955
0.480666
0.480666
0.635618
0.619806
0.676727
0.809543
0.521776
0.433232
0.505964
0.822192
0.553399
0.629293
0.683052
0.562885
0.850653
0.632456
0.796894
0.717837
0.550236
0.664078
0.781083
0.600833
0.730486
0.841166
0.758947
0.698863
1.331319
0.860140
0.594508
0.670403
0.749460
0.569210
0.660916
0.784245
1.078337
0.717837
0.531263
0.657754
0.619806
0.578697
0.490153
0.645105
0.566048
0.705188
0.822192
0.398447
0.562885
0.414258
0.512289
0.989793
0.597670
0.907574
0.673565
0.714675
0.559723
0.654591
0.490153
0.679890
1.113122
0.711512
0.490153
0.945521
0.676727
0.746298
0.664078
0.860140
0.486991
0.537587
0.540749
0.581859
0.528100
0.673565
0.382636
0.537587
0.585021
0.613482
0.607157
0.521776
0.585021
0.879113
0.683052
0.610320
0.540749
0.638780
0.423745
0.923385
0.455368
0.550236
0.547074
0.566048
0.531263
0.910736
0.547074
0.806381
0.619806
0.664078
0.765271
0.423745
0.610320
0.585021
0.588184
0.562885
0.834841
0.844328
0.917061
0.585021
0.657754
0.619806
0.566048
0.528100
0.509127
0.822192
0.528100
0.790569
0.518614
0.607157
0.632456
0.550236
0.676727
0.733648
0.787407
0.464855
0.755784
0.477504
0.926547
0.645105
0.632456
0.594508
0.819030
0.683052
0.603995
0.702026
0.752622
0.502802
0.436394
0.547074
0.578697
0.585021
1.068850
0.645105
0.698863
0.980306
0.537587
0.891762
1.198503
1.021416
0.607157
0.708350
0.528100
0.724162
0.790569
0.667241
0.521776
0.566048
0.695701
0.739973
0.724162
0.635618
0.537587
0.698863
0.708350
0.543912
0.626131
0.518614
0.562885
0.547074
0.524938
0.638780
0.496478
0.547074
0.553399
0.679890
0.692539
0.784245
0.505964
0.591346
0.597670
0.692539
0.499640
0.657754
0.720999
1.021416
0.505964
0.638780
0.844328
0.461693
0.825354
0.528100
0.531263
0.483828
0.597670
0.973982
0.847490
0.635618
0.743135
0.622969
0.474342
0.936034
0.705188
0.524938
0.537587
1.024578
0.566048
0.651429
0.433232
0.610320
0.385798
0.660916
0.632456
0.749460
0.572372
0.461693
0.534425
0.407934
0.569210
1.053038
1.451485
0.695701
0.566048
0.980306
1.170043
0.603995
0.667241
0.727324
0.588184
0.739973
0.629293
0.698863
0.733648
1.053038
1.198503
0.755784
0.926547
0.588184
0.692539
0.490153
0.417421
0.509127
1.015091
0.553399
0.793732
0.686214
0.616644
1.157394
0.619806
0.619806
0.967657
0.581859
0.433232
0.502802
0.468017
0.626131
0.733648
0.515451
0.515451
0.698863
0.755784
0.477504
0.607157
0.540749
0.746298
0.585021
0.426907
0.468017
0.524938
0.439557
0.784245
0.667241
0.445881
0.588184
0.562885
0.480666
0.967657
0.762109
0.679890
0.667241
0.676727
0.585021
0.474342
0.537587
0.493315
0.673565
0.828517
0.531263
0.518614
0.724162
0.575535
0.521776
0.724162
0.771596
0.894925
0.490153
1.185854
0.708350
0.752622
0.702026
0.882275
0.575535
0.486991
0.496478
0.670403
0.955008
0.540749
0.651429
0.885438
0.692539
0.493315
0.781083
0.664078
1.160556
0.433232
0.917061
0.992955
0.645105
0.724162
0.572372
0.550236
0.629293
0.575535
0.572372
0.445881
0.398447
0.676727
0.717837
0.651429
0.477504
0.505964
0.474342
0.882275
0.591346
0.562885
0.619806
0.597670
0.483828
0.572372
0.711512
0.559723
0.648267
0.635618
0.600833
0.442719
0.635618
0.452206
0.736811
0.518614
0.550236
0.711512
0.831679
0.477504
0.711512
0.803219
0.411096
0.566048
0.762109
0.547074
0.483828
0.651429
0.600833
0.733648
0.543912
0.888600
0.641942
0.768433
0.632456
0.543912
0.559723
0.641942
0.518614
1.002442
0.673565
0.749460
0.543912
0.562885
0.452206
0.572372
0.496478
0.648267
0.566048
0.762109
0.505964
0.483828
1.166880
0.578697
1.040389
0.714675
0.758947
0.616644
0.752622
0.638780
0.566048
0.594508
0.917061
0.736811
0.648267
0.664078
0.518614
0.641942
0.660916
0.575535
0.474342
0.695701
0.537587
0.610320
0.774758
0.695701
0.695701
0.585021
0.610320
0.781083
0.676727
0.667241
0.705188
0.594508
0.613482
0.711512
0.581859
0.743135
0.496478
0.812705
0.518614
0.436394
0.610320
0.635618
0.537587
0.806381
0.597670
0.730486
0.657754
0.838004
0.594508
0.888600
0.499640
0.705188
0.714675
0.872789
0.534425
0.787407
0.702026
0.629293
0.588184
0.588184
0.543912
0.711512
0.689377
0.569210
0.562885
0.585021
0.752622
0.559723
0.594508
0.581859
0.430070
0.736811
0.648267
1.005604
0.496478
0.698863
0.654591
0.496478
1.106797
0.556561
1.116284
0.537587
0.534425
1.046714
0.474342
0.891762
0.755784
0.569210
0.626131
0.743135
0.951846
0.654591
0.768433
0.739973
0.600833
0.613482
0.977144
0.774758
0.588184
0.471179
0.781083
0.720999
0.455368
0.822192
0.683052
0.838004
1.132095
0.585021
0.480666
0.591346
0.790569
1.258587
0.746298
0.480666
0.951846
0.610320
0.420583
0.594508
0.496478
1.106797
0.730486
0.705188
1.034065
0.834841
0.793732
0.730486
0.626131
0.379473
0.651429
0.613482
0.736811
0.502802
0.727324
1.540029
0.493315
0.853815
0.626131
0.702026
0.445881
0.540749
0.566048
0.585021
0.496478
0.521776
0.844328
0.926547
0.622969
0.540749
0.667241
0.347851
0.834841
0.698863
0.556561
1.094148
1.179530
0.838004
0.736811
1.046714
0.733648
0.524938
0.578697
0.417421
0.736811
0.616644
0.426907
0.739973
0.512289
0.755784
0.597670
1.097310
0.977144
0.603995
0.455368
0.553399
0.496478
0.572372
0.904411
0.499640
0.600833
0.626131
0.670403
0.951846
0.765271
0.540749
0.585021
0.537587
0.600833
0.635618
0.752622
0.496478
0.793732
0.860140
0.939196
0.692539
0.777920
0.610320
0.898087
0.486991
0.784245
0.591346
0.844328
0.879113
0.622969
0.502802
1.565327
0.550236
0.645105
0.695701
0.806381
0.891762
0.856977
0.689377
0.433232
0.683052
0.610320
0.566048
0.575535
1.410376
0.524938
0.420583
0.597670
0.686214
0.486991
0.765271
0.411096
0.765271
0.452206
0.588184
0.641942
0.689377
0.483828
0.641942
0.603995
0.411096
0.638780
0.518614
0.521776
0.913898
1.018253
0.702026
0.904411
0.468017
0.733648
0.575535
0.537587
0.676727
0.967657
0.537587
0.486991
0.591346
0.540749
0.547074
0.515451
0.528100
0.550236
0.882275
0.651429
0.955008
0.559723
0.562885
0.784245
0.404772
0.831679
0.657754
0.521776
0.727324
0.436394
0.407934
0.844328
0.591346
0.575535
0.774758
0.752622
0.591346
0.433232
0.793732
0.648267
0.486991
0.562885
0.679890
0.856977
0.556561
0.496478
0.562885
0.524938
0.964495
0.762109
0.885438
0.654591
0.758947
0.781083
0.752622
1.135258
0.705188
0.363662
0.683052
0.613482
0.992955
0.562885
0.898087
0.499640
0.689377
0.698863
0.932872
0.455368
0.518614
0.777920
0.502802
0.670403
0.486991
0.705188
0.518614
0.572372
0.641942
0.616644
0.676727
0.468017
0.537587
0.648267
0.882275
0.724162
0.496478
0.528100
0.550236
0.528100
0.632456
0.654591
0.622969
0.600833
0.676727
0.657754
0.743135
0.562885
0.562885
0.698863
0.793732
0.449043
0.502802
0.477504
0.739973
0.632456
0.645105
0.765271
0.793732
0.692539
0.591346
0.420583
0.518614
0.641942
0.610320
0.992955
0.471179
0.562885
0.619806
1.011929
0.490153
0.686214
0.730486
0.496478
0.635618
0.540749
0.762109
0.774758
0.686214
0.531263
0.932872
0.863302
0.683052
0.531263
0.632456
0.670403
0.730486
0.727324
0.502802
0.591346
1.034065
0.559723
0.980306
0.581859
0.588184
0.727324
0.613482
0.879113
0.629293
0.698863
0.632456
0.591346
0.758947
0.705188
0.537587
0.547074
0.638780
0.524938
0.708350
0.622969
0.430070
0.670403
0.433232
0.594508
0.999280
0.499640
0.705188
1.034065
0.566048
0.948683
0.654591
0.939196
0.629293
0.562885
0.705188
0.856977
0.569210
0.369986
0.468017
0.490153
0.559723
1.002442
0.664078
0.800056
0.569210
0.676727
1.005604
0.619806
0.973982
0.705188
0.765271
0.724162
0.518614
0.648267
0.727324
0.471179
0.717837
0.664078
0.610320
0.575535
0.670403
0.619806
0.879113
0.442719
0.901249
0.641942
0.528100
0.566048
0.524938
0.803219
0.768433
0.528100
0.657754
0.774758
0.600833
0.651429
0.882275
0.547074
0.591346
0.651429
0.638780
0.632456
0.610320
0.629293
0.651429
0.686214
0.449043
0.717837
0.992955
0.600833
0.670403
0.496478
0.683052
0.673565
0.743135
1.024578
0.515451
0.673565
0.743135
0.629293
0.610320
0.683052
0.534425
0.531263
0.562885
0.856977
0.626131
0.502802
0.812705
0.632456
0.676727
0.585021
0.632456
0.524938
0.562885
0.679890
1.151069
0.585021
0.787407
0.774758
0.847490
0.572372
0.610320
1.672845
0.708350
0.774758
0.635618
0.730486
0.509127
0.458530
0.841166
0.603995
0.679890
0.572372
0.603995
0.746298
0.480666
0.591346
0.828517
0.654591
0.420583
0.765271
0.603995
0.566048
1.011929
0.528100
0.720999
0.518614
0.594508
0.955008
0.645105
0.461693
0.543912
0.613482
0.477504
0.622969
0.720999
0.556561
0.743135
0.588184
0.616644
0.850653
0.679890
0.578697
0.477504
0.534425
0.841166
0.569210
0.417421
0.449043
0.439557
0.939196
0.727324
0.572372
0.581859
0.585021
0.641942
0.720999
0.591346
0.980306
0.796894
0.566048
0.521776
0.474342
0.885438
1.072012
0.575535
0.521776
0.626131
0.603995
0.613482
1.185854
0.790569
0.784245
0.581859
0.673565
0.524938
0.474342
0.528100
0.803219
0.907574
0.607157
0.354175
0.430070
0.597670
0.581859
0.417421
0.951846
0.581859
0.708350
0.622969
0.664078
0.705188
0.553399
0.828517
0.771596
0.471179
0.714675
0.635618
0.622969
0.749460
0.477504
0.727324
0.683052
0.588184
0.395285
0.619806
0.781083
0.841166
0.550236
0.955008
0.888600
0.768433
0.645105
0.509127
0.603995
0.743135
0.540749
0.528100
0.844328
0.638780
0.607157
0.483828
0.638780
0.698863
0.531263
0.629293
0.537587
0.515451
0.664078
0.616644
0.717837
0.781083
0.768433
0.724162
0.524938
0.496478
0.673565
0.426907
0.553399
0.815868
0.411096
0.856977
0.594508
0.455368
0.635618
0.689377
0.445881
0.385798
0.512289
0.879113
0.638780
0.585021
0.834841
0.581859
1.268073
0.537587
0.736811
0.717837
0.803219
0.436394
0.493315
0.515451
0.676727
0.917061
0.847490
0.679890
0.578697
0.724162
0.758947
0.458530
0.515451
0.803219
0.509127
1.245937
0.626131
0.809543
0.464855
0.480666
0.572372
0.739973
0.765271
0.803219
0.847490
0.863302
0.686214
0.888600
0.540749
0.471179
0.585021
0.550236
0.771596
0.486991
0.793732
0.493315
0.471179
0.575535
0.638780
0.547074
0.695701
0.717837
0.468017
0.600833
0.784245
0.505964
0.490153
0.683052
0.638780
0.603995
0.496478
0.486991
0.531263
1.264911
0.373149
0.632456
0.670403
0.660916
0.515451
0.749460
0.613482
0.781083
0.417421
0.512289
1.043552
0.803219
0.496478
0.477504
0.888600
0.547074
0.676727
0.717837
0.702026
0.556561
0.610320
0.493315
0.743135
0.800056
0.898087
0.948683
0.714675
0.531263
0.547074
0.822192
0.913898
0.711512
2.514011
0.594508
0.597670
0.452206
0.752622
0.540749
0.553399
0.594508
0.556561
0.464855
0.543912
0.755784
0.654591
0.999280
0.705188
1.147907
0.863302
0.496478
0.559723
0.970819
0.449043
0.809543
0.787407
1.002442
0.670403
0.901249
0.863302
0.610320
0.657754
0.790569
0.493315
0.692539
0.831679
0.793732
0.515451
0.720999
0.819030
0.765271
0.670403
0.619806
0.528100
0.768433
0.733648
0.449043
0.828517
0.468017
0.660916
0.717837
0.556561
0.803219
0.512289
0.540749
0.540749
0.907574
0.366824
0.641942
0.777920
0.762109
0.926547
0.411096
1.065688
0.670403
0.439557
0.414258
0.834841
0.762109
0.436394
0.607157
0.505964
0.872789
0.828517
0.730486
0.578697
0.654591
0.505964
0.613482
0.566048
0.512289
0.524938
0.392122
0.920223
0.698863
0.515451
0.765271
0.790569
0.515451
0.910736
0.518614
0.891762
0.746298
0.888600
0.458530
0.426907
1.195341
0.838004
0.607157
0.717837
0.689377
0.629293
0.730486
0.724162
0.458530
0.537587
0.562885
0.493315
0.603995
0.803219
1.685494
0.819030
0.474342
0.626131
0.483828
0.992955
0.591346
0.483828
0.398447
0.534425
0.635618
0.657754
0.676727
0.537587
0.547074
0.828517
0.455368
0.648267
0.461693
0.543912
0.521776
1.242775
0.468017
0.581859
0.702026
0.708350
0.613482
0.724162
0.641942
0.936034
0.825354
0.581859
0.515451
0.698863
0.550236
0.613482
0.597670
0.493315
0.698863
0.594508
0.739973
0.698863
0.739973
0.610320
0.793732
0.660916
0.771596
0.518614
0.509127
1.195341
0.774758
0.793732
0.622969
0.603995
0.689377
0.686214
0.850653
0.926547
0.607157
0.600833
0.550236
1.005604
0.771596
1.252262
0.863302
0.531263
0.951846
0.705188
0.635618
0.705188
0.496478
0.670403
0.531263
0.986631
0.809543
0.762109
0.635618
0.860140
0.528100
0.733648
0.496478
0.992955
0.977144
0.461693
0.468017
0.496478
0.382636
0.518614
0.698863
0.651429
0.692539
0.667241
0.581859
0.686214
0.452206
0.357337
0.626131
0.758947
0.651429
0.705188
0.781083
0.537587
0.597670
0.607157
0.547074
0.676727
0.698863
0.749460
0.566048
0.588184
0.515451
1.492595
0.594508
0.414258
0.585021
0.515451
0.505964
0.518614
0.635618
1.065688
0.844328
0.875951
0.752622
0.790569
0.765271
0.641942
0.553399
0.493315
0.711512
0.667241
0.686214
0.673565
0.683052
0.983468
0.597670
0.572372
0.622969
0.660916
0.648267
0.730486
0.626131
0.464855
0.664078
0.695701
0.692539
1.533705
0.787407
0.629293
0.641942
0.838004
0.515451
0.667241
0.439557
0.603995
0.534425
0.423745
1.018253
0.607157
0.812705
0.806381
0.499640
0.480666
0.951846
0.765271
0.490153
0.635618
0.575535
0.977144
1.030903
0.468017
0.891762
0.344688
0.578697
0.578697
0.771596
0.777920
0.768433
0.439557
0.610320
0.945521
0.509127
0.724162
1.400889
0.790569
0.717837
0.777920
0.505964
0.515451
0.474342
0.528100
0.509127
0.863302
0.758947
0.724162
0.730486
0.822192
0.521776
0.638780
0.430070
0.600833
0.638780
0.578697
0.407934
0.676727
0.758947
0.493315
0.461693
0.885438
0.695701
0.641942
0.575535
0.768433
0.752622
0.404772
0.863302
0.746298
0.784245
0.559723
0.622969
0.464855
0.559723
0.749460
0.692539
0.698863
0.581859
0.591346
0.664078
0.477504
0.673565
0.613482
0.692539
0.739973
0.907574
0.477504
0.528100
0.875951
0.569210
0.575535
0.468017
0.556561
0.673565
0.641942
0.667241
0.689377
0.518614
0.528100
0.755784
0.739973
0.733648
0.464855
0.524938
0.480666
0.907574
0.711512
0.518614
0.569210
1.015091
0.882275
0.926547
0.556561
0.594508
0.486991
0.736811
0.566048
0.670403
0.828517
0.736811
0.550236
0.638780
0.755784
0.673565
0.515451
0.572372
1.008767
1.182692
0.913898
0.705188
0.509127
0.844328
0.521776
0.534425
0.452206
0.913898
0.537587
0.733648
0.705188
1.100473
0.493315
0.651429
0.607157
0.686214
0.610320
0.537587
0.660916
0.727324
0.714675
0.430070
0.619806
0.683052
0.401609
0.591346
0.436394
0.619806
0.815868
2.555120
0.670403
0.664078
0.581859
0.819030
0.357337
0.578697
0.461693
0.910736
0.698863
0.996117
0.515451
0.607157
0.600833
0.626131
0.632456
0.638780
0.490153
0.537587
0.822192
0.838004
0.771596
0.752622
0.670403
0.714675
0.505964
0.502802
0.717837
0.575535
0.537587
0.746298
0.518614
0.537587
0.556561
0.664078
0.657754
0.578697
0.638780
1.011929
0.724162
0.739973
0.774758
0.629293
0.847490
0.420583
0.578697
0.834841
1.068850
0.575535
0.809543
0.319390
0.730486
0.755784
0.645105
0.686214
0.524938
0.882275
0.521776
1.084661
0.664078
0.505964
0.566048
0.853815
0.834841
0.442719
0.540749
0.597670
0.597670
0.547074
0.411096
0.610320
0.591346
0.645105
0.695701
0.822192
0.575535
0.512289
0.616644
0.603995
0.739973
0.603995
0.512289
0.594508
0.765271
0.654591
0.550236
0.932872
0.581859
1.037227
0.717837
0.629293
0.888600
0.923385
0.958170
0.566048
0.518614
0.654591
0.790569
0.461693
0.828517
0.667241
0.948683
0.430070
0.755784
0.992955
0.973982
0.585021
0.866464
0.607157
0.939196
0.626131
0.600833
0.458530
0.417421
0.929710
1.062525
0.607157
1.056201
0.569210
1.081499
0.550236
0.559723
0.622969
0.464855
1.005604
0.838004
0.629293
0.727324
0.398447
0.553399
0.885438
0.474342
0.635618
0.496478
0.528100
0.885438
0.986631
0.543912
0.657754
1.024578
0.641942
0.796894
0.486991
0.502802
0.528100
0.730486
0.936034
0.673565
0.796894
1.021416
0.553399
0.702026
0.622969
0.430070
0.534425
0.844328
0.711512
1.189016
0.654591
0.499640
0.749460
0.695701
0.509127
0.515451
0.401609
0.645105
0.992955
0.654591
0.600833
0.875951
0.556561
0.566048
0.572372
0.632456
0.689377
0.929710
0.698863
0.490153
0.885438
0.679890
0.720999
0.569210
0.929710
0.518614
0.493315
0.932872
0.502802
0.550236
0.958170
0.996117
0.702026
0.562885
0.600833
0.499640
0.518614
1.350293
0.670403
0.616644
0.828517
0.468017
0.670403
0.768433
0.657754
0.619806
0.626131
1.122609
0.591346
0.426907
0.585021
0.464855
0.515451
0.502802
0.547074
0.534425
0.929710
0.948683
0.683052
0.755784
0.471179
0.692539
0.793732
0.515451
0.958170
0.651429
0.717837
0.695701
0.600833
0.528100
0.458530
0.502802
0.812705
0.705188
0.575535
0.575535
0.673565
0.575535
0.518614
0.452206
0.569210
0.781083
0.724162
0.543912
0.752622
0.809543
1.343968
0.468017
0.762109
0.547074
0.714675
0.515451
0.980306
0.540749
0.515451
0.717837
0.572372
0.528100
0.885438
0.449043
0.635618
1.182692
0.803219
0.537587
0.471179
0.594508
0.746298
0.686214
0.939196
0.626131
0.455368
0.664078
0.733648
0.819030
0.607157
0.743135
0.534425
1.043552
0.660916
0.585021
0.667241
0.787407
0.657754
0.667241
0.477504
0.885438
0.926547
0.939196
0.651429
0.559723
0.562885
0.768433
0.657754
0.543912
0.553399
0.720999
0.720999
1.192179
0.654591
0.471179
0.591346
0.755784
0.913898
0.654591
0.692539
0.910736
0.673565
0.866464
0.591346
0.705188
0.632456
0.505964
0.660916
0.603995
0.800056
0.673565
1.106797
0.654591
0.562885
0.603995
0.455368
0.736811
0.540749
0.477504
0.572372
0.547074
0.518614
0.828517
1.005604
0.610320
0.575535
0.787407
0.815868
0.452206
0.566048
0.736811
0.752622
1.021416
0.901249
0.496478
0.822192
0.490153
0.619806
0.781083
0.509127
0.581859
0.547074
0.657754
0.717837
0.670403
0.594508
0.572372
0.452206
0.809543
0.540749
0.395285
0.613482
0.512289
0.392122
0.585021
0.689377
0.676727
0.480666
0.645105
0.825354
0.607157
0.743135
0.572372
0.967657
0.746298
0.771596
0.553399
0.683052
1.233288
0.806381
0.664078
0.765271
1.331319
0.528100
0.515451
0.528100
0.955008
0.483828
0.796894
0.512289
0.597670
0.926547
0.961332
0.679890
0.730486
0.676727
0.784245
0.585021
0.692539
0.648267
0.777920
0.455368
0.528100
0.553399
0.727324
1.147907
0.505964
0.502802
0.853815
0.524938
0.445881
0.670403
0.556561
0.607157
0.588184
0.771596
0.885438
0.856977
0.559723
0.692539
0.626131
0.540749
0.553399
1.138420
0.486991
0.638780
0.844328
0.603995
0.591346
0.945521
0.648267
0.654591
0.471179
0.796894
0.705188
0.648267
0.562885
0.676727
0.717837
0.686214
0.686214
0.907574
0.752622
1.106797
0.420583
0.743135
0.509127
0.648267
0.667241
0.638780
0.486991
0.496478
0.550236
0.572372
0.575535
0.724162
0.585021
0.629293
0.572372
0.632456
0.594508
0.562885
0.385798
0.483828
0.578697
0.423745
0.676727
0.622969
0.692539
0.426907
0.657754
0.594508
0.597670
0.464855
0.692539
0.613482
0.796894
0.714675
0.505964
0.471179
0.439557
0.619806
0.910736
0.730486
0.411096
0.505964
0.534425
0.607157
0.553399
0.575535
0.566048
0.458530
0.632456
0.698863
0.483828
0.698863
0.556561
0.660916
1.495757
0.746298
0.597670
0.588184
0.752622
0.720999
0.626131
0.502802
0.676727
0.528100
0.581859
0.588184
0.572372
0.420583
0.468017
1.230126
0.777920
0.433232
0.509127
0.518614
0.664078
0.528100
0.521776
0.509127
0.790569
1.037227
0.834841
0.414258
1.030903
1.030903
0.553399
0.898087
0.616644
0.746298
0.913898
0.635618
0.449043
0.550236
0.815868
0.629293
0.559723
0.866464
0.562885
0.578697
1.378753
0.638780
0.490153
0.765271
0.610320
0.534425
0.547074
0.689377
0.610320
0.664078
0.600833
0.493315
0.850653
0.863302
0.502802
0.556561
0.610320
0.762109
0.591346
0.461693
0.585021
0.537587
0.474342
0.739973
1.211152
0.556561
0.771596
0.515451
0.910736
0.458530
1.021416
0.632456
1.318670
0.547074
0.493315
0.904411
0.711512
0.708350
0.885438
0.616644
0.572372
0.983468
0.423745
1.106797
0.556561
1.116284
0.496478
0.512289
0.853815
0.594508
0.755784
0.771596
0.796894
0.626131
0.566048
0.657754
0.499640
0.670403
0.936034
0.819030
0.528100
1.473621
0.838004
0.588184
0.648267
0.572372
0.746298
0.603995
0.733648
0.483828
0.566048
0.594508
0.521776
0.442719
0.720999
0.524938
0.426907
0.486991
0.654591
0.825354
0.502802
0.683052
0.657754
0.692539
0.790569
0.635618
0.989793
0.556561
0.771596
0.458530
0.733648
1.195341
0.474342
0.512289
0.651429
0.486991
0.581859
0.547074
0.638780
0.461693
0.923385
0.569210
0.689377
0.556561
0.822192
0.411096
0.531263
0.556561
0.591346
0.603995
0.749460
0.613482
0.474342
0.910736
0.800056
0.597670
0.702026
0.689377
0.825354
0.670403
1.034065
0.964495
0.705188
0.591346
0.695701
0.626131
0.591346
0.585021
0.524938
0.635618
0.575535
0.553399
0.686214
0.800056
0.578697
0.664078
0.632456
0.809543
0.594508
0.502802
0.524938
1.185854
0.524938
0.654591
0.531263
0.594508
1.612762
0.809543
0.686214
0.724162
0.423745
1.154231
0.641942
1.005604
0.670403
0.632456
0.774758
0.626131
0.423745
0.664078
0.404772
1.094148
0.445881
1.090986
1.109959
0.657754
0.543912
0.664078
0.641942
0.679890
0.768433
0.531263
0.724162
0.894925
0.724162
0.490153
0.860140
0.518614
0.730486
0.426907
0.496478
0.641942
0.771596
0.736811
0.711512
0.471179
0.540749
0.512289
0.638780
0.622969
0.594508
0.531263
0.575535
0.531263
0.505964
0.591346
0.670403
1.078337
0.838004
0.512289
0.819030
0.702026
0.796894
0.632456
0.698863
0.490153
0.553399
0.575535
0.585021
0.695701
0.531263
0.588184
0.641942
0.616644
0.676727
0.683052
0.572372
0.581859
0.616644
1.078337
0.686214
0.616644
0.730486
0.803219
0.673565
0.575535
0.683052
0.610320
0.569210
0.635618
0.585021
0.689377
0.743135
0.651429
0.736811
0.622969
0.603995
0.493315
0.635618
0.667241
0.717837
0.679890
0.600833
0.619806
0.521776
0.730486
0.616644
0.597670
0.638780
0.739973
1.027740
0.796894
0.600833
0.730486
0.521776
0.543912
0.559723
0.553399
0.477504
0.499640
0.705188
0.885438
0.585021
0.499640
0.591346
0.493315
0.537587
0.572372
0.774758
0.667241
0.591346
0.698863
0.534425
0.727324
0.613482
0.686214
0.657754
0.629293
0.967657
0.825354
0.509127
0.638780
1.081499
0.866464
0.629293
0.733648
0.559723
0.651429
0.727324
0.777920
0.572372
0.683052
0.717837
0.559723
0.547074
0.711512
0.449043
0.796894
0.730486
0.512289
0.553399
0.800056
0.515451
0.556561
0.841166
0.812705
0.524938
0.629293
0.796894
0.578697
0.313065
0.932872
0.635618
0.917061
0.635618
0.553399
0.853815
0.480666
0.879113
0.518614
0.547074
0.654591
0.632456
0.426907
0.499640
0.749460
0.468017
0.588184
0.430070
0.626131
0.645105
0.524938
0.796894
0.626131
0.613482
0.464855
0.502802
0.534425
0.673565
0.689377
0.619806
0.455368
0.468017
0.626131
0.711512
1.053038
0.512289
0.569210
0.581859
0.430070
0.866464
0.531263
0.566048
1.505244
0.502802
0.948683
0.622969
0.486991
0.679890
0.528100
0.888600
0.790569
0.559723
0.493315
0.648267
0.629293
0.825354
0.594508
0.803219
0.505964
0.657754
0.581859
0.898087
0.683052
1.090986
1.018253
0.651429
1.094148
1.056201
0.531263
0.641942
0.578697
0.578697
0.603995
0.505964
0.882275
0.730486
0.841166
0.686214
0.477504
0.622969
0.509127
0.733648
0.458530
0.622969
0.831679
0.499640
0.926547
1.245937
0.736811
0.572372
0.414258
0.743135
0.717837
0.578697
0.404772
0.575535
0.499640
0.626131
0.964495
0.619806
0.720999
0.679890
0.815868
0.660916
0.562885
0.724162
0.727324
0.733648
0.793732
0.591346
0.477504
0.736811
0.603995
0.553399
0.566048
0.702026
0.490153
0.537587
1.230126
0.901249
0.430070
1.046714
0.724162
0.613482
0.597670
0.499640
0.664078
1.002442
0.600833
0.493315
0.948683
1.005604
1.037227
0.404772
0.809543
0.540749
0.540749
0.667241
0.445881
0.999280
0.847490
0.521776
0.622969
0.486991
0.907574
0.964495
0.373149
0.547074
0.730486
0.803219
0.572372
0.790569
0.651429
0.670403
0.765271
0.613482
0.619806
0.758947
0.777920
0.676727
0.686214
0.458530
0.581859
0.834841
0.787407
0.540749
0.664078
1.280722
0.787407
0.616644
0.777920
0.455368
0.774758
0.471179
0.809543
0.730486
0.445881
1.062525
0.603995
0.486991
0.686214
0.724162
0.771596
0.559723
0.569210
0.695701
0.531263
0.926547
0.528100
0.531263
0.720999
0.591346
0.553399
0.632456
0.667241
0.945521
0.771596
0.395285
0.800056
0.629293
0.553399
0.749460
0.727324
0.856977
0.664078
0.619806
0.752622
0.496478
0.610320
0.771596
0.490153
0.537587
0.610320
0.635618
0.452206
0.771596
0.597670
0.455368
0.717837
0.490153
0.572372
0.553399
0.461693
0.607157
0.480666
0.540749
0.521776
0.569210
0.660916
0.866464
0.720999
0.932872
0.578697
0.537587
1.094148
0.800056
0.505964
0.727324
0.626131
0.638780
0.689377
0.635618
0.645105
0.559723
0.777920
0.610320
0.724162
0.676727
0.698863
0.689377
1.334481
0.698863
0.705188
0.667241
0.395285
0.534425
0.600833
0.768433
0.758947
0.502802
0.875951
0.537587
0.439557
0.774758
0.913898
0.695701
0.743135
0.423745
0.610320
0.534425
0.875951
0.645105
0.825354
0.651429
0.714675
0.499640
0.717837
0.597670
0.553399
0.758947
0.711512
0.553399
0.679890
0.569210
0.594508
0.430070
0.594508
0.651429
0.515451
0.822192
0.673565
0.850653
0.667241
0.585021
0.547074
0.762109
0.834841
0.496478
0.787407
0.660916
0.679890
0.762109
0.600833
0.724162
0.613482
0.894925
0.572372
0.556561
0.654591
0.575535
0.714675
0.524938
0.607157
0.743135
0.442719
0.553399
0.622969
0.556561
0.613482
0.676727
0.524938
0.490153
0.626131
0.727324
1.053038
0.518614
0.509127
0.765271
0.490153
0.815868
0.686214
0.629293
1.018253
0.518614
0.641942
0.499640
0.679890
0.512289
0.572372
0.426907
0.670403
1.059363
0.553399
0.724162
0.486991
0.758947
0.648267
0.619806
0.727324
0.562885
0.648267
0.698863
0.714675
0.600833
0.702026
0.733648
0.420583
0.531263
0.458530
0.825354
0.635618
0.692539
0.502802
0.698863
0.853815
0.629293
0.667241
0.796894
0.562885
0.480666
0.547074
0.626131
0.626131
0.765271
0.891762
0.923385
0.502802
0.796894
0.518614
0.793732
0.784245
0.512289
0.932872
0.468017
0.711512
0.920223
0.695701
0.695701
1.372429
0.455368
0.657754
0.629293
0.613482
0.502802
0.708350
0.509127
0.777920
0.768433
0.777920
0.679890
0.692539
0.610320
0.382636
0.863302
0.483828
0.493315
0.819030
0.607157
0.547074
0.610320
0.486991
0.531263
0.863302
0.521776
0.648267
0.483828
0.502802
0.423745
0.894925
0.524938
0.894925
0.610320
0.651429
1.049876
0.468017
0.828517
0.474342
0.907574
0.717837
0.695701
0.866464
0.417421
0.547074
0.547074
0.657754
1.015091
0.540749
0.667241
0.597670
0.420583
0.426907
0.591346
0.929710
0.948683
0.464855
0.679890
0.597670
1.024578
0.679890
0.414258
0.771596
0.379473
0.626131
0.569210
0.509127
0.468017
0.777920
0.638780
0.866464
0.534425
0.638780
0.414258
0.679890
1.179530
0.875951
0.711512
0.698863
0.616644
0.556561
0.566048
0.939196
0.581859
0.676727
0.524938
1.109959
0.989793
1.125771
0.705188
0.382636
1.410376
0.578697
0.502802
0.461693
0.708350
0.724162
0.575535
0.575535
0.616644
1.072012
0.550236
0.917061
0.689377
0.420583
0.705188
0.610320
0.607157
0.490153
0.518614
0.970819
0.695701
0.831679
0.537587
0.755784
0.774758
0.708350
0.815868
0.480666
0.594508
0.585021
1.287047
0.749460
0.518614
0.518614
0.686214
0.585021
0.689377
0.834841
0.749460
0.866464
0.417421
0.784245
0.834841
0.667241
0.436394
0.461693
0.616644
0.600833
0.676727
1.201666
0.547074
0.879113
0.629293
0.635618
0.461693
0.641942
0.727324
0.781083
1.030903
0.417421
0.651429
0.547074
0.452206
0.702026
0.838004
0.651429
0.730486
0.901249
0.999280
1.049876
0.638780
0.566048
0.765271
0.689377
0.490153
0.768433
0.474342
0.581859
0.831679
0.702026
0.793732
0.388960
0.486991
0.632456
0.547074
0.603995
1.113122
0.423745
0.853815
0.474342
0.762109
0.600833
0.613482
0.819030
0.686214
0.566048
0.430070
0.692539
1.226964
0.588184
0.809543
0.695701
0.543912
0.502802
0.613482
1.119446
0.891762
0.578697
0.594508
0.531263
0.597670
0.562885
0.398447
0.733648
0.765271
0.578697
0.543912
0.629293
0.528100
0.730486
0.720999
0.692539
0.550236
0.619806
0.486991
0.588184
0.505964
0.480666
0.967657
0.686214
0.651429
0.689377
0.762109
0.698863
0.610320
0.414258
0.705188
0.585021
0.724162
0.521776
0.657754
0.543912
0.711512
0.891762
0.651429
0.490153
0.739973
0.591346
0.825354
0.961332
0.543912
0.739973
0.787407
0.512289
0.708350
0.477504
0.468017
0.838004
0.619806
0.831679
0.702026
0.692539
0.733648
0.597670
0.629293
0.660916
1.005604
0.679890
0.458530
0.790569
1.113122
0.499640
0.505964
1.008767
0.603995
0.585021
0.860140
0.736811
0.689377
0.907574
0.550236
0.575535
0.793732
0.578697
0.664078
0.607157
0.841166
0.815868
0.828517
0.455368
0.594508
0.499640
0.559723
0.762109
0.566048
0.496478
0.569210
0.458530
0.980306
0.670403
0.515451
1.027740
0.641942
0.509127
0.531263
0.961332
0.524938
0.559723
0.863302
0.898087
0.683052
0.996117
0.464855
0.591346
0.819030
0.730486
0.626131
0.572372
0.758947
0.442719
0.667241
0.471179
0.679890
0.556561
0.411096
1.280722
0.679890
0.455368
0.771596
0.844328
0.632456
0.635618
0.705188
0.401609
0.819030
0.755784
0.651429
0.777920
0.373149
0.597670
0.562885
0.755784
0.727324
0.711512
0.499640
0.581859
0.844328
0.486991
0.686214
0.534425
1.100473
0.822192
0.414258
0.825354
0.768433
0.543912
0.736811
0.622969
1.249100
0.752622
0.486991
0.581859
0.932872
0.727324
0.863302
0.461693
0.540749
0.575535
0.720999
0.670403
0.537587
0.600833
0.743135
0.585021
0.641942
0.645105
0.493315
0.847490
0.588184
0.698863
0.594508
0.550236
0.939196
0.932872
0.521776
0.885438
0.540749
0.569210
0.581859
0.455368
0.603995
0.705188
0.724162
0.964495
0.528100
0.502802
0.515451
0.781083
0.534425
0.436394
0.562885
0.543912
0.591346
0.901249
0.917061
0.695701
0.771596
0.477504
0.863302
0.505964
0.869626
0.961332
0.727324
0.493315
0.496478
0.733648
0.853815
0.468017
0.540749
0.600833
0.616644
0.838004
1.299696
1.008767
1.015091
0.515451
0.926547
0.901249
0.736811
0.572372
0.730486
0.600833
0.819030
1.381915
0.702026
0.686214
0.474342
0.524938
0.888600
0.648267
0.569210
0.923385
0.531263
0.822192
0.603995
0.676727
0.401609
0.958170
0.471179
0.828517
0.641942
0.578697
0.819030
0.543912
0.496478
0.613482
0.945521
0.578697
0.414258
0.964495
0.515451
0.483828
0.711512
0.752622
0.765271
0.774758
0.430070
0.638780
0.600833
0.844328
0.578697
0.474342
0.515451
1.097310
0.477504
0.901249
0.781083
0.755784
0.430070
0.600833
1.065688
0.550236
0.452206
0.727324
0.616644
0.553399
0.502802
1.015091
0.888600
1.189016
0.641942
0.711512
0.515451
0.812705
0.509127
0.597670
0.702026
0.683052
0.566048
0.951846
1.113122
0.800056
0.616644
0.996117
0.474342
0.670403
0.635618
0.585021
0.771596
0.714675
0.622969
0.603995
0.547074
0.376311
0.932872
1.053038
0.730486
0.645105
0.607157
0.490153
0.569210
0.765271
0.787407
0.629293
0.702026
0.540749
0.787407
0.540749
0.727324
0.705188
0.822192
0.828517
0.683052
0.698863
0.616644
0.983468
1.135258
0.619806
0.917061
0.603995
0.619806
0.468017
0.907574
0.898087
0.755784
0.569210
0.619806
0.626131
0.610320
0.847490
0.762109
0.629293
0.714675
0.600833
0.676727
0.657754
0.550236
0.856977
0.875951
0.951846
0.651429
0.398447
0.540749
1.423025
0.512289
0.739973
0.673565
1.008767
0.796894
1.084661
0.875951
0.512289
0.670403
0.739973
0.955008
0.474342
0.774758
1.242775
0.885438
0.480666
0.955008
0.600833
0.505964
0.695701
0.869626
0.711512
0.724162
0.591346
0.524938
0.765271
0.534425
0.793732
0.831679
0.442719
0.622969
0.404772
0.622969
0.616644
0.635618
0.540749
0.765271
0.853815
0.739973
0.566048
0.768433
0.695701
0.755784
0.724162
0.939196
0.692539
0.547074
0.600833
0.683052
0.648267
0.635618
0.755784
0.828517
0.898087
0.524938
0.920223
0.660916
0.980306
0.366824
0.673565
0.882275
0.920223
0.676727
0.948683
0.537587
1.084661
0.689377
0.452206
0.534425
0.509127
0.436394
0.714675
0.815868
0.720999
0.660916
0.834841
0.657754
0.702026
0.600833
0.705188
0.717837
0.534425
0.483828
0.550236
0.585021
0.600833
0.999280
0.543912
0.711512
0.562885
0.534425
0.439557
0.654591
1.312345
0.461693
0.594508
0.562885
0.597670
1.211152
0.619806
0.512289
0.724162
0.771596
0.594508
0.774758
0.768433
0.739973
0.537587
0.768433
0.600833
0.673565
0.664078
0.613482
0.660916
0.509127
0.664078
0.591346
0.866464
0.702026
0.676727
0.572372
0.771596
0.796894
0.483828
0.493315
0.904411
0.493315
0.581859
0.856977
0.464855
0.708350
0.585021
1.040389
0.480666
0.363662
0.879113
0.382636
0.420583
0.749460
0.496478
0.547074
0.610320
1.122609
1.328157
0.578697
0.657754
1.290209
0.619806
0.493315
1.065688
0.603995
0.613482
1.467297
0.660916
0.657754
0.524938
0.449043
0.632456
0.679890
0.879113
0.809543
0.607157
0.483828
0.891762
0.499640
0.626131
0.474342
0.594508
0.442719
0.392122
0.543912
0.705188
0.515451
0.493315
0.594508
0.594508
0.613482
0.686214
0.540749
0.392122
0.603995
0.676727
0.581859
0.512289
0.521776
0.714675
0.591346
0.736811
0.774758
0.629293
0.894925
0.566048
0.572372
0.515451
0.676727
0.585021
0.540749
0.815868
0.518614
0.540749
0.698863
0.490153
0.452206
0.468017
0.468017
0.594508
0.537587
0.885438
0.992955
0.955008
0.562885
0.641942
0.537587
0.622969
0.540749
0.844328
0.708350
0.449043
0.572372
0.720999
0.679890
0.597670
0.537587
0.540749
0.597670
0.828517
0.683052
0.698863
0.464855
0.714675
1.062525
0.509127
0.493315
0.597670
0.796894
0.999280
0.474342
0.679890
0.907574
0.784245
0.458530
0.733648
0.758947
0.534425
0.955008
1.097310
0.493315
0.657754
0.474342
0.913898
0.907574
0.730486
0.648267
0.591346
0.572372
0.781083
0.528100
0.426907
0.468017
0.714675
0.449043
0.714675
0.464855
0.442719
0.660916
0.635618
0.683052
0.493315
0.499640
0.654591
0.752622
0.537587
0.436394
0.727324
0.626131
0.490153
0.543912
0.521776
0.885438
0.929710
0.515451
1.034065
0.569210
0.471179
0.515451
0.926547
0.360500
0.518614
0.543912
0.752622
0.942359
1.059363
0.717837
0.585021
0.603995
0.493315
0.505964
0.777920
1.271236
0.755784
0.869626
0.556561
1.283885
0.622969
0.683052
0.901249
0.632456
0.771596
0.603995
1.106797
0.392122
0.705188
0.581859
0.657754
0.727324
0.572372
0.436394
0.569210
0.641942
0.698863
0.667241
0.490153
0.449043
0.676727
0.468017
0.556561
0.860140
0.771596
0.496478
0.509127
0.683052
0.796894
0.524938
0.518614
1.141582
1.015091
0.714675
0.499640
0.610320
0.521776
0.869626
0.591346
1.283885
0.796894
0.540749
0.648267
0.828517
0.461693
0.771596
0.904411
0.496478
1.008767
0.600833
0.540749
0.543912
0.464855
0.762109
0.585021
0.610320
0.445881
0.850653
0.635618
0.711512
0.641942
0.635618
0.569210
0.622969
0.572372
0.730486
0.493315
0.543912
0.638780
0.645105
0.433232
0.692539
0.787407
0.692539
0.575535
0.825354
0.566048
0.853815
0.540749
0.850653
0.610320
0.670403
0.581859
0.531263
0.537587
0.543912
0.392122
0.575535
0.512289
0.524938
0.588184
0.885438
0.850653
0.458530
1.046714
0.616644
0.664078
0.474342
0.698863
0.787407
0.708350
0.566048
0.705188
0.635618
0.676727
0.632456
0.812705
0.474342
0.698863
0.607157
1.059363
0.471179
0.717837
0.553399
0.654591
0.458530
0.812705
0.603995
0.961332
0.499640
0.502802
0.524938
1.226964
0.483828
0.575535
0.834841
0.559723
0.667241
0.461693
0.774758
0.654591
0.597670
0.638780
0.572372
0.439557
0.768433
0.676727
0.547074
0.524938
0.388960
0.547074
0.512289
0.784245
0.664078
0.746298
0.591346
0.648267
1.015091
0.711512
0.600833
0.518614
1.394564
0.585021
0.553399
0.442719
0.771596
0.755784
0.502802
0.597670
0.702026
1.211152
0.610320
0.777920
0.449043
0.613482
0.755784
0.676727
0.714675
0.578697
0.894925
0.632456
0.901249
0.973982
0.945521
0.594508
0.430070
1.037227
0.768433
0.496478
0.664078
0.879113
0.540749
0.404772
0.901249
0.486991
0.518614
0.638780
0.787407
0.774758
0.632456
0.499640
0.499640
0.692539
0.717837
0.698863
0.524938
0.521776
0.578697
0.888600
1.011929
0.509127
0.619806
0.575535
0.436394
0.819030
0.641942
0.958170
0.860140
0.850653
0.433232
0.689377
0.575535
0.613482
0.667241
0.736811
0.537587
0.474342
0.967657
0.638780
0.607157
0.683052
0.607157
0.512289
1.081499
0.515451
0.657754
0.657754
0.439557
0.528100
0.468017
0.657754
0.502802
0.518614
0.708350
0.882275
0.781083
0.550236
0.591346
0.800056
0.632456
0.872789
0.540749
1.075174
0.537587
1.049876
1.160556
0.872789
0.524938
0.702026
0.556561
0.654591
0.540749
0.891762
0.569210
1.040389
0.521776
0.936034
0.528100
0.774758
0.591346
0.575535
0.815868
0.474342
1.192179
0.600833
0.698863
0.569210
0.540749
0.714675
0.486991
0.376311
0.698863
0.702026
0.528100
0.540749
0.724162
0.793732
1.090986
0.670403
0.648267
0.686214
0.524938
0.686214
0.664078
0.575535
0.730486
0.566048
0.461693
1.147907
0.461693
0.524938
0.774758
0.670403
0.758947
0.679890
0.752622
0.556561
0.509127
1.321832
0.831679
0.951846
0.844328
0.622969
0.907574
0.869626
0.683052
0.619806
0.904411
0.594508
0.407934
0.629293
0.505964
0.543912
0.496478
0.477504
0.920223
0.572372
0.490153
0.483828
0.875951
0.660916
0.717837
0.613482
0.392122
0.594508
0.730486
0.619806
0.468017
0.711512
0.654591
0.376311
1.543191
0.632456
0.771596
0.594508
0.578697
0.635618
0.550236
0.588184
0.869626
0.689377
0.455368
0.660916
0.683052
0.717837
0.733648
0.572372
0.679890
0.673565
0.616644
0.607157
0.543912
0.480666
0.702026
0.705188
0.670403
0.872789
0.509127
0.676727
0.436394
0.743135
0.524938
0.945521
0.660916
0.537587
0.493315
0.572372
1.040389
0.515451
0.844328
0.528100
0.679890
0.762109
0.566048
0.588184
0.891762
0.379473
0.619806
0.679890
0.426907
0.809543
1.040389
0.891762
0.426907
0.613482
0.676727
0.578697
0.452206
0.730486
0.496478
0.471179
0.793732
0.534425
0.600833
0.600833
0.610320
0.477504
0.543912
0.581859
0.404772
0.872789
0.468017
0.917061
0.926547
0.942359
0.648267
0.714675
0.588184
0.622969
0.512289
0.505964
0.569210
1.170043
0.635618
0.860140
0.616644
0.673565
0.768433
1.182692
0.603995
0.670403
0.635618
0.559723
0.534425
0.480666
0.664078
0.607157
0.774758
0.553399
0.686214
0.885438
0.414258
0.923385
0.796894
0.509127
0.635618
0.812705
1.062525
0.607157
0.569210
0.803219
1.419863
0.610320
0.449043
0.524938
0.673565
0.556561
0.534425
0.698863
0.790569
0.477504
0.493315
0.543912
0.588184
0.929710
0.705188
0.724162
0.521776
0.686214
0.819030
0.765271
0.844328
0.588184
0.743135
0.730486
0.973982
0.695701
0.572372
0.702026
0.765271
0.486991
0.626131
0.528100
0.790569
0.461693
0.771596
0.793732
0.856977
0.603995
1.043552
0.819030
0.512289
0.632456
0.622969
0.654591
0.702026
0.622969
1.087824
0.404772
0.493315
0.597670
0.499640
0.547074
0.578697
0.455368
0.442719
0.515451
0.575535
0.524938
0.578697
0.600833
1.793011
0.420583
0.569210
0.572372
0.547074
0.395285
1.043552
0.787407
0.860140
0.607157
0.502802
0.774758
0.939196
0.907574
0.749460
0.619806
0.610320
0.774758
0.607157
0.689377
0.667241
0.575535
0.531263
0.537587
0.695701
0.932872
0.562885
0.607157
0.743135
0.664078
0.635618
0.562885
0.537587
0.616644
0.616644
0.610320
0.531263
0.512289
0.369986
1.024578
0.752622
0.512289
0.724162
0.521776
0.597670
0.945521
0.724162
0.613482
0.502802
0.477504
1.027740
0.392122
0.392122
0.714675
0.433232
0.793732
0.929710
0.739973
0.461693
0.727324
0.550236
0.733648
0.967657
0.705188
0.730486
0.436394
0.720999
0.733648
0.679890
0.964495
0.477504
0.683052
0.841166
0.588184
0.913898
0.515451
0.499640
1.021416
0.385798
0.733648
0.683052
0.559723
0.901249
0.714675
0.793732
0.521776
0.537587
0.796894
0.436394
0.727324
0.673565
0.752622
0.841166
0.702026
0.679890
0.746298
0.850653
0.676727
0.942359
0.528100
0.736811
0.787407
1.065688
0.755784
0.547074
0.917061
0.879113
0.540749
0.942359
1.189016
0.676727
1.296534
0.809543
0.553399
0.464855
0.578697
0.572372
0.490153
0.664078
0.543912
0.939196
0.667241
0.559723
0.430070
0.417421
0.610320
0.613482
0.882275
0.581859
0.578697
0.521776
0.758947
0.632456
0.537587
0.502802
0.762109
0.578697
0.496478
0.515451
0.518614
0.720999
0.679890
0.765271
0.556561
0.581859
0.528100
0.683052
0.556561
1.065688
0.698863
0.619806
0.720999
0.635618
0.591346
0.512289
0.562885
0.458530
0.490153
0.505964
0.746298
0.468017
0.860140
0.724162
0.695701
0.796894
1.122609
0.777920
0.471179
0.641942
0.521776
0.967657
0.569210
0.686214
0.578697
0.689377
0.543912
0.641942
0.616644
0.856977
0.702026
0.784245
0.423745
0.784245
0.657754
0.929710
0.610320
0.597670
0.556561
0.803219
0.822192
0.524938
0.477504
0.490153
0.471179
0.505964
0.534425
0.600833
0.572372
0.449043
0.619806
0.591346
0.597670
0.461693
0.664078
0.547074
1.011929
0.705188
0.477504
0.657754
0.856977
0.610320
0.708350
1.122609
0.404772
0.847490
0.844328
0.607157
0.774758
0.869626
0.632456
0.635618
0.603995
0.550236
0.768433
0.537587
0.588184
0.594508
0.449043
1.350293
0.594508
0.588184
0.638780
0.411096
1.160556
0.708350
0.524938
0.547074
0.743135
0.512289
0.800056
0.496478
0.689377
0.850653
0.591346
0.603995
0.436394
0.733648
0.875951
0.550236
0.850653
0.667241
0.490153
0.449043
0.471179
0.695701
0.566048
0.847490
0.534425
1.239613
0.885438
0.686214
0.771596
0.581859
0.638780
0.888600
0.702026
0.518614
1.005604
0.597670
0.597670
0.464855
0.746298
0.702026
0.904411
1.027740
0.512289
0.547074
0.597670
0.711512
0.856977
0.581859
0.752622
0.616644
0.512289
