500000
196342
138059
107803
88658 
75867 
65964 
58436 
52512 
48077 
44340
40722
37803
35269
33085
31072
29730
28040
26716
25619
24222
23057
22132
21212
20132
19314
18400
18166
17862
17237
16664
16330
15926
15237
14893
14511
14150
13802
13530
13508
13137
12877
12399
12052
11682
11479
11358
11150
11146
10798
10710
10375
10222
10001
9897 
9716 
9549 
9466 
9360 
9362 
9337 
9141 
9055 
8980 
8747 
8661 
8537 
8425 
8230 
8152 
8110 
8080 
8007 
7991 
7871 
7580 
7366 
7212 
7018 
6910 
6772 
6530 
6547 
6441 
6510 
6367 
6280 
6196 
6103 
6007 
5824 
5761 
5797 
5738 
5658 
5549 
5560 
5557 
5509 
5545 
5520
5448
5363
5358
5317
5266
5152
5027
4985
4850
4837
4934
4903
4849
4776
4803
4882
4887
4889
4721
4675
4615
4615
4654
4674
4697
4649
4684
4618
4410
4390
4348
4269
4177
4275
4352
4310
4303
4295
4299
4164
4013
3908
3915
3896
3901
3862
3762
3698
3649
3772
3652
3633
3673
3671
3727
3737
3569
3594
3584
3545
3601
3538
3465
3555
3539
3562
3514
3468
3416
3403
3438
3419
3361
3273
3277
3285
3269
3250
3236
3163
3180
3113
3046
2982
2898
2880
2842
2815
2819
2848
2883
2950
3012
2973
2942
2998
3033
3063
2980
3014
3034
2981
3016
2960
2899
2872
2931
2891
2895
2792
2747
2869
2904
2909
2887
2914
2908
2861
2843
2849
2860
2882
2850
2877
2764
2690
2732
2769
2720
2654
2588
2607
2574
2576
2577
2564
2547
2581
2638
2614
2728
2760
2730
2742
2764
2734
2709
2750
2732
2797
2793
2665
2641
2542
2588
2491
2518
2485
2480
2417
2424
2417
2511
2552
2498
2432
2403
2415
2399
2423
2517
2529
2539
2414
2306
2270
2254
2195
2193
2162
2079
2045
2014
1979
1916
1974
1925
1913
1909
1858
1859
1922
1894
1904
1912
1813
1761
1718
1718
1728
1738
1677
1746
1751
1754
1670
1650
1527
1546
1514
1568
1559
1559
1512
1530
1508
1497
1434
1368
1286
1295
1314
1292
1284
1275
1306
1234
1232
1228
1162
1099
1114
1132
1115
1051
1069
1062
1010
1026
1046
1018
1014
996 
1010
1050
1036
1011
986 
998 
1068
1070
1063
1146
1120
1054
1010
1014
944 
922 
896 
921 
969 
951 
978 
945 
914 
895 
904 
866 
856 
900 
894 
918 
882 
874 
892 
905 
888 
888 
860 
828 
809 
795 
800 
794 
797 
798 
802 
840 
828 
812 
786 
780 
758 
674 
682 
672 
692 
696 
674 
670 
688 
660 
650 
637 
606 
610 
632 
613 
562 
548 
509 
542 
514 
522 
528 
532 
488 
530 
530 
538 
502 
472 
478 
466 
464 
490 
516 
534 
561 
588 
598 
542 
550 
540 
540 
524 
518 
526 
524 
526 
490 
462 
444 
442 
442 
428 
436 
434 
426 
430 
426 
446 
434 
458 
416 
410 
376 
392 
422 
396 
384 
372 
396 
434 
460 
444 
440 
436 
436 
438 
428 
428 
444 
422 
404 
406 
395 
384 
390 
398 
364 
388 
396 
426 
450 
426 
428 
420 
438 
444 
434 
448 
446 
498 
468 
476 
472 
491 
502 
490 
520 
527 
546 
500 
535 
514 
502 
514 
504 
520 
534 
518 
538 
546 
494 
492 
466 
486 
530 
532 
522 
524 
564 
554 
552 
560 
524 
546 
518 
544 
532 
532 
536 
550 
528 
548 
526 
598 
594 
600 
596 
550 
543 
540 
518 
522 
494 
512 
514 
510 
538 
568 
590 
580 
536 
544 
535 
512 
534 
546 
532 
510 
524 
536 
506 
506 
483 
526 
532 
482 
468 
478 
442 
430 
410 
408 
394 
428 
432 
448 
474 
466 
478 
500 
476 
456 
470 
510 
478 
496 
508 
480 
492 
488 
504 
548 
548 
566 
628 
592 
582 
628 
618 
628 
638 
622 
582 
566 
576 
560 
572 
584 
564 
502 
510 
520 
554 
530 
550 
534 
513 
535 
498 
510 
536 
542 
568 
572 
542 
578 
596 
592 
640 
662 
702 
712 
688 
738 
778 
754 
776 
774 
768 
758 
794 
750 
757 
702 
668 
644 
628 
640 
641 
596 
604 
594 
536 
488 
496 
476 
468 
470 
496 
466 
422 
422 
424 
418 
414 
430 
436 
408 
384 
398 
434 
472 
480 
480 
448 
438 
426 
414 
436 
488 
464 
470 
450 
432 
416 
398 
436 
444 
414 
396 
395 
398 
380 
372 
386 
366 
352 
370 
396 
398 
404 
380 
376 
336 
338 
344 
366 
386 
344 
340 
328 
330 
296 
318 
302 
304 
262 
260 
244 
224 
210 
170 
168 
180 
190 
202 
212 
194 
190 
188 
180 
184 
204 
220 
210 
194 
208 
182 
180 
174 
176 
172 
168 
148 
152 
164 
150 
168 
178 
202 
218 
198 
212 
208 
212 
224 
242 
256 
278 
276 
264 
262 
286 
258 
254 
258 
272 
270 
272 
268 
260 
286 
328 
326 
324 
322 
298 
264 
246 
236 
226 
220 
216 
248 
226 
216 
206 
194 
204 
196 
186 
174 
180 
164 
172 
186 
158 
162 
156 
158 
168 
168 
152 
180 
182 
186 
168 
186 
182 
202 
198 
214 
224 
212 
210 
234 
232 
220 
246 
260 
262 
262 
250 
262 
250 
250 
246 
224 
212 
214 
202 
202 
192 
206 
196 
190 
194 
202 
208 
248 
272 
294 
266 
256 
256 
268 
272 
238 
244 
274 
274 
286 
284 
308 
290 
294 
304 
296 
294 
274 
262 
282 
284 
312 
319 
322 
306 
328 
334 
338 
362 
360 
394 
358 
362 
382 
420 
408 
380 
394 
400 
394 
384 
368 
380 
362 
368 
362 
360 
380 
352 
362 
382 
384 
372 
338 
340 
328 
342 
354 
332 
312 
300 
278 
304 
268 
274 
294 
288 
292 
308 
290 
300 
280 
286 
262 
276 
304 
318 
334 
320 
292 
266 
286 
268 
260 
254 
258 
234 
242 
246 
252 
244 
248 
260 
250 
244 
240 
254 
246 
236 
244 
246 
260 
304 
306 
308 
298 
318 
360 
368 
386 
376 
350 
312 
330 
350 
358 
360 
362 
384 
412 
406 
400 
366 
410 
406 
462 
468 
492 
504 
480 
450 
464 
438 
414 
420 
448 
478 
484 
478 
428 
403 
398 
384 
386 
374 
404 
410 
424 
436 
450 
482 
497 
482
496
486
490
496
478
532
536
516
513
516
479
484
488
508
524
518
496
500
508
512
536
550
556
566
594
618
594
584
612
642
616
614
640
636
706
688
666
656
660
654
656
638
636
606
550
504
502
488
463
468
494
520
490
450
416
414
422
376
412
400
418
440
446
438
456
476
466
452
470
430
428
414
420
420
432
370
402
446
456
454
432
416
390
382
364
344
332
318
282
292
270
244
230
230
214
226
220
236
230
232
228
240
228
226
254
284
264
274
282
298
314
310
308
296
310
348
356
368
398
390
390
398
398
408
392
398
390
402
428
378
368
380
380
378
350
346
328
344
340
338
328
338
332
352
312
302
296
296
300
300
262
248
264
268
252
255
262
270
306
287
278
292
322
320
296
294
286
290
288
274
272
284
292
270
278
286
296
288
278
276
236
222
222
250
260
244
218
212
186
206
206
212
200
200
220
232
226
214
218
218
228
234
210
184
204
214
222
208
212
216
208
208
214
230
250
216
228
224
220
214
190
196
168
160
150
164
162
182
216
240
224
248
222
226
226
264
264
278
292
306
266
254
264
254
250
278
264
242
242
230
224
214
204
192
194
198
202
192
208
212
228
226
240
232
240
240
262
234
222
234
234
208
192
194
182
178
182
190
184
195
200
192
186
186
164
172
170
164
162
154
156
150
156
162
154
162
178
166
170
160
146
142
142
130
148
154
160
166
168
152
160
152
140
135
132
130
120
114
124
118
134
134
136
138
140
154
146
150
166
172
164
166
176
172
176
178
150
142
124
104
96 
104
110
90 
96 
92 
92 
96 
100
106
118
126
134
142
128
132
128
122
120
118
94 
84 
90 
104
94 
92 
104
118
108
110
120
94 
98 
106
108
118
136
150
144
140
158
162
164
180
196
206
202
212
208
172
178
184
210
230
238
222
218
206
202
198
190
182
186
188
176
180
172
184
184
204
212
197
192
198
206
192
184
180
172
182
154
156
172
152
150
162
174
168
166
136
132
130
146
170
164
144
142
144
138
130
122
120
132
148
132
160
168
152
156
190
188
194
222
240
256
250
231
214
216
218
218
246
252
280
274
288
298
306
332
342
304
292
306
278
246
248
260
228
212
226
206
204
200
204
216
236
262
262
258
268
280
256
254
256
284
272
258
250
272
258
272
268
274
276
264
268
268
298
298
314
344
322
324
308
318
304
284
304
300
310
328
312
338
340
336
350
352
336
318
306
328
326
336
336
342
338
339
338
336
329
334
360
352
346
346
328
308
288
282
296
264
260
264
272
280
292
308
266
264
290
306
296
276
294
278
236
236
230
254
258
232
234
222
222
228
232
198
208
200
208
194
188
186
188
186
196
194
190
204
186
196
204
204
182
159
166
150
144
148
136
156
164
168
174
166
152
128
132
142
140
118
108
86 
82 
76 
68 
70 
46 
56 
60 
60 
58 
52 
46 
30 
30 
34 
30 
26 
30 
20 
20 
14 
16 
10 
10 
6
6
6
2
2
4
2
