1005659.1389054134
267921.5549421475
174385.97340102616
129007.5550007436
102750.17026308745
85304.46167623438
72956.54365288519
63274.247286734084
56272.808340719814
50475.48345724271
45612.120759146346
41529.19454112135
37882.77920211184
34936.69778346222
32449.667926903632
30334.056349717433
28410.395435455084
26891.650328152886
25377.783054803687
24007.459849122544
22848.70042110351
21628.750843248064
20578.23719646044
19796.575107748366
19039.278832317075
18138.813792013683
17400.279650951816
16653.79032146044
15985.727194750149
15507.463532867341
15101.572470776322
14456.799608120167
14032.12143478584
13638.463598304581
13342.244543500892
13049.502759071982
12750.081671921474
12411.384665600834
12032.986573245093
11598.20158164783
11338.081047144557
10977.994897828674
10835.426432257585
10553.316559116598
10402.542770820939
10133.49136005354
9936.462249999999
9723.947936347413
9613.500549449733
9403.638050267697
9212.963112433075
9002.900385113027
8844.946814916715
8792.062276249257
8692.421971148127
8516.73174405116
8349.49717415229
8143.862346966092
8058.931824063057
7943.956421772754
7859.57629930101
7721.560738920285
7581.118549895896
7475.774420359904
7274.167083729922
7134.72566225461
7002.739112433074
6963.538489738252
6821.220050788221
6593.995929506247
6434.941680696015
6377.053804506247
6264.955259666865
6285.0185244646045
6224.7040446163
6241.064832763237
6220.401331201666
6284.493416493158
6172.920332242713
6115.858036511006
6065.324908016062
6090.9667749107675
6029.426456647829
6119.6607473230215
6042.7101960886375
5916.552474866151
5941.643952111838
5834.32359823022
5735.058477617489
5702.762332317073
5706.915192965497
5648.026566552647
5599.519841091612
5514.7142775877455
5489.397646415824
5493.300331945271
5429.308392995241
5329.617999033314
5233.880268961927
5201.308937611541
5262.5992808596075
5209.364370166568
5157.280169318858
5106.196564173111
5053.161845627603
5008.582508997621
4952.945861243308
4844.975035990482
4823.360908016062
4730.0247222635335
4767.174165600833
4760.544845627603
4702.83187187686
4626.006452186199
4556.185519556811
4545.878852022606
4509.58004759072
4376.968052647234
4370.563876784652
4382.121506989886
4355.529007882214
4307.24725594884
4277.752833060678
4249.484218322427
4273.349896192743
4192.246705829863
4143.614818039857
4131.131618233195
4079.4977335663293
4057.1080867787027
3960.6198719512195
3974.854294095776
3921.2190823170736
3904.658186273052
3886.0208980517546
3847.070351427722
3785.6800596371204
3786.280484533016
3751.9330232004754
3716.634911808447
3683.888425788222
3707.4038570791195
3645.2631907346813
3647.764803985723
3614.392905339084
3635.7069768738847
3622.5734145597858
3552.4274015466985
3555.4794319601424
3531.0634201368234
3547.424256171922
3590.8777861392023
3595.205729476502
3571.5152006246285
3564.4355544318864
3602.5855658090427
3482.8570449137424
3539.1439960588937
3450.9611093842955
3458.0657887418206
3411.8354237061276
3423.6432639797736
3425.844684116598
3429.2218940362877
3452.687328152885
3387.7948058447355
3395.5999878792386
3384.7428273349196
3387.294464009519
3378.4636122843544
3338.4123855591906
3335.2852996728134
3301.8884391731117
3310.7442173557406
3371.50914292088
3390.746824211779
3364.6547017400353
3348.44410566627
3370.733750817965
3429.8225011154072
3406.9824730071387
3360.176768069601
3361.7778767102914
3425.0193424301006
3406.7823513533613
3396.525706945271
3368.707485722784
3367.4567390690067
3303.614835886377
3350.4206390541344
3397.476528926234
3375.212002825699
3383.8677017400355
3472.000539559786
3497.867508402736
3494.7654614812614
3491.8635681885785
3455.915082688876
3406.63269192445
3330.4076995092205
3310.8198719512197
3330.8830758477093
3334.3353362581797
3333.5848536585363
3316.4734957614514
3301.088413295657
3326.2299688429507
3324.4538147679955
3330.4326647085068
3366.0560158387866
3400.303493307555
3327.3055408982746
3316.323380651398
3293.8586702111843
3260.7619053390836
3269.4926966835214
3244.126021936347
3240.723678762641
3269.717713414634
3275.0712399613326
3272.869807778108
3235.4202522308146
3254.3576207614515
3303.264658759667
3240.1982006246276
3277.5477304431884
3247.377878271862
3248.7287572129685
3262.2376067073174
3282.85114879536
3252.1310138310528
3241.2238784949436
3230.992118084474
3120.319447352766
3118.1431101279004
3182.885612358715
3156.7685756246283
3114.916017549078
3142.033897679952
3135.7548471891732
3094.7278886079716
3156.893734979179
3145.0360112284357
3150.589658759667
3154.917581573468
3151.0400042385486
3179.1835663295656
3144.285630651398
3112.714904595479
3057.3285268441405
3052.6504359012492
3133.1783071088635
3180.784558298632
3191.141364886972
3157.4942539411068
3095.2033524687686
3078.4673761154077
3074.5148071832245
3055.92757146044
3029.0349162700772
3041.117810380726
3025.4325654372396
3003.1178767846523
3085.3967982599643
3116.242088414634
3163.0728477096964
3146.8121519928613
3137.455995240928
3107.411246728138
3106.33554617787
3129.0254238548487
3077.9169472784056
3119.9445529446757
3103.7839060826886
3035.514080458061
3026.9584501784652
3011.398162031529
3007.5205928019036
2990.109057034503
2994.762148200476
3027.683753271862
3002.6923101576444
3053.4506096073765
3041.1676226948243
3040.442246281975
3029.159891508031
3069.886656900654
3083.470582614515
3074.3896439619275
3076.5410588935156
3084.3963282272457
3039.116524985128
3079.442952111838
3091.9761165229033
3024.106609309935
3032.612192668055
3007.870934042237
3045.4705823170734
3015.175686496133
2999.6154371653774
3023.481166046996
2980.2777761005354
3038.3908854848305
3025.7825818709102
2975.2493839976205
3033.012302870315
2997.6140360648424
2994.912354848305
3112.3894311421773
3099.5309167162404
3080.868657421178
2989.6336950475907
3002.5921411362283
2979.97730212671
2980.3775548036883
2948.706732897085
2868.629146341463
2823.87476189768
2878.71070835812
2888.016751041047
2865.401909726353
2857.7218230963713
2890.568301829268
2919.2120457317073
2995.36191969066
2959.1132137120762
2969.6951629238547
2961.915062314099
2975.248796549673
2932.3456110945867
2984.830092578822
2981.8530765913147
3024.3058906157053
2998.063687165378
3069.410497917906
3118.592775654372
3134.153043426532
3117.041857450922
3106.4599378346225
3116.566639277216
3138.456001635931
3162.771891805473
3205.7250165823916
3138.1557491820345
3089.248652439024
3120.143897903034
3093.6014617043425
3120.0688527662105
3116.3663975312315
3063.006411139203
3030.560086035098
2942.977621951219
2896.0968615407496
2912.8829003569303
2870.1048904669838
2789.2518231707318
2839.059472709697
2831.679566403926
2834.3814157495535
2793.1042966240334
2782.2972044170137
2722.107680621654
2718.8305522010705
2685.083397456871
2690.73713094884
2717.3545764425935
2737.5428513533607
2763.5348789411064
2807.0134219214756
2764.9357598899464
2796.456459027365
2792.8290425342057
2757.7059421475315
2805.187075773349
2851.592513905414
2837.4081900654373
2863.775506395003
2924.3901684265315
2924.0148250297443
2926.541472784057
2919.762008030934
2975.5235268441406
2989.682838117192
2966.36749702558
2931.119363399762
2904.927207242713
2966.817826963117
2950.381973155859
2976.5741457465792
2958.8374645300414
2948.6056910321236
2973.722173631767
2991.0835867043425
2981.0269540452114
2984.5543563355145
3004.117199583581
3007.6945211927423
3024.5806628494943
3066.333001635931
3097.728622248662
3051.4732888161807
3114.264469809637
3152.4645087001786
3173.878639425937
3132.6015559934563
3109.1611302795955
3174.353868456276
3167.3993494943484
3146.8358095627605
3150.6133272605593
3174.0286641879834
3125.7970164336707
3073.41256841166
3058.928021787626
3080.4422328227247
3097.9538111986913
3084.144702186199
3044.8438793872697
3053.1493004907793
3080.292082986318
3089.1979288370017
3070.660651174896
3154.2904793277808
3173.6031472337895
3194.316722263534
3214.5550655116003
3179.006668426532
3166.948768143962
3164.2219802944674
3144.258799524093
3102.4813378197505
3099.4543542534207
3161.24488838489
3151.1632025580016
3194.466643738846
3187.8122515615705
3179.6069002825698
3230.590376189768
3252.0794356781676
3213.278955904223
3199.319882807853
3207.900435826889
3245.9002755056517
3250.253113994646
3255.131217132659
3286.226523200476
3278.1712146787627
3295.907887492564
3289.5036984681738
3308.44112351279
3340.261961778703
3384.140743753718
3364.602906900654
3341.1125136079713
3335.7088623587156
3333.9327452409284
3322.350160469958
3335.908996356336
3330.655580978584
3334.9833973825102
3264.111934042237
3284.1250526472336
3263.586600089233
3200.7454242266504
3183.108878569304
3171.5512496281976
3147.9107720850684
3198.1186945270674
3190.4136540749555
3227.9632432331946
3298.984805249851
3264.21206982451
3221.484046772754
3226.562343173706
3242.2225690809046
3252.2791530339086
3236.7189300267696
3236.1435062462824
3220.7333944824513
3244.023731038072
3217.256169170137
3236.0183936644858
3317.897048259965
3331.8812185455085
3308.86616225461
3335.4835845478883
3311.1426085663297
3299.8601773497917
3300.0602758030927
3326.552746430696
3277.8959037775135
3246.3001763831053
3205.9487268738844
3256.657040898275
3275.7695158387864
3234.867695716835
3200.269977171326
3253.780089976205
3273.868263533611
3291.9551379387267
3312.143398349197
3305.1137688132058
3274.2685205978582
3309.391495464009
3303.787757064247
3330.8055049821537
3377.9864634146343
3416.486725237953
3382.464387715645
3349.442716463415
3353.2201993604995
3370.9318439173117
3326.952973973825
3346.2656424003567
3389.218770449138
3336.008854030339
3339.1608784949435
3318.2220710142774
3315.1200793426533
3314.9449536734082
3322.7251144408096
3287.67710566627
3311.1174672813804
3330.280097784057
3365.303115630577
3367.479483789411
3378.0864112879244
3405.6795055026773
3427.7689451219517
3451.3594399167164
3454.361405116002
3512.8997591463417
3578.993138533611
3580.26898802796
3581.0193766359307
3563.407818337299
3542.3690629833427
3513.074909131469
3533.8135455086253
3596.1293892028552
3603.98453428019
3616.6678411659723
3588.9246267102917
3624.6730567370614
3659.796111243307
3694.118670731708
3679.108800862582
3716.5334280190364
3744.40166218025
3762.663613771564
3853.548242787031
3848.494814173111
3870.909549747174
3848.8449950178465
3864.90557138608
3861.953616745984
3863.2294995538373
3863.4797032272454
3868.2327923111243
3914.7382550565144
3892.49872761749
3920.617170806068
3921.7929575401545
3953.6638087447946
3976.303592132659
3958.2918009369423
3931.9495411213566
3882.517064247472
3878.989669170137
3897.0015226799524
3884.9686563801315
3854.598662031529
3901.029101055919
3912.3616427721595
3859.3769354550864
3879.415056216538
3839.0385310826887
3887.3451942296247
3938.55367556514
3903.6557667311126
3908.0837179506248
3881.166047888162
3872.535337522308
3844.942241894706
3873.0607148274835
3864.805292459845
3835.010666195716
3855.6491159280185
3824.5037084324813
3862.5536931885786
3898.9275854402135
3910.6102607822722
3894.174526397978
3922.292960737656
3967.6727660618676
3952.037533908388
3917.6149747917902
3929.447683447353
3918.1152070196313
3988.561422218917
4014.3783549226655
4081.9726621802497
4084.3242471743015
4136.833658239143
4139.885680770375
4088.2268910618677
4089.152551011303
4037.1685365110056
4077.945363697204
4141.73720233492
4091.9545317519337
4073.417414782867
4067.038235722784
4119.572612284354
4113.9939543426535
4126.6523780487805
4050.727612953599
3979.205582168352
3925.545425342058
3905.7823951516953
3889.7719359756093
3882.8173924747175
3963.870653777514
3952.5881998066625
4003.821802424152
3952.4630919839383
3924.6948451814396
3881.991835663295
3880.040587150506
3885.143875148721
3875.362482674004
3876.5132001784655
3815.2980258774533
3823.778595627602
3851.6218629535992
3800.0130814247477
3727.415556885782
3748.5294309190954
3766.591263831053
3738.7979924895894
3761.3627567668054
3802.0145325698986
3707.7776560826887
3722.137051085663
3731.2680578524687
3739.7985994943488
3707.1271927424154
3748.55433781975
3694.2687362433076
3694.393785916121
3705.776273646639
3711.279839827483
3694.7189932331944
3659.270754312909
3677.207551977989
3678.4583410172518
3637.906749182034
3611.5144040749556
3675.4313235425343
3703.8249484681737
3726.2647486615106
3751.0809979922665
3772.9954817073176
3771.644624479477
3763.714451442593
3726.46507599643
3761.9633651100535
3825.8552575104104
3748.654578227246
3737.7473234681743
3675.3813596073765
3683.011360574063
3754.6082462076147
3815.348089455681
3790.95705956276
3804.4159040005948
3809.794375148721
3800.0380356186793
3809.6944573170736
3820.8017387715645
3857.1755417162403
3869.058327706722
3888.421133700179
3885.118952037478
3900.4539770969664
3903.2058546995836
3954.78980212671
4012.552646341464
4050.6527131915523
4039.470357822724
4008.4750026769784
4020.783121281975
4042.8224662403327
4089.77823505354
4085.2001340719817
4094.8063684562762
4146.190094140392
4129.103894928614
4151.618608194527
4135.13278718025
4177.035158387865
4186.041134295062
4200.550672441999
4178.561342727543
4125.226429208804
4154.545655264724
4199.900349122546
4249.382937908983
4355.627642325996
4287.858240704938
4289.059074732302
4279.778019556811
4279.052457911957
4218.237606781678
4269.5962648721
4345.070839158239
4308.271688429507
4341.193180770375
4344.970722486615
4357.028726130279
4357.529082168352
4325.408045731708
4334.413968991671
4310.048058893516
4313.925655190363
4353.901892028554
4303.518896713266
4331.187078152885
4301.892827855443
4369.6122848007135
4370.938191850089
4335.6900715348
4330.936944006543
4359.305597337894
4308.046945270672
4310.198347189173
4294.9383634741225
4342.069278480071
4363.7835
4430.852676085664
4426.925199286139
4432.303732302201
4501.749344735277
4497.996929506246
4487.815259369423
4532.819699955384
4484.438086109459
4442.310399241523
4445.6125468471155
4450.390694527067
4508.1786378643665
4510.179899687686
4531.769099048185
4458.345908908388
4396.430349494349
4382.496177424152
4314.101338935157
4332.78864135931
4327.009851502082
4355.328435380726
4297.290399018441
4322.381852468769
4307.44708484533
4334.264654521118
4283.856527290303
4369.737968917311
4290.360784875074
4329.036267846521
4282.430749702558
4259.91606395003
4200.952314693634
4228.195164113623
4190.6204892177275
4102.062314321832
4157.848937685901
4182.01494638608
4255.413079565735
4235.8252210737655
4302.694077111838
4306.771738697204
4317.779011600238
4302.89419497323
4288.309743456276
4248.308487953599
4282.656056737062
4305.095844289113
4348.674414336704
4320.7561719214755
4305.245974568709
4353.602651769779
4371.539469140393
4322.457228063653
4261.141942891136
4223.6422540898275
4220.815519854254
4225.568539411065
4262.918044095776
4282.355826293873
4328.235921698394
4331.863273126116
4390.301604625223
4428.251568114218
4388.0252202558
4402.559749182034
4338.317604402141
4367.987107599643
4351.926533313504
4357.930600981559
4362.158431811422
4431.729114292088
4415.718576368233
4455.719825996431
4431.178724271266
4422.347948393813
4471.580298706127
4448.039914485425
4369.963715645449
4359.556874702558
4267.646486317668
4298.3415669244505
4275.701611094587
4203.854463786436
4210.008533536586
4257.41453123141
4304.245269779893
4307.447369943487
4338.742829565735
4415.343169170136
4410.8401672367645
4445.73802818263
4359.181193486021
4409.038893590125
4374.541251561571
4418.144871058894
4361.932983938132
4344.971877453897
4262.442783387864
4295.064153926234
4287.384023423558
4283.6816309488395
4257.71464879536
4259.490836481262
4201.227655041642
4225.368432480665
4202.503402141582
4235.900336109459
4245.081359384295
4274.0252894110645
4344.246484533016
4372.665192370612
4436.707154074955
4442.861140615705
4427.95129171624
4461.373221594289
4389.401046475312
4500.724091612135
4441.810506543724
4500.899281528852
4443.786790898275
4416.994122694824
4434.830830234979
4528.792523869721
4564.215808224271
4556.560865630578
4563.590539559786
4645.319182852469
4581.3022289559785
4555.084996951219
4503.07575438727
4630.134159875074
4679.991851576442
4685.145275059488
4694.351293575253
4814.1298567816775
4824.8618318709105
4824.736693262939
4845.500274836407
4805.1988297888165
4839.696457465794
4888.253371133254
4862.961661585366
4851.529050862581
4826.012256395003
4811.25254915229
4770.225630056514
4775.053779149316
4813.303743530637
4805.223457986317
4792.064841612136
4813.854098378941
4841.772448839976
4896.308186273052
4911.342945939917
4849.227162700773
4854.855751264128
4818.40681395003
4892.6305342058295
4873.918281677573
4877.845871133254
4809.000640392624
4744.258106409875
4746.284467801903
4735.802714455681
4650.646823914337
4716.239844883998
4784.109350609757
4716.314911436644
4708.6848392326
4675.262969512195
4673.611817221891
4653.448605220107
4660.403234309934
4663.955636897679
4684.744256171922
4728.598046847115
4753.7145398572275
4836.493796252231
4841.371867787032
4870.44084979179
4928.779084101725
4931.806043723975
4990.719840124925
5063.167389500297
5041.453109012492
4988.418285916121
4969.756034354551
5085.081719809637
5026.468239663891
5019.088342430101
5118.678651397978
5222.371766731112
5312.480879759072
5289.940945865556
5263.39849851279
5383.702382361689
5452.87289128495
5462.2039851279005
5474.612226799523
5452.52276033611
5457.751290303391
5452.472866969066
5433.735514351576
5469.333992415229
5484.869124182034
5456.175288964902
5461.928979848304
5498.528146118382
5605.773454937537
5678.596215124926
5696.883339753123
5767.704853138013
5742.513224419988
5809.4321947501485
5805.979935157644
5815.260941106484
5826.21818463712
5818.813318114218
5800.576383328376
5793.146463340273
5689.503376784652
5703.33743285247
5810.207548929208
5769.030473973825
5782.939648721
5745.11470233492
5671.191115333135
5706.639391210589
5733.782291121356
5767.729482525282
5769.780827632361
5726.902619274241
5695.5571827037475
5688.902813429506
5692.104991448543
5735.533459994051
5753.420298706127
5708.015555324212
5817.637511302796
5777.060889425938
5766.479014500297
5797.8245259518135
5792.420946014277
5750.3932305175495
5812.359015243903
5766.128694229625
5757.272867787032
5847.381927721594
5848.357591909578
5872.79866820345
5923.106710291493
5894.488031751934
5918.503758477097
5964.333809042237
6045.311940214158
6069.1526255205235
6082.886651621059
5956.928784354551
5889.634554060084
5827.418879610352
5838.726259889946
5874.599806142177
5819.613768664485
5803.202907421178
5885.281847932778
5954.70248215348
5938.842183670435
5974.840815883403
5932.7882474717435
5863.042545136824
5935.965350609757
5918.153720776323
5946.697496802499
6013.866564321832
5970.263003718025
5997.505897679953
6081.210799375372
6169.143482599643
6117.534519185009
6070.228484235574
5939.017291939322
5924.757921698394
5859.039811570494
5818.638343619869
5723.075670582986
5698.634578004164
5729.3796935603805
5717.496890095182
5652.028855145747
5604.497747546103
5493.44977520821
5598.843947055324
5526.721644482451
5535.027153182629
5486.070063578228
5553.539393367044
5453.348628941107
5349.005175342058
5252.817118084474
5246.012646267102
5106.220813801309
5108.122146713266
5136.265575996431
5173.71511763831
5120.780333953004
5097.665213340274
5084.031277067222
5113.600731484235
5196.430149985128
5216.018060826889
5270.979092578822
5323.788758477097
5327.241057406306
5318.2351348899465
5297.971906826294
5320.786882659131
5357.836209250447
5381.051419021415
5290.842267474717
5395.986366745985
5423.904695419393
5425.68084674301
5425.355657123736
5488.496983938132
5458.452240779298
5451.39758491969
5502.531144556811
5480.466708953004
5558.342868233195
5635.243413370017
5662.836474940512
5709.216910841761
5785.2918967132655
5782.164795582987
5768.08059823022
5780.914010707912
5823.967390615705
5905.971176531826
5874.400450178466
5864.518813132065
6029.502045806068
5984.197283313504
6021.19660856633
6090.241912849495
6085.738922293278
6054.54334518144
5964.259065288518
5898.065590422368
5978.0680832093985
5983.571760559191
5994.704067444974
6039.233223602022
5987.67439723379
6009.563765987507
5942.619789336704
5927.484854253421
5961.60720382213
6080.835467504462
6084.737951963117
6165.4409632659135
6209.469911808447
6116.834088786437
6066.325920359905
6055.744008030934
6003.284475535395
6012.040205011898
5939.292457614516
5930.836882733492
5918.203625966687
5930.411586778702
5984.321919393218
5967.786102914932
5894.387931885783
5870.196979848304
5935.815074881023
5879.37813838489
5891.686150059489
5914.801308744794
5856.5880951070785
5914.751249628198
5926.709092355741
5992.227072501487
5986.573351650803
5942.144269408091
5918.928947724568
5849.933604848305
5841.528109681737
5893.81242705235
5890.510156975015
5905.570001189768
5956.553553539559
5888.558992192147
5731.881186867936
5749.067481038072
5703.362483194526
5749.192634592504
5807.731042385484
5769.28070233492
5799.250355145747
5736.609300342058
5751.419100907198
5775.810161659727
5685.3507032272455
5685.325668575253
5738.110324583581
5775.6600956276025
5730.280301977989
5663.161218842951
5631.19021571981
5661.460101650803
5652.178961853064
5577.129640615705
5525.320629684712
5523.3942665823915
5485.36934533016
5457.375994869126
5428.907295359905
5432.434578524688
5467.257408313504
5480.716294839382
5470.334532123737
5393.033860871506
5349.855644779893
5390.982676680547
5380.751057331946
5321.9124849048185
5329.542501859012
5203.159482897085
5189.27540638013
5295.695307555026
5370.069135856633
5373.146136302797
5401.289611243308
5388.456211555622
5458.15201643367
5514.8641864217725
5523.569813057704
5519.7672056811425
5587.6368266656755
5608.90075594884
5616.655870166567
5715.320721148126
5669.190369720404
5676.420189098751
5735.859151100535
5713.019158610947
5654.805893590125
5740.887458655562
5735.859101055919
5793.146692891137
5748.3422946163
5715.595765913146
5719.273244869126
5763.127000446163
5800.576593248067
5802.978158536585
5809.507443188578
5812.2592084324815
5731.256030339084
5725.2521867192145
5723.200809339679
5713.144182629387
5768.855814693635
5785.491723453301
5656.957305547293
5673.8934502528255
5722.725484012492
5802.978124107674
5787.417890095182
5841.753481558597
5824.041849494348
5788.418460440214
5835.774487358715
5859.965292013682
5924.832814842356
5970.8630730963705
6002.183726799524
5944.445819303985
5956.303567965497
5950.149640764426
5954.677500223082
5936.390501189769
5937.591377305175
5880.50389292088
5941.068735276622
5958.229887715646
5945.946867117787
5956.4787914931585
6012.6906418798335
6103.750377528258
6012.165263905414
6035.180397085069
6055.843996579417
6090.241522010709
6102.2495494497325
6075.381798854849
6087.239614217728
6181.101255651398
6249.546202037478
6174.947269333729
6141.100075178465
6163.314546995836
6126.140118158834
6059.1962333432475
5974.515676011303
5937.291251561571
5942.119413741821
5997.780913295657
5969.962643813206
5971.388562908983
5872.498637938727
5835.0490342801895
5865.068630651398
5974.390531900654
5980.669570642475
5945.421426234384
6018.819539634146
5986.848545434265
6028.2007512641285
5988.474734309934
5971.93885276621
5882.430176680547
5879.0280140541345
5909.272944080904
5940.643614217728
5934.31441812909
5888.259255056513
5777.536578078524
5761.275859235574
5782.9150539113625
5834.048657123736
5917.1032327483645
5815.811620612731
5769.155986243308
5747.967151100535
5763.151993233195
5820.564675342059
5829.595525208209
5658.833437091017
5664.337009295063
5664.912494646044
5792.321103509815
5811.3085365110055
5811.258449732301
5858.139299895895
5870.147194080903
5802.502798259964
5909.122782792981
5961.081990556217
5893.512746653778
5873.824924152291
6027.600905710887
5955.703687314099
5943.495650580012
5958.70557138608
5967.8615609012495
6060.147078673409
6041.784973973825
6002.859432703747
5990.501329788816
5922.906943709102
5844.0052503718025
5871.6233482302205
5914.001206201666
5900.167107004759
5882.255345404522
5911.374555472933
5866.995486392028
5873.074532346817
5956.053970404521
5898.466045434265
5857.288984086853
5837.050776026174
5795.0982067221885
5893.112641954194
5918.22917861392
5964.259420285544
5960.33185403034
5958.530582391434
5938.317326442594
5884.707032644259
5947.748404372397
6037.932540452112
6161.338592727544
6099.297846073766
5967.9866345181445
5941.4192160172515
5942.970186793575
6098.472177944675
6139.7742763236165
6105.601826591315
6119.235794541939
6129.067255725759
6159.312102394409
6205.992666567519
6222.278382361689
6179.725487358714
6122.187723750744
6141.70053286734
6185.9545556216535
6208.319232674004
6175.322522828674
6213.947788816181
6240.340173483045
6281.942437091017
6355.715859458655
6270.735072129684
6255.324962001785
6261.4039098750745
6235.311752900059
6263.530248587151
6332.225365258774
6392.5650677424155
6340.455775654372
6311.88712053837
6386.6361587596675
6328.472990333135
6294.050385113028
6230.858863251041
6124.614122471743
6135.721397828674
6210.74566515467
6267.207666195717
6327.097116448543
6215.674011228436
6143.151399241523
6163.965041939322
6157.635854625222
6103.000004833432
6118.985436273051
6107.402885707912
6165.641021490184
6107.152628941107
6048.163944006544
6140.699759369423
6143.151328375966
6155.809670359905
6178.749808224272
6270.985274241523
6351.688260113028
6308.034630577037
6367.59882733492
6332.851037254611
6423.335425193338
6336.978747248661
6342.707371579417
6365.472279967282
6413.678843099346
6407.124540972635
6481.398349568709
6498.0592114069
6395.867119869125
6396.367493753718
6402.321376784652
6511.393049226651
6509.66691664188
6525.752426903629
6575.785303093397
6576.535760410471
6621.765519779892
6672.2236540749545
6619.73928108269
6606.855865110054
6574.084318932183
6569.556329863177
6639.9025661808455
6571.682730145747
6534.558389351577
6507.96602981856
6416.581166344437
6480.79846728138
6483.350082242712
6390.439043277811
6380.057163816181
6381.08278703153
6420.583669839381
6397.293504833433
6449.077537552053
6467.014310008923
6428.063685826889
6471.817390764426
6475.2696083432475
6431.591001933372
6388.062506469363
6418.732688801309
6319.992873364068
6304.732783834027
6299.75456238846
6273.962586555622
6284.769761451517
6293.800686347412
6363.2212857674
6337.504383774539
6330.74994497323
6361.144830234979
6302.481296624032
6379.531832019631
6350.737975312314
6314.8895644705535
6360.094235276621
6398.119217876264
6456.23237946163
6473.19336168947
6440.296778628793
6434.818113622843
6479.422422888162
6537.935891508031
6479.497547516359
6461.585829193932
6497.409398126115
6531.4317527513385
6485.7267664336705
6547.892507659132
6497.034049226651
6576.91146586853
6509.091923111243
6491.5554171624035
6555.797529149317
6479.972797218918
6471.016803019035
6354.740466983938
6266.782676829268
6214.123017400357
6283.918844140393
6312.037339381321
6190.832757138608
6256.700939991077
6261.3289756097565
6265.806931365259
6223.5291380130875
6165.816282421178
6085.738626264128
6038.70780800119
5994.929070121951
5894.513064321832
5954.3524156008325
6042.785457391434
5965.334691850089
5941.719083135039
5942.444573393813
5906.796168723974
5938.967328673409
5932.613150059488
5946.797516582392
5874.124912626412
5907.42183469661
5812.809768961927
5800.326628197501
5750.794127156454
5754.121314991076
5797.574821832242
5835.224488994646
5891.836664262344
5904.820159577633
5957.804856484236
5915.752268367044
5871.973563057704
5857.013794839381
5799.9263784949435
5683.049633328375
5766.604610499703
5797.2498419839385
5805.905577558001
5820.565179283165
5844.005554580606
5877.002310752528
5943.145765020821
5997.706570121951
6047.76445991969
6031.803964976204
6096.371212373587
6137.898544318858
6201.140074806663
6121.162479550863
6044.512183298632
6052.592516582391
5998.80718010113
6071.0546106484235
6080.961063578227
6173.621900059488
6111.05584086853
6228.883261972041
6155.385053093397
6125.465348973825
6247.670518590125
6238.314290972635
6330.42476033611
6334.577564619274
6354.215383625818
6307.109429431886
6292.174687908982
6262.180197650208
6257.101807183224
6200.064381246282
6187.831295508626
6153.383640764426
6122.788557406307
6211.496798111244
6269.559859607377
6260.629068783463
6288.49743597561
6324.370985425342
6266.358019779894
6331.525782272457
6308.760796549674
6324.846306588341
6333.6270221594295
6292.374964753123
6288.322380874479
6415.1055959994055
6436.294518590125
6478.447196088638
6471.2174263087445
6379.106960291493
6412.728984533017
6397.168726650803
6407.125238474124
6467.514845107079
6448.002071088637
6402.372205829864
6353.565180398572
6406.049662328971
6479.722985648424
6450.854119646044
6433.868021638905
6423.235999405116
6460.3603918798335
6427.088658313504
6496.259126635931
6582.415758551458
6548.918652364663
6397.7693662254605
6298.529230591909
6244.819040675193
6322.645102989292
6327.07306395003
6304.708338935158
6280.542462299227
6343.984115853658
6383.059710588936
6395.142624702557
6450.278898349196
6399.5205114515165
6407.4007605591905
6456.6081635931
6425.687840942891
6340.9321684265315
6297.603662403331
6365.698411957168
6248.19630651398
6257.727572055324
6231.7354881766805
6214.924370389649
6243.743350014872
6278.190997917906
6359.719541195717
6354.791332465794
6298.35424553837
6222.779569378346
6232.460889054134
6282.343641582391
6242.592497025579
6261.1797318560375
6221.6038774538965
6283.469492117787
6385.861738697204
6446.151250966687
6385.461398274837
6350.68853428019
6381.859026992861
6446.52651635931
6408.001281454492
6405.249433967875
6479.598357450923
6441.598505577037
6473.444333804283
6325.597280859608
6345.760534726353
6377.681491448542
6404.5492389202855
6311.187941403926
6276.289977914932
6198.739086481261
6157.962393515764
6030.853904446758
6001.15936458953
6008.514159726354
5974.241634295062
6004.711625520523
5985.599048557406
6033.855692444973
6063.225084176085
6140.425773423557
6166.342727394408
6143.602757584771
6185.355039113623
6330.475272754313
6368.450210217133
6342.558115928019
6329.7246844884
6277.965599568709
6339.005664336704
6274.438272085068
6258.978164634146
6191.433729773944
6170.570094363475
6198.813590422368
6188.406829714456
6177.774778480071
6132.970390169542
6156.385551680547
6202.215632882213
6166.892507956573
6218.026093842951
6206.493532421178
6258.002375520523
6195.13613541047
6294.726516805473
6340.706637566925
6398.294436867936
6546.341667236763
6510.4431070047585
6569.606928167756
6510.493013087447
6506.290273944081
6416.806561421773
6392.290397679953
6405.999451814396
6448.327173036882
6563.2776753420585
6716.828427498513
6758.080490779298
6803.410194452707
6807.162605145747
6737.71700594884
6732.263386228436
6782.521442742415
6802.859804729328
6773.64065786734
6823.948717801904
6711.174581722189
6737.466814767995
6890.2170593396795
6825.7246395002985
6778.7437105145755
6842.860693039858
6893.419032421178
6964.440546475313
7018.425926457466
6990.582741002379
7046.544374033313
7024.479905041641
7001.990136377156
7061.329062239738
7009.720317296252
6994.585377156454
7127.972905636527
7178.405987135634
7117.991365407495
7096.902431811422
7052.473213935157
6961.363390392624
6965.766291790601
7006.2929257882215
6924.13896571981
6830.702578227246
6778.193111838191
6709.648026546699
6581.814054506246
6640.252444229625
6654.111485499703
6693.612555472932
6585.066290972635
6546.090626859012
6473.417926531826
6431.465386154075
6419.482541046996
6402.371353955979
6388.437252379536
6418.456833283761
6372.626703673409
6334.576740779298
6293.0744565734685
6327.421998289708
6301.630130056514
6260.227925416419
6212.571705234979
6272.761148721
6229.757889723379
6228.507080458061
6258.301528628792
6317.115262343843
6373.602347114813
6392.339746058894
6370.550439693634
6500.660841835217
6481.573317965497
6427.56274553837
6433.291624553836
6488.652992638311
6452.529357227841
6526.878005651398
6456.356716537774
6456.431806142178
6445.975050788221
6468.539900877453
6476.5201690957765
6544.8650002230825
6466.11332740928
6455.706533610945
6535.358843099346
6562.601694601428
6582.564813503866
6557.6234464604395
6519.873622546103
6587.843246505056
6402.09628130577
6442.773064247472
6498.059330829864
6514.169905041643
6595.247918277812
6569.731198468173
6501.6865032718615
6507.16508781975
6609.882487209994
6495.70753874182
6538.960935529446
6568.230158462225
6535.608603955979
6586.366912403331
6505.738936867935
6408.6001632212965
6390.113040600832
6453.954950029744
6378.305238622844
6355.340036734086
6301.179547441999
6343.782573170732
6431.1900436496135
6497.658541344438
6422.959573988697
6365.97212804878
6326.846388087448
6354.289454640095
6311.436381395003
6242.1909142623435
6271.810411882809
6249.120490110054
6180.225174672813
6251.346846296847
6268.958394185009
6260.1276545211185
6182.626802498513
6174.171218173706
6186.629464678763
6198.162090348007
6202.890202186199
6306.183106186794
6348.7110868530635
6363.6960063206425
6348.761152885187
6290.297720627602
6256.8006816627
6189.7316698393815
6108.378223899465
6206.943115184415
6215.823907198096
6253.923831424747
6291.02318017549
6308.834893367043
6225.230091240333
6132.944510113028
6128.21642705235
6243.917432480666
6200.8642124479475
6156.635169765021
6144.10191969066
6209.8200346519925
6203.590972263533
6190.382285618679
6173.145881692444
6173.346030487805
6170.194033164783
6095.4199127751335
6042.685265169542
5944.7459457911955
5958.029752082094
5939.017154074955
5955.603030562165
5974.640497992266
6032.9538101576445
6076.382348973825
6037.707072204045
5961.532138607971
5917.728372397382
6016.243123958953
5965.9601188280785
6001.758618530637
5901.492671995836
5962.382548185604
6009.138179283164
5922.956561719215
5892.486620389649
5875.050061644854
5739.6861261897675
5766.7789742712675
5829.945476873884
5828.794810232005
5791.845584176086
5737.184614292088
5779.612502156455
5851.434681365258
5824.967210217133
5831.071205978584
5821.364828450327
5787.542606484236
5801.451723899464
5879.478036287924
5922.231063355146
5848.857947129685
5820.114192742416
5876.301123587151
5798.450133625818
5814.085374405116
5792.245998958953
5887.858779967281
5906.871271713267
5924.733016136229
5987.574324063058
6001.708610871505
5981.745488325401
6012.965896638905
5980.594564396192
6021.071234086853
5985.4478793872695
5996.255020300417
6100.473324955384
6018.219269036288
5919.9798155116005
5917.4782576591315
5923.182029372398
5965.109501784652
5922.131360797145
6007.962757882214
6004.035248735871
5989.575814024391
6013.391519185009
6116.10900751041
6079.685137641285
6084.788458729922
6055.669260856633
6023.623195345032
6008.413267028555
5944.271141954194
5953.32717853956
5949.499747992266
5922.406932926829
5932.16340318263
5933.364147010708
5876.902047441999
5764.403166567519
5774.985054060083
5834.449088042832
5858.43993604997
5893.387714232599
5940.7437863622845
5942.895253123141
5982.371113399762
5932.338209027364
5942.169640020821
5961.857544244497
6066.851425342059
6090.617128197501
6041.084684785842
5993.228334324806
6086.064375223082
6149.481059711481
6096.771477171326
6129.042653405711
6236.388217504461
6376.930484830458
6392.815945642475
6413.879776100536
6282.243421549673
6365.748247843545
6504.814430398573
6480.798637418204
6473.4438155116
6446.551155041642
6374.729023721
6358.393269185009
6446.075868753718
6352.614552201071
6294.476499851279
6350.738495092207
6420.309268515764
6463.412595181439
6590.896313132063
6468.86618002677
6539.362467653184
6542.164339976205
6434.043524687687
6433.868509592504
6335.2287881469365
6437.546039411066
6510.268807034504
6598.751950104105
6573.985629907792
6635.651110499703
6585.067888979775
6649.009853509816
6547.94352676978
6534.459559785841
6528.680647903034
6514.446312760261
6578.463320716835
6520.2251181588335
6393.7170425342065
6343.809302572874
6322.995651397978
6250.998317296252
6181.727851279001
6094.14537946163
6102.525871728138
6194.986518441404
6161.88989292088
6185.605436942296
6190.083399836407
6189.032728732897
6076.383756989887
6071.680671772754
6169.24474107674
6175.698969289114
6148.68116366746
6176.599372323022
6307.6853675639495
6237.489352766211
6304.858643143962
6259.754046475313
6274.939002453896
6344.334564321832
6363.04682428614
6394.017159949434
6314.915312685902
6337.004883402737
6346.311032272457
6329.549960217133
6244.3440743605
6388.738788964902
6355.4918778257
6396.769024018441
6327.37345687091
6399.07058789411
6344.584730368828
6585.84311161511
6558.7753767846525
6512.094683819155
6472.443652662105
6487.903738399762
6515.146730814991
6453.756497025581
6519.624738845924
6412.0791620315285
6297.128685306365
6264.432272531231
6292.450651100536
6242.968195345033
6363.797471668649
6326.973354922665
6300.580945121951
6255.276064098751
6239.465671029149
6263.031079491375
6219.2773303837
6247.120658834027
6219.152298557406
6140.500653926235
6249.547151323616
6235.4128454788815
6237.289102171326
6257.302203599048
6226.882196609161
6186.730722263534
6216.500273497918
6251.348133328376
6253.474580086258
6260.554280933968
6343.733877305176
6381.958923780488
6257.802417757288
6270.685834176086
6293.525792682926
6208.469879535991
6215.374407123736
6201.915527885188
6084.313215496728
6055.719435008923
6127.691628420584
6095.995866969066
6089.016349419989
6130.96885417906
6142.276265466984
6094.720035916122
6164.4158094884
6209.170270226056
6155.460068262939
6342.708009592505
6249.947122471744
6237.6641074509225
6193.034961704342
6158.111970701963
6138.173873735872
6037.307616448543
6061.648574137418
6126.441087596669
6146.1040840273645
6163.965830829863
6130.568957242713
6055.544757212969
6085.689518441403
6103.501216091612
6050.841660841761
6058.246546624033
5998.232257212969
5999.583080458061
5887.959871876858
5877.302766210589
5872.049258700179
5811.884694155265
5856.8892836853065
5891.261914857228
5865.670112730518
5833.749146267103
5882.63119341166
5829.596320642475
5883.78184079417
5844.430971073766
5755.222410246877
5716.4720749553835
5743.965053316479
5744.590516879834
5746.917064247472
5715.246282644259
5581.983813429506
5569.625689842355
5572.477564173112
5638.345710142773
5676.695986243308
5660.460364292087
5625.562436198691
5567.023955755502
5621.034345925044
5646.075848081499
5615.555758030934
5610.852753271862
5620.734135261749
5580.757804134444
5623.861092058299
5513.038408536585
5538.5800869274235
5547.811124330756
5524.896133402736
5551.313376635931
5482.4431784652
5586.511576070791
5464.156273646639
5542.282554357525
5535.903390243902
5589.288375743605
5632.366566106484
5582.959077706722
5493.125127305176
5534.952592876264
5566.723374925639
5607.825427721594
5598.419279223676
5520.618316255205
5500.329933447353
5518.041593024986
5575.454244943486
5556.366776100536
5537.054144928614
5491.649220776324
5489.697928837002
5510.386523944081
5560.744606186793
5445.944257807852
5412.847572501488
5500.680304878049
5531.450427275431
5554.365546177871
5599.820405041642
5607.500401026175
5579.732138905413
5591.63993010113
5705.189496876859
5768.756290823914
5713.194751041047
5795.648849271267
5838.02672761749
5812.635111392028
5788.1189042236765
5788.118841983938
5790.645479922666
5749.2183291195715
5690.854966612135
5753.82130212671
5760.3004233343245
5769.881794393219
5826.719059711481
5817.387846445568
5706.540155933968
5653.430374702558
5644.049161585366
5662.311090273646
5687.752789485425
5667.66454312909
5778.312019556812
5752.31990481856
5685.275946311719
5705.013969140393
5713.894773349197
5787.418117192148
5790.470070716836
5765.953967355741
5773.7340655116
5805.529898497918
5731.156108863772
5685.951559265319
5567.148645969662
5599.019599791791
5706.940382733493
5788.669134071981
5748.692856409875
5716.546825847709
5658.283614292088
5629.389701963117
5614.554973527662
5569.375350312314
5555.916510038667
5653.730860722783
5684.626096519928
5655.682095107079
5672.593203673409
5588.387810529447
5626.3877431588335
5597.568824806663
5575.154162923855
5631.316103584176
5508.935809711481
5560.719801457465
5620.208963712076
5562.946418872695
5577.105629238548
5593.816580755502
5638.821103212374
5617.006788890541
5609.5768917311125
5662.011325922071
5606.374758402736
5606.599883402736
5645.800589678762
5656.407579640096
5714.89603740333
5613.054186644855
5665.03828874182
5541.28202684414
5504.733019036288
5488.772651546698
5511.987914857227
5471.561358194527
5546.010113697203
5516.6157874033315
5383.603382659132
5380.201086481261
5442.091725981559
5491.524256692445
5406.693516656752
5386.355053093396
5329.642853286734
5284.313192519334
5304.326332837597
5297.897137864366
5311.180808967877
5350.231327929804
5344.477596222487
5352.633068411659
5253.167807108864
5328.517325252826
5295.545566701368
5304.0261127305175
5304.776542831648
5301.924759666865
5293.294157941701
5239.984072204045
5208.338282049375
5220.421237507436
5169.837985276621
5095.639299449733
5077.977743307555
5060.666454119571
5082.205615928019
5038.276770226055
5029.470969586556
5092.1620864069
5030.146359681737
5036.500585960737
5154.227906454492
5032.523061421773
4963.677879164188
5005.630429357525
4990.120227840572
5002.153139425937
5009.783168723974
5025.068158090423
5049.259065734682
4893.4568211629985
4964.503427572873
4930.3811251487205
4859.234505577037
4885.376680621654
4834.718494497323
4776.130096891731
4736.278956796549
4742.257835812016
4819.1082724568705
4829.014783908388
4869.116079417014
4865.188544393218
4836.594786287924
4905.515044690661
4895.558552647234
4883.100463935158
4926.729086406901
4922.551353584176
4915.046568114219
4971.70864433373
4959.800950104105
4917.323189991076
4902.538499628198
4904.064529446758
5020.465850312314
4984.1419962819755
5024.46850594884
5083.182180844736
5059.441559562761
5044.156525580012
5079.77993002677
5118.780508848899
5136.191995835812
5110.725325178466
5098.0670082540155
5182.92269497323
5207.013510633551
5143.171549301011
5135.391501412849
5155.980024985128
5139.018933967876
5221.097856781677
5238.108949137419
5204.2617362433075
5158.606766731112
5180.696332688875
5196.581816552647
5250.617320419393
5226.051187611541
5223.124304878049
5205.312558447353
5217.020228584176
5275.633811570494
5275.959015987508
5366.96873958953
5342.527654372397
5419.002905933968
5400.590812016657
5398.064079565735
5392.4604472040455
5435.388609458655
5460.730234533016
5386.606600312314
5327.793111020226
5388.4328548483045
5404.068066552648
5481.944158685306
5605.375208060678
5531.8269309190955
5523.446460440214
5571.077667682927
5625.188123066627
5598.720782049375
5543.209279595479
5485.046137418203
5574.304700401546
5530.501032569899
5581.2593581945275
5549.913817221892
5607.651711704343
5623.987519482451
5667.41601792088
5632.092735797144
5625.8387518590125
5639.097372917906
5727.080177349792
5720.525903777513
5765.080132064248
5762.328257956573
5821.492195196312
5817.56462046401
5793.67395694527
5776.18748364069
5752.997196906604
5711.444923483045
5704.465298557407
5637.371307108863
5711.169642474717
5675.771341240333
5638.697000817965
5680.249155785246
5692.332066627007
5652.630960068412
5651.730275951814
5715.196979402142
5700.162051457466
5555.842296549673
5611.378825698989
5665.239085217133
5664.2384465348005
5588.989012120762
5631.642011525877
5664.363462076145
5670.017194080904
5778.68854171624
5870.748947427127
5875.627082465794
5841.329517623438
5875.952275208208
5906.121976725164
5881.806057555027
5894.289387269482
5918.055045731708
5799.027044467578
5817.989437091017
5886.1342797442
5888.986094586556
5935.141382064247
6012.392068114217
6037.0333849643075
6020.847714976205
6004.236769185009
6023.374351279001
6102.876464827484
6078.610520226056
6070.905402364664
6151.933537105889
6087.816408610946
6029.953315809043
6112.2323761154075
6150.0571614366445
6125.491026100535
6160.438919170137
6179.526426754907
6139.775377230815
6079.18560559191
6064.150858491968
6027.95210276621
6037.158261079715
6088.066701516954
6071.605885484831
5960.657945865557
6002.635478732897
6010.265551829269
5932.139156751934
5800.277654298036
5901.994465124925
5970.189167682927
6055.29500304878
6048.2904665377755
6106.928938578228
6153.309396490185
6114.058508402736
6066.6773381171915
6109.10535269185
6150.232314173111
6093.269883477097
6240.1412138607975
6253.800184042237
6305.934477320047
6323.596014574658
6365.773663072576
6393.56693151398
6290.999483566329
6359.544516210589
6541.488929506247
6606.206336629983
6582.390674895895
6626.719753494944
6541.238533759667
6504.01401777216
6524.527511748959
6634.724881097561
6676.1520208953
6772.965591537774
6591.171249182034
6539.0871850089225
6493.031925193338
6587.7190706424735
6661.167166567519
6648.383642846519
6654.412600386675
6630.747010633551
6668.246796995836
6737.867443188577
6701.543682406305
6646.907828078524
6636.82614002082
6721.256636748959
6737.567375966686
6805.161655413444
6761.432888682332
6720.230885410469
6689.260671400952
6606.106068857824
6538.261542682926
6422.885841909578
6473.043776695419
6463.687744794765
6472.443544170136
6475.6706431439625
6507.391466314694
6685.3332701516965
6548.843562537179
6473.394067296253
6360.019605220106
6326.972942593694
6341.007068634742
6269.309880353956
6145.103272828674
6071.279735499703
6078.459347784057
6124.639692742415
6037.4324660172515
6119.486213563355
6046.338281975015
6128.141970553243
6058.246067221892
6050.716019705533
6047.914161659726
5971.438905487806
5821.315400133849
5863.142815957763
5869.096701145151
5811.008587076146
5878.002565957763
5927.835391582392
5924.358056290898
5924.107789782867
5886.733267772159
5886.433091835217
5918.454146787626
5883.731249330755
5925.658878866747
5992.452609607376
5964.484228212374
5978.5183392326
5859.715491299821
5862.7675626115415
5842.003890838786
5811.708932555027
5763.627369348602
5762.55170389649
5646.600558372992
5682.198896490185
5694.732108268888
5674.2186384592505
5692.205444824509
5664.287187314098
5583.634181067817
5564.446554506246
5601.045726576443
5606.549345776324
5529.373654967282
5616.705985350982
5560.268940139797
5506.008342430101
5422.528534577633
5443.667367935753
5501.430314842356
5522.944453599048
5505.983377602617
5463.05530800119
5459.277825327186
5485.41998215348
5493.9004786585365
5456.450886377156
5487.671337596669
5544.533654223676
5423.128939173112
5360.187624182035
5353.8584558298635
5406.443004015467
5399.4884098750745
5425.855615407495
5442.716822278406
5389.206715422367
5441.541058298632
5448.07035856633
5502.380982227841
5492.599538741821
5455.800397679952
5462.829887343843
5477.189319601427
5513.713293054729
5524.920619125521
5533.426207317073
5594.566393590125
5583.08378866746
5603.747360722784
5676.19492102915
5717.572146267103
5747.141590422367
5789.29417556514
5796.724041344438
5703.362805547294
5560.544126635931
5614.354507807852
5616.906144779892
5576.7297774390245
5561.89492400357
5556.641533313504
5517.816100312314
5520.192685901249
5577.330220478882
5474.362660618679
5494.400875074361
5404.992220553242
5377.549136525878
5340.950171326591
5322.988491002379
5333.370234533016
5320.611859607377
5258.796315139798
5323.113579937537
5350.806639574658
5335.4715912403335
5389.882366820345
5435.487247620464
5414.698576293873
5414.323316998811
5446.31935574063
5492.699800490779
5518.391623810232
5546.434971445568
5541.031403554432
5623.285314991076
5693.606438726948
5671.016605071385
5692.280622769185
5684.675609012492
5775.260260113028
5787.818537923855
5852.561001338489
5873.624801457467
5959.155996951219
5990.426601725163
5974.591238845925
6052.892633254015
6031.278556811421
6060.747861466389
6134.571301011303
6053.918271044022
6059.972221371208
6028.751647605592
5918.604296624033
5971.338856856038
5941.844480071386
5971.163745017847
6078.909427424152
5942.54496133254
5827.219344883997
5858.53987343843
5914.826690585961
5851.935353584176
5889.835185008923
5899.241358863772
5920.6303796847105
5946.247211629982
5929.536164634146
5977.617672441998
5875.7508303837
5824.292114886972
5697.058692370612
5698.759795062462
5668.014628123141
5615.080046475313
5516.415241820345
5485.970207391434
5417.024913593099
5369.668821237359
5373.321187239738
5297.521378941106
5304.025612135633
5306.427119869126
5263.023682183224
5281.1105713117195
5324.864262641286
5254.593161362284
5275.982224048185
5236.931640541345
5214.516899390244
5279.959846222487
5246.012607376561
5310.279841612136
5263.849339604402
5259.521527885187
5285.038232525282
5301.173800118977
5301.298860202261
5326.465408462224
5415.098730220107
5487.871496653777
5390.207312239739
5481.692375892326
5454.59961310232
5436.788027736467
5320.561706052945
5287.640063429506
5240.984358715051
5306.377344660916
5392.934099048186
5370.1690637269485
5390.132168798334
5489.097162552052
5533.776534354552
5546.059658239144
5521.493483417608
5563.596051977989
5577.0549199881025
5578.530901397978
5514.0634704045215
5563.796204045211
5681.573600758477
5633.667172367638
5538.779928465199
5512.312627453896
5508.460126264129
5543.0829148572275
5558.418026472338
5490.62360574063
5564.572174821535
5468.8844007287325
5397.812776918501
5394.3604028108275
5376.573754089828
5353.908810678168
5449.046304580606
5449.97204773944
5515.415017697799
5572.677624330755
5585.31089284652
5524.696049895896
5524.045711035098
5580.607845925045
5591.815317370612
5707.491258105294
5645.3504246728135
5608.251057629387
5552.864765392624
5484.419900208209
5490.573980368828
5521.519224271267
5432.635850163592
5424.080102171327
5490.52377825699
5513.789063875669
5546.335498289708
5463.005749182034
5438.539606186793
5410.446159428911
5371.095264202855
5324.514650580012
5294.970237581796
5353.408552944676
5389.707329937537
5284.5633385633555
5235.030887418204
5237.982725609756
5268.802984830458
5262.148651621059
5331.819425342058
5300.298867712671
5307.903861838191
5255.894722189174
5360.538417534206
5377.849752751338
5350.957219660916
5341.851166418798
5325.940726279001
5322.638533908388
5290.66757599643
5386.0552900803095
5351.382515838786
5321.93825892326
5382.6779802944675
5433.111029892922
5301.599720999406
5406.518611763831
5300.298866225461
5280.360789485425
5302.075039857227
5375.273074657942
5317.159950996431
5330.2684973230225
5296.9716421772755
5223.77354312909
5277.834040898275
5270.704253494944
5361.288770597858
5375.498161064843
5458.227446088637
5413.848142995241
5352.658017102915
5260.122265020821
5264.024754015467
5305.051697427127
5265.800996356335
5289.916821311719
5324.764663816181
5348.205034875074
5429.908713786437
5454.825105368828
5491.424129982154
5514.839487135633
5541.0816428465205
5621.4593422813805
5681.423697724568
5687.027440660321
5634.518054506246
5632.216541344437
5697.559467355741
5802.703453970851
5776.586325550267
5814.511282569899
5865.469808670434
5854.2625178465205
5845.5318604253425
5836.926292534206
5758.574963117192
5767.906100014872
5734.709336035098
5800.152269259369
5839.603101873885
5789.370036808447
5873.625376338489
5793.672909577633
5841.479258030934
5939.243374033314
5949.024912700774
5973.415883848899
5988.85110261749
5988.275743604997
6088.066369869126
6107.35408915824
6058.27182146044
5979.144891061868
5963.909966835217
5960.382674895895
6042.961895077335
6130.5693821386085
6180.1519248215345
6211.9226780190365
6196.087333655562
6180.952332019631
6089.367271118382
6186.155744274242
6132.295429803688
6108.729854476502
6093.74499695122
6115.609392102915
6147.130100163593
6101.900421698394
6121.163082465794
6066.302104550862
6067.577908982748
6034.906436942296
6077.484332837596
6098.297931216538
6088.616438429506
6131.244321162998
6134.421516210589
6151.782946386079
6106.152916864961
6140.150235425342
6115.9343116448545
6210.671440139798
6331.5257810083285
6388.3630092950625
6228.983459250447
6234.512027067221
6215.79984815586
6174.873000297442
6258.02759674301
6357.467890838787
6360.4448468173705
6443.224103063653
6346.335592058298
6381.558635261749
6387.662578227246
6372.377524390244
6423.811301606188
6376.355137195122
6274.013015243902
6361.920706052945
6278.390869274242
6262.05507889649
6224.005188429506
6186.455589827484
6189.307400803093
6195.661583729923
6151.357496653777
6198.113218545509
6118.435807926829
6140.575386228436
6065.476142623438
6112.381930993457
6117.685280933968
6037.657794170137
6037.157394110648
6091.117975312314
6116.234508625818
6070.404395449137
6067.777700550268
6038.758629610351
6056.120006766806
6056.420189693635
5979.46958469661
5893.162836555622
6015.067974122547
6028.701895672219
5980.6204735276615
5923.432880800119
5958.50590481856
5986.249123289708
6007.938269482452
6017.369456945271
6026.575572798929
6000.608578747769
6001.5341908834025
6082.662513013087
6107.228688578227
6081.661711853064
6105.67745843248
6127.366673854848
6102.275240258775
6007.463009071981
6032.4544304729325
6113.032392623438
6031.1286032123735
5990.326738622844
6072.230542980369
6031.17856543724
6100.348906975015
6146.254120984533
6068.753380205235
5927.510677870316
5925.409308149911
5991.277601502082
5991.80286466389
6086.465001561571
6120.487322129685
6059.94755376264
6084.588625446163
6078.00928718025
6070.229238920286
6094.79542415229
6176.899355145746
6141.075876338489
6209.821016954194
6224.7308252528255
6142.151561942296
6199.639363399762
6040.384878346223
5943.771464753123
5929.236868010113
5822.692002379536
5778.588026621059
5760.5761868679365
5821.791377082093
5834.7247819750155
5890.6114324063055
5808.057243010113
5809.483237135633
5838.202199881023
5950.826123140988
6048.465219437835
6042.110985276621
6053.118208953004
6081.461810678167
6177.825193114219
6214.099071088637
6198.939022456871
6271.461652662106
6293.47611154075
6342.33319638608
6400.7714940511605
6353.290257212969
6376.205408462225
6365.323350014872
6417.5826349643075
6384.210746356336
6530.381738622843
6438.221239217727
6457.38381380131
6450.104002751339
6446.201527067222
6278.66644787329
6262.480831647828
6354.466268143961
6420.25943158834
6414.630628346223
6346.310777662106
6451.304740630577
6522.626562091016
6547.517864886972
6563.903635856633
6623.192572650209
6605.931107525282
6537.185963340274
6520.199822798929
6491.580915526472
6425.31248066627
6436.194638533611
6383.810107450922
6377.581014574658
6339.856248289709
6212.822848825103
6257.177011674598
6278.991326219512
6365.398177424152
6268.384536436645
6256.451622323022
6205.343020597859
6236.588507212969
6287.672121876859
6238.1145814247475
6350.263228286734
6366.548962299226
6446.101170508626
6331.25073958953
6340.982180547293
6354.766231632956
6375.129665526472
6427.36403866746
6414.1554363474115
6500.987343396787
6445.450914782867
6374.854535395598
6252.39923215348
6333.002118530636
6342.833581573468
6308.435908610946
6298.404332391434
6253.95020248364
6337.304965496728
6374.179324955384
6439.122025951814
6456.008007882213
6557.849982748365
6443.174731112433
6416.107000371801
6275.714888236169
6272.212647828674
6243.118476055919
6151.408234756098
6192.660343024985
6127.492518069602
6155.610991745984
6293.3764701070795
6277.79127818263
6233.862385187389
6258.878904223677
6248.396996653778
6305.234273051755
6263.106562760262
6229.234323765615
6218.827477766211
6115.584601576443
5994.630160693039
5992.653786734088
5910.675057926829
5905.396573914337
5934.040278480072
5877.653266210589
5786.018061942296
5861.942920062463
5882.456329714456
5870.823678316478
5860.591863920286
5757.599234309935
5770.057411287924
5738.836863622843
5745.816522828673
5721.3254609607375
5870.44836607674
5813.210833953004
5803.754674895895
5773.134532495538
5800.802731856038
5821.266164262344
5854.488016508031
5894.439182034504
5831.748051085663
5829.246391210589
5835.000176011303
5843.880924970256
5885.73339433373
6044.587654669839
5978.744416270077
6079.710640838786
6092.89435135336
6114.608603212373
6210.721661734086
6234.1870136079715
6169.119205978584
6177.349643738846
6218.426580309339
6255.550896192743
6171.14547620464
6237.338932183225
6219.827373438429
6142.376486540749
6082.987454119571
6095.245493010113
6133.9708891284945
6158.537003494944
6204.667259071981
6228.1826479773945
6223.454500817966
6122.688400059488
6079.635058447352
6106.852911139203
6124.68963087448
6133.770581499108
6044.611931142177
5976.717323170732
5979.919500669244
6052.46717266508
5956.053883774539
6006.837258254015
6036.681902439024
5961.632684265319
5903.1943309042235
5831.797483863772
5680.172904595479
5707.615955011898
5679.597599271267
5781.239336629982
5848.7086855294465
5793.897748661511
5827.4197190660325
5915.377496430696
5928.836247397382
5953.877775059488
5918.304449211779
5878.027999702558
5905.796241522903
5953.402547442
6014.892987953599
6016.79421720702
5969.863395672219
5928.986590199286
5893.3882011451515
5833.123560008924
5822.241428390839
5800.377166939322
5745.315940437239
5720.924874479477
5632.767004164189
5643.824222040452
5604.898633402737
5562.7209289113625
5587.136983491969
5598.919779446758
5513.788871728138
5502.006175788221
5508.010162700773
5380.601419244496
5374.172288816181
5363.064960440214
5422.729161585366
5349.405910544319
5374.4223647382505
5424.155050862582
5385.52970240928
5359.687756618085
5450.92265920583
5471.035961555622
5419.477102245687
5488.372288816181
5522.844881246282
5544.559183224271
5553.01470679655
5441.216360276621
5344.102728955979
5248.815170062463
5252.742633402737
5126.960094512195
5098.116101130279
5148.449135707912
5152.301648126116
5111.624978955979
5144.821735797144
5151.451013607971
5181.720892549078
5289.941889128494
5280.635802498513
5213.241625
5236.231760038668
5310.030211109459
5295.3205394110655
5237.857873512789
5240.934901249257
5286.214591017251
5282.2369284651995
5278.784624479476
5310.530367415229
5223.17309086853
5220.771473378941
5198.1816410618685
5074.150197724569
5072.7243001933375
5097.265287403331
5180.594949063057
5230.752791418799
5215.442742266508
5267.2516008328375
5363.639907644259
5355.28435113028
5386.529770300416
5422.553520672219
5450.396724345627
5426.656132138608
5396.186061570494
5451.922657123736
5438.313720999405
5364.640246802498
5414.447997174301
5452.27282577335
5422.378179060083
5375.197200029744
5466.181955829863
5373.771308893515
5328.791808819155
5280.4850682629385
5251.966415229031
5261.397559934562
5258.845940362879
5116.077317296252
5087.983843991672
5082.855410395598
5120.605160172516
5141.944108715051
5141.14367853956
5126.784204417014
5094.26283045806
5150.749922293278
5120.930340273647
5149.999429431886
5119.429305324212
5144.020450178466
5183.571354922666
5283.0617375817965
5236.8815299672815
5178.293042831649
5269.12757294765
5365.215671624032
5343.301287105889
5368.317602914931
5332.8693051011305
5248.638940957763
5227.650219214754
5208.512656454491
5212.2902036734085
5213.115620687091
5252.016159428911
5227.550094066032
5181.5699419988105
5226.349330011897
5232.503370761451
5211.8649196163
5228.050507956574
5168.761656305771
5145.521423111244
5168.711609533017
5169.011786957169
5211.814833953004
5147.472571088638
5122.856452037478
5155.377915600833
5164.283738474122
5084.981633402736
5010.733027439024
4984.190702632362
4958.698970701963
4936.959814173111
5008.25659823022
4993.84709815586
4969.230957465795
4999.250732748364
4921.099313206425
4870.516122471743
4751.763226873884
4785.485398944081
4788.362220404521
4781.782995835812
4788.262308670434
4779.706789113622
4751.113034949435
4699.229043723974
4692.374561570494
4728.398176085663
4793.565912775134
4806.999671549673
4796.142570270673
4808.250513905414
4779.506598676383
4770.275615481855
4775.929228435455
4832.466306885783
4871.46684079417
4901.886910469959
4985.867019482451
5012.909760336109
5037.10052074658
5002.1525594140385
4998.024876041047
4993.196740704938
5027.5943598304575
5005.504878197501
4999.100589009518
5007.356088860796
4896.058036659726
4820.35837797442
4806.274158016062
4808.675783090423
4797.943676903629
4779.781884443783
4746.059770374777
4796.19266969066
4763.295983120167
4823.110324211779
4857.032669393218
4903.312973453301
4890.204319973231
5008.707164485425
4957.198371207614
4977.21141069304
4908.291287998215
4837.019516210588
4943.139056290899
4953.645930621654
4922.85068143962
4946.616255800119
4899.260152290303
4850.202919318857
4877.5957704491375
4929.930133402737
4931.881438950029
4918.77281402439
4913.594458655562
4932.98222613028
4945.365319006544
4981.889315214158
4971.8077621951215
4943.414127007733
4948.117167980369
4981.26390489292
4889.353608194527
4922.52534971743
4931.38116820345
4968.480572055324
5036.9505645449135
4996.1988661511
4977.861777959548
4957.573521267103
5019.13890623141
5021.390419541939
5115.151936049971
5056.5635591165965
5039.727454119572
5071.72340028257
5248.33939730815
5224.8989882510405
5141.919497397383
5171.238724419988
5214.542091537775
5192.452664411065
5198.331601502082
5222.597562165378
5166.685852468769
5155.5536356335515
5236.68184971743
5270.929362358715
5264.725297813801
5334.221095330161
5319.336345255801
5318.135536064842
5355.760238622844
5342.301361838192
5363.315195791196
5352.583194601428
5294.194866448543
5355.535125966687
5407.444165303391
5444.068231261153
5297.29695084771
5228.1265879684715
5245.538137492564
5319.861905190362
5299.523577111839
5413.423356484235
5472.662225907198
5528.073515392623
5570.551354848304
5570.226171698394
5572.102354997025
5623.611118530636
5573.928471817371
5576.305058744795
5450.29725304878
5491.5493464455685
5499.354560678167
5448.596214678763
5394.760943783462
5316.434525133849
5382.102661882808
5332.970529223677
5280.185939098751
5344.8534718173705
5395.686922441999
5428.7087051606195
5385.680495687091
5322.589031454491
5333.821421252231
5304.827348973825
5277.08416084176
5255.069651323617
5270.529850163593
5304.1520449137415
5227.076517325996
5245.263459994052
5198.707925936943
5238.559123066628
5204.836987061272
5251.317475014872
5283.938928242118
5312.73287648721
5293.745426457466
5193.054263905414
5183.447972932778
5182.072103361094
5369.895399167162
5436.589078970851
5402.691797070197
5388.607631841166
5381.027696832243
5395.562316180844
5475.364705458061
5416.951373810232
5381.152957019631
5454.951415898275
5425.331919393218
5387.882277290303
5499.40546869423
5582.5100034205825
5521.74516530339
5477.416096148127
5507.385807926829
5523.84661756395
5568.350885113028
5581.959876189768
5599.271285023796
5590.940812165378
5607.276552275431
5525.9232317073165
5489.174149687686
5509.1371905859605
5449.923401249256
5415.675877602617
5464.658008551458
5488.148323691255
5471.4372764723375
5421.629474196907
5437.740128866746
5446.470917906009
5485.221358640691
5485.896824211779
5477.316190734682
5560.946167980369
5566.24959220702
5460.129939693635
5362.941139425937
5395.837799598453
5209.915691627008
5185.174411585365
5313.133321757883
5330.61972471743
5345.654593545509
5332.120679803688
5276.309048929209
5200.259071832243
5293.420264128495
5317.811247843546
5348.8065327186205
5304.302355963712
5279.93631707317
5286.490590348007
5348.156058447353
5348.3060980815
5346.304843619869
5323.765005800119
5348.681242117787
5356.5114605145745
5490.4995088488995
5509.937176754908
5534.027936496133
5538.781110945865
5556.292566850089
5556.16746571981
5600.771745910172
5681.7248164039265
5666.114588414634
5632.117297293277
5623.811903480071
5730.632075104104
5640.047603584176
5669.992286511006
5695.058685306365
5734.384498587151
5600.6216249256395
5512.738908313504
5470.586136228436
5428.683754089828
5455.226165303391
5527.723662849495
5584.185719883998
5520.168668352171
5524.396426160023
5519.192893069601
5487.747212447947
5433.21142861392
5473.8380595627605
5565.072936570494
5558.968906603212
5585.736526323617
5612.854344214753
5564.497509964307
5547.986699211779
5496.427909726353
5501.856480145747
5404.692680696015
5425.2811381618085
5479.891999553836
5440.866353286734
5405.017790080309
5478.115860797145
5453.249537180251
5400.9151938578225
5361.089029446758
5228.5769986615105
5237.482884741225
5226.675826516955
5328.592718396787
5268.853476873885
5332.1199968024985
5339.349680993456
5481.117780933968
5542.6081395002975
5475.063830160619
5425.256124553837
5502.781946757882
5498.403983789411
5509.060989143367
5516.365674524092
5463.180778926234
5435.812710812016
5511.187133625818
5503.757269036288
5585.736148497917
5630.115239143367
5665.238312239738
5705.239580011898
5535.728302201071
5556.592040749553
5574.178618233194
5617.707124702558
5704.839324137418
5685.3765423111245
5794.3230832094
5765.053860574063
5785.042061570493
5740.187568932183
5706.11509518144
5732.482310083284
5766.004133254016
5773.259001784652
5822.516386228435
5751.944974122546
5802.077910098156
5880.779602171327
5923.657803762641
6009.664147010708
6115.133379684711
6024.423865035693
6055.819360425342
5972.839903405711
5919.379871876859
5920.455613697204
5812.559717801903
5840.127899836407
5914.526733789411
5895.864471073765
5638.195344809637
5632.191379089827
5566.223078004164
5669.21566366746
5532.951217132659
5602.42180049078
5604.84833335812
5618.15717556514
5557.792606186793
5520.368139797739
5561.920511823319
5535.628233045806
5449.996997620464
5539.480724419988
5673.368547070197
5658.2336568262945
5666.439118604997
5663.86234235574
5661.460732599643
5750.919461406901
5749.693635707912
5792.071523051755
5865.419687537181
5805.255099791791
5912.600539782868
5892.137082168352
5873.649928019036
5812.960017697799
5830.746667459845
5805.179910395598
5734.908774836407
5717.34718017549
5688.3530623141
5638.220119199881
5607.324946609161
5589.863518292684
5621.459273349197
5625.56191069304
5690.629525133849
5662.8863185603805
5676.795561719215
5609.051055919096
5607.950421400952
5603.047176383105
5585.160380056514
5504.20732740928
5531.124984979179
5561.770048780488
5704.863926234384
5729.630103063652
5675.744754907793
5747.166611317668
5789.669608194527
5686.126592578822
5721.124513013087
5664.111991522903
5672.567595627603
5708.741305919096
5788.41864730815
5783.065125297442
5824.217141061868
5892.261888607972
5836.90058030934
5794.222664634146
5895.689348527662
5845.156200624629
5906.221272977394
5821.665767325996
5846.8072149018435
5842.204182183224
5873.6498734384295
5880.754524910767
5788.418974791791
5763.1773252528255
5827.394466240333
5849.408942519333
5826.994250966686
5938.892829119572
5956.604413593099
6025.2244451963115
6062.899176457466
6039.2586835217135
5988.300111838192
6070.654124628198
6160.212837819749
6105.977115481856
6107.303026174895
6110.98039730815
6016.793502602618
5955.328141433671
5910.498713860798
5953.352001041047
5899.491524985128
5956.779065065437
6036.831643441404
6037.98250148721
6072.0047714158245
6050.540592430101
6122.162705234979
6226.481127676979
6230.083524167163
6170.669439693635
6201.439701442594
6259.978265020821
6354.215109086853
6310.036221445568
6213.873192593694
6271.586050936942
6362.095500446163
6357.0672755800115
6267.083128792386
6242.692005056514
6259.753096891731
6225.180432555027
6208.744722412254
6162.739482450922
6092.543389797739
6035.906280041641
6085.964125743605
6119.160863474122
6173.021199881023
6219.952017028555
6171.045081573468
6145.203163370017
6147.754877453896
6205.3176014277215
6166.116832986318
6226.106206870911
6282.693301680548
6331.525365258774
6314.78941515467
6331.750607897085
6306.333992712671
6394.91707146044
6350.838067519334
6375.27913399762
6418.557440957763
6427.813545359905
6434.567989292089
6426.137495612731
6315.489889054134
6346.159994422962
6441.997817296252
6492.230796624033
6519.273559934563
6570.757455606781
6755.478745612731
6722.20684823022
6633.323574806663
6616.687649613325
6601.527713488995
6570.107130651398
6507.140705383701
6570.282079640095
6529.255137269482
6466.313764574657
6408.275647828674
6330.8250116745985
6331.575554060083
6352.6393861540755
6366.323287477692
6447.926805770374
6474.919487656157
6461.285472263534
6497.284162700773
6421.884566478287
6416.731210886377
6467.589613845926
6424.261236763832
6463.937212150506
6390.488972858418
6459.95941656752
6481.173406826294
6553.796142028554
6590.920520746579
6567.054843322428
6590.220025059489
6630.171282644259
6584.241106632956
6554.571630353956
6420.9088689768
6384.559983640691
6396.868088488995
6429.389448468173
6624.192296772755
6720.355469363475
6805.586389574658
6965.416321014277
6949.831102691849
6892.693456870909
6808.137953078524
6764.434283536585
6688.434288221297
6661.766816403927
6669.671924003569
6711.849685083284
6741.5940944378335
6735.415148721
6598.100023869721
6599.125731112433
6612.509554654967
6670.672730591909
6554.971712076145
6521.699893664485
6527.528686570494
6492.930933224272
6531.181065065437
6507.590543500892
6515.470690585961
6586.417364738251
6651.760365928019
6664.368707688876
6576.661088712076
6477.621110871505
6387.136691850089
6468.715302275431
6539.511703152885
6504.438652439025
6528.3544112879235
6582.790191478286
6532.382128494944
6518.422948616895
6527.854072575848
6489.929194601427
6499.410473973825
6448.777268515765
6495.207813578228
6412.10319199881
6509.642200475908
6588.644158239144
6548.492754535991
6587.493476427722
6650.309712001784
6512.49416954194
6498.109850535397
6486.72735715348
6487.502876859012
6484.726105814992
6381.808563503867
6332.501199063057
6361.9704971743
6410.902722412255
6390.289173259964
6500.486606335515
6504.789390615704
6589.84521713266
6581.2145636525875
6481.799231261154
6622.266542757287
6790.50200014872
6782.872064842356
6778.9195012641285
6840.960190065438
6847.53935120464
6862.799373140987
6824.274277067222
6626.944768664485
6668.997419913742
6681.655633700178
6681.605642549078
6648.734002379536
6569.432006841166
6538.961921326591
6590.771023274837
6606.006024910767
6634.799974196907
6744.797218991672
6654.46296586853
6682.8316358566335
6763.284490704937
6686.258840199286
6672.299576442593
6672.574816478287
6735.966385187388
6846.338787998215
6885.739631618085
6958.037076516955
6884.238601799523
6929.718450773348
6812.591454119572
6712.550742192147
6747.323631469363
6695.514621653777
6746.498103955979
6756.154495240928
6676.477157123736
6684.107148869722
6614.11113243605
6559.175020300417
6651.210388831053
6598.851025951814
6529.805654298038
6512.269091983938
6499.835915898275
6506.965642102915
6570.807584919691
6533.583160395598
6527.554183819155
6542.038613845925
6495.683203227246
6485.951818783462
6401.171135187389
6368.874869497323
6454.831300416419
6595.548615481856
6650.609647828674
6693.212609830457
6682.655708953004
6680.2042191403925
6592.721811793575
6660.791481112434
6625.91853413147
6546.59146579417
6498.8851667906
6415.33037046401
6365.322599940511
6223.904748735871
6357.0421181588345
6307.509576442593
6282.818375669244
6283.368798259964
6241.266207019631
6266.582874479476
6292.399790377752
6386.011276397978
6378.931569080904
6427.188156677574
6401.696441552647
6341.381859830459
6177.549396490184
6185.229407495538
6178.199684562761
6203.7415
6186.355010187388
6085.113621281976
6131.91934815586
6255.8005865556215
6322.64449256395
6383.809579417014
6379.806829937537
6440.19640786734
6380.107010113028
6411.952936719214
6405.873920657347
6478.746695121952
6479.49727223379
6510.0672582540155
6467.564336853064
6430.439953078524
6452.80453130577
6311.962052424152
6311.911936273052
6289.322102989292
6277.264146861987
6242.241187165378
6158.961568857823
6019.269781677573
5929.010457986317
5936.09010856633
5857.288294467578
5867.34480510113
5797.77408774539
5751.768875966686
5705.413470330161
5674.242949137419
5669.564839381321
5667.288257882214
5692.654905859607
5714.769422516359
5810.507240556217
5807.78056253718
5814.434931588341
5871.747488697204
5828.719218917311
5849.432768738846
5781.888414857228
5710.966956945271
5767.228879759072
5752.869449211778
5758.998414708507
5689.352734086853
5817.436821237358
5792.945668352171
5804.228083209398
5743.888427944676
5771.556548780488
5774.658699881023
5832.947006469364
5807.40524107674
5796.8983024241525
5784.239938578227
5754.220269779893
5742.137208804283
5750.892960960738
5704.162204714456
5688.602104253421
5655.980748587151
5601.895408610945
5637.043576963117
5655.680853658536
5753.870280710887
5777.4608861540755
5670.065445196312
5662.6356657495535
5653.704738176681
5633.041179208804
5643.12283030934
5690.2036754907795
5756.021957763236
5797.57424561273
5869.521442891136
5948.598499033314
5920.304825327186
5864.1679898869725
5912.624887269483
5912.62479320345
5814.635578375967
5769.180787403331
5724.526459250445
5772.8832305919095
5846.456526621059
5861.116146044022
5828.369644928614
5885.98252818263
5874.474904669839
5886.282709027365
5902.54335864069
5958.505029967282
6056.2693427275435
5990.326051011302
6016.41814433373
6066.275883625818
6044.936896341464
6033.704520151696
5901.442739515169
5932.863380130874
5897.515083581202
5931.687465050565
5890.410439247471
5864.493482674004
5776.7360088488995
5791.4706822575845
5708.69141218025
5729.429937685901
5705.514278554431
5649.502571014277
5780.963857153481
5874.7504768738845
5879.878878346222
5924.383138310529
5935.740603732897
5930.262161064842
5903.469564619274
5948.899352022606
5942.770368902438
5870.147649464605
5920.730855889352
6021.346969066032
6088.0657714901845
6074.331677870316
6007.887968842951
6090.166958358121
6161.01342705235
6042.710787775134
6009.58907577335
6022.297354699584
6031.8286326591315
5943.170380353956
5931.412590050565
5927.860408536586
5883.75650892326
5840.102866002379
5792.271488845925
5797.900238994646
5773.6342968471145
5840.903449137419
5806.605899241523
5872.324104922664
5870.09764730815
5837.1008972337895
5838.101554134444
5892.612288146936
5940.418719586556
5934.564920508626
5937.066561719215
5938.267455532421
5859.115421549673
5819.139112135634
5863.493304803687
5809.532844809637
5846.9073295657345
5857.364153703153
5821.7158340273645
5820.2398498661505
5693.781882361689
5676.72064582094
5728.029423259964
5832.372954268292
5789.194647085069
5727.153920508626
5810.658683670434
5740.787814916716
5656.132204491374
5742.46393895003
5815.78709815586
5790.745620240928
5734.683765392623
5678.621948691255
5609.7017551308745
5502.806549449732
5527.072381692445
5442.917044393219
5483.543771341463
5573.50285559191
5669.315762566925
5709.492190660321
5723.101060678167
5706.365136154075
5625.6621260410475
5614.054461109459
5635.468632064247
5628.48901784652
5623.785981707318
5645.600335068411
5733.307890466984
5793.922650059489
5767.705496579417
5827.419784800713
5885.632999479477
5851.035270077336
5942.3200892325995
5838.101767400357
5872.374300267697
5815.8872462819745
5718.9735214158245
5703.638444527067
5707.090651918501
5782.489988771565
5782.31494192445
5809.908059785842
5849.934289113623
5821.015261302796
5899.591807703748
5871.223174449732
5869.82224858715
5798.175247620464
5802.928420062463
5859.165303465199
5913.050780413444
5896.71498371505
6000.683205532421
5989.826090124926
5940.89397018144
5876.676683967877
5802.402877156454
5849.408692073171
5831.9971352617495
5841.053233938132
5915.627262046401
5953.952405933968
5952.101179729328
6016.368415303391
5997.706165972636
6003.434971445568
5895.964476873884
5857.614300565139
5917.428593322427
5949.549588488994
6073.4559494348605
6046.563287923855
6067.577128197501
6097.94701331053
6024.798934785842
6077.383494199881
5938.642436793575
5926.109273497918
5966.810983417608
5969.3876577929805
6007.387479922665
5994.979329342653
5974.490838265913
6049.565146192742
6103.725821162999
6139.199111317667
6096.120832911957
5988.375044170137
6022.722515987508
6064.324808819156
6138.473544765021
6087.840362730518
6015.36770984533
6046.738395226056
6043.035953450328
6012.240786957168
6037.457226279001
6102.775136972041
6203.015948691255
6183.202979402142
6196.2115669244495
6142.7014640095185
6057.320448765616
6159.112288890541
6042.385662626412
6049.665285172516
6038.632983789412
5915.127003346222
6030.127438726949
6003.785171847115
6006.837245687091
5958.655631841166
5927.335027439024
5957.705024613326
5920.955893441404
5953.0268545508625
6011.915537849494
6083.862731632957
6110.079922962522
6019.045134964307
6021.521831127306
6064.2749196162995
6106.477606038073
6131.994314247472
6095.145259443783
6181.4768733640685
6171.245090571088
6090.492125
6127.866592653182
6100.898852914932
6083.762494571683
5938.166944080904
5939.267582540155
5872.924138459251
5893.162333804284
5899.191197352767
5960.7566287923855
5908.172054580607
5864.093055993456
5998.206040377751
5993.3028697204045
5820.464482674003
5809.70740615705
5731.080860722785
5757.498115704937
5742.763421326592
5778.3617795211185
5756.597431142177
5754.320954565735
5765.002915452113
5755.99697174301
5765.703237656157
5733.682218471148
5693.505843545509
5671.366333432481
5756.447091537775
5712.5682537180255
5778.336384295063
5754.320598750744
5660.784230889351
5614.679051011302
5597.142614886972
5551.987934042237
5555.515207465794
5548.810769036288
5532.0498030190365
5510.135441180844
5389.93151197204
5443.841820196311
5455.574563429506
5433.860335812016
5495.650896861987
5558.942471148126
5688.702714009519
5589.837787403332
5656.006191850089
5721.374071757883
5610.701459101725
5543.0070212671035
5531.674433298632
5592.539325698988
5539.92987343843
5479.064971891731
5431.984195791196
5493.124353063653
5424.179097932778
5495.200664782867
5476.538454268292
5471.885396564546
5518.9662668054725
5434.5859034800715
5383.527363845925
5449.420618456275
5416.098695047591
5437.287588637715
5407.543040154669
5377.948702855443
5431.308712001784
5479.7905225312315
5458.10128732897
5489.021514128494
5522.793656008328
5547.0594628197505
5502.205019631172
5459.251903405711
5479.990460960737
5506.507935380726
5533.000302721594
5565.071338117192
5481.116195939917
5450.896398051755
5515.2136589083875
5424.829370910173
5425.7549757584775
5437.062413816181
5468.207889500297
5521.968064767996
5591.86397323022
5576.378833729923
5581.507209399167
5656.5814689916715
5670.7157291047
5732.43125453599
5729.454296177871
5724.100763161809
5825.4922920880435
5946.271533164782
5853.935919988103
5839.676647754313
5813.109174598453
5821.539692668055
5822.715348453302
5730.2295588191555
5709.8662915675195
5689.102588860797
5786.366583878644
5764.97753732897
5813.934664782868
5852.73503420583
5787.467208060678
5761.425079417013
5715.294765987507
5745.514640913147
5777.71080807555
5822.665285098156
5799.675214753122
5834.87325014872
5804.4532057555025
5870.571590050565
5761.800186347412
5782.939035990482
5744.113617935753
5752.919353138013
5683.874031603213
5635.4673277810825
5584.959010930993
5560.417908239143
5552.662709473527
5562.269101725164
5437.812397605592
5451.071058819156
5538.203245315289
5592.839043947055
5596.641576442594
5557.26581692445
5610.450678019036
5583.958288518739
5559.717439470553
5508.2336293872695
5540.054536064843
5510.259983863772
5587.160443262939
5585.709472412254
5590.762667088043
5619.181399018441
5624.034573245092
5590.237465199286
5571.925426606187
5606.373161734086
5638.869517623439
5589.637189693634
5520.817034949435
5517.164713340273
5445.1424196163
5502.6552023349195
5488.345744794765
5510.935584324807
5450.74618307555
5427.255694675788
5416.198429060083
5465.10546876859
5545.833469809637
5509.584641136228
5584.258605071386
5593.5897351279
5524.16915028257
5553.188168500892
5555.814917088043
5505.156667236764
5562.694447873289
5557.816323468173
5555.014514128495
5468.35769341166
5517.6150651397975
5458.40127981856
5464.530305101131
5492.49845687091
5535.72684086853
5482.992223527663
5453.047605071386
5545.433215348007
5613.703040823914
5682.3231436644855
5675.19336912552
5661.15910261749
5669.08933030934
5666.862835514575
5632.515347114812
5664.811477840572
5661.8596427721595
5767.47895233492
5853.235212522308
5766.603480145747
5783.539500520524
5830.695409726353
5745.114352468769
5746.8906357822725
5814.635140615705
5825.81738541047
5838.375726279
5899.490868902439
6026.174118084474
6026.799440809042
6015.992338637716
6006.461069750148
5995.5288905413445
6081.7605459547885
6072.429553762641
6106.827208135039
6098.121382956573
5980.9194536734085
5932.387671400952
5870.847286213563
5758.723630130875
5820.839476948245
5902.793299375372
5883.40554171624
5932.6128001933375
5884.581238176681
5970.837811570494
6007.71199695122
5991.751586406901
5969.111706127304
6011.864813429506
6044.060929431886
5998.756201963117
5972.538910841761
5993.427690734682
6132.694193709102
6231.083758179655
6182.151698839976
6109.829176457465
6157.560466463415
6140.349182778108
6188.505895969661
6085.238013607972
6127.640902364664
6007.1868092653185
5908.171820047592
5883.255374033313
5913.149924077929
6009.613220999405
5988.824570791196
5966.259762492564
5954.301955755503
5926.458688652588
5989.625150431291
6108.178003569304
6147.378684190958
6080.709916567519
6050.740248364069
6070.1029038518745
6108.7282711183825
6070.152919913741
6004.93508789411
5996.4794680993455
5980.443938206425
5998.705866894706
6051.1151255948835
6127.415310008923
6193.708855443188
6162.413356781677
6197.536362730518
6238.563247397383
6244.417076665675
6247.41909079417
6235.811501784652
6278.389417385485
6317.440042088043
6274.386800118977
6254.648827260559
6195.460053837002
6193.133586481261
6283.292743381916
6271.835230071386
6334.5763766359305
6302.380209250447
6247.444175416419
6201.564077558001
6209.1691275282565
6076.3069856484235
6033.478921326591
6033.804102171327
6029.5013754461625
6132.568920880429
6128.065963637716
6104.3504370166565
6112.505847635336
6122.212147828674
6188.055421847114
6146.12786154075
6185.27867251636
6135.220884295062
6196.0108051754905
6243.867291939321
6240.014727096966
6190.282107748364
6162.914048185604
6198.412371430696
6307.158663370017
6283.4180316032125
6266.206822724568
6345.458749553837
6399.219063652588
6410.426461853064
6394.240799003569
6443.498116299822
6377.529736838192
6385.935306737062
6393.8155968173705
6384.7096189768
6323.669478138013
6301.004647233789
6243.466843322427
6168.892936496133
6220.977141582392
6185.003602171327
6133.669998364068
6038.857856038073
5940.3182189916715
5905.620445493753
5984.7724460886375
5970.112789113623
5996.605154967281
5851.810121058894
5802.002364738251
5772.3328773795365
5798.4750361392025
5772.933323765616
5764.92805800119
5732.581844140393
5826.143235797145
5857.238576070792
5912.424760484831
5815.386013756692
5835.524222337895
5878.4774668352175
5870.69743002677
5974.915805919096
5948.898680993457
6018.094238771564
6133.59504156752
6065.92557740928
6085.538435232005
6015.942668798334
6059.5462517102915
6037.306661511006
5990.776187983343
6021.346183298631
6011.764791344438
6024.373121430695
6074.981453301607
6170.744361317668
6219.126100832837
6329.673624405116
6370.75053123141
6360.593854402142
6252.222720404521
6236.662509889947
6271.4103730666275
6246.5691270820935
6221.7778987209995
6226.40598668947
6289.472341537775
6363.746189767995
6455.156156008327
6532.00646125818
6523.1755952558
6471.766957168353
6408.650349048185
6392.5649048185605
6337.428732153479
6292.074002825699
6345.559046624033
6372.7519468322425
6495.382425862582
6545.4403650356935
6445.274630502677
6445.424774836407
6523.676183967877
6696.014302349791
6734.814795954789
6768.386897754313
6896.470943262938
6915.758551383105
6985.529214083878
7070.860167980369
7042.141265987507
7045.043213414635
6972.52068902439
6912.25622323022
6941.375236243308
6978.299592578822
6907.353079193932
6925.2649244497325
6884.938396192742
6852.1418633254025
6785.2478843694225
6812.190608343249
6686.032826814396
6658.114410246877
6600.451563280785
6645.255856261154
6614.335662923855
6533.907855443188
6552.294980071386
6606.9059111392025
6625.393075922069
6683.581273126115
6623.8420744348605
6633.998737135634
6610.483280785247
6616.337137120761
6522.125114440809
6538.060470627603
6609.8826360053545
6600.351292980369
6676.025972040453
6672.423679580606
6596.473775654373
6508.315861317668
6452.254063950029
6422.659710960738
6447.000621579417
6376.004016656752
6285.494581722189
6276.588579937537
6232.63475587448
6241.390510707912
6261.378658536585
6332.075105071386
6250.221360499702
6321.593142102915
6269.383777141582
6227.781445121951
6127.1154685455085
6174.47150141285
6177.973798631767
6072.0542520820945
6104.900782346817
6117.458966686496
6175.972378792385
6164.464790898274
6105.426073839976
6075.7064667608565
6015.416899985128
6036.805997248662
6064.274029000595
6090.466245315289
6155.23367407793
6111.179703078526
6197.486328524687
6115.732563057704
6149.805000817965
6033.153315214158
5983.020429506247
5939.316742563949
5891.560399985128
5859.914604773944
5851.759270151695
5783.539531305771
5857.437861763831
5872.647812239738
5833.647189173112
5838.625508700178
5913.274630279596
5838.200304878049
5783.03914730815
5804.177974643069
5753.319562388459
5824.516258551457
5839.175973304581
5868.094949657942
5792.920723007139
5775.659409949435
5822.115008105295
5879.77784830458
5849.332839083879
5806.754887269482
5798.974727394409
5813.334248884592
5760.024258179656
5669.039502825699
5650.852560752529
5655.030388161808
5702.086208506841
5656.881531751933
5650.202274836407
5662.985593768591
5716.595780562165
5791.194864738251
5834.373213117193
5836.074213637716
5888.183500817966
5882.804868010113
5875.174703375967
5819.738383700178
5903.918582317073
5892.636256618084
5933.863374479477
5925.432832614515
5983.070690139797
5871.3474405116
5943.419801234384
5957.2288830309335
5892.536377379536
5841.702957242713
5818.887929729328
5852.384790303391
5872.798221371208
5954.80209964307
6022.346542980368
6076.782279298037
6142.07527386972
6110.25444646044
6102.87467415229
6180.100322129685
6273.33664433373
6308.584857153481
6242.916787626413
6248.695541195717
6252.598023200476
6259.052242415229
6221.627717132659
6238.538875817966
6206.19264143367
6228.732467058298
6246.319058744794
6268.00835105592
6287.671340496728
6257.776667682927
6330.17405197799
6345.35902528257
6355.690784949435
6310.260984681737
6225.029986020226
6252.92328718025
6190.432366820345
6131.293505353956
6083.9624283164785
6039.958516508032
6015.617500148721
6031.652995612731
6004.710396341464
6062.047955755503
6088.590484681737
6095.244965496729
6149.680712224866
6199.663484533016
6248.970678167757
6276.238602245688
6302.705974419988
6356.040879907793
6294.175297070196
6367.073132807853
6251.622436942296
6275.613149018442
6228.782524315883
6154.783877900059
6084.2875708655565
6103.074799821535
6075.731930919096
6028.726126264129
6030.802476948245
6015.017162775134
6003.609620835812
6084.437708655562
6192.658749702558
6195.710835514575
6168.793129015467
6190.982690660321
6182.627174003569
6127.541086555622
6102.1993944080905
6156.710160321238
6089.290793723973
6070.803658164783
6129.567239738251
6130.868010336109
6178.599428837002
6168.993093173706
6164.7653161064845
6195.810687239738
6132.644249553837
6115.282863622843
6151.406717430101
6270.60989745687
6248.6955102617485
6236.037133105295
6247.219457391434
6215.098390764426
6240.214888979774
6229.783094289113
6252.072601948245
6241.365498810232
6352.688586183819
6314.713708878644
6277.214049672813
6219.025848825105
6234.060829863177
6193.259051531826
6188.380796847115
6247.469680324211
6327.247011600239
6273.411766284949
6253.023382064248
6249.446016284949
6133.169616002379
6097.145900580012
6075.356640020821
6183.252397456871
6151.831805844735
6082.286270746579
6063.774117787031
6059.096087447948
6102.574728212373
6091.817627082094
6151.631990556216
6106.652419616299
6084.787951368233
6065.400256841166
6012.165323393813
5932.813159503272
5938.717025580012
5873.574289411065
5940.843540303391
6001.933547739441
6086.964436198691
6143.051158090422
6104.225654149316
6098.071563875669
6040.859008774539
5965.409410767401
5941.143582317073
5964.65900751041
5967.56094036288
6043.861073468173
6008.037616225461
6030.752589083879
6077.233125743605
6111.530651472338
6155.9598172962515
6196.286331276026
6303.606875743605
6256.92618604997
6249.046033239143
6169.4687758774535
6092.89341366746
6140.124263013087
6198.087288146937
6239.139253048781
6235.762000297442
6236.462406900655
6359.493187834622
6445.774801308745
6502.862214381321
6532.131431216538
6461.484950550268
6590.469641433671
6637.425533016062
6654.161444080904
6578.536792311124
6433.116407049375
6390.138139500297
6502.586866597263
6453.054295285544
6433.616523051755
6453.929934785842
6386.585819006544
6339.7050905710885
6298.002707688876
6403.7472360202255
6459.533788964902
6334.601778405711
6358.717564991077
6390.563452186198
6343.357534577633
6324.345047218918
6288.346470925044
6150.581026174896
6229.7580060975615
6257.025784131469
6379.65625
6406.698998364069
6468.764718248066
6530.455254610351
6347.209988548483
6366.422597412255
6377.830067296252
6264.780977245687
6229.207582540154
6236.2872819750155
6173.546153628793
6177.748907123736
6123.863440065437
6073.780457391434
6219.551104253421
6225.329913444379
6138.047624628197
6115.357841165973
6061.3223393813205
6054.31768902439
6040.6587354253425
6046.762819229625
6040.608860574063
6024.048096371208
6075.331777067222
6138.473120315289
6104.0755566627
6096.345411734087
6167.767262046402
6163.2142003271865
6135.92128123141
6158.911369348602
6230.383359012492
6179.099700475907
6198.887759295062
6297.302423929209
6282.067569006544
6407.39979469066
6385.685553316478
6436.819089678762
6546.090802424153
6460.184422218917
6424.460919095777
6403.397008328377
6351.513007807852
6313.062618604998
6243.266723378942
6177.873747323022
5965.959685455086
5988.074232004759
5949.323782792981
6009.313146490185
5948.773537626414
5889.584708953003
5830.721075698989
5863.417514797739
5807.605896713266
5813.309614143367
5780.312955904224
5786.7421333283755
5743.588929431886
5743.438872694825
5632.891353509815
5582.508169913742
5691.229492117787
5700.5605828375965
5651.978696906603
5534.876841835217
5594.2658854848305
5534.826787328971
5601.070201740036
5599.844344066032
5548.085481186794
5579.481188652588
5595.641757138608
5531.2996462671035
5545.8091547442
5547.610449063058
5547.510355294467
5641.046866225461
5584.33458633254
5556.816635559191
5534.90233335812
5605.473654892921
5606.124068114218
5688.227965571088
5673.5182806365265
5640.546553390839
5625.136347858418
5588.912556737061
5663.961731484235
5632.716097858418
5695.182107822725
5721.699538518738
5786.417129610351
5765.128190883403
5823.06617415229
5794.522442519334
5929.886295211183
5962.257515913147
5787.868062685901
5766.6541903628795
5759.9246844884
5712.843819080905
5794.897794318858
5733.0574268292685
5750.543829788816
5702.937595999405
5830.846630651398
5846.7320088489
5904.419915452112
5919.02961154075
5884.8571832242715
5836.30024702558
5786.917759592504
5750.018551383105
5796.7241336258185
5883.9564370910175
5864.9939335960735
5872.223680547294
5896.314566998811
5840.953238622843
5858.38977096966
5777.936975907198
5782.765182555027
5778.112169839382
5698.009644705532
5703.563216835217
5728.729761748959
5795.373474196907
5875.62610566627
