1005000
268755
174859
129479
102929
85195
72764
63571
56576
50359
45160
41265
37691
35078
32737
30567
28669
27132
25599
24251
23151
22020
20948
20034
19378
18385
17647
16900
16209
16111
15638
15084
14496
14017
13444
13356
12967
12508
12167
11873
11672
11466
11294
10988
10541
10225
10134
9965
9934
9886
9805
9631
9362
9338
9395
9193
9211
9082
8966
8832
8489
8237
7924
7906
7821
7711
7748
7340
7128
7019
7015
6827
6710
6608
6570
6408
6417
6360
6266
6119
6188
6011
6049
5911
5574
5375
5307
5299
5122
5132
4959
4764
4589
4672
4545
4528
4533
4658
4689
4652
4527
4435
4346
4273
4150
4209
4313
4252
4170
4124
4065
3974
3875
3738
3718
3727
3581
3547
3453
3455
3398
3382
3408
3391
3355
3254
3151
3181
3118
3158
3032
3071
3018
3133
3144
3197
3104
3075
3024
3112
2929
2878
2850
2836
2853
2839
2890
2734
2589
2644
2610
2470
2488
2561
2675
2695
2708
2590
2639
2634
2590
2641
2548
2478
2409
2453
2426
2329
2267
2236
2270
2265
2202
2237
2148
2238
2240
2101
2113
2196
2320
2304
2340
2292
2217
2232
2138
2067
2101
2124
1974
1956
1981
1970
1812
1950
1956
2001
1969
1938
1992
2002
2062
2220
2279
2386
2494
2438
2338
2404
2505
2470
2432
2646
2750
2703
2652
2772
2805
2828
2785
2766
2701
2775
2843
3034
2956
2890
2888
2885
2885
2863
2850
2816
2811
2882
3054
2943
2854
3012
2942
2968
2983
3043
3114
3224
3289
3188
3263
3176
3105
3107
3155
3013
3012
2827
2758
2606
2706
2753
2934
2909
2940
2979
2916
2853
2803
2781
2776
2738
2845
2791
2777
2815
2727
2663
2677
2713
2721
2773
2840
2832
2879
2758
2841
2683
2697
2700
2729
2622
2659
2562
2511
2596
2659
2633
2547
2518
2427
2502
2563
2635
2711
2647
2718
2654
2767
2724
2830
2770
2664
2711
2829
2812
2835
2830
2797
2935
3091
3024
3168
3186
3120
3237
3094
3268
3153
3085
2996
3077
2951
2932
3061
3156
3177
3043
2961
2913
2923
2900
2894
2986
2987
2982
2908
3044
3020
3007
3082
3066
3078
3083
3168
3109
2995
2831
2905
2870
2867
2869
2895
2841
2829
2850
2773
2777
2639
2640
2703
2711
2673
2678
2706
2708
2755
2789
2695
2797
2859
2860
2766
2833
2854
2854
2940
3047
3150
3136
3083
3069
3023
3067
3161
3193
3187
3243
3160
3164
3221
3240
3177
3124
3216
3229
3193
3255
3250
3319
3312
3307
3243
3306
3264
3288
3306
3183
3115
3142
3144
3184
3215
3291
3253
3170
3267
3231
3228
3184
3081
3079
2981
3112
3161
3199
3213
3337
3517
3423
3381
3281
3254
3263
3207
3224
3097
3056
2996
3098
3015
2875
2892
2863
2945
2790
2830
2872
2749
2806
2898
2863
2872
2879
2903
2822
2829
2926
2986
2934
2994
2956
2998
2967
2907
2971
2980
3009
3081
3001
3120
3239
3370
3244
3298
3376
3414
3608
3716
3848
3910
3865
3921
3822
3900
3803
3856
3642
3603
3745
3674
3502
3641
3652
3591
3617
3619
3608
3550
3427
3452
3469
3494
3306
3241
3240
3198
3298
3123
3198
3202
3195
3188
3166
3179
3057
2965
2911
2980
2872
2962
3009
3222
3222
3199
3252
3295
3408
3410
3532
3556
3521
3498
3449
3562
3536
3377
3243
3232
3091
3058
3172
3194
3232
3191
3090
3117
3263
3144
3151
3214
3088
3223
3206
3339
3422
3476
3481
3617
3665
3668
3652
3662
3629
3539
3593
3268
3335
3365
3277
3269
3390
3277
3338
3236
3147
3231
3293
3402
3358
3354
3371
3458
3338
3306
3302
3227
3202
3205
3122
3113
3098
3108
3048
3034
3100
3060
2994
2948
2973
3014
3020
2975
3021
3112
3132
3070
2948
2893
2881
2985
3063
3039
3112
3166
3316
3483
3333
3415
3455
3579
3588
3634
3513
3596
3614
3505
3440
3482
3471
3350
3318
3468
3457
3401
3376
3487
3532
3615
3606
3601
3629
3721
3599
3714
3723
3673
3661
3734
3645
3651
3808
3795
3700
3815
3691
3648
3488
3390
3283
3405
3327
3320
3435
3390
3336
3294
3374
3451
3439
3390
3449
3617
3448
3493
3615
3626
3528
3334
3298
3436
3468
3386
3395
3424
3576
3634
3566
3533
3418
3440
3417
3622
3628
3448
3377
3337
3382
3340
3411
3516
3505
3489
3433
3400
3325
3344
3342
3315
3236
3251
3245
3230
3179
3230
3382
3495
3568
3799
3694
3661
3626
3736
3703
3848
3939
3979
4078
4228
4396
4368
4400
4405
4419
4331
4216
4209
4245
4206
4185
4253
4291
4379
4473
4505
4603
4755
4747
4783
4810
4709
4741
4765
4807
4870
4943
4813
4917
4985
4944
4931
4999
5086
5139
4993
5040
5233
5296
5362
5224
5311
5338
5344
5223
5453
5402
5437
5482
5345
5477
5607
5658
5752
5777
5761
5748
5814
5760
5617
5529
5421
5361
5400
5423
5334
5238
5155
5177
5079
5172
5072
5330
5397
5316
5461
5344
5313
5357
5470
5466
5429
5427
5433
5597
5638
5842
5760
5919
5800
5822
5909
5836
5968
5908
5831
5986
6187
6057
6052
6100
6077
6140
6212
6166
6097
6140
6427
6354
6624
6652
6776
6629
6600
6600
6625
6668
6709
6755
6561
6754
6755
6542
6650
6647
6521
6653
6759
6833
6603
6669
6538
6495
6364
6363
6359
6510
6666
6626
6703
6582
6638
6665
6643
6721
6609
6333
6401
6593
6601
6947
6844
6927
7135
7143
7183
7131
7120
6979
7076
7045
7031
7007
6965
7312
7192
7016
7353
7174
7271
7185
7245
7326
7441
7420
7375
7430
7464
7436
7480
7490
7571
7615
7510
7340
7363
7335
7408
7346
7269
7551
7357
7389
7448
7255
7315
7425
7357
7487
7327
7506
7470
7370
7455
7534
7388
7375
7217
7037
6943
7007
7068
7116
7043
6933
6743
6763
6789
6589
6480
6544
6403
6546
6803
7001
7124
7318
7148
7140
7099
7118
7055
6994
6836
6915
7001
7014
7132
7116
6924
6850
6816
6707
6931
6887
6809
6771
6606
6551
6527
6487
6298
6251
6324
6338
6398
6202
6173
6237
6127
6208
6254
5879
5741
5742
5696
5920
5954
6099
5923
5855
5985
5945
5988
5843
5900
5914
5993
5906
5850
5953
5855
5921
5997
6105
6062
5885
6047
5894
5929
5983
6061
6050
6009
6016
5982
5839
5854
5868
5815
5637
5531
5535
5492
5679
5686
5613
5509
5583
5566
5562
5586
5762
5691
5680
5687
5683
5781
5661
5601
5628
5581
5394
5360
5303
5407
5443
5502
5491
5648
5473
5471
5426
5429
5270
5500
5506
5612
5378
5253
5439
5450
5487
5488
5464
5651
5684
5688
5853
5806
5729
5748
5563
5535
5469
5558
5501
5474
5504
5402
5384
5303
5211
5235
5322
5289
5347
5551
5465
5243
5028
4853
4892
4633
4730
4680
4765
4726
4769
4827
4763
4811
4655
4709
4820
4897
4733
4818
4829
4847
4973
5162
5321
5321
5417
5443
5265
5441
5414
5347
5371
5587
5657
5667
5793
5950
5926
5725
5809
5917
5833
5912
5885
5846
5695
5653
5623
5553
5660
5739
5735
5725
5633
5735
5675
5772
5867
5809
5839
5895
5830
5970
5966
5972
5879
6069
6135
6136
6246
5982
6024
6001
6041
5969
5822
5599
5558
5651
5637
5624
5580
5669
5759
5752
5775
5741
5734
5658
5577
5516
5509
5562
5560
5460
5196
5270
5116
5296
5430
5459
5260
5468
5554
5645
5551
5449
5432
5678
5733
5703
5794
5683
5612
5691
5696
5613
5530
5588
5602
5697
5827
5790
5799
5738
5743
5892
5858
5959
6068
6063
6020
6133
6124
6202
6182
6137
6205
6210
6205
6290
6361
6413
6463
6313
6382
6301
6285
6310
6163
6170
5994
5955
5983
6013
5728
5664
5864
5902
5757
5697
5781
5825
5905
5842
5855
5743
5689
5663
5684
5700
5849
5800
5692
5726
5660
5736
5689
5709
5999
5918
6011
5976
5869
5998
6117
5982
5902
6031
6164
6190
6281
6167
6236
6200
6253
6383
6392
6277
6302
6198
5955
5978
5943
6063
6068
5859
5978
5886
5885
5883
5942
5971
5911
5961
6238
6231
6279
6403
6466
6614
6381
6515
6457
6372
6450
6380
6533
6520
6638
6469
6414
6352
6156
6145
6159
6408
6642
6830
7064
7030
6739
6797
6516
6498
6421
6549
6532
6355
6477
6543
6555
6353
6296
6366
6267
6307
6241
6361
6615
6812
6956
6830
6926
6885
6793
6853
6889
6937
6856
6860
6788
6662
6691
6698
6667
6838
6746
6904
7004
6968
6895
6795
7079
7110
7170
7298
7288
7415
7458
7262
7110
7009
7192
7210
7148
7165
7104
6891
6762
6658
6493
6553
6687
6773
6709
6749
6846
6880
6957
6928
6818
6980
6866
6896
6692
6901
7063
7130
7055
7040
7344
7149
7111
7152
7151
7259
7036
7143
7308
7368
7318
7193
7160
6985
6871
7089
7117
7109
7170
7182
7315
7313
7239
7106
6937
7001
7186
7235
7215
7264
7198
7239
7293
7187
7078
7275
7139
7147
7074
7202
7243
7110
7081
7319
7190
7343
7419
7469
7607
7566
7297
7180
7225
7116
6980
6751
6531
6539
6301
6338
6303
6538
6513
6582
6582
6530
6507
6608
6641
6423
6326
6142
6140
6127
6213
6449
6355
6210
6420
6442
6365
6362
6297
6133
6162
6160
6052
6089
6155
6216
6249
6142
6114
6066
6126
5964
6004
6084
6121
6366
6215
6289
6407
6335
6271
6341
6309
6329
6317
6346
6443
6545
6547
6743
6799
6839
6733
6822
6776
6644
6733
6658
6623
6709
6673
6706
6803
6775
6852
6857
6938
6822
6842
6913
6951
6908
6902
7018
7158
7112
7124
7155
7208
7345
7398
7272
7170
7113
6840
6964
6975
7007
7062
6947
6983
6913
6892
7082
7100
7197
7153
7117
7199
7019
6903
6801
6819
6830
6685
6707
6716
6681
6527
6551
6541
6682
6504
6736
6716
6674
6942
7091
6994
7040
6855
6818
6691
6653
6851
6739
6752
6807
6710
6733
6887
6766
6618
6484
6575
6652
6547
6430
6527
6530
6598
6614
6670
6463
6558
6461
6659
6602
6298
6280
6440
6437
6260
6388
6238
6178
6205
6447
6278
6408
6506
6455
6533
6486
6374
6303
6567
6623
6709
6748
6791
6912
6963
6853
6773
6836
6770
6633
6397
6514
6324
6490
6530
6551
6550
6492
6478
6647
6645
6467
6488
6451
6602
6680
6825
6754
6878
6745
6796
6732
6968
6937
6832
6936
6879
6869
6768
6515
6577
6488
6586
6663
6748
6651
6654
6530
6579
6500
6462
6535
6591
6835
6942
7012
7000
6879
6894
6872
6779
6900
6931
6932
6970
6933
6892
6922
6768
6831
6829
6858
6740
6861
6826
6668
6590
6561
6411
6289
6253
6226
6297
6270
6047
5832
5825
5691
5479
5433
5435
5547
5748
5783
5884
5769
5797
5704
5870
5673
5751
5815
5790
5720
5699
5548
5444
5417
5424
5485
5257
5188
5120
5204
5177
5109
5213
5028
4908
4973
5127
5158
5052
5162
5175
5088
5028
4970
4871
4813
4767
4861
4724
4591
4600
4465
4377
4391
4255
4203
4165
4153
4184
4136
4237
4282
4322
4321
4319
4353
4460
4390
4442
4281
4381
4537
4612
4516
4437
4522
4426
4328
4209
4272
4314
4348
4367
4322
4183
4207
4158
4165
4235
4410
4592
4534
4369
4338
4430
4278
4152
4055
4049
3965
3981
4101
4161
4226
4171
4151
4203
4274
4324
4213
4255
4365
4492
4574
4508
4331
4276
4236
4314
4353
4362
4359
4374
4484
4473
4588
4631
4578
4684
4686
4865
4820
4851
4907
4855
4769
4887
4800
4802
4834
4753
5015
5178
5229
5336
5285
5396
5665
5613
5563
5548
5438
5547
5507
5424
5461
5555
5494
5393
5446
5419
5658
5566
5490
5595
5676
5498
5375
5203
5253
5291
5314
5411
5269
5346
5332
5331
5148
5160
5143
5110
5048
5087
5052
4907
4859
4937
4982
4947
5062
5215
5207
5062
5045
5115
5161
4974
4837
4929
4933
4857
4787
4867
4984
4965
4774
4714
4576
4705
4586
4558
4635
4527
4703
4826
4883
4935
4918
4825
4857
4846
4909
4918
4878
4886
4880
4894
4901
4921
4902
5030
4882
5047
5006
5081
5120
5049
5182
5149
5113
5207
5328
5439
5294
5084
5089
5148
5225
5084
5012
5034
5077
5013
5014
4948
4958
4851
4899
4989
5007
4814
4852
4753
4610
4706
4809
4815
4669
4576
4512
4568
4640
4703
4560
4566
4521
4518
4550
4624
4688
4847
4853
4904
5079
5144
5083
5101
5249
5156
5318
5208
5284
5439
5346
5276
5357
5521
5466
5518
5545
5558
5727
5687
5763
5624
5580
5620
5543
5476
5505
5506
5585
5724
5798
5751
5840
5786
5721
5758
5822
5791
5645
5684
5773
5945
6104
6183
5905
5885
5671
5675
5818
5823
5647
5594
5630
5674
5756
5849
5628
5539
5518
5585
5695
5633
5575
5560
5785
5746
5519
5505
5420
5354
5430
5371
5419
5510
5655
5733
5732
5575
5519
5513
5556
5466
5562
5704
5561
5544
5511
5375
5549
5590
5491
5453
5207
5289
5155
5068
5106
5006
5056
5072
4954
4974
4808
4828
4812
4927
4855
4950
4999
5099
4969
4862
4916
4864
4894
4886
4893
4865
4860
4816
4867
4852
4746
4807
4820
4794
4658
4701
4800
4792
4777
4722
4775
5072
5213
5073
5214
5337
5182
5040
5087
5121
4976
4857
5003
5074
4983
4918
4681
4811
4911
4993
5020
4973
4963
4831
4980
4856
4889
4778
4914
5002
4919
4895
4868
4805
4942
5017
4978
4932
4934
4999
4842
4926
4887
4928
5019
4986
4840
4838
4760
4617
4562
4555
4512
4453
4350
4444
4436
4474
4347
4365
4512
4575
4499
4551
4634
4746
4737
4695
4752
4809
4842
4750
4778
4723
4844
5042
4805
4786
4612
4811
4709
4609
4686
4564
4498
4486
4289
4347
4472
4496
4405
4290
4183
4132
4295
4400
4274
4273
4183
4181
4258
4245
4294
4396
4394
4496
4569
4666
4786
4716
4717
4586
4628
4604
4601
4775
4704
4660
4787
4829
4862
4997
5098
5030
5139
5084
5093
5253
5433
5321
5405
5525
5518
5384
5507
5559
5480
5419
5538
5614
5615
5574
5654
5772
5775
5775
5715
5795
5716
5647
5479
5401
5426
5365
5419
5585
5671
5614
5472
5481
5488
5596
5581
5560
5396
5519
5425
5463
5420
5563
5607
5639
5775
5973
5806
5766
6038
6095
6147
6172
6182
6069
6110
6027
6150
6153
6213
6063
6024
6160
6291
6146
6066
6128
6106
6166
6098
5890
5932
5828
5885
5796
5579
5480
5627
5649
5625
5441
5488
5535
5676
5542
5429
5350
5166
5191
5300
5177
5201
5254
5383
5229
5302
5255
5380
5139
5224
5222
5189
5066
5119
5254
5149
5041
5077
5190
5092
5182
5209
5370
5480
5320
5334
5382
5390
5353
5271
5305
5249
5460
5399
5418
5231
5374
5396
5525
5529
5536
5680
5794
5746
5785
5810
5759
5661
5652
5542
5159
5252
5253
5274
5225
5211
5331
5417
5342
5318
5463
5512
5615
5681
5538
5553
5348
5210
5260
5211
5132
4928
4981
4935
4821
4696
4743
4764
4652
4589
4646
4573
4583
4432
4434
4372
4483
4534
4485
4551
4545
4612
4553
4810
4865
4711
4747
4829
4774
4828
4883
5011
5142
5213
5158
5119
5191
5264
5322
5238
5263
5404
5324
5230
5132
5267
5468
5334
5393
5389
5586
5652
5731
5785
5869
6131
6165
6280
6475
6580
6489
6547
6681
6622
6583
6910
6915
6852
6947
7089
7134
7122
7264
7252
7221
7159
7104
6844
6812
6901
6715
6747
6698
6692
6651
6641
6649
6745
6769
6809
6710
6944
7031
6907
6964
7004
7006
6809
6814
6759
6718
6831
6732
6786
6767
6782
6903
7127
7087
7047
6932
6813
7025
6875
6757
6748
6785
6882
6838
6867
6943
7005
6799
6583
6438
6451
6457
6349
6335
6391
6498
6413
6442
6387
6445
6453
6397
6385
6382
6283
6208
6218
6300
6333
6401
6507
6473
6791
6733
6779
6589
6744
6650
6638
6705
6501
6569
6399
6415
6385
6461
6468
6774
6484
6370
6341
6625
6555
6624
6562
6633
6389
6356
6358
6377
6502
6398
6326
6306
6198
6332
6515
6379
6330
6212
6238
6144
6153
6295
6416
6407
6459
6396
6308
6285
6366
6376
6338
6384
6433
6539
6462
6508
6561
6568
6342
6215
6227
6169
6282
6296
6418
6545
6645
6520
6576
6476
6343
6325
6293
6366
6226
6386
6397
6313
6254
6368
6238
6362
6179
6123
6195
6175
6143
6275
6255
6443
6498
6472
6406
6209
6099
6201
6339
6284
6344
6318
6509
6501
6392
6379
6322
6185
6121
5946
5985
5842
5965
5953
6014
5958
6028
5994
5885
5942
5823
5875
5854
5923
5944
5837
5798
5801
5926
5907
5943
5867
5708
5792
5841
5979
5936
5900
6128
6208
6173
6185
6155
6199
6173
6287
6028
6073
6054
5980
5963
6026
6012
6104
6138
6262
6225
6123
6018
5973
6188
6117
6048
5974
6094
6083
6088
5854
5594
5439
5273
5255
5126
5125
5271
5352
5462
5413
5480
5587
5577
5504
5453
5335
5435
5486
5353
5319
5212
5185
5103
5067
5153
5184
5248
5119
5011
5107
5189
5107
5027
5008
5002
4983
5231
5201
5129
5084
5054
5134
5161
5232
5196
5208
5304
5295
5262
5258
5368
5409
5181
5182
5238
5241
5181
5117
5352
5272
5324
5126
5165
5245
5357
5272
5282
5225
5217
5326
5273
5295
5232
5237
5231
5199
5238
5232
5289
5180
5093
5208
5202
5212
5212
5154
5276
5392
5336
5327
5474
5398
5472
5635
5589
5615
5718
5901
6093
6229
6165
6130
6191
6141
6157
5978
6021
6202
6187
6288
6403
6488
6606
6546
6607
6680
6679
6732
6856
6947
6989
7015
7038
7071
6824
6754
6957
6817
6876
6768
6878
6793
6972
6904
6687
6489
6659
6787
6972
6996
7073
7004
7000
7069
7199
7171
7224
7211
7247
7128
7069
6800
6858
6751
6700
6683
6708
6646
6659
6881
6734
6766
6694
6775
6824
6938
6960
6946
6834
6803
6739
6730
6719
6782
6953
6845
6980
6990
6995
7062
7053
6914
6739
6556
6612
6741
6759
6421
6313
5986
5983
5712
5516
5408
5312
5412
5229
5169
5177
5355
5400
5499
5492
5426
5328
5378
5376
5213
5309
5183
5219
5166
5269
5287
5315
5345
5391
5297
5294
5283
5207
5304
5256
5249
5261
5285
5421
5327
5311
5449
5723
5794
5830
5761
5756
5869
5716
5668
5637
5732
5749
5742
5991
6034
6061
5871
5877
5730
5850
5896
5914
6003
6067
6138
6061
6152
6024
5986
5882
5899
6104
6149
6009
5984
5981
6086
5902
5921
5902
6062
5981
6007
5838
5788
5998
5872
5962
5927
5945
6005
6101
5986
6066
5903
5918
6017
5788
5684
5744
5673
5615
5677
5677
5659
5761
5807
6017
6119
6217
6295
6330
6331
6359
6352
6511
6393
6485
6729
6649
6595
6576
6625
6851
6904
6781
6887
6922
6870
6988
6888
6732
6910
7104
6952
6858
6799
6889
7013
6858
6728
6698
6669
6772
6700
6592
6813
6817
6748
6699
6541
6613
6476
6465
6657
6487
6578
6597
6385
6426
6364
6413
6594
6467
6510
6360
6463
6493
6673
6734
6746
6848
6742
6608
6432
6449
6557
6571
6621
6686
6577
6431
6386
6409
6403
6393
6578
6637
6604
6545
6645
6462
6467
6589
6552
6574
6693
6566
6498
6719
6784
6554
6482
6442
6456
6538
6392
6266
6218
6147
6080
6217
6218
6187
6180
6419
6246
6180
6194
6313
6351
6579
6377
6513
6398
6351
6321
6178
6125
6051
6182
6024
5831
5865
5823
5815
5746
5543
5558
5447
5636
5631
5860
5779
5878
5814
5638
5558
5610
5577
5550
5666
5614
5485
5443
5480
5372
5188
5226
5133
5091
5072
5088
4939
4994
4827
4807
4806
4865
4768
4676
4651
4759
4577
4561
4686
4606
4452
4430
4423
4214
4206
4250
4258
4210
4154
4151
4421
4547
4590
4584
4671
4712
4691
4494
4678
4647
4576
4653
4569
4705
4740
4831
4712
4758
4756
4768
4802
4793
4577
4473
4553
4556
4693
4863
4979
4902
4823
4869
4833
4845
4777
4697
4786
4708
4605
4740
4798
4786
4881
4983
4963
4863
4893
4958
5017
4877
4893
4911
4964
4889
4867
4967
4800
4734
4594
4577
4511
4465
4403
4467
4397
4444
4472
4415
4587
4551
4571
4673
4458
4473
4678
4565
4707
4644
4633
4646
4649
4607
4615
4702
4753
4856
4852
5046
4938
4890
4782
4840
4741
4825
4939
5017
4985
5000
4933
4915
4928
4848
4829
4867
4727
4761
4789
4848
4764
4758
4700
4623
4768
4681
4646
4787
4801
4829
4873
4828
4996
5029
5038
5036
5049
4958
4938
5012
5178
5349
5434
5440
5381
5328
5467
5455
5304
5234
5213
5330
5423
5328
5316
5403
5412
5404
5316
5405
5561
5527
5452
5588
5656
5699
5663
5695
5916
5852
5841
5798
5879
6030
6055
6017
6095
5976
5992
5904
5905
5802
5852
5790
5581
5578
5810
5794
5818
5725
5695
5647
5587
5736
5764
5616
5591
5713
5638
5670
5459
5455
5613
5623
5491
5616
5702
5671
5510
5657
5764
5863
6005
6255
6085
5918
5829
5944
6046
5938
6055
6019
5900
5815
5633
5547
5410
5752
5872
5818
5861
5754
5741
5769
5790
5864
5884
6021
5891
5777
5814
5856
5721
5778
5951
5916
5879
5927
5675
5422
5452
5304
5509
5515
5478
5507
5709
5629
5713
5713
5914
6086
6010
5932
5951
5866
5834
5872
5891
5983
5820
5759
5678
5556
5618
5503
5555
5578
5483
5358
5294
5163
5146
4950
4994
4947
5098
5002
5135
5160
5230
5243
5242
5403
5693
5587
5693
5792
6020
6047
6014
6077
6071
6325
6205
6380
6344
6444
6595
6759
6881
6803
6764
6769
6658
6649
6588
6650
6732
6879
6825
6917
7053
7053
7131
7238
7262
7341
7265
7248
7129
7102
7155
6924
6692
6877
6658
6698
6681
6667
6520
6360
6171
6398
6341
6413
6468
6452
6575
6480
6600
6556
6638
6550
6549
6506
6682
6538
6406
6339
6290
6299
6303
6177
6008
5930
5916
5952
5945
5864
6091
6216
6189
6105
6036
5887
5772
5663
5522
5426
5512
5751
5836
5777
5749
5738
5686
5517
5547
5585
5439
5502
5449
5537
5702
5650
5675
5783
5804
5633
5629
5698
5727
5761
5887
5857
5757
5604
5667
5485
5550
5469
5377
5441
5407
5481
5386
5511
5463
5533
5450
5431
5438
5381
5439
5211
5215
5025
4996
5235
5298
5286
5454
5332
5371
5378
5288
5390
5297
5282
5334
5262
5191
5057
5056
5045
5081
5055
5099
5078
5000
4826
4798
4725
4695
4940
4924
4853
4963
5037
5139
5259
5248
5266
5323
5378
5393
5477
5372
5568
5478
5544
5571
5565
5643
5598
5682
5655
5622
5690
5731
5944
5974
6052
6015
5902
5848
5903
5850
5919
5839
5829
5959
6028
6120
6145
5937
5957
6009
6100
6166
6174
6180
6064
6163
6077
5676
5784
5790
5856
5973
6039
6109
6311
6225
6299
6119
6086
6078
6053
5932
5978
5935
5948
5943
5885
5736
5783
5750
5843
5921
5978
6026
6157
6127
6223
6173
6212
6364
6362
6548
6478
6400
6411
6601
6551
6422
6388
6489
6634
6842
7043
7162
7032
6982
6958
6674
6663
6566
6583
6639
6472
6240
6231
6028
6051
6018
6000
5905
5924
6023
5985
5955
5863
6065
5948
6053
6061
6003
6035
5956
5937
5950
5951
5837
6013
6086
6078
6245
6413
6395
6323
6063
6057
6059
5994
6010
5875
5933
5794
5574
5473
5545
5402
5319
5416
5424
5542
5369
5447
5362
5319
5279
5204
5233
5236
5382
5283
4946
5052
4877
4803
4707
4750
4745
4800
5034
5045
5095
5272
5272
5463
5343
5258
5282
5309
5535
5543
5541
5744
5713
5424
5369
5478
5521
5417
5402
5537
5385
5237
5222
5192
5038
5046
4931
4751
4653
4555
4476
4246
4069
4194
4236
4121
4043
4256
4300
4236
4200
4248
4308
4233
4300
4457
4488
4480
4440
4523
4582
4600
4687
4647
4499
4623
4671
4749
4711
4811
4898
5001
4802
4695
4806
4875
4896
4934
5026
4937
4946
4813
4914
4965
4964
4874
4910
4873
4821
4905
4802
4736
4936
4894
4971
4952
4836
4939
4899
4876
4918
4844
4934
5034
4982
4861
4877
5007
5048
4996
5036
4906
4799
4823
4745
4757
4902
4688
4692
4735
4764
4935
5019
5042
4953
5052
4890
4900
4795
4751
4808
4801
4780
4740
4694
4633
4675
4624
4569
4721
4714
4823
4871
4906
5008
5137
5184
5149
5163
5239
5118
5122
5068
5108
4977
4841
4897
4994
4960
5010
4953
5092
5244
5241
5348
5491
5641
5467
5595
5596
5644
5609
5728
5799
5821
5770
5971
6184
6013
6027
6013
6043
6053
6060
6013
6047
6168
6065
5916
5837
5624
5569
5505
5468
5678
5819
5840
5891
6016
6258
6269
6143
6266
6248
6267
6307
6171
6097
6172
6261
6390
6496
6492
6608
6585
6377
6429
6610
6687
6760
6773
6799
6834
6950
6913
7022
6996
6937
6798
6727
6516
6580
6644
6554
6580
6549
6537
6473
6345
6406
6637
6738
6722
6926
6783
6606
6615
6713
6714
6645
6428
6678
6479
6442
6577
6630
6487
6396
6396
6610
6650
6802
6752
6624
6592
6380
6398
6326
6221
6278
6298
6566
6397
6637
6650
6615
6830
6756
6887
7042
7019
7034
6981
7069
7214
7191
7219
7411
7434
7324
7228
7167
7190
7209
7169
7145
6962
7012
6917
6821
6808
6857
6880
6927
6819
6886
6871
6993
6916
6764
6819
6841
7007
6968
6859
6888
6948
6794
6611
6419
6419
6396
6315
6113
6149
6219
6234
6276
6330
6250
6350
6507
6433
6466
6490
6475
6507
6478
6536
6630
6631
6686
6454
6345
6278
6130
6251
6307
6284
6356
6399
6457
6453
6651
6588
6727
6632
6550
6424
6268
6161
5973
6021
6118
6311
6156
6250
6288
6128
6271
6058
6083
6097
6008
6095
6053
5763
5982
6036
6083
6143
6092
6014
5980
6048
5957
5957
5812
5742
5802
5621
5595
5507
5718
5721
5736
5686
5606
5699
5675
5705
5648
5516
5547
5744
5965
6017
5962
6076
6053
5977
6030
6020
5991
5963
6133
6129
5994
5867
6152
6280
6363
6247
6182
6247
6204
6141
6141
5956
5882
5883
5945
5948
5911
5859
5853
5912
5993
6135
6011
5973
6002
5950
5850
6027
5965
5964
5923
5855
5900
5719
5596
5471
5546
5488
5437
5463
5428
5382
5539
5395
5355
5181
5127
5259
5311
5444
5586
5654
5726
5740
5661
5488
5242
5234
5297
5306
5376
5372
5311
5277
5216
4962
4800
4890
4901
4680
4636
4531
4701
4645
4686
4844
4763
4815
4823
4763
4774
4805
4765
4798
4874
4918
5025
5348
5405
5443
5537
5621
5704
5573
5635
5615
5752
5950
5765
5750
5759
5898
5928
5942
5797
5811
5772
5815
5739
5932
5590
5596
5500
5569
5576
5489
5377
5410
5441
5373
5270
5247
5347
5303
5436
5467
5457
5555
5448
5450
5407
5251
5237
5325
5524
5610
5550
5594
5636
5742
5778
5869
5852
6098
6341
6360
6317
6215
6081
6327
6295
6223
6270
6197
6232
6115
6082
6143
6149
6214
6189
6245
5963
5808
5806
5846
5806
5896
5934
5885
5761
5773
5712
5776
5733
5823
5829
5822
5886
5906
5959
5759
5612
5566
5824
5778
5819
5658
5626
5557
5514
5495
5634
5714
5816
5687
5768
5804
5641
5768
5831
5761
5949
5988
5745
5809
5780
5804
5642
5714
5583
5494
5619
5412
5353
5327
5481
5506
5411
5348
5364
5373
5314
5434
5321
5058
5155
5068
4971
4874
4871
4930
4820
4996
5134
5107
4968
4989
5026
5021
4913
4877
4965
5047
5178
5183
5271
5262
5059
5187
5135
5132
5032
5101
5105
5036
5192
5141
5158
5060
5119
5106
5165
5303
5260
5258
5349
5210
5169
5027
4942
5183
5253
5223
5193
4986
4759
4820
4882
4875
4898
5049
5146
5134
5285
5040
5042
5037
4942
4819
4675
4733
4869
4842
4918
4891
4927
4907
4834
4830
4859
4835
4883
4887
4834
4863
4855
4905
5030
5108
5065
5129
4838
4945
4915
4857
4987
5111
5134
5068
5302
5310
5348
5413
5540
5553
5694
5658
5696
5753
5893
5931
5847
5867
5912
5923
5912
5875
5772
5862
5957
6073
5958
6000
6110
5985
5854
5966
5843
5863
5802
5659
5654
5781
5826
5867
5898
5746
5842
6106
5977
5955
5951
5891
6031
6009
5928
5982
6002
6092
6251
6376
6472
6333
6430
6434
6499
6389
6383
6340
6485
6537
6430
6445
6414
6302
6388
6296
6423
6182
6069
5936
5998
5991
5966
6068
5953
6076
6038
5948
5948
6195
6161
6136
6283
6236
6249
6132
6177
6112
6034
6048
6049
6033
6072
6107
6047
5976
5950
5930
5902
5971
5973
5981
6139
6259
6388
6458
6361
6419
6464
6591
6550
6608
6419
6422
6338
6518
6654
6467
6346
6471
6401
6477
6494
6501
6539
6455
6299
6493
6678
6679
6494
6559
6466
6350
6386
6367
6361
6129
6150
6310
6177
6096
6229
6137
6158
6330
6288
6033
6192
6101
6231
6286
6358
6626
6678
6588
6554
6691
6471
6691
6847
6866
6779
6981
6951
6822
6880
6903
6898
6804
6551
6659
6586
6567
6589
6568
6470
6409
6601
6441
6383
6465
6558
6628
6768
6645
6627
6558
6533
6600
6339
6412
6327
6063
6187
6081
6114
6043
6107
6126
6028
6021
6000
5972
5856
5697
5862
6112
6137
5943
6014
5968
6009
6052
6033
6029
6132
6259
6306
6206
6156
6153
5927
5946
6067
6020
6138
6007
6031
6117
6081
6175
6066
6101
6097
5985
6096
6058
6112
5896
5791
5819
5738
5800
5670
5738
5723
5772
5885
5720
5745
5618
5447
5410
5623
5667
5842
5824
5775
5667
5781
5698
5710
5562
5576
5564
5729
5706
5542
5569
5779
5671
5761
5678
5728
5741
5675
5537
5464
5533
5326
5313
5276
5154
5126
5176
5117
5247
5439
5343
5341
5113
5023
5033
5274
5288
5273
5242
5261
5258
5072
5100
5095
5003
4793
4664
4593
4728
4688
4747
4600
4508
4527
4552
4587
4451
4536
4464
4437
4484
4493
4514
4433
4456
4453
4445
4511
4408
4374
4424
4399
4280
4348
4405
4369
4453
4471
4479
4469
4328
4320
4423
4309
4328
4316
4430
4419
4476
4644
4610
4637
4734
4925
4863
4761
4651
4654
4779
4762
4932
4864
5012
5175
5149
5061
5208
5166
5193
5164
5209
5287
5357
5386
5304
5332
5381
5234
5305
5313
5314
5282
5457
5453
5403
5387
5344
5162
5354
5300
5206
5148
5085
5150
5284
5280
5578
5622
5613
5476
5311
5309
5267
5307
5151
5289
5341
5326
5247
5247
5210
5204
5209
5183
5125
5082
5108
5217
5150
5458
5477
5489
5509
