1005000
267579
174052
129334
102690
84486
71704
62375
54931
48928
44551
41086
37984
35069
33131
31293
29237
27298
25630
24552
23217
21779
20613
19622
18715
17829
17368
16652
15902
15430
14733
14589
14083
13945
13389
13053
12593
12264
11756
11379
10919
10508
10202
10081
9752
9594
9610
9462
9430
9292
9288
9072
8889
8950
8719
8467
8271
7965
7621
7489
7176
7099
6986
6755
6590
6636
6547
6249
6082
6104
5897
5929
5840
5580
5516
5469
5391
5180
5068
5076
4916
5077
4914
4937
4902
4740
4692
4625
4584
4799
4776
4752
4664
4671
4574
4470
4425
4355
4324
4183
4085
4024
3971
3857
3959
4036
4127
3992
3957
3895
3721
3653
3696
3767
3756
3691
3805
3771
4029
3885
4032
4063
4153
4388
4481
4538
4423
4311
4312
4248
4086
4023
3912
3779
3772
3717
3747
3691
3702
3796
3729
3786
3717
3562
3530
3618
3633
3670
3694
3768
3795
3641
3749
3673
3667
3808
3851
3982
3893
3865
3766
3726
3704
3760
3876
3915
3868
3771
3716
3827
3776
3862
3881
3990
3953
3853
3849
3800
3761
3811
3759
3792
3710
3753
3667
3707
3685
3636
3689
3694
3651
3861
3967
3806
3767
3725
3797
3785
3801
3608
3618
3653
3564
3585
3469
3475
3501
3445
3511
3483
3478
3409
3459
3548
3411
3390
3529
3584
3500
3508
3384
3360
3511
3445
3526
3491
3587
3538
3694
3677
3639
3605
3605
3665
3768
3911
3939
3907
3925
4109
3852
3908
3860
3618
3559
3581
3598
3540
3524
3401
3332
3294
3300
3312
3314
3307
3367
3444
3511
3541
3514
3632
3735
3676
3551
3514
3532
3394
3379
3328
3432
3427
3375
3352
3318
3489
3523
3512
3470
3520
3534
3475
3425
3259
3218
3139
3123
3132
3030
3036
3066
3219
3323
3283
3306
3289
3208
3176
3063
3145
3103
3238
3247
3243
3258
3258
3424
3452
3456
3326
3340
3217
3159
3010
3040
3018
3097
2938
2938
2954
3044
3060
3083
3268
3259
3291
3224
3265
3262
3219
3242
3306
3316
3415
3341
3318
3337
3358
3390
3453
3375
3382
3317
3320
3393
3376
3423
3498
3445
3447
3351
3374
3417
3341
3205
3217
3259
3362
3339
3373
3474
3498
3528
3461
3425
3389
3544
3551
3438
3383
3450
3400
3402
3421
3444
3557
3565
3571
3556
3659
3625
3602
3610
3459
3424
3562
3586
3594
3576
3546
3598
3734
3713
3669
3657
3575
3587
3616
3701
3642
3427
3429
3523
3477
3631
3580
3646
3722
3697
3581
3635
3693
3805
3674
3608
3638
3721
3712
3609
3505
3478
3484
3456
3564
3550
3562
3518
3585
3502
3414
3334
3483
3664
3601
3497
3398
3357
3509
3399
3430
3288
3492
3529
3605
3548
3470
3535
3634
3770
3578
3700
3723
3645
3698
3727
3719
3896
3877
3862
3728
3925
3817
3942
4105
4121
3923
3832
3884
3926
3852
3840
3807
3844
3900
3992
3977
4038
4281
4206
4295
4405
4530
4615
4450
4531
4581
4665
4583
4488
4581
4507
4645
4649
4621
4676
4698
4745
4709
4789
4845
4802
4660
4776
4892
5030
4999
4920
4879
4789
4863
4828
4679
4643
4615
4512
4468
4559
4487
4472
4558
4461
4490
4543
4465
4361
4295
4277
4115
3991
3961
4014
4192
4304
4468
4377
4474
4450
4429
4453
4507
4510
4617
4647
4663
4748
4828
4849
4708
4660
4638
4571
4663
4706
4672
4669
4784
4757
4732
4758
4824
4739
4628
4749
4757
4618
4802
4833
5034
5105
5281
5198
4865
4910
4883
4942
4828
5040
4986
4969
5068
5172
5246
5332
5288
5303
5158
5196
5023
4854
4944
4993
5068
5013
4957
4895
4844
4705
4654
4730
4805
4960
4879
4911
4934
5050
5120
5155
5171
5251
5149
5049
4988
4862
5107
5056
5097
5074
5239
5007
5058
5165
5061
5100
5244
5273
5521
5677
5801
5890
5900
5990
6245
6193
6427
6313
6321
6348
6268
6407
6461
6470
6549
6441
6138
6221
6146
6388
6300
6371
6170
6206
6257
6288
6368
6413
6354
6299
6256
6259
6258
6282
6215
6006
5962
5921
5938
6040
5965
6114
6185
6244
6424
6342
6304
6238
6281
6253
6347
6132
5959
6005
6082
6186
6182
6266
6271
6409
6537
6698
6728
6787
6646
6553
6663
6745
6607
6810
6680
6567
6292
6283
6321
6237
6240
6266
6318
6412
6115
6203
5983
6214
6317
6364
6395
6360
6246
6095
6051
6042
6053
6016
6017
6196
6291
6284
6149
5900
5745
5819
5841
5879
5747
5783
5832
5982
6049
5986
6038
6036
5887
5935
5921
6106
6044
6116
6141
5988
6083
5933
5788
5789
5762
5772
5943
6135
6133
6172
6315
6175
6433
6439
6383
6588
6667
6695
6540
6683
6913
6800
6701
6633
6662
7005
6904
6911
7035
7205
7250
7225
7183
7096
7105
7036
7023
6897
6836
6934
7040
7189
7029
6993
7085
7173
7127
7119
7304
7394
7228
7187
7108
7163
7031
6896
7027
7203
7158
7304
7270
7232
7365
7205
7192
7198
7269
7397
7399
7268
7340
7373
7359
7203
7117
7164
7179
7026
7230
6998
7135
7100
6923
6841
6622
6697
6809
6673
6537
6461
6401
6282
6291
6497
6548
6577
6518
6520
6672
6582
6600
6467
6501
6525
6588
6418
6692
6605
6796
6799
6973
7074
7055
7046
7227
7126
7133
7261
7412
7204
7250
7493
7586
7632
7630
7650
7825
7763
7776
7629
7511
7453
7421
7431
7495
7462
7576
7429
7307
7283
7524
7549
7492
7288
7447
7262
7223
7259
7239
7203
7309
7340
7368
7245
7352
7510
7564
7403
7517
7647
7766
7696
7751
7819
7731
7573
7630
7587
7546
7584
7605
7267
7277
7002
6893
6883
6955
6662
6465
6443
6408
6468
6206
6342
6398
6310
6037
5978
6185
6234
6114
6119
6016
6043
6010
6092
6267
6480
6651
6733
6878
6803
6572
6622
6549
6390
6457
6258
6343
6162
5943
5883
5814
5907
5941
5905
5590
5627
5702
5555
5553
5526
5322
5172
5312
5365
5340
5378
5426
5491
5381
5263
5383
5397
5353
5522
5569
5633
5706
5772
5909
6153
6265
6290
6269
6339
6208
6117
5832
5833
5851
5865
6023
5939
5982
5998
6046
6008
6008
5890
5821
5911
5938
6134
6130
6154
6145
6088
6163
6147
6130
6170
6142
6116
6296
6161
6265
6229
6295
6352
6291
6418
6345
6335
6403
6421
6435
6388
6299
6267
6294
6161
6208
6131
6058
6006
5864
5795
5736
5870
5998
5982
6009
6153
6218
6104
6164
5994
5934
5859
5841
5851
5763
5854
5893
5915
6013
6084
6095
6074
6028
5960
6084
6245
6211
6321
6317
6338
6277
6359
6327
6360
6283
6270
6173
6210
6238
6222
6215
6139
6055
6085
6035
5946
6133
6197
6285
6375
6249
6376
6323
6269
6243
5971
5925
6055
6038
6015
6060
5858
5831
5799
5833
5849
5821
6041
6017
5854
5747
5793
5753
5937
6150
6237
6294
6317
6282
6235
6219
6420
6686
6687
6430
6465
6381
6514
6439
6512
6578
6609
6621
6651
6608
6456
6348
6393
6476
6205
6241
6390
6397
6495
6531
6390
6384
6386
6232
6116
6325
6223
6224
6312
6130
6035
6077
6314
6264
6073
6155
6160
6216
6122
6177
6064
6099
5968
6025
5853
5926
6079
5947
5948
5987
6021
6150
6252
6297
6320
6275
6340
6371
6406
6450
6600
6422
6432
6393
6282
6290
6331
6463
6594
6666
6672
6795
6876
6778
6895
7160
7173
7314
7205
7185
7041
7023
6932
6901
6798
6875
6932
7098
7188
7124
7057
6903
7115
7010
6997
6956
6909
6904
6851
6727
6799
6710
6566
6630
6583
6595
6438
6502
6635
6711
6664
6606
6544
6322
6341
6346
6383
6472
6434
6131
6246
6154
6370
6549
6269
6270
6286
6218
6324
6285
6448
6401
6488
6495
6450
6507
6602
6622
6664
6804
6965
7169
7309
7487
7401
7384
7347
7420
7625
7654
7785
7565
7525
7729
7732
7771
7737
7664
7639
7758
7743
7840
7831
7851
7845
7800
7739
7777
7665
7815
7945
7774
7925
7894
8006
7745
7695
7719
7581
7508
7788
7842
7746
7581
7474
7403
7262
7172
7148
7165
7183
7116
6909
7057
7026
6763
6697
6537
6323
6164
6279
6311
6293
6239
6239
6203
6459
6552
6583
6583
6575
6676
6755
7044
6984
7137
6966
6784
6921
6902
7114
7109
7008
7037
7178
7271
7210
7300
7346
7247
7349
7133
7186
7135
6958
6950
6955
6988
6889
6865
6774
6861
6840
7006
7000
7083
7344
7207
7176
7099
7199
7100
7263
7104
7068
6825
6814
6953
7046
7077
7200
7121
7206
7159
7320
7302
7162
7222
7106
7195
7172
7067
6898
6890
7066
6846
6830
6864
6809
6776
6930
7050
6900
6757
6552
6449
6466
6445
6360
6379
6301
6208
6433
6309
6236
6327
6193
6143
6148
6122
6264
6278
6278
6449
6421
6472
6517
6674
6692
6711
6543
6851
6840
6858
6876
6720
6833
6985
6994
6824
6892
6672
6517
6546
6374
6365
6296
6342
6325
6247
6084
5876
5933
5910
6063
6157
6031
5931
5850
5849
5838
5730
5632
5621
5586
5897
5848
5880
5687
5726
5850
5845
5673
5590
5713
5863
5882
5931
5875
6107
6076
6079
6066
5981
6091
6189
6246
6142
6017
5748
5580
5567
5562
5629
5612
5524
5478
5766
5939
5651
5599
5608
5731
5889
5841
5861
5894
5870
5980
6139
6277
6308
6341
6685
6559
6584
6703
6535
6585
6483
6418
6445
6659
6574
6669
6746
6510
6430
6524
6434
6276
6369
6296
6313
6207
6100
5915
6126
6116
6142
6231
6304
6456
6574
6633
6570
6776
6714
6855
7090
7008
7036
7099
6945
6913
7024
7125
7163
7069
7224
7123
7201
7157
7188
7387
7315
7144
7277
7217
7050
7008
7096
7202
7105
7061
7228
7254
7390
7330
7305
7351
7452
7524
7536
7443
7472
7621
7501
7486
7378
7127
7553
7653
7671
7552
7574
7579
7464
7513
7600
7349
7275
7130
7223
7284
7321
7442
7526
7572
7634
7686
7799
7774
7647
7755
7636
7588
7456
7557
7378
7425
7519
7533
7441
7726
7503
7554
7577
7506
7548
7555
7759
7530
7610
7321
7365
7221
7485
7397
7508
7127
7089
7004
7027
7099
7080
7171
7014
6939
7047
7105
7018
6986
6817
6769
6605
6556
6479
6582
6572
6634
6675
6808
6635
6698
6777
6714
6672
6709
6833
6742
6674
6600
6549
6498
6298
6194
6143
6183
6378
6186
6225
6280
6197
6113
6218
6078
6369
6401
6379
6431
6394
6527
6405
6316
6211
6188
6077
6152
6207
6250
6314
6391
6324
6249
6340
6331
6194
6154
6073
6013
6005
6036
6098
6136
6260
6229
6188
6259
6336
6391
6245
6233
6680
6476
6441
6263
6126
6072
6090
6252
6257
6284
6233
6393
6410
6475
6379
6506
6443
6651
6558
6640
6788
6626
6686
6729
6766
6779
6602
6713
6748
6709
6798
6702
6497
6476
6300
6367
6428
6256
6335
6102
5943
5893
5955
5809
5811
5867
5881
6241
6370
6618
6577
6751
6724
6578
6697
6672
6818
6694
6642
6509
6387
6444
6582
6639
6546
6341
6313
6521
6543
6491
6266
6371
6379
6488
6236
6494
6734
6738
6544
6606
6648
6724
6570
6544
6425
6284
6379
6701
6531
6548
6448
6393
6371
6494
6636
6530
6504
6354
6371
6497
6438
6405
6252
6290
6170
6118
6048
5911
5893
5816
5829
5798
5635
5502
5678
5753
5811
5963
5919
6123
6345
6473
6418
6571
6667
6782
6928
6725
6679
6508
6391
6398
6493
6397
6271
6137
6055
5950
6038
5829
5903
5678
5749
5809
5666
5760
5736
5712
5696
5847
5865
5879
5863
5842
5894
6070
6264
6388
6440
6376
6434
6360
6289
6359
6234
6240
6214
6281
6294
6390
6373
6506
6466
6456
6527
6610
6491
6564
6541
6497
6408
6418
6323
6371
6327
6171
6205
6129
6183
6053
6204
6235
6327
6227
6186
6122
6062
5951
5909
5655
5670
5481
5396
5378
5397
5571
5667
5784
5748
5757
5866
5952
5683
5821
5872
5829
5843
5832
5781
5749
5725
5889
5946
5906
6095
5924
5898
5856
5904
5887
6167
6171
6064
6401
6490
6653
6566
6465
6467
6443
6443
6368
6353
6461
6543
6693
6437
6444
6542
6562
6504
6483
6297
6336
6269
6421
6485
6488
6629
6595
6660
6688
6873
7004
7146
7094
7189
7266
7331
7337
7184
7309
7473
7476
7449
7587
7338
7461
7555
7706
7832
7681
7704
7612
7494
7516
7479
7387
7536
7539
7495
7239
7266
7369
7404
7470
7342
7398
7468
7488
7582
7741
7715
7674
7683
7898
7840
7823
7901
8038
8177
8236
8328
8294
8319
8288
8614
8468
8636
8695
8725
8654
8604
8524
8462
8320
8252
8280
8248
8387
8472
8485
8418
8600
8656
8705
8587
8710
8913
8909
8813
8921
8929
8892
8766
8667
8840
8582
8630
8499
8434
8624
8420
8399
8196
8143
8094
8099
7935
7756
7652
7505
7382
7226
7292
7370
7282
7425
7370
7553
7431
7265
7214
7219
7198
7313
7362
7307
7336
7090
7120
7199
7447
7357
7729
7892
7931
7708
7600
7744
7846
7791
7793
7940
8054
8108
7829
7742
7836
7959
8006
7863
7695
7735
7722
7831
7588
7625
7590
7605
7730
7802
7673
7563
7499
7401
7245
7276
7351
7338
7247
7302
7548
7606
7669
7682
7547
7606
7667
7659
7380
7371
7423
7397
7473
7508
7365
7410
7228
7254
7341
7391
7530
7515
7498
7540
7596
7752
7797
7882
7587
7592
7795
7927
7993
7959
8030
7962
8030
7953
7906
7733
7825
7907
7968
8043
7908
7530
7405
7552
7607
7361
7319
7334
7336
7149
7041
7065
6959
6823
6912
6972
7100
7118
7243
7130
7093
6931
6985
6909
6820
6855
6866
6851
6864
6891
7099
7087
7271
7260
7124
7152
7275
7278
7352
7359
7218
7146
7108
6998
6914
6807
6798
6566
6527
6554
6550
6655
6658
6913
6929
6905
6948
6967
6920
6759
6677
6769
6898
7002
6889
6841
6798
6888
6872
6920
6985
6790
6866
6972
6994
7064
7077
6864
6822
6699
6784
6652
6569
6651
6583
6604
6488
6544
6793
6958
7093
7284
7319
7243
7288
7116
7032
7012
7207
7443
7272
7191
7149
7218
7184
7079
7186
7280
7334
7277
7211
7374
7284
7182
7232
7346
7152
7275
7206
7195
7134
6995
7026
7043
7001
6923
6744
6555
6592
6666
6686
6857
6859
6763
6597
6385
6360
6331
6578
6600
6481
6495
6344
6424
6505
6488
6456
6279
6101
6189
6149
6216
6271
5996
5995
6109
6070
6133
6405
6257
6222
6258
6272
6220
6341
6462
6307
6291
6376
6237
6482
6428
6262
6268
6330
6444
6356
6394
6409
6326
6407
6326
6329
6250
6202
6371
6290
6178
6193
6066
5933
5951
5999
6100
6186
6196
6323
6299
6196
6214
6183
6199
6183
6146
6147
6185
6203
6367
6494
6281
6411
6371
6487
6615
6679
6865
7193
7181
7203
7200
7093
6958
7099
6918
6842
6705
6563
6592
6507
6382
6391
6254
6169
6212
6155
6108
6104
6128
6270
6384
6581
6504
6451
6566
6460
6387
6502
6617
6581
6526
6516
6685
6593
6477
6576
6449
6468
6508
6543
6526
6310
6322
6150
6102
5820
5636
5573
5436
5205
5334
5263
5150
5151
5123
5169
5122
5349
5255
5243
5205
5183
5189
5212
5375
5317
5445
5417
5578
5670
5652
5607
5545
5621
5873
5974
5966
5837
5924
5828
5757
5805
5766
5757
5728
5703
5774
5906
5794
5816
5917
5862
5906
5895
5906
5924
6034
6208
6351
6459
6326
6444
6408
6480
6484
6372
6337
6376
6341
6324
6117
6034
6016
6031
6060
6024
6055
5991
6195
6216
6127
5865
5795
5767
5555
5360
5496
5670
5653
5710
5645
5585
5507
5458
5513
5610
5682
5576
5715
5663
5825
5691
5784
5800
5858
5961
5988
5885
5931
5963
5933
5960
5877
5721
5675
5794
6077
5933
5881
5991
6111
6117
6090
5892
5966
5980
5922
5839
5963
5939
5984
6043
6260
6265
6211
6233
6249
6261
6267
6157
6112
6190
6234
6329
6296
6077
6022
6152
6304
6352
6593
6414
6352
6200
6195
6260
6398
6409
6370
6219
6306
6142
6172
6073
6081
5910
5978
5951
5850
5934
5971
5885
5747
6017
5986
5933
5894
5927
6041
5963
6018
6009
6177
6103
6299
6182
6171
6345
6296
6365
6210
6317
6240
6090
6227
6104
6186
6133
6050
5994
6043
5901
5876
5768
6104
6041
6011
5939
5866
5874
5909
5867
5832
5855
5795
5865
5918
6074
6021
6010
6307
6202
6339
6512
6573
6677
6735
6693
6838
6754
6673
6581
6602
6793
6935
6888
6739
6630
6525
6613
6401
6329
6453
6391
6372
6427
6328
6431
6362
6268
6128
6303
6200
6159
6179
6038
6051
6251
6194
6236
6351
6137
6127
6238
6148
6101
6353
6245
6359
6308
6210
6110
6226
6199
6055
5847
5816
5745
5707
5583
5756
5739
5802
5720
5852
5814
5910
5887
6071
6202
6515
6457
6428
6516
6576
6449
6383
6385
6259
6283
6333
6139
6111
6228
6300
6374
6172
6184
6326
6286
6198
6151
6165
6290
6189
6180
5982
6081
6107
6235
6217
6071
6099
6192
6181
6267
6148
6061
5757
5672
5679
5732
5732
5607
5517
5634
5568
5689
5688
5672
5779
6015
6040
6109
6053
6296
6392
6442
6432
6434
6466
6391
6403
6477
6581
6412
6299
6613
6635
6607
6561
6501
6442
6311
6329
6370
6170
6167
6224
6198
6149
6077
6231
6112
6056
6132
6034
6019
5966
5806
5721
5730
5637
5648
5631
5592
5695
5755
5781
5853
5887
5979
6058
6213
6293
6274
6464
6404
6404
6417
6459
6263
6200
6046
6056
6175
6299
6171
6071
5952
5996
5772
6006
6016
6009
5904
5776
6023
5936
5980
5887
5725
5810
5830
5854
5737
5587
5727
5652
5529
5444
5338
5266
5323
5498
5210
5183
5017
5148
5151
5189
5361
5361
5495
5597
5388
5359
5378
5318
5496
5528
5507
5538
5591
5611
5619
5584
5456
5388
5287
5308
5249
5102
5163
5245
5411
5101
4957
4825
4722
4567
4815
4905
4907
4984
5026
4971
4979
5021
5071
5105
5083
4879
4991
4968
4970
4962
4959
4968
4904
4963
4856
4771
4698
4727
4846
4773
4687
4638
4594
4578
4722
4567
4454
4379
4565
4588
4598
4685
4582
4651
4531
4453
4392
4359
4280
4166
4183
4207
4280
4290
4029
3882
3805
3825
3907
4027
3898
3871
3878
3960
3847
3835
3955
4037
4021
4111
4123
3938
3984
3869
3800
3877
3821
3811
3844
3820
3789
3826
3973
4003
4174
4167
4195
4257
4154
4323
4357
4351
4364
4261
4404
4502
4468
4440
4359
4430
4459
4340
4311
4232
3960
3997
3948
4095
4241
4431
4393
4458
4194
4289
4418
4601
4489
4343
4436
4362
4526
4478
4553
4600
4450
4524
4476
4489
4427
4325
4345
4372
4404
4370
4457
4423
4433
4382
4407
4402
4541
4477
4528
4451
4434
4427
4417
4537
4810
4905
4869
4805
4930
4827
4723
4508
4475
4552
4466
4516
4521
4620
4762
4827
4808
4898
4997
4931
5023
5105
4947
4663
4710
4613
4645
4667
4454
4438
4412
4401
4418
4329
4215
4251
4202
4172
4217
4186
4312
4392
4490
4472
4642
4569
4381
4502
4582
4590
4603
4649
4509
4523
4532
4548
4498
4623
4732
4669
4681
4681
4622
4509
4509
4576
4528
4652
4718
4696
4560
4601
4697
4565
4466
4419
4407
4342
4478
4536
4434
4337
4281
4446
4290
4246
4359
4449
4364
4290
4130
4262
4159
4335
4372
4539
4550
4475
4433
4493
4392
4427
4565
4703
4697
4713
4651
4522
4474
4492
4582
4628
4723
4689
4738
4888
5131
5111
4855
4808
4618
4766
4641
4473
4469
4516
4340
4364
4335
4285
4398
4460
4382
4415
4419
4520
4509
4511
4393
4415
4509
4516
4449
4480
4357
4394
4310
4291
4313
4364
4280
4231
4202
4278
4301
4393
4527
4472
4653
4663
4643
4557
4638
4649
4659
4714
4780
4641
4600
4618
4667
4645
4858
4925
4784
4823
4883
4972
4963
5066
5080
5060
4988
5032
5163
5182
5261
5197
5316
5091
5022
5231
5141
5193
5185
5002
4931
4945
4998
5009
4859
4805
4821
4808
4712
4758
4872
4931
4835
5112
5231
5234
5202
5043
5139
5094
5263
5449
5561
5597
5475
5541
5619
5635
5785
5742
5601
5593
5536
5365
5447
5498
5593
5594
5595
5616
5508
5525
5539
5564
5391
5430
5357
5202
5171
5188
5029
4913
4907
4760
4975
4961
4747
4644
4632
4613
4507
4573
4464
4606
4366
4246
4340
4501
4503
4588
4518
4625
4662
4820
4907
4851
4921
4869
4945
5162
5110
5024
4902
4893
4756
4615
4606
4680
4699
4856
4748
4781
4865
4760
4821
4682
4784
4797
4735
4757
4916
4946
5015
4921
5069
5133
5237
5212
5157
5356
5225
5300
5271
5333
5234
5211
5353
5356
5196
5085
4995
5121
5172
5234
5289
5308
5378
5383
5417
5309
5082
4980
4930
5059
4967
4967
4978
5049
5144
5100
5177
4930
5029
4992
5157
5048
5110
5005
5006
5055
5049
4969
5032
4987
5076
5081
5070
5165
5250
5449
5616
5569
5639
5585
5478
5482
5572
5788
5593
5355
5393
5565
5509
5655
5807
6011
5952
5789
5711
5769
5889
5999
6035
5929
5805
5909
5740
5793
5761
5876
5993
5700
5591
5600
5466
5462
5478
5408
5625
5766
5673
5785
5830
5882
5851
5722
5802
5839
5857
5709
5816
5893
5612
5602
5559
5615
5533
5408
5446
5338
5221
5291
5296
5145
5120
5097
5080
5026
5104
5138
5115
5044
4929
4891
4911
5009
5035
5294
5230
5088
5199
5156
5196
5236
5220
5274
5628
5703
5539
5603
5483
5548
5531
5556
5637
5802
5763
5663
5589
5622
5665
5624
5589
5798
5755
5670
5655
5685
5797
5752
5895
5796
5832
5713
5669
5536
5519
5477
5457
5317
5253
5307
5378
5390
5342
5431
5414
5555
5678
5706
5689
5514
5623
5491
5753
5978
5970
5845
5847
5996
6063
5928
6023
5920
5926
5824
5603
5713
5859
5671
5704
5630
5491
5521
5506
5400
5426
5509
5633
5599
5542
5431
5364
5424
5402
5352
5455
5301
5420
5438
5444
5523
5426
5491
5459
5342
5291
5421
5515
5502
5520
5622
5720
5720
5830
5770
5912
5898
5905
5897
5753
5743
5813
5782
5727
5731
5823
5844
5626
5601
5542
5614
5427
5456
5363
5422
5345
5511
5555
5669
5660
5789
5847
5957
5837
5867
5761
5881
5846
5764
5829
5605
5736
5839
5789
5778
5834
5957
5941
5888
5742
5780
5785
5567
5608
5697
5719
5726
5556
5515
5443
5250
5282
5375
5390
5401
5405
5486
5457
5262
5398
5447
5373
5283
5192
5148
5159
5320
5374
5366
5237
5217
5201
5117
5239
5217
5194
5071
5176
5224
5163
5225
5240
5153
5062
5057
4938
4939
5002
5021
4953
4898
4754
4759
4736
4698
4873
4773
4763
4808
4867
4711
4805
4750
4729
4744
4786
4664
4620
4761
4832
4724
4813
4804
4857
4782
4820
4796
4741
4791
4786
4688
4675
4782
4752
4666
4630
4661
4672
4829
4644
4753
4744
4751
4787
4873
5052
5080
4969
4963
4950
4894
4915
4888
4661
4850
4957
5018
4913
4994
4873
4866
4882
4967
4898
4904
5132
5065
5052
4978
5023
5075
5017
4974
5170
5074
5053
5026
5062
5158
5240
5207
5250
5269
5293
5450
5353
5389
5411
5301
5361
5256
5151
5116
5287
5328
5502
5473
5445
5453
5449
5571
5690
5618
5560
5491
5310
5186
5044
5134
5153
5143
5350
5327
5363
5330
5244
5100
4937
4942
4832
4895
4951
4956
5023
4992
4960
4989
4987
5020
5122
5161
5073
5026
4992
4899
4924
4927
4877
5058
4931
5041
4937
5079
5125
5232
5286
5251
5279
5123
4901
5013
4995
5087
5082
5017
4990
5015
5232
5196
5268
5190
5214
5172
5075
5189
5261
5184
5240
5252
5339
5583
5526
5650
5541
5468
5566
5630
5538
5545
5466
5563
5638
5571
5542
5471
5435
5547
5698
5453
5283
5146
5001
4852
4853
4972
4899
4873
4782
4691
4467
4391
4351
4308
4334
4292
4378
4361
4290
4231
4182
4069
4266
4287
4236
4181
4209
4284
4299
4347
4381
4603
4614
4765
4925
5080
5208
5144
5053
4920
4954
4756
4925
4923
4958
5001
4907
4748
4783
4901
4977
5198
4928
5082
5090
5160
5251
5207
5365
5469
5509
5345
5516
5582
5608
5526
5546
5381
5250
5252
5248
5292
5239
5193
5206
4983
5002
5064
5008
4924
5096
5048
5130
5102
5153
5226
4945
4968
5090
4864
4876
4628
4598
4700
4686
4795
4764
4747
4703
4547
4614
4532
4625
4665
4713
4750
4874
4844
4824
4995
4945
5024
5082
4838
4808
5032
5028
5208
5134
5100
5135
5129
5249
5154
5188
5228
5382
5400
5269
5141
4888
4979
4996
4989
4909
4970
5043
5032
4973
5055
5032
5160
5248
5030
4922
4887
4992
5059
5114
4969
4760
4839
4719
4670
4748
4834
4790
4808
4823
4883
4917
4719
4725
4781
5045
4989
4981
4981
5111
4965
4773
4723
4972
5146
5188
5270
5157
5128
4985
4902
4928
5002
4985
5078
5070
5114
5263
5464
5347
5536
5580
5538
5553
5587
5764
5898
5917
5866
5810
5708
5749
5642
5611
5628
5766
5638
5572
5960
5723
5656
5754
5618
5612
5520
5604
5652
5627
5553
5521
5565
5529
5441
5392
5549
5747
5736
5806
5893
5980
6020
6055
6191
6040
6270
6397
6626
6353
6354
6433
6584
6490
6578
6610
6608
6418
6439
6357
6336
6535
6421
6320
6163
6296
6164
6223
6200
6506
6458
6502
6517
6553
6586
6447
6433
6594
6740
6704
6654
6687
6716
6677
6729
6884
6989
6932
6959
7022
7148
7088
7142
7190
7129
7045
7017
7148
7194
7270
7089
7149
7029
6981
6847
6947
6781
6634
6635
6688
6537
6512
6501
6449
6433
6388
6348
6259
6350
6204
6097
6161
6140
6296
6283
6238
6019
6068
6126
5832
5913
5741
5607
5533
5504
5585
5738
5807
5916
5800
5779
5784
5728
5716
5688
5764
5915
5814
5893
5975
5926
5828
5991
6129
6145
6129
6004
6271
6411
6494
6537
6436
6256
6245
6181
6066
6256
6359
6350
6489
6496
6777
6789
6869
6777
7073
7012
6922
6911
7039
7055
7045
7109
7301
7278
7316
7232
7213
7323
7228
7271
7339
7488
7725
7478
7722
7786
7826
7780
7818
7809
7832
7791
7774
7770
7589
7447
7411
7440
7431
7467
7387
7513
7670
7521
7684
7593
7693
7741
7717
7806
7822
8081
8021
7978
7844
7896
7776
7737
7745
7344
7321
7252
7161
6989
7188
7215
7251
7316
7332
7265
7233
7238
7487
7389
7543
7154
7161
7066
7024
7130
7135
6981
7031
6871
6818
6896
6786
6820
6875
7075
6953
6813
6862
6988
6878
7007
6847
6624
6623
6418
6598
6603
6677
6742
6676
6831
6760
6691
6593
6465
6614
6477
6532
6370
6455
6389
6384
6546
6536
6603
6821
6956
7018
7011
6883
6834
6696
6959
7045
6980
7011
6891
7008
6997
6989
7145
7062
6894
6898
6983
6951
6857
6874
6994
7132
7147
7133
6855
6968
7157
7047
7039
7046
7080
7199
6995
6979
7011
6843
7102
7289
7363
7425
7436
7385
7587
7638
8007
7996
8011
7940
7642
7567
7515
7675
7503
7646
7576
7687
7705
7579
7741
7700
7576
7365
7313
7298
7319
7170
7336
7307
7310
7286
7280
7490
7543
7504
7449
7472
7591
7550
7540
7505
7674
7612
7677
7735
7744
7772
7644
7746
7912
8017
8045
8039
8075
7990
7730
7662
7647
7655
7552
7354
7481
7483
7444
7566
7615
7704
7642
7705
7679
7447
7384
7294
7370
7525
7560
7329
7298
7405
7387
7536
7385
7333
7475
7308
7192
7266
7443
7269
7103
7013
6940
7100
7159
7170
7035
7117
7055
6973
7120
7254
7237
7279
7075
7150
7072
6944
6970
7155
7152
7190
7192
7401
7111
6980
6865
6822
6710
6790
6771
6849
6939
7044
6953
6860
6806
6541
6604
6559
6521
6502
6278
6091
5844
5641
5734
5924
6062
6082
6073
6169
6083
6055
6031
6039
5821
5840
5928
6014
5922
6084
6058
6019
5972
6001
5878
5793
5766
5747
5568
5646
5535
5237
5251
5260
5220
5190
5327
5275
5151
5214
5203
5253
5391
5414
5486
5514
5665
5637
5629
5620
5871
5790
5941
6055
6138
6108
5792
5995
5782
5648
5652
5601
5702
5769
5647
5575
5499
5407
5586
5556
5663
5748
5613
5653
5635
5591
5769
5786
5814
5669
5539
5490
5289
5320
5490
5577
5575
5607
5572
5456
5400
5357
5258
5186
5269
5581
5478
5466
5631
5614
5616
5642
5556
5714
5764
5874
5829
5717
5764
5755
5796
5846
5909
5862
5861
5851
5782
5855
5861
5567
5415
5473
5516
5600
5592
5588
5478
5559
5606
5693
5688
5812
5901
5995
6022
5982
5864
5912
5899
5807
5763
6038
6054
6137
6125
6177
6187
6226
6305
6215
6296
6254
6288
6358
6190
6313
6294
6361
6422
6340
6194
6291
6338
6218
6411
6313
6197
6376
6283
6324
6120
5907
5970
5947
5869
5961
6016
5855
5882
5802
5872
5725
5754
5664
5649
5512
5383
5248
5132
5060
5011
4960
4922
5112
5370
5225
5253
5114
5267
5437
5464
5349
5441
5387
5506
5652
5687
5769
5745
5605
5508
5406
5321
5369
5429
5371
5412
5445
5439
5520
5523
5454
5438
5640
5630
5559
5677
5547
5584
5611
5565
5583
5681
5672
5796
5909
5930
5894
5952
6072
6160
6276
6188
6181
6354
6391
6520
6400
6364
6507
6277
6236
6413
6358
6552
6381
6338
6362
6347
6357
6467
6723
6653
6848
7097
7053
7019
7171
7026
7023
6901
6830
6726
6775
6782
6761
6752
6533
6551
6498
6182
5857
5809
5644
5689
5934
6079
5998
6154
6126
6045
6004
6047
6044
6023
5932
5967
5719
5635
5643
5735
5741
5839
5798
5878
5892
5814
5864
5717
5570
5509
5486
5509
5616
5662
5669
5642
5650
5722
5772
5629
5537
5485
5492
5550
5533
5531
5564
5608
5677
5718
5775
5781
5727
5618
5451
5421
5484
5707
5814
6138
6308
6402
6379
6411
6265
6177
6166
5967
5932
5932
5853
5849
5842
5760
5690
5858
5605
5623
5598
5702
5858
5737
5965
5865
5762
5868
5744
5712
5908
5601
5812
5685
5776
5923
5905
5922
5987
5979
6114
6254
6363
6294
6265
6328
6400
6451
6444
6343
6232
6057
6128
6101
6187
6253
6211
6217
5958
5950
5840
6154
6273
6384
6564
6500
6351
6350
6227
6095
6081
5895
5884
5875
5973
6067
5980
6011
6060
6111
6089
6095
5999
5986
6085
6204
6213
5880
5786
5780
5748
5731
5732
5582
5597
5732
5797
5686
5575
5523
5432
5333
5202
5389
5341
5308
5257
5212
5185
5329
5345
5425
