1005000
266886
174820
129492
102722
85219
72407
62882
55511
49214
44625
40696
37874
35380
33174
30962
29129
27424
25724
24711
23695
22610
21592
20666
19330
18512
17729
17174
16471
15961
15314
14582
14169
13987
13481
12753
12357
11810
11568
11426
11122
10939
10508
10477
10340
9958
9882
9505
9295
9289
9048
8785
8842
8846
8854
8642
8349
8044
7909
7944
7941
7868
7922
7781
7689
7574
7702
7480
7423
7293
7173
6982
6940
6842
6760
6678
6439
6324
6269
6140
5893
5824
5755
5789
5651
5465
5581
5558
5428
5637
5662
5467
5491
5540
5312
5217
5243
5202
4997
5064
5016
4999
5004
4871
4824
4764
4653
4527
4521
4520
4598
4580
4583
4603
4391
4213
4321
4343
4302
4387
4479
4210
4246
4184
4049
4029
3858
3938
3923
3985
3852
3752
3651
3769
3762
3692
3508
3540
3572
3582
3529
3571
3430
3179
3116
3133
3077
3154
3120
3144
3082
3004
3054
3066
3032
2932
2803
2884
3028
3082
3265
3307
3295
3101
3116
3114
3132
3147
3146
3214
3131
3247
3325
3412
3570
3473
3374
3493
3519
3609
3650
3709
3787
3834
3860
4044
4011
4079
3969
3962
3802
3812
3771
3758
3873
4055
4104
3978
3936
3903
3966
3918
3837
3703
3774
3788
3817
3906
3975
3808
3750
3705
3552
3439
3317
3260
3400
3389
3375
3446
3311
3380
3398
3406
3556
3666
3701
3723
3761
3704
3544
3587
3524
3407
3356
3342
3475
3541
3510
3480
3365
3086
3148
3059
3005
2979
3030
2926
3034
3099
3032
3163
3101
3074
2973
2893
2859
2725
2789
2848
2763
2857
2841
2978
2981
3061
2911
2777
2738
2644
2634
2556
2571
2594
2668
2674
2587
2599
2533
2604
2604
2778
2826
2672
2620
2698
2641
2797
2853
2948
2926
2881
2927
2756
2914
2766
2797
2804
2699
2711
2804
2875
3013
2939
2953
2946
2865
2948
3049
3069
3109
3276
3275
3211
3195
3181
2953
3002
2913
2950
2961
2919
2871
2922
2967
2985
2993
3058
3126
3131
3233
3282
3204
3111
2944
2901
2944
2957
2943
2878
2860
2866
2851
2920
2978
2902
2982
3026
3107
3131
3126
3257
3156
3052
3088
3025
2871
2863
2727
2742
2796
2836
2902
2918
2895
2941
2769
2809
2893
2919
2959
3006
2930
2824
2764
2758
2640
2677
2580
2672
2668
2614
2593
2581
2490
2488
2460
2543
2504
2563
2600
2631
2602
2467
2457
2344
2353
2384
2392
2312
2331
2289
2342
2308
2380
2259
2277
2271
2296
2332
2369
2310
2250
2199
2285
2412
2517
2487
2530
2638
2590
2644
2708
2863
2882
2788
2821
2885
2903
2764
2671
2602
2697
2605
2680
2641
2667
2671
2752
2677
2624
2664
2653
2644
2714
2691
2751
2754
2676
2617
2485
2436
2463
2453
2421
2388
2406
2496
2506
2453
2411
2425
2374
2418
2501
2441
2547
2487
2487
2433
2389
2391
2337
2411
2368
2505
2555
2569
2646
2748
2793
2805
2914
2897
2972
2949
3015
3110
2996
3027
2936
2910
2923
2953
3015
2928
2899
2956
3000
2979
2863
2921
3037
2959
2944
3116
3157
3110
3012
2988
3085
3150
3085
3154
3226
3143
3130
3141
3205
3117
3187
3278
3278
3254
3164
3166
3186
3175
3223
3177
3132
3270
3165
3211
3154
3219
3262
3382
3337
3191
3206
3391
3421
3452
3499
3377
3317
3397
3431
3377
3508
3486
3634
3705
3751
3755
3704
3741
3741
3773
3802
3769
3767
3699
3697
3665
3627
3570
3704
3757
3786
3664
3576
3583
3601
3822
3956
4135
3983
4014
4042
4118
4029
4047
3992
4029
4138
4150
4189
4371
4397
4290
4284
4472
4474
4504
4565
4485
4388
4502
4519
4367
4378
4315
4240
4278
4301
4228
4347
4350
4486
4397
4423
4410
4365
4522
4616
4743
4796
4755
4710
4699
4531
4706
4725
4692
4882
4967
4926
4902
4919
4851
4808
4882
5007
4958
4843
4700
4843
4899
5031
5060
5086
5079
5224
5365
5399
5470
5474
5373
5472
5469
5425
5302
5122
5170
5219
5258
5452
5532
5456
5353
5332
5413
5417
5509
5417
5498
5488
5524
5473
5433
5318
5331
5318
5434
5434
5250
5288
5358
5303
5367
5406
5467
5391
5360
5502
5511
5458
5601
5380
5303
5178
5158
5191
5275
5283
5280
5212
5210
5132
5155
5102
5176
5245
5312
5302
5375
5272
5270
5307
5070
4978
4794
4958
4985
4938
4956
4782
4704
4712
4627
4547
4684
4771
4797
4779
4749
4884
5137
5191
5289
5215
5331
5252
5232
4976
4954
4788
4721
4690
4637
4785
4877
4776
4974
5091
5199
5251
5071
5244
5230
5135
5013
5022
5023
5037
5121
5030
4951
5004
4952
5173
5118
5167
5237
5275
5489
5527
5421
5501
5596
5688
5833
5549
5525
5536
5592
5688
5777
5737
5698
5884
5913
5998
6106
5979
5950
6072
6095
6212
6265
6251
6447
6644
6631
6541
6560
6625
6822
6598
6657
6480
6387
6309
6298
6633
6577
6659
6757
6648
6471
6380
6106
6142
6160
6307
6235
6219
6328
6185
6007
6068
6068
6187
6241
6068
6012
5971
5946
6156
6405
6282
6220
6104
5943
5936
6018
6032
5953
5938
5981
5983
6124
6130
6057
6113
6007
5984
5945
6040
6096
6005
5962
5981
6099
6214
6157
6214
6036
6297
6312
6334
6351
6430
6405
6326
6327
6141
6213
6251
6299
6257
6135
6090
6116
6214
6544
6793
6768
6594
6646
6670
6760
6801
6716
6925
6929
6659
6894
7060
7205
7148
7089
7141
7025
6980
6939
7030
6898
7133
6800
6941
6815
6690
6496
6558
6475
6385
6264
6328
6390
6251
6234
6088
6165
6129
6201
6119
6130
5955
5859
5879
5934
6050
6305
6427
6302
6259
6325
6225
6373
6211
6430
6511
6613
6528
6670
6720
6495
6447
6382
6305
6309
6441
6501
6529
6365
6416
6618
6495
6319
6451
6338
6368
6409
6436
6434
6355
6303
6464
6485
6438
6525
6508
6440
6372
6441
6534
6678
6598
6594
6508
6540
6646
6604
6750
6974
6934
6904
6904
6783
6633
6661
6591
6470
6466
6419
6416
6550
6535
6385
6221
6126
5903
6059
6074
6077
6118
5968
5977
5786
5578
5464
5531
5569
5533
5353
5483
5685
5686
5527
5417
5325
5398
5360
5273
5212
5123
5032
4970
5074
4911
4821
4834
4855
4943
4862
5011
5019
4966
5082
4911
4915
5063
5144
5166
5150
5278
5303
5336
5225
5244
5199
5153
5178
5308
5337
5295
5284
5225
5273
5420
5455
5394
5258
5071
4889
5006
5049
5218
5231
5145
5038
5003
4995
4995
5094
5066
5079
5114
5059
5176
5196
5025
4995
5199
5176
5041
5184
5065
5220
5236
5580
5621
5774
5718
5732
5624
5668
5687
5762
5784
5740
5751
5746
5748
5585
5526
5508
5571
5799
5989
6082
6009
5899
5952
6067
6111
6009
5913
5819
5540
5738
5618
5478
5365
5425
5275
5448
5481
5402
5542
5677
5643
5534
5546
5555
5676
5652
5668
5569
5594
5364
5395
5116
5112
5111
5111
5172
5378
5302
5293
5194
5192
5377
5396
5399
5272
5341
5555
5734
5649
5625
5633
5523
5484
5689
5867
6014
5950
5946
5849
6011
6171
5998
6049
5975
5997
5961
5678
5542
5710
5676
5627
5569
5443
5422
5472
5611
5520
5506
5622
5747
5705
5522
5464
5387
5378
5363
5462
5447
5267
5257
5143
4938
4855
4809
4728
4749
4888
4933
4818
4689
4760
4588
4688
4798
4755
4668
4827
4896
5038
4894
4948
4846
4923
4781
4751
4623
4570
4579
4567
4655
4759
4781
4866
4835
4850
4794
4775
4591
4686
4744
4626
4651
4606
4598
4578
4613
4470
4530
4516
4555
4607
4588
4517
4493
4648
4665
4658
4633
4843
5012
4934
4922
4861
4920
4843
4976
5103
5092
5275
5395
5339
5381
5317
5318
5254
5002
5094
5257
5420
5375
5427
5299
5309
5345
5469
5482
5562
5506
5613
5741
5768
5963
5864
5854
5943
5944
5833
5762
5710
5817
5621
5795
5977
6131
5975
6004
6032
6111
5919
6081
6135
6179
6095
6134
5894
5980
5910
5908
6085
6113
6149
6045
6055
6119
6300
6348
6183
6223
6139
6224
6350
6373
6336
6313
6106
6480
6609
6543
6551
6636
6671
6699
6617
6504
6318
6375
6606
6767
6603
6577
6544
6536
6552
6383
6416
6569
6558
6679
6749
6647
6732
6791
6808
6676
6775
6920
7009
6928
6961
7024
6841
6685
6636
6610
6468
6341
6391
6209
6314
6592
6406
6460
6442
6371
6467
6210
6305
6284
6200
6148
6279
6079
5996
6008
6048
6213
6149
6142
6268
6272
6325
6481
6507
6440
6547
6539
6568
6382
6439
6385
6296
6075
6030
6054
6061
6060
6054
6037
6032
6044
6029
5949
5948
5848
5866
5947
5978
6006
5768
5603
5484
5489
5340
5318
5240
5212
5261
5229
5397
5221
5049
4896
4889
4750
4821
4845
4919
5043
5068
4896
4832
4814
4733
4769
4765
4664
4648
4704
4734
4735
4795
4816
4964
4999
4989
5213
5121
5117
5034
5004
5080
5164
5253
5244
5374
5473
5538
5576
5490
5600
5515
5474
5467
5633
5394
5416
5398
5493
5550
5478
5607
5733
5674
5690
5624
5753
5609
5731
5594
5704
5767
5824
5865
5652
5582
5573
5616
5752
5848
5705
5685
5611
5724
5711
5729
5682
5666
5437
5539
5658
5637
5450
5418
5526
5434
5326
5331
5361
5471
5456
5405
5267
5256
5195
5195
5078
5145
5181
5175
5140
5067
5072
4884
4898
4882
4898
4974
5031
5215
5204
5309
5205
4972
5010
5005
5099
5161
5223
5261
5236
5244
5248
5335
5413
5557
5501
5625
5845
5846
5946
5770
5908
6137
6145
6087
6056
5993
6091
6207
6114
6073
6154
6309
6320
6084
6045
5970
5840
5983
5943
5878
5786
5850
5978
6147
6324
6518
6668
6710
6742
6940
6827
6884
6797
6854
6905
6811
6835
6796
6730
6640
6617
6469
6271
6002
5745
5949
6111
6200
6392
6325
6333
6405
6460
6482
6255
6301
6117
6122
5973
6051
6180
6179
6198
6192
6120
5929
5879
5759
5744
5714
5545
5461
5407
5546
5513
5546
5720
5572
5498
5559
5617
5786
5699
5821
5776
5722
5701
5640
5613
5479
5509
5797
5713
5641
5564
5544
5651
5516
5503
5494
5382
5511
5701
5748
5802
5829
5850
5895
5815
5574
5398
5305
5442
5483
5530
5544
5543
5570
5651
5901
6050
6041
6102
6173
6065
6078
6270
6192
6395
6579
6546
6553
6429
6307
6231
6052
6044
5942
5929
5861
5787
5934
5687
5453
5334
5313
5377
5328
5393
5472
5615
5621
5636
5596
5557
5517
5668
5750
5797
6052
6117
6111
5982
5848
5907
5847
5895
6023
6058
6215
6228
6107
5932
6011
6080
6024
5943
5821
5856
5980
5953
5802
5877
5863
5867
5944
5929
5918
6038
6109
6078
5963
5872
6109
6210
6348
6422
6301
6126
6073
6064
5857
5787
5576
5775
5782
5854
5733
5625
5501
5579
5424
5477
5517
5507
5463
5279
5354
5415
5255
5195
5322
5273
5329
5207
5172
5262
5357
5399
5383
5343
5386
5387
5303
5344
5499
5419
5358
5154
5213
5308
5292
5168
5127
5036
5063
5044
5245
5103
5106
5113
4999
5047
5220
5103
5085
4979
5092
5205
5102
5128
5088
5053
5026
5098
5147
5330
5318
5372
5501
5415
5381
5571
5537
5422
5325
5319
5285
5343
5457
5501
5510
5455
5426
5497
5557
5834
5851
5745
5614
5449
5635
5657
5443
5531
5619
5567
5571
5579
5547
5543
5367
5321
5296
5416
5214
5191
5166
5040
5056
5140
5022
5163
5215
5245
5349
5512
5415
5442
5381
5334
5292
5364
5542
5668
5735
5917
5887
6237
6217
6146
6178
6134
5926
5777
5723
5896
5828
5797
5717
5880
5851
5802
5666
5624
5575
5689
5640
5729
5629
5610
5598
5604
5769
5677
5528
5643
5789
5747
5745
5842
5923
5892
5728
5978
5864
5998
5944
5909
5882
5931
5945
5867
5840
5818
5858
5950
5984
5969
5887
5907
6069
5983
5956
5872
5863
5777
5849
5923
5815
5924
5899
5842
5952
5882
5830
5750
5779
5704
5459
5621
5725
5795
5869
5921
5981
5827
5974
6010
5947
5897
5970
5941
6003
5963
5914
5977
5876
6020
6064
6120
6205
6348
6349
6192
6184
6242
6106
6123
6146
6103
6154
6139
6171
6094
5807
5828
5690
5654
5684
5631
5708
5726
5822
5919
5758
5645
5660
5623
5494
5520
5577
5565
5572
5391
5387
5277
5253
5151
5352
5630
5722
5797
5873
5727
5672
5521
5375
5444
5502
5582
5614
5618
5584
5567
5775
5778
5759
5860
5972
5999
6229
6216
6280
6065
6098
6112
6046
5995
6009
6158
5979
6082
6225
6383
6588
6768
6817
6866
6862
6832
6697
6771
6842
6781
6866
6927
7024
7144
7165
7314
7453
7225
7422
7446
7627
7548
7456
7306
7104
7045
7015
6938
6858
6819
6916
6747
6807
6958
6974
7162
7185
7151
7351
7376
7426
7467
7655
7831
7826
7930
7966
7828
7750
7826
7713
7604
7470
7373
7410
7430
7534
7507
7390
7382
7187
7181
7092
7176
7408
7263
7320
7423
7411
7491
7567
7694
7657
7602
7622
7524
7516
7733
7720
7581
7434
7480
7642
7560
7764
7712
7755
7722
7594
7610
7471
7626
7715
7622
7737
7744
7453
7545
7560
7670
7797
7694
7831
7831
7867
7904
7954
7859
7784
7629
7735
7617
7671
7653
7696
7840
7971
8004
8122
8207
8144
8152
8100
8053
8085
8233
8219
8336
8416
8404
8409
8550
8473
8644
8632
8635
8527
8594
8600
8609
8590
8757
8631
8467
8633
8761
8723
8667
8462
8450
8538
8512
8614
8529
8292
8378
8472
8387
8167
8289
8224
8429
8323
8447
8198
7951
8086
8059
8175
8208
7923
7995
7933
7946
7828
7690
7516
7475
7517
7704
7992
8116
7980
7978
7942
7923
7968
8108
8293
8198
8153
8100
8074
8036
8007
7949
8066
8135
8026
8209
7997
7665
7483
7567
7439
7374
7343
7267
7122
7303
7240
7335
7455
7620
7428
7378
7311
7429
7425
7221
7284
7387
7334
7255
7146
7136
7042
7112
7008
7313
7449
7355
7092
6948
6856
6930
6942
6996
6940
6833
6645
6445
6159
6284
6177
6303
6201
6134
5975
6018
6005
6048
6099
6296
6205
5998
5868
5831
5904
5795
5798
5807
5728
5838
5823
5752
5610
5491
5505
5612
5634
5556
5615
5562
5758
5746
5852
5930
6085
6130
6143
6165
6309
6058
5833
5828
5975
5870
5872
5913
5937
5811
5942
5998
5821
5879
5766
5597
5779
5855
5846
5921
5892
5766
5814
5897
5797
5606
5441
5538
5489
5548
5690
5834
5702
5473
5396
5489
5663
5619
5831
5770
5836
5935
5877
6033
6021
6072
5926
5849
5771
5827
5704
5658
5652
5821
5750
5834
5945
5956
5973
6069
6069
6066
5834
6006
5711
5603
5661
5553
5684
5672
5441
5322
5480
5503
5462
5536
5478
5538
5446
5181
5261
5187
5150
5135
5110
5118
5078
5066
5191
5136
4937
4925
5014
4984
4981
4965
5060
5117
5234
5158
4915
4847
4909
4905
4792
4828
4847
5019
5185
5257
5312
5401
5138
5400
5266
5424
5350
5434
5404
5294
5341
5282
5495
5611
5724
5998
6166
6149
6115
6104
6039
5924
5789
5920
5928
5833
5656
5663
5747
5782
5736
5767
5824
5794
5709
5696
5741
5708
5844
5898
5929
5873
5789
5801
5878
5966
5890
5833
5814
5997
5752
5896
5945
5927
5976
5916
6081
5990
5984
5789
5952
6195
6159
5866
5913
6011
6114
5974
5952
5929
5993
5818
5727
5794
5770
5665
5808
5772
5529
5753
5782
5696
5652
5720
5563
5659
5786
5703
5883
5842
5798
5624
5621
5563
5367
5411
5322
5340
5495
5354
5353
5379
5407
5403
5275
5196
5192
5220
5174
5230
5127
5239
5246
5117
5076
5046
5185
5324
5324
5232
5284
5157
5249
5358
5412
5485
5562
5456
5453
5466
5285
5161
4992
5092
5018
5111
5162
5169
5019
4991
5163
5156
5157
5218
5342
5305
5131
5287
5306
5404
5257
5142
5243
5478
5490
5344
5587
5548
5585
5453
5295
5236
5222
5124
4967
5026
5058
5176
5175
5188
5184
5133
5078
4923
4949
5005
4944
4887
5002
4878
5159
5193
5192
5151
5039
5001
4995
4945
4931
4901
4886
4978
5046
5084
5068
5201
5040
5100
5019
4771
4852
4930
5024
5028
4863
4989
5054
5026
5063
5054
5097
5109
5103
4837
4798
4802
4869
4869
5014
4812
4700
4639
4619
4578
4743
4647
4648
4766
4833
4855
5057
5180
5167
5256
5186
5119
5189
5219
5196
5290
5397
5388
5448
5569
5560
5656
5705
5658
5574
5556
5418
5415
5489
5380
5268
5195
5435
5479
5578
5631
5638
5447
5650
5687
5785
5629
5416
5453
5284
5305
5153
5169
5094
5096
5300
5311
5369
5340
5236
5070
4939
4928
5008
5209
5274
5220
5365
5407
5365
5303
5216
5284
5302
5495
5407
5210
5327
5280
5367
5246
5190
5266
5408
5332
5336
5348
5468
5452
5588
5499
5392
5504
5699
5574
5546
5652
5761
5492
5339
5320
5369
5388
5414
5139
5128
5248
5212
5230
5220
5133
5197
5255
5307
5156
5226
5148
4971
5176
5292
5251
5248
5258
5374
5655
5574
5604
5649
5642
5771
5613
5782
5862
5916
6061
5941
5841
5671
5545
5473
5451
5481
5626
5609
5634
5796
5695
5873
5734
5812
5675
5641
5439
5358
5331
5466
5405
5546
5649
5462
5267
5183
5309
5324
5455
5609
5672
5697
5823
5740
5803
5685
5636
5823
5739
5728
5568
5525
5445
5510
5506
5323
5352
5236
5075
5060
5101
5031
5054
4872
5050
5139
5106
5002
4992
4826
4868
4803
4859
4845
4697
4560
4764
4726
4597
4580
4839
4891
4787
4741
4766
4857
4822
4800
4737
4843
4794
4627
4548
4382
4209
4148
4278
4425
4407
4333
4350
4307
4123
4168
4043
4016
3964
4101
4157
4113
3917
3996
3983
4069
3966
3857
3802
3942
3903
3916
3874
3956
4093
4097
4109
4091
4212
4187
4158
4160
4160
4112
3999
4019
3956
3904
3993
4012
4128
4158
4245
4278
4179
4094
4167
4224
4144
4355
4398
4302
4506
4614
4726
4580
4362
4294
4534
4583
4426
4392
4585
4721
4706
4778
4851
4892
4905
4780
4784
4746
4668
4532
4660
4589
4567
4492
4559
4493
4399
4373
4104
4122
4240
4220
4056
4168
4220
4264
4226
4253
4241
4228
4261
4126
4143
4211
4139
4102
4128
4049
4025
4003
3981
3972
4012
3981
4079
4207
4165
4245
4358
4310
4211
4298
4367
4279
4287
4304
4254
4094
4086
4150
4205
4241
4185
4027
3942
3888
3813
3775
3751
3649
3632
3822
3832
3743
3865
4047
4013
3982
4046
4027
4090
4126
4077
4154
4173
4060
4149
4157
4169
4137
4088
3929
3867
3940
4026
3946
3903
3910
3747
3827
3833
3802
3872
3721
3769
3914
4015
4055
3925
4028
3885
3856
3950
3958
3878
3684
3820
3910
3911
3871
3703
3828
3808
3804
3886
3874
3870
3797
3649
3610
3768
3701
3668
3706
3658
3441
3440
3524
3580
3547
3539
3629
3538
3609
3605
3536
3459
3425
3345
3580
3681
3562
3649
3647
3679
3579
3640
3698
3706
3745
3732
3726
3748
3888
3856
3879
3732
3881
3915
3838
3797
3713
3680
3873
3968
4028
4024
3898
3923
4004
3989
4148
4293
4233
4242
4374
4346
4336
4330
4387
4468
4491
4446
4410
4283
4188
4246
4257
4073
4135
4247
4245
4302
4497
4558
4389
4425
4422
4411
4432
4470
4408
4330
4296
4191
4246
4145
4194
4213
4108
4161
4117
4087
4079
4067
3971
3953
3973
4114
4178
4286
4263
4268
4104
4164
4372
4461
4553
4396
4288
4303
4329
4292
4397
4225
4068
3986
3829
3893
3852
3926
3927
3919
4034
4022
4085
3994
3821
3852
3781
3751
3767
3933
3907
3976
4097
4227
4029
4164
4202
4299
4355
4376
4254
4268
4291
4272
4093
4083
4059
4159
4012
4116
4101
4288
4185
4163
4214
4236
4310
4391
4553
4554
4580
4347
4295
4185
4104
4199
4344
4205
4221
4412
4392
4363
4288
4283
4193
4140
4255
4220
4294
4248
4336
4250
4106
4011
3872
3883
3840
3804
3810
3804
3859
3919
3846
3959
3968
4045
4101
4236
4316
4316
4344
4449
4109
4167
4244
4279
4498
4567
4566
4429
4414
4391
4486
4406
4444
4598
4677
4598
4713
4727
4850
4976
5065
5062
5150
5170
5166
5192
5359
5417
5251
5269
5520
5670
5812
5901
5792
5655
5736
5691
5683
5561
5689
5660
5528
5298
5240
5353
5464
5383
5451
5450
5541
5533
5394
5307
5274
5034
5071
5083
5128
5041
5122
5134
5052
5126
5107
5004
4976
4873
4664
4716
4756
4881
4837
5047
5044
5001
5113
5110
5219
5111
4901
4931
4992
4979
5098
5051
5301
5116
5262
5533
5357
5344
5144
5029
4935
4811
4902
4952
5016
5220
5294
5411
5517
5692
5776
5709
5725
5792
5684
5671
5617
5833
5697
5322
5245
5314
5350
5418
5553
5583
5577
5623
5607
5579
5632
5390
5348
5374
5385
5448
5463
5517
5407
5507
5655
5822
6022
6207
6060
6114
6035
6101
6181
6221
6113
6168
6336
6300
6000
6085
5967
5838
5866
5749
5933
5875
5825
5913
5748
5650
5744
5808
6032
5990
6027
6046
6094
6150
6146
6395
6278
6260
6177
6251
6282
6073
5940
5896
5771
5726
5600
5528
5683
5789
5825
5696
5580
5547
5602
5472
5352
5450
5532
5429
5482
5539
5388
5261
5225
5111
5140
5136
5165
5251
5290
5229
5177
5148
5095
5085
5115
5194
5027
5098
5080
5142
5220
5282
5232
5277
5293
5306
5368
5269
5412
5334
5376
5466
5301
5364
5563
5534
5611
5721
5780
5836
5820
5994
5922
5835
5859
5880
5787
5938
5850
6021
5895
6034
6108
6134
6051
5829
5768
5606
5521
5394
5401
5542
5671
5640
5856
5875
5841
5749
5855
5866
5582
5575
5509
5593
5453
5461
5543
5708
5539
5661
5701
5629
5561
5478
5320
5378
5343
5389
5311
5224
5369
5538
5616
5722
5672
5746
5804
5729
5719
5961
5913
5965
6009
6075
5942
5868
5690
5569
5682
5928
5983
5947
5887
5946
5858
6116
6098
6103
6112
5887
5732
5689
5763
5688
5553
5591
5475
5555
5551
5544
5467
5286
5257
5176
5317
5415
5502
5514
5621
5474
5449
5533
5396
5609
5689
5698
5549
5521
5347
5225
5098
5095
5084
5260
5338
5613
5628
5706
5702
5612
5712
5788
5750
5765
5906
5813
5938
6044
6001
6090
6095
6199
6099
6067
6118
6056
5966
6174
6248
6124
6085
6204
6304
6545
6452
6663
6761
6905
6741
6674
6691
6824
6567
6492
6482
6406
6415
6592
6592
6425
6410
6207
6293
6252
6242
6365
6384
6274
6412
6068
5836
5860
5796
5824
5769
5635
5759
5775
5942
5993
6032
5841
5674
5493
5513
5652
5581
5491
5525
5688
5585
5624
5541
5568
5512
5395
5390
5568
5670
5541
5578
5747
6002
6090
5907
5870
5958
5922
5941
5890
5933
5665
5626
5824
5695
5696
5660
5498
5439
5503
5579
5551
5511
5687
5709
5728
5814
5875
5757
5712
5780
5801
5638
5780
5868
6028
5985
5981
5919
6139
6152
6117
6088
5814
5775
5931
5819
5815
5579
5670
5776
5848
5781
5783
5749
5765
5870
5782
5866
5886
5991
5916
5817
5800
5740
5604
5724
5693
5788
5791
5701
5824
5681
5485
5529
5552
5435
5485
5407
5538
5474
5476
5518
5501
5416
5351
5238
5076
5145
4985
4880
4815
4888
4912
4806
4848
4947
4818
4939
4926
5027
5252
5094
5124
5142
4983
5057
5094
5084
5131
5196
5217
5177
4995
5088
4955
4841
4901
4860
4810
4929
4874
4834
4946
5014
4953
4810
4940
4890
5073
4921
4815
4738
4653
4856
4917
5117
5049
5057
4999
4962
5066
5120
5074
4946
5132
5083
5062
5086
4943
4970
5057
5081
5139
5212
5241
5198
5173
5052
5231
5239
5176
5273
5186
5239
5080
5070
5028
4979
4776
4877
4941
4996
4985
5106
5139
5238
5330
5283
5310
5373
5234
5218
5279
5362
5447
5500
5559
5481
5502
5459
5379
5517
5557
5417
5429
5411
5448
5384
5292
5351
5304
5347
5493
5536
5531
5702
5876
5984
5922
6021
5975
6061
5890
5854
5873
5988
5871
5709
5823
6016
5914
5862
5822
5985
5892
5954
5749
5845
5803
5669
5773
5738
5743
5752
5856
5913
6200
6147
6054
6010
6007
5968
5895
5916
5908
5734
5745
5487
5429
5442
5466
5502
5557
5487
5579
5692
5754
5807
5839
5875
5683
5555
5397
5354
5344
5403
5371
5266
5192
5327
5416
5374
5500
5678
5765
5639
5575
5604
5843
5956
5976
5662
5444
5344
5301
5343
5353
5449
5547
5545
5657
5658
5643
5398
5334
5274
5117
5348
5310
5315
5346
5346
5488
5374
5453
5406
5507
5527
5544
5547
5262
5460
5546
5475
5550
5741
5665
5702
6043
6097
6117
6187
6301
6178
6224
6437
6568
6510
6667
6537
6585
6350
6512
6549
6501
6547
6425
6183
6033
6124
5889
5917
5922
5888
5970
6106
6094
6043
6262
6353
6490
6474
6430
6494
6530
6539
6655
6584
6616
6699
6757
6789
6690
6811
6926
6760
6497
6526
6568
6568
6629
6532
6401
6197
6218
6104
6065
5883
5917
5881
5892
5835
5855
5824
5930
6106
5984
5967
5939
6013
5834
5830
5889
5876
6007
5948
6093
6014
6149
6111
6251
6166
6154
6334
6362
6040
6103
6071
5979
6012
5902
5850
6022
5900
5885
5781
5670
5437
5560
5485
5478
5407
5332
5337
5277
5391
5375
5280
5097
5021
4886
4890
5043
5063
5027
5066
5017
5075
5119
5083
5005
5089
5063
5142
5084
5070
5160
5157
5080
5124
4951
5187
5067
5114
5146
5086
4912
4956
4734
4701
4768
4784
4727
4574
4687
4696
4556
4639
4801
4680
4672
4740
4806
4652
4634
4834
4901
4801
4753
4927
4988
4920
4945
4768
4788
4790
4854
4891
4909
4882
4813
4835
4972
5074
5086
5093
4962
4893
4853
4890
4921
4955
4991
5133
5134
5324
5425
5497
5514
5396
5445
5490
5411
5536
5610
5654
5651
5512
5542
5570
5656
5703
5701
5583
5532
5448
5310
5452
5339
5192
5200
5260
5409
5560
5664
5776
5644
5657
5877
5868
5760
5819
5941
5922
5830
5703
5747
5953
6033
5961
6091
6027
6043
5906
5951
6056
6209
6431
6608
6753
6760
6672
6553
6607
6558
6564
6499
6587
6448
6504
6472
6443
6524
6590
6577
6494
6392
6377
6331
6325
6200
6350
6353
6450
6328
6306
6423
6559
6286
6316
6296
6389
6596
6520
6536
6320
6095
6179
6172
6020
6137
6140
6198
6112
6073
6145
6114
6221
6110
6186
6328
6293
6469
6415
6393
6491
6612
6700
6665
6873
6944
7111
7040
6965
7139
7208
7073
7034
7023
7047
6921
7053
7043
7133
7285
7385
7129
6904
6908
6796
6816
6761
6675
6877
6863
6830
6639
6567
6550
6643
6694
6994
6969
7231
7297
7513
7072
7061
7022
6803
6892
7039
7207
7262
7183
7089
7043
7069
6917
7066
6828
6792
6777
6582
6664
6741
6991
7081
7009
7112
7089
7114
7337
7393
7425
7435
7453
7446
7368
7345
7482
7546
7383
7391
7300
7481
7457
7436
7260
7358
7488
7527
7594
7293
7306
7110
7144
7162
7288
7240
7240
7204
7376
7386
7256
7404
7377
7418
7437
7351
7564
7564
7401
7600
7912
7788
7776
7647
7814
7997
8181
8250
8313
8309
8440
8339
8503
8544
8612
8553
8439
8658
8641
8847
8893
8901
8731
8820
8725
8823
8859
8616
8764
8749
8727
8714
8577
8413
8411
8242
8602
8551
8477
8384
8108
8115
8063
8042
7966
7878
7739
7636
7584
7425
7477
7611
7573
7490
7398
7507
7433
7621
7785
7837
7893
7791
7880
7810
7935
7711
7725
7792
7667
7599
7549
7643
7707
7808
7834
7873
7757
7790
7897
7981
8029
8121
8134
8187
8024
7965
7901
7828
7788
7783
7751
7777
7482
7217
7006
6900
6926
6954
6819
6804
6799
6834
7062
7094
7148
7074
7140
7110
7031
7113
7074
7123
6961
7027
7087
7285
7341
7201
7379
7346
7165
7093
7103
7202
7120
7138
7162
7048
7118
7189
7460
7500
7500
7376
7539
7443
7391
7023
6840
6790
6920
6829
6991
7025
6926
6854
6818
6556
6386
6411
6560
6589
6471
6262
6124
6209
6219
6119
6017
6202
5887
5785
5806
5916
5735
5883
5900
5963
5757
5730
5743
5733
5788
5540
5660
5657
5680
5607
5580
5443
5519
5477
5483
5397
5470
5480
5565
5511
5606
5649
5736
5761
5847
6013
5881
5996
5804
5777
5616
5857
5726
5752
5698
5654
5781
5776
5717
5645
5694
5776
5793
5790
5840
5950
6034
6085
6111
6246
6067
6025
6000
6083
5926
5973
5930
6007
5912
6004
5947
5871
5905
5734
5879
5867
6129
6174
5928
5949
5920
6022
5828
5677
5727
5623
5599
5830
5895
5801
5850
5885
5891
5788
5959
5691
5575
5663
5625
5460
5252
5220
5170
5281
5490
5322
5397
5437
5252
5233
5209
5346
5148
5292
5473
5392
5461
5590
5572
5439
5422
5326
5337
5360
5360
5168
5310
5350
5249
5032
5057
5206
5175
5211
5100
5081
4885
4803
4865
5000
4941
4902
4912
4914
4985
4997
4935
4937
4979
4923
4844
4682
4777
4737
4686
4963
4874
4666
4546
4575
4664
4717
4674
4876
4888
4816
4704
4701
4802
4796
4780
4785
4551
4577
4503
4468
4447
4382
4351
4145
4082
4132
4069
4335
4351
4449
4642
4765
4770
4838
4844
4960
5084
5147
5028
5187
5075
4952
5102
5136
4951
4982
4934
4868
4897
4816
4868
4902
4918
4974
4947
4953
4976
5143
5141
5223
5134
5036
5157
5281
5388
5302
5218
5113
4985
4981
5046
5096
5151
5338
5389
5408
5304
5347
5333
5132
5170
5098
5278
5271
5193
5272
5256
5252
5228
5213
5257
5250
5189
5075
5136
5263
5122
5032
5069
5208
5273
5370
5402
5416
5390
5612
5542
5458
5363
5376
5433
5536
5549
5651
5622
5758
5749
5870
6062
6084
5875
5839
5855
6079
6197
6302
6378
6305
6340
6366
6319
6233
6139
6238
6086
5967
6035
6078
6097
6016
5969
6080
6274
6124
6385
6310
6186
6078
6024
6220
6386
6429
6301
6459
6347
6482
6402
6457
6521
6584
6495
6378
6342
6501
6516
6239
6094
6149
6119
6103
6173
6128
6117
6030
6168
6266
6292
6366
6293
6484
6334
6312
6134
6137
6157
6189
6007
6049
6227
6055
5785
5749
5879
5793
5954
6116
6280
6292
6113
6283
6237
6411
6380
6582
6519
6597
6615
6725
6604
6595
6574
6670
6784
6790
6782
6793
6948
6956
7045
7131
7014
6973
7015
6968
7066
7067
7139
7324
7381
7674
7487
7358
