1005000
266182
174010
129064
102736
85150
71740
62384
55412
49540
45578
41472
38148
35240
32613
30371
28126
26265
24925
23531
22245
21003
20158
18930
18080
17398
16641
15737
15132
14976
14257
13929
13333
13001
12561
12233
11749
11261
11382
11242
10969
10495
10314
10136
9907
9583
9481
9426
8859
8788
8703
8410
8170
8089
7860
7636
7266
6979
6774
6564
6607
6756
6427
6115
5855
5815
5665
5629
5481
5215
5102
5040
5076
5209
5143
5005
4797
4863
4901
4890
4856
4783
4708
4682
4652
4735
4799
4623
4505
4429
4230
4084
4012
4028
3841
3796
3733
3612
3712
3619
3512
3587
3514
3473
3514
3480
3464
3499
3488
3356
3287
3215
3095
3081
3017
2998
2922
2806
2623
2717
2697
2697
2701
2831
2857
2809
2877
2915
2825
2712
2706
2599
2566
2577
2609
2517
2482
2482
2524
2470
2434
2455
2482
2433
2405
2364
2459
2425
2378
2459
2467
2542
2430
2400
2414
2342
2443
2490
2487
2515
2584
2600
2488
2481
2455
2407
2434
2320
2326
2365
2280
2221
2154
2115
2062
2024
1953
2095
1947
1931
1956
1901
1898
1959
1818
1768
1767
1834
1778
1848
1864
1828
1746
1706
1674
1597
1593
1572
1488
1428
1383
1366
1413
1476
1647
1524
1509
1540
1608
1563
1569
1551
1509
1516
1479
1563
1524
1551
1515
1506
1419
1467
1419
1515
1606
1575
1563
1477
1491
1425
1470
1431
1437
1464
1466
1459
1428
1489
1554
1535
1558
1542
1506
1533
1474
1452
1436
1444
1542
1542
1479
1392
1468
1467
1407
1474
1470
1371
1456
1443
1497
1538
1557
1585
1515
1528
1608
1608
1567
1567
1557
1647
1761
1768
1815
1897
1827
1840
1734
1702
1776
1892
1876
1930
1782
1881
1872
1893
1938
1965
2069
2065
2046
1988
1971
1926
1959
1905
1836
1804
1876
1899
1933
1868
1892
2051
2111
2115
2007
1946
1899
1965
1956
1975
1980
1977
1891
1899
1815
1800
1791
1827
1800
1842
1776
1767
1812
1769
1729
1634
1609
1572
1539
1500
1434
1389
1437
1461
1500
1567
1524
1456
1570
1572
1726
1762
1697
1611
1525
1491
1500
1440
1416
1428
1437
1330
1363
1320
1314
1368
1489
1515
1599
1662
1689
1662
1746
1764
1831
1884
1811
1819
1809
1771
1716
1744
1818
1833
1687
1722
1590
1572
1699
1738
1751
1755
1846
1941
1936
1884
1788
1827
1797
1698
1758
1756
1731
1707
1720
1780
1752
1656
1735
1760
1881
1761
1809
1828
1929
1945
1896
1819
1880
1855
1851
1934
1957
1933
1966
1992
1998
2045
1992
2004
2013
1967
2101
2022
2061
2125
2190
2238
2275
2384
2464
2359
2256
2119
2062
2136
2071
2151
2152
2124
2133
2103
2065
2150
2239
2235
2296
2248
2132
2244
2273
2250
2325
2440
2410
2412
2399
2318
2361
2407
2428
2617
2675
2590
2637
2732
2782
2794
2731
2707
2722
2778
2767
2662
2631
2526
2514
2528
2546
2552
2483
2624
2599
2616
2800
2874
2812
2847
2822
2804
2893
2933
2821
2776
2754
2802
2842
2783
2807
2868
2928
2978
2958
2927
3009
2877
2901
2932
2913
3025
3049
3086
3003
2985
3112
3167
3097
3135
3121
3189
3186
3325
3353
3488
3398
3439
3393
3479
3427
3351
3389
3581
3653
3736
3799
3948
4005
4021
4084
4082
4048
4068
3977
3858
3704
3618
3510
3572
3582
3662
3724
3745
3780
3782
3845
4037
4208
4144
4108
4070
3956
4053
4062
4303
4319
4338
4438
4411
4369
4319
4178
4135
4131
4052
3994
4146
4239
4361
4425
4335
4319
4332
4165
4060
4085
4070
4199
4159
4229
4309
4417
4302
4459
4270
4318
4465
4468
4391
4325
4430
4229
4298
4321
4175
4144
4043
4125
3917
4068
4091
4051
4069
4121
4143
4069
4122
4164
4185
4066
4075
4041
3885
3838
3782
3816
3697
3709
3649
3695
3748
3690
3745
3840
3840
3793
3717
3600
3791
3733
3732
3731
3660
3613
3555
3620
3544
3666
3660
3794
3800
3820
3803
3869
3960
4008
4131
3958
3887
3873
3965
4047
4059
4082
4144
4111
4262
4281
4375
4498
4409
4471
4506
4547
4437
4423
4440
4551
4573
4845
4971
4931
4893
4935
4833
4817
4692
4722
4732
4860
4801
4856
4950
4843
4931
4921
5063
5240
5245
5383
5164
5185
5203
5073
5149
5064
5119
5124
5173
5449
5599
5572
5591
5623
5658
5754
5794
5695
5608
5438
5245
5146
5115
5001
5189
5036
4956
4894
4839
4824
4668
4581
4490
4535
4561
4393
4395
4396
4327
4413
4626
4596
4382
4455
4474
4401
4388
4367
4534
4626
4640
4700
4551
4502
4426
4355
4399
4365
4461
4408
4568
4775
4869
4904
4893
4870
5038
5112
5368
5535
5480
5695
5717
5734
5720
5588
5584
5835
5917
6106
6084
6089
5840
5941
6069
6335
6250
6245
6499
6549
6617
6578
6471
6651
6701
6557
6411
6513
6568
6469
6415
6547
6502
6499
6405
6339
6277
6238
6136
6213
6313
6183
6443
6581
6570
6730
6766
6623
6710
6834
6923
6896
6955
6974
7057
7177
7161
7039
7146
7209
7161
6986
6977
7118
7018
7200
7036
7066
7130
7131
7047
6960
6983
6867
7035
7072
7148
7008
7060
7106
7216
7398
7272
7193
7034
7237
7113
7233
7299
7277
7287
7211
7063
6940
6902
6691
6876
6638
6504
6346
6267
6363
6405
6314
6243
6305
6230
6139
6186
6160
6199
5997
5926
5931
5921
5930
5895
5808
5722
5915
5959
5927
5951
5974
5884
6100
6184
6130
6123
6389
6372
6377
6440
6571
6640
6705
6921
6629
6784
6929
7013
7202
7114
7029
6958
7253
7199
7230
7223
7314
7327
7165
7111
7250
7545
7446
7400
7130
7159
7135
7133
7083
7005
7022
7066
7147
6925
6885
6740
6703
6742
6621
6430
6336
6223
6217
6126
6199
6303
6243
6180
6010
5921
5995
6026
5982
5976
6145
6047
5972
5942
5988
5890
5806
5765
5588
5726
5816
5723
5533
5477
5488
5289
5264
5284
5277
5217
5316
5336
5294
5183
5150
5342
5365
5116
5263
5466
5504
5630
5590
5643
5641
5574
5600
5799
5827
5899
5817
5933
5925
5905
6019
6006
6019
6118
6014
5909
5779
5727
5663
5656
5563
5449
5458
5342
5228
5242
5128
5227
5222
5273
5415
5585
5557
5594
5606
5684
5737
5723
5760
5828
5866
5934
5843
5800
5813
5725
5815
5842
5676
5805
5638
5823
5709
5858
5723
5939
6024
5996
6006
6054
5966
6030
6219
6310
6320
6435
6462
6509
6541
6571
6618
6652
6882
6851
6856
6795
6775
6895
7166
6914
7106
7253
7008
7004
6948
6957
6932
6932
6960
6867
7012
6883
6858
6924
7049
6991
6874
6779
6645
6790
6760
6817
6870
7150
7285
7353
7387
7436
7486
7582
7605
7469
7445
7473
7706
7794
7897
7794
7941
7906
8100
7975
8022
7989
8107
7920
7860
7865
8044
8193
7931
7917
7935
7902
7597
7533
7508
7628
7790
7856
7722
7709
7762
7933
8019
7718
7553
7536
7640
7639
7551
7657
7572
7583
7573
7618
7664
7728
7734
7712
7730
7885
7838
7749
7670
7727
7700
7726
7817
7773
8010
8113
7998
8048
8151
8164
8075
8181
8199
8211
8006
7806
7703
7729
7652
7520
7414
7528
7637
7683
7541
7353
7362
7552
7473
7270
7497
7696
7674
7666
7693
7626
7482
7504
7455
7353
7315
7242
7420
7541
7675
7657
7673
7428
7460
7261
7258
7269
7182
7286
7193
7305
7130
6937
7004
7052
6892
6724
6731
6648
6721
6649
6669
6738
6557
6519
6453
6486
6228
6088
6124
6134
6195
6275
6339
6109
6031
6003
6104
5994
6213
5936
5698
5906
5885
5923
6001
6031
6068
6088
6149
5922
5893
5768
5824
5941
5943
5967
5932
5872
5831
5792
5709
5548
5573
5747
5780
5716
5798
5859
5891
5911
6005
5811
5596
5476
5351
5330
5354
5320
5271
5211
5231
5146
5062
4962
4961
4804
4891
4917
4826
4909
5123
5011
4998
5061
5146
5022
5030
5195
5299
5261
5351
5524
5515
5617
5632
5512
5585
5799
5586
5578
5449
5295
5221
5247
5235
5318
5145
5026
5256
5140
5094
4923
4845
4825
4718
4763
4611
4630
4443
4402
4571
4623
4524
4529
4501
4619
4464
4474
4544
4551
4678
4779
4676
4687
4672
4777
4646
4633
4559
4377
4398
4413
4479
4329
4161
4237
4321
4298
4283
4345
4293
4252
4123
4191
4267
4209
4213
4049
4082
4041
4070
4160
4107
4159
4266
4304
4345
4345
4383
4355
4270
4151
4216
4312
4288
4248
4375
4384
4343
4360
4254
4234
4154
4142
3995
4044
4055
3995
3940
3983
3872
3874
3820
3891
3883
3986
4053
4082
4096
4078
4221
4327
4171
4154
4049
4047
4066
4147
4263
4335
4303
4378
4395
4548
4396
4329
4309
4369
4347
4493
4648
4743
4779
4715
4619
4712
4568
4729
4753
4596
4543
4619
4553
4564
4559
4435
4485
4415
4362
4198
4184
4164
4289
4240
4231
4450
4578
4658
4591
4504
4572
4565
4779
4761
4751
4945
5043
5127
5221
5550
5695
5702
5972
6078
5924
5881
6073
6090
6104
5871
5769
5751
5843
6001
6163
6052
6237
6293
6165
6224
6115
6180
5984
5979
5900
5943
6017
6016
6119
6059
5992
5993
5944
5966
5937
6185
6323
6182
6063
6230
6308
6397
6305
6071
5886
6072
5963
5894
5753
5571
5595
5595
5542
5540
5538
5642
5672
5589
5638
5702
5751
5738
5842
6034
6005
6005
6164
6233
6153
6317
6498
6482
6476
6468
6422
6334
6174
6157
6156
6045
6024
6016
6138
6175
6152
6243
6347
6092
5967
6043
6069
6191
6185
6134
6225
6350
6393
6345
6267
6277
6481
6589
6672
6503
6442
6479
6326
6310
6317
6322
6199
6478
6412
6592
6671
6675
6482
6457
6358
6360
6434
6579
6482
6480
6622
6596
6840
6811
6719
6620
6565
6588
6557
6587
6556
6541
6503
6363
6279
6165
6127
6204
6215
6224
6168
6106
6039
6109
6236
6237
6284
6131
6223
6266
6117
6242
6395
6418
6290
6315
6390
6421
6583
6347
6417
6285
6361
6505
6467
6159
6151
6113
6066
6046
6105
6141
6072
6218
6201
6191
6234
6120
6146
6070
6175
6080
5893
5937
6081
6098
6145
6073
6009
6021
5861
5967
5846
5912
5900
5867
5788
5608
5593
5704
5704
5696
5765
5832
5805
5657
5469
5528
5631
5621
5534
5584
5465
5606
5510
5503
5493
5623
5547
5451
5384
5389
5360
5500
5368
5325
5356
5333
5471
5630
5540
5555
5409
5437
5358
5529
5561
5652
5552
5460
5495
5687
5523
5448
5352
5357
5230
5160
5252
5249
5282
5324
5191
5053
4856
4862
4763
4746
4809
4566
4687
4648
4690
4639
4690
4604
4608
4599
4669
4827
4831
4842
4879
5060
5103
5207
5034
5071
5148
5147
5258
5262
5342
5179
5007
5136
5124
5120
5158
5103
5098
5344
5301
5302
5264
5119
4986
4776
4932
4884
4850
5086
5204
5193
5159
4984
4937
5007
5105
5156
5348
5316
5461
5534
5307
5146
5314
5514
5480
5490
5493
5388
5563
5473
5464
5521
5637
5612
5605
5672
5511
5492
5522
5361
5235
5097
5094
5068
5106
5350
5223
5169
5069
5077
4976
4960
5167
5124
5106
5134
5087
5102
4992
5013
4800
4907
5120
5199
5213
5062
4828
4807
4844
4661
4748
4815
4965
5047
5121
5152
5284
5335
5446
5443
5475
5419
5508
5421
5450
5527
5471
5465
5481
5636
5735
5658
5729
5608
5549
5614
5571
5785
5818
5802
5931
5920
6071
5935
5911
6082
6038
5987
5732
5728
5806
5637
5581
5508
5534
5349
5268
5188
5142
5212
5183
5050
5127
5028
5032
5092
5162
5137
5146
5138
5206
5147
5176
5308
5353
5390
5244
5274
5207
5143
5207
5071
5078
4971
4976
5044
5062
5069
5082
5027
4918
4840
4845
4815
4841
4511
4718
4840
4990
5046
5001
5153
5310
5206
5264
5228
5266
5292
5251
5385
5421
5244
5217
5346
5236
5383
5380
5294
5287
5214
5213
5223
5271
5317
5349
5392
5499
5524
5687
5771
5874
5979
6055
5858
5856
5912
5996
6021
6122
6331
6214
6214
6136
6199
6162
6070
6082
5995
5855
6023
6210
6014
6189
6080
5999
6203
6132
6160
6103
6254
6357
6405
6498
6484
6479
6501
6505
6580
6805
6809
6741
6647
6519
6390
6676
6789
6794
6777
6511
6459
6443
6495
6558
6327
6138
6220
6262
6204
6296
6343
6388
6491
6396
6207
6039
6039
6043
6013
5952
5709
5754
5797
5922
5962
6081
6145
6179
6270
6156
6094
6125
6120
6094
6035
5852
5825
5804
5851
5801
5681
5797
5862
5844
5814
5769
5560
5684
5949
5805
5779
5781
5808
5745
5774
5721
5754
5654
5751
5996
5915
6034
6180
6094
6234
6194
6047
6096
5880
5778
5672
5738
5777
5705
5534
5633
5636
5619
5445
5365
5211
5101
5181
5190
5049
5059
5108
5139
5324
5399
5336
5382
5180
5062
4985
4919
4803
5032
4977
4910
5080
5182
5282
5483
5489
5754
5817
5832
5785
5622
5681
5697
5791
5887
5838
5821
5742
5944
6044
6088
6007
5977
6237
6166
6278
6343
6384
6333
6235
6344
6453
6461
6662
6717
6890
6872
6826
6909
6849
6729
6659
6606
6584
6538
6497
6448
6554
6485
6231
6383
6265
6443
6409
6277
6255
6311
6518
6483
6447
6329
6370
6439
6284
6226
6138
6230
6119
6214
6211
6074
5917
5822
5746
5713
5616
5513
5521
5589
5835
5908
5631
5504
5265
5211
5251
5237
5321
5294
5417
5626
5559
5622
5683
5711
5919
5927
5701
5549
5545
5519
5460
5354
5165
5333
5273
5242
5226
5142
5098
4953
4921
4963
4765
5001
5074
4959
4833
4816
4922
4927
4870
4913
5049
5143
5278
5340
5353
5300
5458
5520
5338
5281
5289
5341
5390
5451
5313
5337
5459
5456
5445
5465
5264
5091
5055
5158
5152
5057
5121
5101
5301
5135
5155
5233
5266
5364
5290
5140
5173
5057
5024
4960
5015
5108
5237
5374
5188
5140
5115
5153
5169
4953
5090
5104
5324
5406
5448
5559
5488
5342
5305
5277
5088
5146
5218
5238
5130
5028
4963
4993
4988
5058
5046
4989
4976
5003
4980
4913
4727
4731
4677
4710
4528
4592
4420
4522
4333
4422
4528
4623
4707
4489
4768
4837
4751
4667
4685
4806
4865
4755
4861
4907
4810
4781
4633
4676
4676
4692
4542
4654
4821
4839
4800
4869
4782
4917
4930
5009
5007
4931
5078
4998
5072
5091
5264
5193
5156
5090
5191
5259
5158
5129
5029
5007
5163
5230
5019
5134
5256
5185
5100
5234
5447
5481
5378
5420
5481
5505
5462
5468
5525
5595
5508
5523
5514
5488
5511
5442
5490
5492
5302
5306
5345
5229
5179
5042
4822
4773
4799
4899
4720
4619
4600
4519
4417
4540
4589
4478
4499
4414
4478
4588
4436
4380
4491
4542
4523
4645
4547
4457
4461
4461
4455
4388
4317
4268
4229
4136
4291
4165
4121
3995
4141
4307
4321
4316
4427
4479
4662
4733
4717
4724
4665
4690
4725
4764
4887
4916
5070
4924
4868
4969
5162
5209
5290
5410
5287
5405
5402
5544
5510
5541
5426
5407
5425
5370
5442
5352
5416
5366
5232
5248
5258
5321
5460
5401
5377
5360
5431
5342
5425
5407
5360
5520
5528
5667
5842
5711
5603
5529
5418
5256
5104
5152
5092
5156
5321
5304
5305
5166
5417
5467
5578
5629
5591
5563
5506
5495
5642
5639
5635
5761
5775
5678
5528
5613
5590
5613
5501
5502
5362
5409
5433
5596
5633
5587
5726
5655
5625
5515
5693
5703
5684
5741
5756
5935
6282
6240
6352
6403
6519
6722
6807
6729
6655
6577
6551
6727
6527
6482
6375
6436
6365
6247
6187
6028
5948
6102
6020
6198
6105
6016
6021
5985
5802
5856
5767
5889
6103
5991
6018
5940
6174
5940
5885
5854
5765
5990
5900
6007
5967
6001
6033
5844
5775
5695
5704
5825
5866
5702
5728
5677
5683
5644
5698
5718
5599
5637
5597
5552
5708
5719
5707
5747
5861
5834
5954
6066
5952
5870
5759
6011
6026
5881
6015
5845
5913
5866
5805
5701
5741
5640
5839
5830
5845
5901
5845
5790
5979
5959
5875
5814
5807
5842
5793
5738
5835
5617
5728
5649
5635
5692
5782
5721
5918
5872
5771
5659
5727
5836
6007
5948
6080
6295
6160
5975
5944
6062
5930
6068
6094
6033
6074
6122
5951
6060
6152
6167
6155
6145
6006
5848
5880
5812
5761
5867
5986
5974
6082
6045
5992
6012
5870
5857
5880
5716
5883
5941
5916
5808
5822
5966
5953
5974
5844
6037
6093
6172
6171
6115
6072
6041
6128
5997
6101
6132
6033
6064
5765
5758
5762
5798
5775
5726
5615
5698
5761
5913
5898
5849
5884
5993
6086
5974
6061
6072
6005
6124
6229
6173
6118
6175
5976
5943
6010
6110
6062
6052
5964
6178
6116
6148
6076
5940
6104
6033
5905
5872
5901
5780
5891
5829
5852
5953
5962
5761
5732
5557
5431
5560
5478
5578
5701
5923
6048
6000
6290
6267
6258
6240
6358
6325
6170
5984
6137
5997
5972
6147
6089
6144
6157
6254
6253
6189
6320
6530
6519
6426
6514
6499
6415
6469
6582
6534
6526
6291
6313
6273
6256
6209
6251
6515
6392
6272
6257
6414
6441
6548
6521
6451
6504
6651
6617
6634
6731
6851
6757
6851
6728
6668
6870
6874
6715
6662
6554
6609
6796
6741
6606
6630
6602
6536
6573
6432
6473
6272
6052
6018
6091
5996
5982
6086
5911
5920
5782
5728
5482
5530
5696
5490
5466
5453
5360
5301
5230
5300
5281
5172
5287
5265
5259
5286
5226
5290
5209
5014
4931
4984
4958
5010
4969
4818
4916
4979
5006
4961
4918
4996
5087
5082
4986
4864
4985
5077
4910
4910
4948
4984
5238
5322
5388
5370
5370
5272
5091
5110
5281
5121
5163
5008
4932
4738
4684
4863
4803
4911
4865
4841
4852
4877
4906
5037
4996
4915
4997
4940
4846
4740
4741
4803
4797
4773
4714
4745
4744
4771
4709
4800
4595
4623
4504
4753
4680
4628
4540
4476
4522
4581
4517
4632
4546
4558
4650
4607
4571
4689
4647
4579
4675
4564
4630
4532
4588
4603
4699
4728
4796
4932
5056
5127
5163
5234
5256
5356
5353
5315
5220
4976
5017
5149
5279
5189
5201
5195
5014
5174
5236
5155
5233
5138
5071
5234
5259
5159
5110
5047
5030
5011
4929
4800
4773
4709
4779
4816
4904
4917
4770
4781
4814
4707
4871
4838
4787
4881
4682
4595
4683
4777
4754
4642
4645
4665
4641
4699
4832
4643
4606
4502
4406
4437
4369
4318
4266
4250
4090
3946
3958
3972
3891
3856
3819
3949
4048
4256
4150
4098
4130
4087
4043
4158
4053
4216
4378
4291
4299
4202
4203
4291
4244
4258
4300
4385
4467
4429
4548
4577
4530
4637
4588
4712
4724
4792
4831
4778
4701
4701
4698
4660
4594
4686
4686
4734
4700
4703
4398
4470
4542
4585
4697
4686
4669
4692
4825
4854
4859
4810
4879
4896
4812
4728
4757
4720
4658
4602
4666
4587
4639
4721
4774
4697
4678
4913
5057
5083
5019
4867
4831
4759
4739
4789
4771
4783
4858
4790
4931
4967
4973
5089
5168
5173
4902
4944
5044
5013
5179
5210
5028
5196
5213
5253
5288
5225
5245
5201
5125
5348
5408
5419
5317
5256
5223
5054
5053
5147
5096
5138
5012
5039
5184
5148
5082
5118
4869
4822
4988
4992
5057
5067
4946
4844
4838
4823
4927
4993
5164
5294
5268
5094
5045
4981
5045
5163
5176
5371
5355
5439
5319
5344
5172
5156
5078
5129
5042
5152
5213
5170
5214
5274
5398
5520
5546
5569
5796
5771
5857
5641
5649
5571
5698
5743
5779
5714
5641
5595
5828
5974
6012
5993
5931
6043
5926
5923
5867
5806
5915
5832
5844
5699
5885
5765
6108
6074
6031
6105
6034
5780
5912
5932
5977
6037
6077
5982
6086
6096
6030
5958
5982
5816
6013
5981
5945
5991
5879
5754
5892
5878
5617
5480
5521
5737
5818
5790
5877
5982
6102
6217
6121
6406
6294
6371
6216
6320
6228
5966
5929
6086
6231
6302
6215
6195
6152
6158
6166
6296
6329
6294
6488
6448
6404
6425
6411
6458
6455
6606
6458
6405
6346
6350
6345
6483
6718
6600
6531
6473
6589
6564
6684
6800
6762
6558
6664
6715
6830
6846
7065
6954
6933
6825
6785
6592
6651
6553
6497
6483
6580
6608
6433
6506
6449
6409
6560
6548
6484
6551
6323
6285
6312
6457
6490
6535
6532
6621
6788
6555
6446
6409
6513
6546
6525
6405
6565
6461
6357
6297
6157
6346
6376
6178
6181
6011
6215
6258
6154
6263
6206
6086
5978
5951
5872
5832
5876
5928
5848
5918
5844
5819
5918
5732
5645
5683
5634
5530
5424
5486
5660
5810
5943
5807
5821
5962
6076
6101
6066
5991
5873
5963
6023
6128
6177
6094
6154
6289
6394
6507
6659
6616
6457
6525
6488
6538
6383
6485
6571
6543
6539
6480
6541
6616
6532
6574
6695
6693
6604
6500
6512
6521
6452
6549
6502
6651
6557
6532
6442
6478
6555
6546
6584
6510
6350
6448
6173
6425
6515
6661
6663
6712
6589
6427
6735
6636
6665
6540
6513
6569
6502
6319
6125
5981
5663
5726
5702
5648
5615
5783
5893
5830
5919
6003
5941
6039
5994
5943
5948
5972
6004
5920
5914
5999
6032
6028
6079
5974
5865
5894
5701
5739
5739
5741
5661
5576
5706
5589
5639
5587
5728
5705
5726
5668
5661
5405
5361
5505
5527
5462
5355
5239
5418
5207
5310
5543
5550
5768
5710
5755
6023
6123
6232
6217
6209
6262
6225
6350
6582
6506
6420
6295
6318
6326
6307
6228
6267
6160
5973
5986
6103
6110
6089
5973
5991
6068
6015
6069
6029
5961
6104
6030
5961
5932
5998
6106
6179
6108
6194
6091
6276
6228
6262
6263
6252
6263
6372
6366
6434
6253
6106
6177
6313
6380
6560
6679
6646
6718
6689
6472
6267
6340
6249
6308
6304
6068
5863
5915
5866
6062
5892
5990
5883
6046
6120
6075
6137
6066
6073
6148
6061
6258
6279
6286
6190
6092
5893
5798
5867
5827
5564
5445
5670
5512
5411
5457
5514
5518
5634
5621
5578
5578
5549
5679
5772
5837
5916
5996
5832
5938
5888
6074
6124
6168
6172
6244
6125
6137
6002
6222
6250
6243
6294
6166
6003
5911
5924
5781
5931
5879
5854
5745
5954
6041
5909
5927
5979
6094
6131
5951
5977
5937
5864
5755
5792
5821
5682
5660
5671
5658
5815
5812
5745
5758
5673
5482
5442
5417
5434
5343
5487
5474
5408
5477
5518
5730
5605
5635
5666
5742
5546
5389
5375
5735
5978
5923
5933
6027
5975
5931
6193
6202
6283
6274
6402
6421
6236
6194
6346
6421
6476
6313
6432
6389
6407
6477
6302
6260
6227
6382
6392
6261
6190
6100
6129
6069
6064
5966
6053
6063
6116
6027
5963
5945
5959
5943
5854
5912
6001
5866
5867
5957
5967
5921
5938
5868
5881
6053
6055
6060
6075
6079
6039
5876
5859
5895
5969
6014
5819
5786
5712
5770
5779
5771
5968
5969
5944
6162
6174
6144
6402
6197
6239
6025
6140
5899
5947
6100
6038
6226
6075
6106
6011
5926
5887
5894
5690
5609
5623
5745
5761
5896
6053
6022
6109
6263
6317
6313
6473
6350
6373
6413
6373
6535
6577
6585
6609
6470
6541
6592
6620
6583
6383
6378
6229
6163
6040
6006
5985
5842
5856
5833
5750
5570
5397
5491
5279
5263
5424
5511
5589
5737
5726
5752
5817
5896
5774
5776
5830
6057
5966
5849
5782
6011
5991
5922
5961
5843
5832
5685
5800
5868
6053
6035
6119
5988
6064
6070
6100
5987
5920
6010
5884
6082
5910
5844
6083
6270
6222
6265
6177
6168
5938
5900
5902
5941
5970
5926
5956
5947
6056
6010
5990
6040
6034
5998
6289
6275
6203
6195
6078
6166
6130
6123
6165
6185
6208
6104
6124
6274
6176
6119
6241
5997
6135
6161
6186
6022
5970
5796
5700
5742
5786
5858
5817
5740
5629
5488
5485
5451
5426
5584
5525
5487
5551
5366
5349
5350
5341
5405
5552
5502
5723
5632
5648
5606
5427
5391
5314
5224
5125
5038
5110
5122
4969
5023
4827
4810
4880
4755
4800
4784
4999
4975
5112
5077
5122
5148
5197
5267
5262
5407
5411
5376
5291
5337
5410
5464
5457
5476
5753
5667
5723
5900
6080
5872
5877
6064
6101
5968
5871
6123
5819
5713
5726
5864
5814
5897
5847
5935
5993
5951
5975
5935
5921
5843
5869
5879
5891
5961
5946
5993
5799
5897
5868
5590
5732
5693
5751
5802
5662
5654
5566
5676
5598
5615
5587
5554
5501
5537
5722
5665
5691
5812
5766
5854
5778
5962
5703
5708
5687
5749
5704
5718
5567
5675
5711
5937
6003
5764
5800
5836
5726
5713
5905
5887
5897
5851
5836
5713
5808
5677
5814
5818
5869
5778
5764
5623
5666
5780
5741
5678
5609
5578
5630
5662
5598
5538
5668
5706
5550
5545
5625
5426
5494
5397
5477
5649
5682
5772
5687
5758
5709
5827
5745
5856
6022
5985
5941
5898
5752
5722
5792
5683
5815
5842
5875
5721
5737
5663
5781
5625
5754
5801
5691
5817
5954
5890
6081
5959
5962
5884
5928
5984
6050
6073
6201
6156
6143
6155
6134
6323
6296
6162
6291
6334
6080
6061
5983
5966
6033
5949
6036
6024
6041
6029
5975
5986
5988
5994
5878
6037
6078
6184
6287
5893
5773
5650
5523
5614
5724
5648
5734
5744
5657
5714
5534
5444
5473
5576
5518
5481
5522
5516
5497
5490
5532
5505
5628
5554
5596
5678
5687
5616
5663
5642
5424
5643
5628
5541
5591
5398
5544
5505
5281
5090
4985
4979
4983
5049
5063
5015
4851
4852
4849
4883
4790
4811
4805
4788
4783
4703
4739
4811
4949
4828
4798
4918
4784
4818
5005
5135
5111
5095
5044
5189
5440
5440
5355
5365
5429
5493
5611
5668
5624
5523
5478
5513
5512
5720
5559
5548
5744
5692
5958
5835
5821
5910
5837
5873
5777
5651
5566
5438
5534
5526
5506
5699
5656
5582
5572
5465
5510
5257
5061
5140
5163
5104
4976
4999
5237
5201
5303
5043
5046
5179
5067
5013
5107
5085
5120
5231
5217
5023
5000
5267
5208
5461
5375
5392
5401
5491
5430
5399
5449
5446
5526
5635
5715
5580
5584
5693
5831
5680
5768
5712
5553
5591
5769
5737
5626
5414
5568
5446
5302
5274
5305
5385
5523
5571
5658
5736
5581
5643
5578
5636
5599
5580
5837
5767
5775
5818
5652
5649
5574
5535
5382
5357
5224
5160
5071
5098
4932
4986
5022
5011
5045
5014
4914
4991
5031
4934
5002
5269
5226
5271
5490
5350
5271
5305
5390
5441
5319
5406
5659
5668
5648
5552
5618
5620
5592
5743
5812
5723
5770
5812
6004
5927
5971
5770
5880
6081
5983
5914
5928
5752
5707
5630
5696
5724
5635
5812
5673
5709
5690
5500
5570
5646
5699
5607
5563
5454
5447
5560
5490
5601
5795
5703
5657
5481
5488
5783
5884
5961
5938
6034
6046
5889
5784
5774
5840
5845
5731
5682
5616
5630
5531
5632
5708
5840
5897
5821
5939
5970
5796
5827
5683
5565
5636
5784
5811
5766
5738
5720
5791
5879
5732
5675
5838
5877
5902
5771
5573
5791
5766
5663
5770
5684
5799
5773
5805
5861
5817
5804
5890
6135
6360
6355
6444
6243
6123
6127
6038
6110
6155
6309
6358
6461
6540
6418
6312
6428
6365
6201
6258
6223
6299
6134
6073
5985
6007
5906
5848
5849
5962
5746
5753
5796
5596
5327
5353
5288
5212
5392
5360
5415
5488
5570
5514
5577
5513
5351
5351
5361
5427
5614
5693
5686
5816
5916
5601
5625
5704
5634
5544
5562
5459
5542
5597
5753
5611
5319
5108
5017
5153
5137
5216
5272
5363
5215
5143
5091
4970
4990
5013
4894
4929
4767
4779
4784
4723
4678
4733
4582
4770
4741
4695
4634
4570
4762
4802
4889
4936
4885
4747
4690
4808
4907
4966
5011
5208
5204
5242
4954
4975
5090
5083
5167
5219
5084
5180
4972
4929
4951
5057
5088
5174
5267
5380
5452
5406
5408
5455
5555
5575
5424
5522
5373
5252
5263
5244
5244
5161
5163
5144
5182
5299
5341
5270
5290
5297
5131
5188
5060
5041
5003
5134
5268
5202
5213
5226
5275
5304
5378
5283
5233
5347
5492
5408
5318
5183
5288
5036
5051
5044
5092
5177
5257
5185
5152
5157
5055
5087
5260
5192
5249
5264
5351
5295
5270
5484
5608
5491
5579
5435
5369
5281
5170
5237
5336
5458
5280
5398
5298
5250
5404
5409
5520
5361
5269
5290
5345
5358
5385
5304
5173
4953
4843
4886
4876
4769
4736
4933
4843
4776
4822
4756
4553
4480
4572
4595
4679
4603
4675
4671
4819
4831
4762
4704
4752
4817
4729
4898
4985
5105
5055
5034
4940
4945
5019
4863
5013
5053
5187
5025
5118
4877
4745
4614
4598
4438
4528
4637
4748
4793
4620
4609
4582
4633
4746
4779
4765
4759
4789
4818
4695
4718
4695
4652
4571
4574
4511
4288
4355
4219
4066
4069
3945
3971
3882
3903
3924
3904
3839
3795
3706
3690
3686
3870
3947
3916
3999
4027
4127
4160
4162
4127
3865
3888
3951
3968
3930
3938
3970
4084
4229
4194
4196
4251
4130
4103
4060
4232
4201
4363
4448
4417
4538
4619
4662
4773
4615
4547
4509
4473
4502
4536
4349
4253
4442
4489
4483
4510
4618
4588
4551
4652
4463
4460
4331
4444
4319
4457
4374
4443
4716
4890
4831
4748
4884
4860
5034
4990
4935
4885
4927
5047
5049
5176
5218
5225
5124
5229
5421
5407
5403
5434
5462
5524
5699
5533
5674
5691
5503
5382
5542
5661
5747
5732
5794
5670
5745
5633
5536
5602
5774
6026
6156
6231
6055
5949
5846
5944
5883
6030
5976
6053
6046
5905
5914
5878
6026
6009
6053
6057
6205
6212
6024
5966
6106
6118
6052
6112
6058
6108
6200
6361
6248
6284
6206
6144
6097
6273
6187
6156
5936
5853
5773
5916
5916
5968
6049
6066
6143
6097
6071
6000
5967
6076
5995
6108
6175
6042
5994
6075
6001
6076
5943
6035
5964
6010
5831
5797
5744
5932
5949
5991
6242
6407
6610
6767
6674
6729
6852
6831
6813
6817
6938
6880
6824
6677
6635
6458
6480
6518
6591
6560
6676
6655
6753
6869
6820
6857
6738
6616
6475
6453
6663
6705
6616
6546
6643
6580
6678
6584
6603
6678
6727
6775
6894
6937
7040
7073
6950
6948
6843
6613
6652
6638
6916
6906
6725
6685
6566
6764
6717
6705
6691
6650
6593
6540
6460
6555
6729
6635
6725
6642
6812
6603
6669
6700
6653
6635
6699
6682
6805
7038
7108
6821
6695
6838
6561
6595
6472
6536
6419
6257
6416
6510
6571
6706
6694
6709
6544
