1005000
267656
173859
128847
102618
85066
72165
62676
55654
49484
44587
40323
37203
34381
32183
30165
28619
26923
25563
24238
23386
22383
21502
20463
19252
18554
17930
16998
16305
15919
15198
14485
13951
13719
13381
13085
12641
12103
11758
11244
10499
10400
10270
9895
9776
9605
9240
9110
8742
8699
8235
7860
7491
7235
7204
7041
6698
6454
6509
6406
6376
6413
6277
6359
6305
6162
6108
6011
5912
5765
5765
5637
5548
5643
5659
5641
5447
5196
5208
5200
5288
5224
5092
5093
4955
4932
5124
5129
5025
4943
4873
4738
4472
4361
4050
4184
4087
3865
3825
3778
3697
3647
3586
3572
3587
3586
3463
3555
3641
3622
3720
3604
3657
3679
3696
3514
3388
3403
3413
3472
3523
3553
3569
3729
3708
3774
3865
3756
3800
3831
3864
3758
3691
3540
3537
3460
3346
3457
3395
3393
3522
3398
3494
3568
3588
3584
3570
3525
3525
3535
3507
3410
3423
3406
3274
3231
3204
3184
3097
3272
3358
3428
3275
3330
3341
3326
3383
3436
3393
3317
3287
3153
3161
3065
3037
3055
3099
3151
3144
2972
2955
2867
2870
2884
2897
2973
2856
2869
2797
2831
2917
2987
2848
2880
2955
3007
2800
2796
2829
2845
2898
2780
2768
2793
2840
2803
2775
2677
2680
2667
2682
2662
2659
2680
2652
2619
2550
2508
2480
2524
2476
2510
2538
2518
2502
2370
2331
2274
2328
2340
2460
2328
2319
2307
2411
2400
2342
2289
2287
2323
2356
2286
2322
2323
2349
2505
2413
2370
2331
2456
2410
2421
2457
2473
2618
2727
2843
2703
2802
2740
2614
2636
2566
2617
2663
2747
2776
2746
2704
2760
2844
2940
3032
2951
2957
2998
2961
3040
2875
2964
2974
3003
2809
2869
2935
2978
2904
3021
3181
3181
3210
3139
3177
3175
3136
3029
3014
3064
3023
3066
3104
3037
2960
3082
3068
3120
3205
3170
3016
3015
3114
3066
3168
3077
3082
3112
2949
2865
3002
3086
3207
3180
3065
3062
2856
2825
2835
2866
2884
2893
2867
2860
2861
3007
3007
3060
3173
3164
3276
3234
3284
3259
3180
3188
3201
3197
3269
3291
3331
3327
3258
3207
3069
3232
3271
3250
3277
3311
3317
3318
3245
3218
3275
3172
3177
3118
3144
3095
3108
3136
3075
3067
2984
2851
2839
2888
2903
2936
3049
2991
2988
2977
3061
3121
3175
3337
3392
3527
3530
3625
3530
3608
3727
3844
3758
3807
3938
3951
4000
3926
3912
3905
3860
3849
3726
3588
3504
3435
3324
3241
3222
3175
3184
3102
3058
3162
3138
3182
3178
3245
3202
3083
3151
3067
3003
2980
3003
2977
2928
3006
2979
3011
2942
3070
3154
3115
3068
3138
3119
3083
3082
3035
2982
3042
3055
3026
3034
2916
3010
3023
3013
3004
3093
3178
3165
3191
2959
2934
2983
3099
3057
3054
3072
3158
3148
3093
2966
3031
3127
3217
3021
2979
2985
3046
3076
3150
3259
3300
3248
3384
3395
3267
3322
3351
3457
3318
3377
3435
3416
3380
3429
3590
3631
3638
3714
3763
3755
3921
4054
3795
3774
3739
3790
3642
3626
3670
3742
3647
3678
3707
3662
3745
3767
3857
3738
3798
3800
3858
3916
3912
4012
4101
4121
4085
4160
4048
4177
4160
4156
4085
3882
4067
4044
4074
4049
4040
3913
4044
3970
3960
3867
3859
3711
3849
3816
3783
3799
3661
3713
3580
3558
3569
3676
3722
3761
3567
3572
3451
3460
3498
3441
3326
3299
3229
3217
3287
3306
3376
3295
3100
3048
3052
2965
2850
2796
2854
2820
2809
2869
2865
2821
2980
3004
2993
2986
2944
3031
3069
3144
2934
2992
2907
2923
3000
3079
2976
3047
2880
2915
2946
2913
2859
2922
2936
2725
2674
2732
2611
2587
2540
2466
2446
2574
2569
2473
2518
2637
2662
2725
2626
2708
2710
2629
2774
2745
2818
2920
2887
2959
3044
3023
3012
3000
2952
2933
3007
3079
2940
2969
3006
2998
2996
2978
3046
2964
3009
2856
2823
2691
2767
2797
2809
2689
2673
2727
2639
2580
2555
2445
2476
2449
2696
2679
2716
2752
2811
2862
3001
2974
3110
3145
3144
3113
3079
3169
3175
3165
3168
3151
3225
3211
3234
3199
3247
3272
3335
3375
3412
3512
3617
3602
3676
3722
3769
3934
3846
3879
3977
3955
3913
3848
3754
3748
3826
3872
4016
4033
4057
4065
3935
3780
3905
3888
3911
3845
3991
4033
3925
3995
4098
4215
4289
4382
4414
4548
4572
4440
4365
4373
4343
4412
4574
4558
4488
4565
4649
4600
4622
4788
4819
4777
4653
4609
4456
4391
4601
4620
4810
4902
4895
4853
4878
4886
4894
5099
5116
5077
4892
4898
5056
5197
5016
4956
4904
4917
4947
5085
5034
5042
5061
5153
5151
5242
5257
5130
5013
5009
5002
5030
5344
5577
5559
5558
5604
5672
5718
5759
5929
6097
6284
6282
6162
6260
6354
6348
6289
6060
5940
6057
6057
6103
6258
6257
6028
6179
6206
6339
6274
6183
6290
6434
6546
6518
6471
6491
6471
6223
6302
6214
6265
6321
6309
6297
6426
6478
6515
6456
6517
6359
6412
6397
6398
6413
6376
6164
5777
5752
5723
5648
5845
5799
5821
5903
5921
6141
6051
6102
6093
6233
6088
5974
6015
6007
6074
6148
6119
6209
5961
6151
6198
6190
6237
6081
6017
6132
6312
6267
6350
6057
6002
6056
5897
5841
5793
5736
5636
5548
5478
5628
5629
5521
5550
5410
5383
5478
5490
5481
5619
5831
6001
5980
6131
6152
6260
6242
6385
6470
6482
6557
6343
6328
6486
6239
6168
6142
6213
6250
6192
6232
6190
6115
6138
6114
6074
5954
5843
5933
5954
5935
5850
5914
5914
5785
5948
6114
6023
5969
5995
5864
5860
5858
5930
5937
6141
6026
5979
5768
5892
5858
5873
5674
5731
5704
5744
5823
5967
6001
6047
6029
6010
5988
6090
6102
6061
5958
5932
5855
5760
5882
5811
5772
5732
5684
5688
5866
5886
5821
5720
5534
5641
5708
5715
5470
5504
5484
5427
5308
5212
5010
5073
5024
5058
5081
4985
5028
5024
5015
5078
5138
5027
5201
5197
5070
5006
5012
4993
5155
5152
5098
5068
5232
5026
5105
5142
5172
5064
5038
5065
4982
5123
5013
4975
5016
4925
4953
4871
4902
4913
4934
5020
5125
5233
5165
5255
5407
5519
5572
5489
5348
5193
5239
5372
5297
5119
5063
5171
5150
4913
5002
4986
5104
5107
5166
5205
5260
5360
5337
5477
5440
5394
5364
5171
5228
5126
5059
5227
5206
5452
5458
5403
5449
5537
5559
5581
5671
5729
5771
5754
5733
5864
5928
5919
6128
6119
5973
6000
5797
5706
5748
5546
5758
5867
5810
5906
6040
6001
6079
6256
6374
6371
6136
6064
5857
5886
5737
5774
5784
5723
5846
6036
5897
5966
5903
6171
5890
5831
5819
5830
5698
5733
5809
5833
6001
5826
5770
5820
5806
5774
5724
5888
5820
5868
5841
5809
5718
5791
5607
5667
5806
5718
5492
5504
5562
5513
5615
5482
5417
5546
5603
5509
5431
5634
5791
5978
5937
5746
5778
5785
5729
5557
5605
5812
5765
5655
5507
5563
5539
5483
5533
5526
5448
5225
5184
5114
5167
5145
5275
5303
5378
5475
5684
5740
5840
5732
5713
5744
5682
5614
5765
5757
5790
5741
5596
5638
5549
5546
5642
5622
5557
5626
5495
5440
5572
5466
5538
5598
5633
5479
5692
5795
5768
5782
5752
5844
5816
5676
5545
5572
5436
5364
5490
5498
5520
5374
5432
5233
5175
5261
5211
5197
5033
5112
5230
5255
5329
5180
5264
5294
5374
5499
5639
5773
5889
6110
6181
6101
6250
6165
6082
6080
5926
5921
5794
5857
5953
5888
5845
5829
5984
6041
6102
6168
5979
5980
5886
5639
5788
5791
5814
5843
5793
5729
5872
5782
5820
5670
5688
5759
5872
5786
5728
5679
5530
5572
5701
5642
5623
5602
5485
5508
5415
5464
5330
4989
5085
5026
4998
5122
5023
4818
4632
4776
4813
4795
4892
5037
4854
4797
4789
4685
4767
4708
4644
4597
4715
4695
4650
4773
4642
4825
4874
4787
4783
4775
4791
4853
4776
4818
4761
4973
5135
5229
5356
5256
5202
5286
5177
5024
5095
5076
5025
5034
4906
4889
4959
5150
5010
4897
4925
4753
4829
4926
4939
4881
4821
4915
5009
5145
5130
5114
5223
5209
5378
5457
5535
5713
5663
5503
5661
5662
5824
5978
5931
5865
5869
6030
5963
5911
5988
5908
6009
5811
5686
5778
5894
5953
5902
5865
5716
5651
5751
5851
5848
5606
5703
5513
5464
5507
5617
5553
5781
6015
6112
6366
6519
6467
6377
6386
6433
6452
6400
6249
6152
6091
6087
6125
6101
5785
5843
5731
5662
5809
5870
5980
6048
5870
5784
5696
5770
5781
5794
5721
5856
5923
5803
5720
5682
5553
5558
5357
5271
5221
5061
4947
4918
4954
4790
4726
4806
4976
5121
5147
5093
4855
4983
5072
5060
5142
5060
5091
5210
5236
5296
5376
5404
5645
5553
5577
5677
5629
5717
5478
5525
5632
5672
5570
5398
5293
5250
5010
4828
5086
5134
5366
5477
5513
5724
5797
5836
5670
5612
5549
5657
5719
5583
5419
5443
5585
5444
5332
5464
5538
5461
5366
5326
5263
5276
5343
5302
5468
5522
5593
5547
5756
5714
5584
5615
5671
5704
5645
5518
5535
5525
5324
5349
5390
5309
5366
5362
5438
5408
5481
5496
5454
5450
5540
5620
5690
5792
5752
5848
5934
6031
6049
5966
6039
6016
5781
5800
5655
5692
5632
5644
5577
5584
5440
5484
5486
5664
5530
5529
5881
5954
5967
5827
5724
5759
6029
5989
6113
5998
6067
5987
5854
5883
5890
5824
5762
5874
6028
5984
5846
5746
5540
5435
5337
5300
5318
5231
5097
5139
5108
5165
5193
5304
5380
5126
5251
5232
5157
5098
5173
5105
5135
5149
5209
5294
5304
5286
5308
5388
5210
5180
5059
5001
5124
5119
5134
5141
5222
5136
5161
4960
5075
5138
5344
5421
5448
5474
5516
5546
5579
5373
5355
5223
5297
5255
5260
5316
5476
5626
5747
5958
5908
5928
5835
5853
5945
5967
6043
5822
5822
5925
5854
5985
6143
5993
6005
6041
5980
6005
5830
5863
5829
5654
5649
5633
5630
5659
5672
5699
5750
5767
5514
5601
5640
5527
5646
5879
5779
5923
5832
5725
5771
5786
6090
6163
6116
6023
5980
5952
6030
5935
5846
5835
5626
5644
5698
5647
5825
5842
5905
5921
5885
5838
5761
5657
5676
5796
5780
5712
5768
5771
5837
5705
5934
5885
6028
6087
5999
5949
5962
5931
6002
6002
5917
6054
6061
6026
6061
6044
6070
6086
6098
6017
6030
6123
6216
6105
5935
6105
6235
6235
6269
6424
6461
6213
6022
6049
5837
5787
5635
5694
5840
5982
6051
5957
5895
5860
5738
5892
5942
6174
6183
6406
6273
6444
6471
6616
6292
6299
6521
6648
6730
6946
6850
6966
7054
6903
6700
6771
6683
6537
6599
6566
6743
6751
6880
6931
6952
7238
7075
6984
7050
7135
7073
7334
7476
7684
7911
7864
7849
7999
8024
7850
7842
7868
8122
7952
8160
8300
8351
8230
8396
8266
8475
8485
8327
8556
8544
8529
8451
8600
8500
8367
8370
8439
8434
8581
8586
8733
8740
8768
8978
9097
9131
9199
9101
9200
9184
8955
9051
8873
8927
8715
8699
8956
9145
9047
9101
9204
9158
9242
8962
8771
8792
8539
8535
8393
8459
8643
8714
8568
8685
8642
8515
8420
8328
8077
8006
7799
7384
7277
7359
7516
7362
7124
7084
7301
7446
7575
7497
7565
7517
7586
7758
7896
8140
8188
8163
8313
8261
8052
8171
8010
8037
8192
8131
8076
8002
7875
7952
7831
7911
8137
8000
8010
8128
8201
8263
8174
8165
8130
8375
8499
8514
8299
8346
8364
8428
8532
8312
8413
8518
8632
8674
8632
8560
8352
8231
8238
8331
8165
8159
7976
8073
7871
7726
7644
7994
8101
8125
8063
7991
7911
8018
8085
7939
8032
7972
7722
7636
7598
7548
7729
7820
7657
7668
7702
7608
7740
7733
7637
7591
7596
7731
7792
7799
7836
7775
7995
7922
7929
7605
7697
7856
7823
7869
7845
8092
7924
7944
7796
7910
7765
7685
7721
7565
7687
7549
7646
7514
7582
7505
7407
7369
7291
7213
7120
7116
7288
7229
7098
7079
7096
7174
7065
6988
7001
7013
7051
7110
7042
7114
7238
7267
7346
7523
7467
7469
7399
7358
7432
7345
7218
7317
7323
7313
7219
7243
7138
7099
7082
7021
6846
6811
6722
6643
6587
6716
6804
6598
6530
6556
6550
6471
6425
6425
6338
6551
6499
6556
6591
6426
6395
6403
6381
6307
6438
6445
6368
6495
6469
6436
6427
6508
6310
6410
6253
6261
6250
6260
6201
6112
6333
6320
6097
5835
6026
5974
6042
6041
6014
5863
5905
6033
5796
5763
5619
5470
5559
5577
5440
5359
5153
5159
5209
5211
5183
5137
4988
5053
5021
4964
4846
4858
4874
4789
4848
4801
4720
4829
4759
4612
4611
4525
4642
4596
4557
4645
4501
4459
4322
4238
4360
4482
4571
4851
4888
4919
4998
4979
5034
4951
5006
4872
4947
4948
4876
4824
4861
4767
4671
4699
4675
4542
4522
4582
4674
4702
4620
4653
4609
4607
4389
4417
4573
4717
4661
4641
4534
4660
4713
4757
4705
4787
4837
4800
4775
4944
4938
5064
5201
5229
5333
5223
5087
5188
5240
5214
5141
5277
5391
5316
5323
5209
5328
5295
5278
5131
5174
5349
5346
5476
5644
5596
5564
5570
5494
5566
5546
5480
5612
5767
5597
5550
5642
5347
5261
5188
5170
5025
5034
4896
4760
4650
4835
4747
4796
4711
4649
4720
4816
4807
4923
5027
4987
5040
5210
5172
5293
5294
5290
5367
5528
5399
5523
5595
5442
5489
5365
5335
5422
5500
5387
5518
5707
5654
5512
5441
5454
5429
5480
5482
5441
5535
5617
5603
5581
5483
5632
5595
5546
5551
5508
5593
5445
5268
5066
5034
5068
4999
5119
5116
5074
5085
4996
5174
5105
5020
5146
4977
5012
5057
5277
5126
5176
5179
5180
5237
5246
5345
5321
5297
5320
5475
5540
5661
5626
5630
5705
5637
5543
5629
5640
5676
5585
5569
5370
5562
5488
5543
5539
5790
5814
5803
5858
5764
5849
5831
5892
5773
5700
5741
5646
5481
5591
5540
5711
5616
5679
5641
5775
5678
5478
5592
5680
5729
5927
5932
5964
6119
5979
5968
6114
6282
6163
6161
6288
6220
6099
6110
6139
6118
5999
5825
5834
5904
5697
5729
5679
5587
5589
5413
5635
5655
5740
5767
5705
5440
5411
5496
5573
5643
5633
5381
5329
5516
5557
5454
5467
5431
5518
5519
5511
5408
5546
5607
5622
5538
5581
5585
5754
5712
5529
5520
5508
5452
5392
5357
5588
5494
5458
5338
5300
5239
5156
5131
5169
5061
5195
5321
5247
5427
5496
5581
5508
5455
5602
5618
5684
5711
5584
5560
5673
5608
5761
5687
5603
5707
5716
5711
5577
5857
5949
5934
5885
5651
5659
5629
5587
5716
5805
5793
5711
5505
5480
5251
5361
5411
5435
5526
5697
5705
5897
5927
6135
6238
6170
6250
6406
6372
6349
6163
6036
5945
5845
5799
5869
5847
5853
5990
6035
5910
5776
5792
5852
5760
5989
6012
6065
5978
5855
5650
5806
5530
5314
5300
5289
5303
5194
5424
5356
5211
5291
5277
5321
5383
5578
5450
5456
5444
5559
5357
5379
5464
5451
5615
5606
5534
5606
5669
5687
5737
5588
5521
5453
5694
5681
5738
5743
5691
5791
5833
5982
6070
6184
6152
6055
5968
5859
5836
5928
5956
5982
5896
5995
6080
6055
6118
5798
5757
5625
5818
5844
5687
5714
5771
5841
5701
5611
5615
5662
5911
5825
5821
5885
5830
5863
5700
5803
5910
5896
5751
5819
5845
5741
5688
5657
5887
6162
6362
6393
6408
6303
6436
6254
6215
6087
6122
6058
6156
6275
6284
6269
6258
6399
6380
6383
6370
6401
6196
6289
6357
6403
6317
6175
6022
5862
5830
5821
5847
5733
5621
5614
5601
5866
5670
5759
5770
5987
5918
5882
5760
5828
5946
5805
5753
5717
5606
5557
5545
5463
5593
5681
5786
5874
5764
5864
6102
6146
6091
6085
5940
5709
5800
5806
5722
5670
5660
5608
5607
5509
5709
5659
5618
5644
5852
5792
5723
5746
5663
5659
5502
5499
5702
5635
5707
5881
5870
5731
5854
5854
5698
5543
5593
5557
5608
5408
5550
5705
5710
5744
5764
5651
5641
5805
5808
5933
5981
5893
5788
5737
5694
5864
5774
5603
5648
5666
5789
5729
5850
5767
5796
5710
5790
6029
6076
6003
6131
6052
5947
5936
5955
5913
5794
5707
5771
5635
5507
5428
5403
5441
5579
5614
5642
5837
5646
5565
5524
5647
5535
5534
5467
5524
5507
5505
5499
5340
5339
5358
5192
5234
5210
5211
5249
5120
5124
5154
5292
5268
5023
4942
4806
4976
5003
5289
5223
5170
5318
5322
5281
5287
5144
5072
5130
4926
5018
5003
4712
4612
4498
4495
4454
4443
4534
4628
4615
4691
4676
4551
4694
4642
4837
4954
4953
4892
4834
4969
5017
5023
4823
4984
5098
5040
5057
4931
5190
5111
5100
4980
4891
4804
4938
5009
5041
4996
4942
4971
5075
5113
5167
5262
5194
5201
5285
5214
5258
5028
4895
4837
4887
5064
4930
4917
4985
5057
5116
5063
5042
5074
4974
4781
4729
4649
4518
4713
4524
4700
4567
4623
4680
4687
4742
4773
4909
4881
4862
4869
4900
4961
4922
4921
4853
4737
4683
4637
4612
4609
4539
4645
4593
4540
4600
4647
4640
4577
4625
4432
4535
4562
4497
4598
4550
4446
4550
4618
4439
4447
4466
4430
4414
4349
4352
4483
4444
4367
4220
4161
4164
4249
4149
4185
4360
4308
4266
4283
4318
4208
4264
4321
4526
4384
4321
4259
4326
4344
4481
4351
4403
4367
4378
4337
4369
4295
4314
4278
4365
4371
4414
4349
4434
4464
4557
4613
4620
4729
4825
4865
5014
4981
4930
4839
4823
4799
4736
4745
4742
4667
4851
4912
4876
4879
4851
4914
4828
4699
4861
5072
5090
5151
5135
5063
5257
5234
5156
5197
5111
5174
5169
5099
5005
5085
5200
5039
4890
5106
5154
5245
5247
5272
5317
5274
5206
5200
5044
5072
5070
4995
4965
4805
4642
4672
4836
4821
4963
4918
5190
5189
5301
5300
5410
5404
5500
5630
5536
5644
5589
5604
5639
5625
5606
5764
5683
5714
5572
5532
5552
5455
5344
5303
5318
5264
5420
5469
5452
5411
5473
5716
5794
5712
5764
5650
5473
5399
5278
5367
5398
5640
5713
5855
5879
5920
5891
5560
5565
5712
5675
5525
5844
5766
5664
5725
5699
5592
5679
5718
5650
5648
5984
5846
6133
5933
5933
5895
5904
5962
6035
5866
5806
5877
5795
5729
5671
5742
5804
5673
5697
5753
6028
5963
5838
5972
6008
6097
6223
6129
6026
6000
6148
6378
6435
6480
6381
6192
6070
6113
6064
6109
6192
5979
6035
6107
6067
6118
6036
5916
5900
5929
5953
5866
5835
5781
5538
5477
5417
5369
5353
5173
5240
5354
5324
5234
5370
5347
5411
5426
5488
5342
5371
5433
5313
5349
5387
5514
5390
5562
5505
5626
5456
5202
5080
5082
5128
5217
5240
5135
4993
4938
4930
4773
4902
5021
5145
5202
5293
5216
5154
5057
5008
5168
5244
5267
5455
5562
5525
5693
5632
5564
5594
5607
5499
5301
5503
5564
5534
5477
5540
5631
5786
5843
5829
5817
5741
5732
5635
5662
5675
5647
5921
5835
5724
5896
5843
5777
5972
6024
5939
5959
5989
5900
5881
5956
5906
6060
6024
6055
5995
6004
6022
6070
6100
6207
6311
6547
6470
6364
6482
6578
6652
6764
6651
6673
6666
6768
6611
6727
6750
6870
6831
6770
6600
6684
6642
6684
6735
6845
6906
6965
6928
6789
6749
6428
6299
6288
6278
6287
6385
6482
6559
6592
6603
6533
6599
6559
6273
6366
6319
6067
6058
5949
5841
5904
5990
6253
5987
6040
5843
5888
5881
5866
5805
5612
5549
5349
5380
5399
5386
5509
5428
5389
5413
5552
5625
5450
5428
5376
5288
5006
4892
4887
4968
5194
5042
5036
4851
4809
4833
4913
4867
4786
4723
4620
4500
4482
4472
4581
4708
4676
4591
4681
4675
4688
4651
4699
4750
4785
4823
4706
4780
4822
4613
4482
4534
4432
4347
4327
4434
4338
4322
4234
4106
4237
4274
4222
4224
4198
4355
4475
4208
4210
4198
4055
4281
4378
4463
4510
4295
4376
4311
4106
4102
4075
4040
3967
4000
3928
3867
3793
3715
3600
3606
3605
3674
3595
3576
3658
3685
3778
3823
3834
3835
3943
3913
3973
3902
4003
4026
3910
4003
4130
4008
3987
3928
3910
3915
3923
4091
4018
3934
3876
3792
3806
3663
3705
3748
3648
3593
3619
3624
3789
3690
3803
3924
3963
4007
4066
4003
4054
4044
3894
4013
4154
4146
4073
4078
4102
4111
3942
4098
4057
4110
4170
4187
4247
4184
4178
4224
4045
3970
3994
3999
3956
3835
3683
3661
3412
3486
3574
3757
3698
3666
3660
3706
3624
3727
3808
3927
3987
3989
4058
3910
3817
3898
3885
3891
3912
3878
4022
3922
3943
3995
4093
4024
4058
4041
4040
4117
4015
4135
4006
3892
3787
3806
3782
3773
3547
3453
3375
3336
3295
3255
3276
3313
3373
3359
3341
3443
3427
3371
3392
3542
3639
3672
3723
3867
3820
3932
3818
3919
3879
3899
3939
3987
4180
4069
4088
3979
3934
3994
4019
4000
3974
3940
4042
4048
3980
4048
4075
4148
4075
4110
4109
4308
4274
4140
4110
3952
3905
3783
3762
3939
3897
3799
3836
3953
3862
3737
3738
3717
3746
3920
3788
3746
3747
3666
3612
3760
3921
3931
4065
3966
3900
3903
3914
3880
3838
4024
4188
4307
4350
4385
4361
4426
4406
4398
4473
4277
4067
4137
4098
4178
4207
4199
4333
4384
4382
4520
4535
4488
4489
4512
4604
4755
4777
4638
4498
4641
4623
4542
4555
4489
4536
4721
4745
4686
4601
4502
4353
4236
4355
4325
4342
4203
4031
3990
4070
4100
3990
3977
4126
4214
4144
4055
4019
3923
3833
3766
3783
3868
3960
3882
3877
4019
3952
4036
3927
4124
4067
4037
4170
4374
4310
4130
4028
4129
4170
4105
4060
4195
4130
4007
4101
4183
4146
4150
3995
3941
3962
3957
4062
4172
4171
4015
4093
4228
4089
4087
3996
3943
3951
3974
3745
3770
3768
3727
3761
3803
3873
3686
3645
3662
3708
3727
3931
3860
3875
3847
4052
4052
3932
3806
3780
3699
3667
3603
3508
3523
3527
3561
3624
3710
3614
3718
3648
3629
3519
3535
3485
3405
3353
3490
3533
3372
3388
3316
3252
3265
3169
3149
3186
3183
3317
3210
3313
3487
3569
3550
3722
3865
3909
3993
3905
3845
3865
3856
3894
3972
4020
4071
3967
4015
4039
3854
3792
3730
3641
3597
3666
3713
3927
3889
3946
3952
4075
4230
4347
4299
4251
4427
4395
4429
4518
4609
4714
4718
4704
4877
4819
4651
4760
4784
4885
4955
4930
4927
4980
5019
4979
4995
5042
4995
4935
4932
4869
4786
4673
4701
4718
4707
4670
4670
4743
4640
4752
4713
4725
4674
4660
4762
4678
4708
4671
4683
4762
4844
4923
4838
4853
4665
4587
4440
4397
4381
4360
4354
4267
4343
4396
4311
4403
4531
4464
4498
4472
4440
4393
4482
4470
4429
4460
4314
4156
4105
3952
4004
3970
3930
4110
4055
4202
4193
4225
4096
4239
4217
4154
4107
4125
4251
4328
4473
4311
4293
4371
4352
4137
4162
4250
4239
4167
4186
4071
4058
4202
4162
4328
4298
4531
4593
4480
4424
4604
4519
4413
4410
4412
4410
4456
4593
4707
4820
4919
4946
5133
5142
5180
5214
5159
4927
4870
4979
4754
4662
4588
4437
4596
4499
4507
4645
4717
4738
4821
4731
4721
4861
4862
4902
5086
4968
4889
4774
4633
4803
4892
4934
4893
4982
4903
4921
4847
4860
4936
4988
5101
5099
5035
4957
4953
4882
4743
4780
4603
4567
4494
4473
4265
4265
4458
4347
4285
4251
4335
4160
4064
4030
4044
3915
3897
3837
3768
3683
3706
3767
3912
4014
3942
3897
3979
3952
3947
4014
4069
3996
4014
3997
3977
4129
4125
4164
4201
3965
3868
3815
3916
3920
3847
3953
3949
3998
4032
3914
3929
3927
4023
4028
3973
3982
3988
4149
4124
4033
3982
3931
3946
3997
4102
4044
3964
3905
4045
4130
4097
4121
4195
4164
4133
4118
4107
4227
4261
4405
4452
4430
4177
4283
4216
4255
4172
4222
4242
4460
4562
4461
4514
4397
4289
4227
4185
4160
4237
4154
4130
4196
4172
4076
4030
3956
3990
3942
3891
3981
4017
4229
4294
4338
4402
4282
4400
4357
4453
4524
4534
4406
4463
4352
4373
4254
4284
4218
4219
4348
4374
4321
4666
4742
4778
4769
4775
4745
4784
4863
4773
4737
4747
4794
4686
4540
4555
4522
4558
4399
4384
4341
4451
4636
4818
4782
4986
5060
5065
4986
5054
5008
5003
4875
4795
4552
4673
4693
4440
4335
4347
4444
4517
4553
4558
4607
4685
4785
4717
4733
4743
4777
4642
4659
4753
4849
4959
5029
5038
4993
5182
5101
5153
5211
5197
5139
5021
4864
5018
5077
5061
4955
4992
4925
4927
5001
5015
5136
5131
5228
5280
5389
5397
5410
5455
5536
5618
5741
5824
5785
5565
5574
5371
5352
5501
5499
5622
5724
6006
6015
5894
5856
5932
5988
6022
6094
6140
5920
5805
5690
5350
5334
5377
5506
5499
5324
5315
5258
5292
5278
5269
5310
5296
5443
5418
5489
5612
5619
5809
5788
5817
5746
5964
6002
5980
6081
6111
6003
6269
6077
6191
6151
6070
6110
6009
5851
5897
6024
5916
5905
5900
5727
5691
5808
5902
5922
6075
5967
6141
6282
6248
6255
6243
6265
6219
6223
6262
6187
6040
6303
6242
6306
6289
6258
6104
6009
6178
6242
6031
6193
6035
6267
6328
6480
6407
6192
6287
6254
6299
6360
6349
6417
6383
6524
6590
6751
6790
6814
6836
6928
6950
7028
7184
7234
7301
7291
7436
7403
7580
7547
7841
7884
7965
7874
7686
7560
7446
7426
7449
7535
7489
7632
7733
7811
7720
7590
7735
7626
7484
7601
7549
7434
7599
7581
7396
7493
7456
7391
7440
7326
7165
7214
7389
7163
7001
7085
6882
6829
6814
6947
7076
6962
6892
6814
6849
6589
6692
6673
6530
6478
6599
6556
6428
6564
6672
6621
6498
6615
6567
6546
6539
6468
6467
6328
6451
6317
6395
6428
6346
6271
6368
6271
6214
6141
6155
6100
5841
5877
5931
5869
5615
5648
5756
5682
5779
5878
5956
6006
5805
5772
5780
5743
5695
5696
5798
5912
6022
6102
6116
6291
6233
6181
6192
6283
6260
6208
6169
6118
6154
6028
5967
6075
6243
6364
6199
6240
6134
6090
5855
5855
5894
5809
5971
5973
5839
5822
5900
5637
5557
5466
5545
5456
5500
5512
5467
5355
5303
5394
5287
5126
4848
4738
4909
5067
5076
4822
4830
4804
4910
4850
4921
4873
4938
4900
4781
4644
4735
4583
4802
4972
5017
4995
5027
5181
5347
5324
5464
5598
5521
5497
5623
5632
5634
5715
5459
5517
5743
5717
5628
5663
5614
5588
5617
5606
5803
5905
5797
5691
5625
5537
5459
5420
5148
5051
5052
5004
4956
5049
5174
5137
4974
5101
5097
5156
5208
5322
5251
5114
5037
5114
5053
5114
5106
5126
5059
5281
5426
5445
5396
5554
5900
5871
5948
5886
6125
6000
5909
6026
5903
5911
5994
6165
6302
6319
6119
6003
5915
5666
5741
5706
5674
5693
5886
5980
5818
5546
5447
5499
5357
5188
5165
5049
5321
5293
5519
5394
5508
5535
5546
5442
5440
5341
5534
5582
5600
5573
5668
5774
5744
5572
5534
5644
5762
5680
5755
5768
5871
5843
5732
5783
5583
5644
5645
5723
5743
5889
6238
6117
6189
6099
6154
6206
5949
6081
6212
6341
6181
6018
6015
6090
6087
6085
6060
5978
5854
5984
5894
5951
5862
5829
5817
6017
5912
6016
5890
5819
5719
5818
5731
5991
6223
6268
6283
6258
6323
6266
6340
6228
6216
6294
6242
6407
6288
6371
6438
6473
6475
6485
6473
6406
6409
6502
6451
6447
6269
6430
6440
6604
6523
6462
6485
6188
6098
6207
6035
6195
6206
6133
6013
5949
5980
5813
5798
5586
5673
5761
5603
5349
5348
5342
5387
5360
5224
5080
5282
5315
5252
5299
5218
5354
5431
5455
5460
5540
5594
5799
5684
5506
5640
5512
5558
5617
5682
5688
5708
5576
5462
5471
5375
5414
5310
5338
5311
5209
5094
4973
5005
4927
4970
4895
4733
4872
4988
4962
5044
5192
5238
5104
4867
4880
4765
4803
4770
4776
4655
4621
4621
4701
4706
4604
4640
4652
4584
4597
4508
4487
4607
4672
4765
4837
4708
4596
4668
4720
4725
4883
4776
4820
4803
4804
4761
4662
4560
4366
4320
4290
4243
4292
4236
4405
4230
4204
4254
4341
4365
4410
4531
4549
4583
4557
4602
4591
4603
4548
4337
4194
4143
4107
4118
4083
4085
4074
4030
3933
3821
3850
3871
3769
3949
3998
4111
3963
3993
3985
4081
4067
4177
4310
4289
4194
4100
3938
3825
3845
4048
4165
4234
4282
4163
4165
4056
3993
3962
3895
4079
4226
4315
4353
4403
4438
4471
4255
4204
4182
4164
4184
4295
4431
4507
4412
4484
4494
4541
4763
4756
4898
4989
4810
4847
4760
4713
4815
4746
4686
4612
4652
4555
4526
4325
4283
4414
4431
4366
4359
4523
4605
4715
4883
4820
4710
4734
4567
4617
4695
4658
4791
4766
4719
4809
4844
4920
4929
4923
4919
5012
4884
5044
4912
4925
5036
4988
5023
5056
5077
5017
5022
5012
5012
4696
4602
4571
4667
4679
4742
4654
4845
4807
4817
4804
4764
4651
4529
4650
4640
4675
4572
4415
4601
4500
4524
4589
4542
4618
4631
4736
4602
4697
4658
4859
4897
4831
4905
4960
5021
4963
4968
5000
4975
4994
4841
4862
4971
4943
4955
5048
5132
4927
5042
5015
4989
4955
4975
5034
4884
4844
4875
4799
4865
4909
4901
4872
5033
5291
5281
5250
5383
5473
5586
5546
5527
5488
5671
5575
5683
5576
5667
5693
5546
5631
5654
5640
5594
5740
5968
5974
5815
5925
5862
6068
6173
6110
6008
6261
6547
6449
6370
6385
6193
6225
6274
6421
6356
6469
6357
6535
6719
6920
6894
6784
6673
6683
6740
6634
6672
6765
6589
6561
6571
6484
6514
6850
6878
7222
7108
7187
7043
7230
7075
7242
7469
7237
7232
7094
7054
7086
7058
7086
6988
6924
6793
6952
7113
7120
7255
7236
7293
7291
7211
7261
7257
7192
7013
7037
7131
7054
6868
6835
6792
6858
6863
6945
6685
6598
6659
6725
6842
6804
6849
6897
6756
6667
6405
6367
6250
6183
6139
6069
5976
5976
