1005000
267772
173915
128507
100966
84262
71298
62548
55628
49310
44351
40724
37219
34681
32258
29931
27762
26245
24928
23813
22605
21158
20039
19057
18004
17194
16265
15631
15126
14608
13973
13213
12668
12159
11595
11237
10970
10830
10313
10218
10043
9733
9578
9569
9513
9166
9061
8866
8495
8483
8181
8011
7848
7607
7351
7359
7202
6931
6561
6369
6312
6082
6016
6053
5997
5812
5595
5619
5591
5495
5441
5393
5328
5309
5174
5160
5146
5036
4813
4880
4777
4741
4553
4466
4727
4703
4700
4699
4568
4363
4439
4532
4428
4239
4169
4178
3889
3881
3972
3884
3846
3843
3877
3756
3804
3666
3681
3731
3691
3712
3798
3873
3813
3829
3680
3695
3714
3524
3536
3434
3440
3481
3437
3350
3349
3375
3363
3297
3205
3224
3199
3153
3137
3154
3192
3254
3353
3421
3320
3192
3181
3303
3248
3192
3150
3253
3231
3173
3314
3260
3364
3315
3389
3446
3338
3277
3360
3141
3136
3169
3213
3156
3113
3107
3161
3165
3168
3212
3327
3354
3467
3466
3382
3318
3285
3208
3133
3088
3030
2917
2963
2903
2941
2911
2874
2980
2918
2937
2874
2777
2780
2819
2777
2838
2874
2787
2588
2641
2514
2608
2650
2731
2782
2789
2728
2776
2845
2881
2949
2842
2834
2828
2901
2950
2990
2878
2986
2781
2825
2731
2762
2737
2704
2598
2577
2662
2591
2631
2548
2538
2614
2711
2716
2743
2625
2543
2671
2682
2739
2767
2779
2821
2872
2858
2895
2838
2983
3010
3159
3137
3170
3148
3159
3014
3097
3052
3086
3028
3023
2932
2911
2931
2892
2818
2893
2980
3010
3000
2876
2977
3026
3137
3178
3199
3067
3071
3078
3116
3181
3292
3292
3325
3317
3400
3455
3522
3445
3348
3214
3174
3078
3039
2909
2970
3038
3055
2941
2976
3016
3105
3050
3115
3193
3168
3264
3296
3312
3260
3390
3341
3239
3336
3429
3433
3478
3419
3454
3490
3410
3385
3326
3412
3421
3303
3336
3509
3540
3510
3494
3632
3700
3485
3559
3538
3375
3238
3365
3345
3253
3264
3273
3265
3288
3328
3274
3226
3007
3032
3176
3180
3181
3194
3226
3105
3180
3147
3140
3284
3409
3467
3461
3453
3391
3454
3430
3594
3548
3646
3548
3602
3524
3513
3474
3395
3394
3397
3383
3233
3339
3271
3441
3424
3368
3253
3325
3413
3357
3292
3395
3462
3543
3613
3526
3633
3754
3768
3821
3691
3657
3532
3580
3682
3702
3705
3682
3893
4004
3988
4140
4256
4160
4066
4167
4212
4207
4283
4409
4324
4359
4445
4262
4292
4247
4225
4130
4321
4365
4500
4660
4474
4295
4396
4362
4211
4205
4217
4329
4399
4239
4342
4238
4198
4008
4086
3857
3890
3923
3825
3785
3986
4023
3966
3955
3871
3904
3818
3899
4034
4095
3934
3921
3883
3798
3817
3873
3874
3887
3962
4025
4131
4281
4341
4428
4507
4589
4693
4574
4587
4779
4783
4775
4888
4867
4750
4736
4832
5003
5031
4962
4887
4948
5041
4981
5059
4944
4845
4811
4778
4675
4749
4549
4604
4544
4561
4539
4571
4703
4832
4814
4667
4677
4574
4589
4691
4707
4806
5007
5077
5049
5037
5139
5277
5164
5177
5182
5299
5383
5424
5585
5616
5405
5459
5493
5695
5635
5620
5478
5496
5463
5449
5658
5589
5572
5531
5599
5683
5698
5730
5662
5663
5710
5599
5707
5670
5761
5665
5595
5704
5668
5764
5808
5898
6000
5947
5972
6087
5870
5872
5933
5722
5746
5798
5819
5724
5783
5818
5764
5736
5604
5682
5832
5693
5621
5523
5415
5288
5434
5581
5684
5609
5702
5659
5651
5645
5633
5600
5603
5519
5490
5351
5275
5219
5240
5350
5339
5269
5183
5129
5142
5173
5308
5254
5332
5416
5417
5474
5467
5343
5222
5150
5166
5160
5257
5230
5206
5370
5384
5350
5417
5455
5505
5648
5820
5829
5679
5795
5845
5789
5682
5769
6030
6176
6097
6048
5952
5998
5884
5924
6006
6058
5927
5824
5761
6062
6025
5927
5863
5796
5798
5916
5830
5892
5902
6042
5967
5951
5892
5815
5743
5950
5995
6262
6243
6312
6294
6514
6470
6443
6368
6395
6496
6540
6452
6268
6264
6321
6336
6194
6269
6303
6367
6267
6237
6087
6006
5996
5808
5721
5689
5899
5775
5587
5625
5712
5809
5750
5709
5821
5788
5814
5904
5940
5919
6016
6097
5979
6318
6303
6455
6454
6387
6286
6339
6539
6487
6412
6558
6528
6567
6572
6468
6492
6511
6501
6547
6443
6596
6584
6645
6752
6803
6768
6831
7057
7067
7057
7155
7044
7075
7056
7439
7542
7484
7404
7501
7519
7700
7562
7415
7371
7374
7276
7360
7307
7380
7395
7504
7351
7415
7616
7562
7343
7356
7298
7271
7344
7465
7301
7587
7502
7605
7515
7635
7471
7428
7423
7665
7493
7716
7768
7834
7868
7725
7852
7925
7993
8037
7960
7921
7775
7612
7676
7686
7553
7559
7602
7632
7425
7337
7438
7309
7346
7184
7160
7178
7078
7278
7172
7175
7232
7124
7241
7283
7259
7040
7048
7080
6991
7024
6986
6880
6705
6548
6404
6206
6110
6063
6172
5962
5997
6162
6155
6164
6125
6120
6148
6128
6184
6146
6190
6101
6277
6452
6197
6137
6094
6205
6093
6248
6413
6525
6406
6438
6531
6572
6587
6527
6626
6640
6543
6563
6543
6302
6102
6018
6021
6209
6094
6129
6073
6123
6096
5862
5819
5688
5512
5573
5718
5687
5765
5878
5852
5783
5887
5859
5733
5718
5519
5499
5551
5613
5532
5566
5445
5564
5454
5544
5545
5586
5518
5440
5366
5317
5398
5439
5500
5487
5514
5565
5580
5726
5729
5627
5699
5764
5790
5762
5688
5759
5795
5854
5923
5896
5862
5788
5854
5927
5829
5750
5643
5637
5637
5678
5594
5712
5729
5786
5639
5534
5410
5477
5549
5506
5668
5744
5669
5663
5843
5926
6041
6037
6057
6221
6208
6190
6244
6310
6243
6238
6236
6186
6401
6521
6558
6304
5883
5804
5974
6000
5804
5915
5759
5711
5861
5881
5832
5717
5706
5732
5900
5887
5890
5864
5738
5840
5973
6070
5899
5980
5975
5938
5994
5988
6082
6068
6094
6010
5855
5619
5531
5499
5539
5647
5847
5830
5720
5466
5556
5596
5891
5989
6022
5963
6101
6207
6076
6048
6015
5967
6044
6019
6129
5924
5777
5667
5517
5677
5399
5465
5527
5683
5728
5966
6031
6160
6300
6335
6519
6483
6825
6961
6742
6798
6547
6427
6571
6467
6569
6735
6769
6696
6649
6644
6547
6592
6646
6665
6641
6545
6603
6677
6751
6811
6606
6630
6594
6531
6298
6183
6129
6047
5987
6041
6080
6177
6190
6155
6194
6253
6285
6137
6118
6000
5999
5923
6025
6192
6100
6079
6208
6135
6096
6145
6146
6108
6231
6429
6258
6540
6540
6523
6557
6600
6876
6694
6774
6878
7000
6895
7106
7102
7349
7506
7513
7533
7633
7650
7545
7386
7198
6894
6891
6901
6627
6635
6669
6825
6692
6493
6335
6115
6216
6215
6074
6202
6249
6118
6002
6031
6166
6199
6130
6200
6256
6125
6002
5907
6018
6096
5959
5874
5998
5980
6055
6289
6326
6136
6201
6182
6423
6247
6287
6279
6112
6122
6082
6194
6268
6220
6250
6214
6508
6518
6411
6475
6432
6308
6387
6204
6363
6422
6442
6491
6515
6618
6562
6363
6134
5975
5899
5884
5821
5757
5791
5768
5900
5894
5809
5860
5947
5867
5797
5805
5924
6009
6144
5936
6130
6130
6118
6127
6057
6035
6113
6163
6103
6146
6055
6058
5991
5859
5792
5803
5595
5554
5714
5751
5679
5743
5642
5786
5828
5777
5851
5764
5901
5851
5753
5865
6048
6022
5975
6053
6127
6221
6192
6224
6094
5982
6141
6139
5988
5948
5874
5849
5831
5940
6030
5860
5954
5971
5843
5808
5801
5740
5620
5552
5520
5405
5426
5266
5371
5469
5463
5341
5503
5582
5573
5705
5814
5709
5551
5666
5708
5782
5700
5816
5716
5642
5615
5778
5964
5957
5874
5923
5967
6078
6060
6053
5934
5855
5694
5836
5795
5905
6045
6136
6069
6161
6280
6403
6582
6577
6576
6613
6740
6834
6815
6823
6941
6869
6779
6574
6526
6434
6420
6372
6214
6115
6072
6179
6218
6165
6406
6581
6411
6460
6315
6508
6544
6584
6630
6551
6616
6683
6702
6733
6569
6636
6550
6753
6660
6581
6558
6475
6425
6211
6320
6185
6185
6105
6114
6044
6031
6022
6020
6026
5965
6062
5997
6162
6125
6057
6012
6202
6000
6020
5959
5987
6010
5981
5881
5896
5788
5948
6082
6125
6110
6171
5942
5895
5713
5572
5414
5497
5394
5385
5467
5375
5474
5256
5085
5064
5154
5067
5128
5182
5097
4970
4953
4791
4683
4716
4858
4944
4820
4726
4641
4895
4979
5001
5020
5131
5067
5149
5228
5278
5236
5320
5171
5161
5296
5217
5231
5423
5432
5569
5659
5712
5715
5960
5964
5870
5855
5830
5867
6021
5939
6008
5935
5932
5988
5962
6167
6203
5983
6141
6070
6089
6085
6069
6083
6227
6354
6543
6338
6378
6398
6426
6378
6281
6123
6158
6151
6165
6067
6061
5945
5952
5936
6032
5961
5877
5853
6033
5995
6029
5967
5920
6093
6063
6106
6143
6282
6163
6310
6333
6334
6291
6231
6082
6033
6073
6186
6261
6417
6340
6229
6119
6090
6114
6026
6199
6208
6335
6366
6313
6322
6380
6309
6167
6129
6130
6024
5999
5989
5861
6011
5932
5995
6091
6128
6094
6283
6356
6345
6349
6500
6447
6543
6713
6616
6678
6639
6693
6628
6585
6667
6603
6773
6644
6626
6584
6588
6489
6743
6855
6722
6848
6881
6874
7045
7156
7087
7211
7299
7313
7233
7375
7378
7204
7159
7441
7454
7390
7350
7397
7389
7260
7316
7354
7474
7353
7300
7362
7236
7087
6821
6940
7076
6936
6805
6608
6690
6738
6690
6817
6793
6767
6875
6913
6883
6859
6532
6549
6550
6548
6543
6575
6491
6613
6581
6721
6554
6565
6599
6481
6208
6291
6252
6521
6409
6272
6355
6330
6524
6492
6437
6375
6471
6467
6450
6399
6344
6330
6584
6487
6298
6278
6165
6000
5900
5858
5949
5973
5947
5946
5987
6041
5989
5969
5965
5976
5834
5848
5683
5727
5552
5473
5268
5213
5266
5126
5017
4909
4796
4725
4628
4480
4497
4569
4524
4528
4498
4387
4379
4255
4166
4031
4152
4199
4118
3969
4021
3934
4076
4035
3987
3988
3976
3802
3880
4009
4107
4056
3914
3788
3789
3708
3774
3803
3788
3906
3914
3907
4033
3851
3827
3756
3668
3638
3671
3757
3683
3631
3651
3547
3527
3422
3661
3747
3781
3709
3710
3696
3655
3585
3577
3406
3375
3418
3517
3395
3351
3324
3326
3351
3337
3348
3276
3294
3140
3137
3091
3099
3123
3148
3182
3129
3115
3235
3290
3280
3242
3279
3276
3348
3273
3378
3438
3289
3353
3431
3429
3360
3437
3429
3413
3389
3460
3509
3591
3562
3565
3512
3464
3342
3265
3322
3410
3463
3565
3443
3508
3464
3574
3594
3598
3601
3605
3675
3666
3569
3645
3598
3649
3715
3772
3760
3819
3817
3733
3754
3622
3632
3594
3705
3849
3834
3808
3973
4019
4009
3987
4006
3968
3959
4023
4079
4061
4167
4269
4300
4408
4437
4377
4437
4395
4222
4421
4553
4597
4650
4716
4835
4789
4639
4718
4761
4708
4688
4858
5034
5158
5186
5152
5179
5172
5258
5250
5282
5322
5191
5149
4881
4852
4775
4917
4890
4985
4865
4993
5258
5227
5206
5179
5208
5189
5336
5481
5469
5418
5305
5139
5000
4949
4865
4811
4966
4820
4882
4855
4705
4737
4834
4769
4689
4683
4746
4757
4704
4841
4886
4879
4992
5155
5053
5065
5084
5204
5275
5527
5491
5619
5831
5723
5865
5923
5951
5702
5563
5609
5517
5546
5267
5411
5327
5335
5235
5203
5194
5076
5203
5143
4973
5073
4845
4686
4702
4744
4886
4696
4843
4804
4799
4706
4792
4907
4897
4959
5000
4930
4880
4818
4859
4677
4688
4719
4665
4788
4901
4828
4916
4970
5065
4957
5117
5143
5177
5105
4851
4930
4839
4709
4581
4602
4713
4757
4900
4763
4710
4598
4549
4631
4651
4793
4974
5076
5054
5064
4945
4927
4713
4528
4674
4589
4603
4686
4735
4884
4907
4962
4956
4955
5090
5087
5136
5173
5193
5344
5255
5260
5310
5330
5320
5426
5514
5560
5482
5555
5591
5476
5273
5215
5163
5073
4890
4807
4924
5021
5002
4983
5057
5064
5028
4975
5036
5072
5003
5126
5171
5136
5088
4999
4942
5137
5179
5293
5349
5257
5203
5153
5250
5271
5331
5202
5210
5341
5222
5297
5420
5331
5383
5381
5496
5567
5668
5616
5519
5605
5548
5564
5436
5326
5271
5367
5369
5454
5283
5389
5394
5353
5461
5452
5259
5275
5040
5114
5020
5024
4965
4755
4789
4574
4648
4637
4703
4768
4875
4772
4744
4754
4792
4801
4748
4538
4506
4544
4394
4283
4241
4261
4226
4288
4332
4351
4537
4511
4490
4412
4403
4333
4393
4309
4482
4571
4455
4529
4553
4711
4592
4684
4790
4822
4732
4668
4746
4754
4807
4778
4817
5125
5237
5258
5333
5387
5366
5371
5438
5501
5516
5380
5518
5524
5495
5523
5352
5246
5240
5232
5108
4891
4988
5083
5090
5036
5121
5044
5109
5204
5080
5159
5038
4934
4756
4819
4682
4854
4784
5027
5043
5159
5209
5126
5147
5228
5193
5166
5232
5256
5286
5394
5455
5529
5501
5527
5490
5518
5388
5319
5253
5217
5141
5167
5137
5019
4958
5116
5362
5537
5470
5371
5561
5647
5712
5603
5695
5914
6041
6051
6046
6083
6238
6140
6174
6138
6098
6100
5942
6011
6105
6416
6541
6610
6557
6630
6434
6460
6401
6299
6344
6283
6182
6145
6212
6335
6283
6215
6175
6162
6402
6455
6328
6242
6303
6274
6346
6360
6461
6391
6394
6291
6274
6364
6166
5989
6050
6204
6228
6157
6090
5976
5976
6031
5733
5686
5540
5306
5470
5459
5571
5568
5532
5291
5320
5282
5265
5345
5289
5285
5264
5136
5062
4936
5104
5031
4870
5010
4829
4860
4736
4654
4584
4589
4719
4761
4728
4609
4594
4743
4668
4606
4682
4678
4762
4819
4971
4996
4945
4863
4998
5075
5067
4967
4776
4911
4881
4807
4766
4787
4765
4891
4817
4853
4775
4742
4678
4720
4792
4803
4799
4580
4499
4503
4437
4378
4447
4471
4359
4503
4606
4570
4451
4474
4407
4440
4464
4217
4076
4037
4110
4067
4046
3905
3955
3854
3829
3844
3982
3974
4189
4254
4269
4089
4092
4132
4112
4252
4223
4298
4318
4377
4394
4442
4556
4602
4694
4621
4499
4253
4442
4491
4516
4607
4636
4585
4552
4661
4818
5021
4904
4951
5059
4997
4866
4886
5007
5003
5049
5093
4942
5038
4874
4720
4896
4838
4923
5102
4970
5048
4917
4892
4860
4863
4840
4817
4817
4719
4890
4765
4832
4916
4833
4760
4871
4956
4836
4842
4894
4841
4875
5041
5128
5029
4848
4847
4788
4757
4888
4946
4952
4898
5133
5169
5244
5234
5074
5169
5249
5484
5446
5389
5400
5270
5388
5506
5545
5693
5756
5762
5741
5488
5483
5486
5700
5630
5491
5623
5545
5771
5807
6130
6038
6060
6015
5946
5926
5981
6111
6217
6303
6374
6411
6355
6284
6248
6341
6434
6401
6534
6762
6767
6929
6960
7142
7094
7043
7045
7020
7021
6897
6963
7114
7064
7209
7265
7190
7094
7354
6997
6973
6826
6931
7104
6977
6920
6767
6835
6753
6753
6774
6810
6667
6629
6639
6716
6759
6800
6804
6965
6971
6917
6862
6873
6853
6884
6894
6943
6749
6949
7090
7086
6996
6895
6824
6657
6697
6857
6673
6523
6549
6435
6330
6128
6050
5772
5687
5696
5635
5731
5691
5803
5745
5747
5755
5773
5749
5640
5719
5900
5872
5983
6006
6083
6044
6038
6092
6243
6142
6128
6111
6133
6097
5997
6151
6217
6363
6425
6405
6385
6658
6965
6911
6964
6861
6784
6623
6800
6836
6770
6770
6720
6577
6435
6444
6725
6918
6878
7068
7265
7361
7438
7304
7338
7387
7372
7614
7513
7461
7739
7654
7656
7807
7907
7850
7718
7898
7730
7688
7698
7553
7534
7410
7421
7316
7235
7088
7164
7356
7381
7335
7263
7225
7099
7171
7146
6894
6741
6476
6527
6551
6680
6641
6842
6774
7044
7151
7036
7269
7193
7145
6949
6939
7262
7084
7117
7027
6951
6581
6440
6433
6384
6613
6874
6829
6750
6794
6854
6874
6840
7009
7073
6945
7104
6835
6752
6902
6851
6894
6988
7198
7295
7155
7052
6934
6859
7154
7244
7347
7199
7313
7237
7170
7192
7122
7101
6849
6805
6659
6666
6687
6496
6418
6425
6528
6382
6434
6482
6574
6727
6556
6553
6428
6292
6213
5998
6033
5994
6051
5995
6089
6260
6296
6258
6239
6186
6216
6351
6391
6438
6330
6092
6159
6223
6096
6047
6086
6061
6102
6228
6289
6497
6237
6327
6358
6396
6606
6399
6469
6581
6471
6395
6418
6248
6297
6401
6559
6563
6634
6721
6666
6780
6748
6814
6887
6892
6914
6843
6860
6886
7132
7142
7063
7155
7055
7061
7006
6663
6550
6509
6551
6561
6414
6397
6362
6487
6258
6367
6219
6238
6090
6221
6192
6175
6094
6089
5984
5945
5737
5705
5694
5857
5827
5796
5708
5617
5712
5681
5671
5660
5446
5376
5296
5240
5189
5045
5087
5248
5261
5358
5231
5207
5258
5229
5013
4948
4873
4909
4901
4882
4879
5063
5168
5291
5128
5079
4934
5194
5245
4998
4715
4687
4773
4791
4765
4726
4832
4792
4804
4791
4907
4950
4898
4764
4743
4923
5016
4911
4763
4863
4903
4923
4929
4865
4757
4751
4761
4658
4580
4571
4726
4727
4750
4776
4537
4506
4490
4338
4434
4410
4496
4553
4379
4536
4478
4543
4680
4622
4545
4610
4604
4665
4619
4511
4582
4586
4631
4514
4545
4464
4577
4595
4700
4718
4815
4840
4808
4907
4769
4910
4982
5021
5037
4865
4980
4864
4755
4790
4786
4881
4892
4807
4997
4973
4942
4969
4963
4935
4889
4877
4904
4750
4541
4533
4553
4581
4438
4435
4379
4356
4198
4255
4183
4303
4317
4337
4214
4241
4134
4244
4291
4446
4372
4442
4546
4610
4517
4490
4425
4495
4478
4516
4390
4552
4552
4531
4530
4510
4568
4598
4649
4733
4660
4819
4808
4891
4719
4593
4817
4917
4954
4711
4741
4837
5063
4949
5224
5247
5147
5048
5084
5310
5203
5239
5289
5102
5117
5095
5143
5160
5243
5326
5277
5267
5220
5104
5032
5205
5013
4802
4867
4734
4769
4698
4621
4623
4568
4643
4585
4639
4444
4421
4468
4549
4444
4457
4570
4786
4657
4708
4596
4617
4561
4684
4698
4756
4861
4874
4843
4809
4769
4915
4976
4946
4903
4908
4970
4981
4938
5036
5053
5081
5150
5321
5426
5425
5467
5302
5313
5451
5508
5361
5359
5466
5474
5623
5577
5530
5572
5509
5501
5477
5314
5286
5437
5459
5498
5476
5314
5433
5525
5535
5745
5593
5456
5379
5414
5343
5317
5185
5047
5275
5392
5609
5718
5688
5804
5683
5550
5517
5603
5460
5629
5589
5494
5499
5434
5384
5361
5208
5254
5500
5363
5368
5581
5675
5618
5483
5481
5428
5557
5457
5522
5515
5561
5444
5337
5379
5405
5469
5521
5699
5738
5741
5706
5736
5424
5427
5474
5404
5374
5390
5249
5259
5201
5141
5140
5249
5269
5210
5125
5267
5255
5480
5290
5294
5246
5394
5315
5162
5241
5205
5199
5206
5211
5126
5002
5028
5040
5231
5226
5201
5289
5267
5156
5325
5331
5391
5440
5424
5603
5619
5565
5463
5555
5600
5630
5632
5596
5679
5711
5598
5554
5541
5716
5855
5922
6036
6104
6245
6185
6265
6292
6220
6435
6531
6624
6506
6517
6518
6504
6469
6570
6606
6698
6713
6563
6447
6458
6432
6240
6282
6360
6391
6689
6620
6453
6340
6319
6267
6302
6394
6394
6455
6361
6353
6310
6232
6274
6223
6130
6225
6301
6382
6384
6249
6239
6212
5960
5993
6248
6135
6096
6056
6131
6012
6240
5992
6041
5973
6271
6242
6485
6505
6413
6575
6334
6232
6150
6014
6059
6200
6084
6121
6104
6084
5982
5975
6202
6242
6264
6418
6367
6378
6273
6248
6322
6250
6499
6374
6452
6418
6237
6235
6490
6623
6901
6827
6738
6682
6582
6580
6781
6407
6530
6553
6484
6424
6542
6249
6173
6234
6419
6571
6369
6585
6636
6576
6417
6275
6038
6135
5891
5900
5845
5663
5730
5588
5751
5751
5652
5683
5679
5808
5655
5523
5538
5315
5225
5242
5352
5280
5365
5333
5270
5279
5224
5203
5270
5148
5187
5218
5386
5464
5339
5356
5426
5452
5327
5195
5212
5166
5090
5122
4990
5004
4954
5002
5071
5081
4919
4810
4872
4684
4645
4628
4715
4769
4819
4840
5030
4939
4971
4912
4903
4895
4941
4968
5089
5170
5149
5131
5265
5234
5196
5359
5382
5525
5546
5612
5562
5738
5652
5643
5651
5692
5979
5894
5924
5847
5812
5784
5769
5814
5675
5787
5740
5727
5695
5582
5635
5526
5495
5413
5327
5396
5302
5409
5271
5231
5498
5636
5690
5754
5598
5809
5597
5661
5777
5802
5765
5742
5650
5756
5837
5963
6076
6283
6190
6302
6323
6182
6123
6069
6225
6252
6216
6174
6211
6296
6374
6116
6324
6383
6395
6380
6369
6367
6452
6326
6512
6650
6673
6579
6549
6676
6499
6469
6395
6636
6626
6691
6702
6583
6503
6550
6556
6606
6491
6530
6614
6646
6592
6507
6406
6251
6284
6277
6510
6604
6655
6656
6864
7111
7073
6959
6690
6575
6526
6554
6584
6526
6529
6503
6447
6352
6339
6310
6292
6120
6084
6184
6103
6104
6046
6019
5881
5729
5592
5492
5342
5328
5208
5126
5117
4981
4849
4889
4975
4980
4823
4954
4979
4891
4840
4812
4886
4990
4889
4924
4829
4864
4925
5099
5113
5142
5110
5145
5313
5315
5193
5048
5145
5103
5231
5240
5070
4916
4862
4675
4668
4714
4884
4946
5030
4944
4874
4889
5029
5091
5070
5222
5205
5108
5090
5197
5089
5179
5202
5360
5275
5286
5470
5586
5596
5659
5852
5905
5870
6039
6110
6037
5930
5945
5845
5887
5934
6081
5923
5880
5851
5993
6106
6338
6192
6066
5838
5981
6017
6042
6060
6172
6108
5914
5926
5869
6103
6016
5878
5704
5772
5863
5729
5738
5892
5626
5603
5740
5889
5914
5936
5832
5733
5693
5544
5613
5561
5726
5626
5656
5584
5502
5538
5450
5636
5770
5774
5688
5731
5865
5730
5702
5710
5784
5895
5948
5958
5926
5900
5917
5941
5995
6072
5984
5997
5943
6126
6183
6175
6149
6172
5991
5893
6125
6013
6066
5964
5833
5947
5856
5687
5527
5498
5471
5661
5748
5813
5753
5760
5873
5922
6016
5891
5997
6359
6205
6135
6184
6233
6139
6192
6383
6338
6514
6532
6766
6614
6560
6609
6525
6542
6664
6498
6615
6657
6727
6816
6907
6812
6903
6887
6892
6988
6816
6853
6774
6750
6924
7048
7108
7140
7170
6996
7159
7249
7253
7306
6942
7103
7221
7288
7238
7234
7159
7175
7298
7266
7300
7577
7540
7498
7496
7379
7522
7533
7426
7307
7303
7323
7258
7234
7178
7163
7294
7274
7432
7533
7438
7551
7763
7907
8044
7870
7900
7884
7875
7632
7700
7699
7645
7773
7628
7406
7373
7463
7463
7699
7650
7662
7455
7243
7103
7118
7224
7407
7508
7437
7336
7091
7029
6999
6939
6947
6972
6867
7080
6883
6800
6911
7070
7067
7000
6811
6878
6867
6904
6889
6564
6831
7069
7105
7190
7222
7333
7148
7053
6897
6984
6994
6859
6875
6869
7069
7246
7177
7201
7209
7310
7390
7492
7511
7516
7496
7529
7508
7449
7266
7403
7619
7590
7695
7493
7560
7611
7538
7397
7724
7648
7651
7589
7633
7577
7691
7448
7532
7378
7340
7470
7637
7687
7525
7584
7693
7564
7370
7286
7468
7602
7365
7381
7321
7286
7340
7216
7206
7029
7038
7132
7057
6896
7024
7038
7226
7264
7277
7531
7470
7279
7364
7399
7578
7637
7527
7348
7403
7644
7545
7437
7680
7796
7936
8058
8077
7880
8036
8039
8158
7998
8183
8338
8142
8147
8216
8162
8376
8238
8356
8301
8264
7968
8023
8055
7767
7971
7718
7677
7622
7610
7521
7784
7693
7875
7637
7395
7466
7513
7477
7290
7325
7335
7147
7304
7421
7317
7459
7312
7244
7204
7230
7240
7347
7360
7445
7313
7281
7640
7413
7378
7504
7700
7779
7877
7737
7738
7577
7546
7363
7337
7418
7528
7465
7556
7475
7478
7583
7554
7489
7687
7508
7435
7646
7701
7818
7856
7873
7597
7492
7419
7283
7275
7118
7041
7038
6958
7010
6923
6817
6857
6870
6944
6880
7020
7037
7112
7193
7100
6998
7145
7145
7048
7105
7158
6985
6695
6574
6620
6408
6427
6580
6332
6581
6470
6433
6316
6358
6271
6542
6430
6432
6534
6357
6406
6501
6431
6515
6478
6472
6323
6157
6043
6031
5888
5805
5822
5884
5751
5913
5940
6023
5923
5957
5886
6073
6091
6165
6203
6192
6257
6419
6524
6496
6518
6424
6588
6283
6272
6243
6319
6209
6058
6324
6311
6289
6356
6342
6420
6252
6217
6081
6152
6181
6127
6116
6215
6178
6305
6271
6243
6173
6158
6215
6262
6289
6471
6478
6497
6539
6479
6322
6380
6384
6501
6594
6515
6641
6739
6823
6634
6493
6507
6167
6224
6361
6141
6043
6144
6354
6400
6479
6564
6725
6683
6806
6887
6938
6966
6940
6940
6943
6881
7172
7266
7189
7084
7231
7321
7312
7279
7365
7374
7408
7633
7706
7715
7554
7333
7305
7230
7349
7248
7176
7180
7329
7408
7193
7144
7105
7153
7137
6963
6852
6934
6910
6851
6957
7001
7125
7098
6939
6943
6711
6638
6875
6880
6770
6647
6713
7003
6906
6768
6939
6924
7006
7087
7160
7327
7369
7312
7218
7244
7440
7329
7385
7393
7415
7525
7435
7388
7647
7765
7629
7926
7879
7956
8113
8063
8210
8025
7946
7863
7665
7715
7756
7733
7617
7575
7415
7420
7311
7255
7274
7136
7211
7177
7057
7006
7007
6972
6988
7050
7040
6954
6842
7025
7051
6852
6665
6664
6568
6521
6305
6286
6165
6180
5987
6004
6002
6023
6117
6178
5996
5961
6134
6186
6197
6259
6173
6242
6214
6290
6345
6365
6481
6372
6358
6419
6503
6454
6330
6368
6489
6628
6693
6663
6652
6455
6568
6496
6589
6696
6614
6584
6566
6752
6827
6984
6832
6888
6869
7045
7056
7160
7148
6991
7163
6787
6966
6949
6925
6840
6868
6855
6872
7025
7090
7152
7050
6901
6907
6685
6525
6495
6505
6518
6606
6567
6535
6578
6401
6413
6332
6201
6142
6225
6185
6124
5991
5953
5806
5913
5704
5893
5864
5947
6035
6055
5822
5827
5960
6102
6167
6021
5928
5927
6033
6035
5988
6040
6029
6115
6185
6163
6098
6342
5985
6045
5709
5611
5604
5586
5583
5492
5570
5737
5609
5606
5515
5529
5517
5521
5493
5538
5742
5712
5615
5517
5819
5858
5802
5895
5798
5690
5728
5733
5578
5589
5561
5429
5353
5284
5222
5280
5352
5228
5293
5200
5168
5039
5116
4904
4999
5160
5184
5101
5164
5229
5033
4943
4747
4912
4923
4778
4918
5119
4926
4923
4821
4784
4639
4665
4790
4851
4928
5010
4861
4826
4839
4796
4842
5013
5061
5147
4990
4963
5052
5057
5145
5078
4926
4977
5008
4996
5038
4889
5061
5006
4981
5009
4903
4910
4915
4995
5046
4989
4985
4973
4963
4969
4861
4942
4930
5052
5075
5211
5121
5280
5336
5294
5238
5203
5286
5307
5350
5363
5547
5552
5607
5534
5538
5512
5527
5565
5499
5611
5406
5409
5577
5598
5420
5516
5515
5223
5240
5395
5468
5495
5467
5528
5448
5586
5468
5508
5532
5453
5541
5398
5195
5011
4977
4919
4888
4872
4950
5057
5035
5118
5146
5291
4938
4758
4920
4910
4988
4910
4786
4814
4856
4796
4587
4634
4687
4685
4770
4882
4807
4884
4916
5032
5086
5198
5115
5203
5078
5018
5007
5071
5023
4933
4963
4667
4563
4544
4421
4363
4542
4533
4466
4622
4630
4768
4774
4828
4779
4700
4647
4719
4642
4827
4612
4681
4581
4718
4810
4723
4724
4641
4577
4625
4547
4602
4804
4922
4853
4772
4706
4779
4851
4791
4736
4680
4583
4545
4474
4588
4556
4577
4758
4640
4552
4496
4574
4568
4470
4446
4518
4507
4514
4615
4671
4730
4734
4655
4767
4689
4886
4832
4984
4844
4912
4835
4802
4860
4776
4790
4627
4715
4758
4601
4474
4525
4547
4756
4857
5122
5300
5099
5189
5356
5422
5544
5449
5461
5301
5323
5434
5243
5185
5079
5068
5159
5154
5195
5192
5361
5387
5419
5431
5446
5237
5491
5473
5578
5417
5524
5430
5350
5483
5549
5444
5326
5359
5271
5296
5329
5216
5143
5082
5126
5084
5101
5100
5180
5020
5071
5153
5057
5073
5075
4946
4824
4832
4943
5109
5002
4846
4888
5004
4966
4942
5029
4981
4895
4989
5060
5160
5176
5145
5165
4981
4819
4874
4917
4864
4950
5016
4919
4968
4865
4901
4905
5121
5102
5190
5320
5432
5277
5025
4936
4995
4840
4802
4899
4866
4914
4874
4891
5127
5003
5038
5177
5171
5148
5081
5168
5147
5132
5070
5220
5228
5275
5091
5091
4888
4912
5000
4995
5011
4876
4889
4958
4943
4917
4844
4822
4932
4854
4886
4740
4728
4784
4941
4998
5063
5043
5084
5127
5105
4997
5080
4944
4913
4888
4992
4819
4987
5242
5168
5154
5070
5047
5032
5068
4999
4808
4751
4747
4793
4610
4706
4502
4438
4461
4458
4558
4685
4625
4509
4533
4570
4392
4382
4457
4243
4195
4060
3973
4009
3912
3843
3860
3908
3735
3677
3458
3523
3689
3662
3590
3440
3502
3465
3602
3694
3782
3881
3897
4050
4028
4057
4058
4151
4177
4176
4192
4218
4282
4293
4420
4456
4397
4530
4519
4451
4475
4318
4315
4358
4385
4490
4503
4520
4554
4487
4522
4571
4624
4727
4598
4471
4466
4452
4524
4365
4439
4358
4487
4405
4468
4404
4366
4415
4310
4321
4244
4349
4393
4454
4420
4373
4543
4458
4636
4722
4774
4723
4745
4688
4794
4867
4814
4911
4926
5152
5170
5272
5352
5513
5452
5322
5485
5427
5355
5544
5578
5463
5397
5510
5425
5358
5432
5727
5843
5646
5715
5739
5655
5746
5742
5721
5811
5765
5717
5659
5820
5771
5627
5582
5563
5527
5596
5653
5756
5877
5749
5882
5921
6040
6073
6067
5951
5994
6011
6008
5985
5973
6077
6089
5996
6025
6083
6275
