1005000
267488
173099
128683
102121
84705
71992
62896
55199
49562
44427
40476
37365
34766
31886
29611
27583
26089
24311
22846
21915
21023
20212
19351
18369
17523
16725
16032
15309
14665
14200
13743
13239
12746
12424
12070
11944
11260
10901
10446
10054
9869
9338
9201
9044
8905
8729
8579
8380
8294
8374
8152
7817
7716
7526
7321
7123
7045
6910
6579
6539
6411
6261
6223
6223
6058
6074
5921
5730
5590
5652
5553
5475
5329
5203
5149
5176
5233
5217
5192
4959
5010
4833
4929
4853
4755
4654
4767
4634
4629
4630
4536
4589
4464
4444
4485
4476
4443
4315
4422
4334
4225
4080
4094
4226
4189
4140
4093
4270
4170
4104
4101
4083
4176
4119
4015
3919
3965
3919
3914
3739
3835
3763
3714
3612
3556
3448
3333
3152
3211
3134
3144
3216
3271
3297
3223
3241
3245
3280
3199
3268
3301
3337
3207
3256
3168
3163
3198
3370
3364
3201
3155
3204
3102
3068
3045
3140
3204
3153
3084
2940
2921
2932
3007
2850
2903
2887
2820
2910
2804
2760
2705
2627
2595
2576
2507
2523
2482
2469
2319
2343
2320
2245
2278
2302
2370
2271
2243
2307
2297
2325
2217
2142
2035
2016
2040
1986
1913
1830
1902
1972
1932
1944
1986
1929
1857
1840
1837
1816
1875
1879
1957
1963
1857
1962
2017
1938
2007
1916
1963
1948
1875
1951
1953
2007
1933
1899
1976
1932
1962
1782
1821
1831
1858
1749
1708
1770
1832
1866
1815
1795
1905
2009
1936
1932
2016
2001
1906
1931
1936
1948
1965
1900
1921
1896
1861
1827
1903
1872
1791
1812
1875
1884
1734
1711
1791
1866
1953
1908
1905
2003
2080
2071
2116
2046
2061
1959
1926
1809
1859
1897
1920
1836
1824
1914
1881
1801
1819
1728
1722
1683
1734
1692
1687
1656
1680
1731
1743
1847
1854
1946
1926
1800
1743
1807
1872
1887
1833
1775
1782
1827
1840
1860
1750
1715
1809
1767
1680
1590
1698
1732
1758
1771
1780
1842
1848
1791
1869
1915
1922
1999
1920
2002
2012
1977
1905
1965
1985
1980
2107
2091
2121
2132
2151
2203
2175
2085
2067
2160
2176
2202
2238
2249
2176
2154
2079
2112
2106
2145
2100
2114
2046
2082
2167
2254
2343
2335
2377
2356
2426
2420
2364
2365
2376
2448
2383
2404
2342
2324
2358
2248
2253
2184
2201
2028
2016
1944
1828
1950
1968
1986
1947
1905
1965
1992
2053
2155
2326
2346
2386
2404
2421
2561
2595
2618
2658
2532
2523
2566
2570
2596
2604
2670
2703
2935
2834
2861
2878
2806
2785
2670
2827
2910
2851
2706
2673
2654
2620
2570
2470
2422
2352
2442
2326
2217
2175
2061
2037
1969
1966
1834
1851
1825
1883
1881
1896
1938
1894
1869
1857
1846
1794
1807
1867
1856
1794
1881
1931
1974
1857
1850
1926
2007
2090
2128
2165
2202
2175
2172
2164
2212
2269
2380
2436
2497
2498
2468
2482
2484
2488
2481
2483
2610
2654
2632
2473
2514
2569
2575
2548
2543
2518
2409
2385
2547
2550
2584
2744
2727
2635
2683
2736
2694
2684
2708
2707
2729
2611
2581
2560
2535
2443
2454
2510
2496
2364
2266
2358
2339
2335
2329
2284
2316
2370
2472
2466
2353
2343
2354
2301
2314
2458
2405
2414
2351
2424
2427
2560
2543
2479
2508
2401
2549
2586
2577
2575
2622
2700
2888
2917
2888
2901
2789
2982
3036
3048
3021
2953
2929
3021
2882
2859
2913
2969
3013
3058
3195
3231
3271
3194
3314
3417
3539
3576
3635
3728
3713
3609
3707
3714
3662
3616
3668
3700
3801
4104
3991
3946
4020
4063
4098
4030
4037
4214
4199
4130
3876
3937
3996
3950
3881
3877
3897
3923
3961
4074
4133
4287
4295
4073
4117
4122
4113
3988
3992
3984
4011
4100
4024
3913
3991
4172
4074
4327
4487
4324
4449
4379
4468
4449
4533
4544
4579
4487
4507
4508
4504
4584
4548
4681
4581
4631
4600
4609
4651
4526
4636
4664
4765
4850
4894
4742
4758
4632
4641
4640
4496
4620
4655
4616
4490
4511
4567
4572
4535
4467
4443
4376
4361
4247
4140
4135
4228
4112
3954
4107
4063
4030
3903
3859
3831
3940
3792
3729
3673
3638
3686
3565
3496
3505
3490
3552
3620
3617
3595
3615
3639
3751
3925
3983
4059
3992
4006
4153
3965
4048
3873
3944
4006
3906
3938
3981
4041
4025
4072
4118
4023
4268
4297
4188
4080
3963
3976
4023
3921
3941
4076
4131
4134
4130
4005
4093
4249
4377
4464
4482
4552
4705
4599
4654
4714
4751
4709
4764
4727
4758
4879
4889
5067
4931
5084
5039
5063
5087
5146
5026
5060
5350
5422
5445
5683
5625
5363
5538
5592
5815
5730
5728
5810
5886
5928
5967
5926
5931
5941
5788
5793
5783
5724
5554
5574
5680
5806
5827
5910
5831
5632
5557
5679
5616
5371
5386
5443
5342
5392
5418
5287
5222
5114
5119
5086
5043
5002
4908
4797
4948
5050
4918
4871
4808
4706
4727
4955
4968
5052
5165
5278
5380
5360
5203
5136
5165
5260
5268
5191
5158
5115
5194
5029
5120
5051
5041
5022
5251
5327
5370
5495
5485
5634
5612
5593
5578
5590
5657
5586
5476
5526
5659
5600
5610
5356
5490
5749
5817
5756
5486
5473
5305
5271
5264
5221
5128
5022
4755
4844
4910
4994
5054
5148
5006
4871
4939
5002
4841
4797
4932
4880
4686
4773
4927
4744
4773
4915
4960
4880
4992
5066
5090
5021
5163
5113
5189
5309
5160
5296
5399
5200
5205
5361
5270
5374
5605
5670
5574
5600
5665
5642
5523
5552
5528
5547
5497
5477
5388
5304
5547
5497
5365
5581
5694
5595
5729
5899
5987
5641
5610
5606
5692
5598
5650
5850
5830
5999
5990
5948
5956
5868
5898
5911
5584
5552
5359
5434
5516
5559
5641
5663
5760
5607
5649
5585
5613
5663
5641
5678
5844
5946
5889
5748
5767
5798
5871
6005
6087
5989
6187
6288
6397
6446
6665
6541
6577
6578
6553
6507
6460
6453
6424
6395
6544
6545
6575
6779
7072
7038
6906
6781
6748
6791
6725
6484
6393
6462
6495
6500
6563
6572
6465
6704
6832
6632
6445
6392
6313
6477
6583
6645
6900
6903
6782
6663
6873
6928
6895
6952
7043
7074
6977
7179
7043
6945
7156
7086
7262
7296
7269
7332
7407
7424
7567
7592
7713
7651
7792
7891
7674
7685
7356
7531
7414
7353
7417
7380
7317
7418
7373
7327
7194
7360
7536
7778
7979
8000
8234
8327
8385
8250
8250
8111
8050
8216
8021
7937
7843
7944
8152
8382
8289
8130
8028
8093
7967
7875
7951
7951
8300
8277
8138
8271
8370
8278
8131
8022
7939
7780
7823
7826
7843
7638
7403
7398
7374
7050
7109
7045
7213
7277
7181
6995
6867
7078
7087
6972
6894
6963
6959
6896
6869
6973
6974
6760
6800
6960
7011
6869
6876
6921
6730
6864
6839
6783
6910
6917
6970
7109
7173
7066
7028
6894
6711
6802
6735
6756
7075
7037
7064
7021
6904
6767
6905
6931
7016
7060
7037
6892
6898
6712
6822
6804
6829
6790
6743
6945
6991
7127
7095
7009
7010
6831
6936
6748
6756
6723
6832
6739
6849
6951
7229
7153
6983
6963
7015
7204
7142
7002
6897
6973
7025
7061
7315
7336
7466
7262
7454
7412
7445
7482
7393
7316
7316
7459
7476
7358
7476
7565
7558
7746
7795
7791
7797
7830
7969
7978
7940
7707
7640
7640
7669
7659
7697
7651
7760
7470
7481
7658
7496
7682
7744
7778
7769
7600
7570
7383
7606
7610
7641
7810
7806
7809
7631
7756
7833
7756
7689
7826
7841
7578
7488
7501
7552
7447
7604
7563
7510
7514
7394
7463
7624
7570
7625
7596
7498
7363
7507
7673
7738
7820
7918
8031
7972
8001
8064
8186
8240
8243
8190
8249
8147
8142
8049
7821
7782
7651
7874
7985
8257
8504
8426
8231
8102
8146
8229
8003
8160
7928
7599
7604
7718
7913
7948
7852
7753
7801
7838
7720
7770
7734
7646
7799
7984
8081
8068
8101
8252
8165
8084
8040
7950
7926
7982
8079
8028
7936
8044
7983
7986
7694
7531
7594
7513
7686
7650
7579
7543
7316
7380
7331
7247
6889
6951
6847
6788
6802
6909
6930
6924
6965
6951
7146
7233
7200
7163
7214
7220
6997
7199
7062
6959
6866
6974
6718
6739
6563
6474
6553
6497
6355
6285
6233
6285
6233
6190
6116
6222
6144
6340
6408
6275
6258
6227
6047
5882
5967
5863
5977
6015
6071
6084
5942
6081
6302
6253
6231
6178
6201
6133
6048
5984
5872
5804
5790
5863
5915
5876
5906
5814
5991
5971
6036
5835
5799
5755
5858
5788
5575
5767
5843
5980
6039
5709
5659
5567
5500
5527
5532
5572
5656
5559
5672
5716
5724
5896
5970
5949
5910
5931
5943
6071
6048
5999
6237
6068
6216
6373
6458
6710
6686
6760
6905
6760
6712
6580
6515
6641
6633
6426
6499
6486
6336
6313
6183
6185
5986
5880
5903
5943
5770
5840
5712
5775
5866
5989
5834
5665
5694
5889
5928
5987
6101
6255
6346
6412
6547
6593
6668
6584
6681
6791
6655
6455
6450
6436
6316
6248
6242
6190
6079
6046
5922
6007
5954
5959
5932
5772
5571
5514
5651
5545
5501
5632
5559
5632
5703
5712
5574
5546
5611
5697
5645
5550
5520
5563
5653
5551
5570
5641
5652
5567
5682
5603
5684
5766
5787
5805
5850
5901
5977
5696
5639
5617
5485
5461
5512
5357
5300
5318
5232
5241
5187
5198
5358
5415
5451
5514
5439
5248
5312
5430
5445
5474
5422
5407
5334
5418
5333
5306
5346
5423
5348
5364
5340
5415
5353
5441
5384
5297
5357
5247
5026
5110
5049
5104
5049
4989
4933
4793
4756
4664
4715
4848
4773
4785
4905
5095
5166
5241
5244
5043
5188
5163
5071
5063
5006
5004
5086
5112
5214
5275
5232
5082
5061
5056
4942
4952
4975
4877
4858
4872
5084
5084
5097
5010
5028
5180
5444
5398
5245
5153
5087
5098
5136
5180
5063
5070
5081
5032
5010
4930
5097
5183
5216
5341
5301
5367
5361
5549
5436
5435
5394
5355
5566
5803
5979
6050
6082
6030
6086
6209
6359
6058
6189
6166
5983
5859
5716
5705
5622
5591
5346
5393
5289
5390
5517
5546
5491
5380
5285
5366
5363
5311
5458
5451
5550
5546
5572
5555
5475
5517
5628
5490
5508
5589
5502
5451
5718
5652
5647
5709
5667
5736
5591
5683
5431
5190
5152
5203
5291
5464
5449
5245
5230
5170
5264
5233
5346
5287
5351
5448
5461
5242
5104
4955
4777
4694
4681
4806
4679
4608
4504
4587
4562
4508
4483
4488
4555
4485
4354
4337
4319
4470
4502
4635
4682
4577
4487
4400
4289
4154
4251
4159
4051
4062
4047
4074
4085
4074
4077
4065
4028
3903
3937
3751
3639
3678
3649
3666
3693
3641
3621
3573
3642
3706
3768
3743
3808
3779
3739
3703
3708
3833
3843
3935
3950
4012
4130
4086
4113
4054
4127
4193
4171
4154
4201
4152
4249
4350
4341
4303
4101
4140
4136
4185
4148
4092
4225
4151
4238
4298
4229
4229
4188
4156
4050
3935
3963
3965
3989
4060
4153
4095
4083
4232
4297
4435
4358
4313
4440
4560
4558
4667
4676
4563
4528
4512
4540
4620
4637
4677
4534
4498
4524
4543
4523
4415
4354
4417
4425
4486
4448
4448
4502
4571
4562
4510
4525
4522
4591
4565
4562
4483
4550
4484
4444
4560
4687
4750
4677
4802
5003
4992
5101
5017
5020
4950
5150
4967
4759
4621
4610
4593
4579
4598
4521
4469
4359
4521
4349
4337
4303
4287
4352
4525
4617
4546
4616
4568
4634
4756
4789
4712
4754
4825
4955
4937
4840
4935
5031
5113
4989
4958
4916
4824
4957
4933
4828
4999
4978
4798
4936
4922
4750
4574
4549
4635
4786
4893
4847
4889
4844
4879
5053
5125
5013
5081
5086
5061
5109
5042
5202
5223
5276
5315
5148
4991
4993
4839
4860
4925
5041
4951
5057
5069
5265
5443
5431
5387
5417
5254
5299
5316
5488
5416
5495
5244
5297
5250
5229
5246
5130
5168
5119
5095
5056
5053
5077
5048
5331
5364
5402
5391
5291
5204
5299
5325
5188
5151
5270
5138
5389
5438
5625
5603
5582
5383
5316
5453
5449
5520
5573
5705
5813
5681
5672
5597
5717
5857
5910
5863
5813
5756
5718
5802
5842
5850
5665
5722
5604
5669
5837
5914
6027
6031
6077
6029
6054
6060
6120
6125
6081
6199
6283
6329
6437
6340
6330
6098
6208
6226
6294
6333
6205
6070
6114
6276
6234
6105
6253
6153
6412
6394
6495
6566
6613
6369
6256
6148
6262
6212
6263
6230
6201
6136
5910
6032
6079
5917
5852
5922
5976
6172
6153
6040
6079
6304
6157
6234
6362
6434
6469
6480
6484
6264
6079
6189
6087
6206
6056
6005
6147
6131
6126
6127
6050
6005
6233
6470
6464
6441
6597
6561
6595
6458
6504
6478
6452
6281
6176
6118
6212
6084
6046
6094
6212
6387
6450
6428
6548
6350
6217
6424
6182
6231
6194
6220
6355
6175
6185
6070
5993
6042
6029
5951
6027
6144
6165
6073
6081
5919
5907
6001
6040
5908
5874
5740
5693
5669
5629
5582
5650
5599
5505
5616
5740
5595
5697
5706
5757
5703
5675
5699
5678
5656
5644
5750
5676
5663
5597
5700
5674
5768
5695
5583
5395
5282
5525
5632
5778
5757
5733
5772
5742
5734
5642
5888
5854
5787
5714
5898
5753
5553
5599
5502
5426
5479
5545
5699
5662
5668
5654
5559
5497
5535
5726
5595
5679
5541
5576
5597
5685
5659
5644
5692
5771
5631
5460
5379
5331
5462
5647
5622
5733
5673
5619
5611
5510
5769
5903
6192
6090
6133
6046
6125
6107
6167
6165
6232
6100
6039
6014
5909
6024
5933
5932
5992
5983
5942
5838
5852
5842
5741
5626
5705
5779
5777
5670
5566
5445
5338
5424
5280
5112
5115
5226
5036
5023
5001
5059
5106
5255
5195
5220
5095
5196
5127
5168
5388
5218
5362
5319
5585
5830
5919
6051
5859
5838
5590
5519
5333
5144
5322
5416
5296
5293
5237
5314
5271
5244
5380
5498
5497
5443
5383
5348
5473
5381
5245
5176
5167
5096
5076
5055
5131
4968
5057
4933
4956
4930
4894
4886
4661
4618
4625
4542
4751
4670
4730
4594
4537
4605
4763
4729
4898
4745
4687
4631
4464
4460
4541
4417
4514
4442
4554
4755
4714
4755
4694
4684
4678
4615
4649
4473
4359
4276
4200
4150
4256
4341
4217
4347
4281
4417
4473
4580
4552
4531
4512
4524
4659
4688
4598
4627
4687
4616
4548
4575
4431
4492
4505
4697
4787
4787
4775
4862
4759
4686
4714
4650
4818
4890
5040
5211
5231
5200
5328
5274
5225
5107
5076
4954
5034
4980
4934
5086
5008
4866
4856
4812
4674
4735
4848
4854
4875
4958
4995
5132
5182
5434
5381
5490
5594
5638
5607
5516
5565
5639
5579
5497
5544
5460
5502
5667
5576
5562
5602
5589
5647
5559
5570
5733
5811
5869
5913
6036
5938
5922
6007
6066
6305
6318
6232
6070
6110
6134
6216
6279
6270
6153
6304
6060
6062
6137
6158
6093
6188
5966
5937
5849
5934
5905
5902
5967
6021
5997
5936
5832
5742
5784
5812
5944
6091
6130
6164
6421
6316
6350
6441
6623
6720
6562
6591
6436
6627
6654
6582
6595
6496
6627
6602
6733
6703
6513
6490
6787
6790
6777
6789
6917
6878
6871
6830
6827
6828
6776
6861
6783
7016
6913
6989
6929
6700
6836
6794
6698
6695
6709
6604
6746
6810
6803
6846
6803
6778
6623
6775
6641
6473
6532
6778
6867
6881
7076
7283
7253
7226
7317
7341
7439
7488
7617
7642
7648
7686
7765
7593
7470
7496
7492
7454
7575
7676
7434
7482
7364
7124
7057
7095
7254
7165
6954
7011
6944
7018
7015
6928
6783
6812
6792
6593
6826
6669
6761
6840
6749
6571
6606
6435
6499
6538
6421
6375
6352
6357
6533
6292
6190
6388
6266
6242
6242
6007
6002
6104
6096
5946
6013
5963
5931
5918
5833
5804
5747
5941
5965
5999
5900
5996
6143
6194
6051
5930
5925
5828
5870
5961
6094
6117
6173
6214
6189
6074
6088
6154
6087
6056
5953
5995
6075
5939
6000
5944
6000
6042
6111
6042
6064
6177
6210
6097
6101
6025
5965
5925
5783
5833
5886
5797
5605
5655
5778
5612
5632
5751
5878
5696
5631
5596
5492
5569
5411
5299
5240
5312
5375
5566
5461
5616
5659
5691
5511
5605
5552
5391
5402
5502
5710
5671
5714
5630
5596
5740
5659
5708
5573
5518
5413
5193
5199
5243
5215
5123
5089
5230
5223
5194
5086
5021
5179
5281
5407
5546
5552
5475
5268
5407
5355
5266
5243
5281
5499
5452
5596
5534
5602
5689
5729
6110
6150
5892
5933
5959
6026
5963
6001
6147
5971
5911
5650
5577
5733
5617
5725
5419
5255
5173
5256
5289
5105
5128
5052
5115
5096
4986
5179
5195
5330
5243
5393
5524
5662
5673
5886
5858
5840
5864
5889
5900
5773
5902
5903
5819
5924
6010
6130
6236
6268
6293
6228
6250
6102
6357
6368
6258
6339
6186
6120
6070
6115
5931
6131
6126
6086
6162
6184
6347
6402
6382
6586
6547
6475
6728
6601
6589
6666
6717
6475
6358
6418
6454
6321
6302
6303
6232
6233
6121
6273
6194
6251
6161
5996
6010
5992
6144
6070
6042
6101
5839
5851
6040
5921
5806
5598
5398
5364
5299
5306
5201
5142
5286
5329
5560
5785
5845
5880
5669
5510
5534
5543
5576
5644
5775
5795
5693
5739
5584
5648
5630
5491
5457
5431
5692
5787
5812
5816
5953
5906
5965
6025
5976
5966
6161
6068
6078
6166
6208
6121
5930
5847
5842
5900
5941
5821
5916
5804
5631
5466
5712
5835
5793
5699
5603
5756
5675
5676
5596
5651
5860
5767
5750
5771
5858
5720
5725
5982
5842
5835
5871
5894
5813
5722
5778
5711
5570
5481
5400
5526
5466
5432
5472
5320
5292
5116
5182
5250
5260
5405
5485
5678
5766
5567
5591
5783
5949
5863
5835
5930
5921
5939
5943
5977
6112
6363
6438
6388
6409
6283
6015
5899
6102
6197
6246
6265
6469
6540
6571
6675
6673
6748
6739
6813
6761
6683
6589
6652
6824
6810
6800
6623
6537
6658
6635
6670
6687
6709
6680
6568
6800
6678
6654
6418
6260
6126
6248
6142
6199
6016
5908
6031
5865
5796
5787
5793
5688
5647
5559
5674
5836
5678
5785
5844
5785
5656
5784
5876
5773
5845
5663
5645
5511
5573
5534
5667
5925
5980
5977
6036
6048
6061
6256
6310
6234
6153
6101
6230
6141
6191
6099
6019
5944
6008
6150
6311
6266
6164
6072
6280
6250
6104
6339
6346
6345
6348
6343
6399
6321
6295
6309
6238
6169
6227
6059
6146
6053
6225
6226
6126
6089
6366
6215
6175
5984
6145
6240
6431
6290
6355
6325
6319
6180
6160
6106
5972
6024
5931
5926
5833
5789
5887
5913
5913
5978
6009
6091
6392
6534
6583
6499
6343
6292
6414
6331
6478
6403
6585
6637
6510
6491
6334
6463
6670
6613
6672
6629
6618
6795
6877
6923
6923
6911
6802
6755
6851
6904
6995
6879
6953
6837
6906
6871
6777
6628
6711
6713
6597
6616
6755
6811
6825
6860
6869
6942
6983
7015
6988
7044
6964
6854
6830
6707
6651
6689
6601
6524
6603
6443
6652
6648
6690
6609
6464
6480
6434
6388
6479
6347
6496
6568
6488
6444
6645
6513
6597
6664
6552
6375
6357
6268
6269
5962
5711
5817
5902
5715
5799
6013
6051
6136
6262
6198
6253
6453
6555
6581
6729
6670
6684
6539
6582
6626
6536
6541
6425
6570
6589
6450
6471
6158
6343
6371
6274
6151
6125
6190
6259
6255
6270
6353
6347
6296
6365
6169
6219
6108
6123
6064
5996
5983
6083
5934
5913
5904
5771
5700
5696
5583
5613
5737
5668
5708
5602
5604
5509
5431
5503
5634
5665
5562
5664
5586
5707
5695
5781
5786
5770
5809
5791
5529
5609
5561
5505
5680
5768
5871
5908
6046
5987
5997
5800
5683
5564
5604
5631
5676
5556
5595
5562
5458
5486
5379
5302
5186
5208
5096
5148
4987
5040
4975
4944
5026
5013
5039
5145
5204
5174
5018
4986
4887
4960
4942
5017
5074
5184
5311
5484
5572
5661
5660
5648
5650
5592
5568
5566
5493
5383
5240
5149
5294
5050
5143
5184
5153
5110
5038
5064
5168
5263
5215
5255
5284
5387
5530
5473
5379
5433
5459
5456
5380
5347
5349
5355
5410
5214
5334
5384
5221
5160
5031
4993
5104
5285
5336
5640
5751
5813
5971
5883
5939
5808
5638
5685
5635
5521
5374
5488
5305
5324
5288
5313
5340
5521
5540
5458
5520
5551
5555
5662
5745
5721
5772
5940
6006
5915
5899
5821
5863
6077
6293
6239
6310
6348
6507
6558
6747
6763
6678
6583
6554
6488
6476
6507
6661
6644
6808
6880
6766
6724
6852
6869
6568
6395
6488
6428
6263
6144
6035
6229
6323
6351
6375
6398
6518
6618
6609
6681
6595
6388
6306
6251
6169
6094
6142
6045
5960
6173
5929
6092
5993
5925
5824
5768
5805
5762
5948
6075
5997
5779
5646
5654
5642
5716
5797
5669
5382
5215
5120
5246
5156
5089
5047
5019
5152
5190
5088
5151
5270
5437
5260
5245
5136
5006
5080
5067
5287
5237
5297
5339
5580
5779
5797
5668
5703
5691
5677
5681
5782
5607
5740
5651
5625
5839
5870
5845
5782
5740
5744
5633
5721
5691
5766
5789
5891
6106
6279
6274
6246
6115
6382
6416
6500
6494
6529
6495
6432
6395
6529
6466
6571
6455
6274
6072
6205
6066
6063
6049
5990
6036
6119
6163
6125
6056
6133
6274
6313
6491
6457
6318
6330
6253
6394
6564
6378
6264
6398
6232
6262
6098
6168
6266
6463
6682
6901
6871
6809
6880
7175
7119
6979
7059
7198
7123
7129
6996
6908
6615
6560
6666
6723
6812
6939
7029
7084
6974
7116
7045
7068
6968
6855
6661
6599
6504
6495
6843
6738
6790
6508
6577
6481
6495
6351
6496
6369
6627
6578
6539
6569
6711
6515
6649
6526
6483
6106
6298
6183
6235
6253
6288
6319
6297
6378
6393
6525
6285
6402
6482
6669
6778
6899
6725
6690
6768
6731
6601
6510
6459
6724
6581
6831
7058
6955
7047
6778
6655
6614
6550
6595
6621
6520
6437
6399
6427
6447
6423
6473
6333
6147
6239
6171
6209
6079
5907
5963
5965
6269
6122
6131
6259
6261
6413
6533
6409
6467
6461
6268
6294
6439
6419
6321
6132
6154
6226
6132
5957
6150
6188
6047
6014
5952
5882
5968
6014
5931
6069
6050
5981
6094
6050
6104
6126
6087
6063
6213
6016
6092
6077
6109
6161
6099
6025
5900
5928
5846
5996
5960
5933
5854
6000
5940
6070
6079
6139
6319
6567
6500
6342
6389
6369
6059
6067
6141
6141
5980
6107
5911
5944
6098
6108
6194
6206
6151
6232
6062
5943
5875
5884
5752
5896
5946
5979
5860
6093
5949
5832
5947
5888
5825
5690
5762
5709
5625
5431
5314
5398
5298
5213
5226
5220
5311
5131
5221
5368
5405
5414
5389
5490
5611
5525
5672
5516
5550
5568
5604
5674
5575
5788
5864
5982
6034
6082
5952
5894
6020
5974
5982
5965
5942
5910
5981
5936
5816
5840
5792
5846
5789
5779
5719
5820
5732
5785
5690
5542
5544
5655
5542
5697
5658
5673
5636
5683
5828
5797
5828
5797
5786
5834
5696
5614
5819
5817
5868
5783
5743
5825
5842
5709
5584
5565
5663
5627
5641
5567
5616
5764
5677
5574
5539
5612
5493
5576
5621
5644
5627
5746
5626
5554
5579
5599
5512
5523
5373
5365
5404
5353
5455
5502
5519
5552
5576
5663
5632
5397
5272
5293
5180
5272
5348
5395
5527
5710
5717
5813
5788
5758
6038
5974
5957
5827
5939
5830
5927
5972
5902
5793
5707
5626
5589
5741
5499
5536
5399
5266
5357
5327
5338
5374
5453
5545
5675
5590
5446
5572
5413
5455
5606
5525
5465
5669
5674
5670
5328
5435
5498
5439
5360
5176
5317
5424
5474
5372
5471
5609
5550
5721
5685
5656
5790
5674
5521
5275
5243
5316
5302
5366
5206
5277
5499
5723
5827
6037
5961
5972
5863
6097
6188
6305
6379
6282
6147
6058
5970
5870
5797
5651
5704
5698
5695
5774
5776
5758
5818
5922
5833
5784
5619
5574
5547
5766
5807
5607
5657
5582
5600
5721
5591
5352
5430
5599
5579
5585
5601
5542
5422
5450
5379
5411
5448
5319
5381
5404
5391
5272
5412
5233
5082
5164
5242
5282
5234
4974
4991
4986
4973
5241
5162
5295
5137
5265
5433
5267
5050
5070
5125
4957
5031
4916
4929
4957
4900
4929
4911
4994
4883
4874
4822
4859
4884
4930
4935
4875
4904
4982
4934
4887
5000
5078
5098
5117
4962
5068
5050
5017
5039
5032
4914
4920
4705
4774
4797
5097
5183
5223
5176
5343
5322
5491
5417
5337
5337
5326
5431
5434
5414
5443
5470
5409
5442
5510
5567
5526
5540
5620
5634
5640
5716
5786
5616
5505
5560
5661
5602
5574
5539
5634
5681
5996
6079
5993
6016
6050
5983
5899
6017
5993
6147
6160
6071
6033
6031
6030
5767
5868
5959
6061
6122
6046
6137
6057
5989
5898
5716
5852
5838
5866
5902
5825
5819
5841
5834
5850
5987
5811
5634
5831
5867
5940
5900
5772
5903
5949
5929
5950
5949
5925
5952
5801
5893
5973
6073
6168
6028
5957
6105
5991
6039
6199
6022
6090
6087
6097
6300
6197
6067
6233
6319
6156
5980
6262
6491
6374
6408
6528
6663
6636
6699
6629
6372
6217
6356
6348
6318
6266
6252
6222
6303
6239
6192
6127
6202
6189
6163
6113
6186
6199
6161
6076
6234
6283
6367
6171
5930
5701
5711
5862
5805
5881
6075
5998
5762
5756
5866
5791
5798
5750
5836
5859
6077
6112
6141
6028
6020
5959
5957
5973
6127
6158
6070
6316
6342
6311
6193
6262
6249
6239
6183
6384
6505
6590
6604
6603
6749
6838
6721
6875
6832
6558
6623
6614
6786
6831
6866
6738
6530
6352
6159
6215
6304
6202
6209
6256
6208
6233
6412
6255
6162
6188
6528
6458
6415
6389
6201
6156
5922
5836
6043
6005
6073
6099
6111
6133
6128
5977
5814
5505
5504
5535
5407
5452
5422
5428
5380
5293
5099
5065
5060
5181
5258
5244
5260
5294
5257
5299
5289
5437
5397
5581
5704
5756
5605
5546
5769
5771
5609
5544
5307
5343
5245
5112
5350
5393
5501
5423
5522
5534
5667
5523
5562
5573
5642
5510
5317
5155
5120
4995
4952
4873
4647
4612
4555
4547
4679
4795
4801
4894
4868
4837
4815
4796
4724
4923
4919
5036
5041
5173
5104
5087
5317
5234
5259
5218
5171
5308
5387
5517
5612
5633
5576
5594
5564
5643
5698
5619
5633
5441
5407
5335
5260
5254
5310
5454
5443
5509
5318
5153
5126
5244
5118
4878
4935
5075
5047
5062
5030
4970
4992
5031
5132
5218
5313
5308
5257
5238
5076
5067
5201
5348
5373
5346
5149
5062
4919
4873
5014
5069
5100
5039
5094
5005
5038
5064
5061
5077
5156
5146
4978
5218
5397
5466
5528
5513
5758
5628
5390
5282
5234
5281
5460
5460
5464
5394
5424
5383
5508
5541
5544
5557
5698
5626
5729
5717
5707
5710
5709
5706
5774
5690
5603
5601
5562
5568
5491
5451
5396
5471
5522
5660
5679
5676
5660
5862
5981
6093
5995
5726
5593
5723
5770
5807
5962
5925
5822
5911
6037
5964
6064
6194
6137
6230
6240
6295
6534
6403
6320
6356
6437
6548
6543
6560
6537
6717
6655
6720
6921
7120
7212
7132
7210
7158
7022
6990
7053
7090
7169
7061
7151
7079
7163
7215
7182
7189
7353
7430
7252
7226
7160
7133
7015
6832
6863
6753
6643
6671
6727
6935
6864
6683
7007
6772
6704
6707
6616
6543
6431
6415
6593
6475
6478
6585
6415
6495
6377
6416
6519
6653
6545
6521
6569
6436
6602
6624
6540
6488
6495
6509
6544
6419
6452
6361
6358
6452
6432
6509
6511
6467
6583
6635
6693
6784
6766
6700
6852
6871
6953
6735
6579
6435
6610
6543
6530
6449
6610
6549
6636
6576
6527
6542
6501
6438
6297
6315
6232
6180
6250
6200
6024
5918
6001
6072
5859
5988
6165
6169
6243
6255
6283
6472
6360
6284
6152
6245
6022
5976
6063
5992
6043
6021
6015
6062
6126
6034
6040
6052
6186
6184
6198
6299
6162
6059
6124
6053
5889
6072
6071
6168
6126
6110
6071
6116
6083
6309
6147
6151
6136
6177
5934
5888
5847
5919
5985
6095
6047
6094
6142
6098
6041
5976
6131
6083
6001
6241
6030
5941
5803
5888
5790
5895
5868
5947
6215
6241
6058
5913
5940
6040
5882
5976
5931
5925
5870
5863
5881
5685
5627
5689
5732
5470
5463
5514
5430
5477
5560
5405
5400
5254
5259
5314
5443
5443
5524
5610
5838
5811
5789
5936
5923
5941
6046
6117
6040
6158
6032
6041
6106
6055
6123
6062
6021
6064
5993
5884
5762
5808
5835
5826
6003
5921
6068
6167
6176
6158
6202
6287
6358
6527
6594
6697
6970
7164
7306
7321
7060
7016
6931
6847
6759
6745
6760
6470
6369
6353
6364
6419
6419
6396
6361
6317
6250
6260
6218
6350
6305
6084
6088
6109
6113
6020
5999
6078
6189
6058
5873
5765
5718
5688
5799
5817
5969
5820
6005
6058
5931
5888
6035
5966
5918
5760
5915
6045
6097
5932
5923
5938
6050
6016
6180
6043
5996
6153
6048
6152
6308
6106
6203
6143
5839
5651
5769
5882
5769
5709
5684
5582
5687
5731
5659
5569
5628
5487
5589
5597
5594
5629
5547
5427
5430
5516
5481
5335
5514
5587
5401
5346
5467
5471
5390
5365
5343
5331
5241
5089
5082
5260
5021
4885
4932
4807
4869
4957
4919
4901
4812
4865
4851
4939
4888
4851
4891
4999
4754
4756
4757
4661
4442
4606
4576
4464
4363
4294
4217
4235
4252
4040
4025
3803
3823
3858
3937
3763
3741
3829
3753
3872
3909
3838
3714
3719
3561
3560
3639
3641
3574
3599
3642
3705
3730
3717
3805
3854
4036
3914
3912
3812
3751
3854
3887
3823
3748
3715
3622
3673
3561
3650
3407
3395
3690
3845
3898
3801
3800
3939
3761
3661
3489
3442
3425
3581
3687
3686
3629
3800
3833
3943
3800
3896
4059
4211
4226
4257
4327
4328
4455
4510
4445
4359
4567
4430
4489
4621
4708
4679
4796
4687
4565
4629
4682
4806
4781
4794
4829
4881
4856
4998
5099
5073
4989
5011
4975
4976
4991
5098
5190
5178
5198
4953
5065
5158
5158
5220
5252
5138
5163
5211
5098
5165
5272
5396
5340
5198
5089
5114
5351
5511
5380
5436
5444
5519
5650
5616
5603
5542
5624
5766
5956
5794
5763
5817
6203
6072
5970
5896
5829
5764
5799
6024
5903
5982
5963
6008
5958
6027
6106
5990
6095
6257
