1005000
268150
174307
129663
102819
85476
72675
62810
55298
49538
44805
41060
37674
35111
32813
31400
29471
27516
25704
24196
22977
21855
20814
20039
18844
18001
17758
16941
16318
15991
15274
14599
14201
13638
12985
12454
12189
12048
11632
11585
11299
11103
10902
10691
10789
10336
10062
9653
9307
9367
9274
9098
8916
8836
8810
8511
8165
8001
7777
7650
7342
7441
7410
7257
7018
7221
6869
6446
6280
6099
5982
5975
5896
5858
5780
5796
5947
5898
5826
5756
5859
5739
5666
5608
5661
5542
5410
5328
5174
5110
5023
5200
5185
5076
5124
5036
4956
4853
5046
5078
5062
5147
5213
5239
5291
5159
5031
4812
4738
4731
4549
4632
4428
4424
4464
4401
4473
4415
4204
4204
4050
4056
3926
4002
4030
3969
3905
3911
3748
3720
3647
3676
3687
3740
3829
3889
3957
3807
3734
3727
3675
3681
3649
3596
3705
3710
3674
3641
3552
3567
3588
3415
3479
3498
3611
3582
3514
3386
3437
3367
3421
3575
3398
3520
3542
3653
3654
3676
3634
3657
3766
3812
3879
3831
3764
3766
3899
3877
3835
3786
3752
3849
3778
3791
3814
3558
3527
3456
3534
3553
3591
3670
3578
3487
3443
3297
3382
3409
3260
3174
3261
3334
3343
3187
3146
3089
3125
3143
3127
3158
3179
3182
3226
3169
3076
3001
2871
2903
2883
2887
2817
2694
2667
2619
2640
2749
2761
2743
2846
2767
2776
2714
2769
2853
2853
2818
2844
2857
2904
2740
2705
2672
2614
2614
2595
2556
2583
2637
2585
2718
2736
2779
2916
2918
2938
2842
2797
2800
2760
2799
2809
2864
2991
2997
3062
3024
3085
3187
3240
3336
3374
3452
3484
3468
3414
3415
3235
3171
3319
3308
3279
3310
3308
3293
3274
3265
3255
3176
3065
3223
3296
3278
3253
3262
3349
3400
3429
3512
3574
3480
3459
3250
3178
3206
3296
3236
3249
3145
3159
3243
3264
3446
3415
3406
3453
3559
3563
3510
3616
3596
3640
3578
3585
3585
3665
3601
3581
3513
3514
3512
3336
3351
3152
3251
3202
3269
3204
3127
3001
2928
2891
2887
2897
2926
2908
2866
2896
2836
2881
2922
2994
3006
2943
3045
2951
2782
2803
2747
2779
2762
2818
2858
2791
2751
2837
2842
2731
2711
2673
2755
2703
2544
2718
2624
2476
2556
2530
2474
2475
2467
2433
2526
2519
2614
2608
2709
2716
2639
2686
2652
2684
2523
2514
2537
2610
2611
2778
2829
2854
2874
2935
2850
2841
2982
2943
2868
2877
2840
2913
2931
3042
3019
3122
3199
3180
3114
3114
3072
3057
3031
3032
2966
2897
2957
2989
3036
3162
3210
3306
3273
3330
3464
3336
3370
3437
3420
3350
3256
3367
3331
3365
3378
3404
3448
3455
3375
3497
3544
3722
3912
3842
3958
4004
3926
4066
4063
4103
4167
4330
4273
4105
4054
4015
4082
4126
4217
4018
4074
4054
4029
4187
4131
4104
4154
4171
4192
4182
4225
4304
4280
4362
4325
4324
4339
4381
4400
4452
4374
4327
4397
4375
4407
4491
4531
4449
4559
4497
4547
4474
4391
4378
4369
4340
4297
4305
4261
4264
4263
4147
4013
4178
4221
4206
4194
4050
4207
4288
4241
4212
4379
4614
4588
4482
4469
4468
4584
4627
4583
4662
4583
4578
4598
4697
4634
4674
4846
4884
4941
4907
4914
4722
4721
4794
4857
5019
5037
4959
4940
4948
4716
4568
4491
4559
4743
4829
4863
4683
4685
4701
4772
4850
4918
4952
4922
4939
5024
5162
5165
5036
4996
5333
5219
5218
5475
5498
5409
5374
5284
5294
5459
5508
5566
5542
5362
5244
5272
5162
4846
4975
4968
5040
5158
5171
4975
4852
4836
4788
4925
4799
4991
4914
4927
4869
4733
4733
4783
4733
4567
4531
4596
4650
4619
4691
4712
4649
4729
4598
4463
4365
4278
4293
4173
4127
4184
4133
4087
4141
4170
4179
4216
4267
4360
4486
4589
4694
4635
4721
4755
4633
4672
4615
4562
4483
4522
4581
4563
4587
4462
4586
4660
4759
4694
4660
4664
4677
4688
4791
4863
5005
5114
5138
5225
5309
5239
5073
5086
5291
5313
5411
5342
5230
5222
5170
5135
5362
5430
5370
5528
5577
5635
5766
5871
5989
6255
6381
6522
6502
6400
6540
6786
6697
6375
6413
6434
6653
6696
6556
6564
6531
6639
6743
6769
6716
6695
6679
6849
6964
6828
6970
7120
7121
7054
6986
6990
7055
7130
7210
7076
7107
7099
7037
7074
7211
7016
7085
7130
7221
7202
7156
7137
6961
6936
6878
6922
6704
6597
6464
6410
6460
6582
6625
6461
6479
6668
6436
6359
6418
6287
6253
6347
6404
6317
6426
6355
6456
6544
6730
6656
6475
6674
6553
6589
6623
6740
6606
6579
6688
6762
6797
6833
7004
6982
6972
7015
7101
7162
7224
7487
7452
7497
7577
7367
7514
7352
7497
7411
7422
7652
7638
7676
7603
7584
7359
7308
7367
7266
7143
7323
7290
7267
7205
6944
6677
6791
6825
6819
6976
6993
6974
6952
7051
6988
6960
6861
6735
6825
6840
6919
6994
7012
7148
7441
7335
7107
7258
7320
7394
7390
7161
6943
6948
6726
6597
6558
6539
6535
6622
6438
6426
6509
6400
6315
6393
6377
6510
6683
6737
6669
6694
6618
6582
6604
6566
6575
6603
6593
6634
6437
6358
6380
6153
6343
6319
6127
6186
6221
6290
6321
6441
6488
6810
6985
6841
7101
7207
7161
6956
6700
6925
6803
6735
6792
6884
6917
6895
6940
6949
7052
6877
6858
6885
7081
6950
6842
6882
6993
7074
6974
7046
7088
7016
6607
6560
6417
6366
6231
6303
6480
6587
6660
6607
6476
6517
6481
6322
6262
6126
5966
6009
5881
5922
5928
5898
6072
6106
5994
5961
5654
5638
5714
5724
5603
5599
5676
5544
5420
5538
5456
5342
5370
5541
5379
5299
5439
5513
5592
5594
5771
5764
5879
5876
5881
6035
6034
5975
5750
5570
5498
5491
5480
5360
5327
5379
5523
5337
5411
5577
5406
5347
5222
5339
5317
5286
5229
5294
5364
5474
5488
5430
5516
5551
5608
5394
5349
5557
5535
5605
5574
5574
5349
5121
5096
5068
4979
4937
4944
4917
4896
4934
4908
4901
4753
4668
4476
4476
4506
4455
4414
4347
4302
4352
4372
4527
4521
4628
4610
4672
4735
4847
4851
4885
4826
4754
4685
4692
4763
4661
4703
4674
4673
4672
4722
4812
4841
4775
4709
4751
4810
4703
4621
4671
4762
4658
4865
4735
4816
4743
4695
4721
4606
4402
4390
4467
4468
4526
4680
4680
4680
4438
4534
4385
4248
4400
4351
4158
4156
4229
4219
4188
3992
3969
3798
3689
3713
3705
3648
3741
3594
3669
3631
3623
3727
3754
3816
3685
3787
3826
3763
3681
3678
3632
3508
3523
3546
3615
3611
3724
3791
3695
3734
3589
3653
3490
3464
3546
3681
3679
3760
3796
3828
3739
3706
3710
3833
3704
3727
3588
3469
3450
3454
3449
3556
3633
3654
3402
3395
3495
3365
3236
3269
3319
3382
3392
3333
3285
3309
3258
3206
3132
3189
3274
3306
3373
3497
3471
3587
3724
3715
3777
3751
3930
3987
4002
3991
4076
4078
3973
3841
3770
3756
3702
3622
3704
3710
3685
3581
3498
3682
3791
3740
3673
3629
3655
3781
3811
3903
4018
4028
4009
4034
4020
3747
3672
3673
3642
3742
3850
3907
3799
3824
3767
3821
3788
3790
3771
3648
3683
3611
3450
3314
3250
3364
3356
3285
3300
3314
3357
3431
3332
3358
3369
3424
3412
3416
3409
3213
3222
3142
3172
3003
2980
3004
2954
2902
2875
2959
3069
2964
3002
3139
3163
3232
3174
3222
3196
3160
3150
3178
3134
3181
3319
3462
3368
3418
3425
3409
3402
3487
3433
3498
3544
3548
3648
3778
3914
3955
4027
4024
3955
3907
3812
3677
3755
3912
3903
3937
3839
3885
4004
4015
4100
4009
4086
4241
4241
4282
4377
4401
4610
4598
4652
4685
4647
4738
4578
4608
4637
4576
4489
4216
4333
4466
4466
4490
4379
4278
4362
4363
4335
4319
4228
4329
4447
4565
4513
4498
4521
4327
4275
4251
4284
4237
4278
4299
4429
4601
4612
4527
4585
4506
4674
4811
4673
4702
4618
4711
4543
4719
4630
4523
4472
4589
4666
4856
4868
4685
4453
4430
4463
4398
4552
4541
4793
4827
4909
4790
4871
4991
5135
5158
5175
5071
5191
5096
5013
5007
4822
4760
4629
4688
4744
4843
4842
4897
4823
4790
4633
4717
4718
4605
4592
4678
4701
4824
4971
4759
4750
4788
4915
5010
5041
4975
4997
5104
5062
5136
5172
5306
5262
5361
5505
5575
5689
5728
5829
5584
5653
5703
5610
5649
5439
5568
5434
5557
5535
5382
5396
5459
5381
5419
5476
5572
5630
5631
5552
5542
5571
5625
5774
5881
5868
6013
6058
5949
5966
6043
5959
5923
5864
5888
5919
6017
5800
5775
5737
5765
5585
5636
5688
5725
5725
5809
5795
5732
5781
5859
5782
5739
5634
5705
5800
5727
5512
5383
5375
5268
5337
5432
5357
5598
5574
5676
5685
5723
5705
5791
5696
5830
5809
5866
5802
5814
5963
5924
5911
5916
5827
5731
5921
5805
5977
5886
6023
5908
5908
5929
5919
5831
5835
6032
6047
6050
5943
5996
6022
6017
6148
6076
6172
6044
5796
5795
5748
5639
5727
5730
5805
5830
5841
5818
5918
5969
5997
5908
6000
5943
5903
5870
5852
5754
5810
5990
5962
5763
5775
5735
5654
5547
5589
5863
5845
5893
5758
5812
5816
5955
6023
5953
6011
5912
5960
6017
6092
6191
6389
6423
6473
6402
6503
6447
6465
6408
6497
6550
6708
6614
6639
6500
6431
6532
6680
6571
6477
6379
6411
6323
6305
6176
6201
6173
6153
6012
6088
6121
5925
6049
6047
6093
5995
5977
6031
6045
5870
5684
5629
5664
5772
5848
5853
5856
5841
5837
5730
5856
5856
5780
5871
5862
5806
5596
5648
5724
5825
5866
5890
6036
6184
6151
5974
6034
6010
5907
5897
5796
5721
5862
5887
6055
5902
5866
5895
5804
5873
5755
5557
5610
5478
5604
5666
5743
5899
5734
5657
5622
5761
6002
5824
5829
5912
5999
6010
5927
5922
5906
5896
5840
6155
6203
6154
6211
6129
6063
6115
6050
5749
5819
5657
5876
6057
5925
5871
5861
5683
5618
5752
5694
5647
5491
5457
5636
5632
5630
5390
5413
5510
5566
5505
5434
5554
5518
5493
5607
5635
5537
5531
5488
5591
5682
5464
5351
5401
5454
5454
5436
5273
5266
5359
5112
5205
5035
5001
5121
5061
5161
5059
4934
4926
4817
4632
4549
4601
4449
4294
4293
4440
4520
4431
4426
4468
4441
4412
4510
4373
4394
4514
4336
4488
4601
4664
4670
4545
4584
4346
4403
4439
4472
4261
4102
4161
4274
4168
4297
4334
4273
4315
4303
4356
4413
4398
4595
4570
4572
4468
4347
4447
4415
4504
4462
4390
4466
4428
4402
4372
4369
4371
4439
4320
4215
4388
4517
4489
4687
4863
4800
4818
4636
4641
4739
4681
4637
4588
4611
4704
4647
4770
4734
4665
4718
4847
4486
4501
4608
4710
4781
4834
4768
4718
4707
4564
4679
4734
4598
4883
4804
4822
4815
4913
4930
5101
5227
5239
5183
5046
5020
4851
4809
4750
4812
4807
4947
4988
4866
4842
4818
4759
4679
4660
4583
4469
4453
4286
4304
4280
4229
4192
4049
4145
4154
4275
4232
4404
4358
4371
4430
4449
4458
4489
4395
4474
4615
4585
4643
4560
4783
4805
4838
4789
4804
4985
4922
5043
5240
5335
5293
5386
5474
5543
5459
5580
5608
5466
5689
5626
5590
5510
5494
5514
5533
5659
5749
5765
5851
5932
5960
5896
5815
5606
5655
5503
5533
5559
5648
5637
5660
5818
5811
5819
5690
5579
5670
5559
5542
5457
5232
5390
5424
5581
5626
5739
5678
5587
5577
5536
5593
5559
5592
5650
5579
5681
5734
5855
5806
5722
5710
5869
5848
5816
5753
5621
5702
5762
5778
5645
5578
5630
5765
5677
5755
5551
5538
5585
5552
5528
5418
5345
5296
5259
5004
5132
5164
5277
5496
5359
5382
5220
5197
5336
5428
5671
5621
5611
5566
5584
5593
5488
5750
5514
5587
5768
5664
5856
5847
5829
5780
5731
6055
6123
5994
6060
6102
6306
6243
6276
6534
6473
6240
6175
6455
6574
6597
6687
6763
6671
6889
6971
6956
7009
6928
6710
6853
6958
7174
7228
7142
6983
6993
7105
7037
6867
6886
6943
6689
6485
6428
6727
6578
6562
6432
6371
6349
6357
6301
6128
6275
6545
6561
6456
6441
6388
6325
6380
6518
6622
6699
6649
6611
6556
6565
6399
6355
6370
6179
6146
6229
6152
5963
6021
6055
5934
5976
5939
5904
5720
5871
5873
5974
5999
6064
6017
6183
6046
6172
6335
6284
6124
6224
6036
6155
6065
5977
5939
5923
5982
5841
6057
6069
5974
6012
6047
6022
6005
5968
5875
5862
6113
6139
6081
5978
5905
5808
5798
5836
5770
5944
6074
6206
6089
6136
6014
5997
5835
5839
5940
6015
5913
5784
5807
5728
5820
5711
5777
5612
5730
5900
5974
6034
6094
6140
6082
6066
5958
5877
6156
6182
6255
6221
6227
6265
6384
6291
6242
6108
6115
6405
6559
6313
6344
6239
6313
6440
6369
6146
6186
6189
6437
6469
6290
6267
6289
6335
6410
6246
6350
6440
6593
6550
6459
6488
6520
6380
6260
6306
6318
6547
6905
7002
7168
7272
7163
7028
6822
6838
6837
6734
6774
6773
6549
6601
6568
6550
6673
6650
6876
7194
7154
7167
6944
7025
6779
6786
6938
6869
6954
7006
7119
7314
7344
7430
7558
7501
7602
7672
7581
7673
7743
7915
7812
7661
7429
7323
7185
7103
7177
7142
7224
7333
7278
7423
7346
7448
7397
7367
7230
7303
7454
7500
7352
7231
7395
7147
7161
7133
7143
7265
7133
7123
7291
7203
7043
7153
7204
7178
6751
6936
7079
6984
6825
6845
7080
7286
7313
7060
6925
6955
6971
6929
7180
7151
7135
6963
6927
6711
6579
6530
6379
6503
6516
6544
6430
6369
6414
6299
6509
6478
6698
6759
6613
6431
6251
6193
6164
6247
6210
6198
6101
6145
6208
6280
6229
6040
6003
5949
6025
6043
5853
5986
6103
6024
6232
6102
6179
6197
6198
6173
6189
6201
6071
6056
6126
6161
5952
5899
5700
5766
5488
5390
5312
5272
5264
5390
5249
5297
5400
5159
4924
4847
4953
4958
4960
5071
5174
5095
5016
4832
4781
4759
4668
4859
4757
4884
4964
4837
4766
4823
4811
4896
5099
4972
5022
4928
5034
5027
4930
4997
4976
5019
4992
4982
5048
5221
5167
5134
5140
5209
5135
5243
5264
5148
5124
5185
5307
5440
5534
5543
5545
5679
5623
5668
5725
5605
5628
5555
5618
5559
5572
5599
5450
5377
5401
5384
5293
5258
5308
5252
5266
5241
5404
5461
5530
5569
5474
5531
5325
5598
5514
5458
5373
5103
5168
5290
5446
5656
5679
5670
5729
5788
5801
5866
5804
5774
5599
5732
5678
5610
5637
5513
5373
5495
5559
5618
5386
5409
5320
5445
5481
5387
5362
5379
5331
5249
5406
5374
5379
5384
5421
5406
5343
5433
5347
5282
5167
5402
5215
5160
5158
5223
5153
5059
4902
4820
4946
4833
4793
4806
4738
4686
4688
4642
4678
4639
4504
4434
4372
4331
4585
4841
4967
5009
4942
4757
4871
4795
4800
4729
4632
4392
4260
4385
4482
4669
4568
4506
4562
4684
4708
4610
4518
4572
4823
4849
4927
4946
4910
5032
5131
5119
5063
5183
5253
5415
5438
5572
5750
5645
5734
5924
5739
5574
5438
5442
5539
5545
5314
5270
4987
4898
4862
4796
4838
4867
4833
4952
4751
4608
4557
4598
4490
4581
4688
4650
4460
4560
4679
4908
4911
4872
4827
4978
4906
4815
4987
4961
5062
5139
5015
4985
5150
5341
5296
5210
5152
5235
5191
5104
5089
4961
4948
5046
5100
5045
5199
5344
5417
5328
5316
5391
5497
5305
5370
5518
5613
5520
5452
5563
5532
5403
5321
5424
5300
5372
5475
5477
5676
5964
5897
5879
5824
6092
6087
6137
5983
5987
5958
6031
6193
6309
6223
6270
6131
6028
5937
5936
5898
6091
6154
6291
6194
6079
6140
6371
6421
6474
6336
6376
6466
6348
6317
6395
6511
6527
6469
6385
6348
6319
6104
6278
6255
6278
6258
6292
6561
6562
6416
6496
6575
6611
6342
6444
6369
6350
6041
6103
6211
6267
6207
6192
6251
6141
6048
6005
6051
5914
5886
6033
5950
5879
5981
6000
6097
6091
6027
5962
5865
5657
5635
5625
5611
5599
5649
5749
5642
5633
5656
5381
5318
5294
5335
5272
5214
5015
4881
4720
4797
4856
4989
4924
4922
4914
4822
4779
4879
5020
5109
5072
4947
4875
4975
5013
5093
5008
4924
4982
5069
5077
5126
5085
5151
5048
4961
4970
5115
5133
5222
5259
5350
5322
5544
5571
5816
5720
5856
5839
5675
5725
5759
5569
5554
5570
5629
5805
5813
5854
5852
5837
5785
5608
5522
5507
5438
5576
5537
5530
5457
5351
5409
5357
5335
5421
5372
5229
5326
5166
5304
5305
5235
5346
5431
5480
5626
5541
5618
5662
5689
5789
5986
6153
6333
6369
6510
6387
6375
6250
6266
6328
6437
6357
6526
6527
6633
6805
6903
6821
7004
6921
6960
6926
7168
7141
7120
7249
7312
7398
7073
7266
7309
7547
7752
7684
7519
7328
7245
7281
7616
7572
7625
7712
7862
7937
7966
7853
7991
8133
7990
8005
7933
7982
8112
8300
8270
8388
8125
8048
7954
7936
7800
7789
7610
7657
7482
7377
7142
7066
6844
6814
6843
6868
6775
6772
6886
6754
6761
6702
6723
6634
6663
6649
6655
6678
6610
6590
6750
6686
6692
6617
6608
6418
6475
6504
6444
6438
6349
6377
6503
6256
6306
6480
6487
6234
6243
6317
6248
6247
6277
6398
6465
6430
6436
6448
6369
6370
6463
6398
6562
6633
6608
6581
6266
6121
6223
6132
5920
5886
5865
5721
5610
5606
5676
5774
5791
5686
5748
5599
5680
5635
5639
5697
5800
5838
5895
5995
6026
5965
5719
5666
5785
5955
5897
5868
5970
5853
5944
5972
6025
6034
6058
6101
6188
6193
6255
6147
6162
6198
6354
6349
6612
6607
6906
7027
7094
7086
7180
7221
7222
6997
6867
6626
6476
6508
6340
6264
6137
6134
6050
5806
5739
5675
5753
5741
5719
5827
5816
5708
5722
5830
5913
5801
5921
5830
5833
5718
5739
5953
5868
5870
5879
6030
6159
6077
6029
6327
6496
6368
6577
6467
6446
6465
6292
6326
6453
6494
6572
6649
6639
6685
6594
6642
6807
7027
6951
6748
6627
6590
6612
6636
6685
6648
6856
6732
6557
6620
6497
6238
6229
6229
6087
6075
6105
6019
6086
6058
6127
6057
6192
6250
6366
6299
6381
6510
6530
6619
6702
6785
6908
6934
6951
7191
7145
7156
7223
7061
7176
7250
7279
7179
7290
7386
7431
7470
7485
7686
7639
7477
7514
7618
7314
7120
7056
7059
7064
6919
6809
6721
6689
6778
7075
7174
7175
7151
7036
7052
7057
7023
7046
7214
7367
7182
7319
7351
7234
7331
7393
7430
7410
7410
7430
7567
7431
7457
7386
7418
7164
7029
7106
7269
7102
7052
7230
7227
7167
7443
7204
7147
7041
7146
7328
7212
7084
7229
7313
7238
7058
7105
6946
6805
6785
6858
7091
6983
6932
6886
6933
6868
6901
6872
6866
7002
6963
6684
6615
6672
6640
6781
6687
6756
6850
6837
7037
6952
6966
7035
7140
7239
7377
7355
7359
7343
7345
7329
7223
7255
7229
7294
7276
7310
7282
7119
7218
7179
7277
7257
7351
7228
7267
7406
7453
7423
7483
7626
7711
7753
7873
8045
8094
8049
7977
7993
8065
8284
8402
8412
8446
8645
8673
8583
8389
8400
8276
8023
8029
8178
8369
8185
8173
8078
7893
8008
7803
7910
7858
7714
7628
7529
7371
7179
6978
7107
7039
6947
6853
6840
6800
6905
6850
6934
7076
6870
6847
6894
7091
7035
7035
7067
6852
7080
6858
6720
6800
6771
6967
6906
6967
6960
7039
6884
6765
6693
6820
6838
6753
6644
6719
6575
6670
6670
6555
6523
6559
6401
6295
6251
6191
6045
6017
6049
6055
6057
6171
6072
6038
5859
6183
6026
5995
6093
6235
6111
6134
6180
6047
6034
5926
5885
5764
5865
6011
6054
6128
5954
6043
6008
5992
5921
5829
5767
5791
5875
5917
6043
5950
5934
5802
5847
5900
5843
5759
6034
5903
5844
5814
5701
5884
5775
5581
5633
5503
5494
5703
5716
5723
5646
5780
5934
5987
6022
5894
5930
5842
5982
6013
5943
5824
5815
5844
5886
5902
5931
5852
5814
5815
5795
5635
5453
5368
5266
5359
5310
5442
5161
5126
5031
5065
4974
5088
5137
5396
5268
5105
4988
4899
4983
5038
4925
4712
4746
4729
4704
4737
4677
4831
4817
4887
4695
4749
4712
4742
4719
4567
4494
4609
4493
4581
4456
4570
4540
4503
4539
4494
4391
4329
4382
4359
4400
4403
4527
4424
4582
4531
4495
4513
4354
4176
4179
4366
4380
4375
4463
4567
4578
4564
4689
4606
4658
4647
4606
4752
4802
4842
4910
5051
5100
5118
5168
5202
5175
5179
5078
4961
4993
5093
5204
5130
5017
5123
5121
4862
4846
4861
5041
4934
4932
4860
4923
4954
5058
5100
5110
5029
5066
5047
5138
5222
5250
5324
5210
5323
5474
5493
5515
5443
5438
5294
5187
5311
5469
5538
5514
5317
5220
5284
5150
5125
5123
5127
5094
5166
5170
5229
5258
5262
5201
5192
5179
5078
5091
5095
5109
5066
5154
5268
5302
5222
5015
4884
4987
4993
4874
4795
4679
4659
4661
4578
4516
4346
4401
4550
4585
4638
4686
4754
4722
4832
4965
5037
4941
4710
4743
4850
4754
4749
4901
4766
4580
4522
4481
4456
4495
4558
4594
4534
4653
4540
4627
4727
4722
4725
4635
4530
4645
4746
4751
4848
4790
4563
4612
4481
4430
4440
4685
4817
4813
4935
5022
4853
4868
4896
5045
4969
5099
4904
4966
4908
4830
4788
5056
5191
5250
5333
5319
5349
5447
5458
5523
5538
5491
5485
5623
5638
5667
5851
5792
5797
5774
5588
5548
5478
5552
5569
5311
5152
5159
5261
5355
5358
5338
5310
5266
5202
5090
5061
5004
5012
4788
4859
5124
5089
4984
4838
4744
4832
4961
4877
5051
5015
5211
5203
5278
5215
5282
5180
5143
5215
5227
5325
5238
5230
5229
5222
5173
5298
5180
5028
5058
5111
5207
5054
4980
5054
5103
4973
4911
5104
5148
5274
5238
5302
5438
5429
5459
5576
5520
5583
5368
5541
5365
5445
5459
5605
5771
5663
5743
5755
5898
5727
5793
5769
5642
5654
5778
5701
5628
5505
5627
5767
5860
5734
5898
5931
6068
6014
6152
6026
6124
5981
6026
6085
6161
6151
6064
6215
6332
6390
6472
6385
6434
6306
6120
6347
6559
6685
6781
6751
6593
6450
6282
6329
6310
6371
6502
6364
6529
6592
6627
6745
6673
6473
6338
6230
6406
6267
6222
6223
6116
6177
6229
6314
6292
6259
6224
6237
6427
6534
6579
6864
6808
6938
6958
7128
7189
7008
7190
7092
7125
7055
6937
6952
6988
7090
6832
6939
6907
6830
6586
6572
6578
6618
6452
6256
6307
6486
6493
6576
6572
6729
6615
6659
6641
6719
6825
6718
6965
7002
7060
7033
6982
6849
6722
6712
6739
6697
6576
6633
6653
6712
6580
6675
6375
6536
6756
6691
6682
6595
6549
6792
6739
6766
6798
6855
6978
7044
6970
6878
6804
6722
6598
6773
6656
6628
6513
6501
6568
6614
6785
6791
6937
7124
7026
7017
6879
6946
6788
6741
6761
6805
6540
6715
6762
6751
6744
6669
6549
6670
6739
6626
6649
6500
6597
6589
6497
6522
6560
6387
6509
6439
6588
6498
6537
6464
6312
6499
6461
6425
6229
6268
6269
6261
6207
6348
6330
6434
6345
6205
6178
6176
6130
6289
6260
6307
6305
6181
6194
6219
6060
6055
6121
6167
6311
6344
6274
6308
6155
6092
6214
6297
6215
6384
6279
6112
6193
6376
6224
6167
6399
6356
6113
6021
5925
5951
6094
6072
6088
6095
6053
5958
5904
5858
5826
5790
5924
5905
5965
5956
5911
5986
6092
6187
6022
6209
6113
6078
6041
6023
5931
6023
6342
6632
6622
6477
6388
6540
6413
6268
6274
6394
6635
6750
6816
6694
6604
6850
6820
6975
7004
6936
7052
6851
6922
6833
6810
6687
6738
6787
6830
7198
6984
7127
7125
7019
6971
6769
6786
6886
6912
7045
7075
7054
6938
6885
6820
7008
6939
6938
6877
6879
6806
6650
6721
6636
6677
6538
6534
6564
6560
6710
6910
7081
7155
7151
7091
7093
7034
7051
7021
7028
7066
7195
7212
7155
7219
7234
7282
7431
7398
7462
7250
7463
7459
7302
7317
7405
7386
7335
7255
7261
7176
7067
7292
7247
7441
7573
7225
7143
7271
7363
7356
7341
7280
7292
7435
7542
7682
7536
7574
7493
7535
7267
7295
7288
7321
7286
7279
7024
7065
7234
7166
7232
7088
7049
6895
6892
7078
7008
7033
7057
6828
6810
6707
6711
6706
6619
6531
6445
6469
6427
6378
6458
6427
6363
6424
6587
6690
6760
6697
6658
6654
6599
6600
6560
6443
6499
6729
6796
6682
6898
6820
6756
6827
6938
6994
6986
7041
7153
7191
7126
7077
6839
6873
6846
6889
6931
7026
6925
6803
6624
6744
6584
6454
6471
6439
6503
6395
6335
6218
6194
6112
6150
6326
6390
6204
6220
6183
6262
6228
6024
6029
6093
6064
6036
5934
5814
6194
6452
6395
6422
6488
6546
6580
6793
6834
6852
6839
6855
6864
6829
6771
6948
6657
6769
6703
6737
6622
6445
6627
6576
6575
6595
6819
6813
6893
6893
6734
6596
6635
6539
6582
6571
6436
6506
6527
6545
6620
6362
6433
6434
6579
6548
6658
6712
6900
7052
7002
6846
6917
6907
6756
6812
6713
6806
6931
6940
7089
7162
7079
7181
7104
7008
7021
6918
6987
7031
7053
6941
7029
7115
6759
6782
6703
6702
6786
6676
6633
6695
6569
6469
6520
6741
6843
6735
6864
6774
6744
6747
6690
6730
6604
6849
6802
6928
6687
6680
6620
6625
6626
6524
6550
6621
6551
6424
6353
6545
6557
6409
6616
6525
6408
6400
6394
6427
6594
6384
6233
6130
6325
6407
6499
6345
6427
6285
6363
6392
6261
6027
5988
6315
6134
6056
5874
5955
6052
6085
6181
6062
5964
5838
5851
5846
5822
6185
6051
6072
6036
5960
6030
6241
6296
6208
6086
6065
6028
5991
5932
5986
5887
5892
5741
5796
5687
5619
5629
5620
5696
5518
5599
5731
5616
5457
5574
5501
5626
5776
5774
5610
5608
5468
5329
5250
5093
5079
5104
5413
5293
5390
5331
5273
5350
5406
5594
5457
5655
5760
5834
5748
5701
5711
5809
5790
5736
5839
5845
5682
5580
5653
5508
5328
5172
5270
5282
5279
5215
5280
5348
5410
5538
5542
5414
5428
5453
5653
5575
5494
5514
5609
5632
5801
5916
5921
5829
5907
5731
5732
5661
5489
5399
5279
5409
5253
5248
5077
5016
5021
4980
5012
4785
4747
4671
4696
4678
4679
4550
4436
4341
4263
4186
4133
4113
4143
4180
4154
4136
4043
4179
4245
4214
4134
4102
4306
4243
4335
4337
4339
4228
4330
4339
4464
4406
4383
4378
4448
4286
4480
4499
4561
4536
4457
4593
4575
4468
4547
4497
4611
4756
4887
5112
5099
5127
5255
5139
5185
5270
5478
5302
5372
5413
5513
5621
5579
5542
5483
5510
5549
5647
5476
5580
5494
5535
5460
5344
5498
5444
5436
5483
5650
5654
5437
5305
5223
5171
5136
5132
5039
4982
4802
4783
4661
4711
4885
4832
4704
4767
4769
4864
4684
4731
4971
4808
4916
4795
4700
4694
4671
4681
4729
4703
4743
4789
4858
4834
5047
5173
5257
5215
5183
5253
5369
5401
5394
5307
5386
5259
5354
5299
5205
5147
5220
5100
5344
5319
5217
5158
5228
5379
5319
5452
5536
5213
5227
5215
5309
5271
5474
5622
5564
5451
5403
5514
5273
5280
5408
5424
5313
5348
5369
5463
5464
5352
5386
5404
5517
5379
5321
5301
5286
5297
5323
5302
5071
5086
5170
5018
5099
5130
5194
5245
4908
5062
5096
5040
5164
5315
5480
5415
5507
5315
5572
5530
5542
5447
5306
5222
5262
5064
5031
5073
5032
5132
5080
5241
5201
5173
5067
5011
5093
5105
4919
4909
4987
5076
5148
5270
5290
5452
5409
5403
5302
5264
5291
5142
5144
5212
5215
5348
5291
5232
5412
5395
5436
5341
5379
5367
5413
5360
5343
5427
5396
5351
5161
5334
5398
5507
5477
5589
5431
5448
5421
5407
5428
5373
5338
5454
5557
5564
5359
5558
5632
5712
5852
5708
5879
5869
5899
5957
5949
6034
6272
6181
6155
6297
6035
6029
6011
5945
5919
5958
6009
5899
5843
5767
5792
5819
5665
5618
5747
5824
5923
5912
5851
5829
5732
5824
5477
5460
5258
5287
5324
5220
5279
5191
5161
5212
5224
5342
5158
5018
5091
5173
5093
4938
5123
4976
4914
4806
4932
4781
4767
4831
4723
4767
4696
4724
4587
4533
4640
4592
4650
4778
4837
4878
4864
4772
4758
4646
4903
4877
4821
5025
5215
5377
5243
5130
5270
5237
5352
5273
5299
5388
5471
5532
5285
5283
5134
5034
5374
5441
5533
5714
5838
5933
5803
5903
6008
5908
6034
5896
5702
5679
5636
5523
5559
5622
5571
5586
5611
5521
5671
5825
5689
5816
5865
6011
6029
6135
6224
6069
6136
6129
6206
6288
6149
5985
5963
5935
5877
5861
5894
5850
6078
6020
6190
6299
6164
6029
6212
6077
6167
6141
6223
6195
6269
6311
6204
6118
6234
6322
6298
6251
6418
6249
6312
6328
6578
6684
6736
6553
6521
6564
6457
6381
6329
6532
6528
6363
6350
6223
6313
6302
6282
5972
6064
5969
5840
5838
5906
5858
5751
5650
5697
6006
6044
5885
5944
6028
6057
6088
6088
6049
6156
6163
6116
6034
5940
5949
6146
6078
6100
6023
6189
6049
5944
5962
5811
5843
5812
5771
5720
5665
5711
5605
5593
5529
5520
5471
5406
5232
5284
5289
5271
5185
5224
5145
5078
5008
4875
4824
4834
4878
5005
4854
4968
5048
5030
4910
4974
4904
4945
4980
5105
5163
5109
5018
4878
4834
4858
4866
4620
4754
4851
4897
4790
4843
4801
4636
4815
4829
4698
4724
4642
4756
4991
5154
5289
5275
5320
5571
5539
5516
5500
5651
5713
5628
5704
5586
5483
5547
5745
5557
5590
5751
5794
5841
5656
5509
5524
5553
5480
5676
5721
5771
5992
5906
5969
5935
5855
5774
5499
5454
5499
5549
5596
5550
5496
5361
5367
5345
5528
5474
5677
5659
5678
5548
5509
5692
5553
5509
5562
5611
5597
5490
5153
5104
5163
5212
5202
5262
5283
5103
5144
5062
5128
5087
5138
5228
5274
5282
5311
5242
5388
5498
5732
5774
5708
5596
5656
