1005000
268875
174263
129597
102606
85342
73147
63054
55904
49813
44911
41111
38199
35243
32742
30796
28949
27406
25701
24474
23495
22665
21232
20363
19478
18675
17629
16905
15966
15271
14692
14459
14224
13668
13339
13060
12522
12274
12038
11737
11326
10914
10506
10489
9931
9664
9689
9371
9262
8946
8756
8437
8351
8112
7862
7638
7509
7351
7029
6798
6802
6797
6597
6339
6033
6088
5926
5873
5832
5844
5666
5591
5648
5595
5484
5450
5463
5204
5117
5140
5052
5066
4983
5002
4891
4935
4896
4770
4677
4583
4356
4410
4344
4216
4154
4222
4194
4123
3997
4043
4020
3952
3824
3750
3607
3562
3600
3685
3576
3543
3596
3471
3499
3507
3508
3408
3246
3250
3260
3145
3051
2950
2981
3009
2855
2698
2564
2610
2603
2614
2565
2556
2517
2461
2562
2498
2476
2431
2506
2551
2377
2349
2332
2397
2391
2430
2337
2175
2186
2134
2163
2094
1929
1941
1928
1884
1821
1839
1788
1786
1851
1912
1815
1914
1872
1830
1770
1732
1683
1537
1573
1602
1548
1527
1508
1455
1489
1479
1428
1470
1368
1290
1338
1323
1305
1281
1233
1224
1205
1248
1182
1215
1272
1251
1221
1128
1155
1155
1137
1047
987
975
937
948
984
1002
1084
1041
1065
1090
1000
990
951
975
1026
984
984
1005
987
978
948
972
972
1008
1080
1083
1113
1116
1089
1149
1155
1254
1248
1224
1206
1203
1204
1127
1110
1113
1125
1134
1209
1191
1116
1131
1179
1221
1217
1164
1122
1092
1065
1065
1117
1080
1032
1063
1064
1071
1044
1021
966
1032
1065
1041
1032
1014
1110
1161
1149
1152
1216
1164
1170
1165
1167
1125
1119
1044
1137
1161
1153
1239
1272
1255
1203
1257
1248
1200
1218
1228
1314
1281
1209
1200
1224
1215
1230
1246
1197
1197
1197
1161
1192
1191
1207
1278
1302
1342
1303
1408
1371
1320
1302
1327
1331
1290
1215
1227
1218
1227
1233
1227
1213
1191
1194
1245
1257
1230
1134
1086
1104
1071
1002
1047
1056
1071
1074
1156
1212
1128
1123
1050
1029
1161
1206
1120
1027
1089
1110
1150
1075
1065
1002
969
984
958
1032
1113
1080
1069
1023
1086
1041
1015
1074
1122
1134
1104
1119
1104
1095
1099
1041
1041
994
975
1021
1120
1149
1029
990
993
1041
969
1071
1125
1140
1140
1104
1122
1131
1185
1110
1059
972
963
1002
975
1008
981
996
980
1059
991
981
952
960
925
904
897
948
943
888
879
843
864
900
930
945
849
822
801
798
801
850
888
864
903
865
819
780
846
858
864
900
852
820
816
864
876
954
957
981
975
987
1020
984
978
966
951
946
978
1020
969
969
948
969
972
963
924
981
945
927
898
912
996
1038
1074
1111
1197
1206
1254
1309
1347
1431
1370
1377
1341
1293
1323
1359
1413
1509
1552
1593
1611
1677
1608
1539
1557
1585
1608
1605
1659
1710
1653
1734
1850
1893
1879
1770
1830
1843
1825
1799
1755
1722
1692
1616
1683
1770
1834
1714
1725
1698
1640
1656
1656
1683
1729
1735
1712
1782
1851
1853
1835
1849
1765
1704
1770
1701
1702
1722
1651
1809
1834
1929
2017
2056
2100
2154
2196
2035
2011
1954
1891
1836
1740
1764
1705
1625
1563
1590
1587
1605
1647
1737
1672
1807
1869
1924
2040
1992
2029
1955
1944
1872
1914
1822
1799
1911
1987
2012
2109
1945
2019
2143
2094
2196
2086
2184
2212
2175
2041
2025
2122
2124
2242
2220
2353
2394
2490
2416
2501
2522
2591
2634
2778
2827
2847
2985
3052
3173
3198
3156
3191
3206
3166
3308
3251
3097
3083
3034
3150
3170
3206
3156
3212
3225
3224
3327
3292
3429
3296
3276
3325
3297
3376
3312
3335
3252
3321
3248
3284
3256
3290
3284
3125
3094
3127
3132
3136
3153
3239
3304
3289
3386
3344
3325
3371
3271
3244
3239
3276
3362
3452
3478
3557
3602
3612
3603
3529
3558
3362
3422
3313
3325
3246
3407
3465
3428
3265
3366
3357
3485
3639
3816
3815
3876
3982
3931
4030
4055
3937
3819
3727
3716
3613
3566
3729
3764
3886
3775
3732
3760
3844
3700
3767
3985
3892
3710
3671
3829
3758
3802
3838
3794
3793
3761
3702
3828
3787
3857
3908
4006
4013
4036
4088
4022
3921
4102
4273
4289
4495
4609
4723
4876
4701
4686
4464
4617
4498
4468
4391
4445
4624
4707
4595
4599
4625
4623
4589
4707
4804
4757
4837
4905
4935
4928
5039
5119
5052
5100
5060
5008
4934
4855
4663
4716
4645
4675
4823
4732
4620
4704
4455
4509
4479
4617
4642
4764
4692
4678
4559
4468
4441
4498
4387
4430
4621
4549
4596
4644
4756
4917
5205
5351
5328
5214
5117
5310
5392
5346
5440
5315
5168
5080
5159
5306
5313
5313
5462
5425
5553
5582
5673
5426
5332
5615
5594
5572
5652
5670
5727
5687
5647
5627
5553
5540
5658
5734
5679
5654
5586
5621
5657
5798
5893
5662
5574
5352
5230
5256
5206
5331
5343
5288
5227
5209
5316
5503
5496
5434
5444
5493
5546
5370
5312
5438
5501
5639
5652
5650
5577
5675
5604
5514
5539
5671
5568
5493
5538
5635
5680
5659
5867
6058
6098
6162
6107
6235
6118
6300
6376
6327
6437
6505
6504
6255
6353
6342
6169
6096
6052
5888
5654
5838
5803
5897
5726
5591
5509
5625
5675
5771
5781
5792
5781
5679
5717
5617
5598
5599
5507
5446
5477
5485
5425
5443
5441
5588
5483
5499
5692
5803
5880
6046
5882
6058
6118
6242
6293
6129
6311
6505
6500
6637
6739
6713
6702
6799
6684
6676
6812
6669
6693
6844
6658
6736
6488
6520
6504
6501
6511
6686
6538
6789
6686
6829
6735
6489
6447
6391
6635
6819
6619
6351
6372
6257
6236
6184
6184
6461
6559
6765
6596
6625
6629
6662
6732
6805
6809
6738
6722
6492
6481
6355
6409
6417
6390
6400
6465
6517
6713
6690
6649
6881
6656
6767
6747
6628
6564
6570
6640
6730
6729
6650
6455
6369
6269
6335
6276
6369
6469
6367
6316
6281
6167
6148
6126
6227
6321
6205
6293
6259
6400
6617
6722
6628
6560
6493
6662
6696
6428
6414
6398
6303
6218
6320
6221
6244
6063
6060
6198
6254
6313
6317
6202
6178
6144
6352
6382
6268
6255
6135
6035
5872
5643
5544
5539
5474
5620
5686
5686
5707
5535
5531
5628
5729
5755
5969
5702
5474
5371
5367
5333
5325
5304
5127
5120
5118
5143
4986
5039
5078
4943
5017
4999
4877
4796
4708
4699
4797
4861
4735
4863
4998
5042
4978
4837
5143
5139
5118
5202
5146
5163
5181
5235
5300
5172
5113
4947
4871
5003
4955
5234
5098
5052
4973
5055
5063
4912
4811
4792
4808
4767
4689
4661
4669
4744
4823
4726
4753
4772
4891
5020
4951
4871
4873
4984
4888
4943
4994
4873
4968
4894
4907
4996
5031
5048
5100
5241
5116
5154
5213
5478
5600
5577
5586
5660
5645
5631
5634
5658
5657
5490
5494
5235
5315
5381
5427
5434
5434
5502
5539
5408
5474
5446
5504
5480
5568
5632
5670
5762
5663
5477
5518
5756
5496
5389
5421
5415
5389
5458
5473
5456
5602
5511
5447
5518
5722
5662
5492
5483
5603
5741
5807
5791
5961
6012
6083
6161
6195
6310
6104
6014
5977
6013
5930
5992
5929
5940
5956
5941
5713
5945
5943
6060
6146
6264
6279
6452
6529
6640
6680
6425
6278
6260
6200
6280
6268
6138
6077
6151
6175
6040
6000
5941
6123
6172
6307
6285
6088
6164
6052
5876
6084
6191
6203
6302
6077
5964
6020
6070
6091
6092
5966
5813
5767
5741
5929
5967
5987
5988
6011
6033
5964
6016
5963
6007
5948
6046
5990
6179
6238
6414
6486
6559
6312
6200
6146
6147
6196
6131
6157
6163
6041
6066
6131
5933
5979
6052
6177
6120
6103
6075
6040
5976
5988
5925
5794
5950
5822
5714
5512
5600
5448
5446
5561
5477
5304
5292
5309
5261
5276
5280
5281
5248
5358
5234
5367
5252
5276
5240
5250
5333
5450
5342
5243
5151
5248
5222
5263
5207
5073
4977
4917
4923
5026
5041
5012
5108
5107
5126
5130
5088
5041
5004
5121
5050
5122
5030
5059
5032
5080
4984
5121
5130
5181
5174
5143
5305
5259
5176
5167
5435
5375
5436
5252
5306
5038
4958
4860
4942
4681
4809
4750
4928
4823
4961
4783
4775
4814
4894
4944
5042
5108
5260
5209
5337
5505
5560
5398
5479
5592
5455
5445
5303
5419
5451
5576
5670
5596
5570
5586
5678
5709
5661
5703
5829
5906
5977
5768
5884
5746
5851
5928
5935
5766
5616
5558
5555
5613
5491
5517
5716
5782
5962
5909
5984
5764
5552
5512
5555
5604
5533
5351
5453
5505
5507
5433
5411
5350
5236
5501
5554
5758
5657
5620
5707
5961
6066
6131
6216
6362
6657
6623
6626
6621
6558
6433
6221
6420
6209
6054
6023
5958
5990
6083
6306
6396
6281
6288
6506
6451
6450
6396
6207
6152
6131
6064
6169
6337
6397
6401
6117
6055
5921
5862
5976
6076
6065
5966
5800
5750
5564
5468
5388
5162
5210
5364
5404
5441
5449
5503
5557
5454
5515
5539
5609
5584
5491
5507
5422
5650
5491
5476
5333
5474
5604
5769
5472
5475
5421
5539
5541
5596
5549
5510
5382
5487
5564
5488
5544
5579
5467
5543
5595
5502
5285
5341
5287
5445
5456
5587
5749
5721
5763
5778
5900
5956
5957
5990
5935
5985
5901
6077
6162
5815
5885
5859
5944
5909
5805
5857
6102
6170
6089
6218
6252
6311
6186
6087
6077
6000
5939
5954
6057
5982
6032
6106
6207
6286
6216
6170
6212
6167
6312
6318
6268
6108
6005
5962
6052
6204
6209
6449
6316
6262
6334
6201
6125
6137
6026
6007
6131
6077
6098
6329
6264
6541
6545
6441
6436
6517
6709
6795
6951
7263
7314
7406
7499
7497
7591
7581
7466
7542
7377
7305
7206
7458
7336
7326
7501
7350
7317
7362
7287
7379
7195
7257
7424
7498
7362
7478
7618
7516
7328
7283
7304
7257
7230
7272
7465
7651
7737
7681
7721
7545
7597
7488
7592
7674
7541
7724
7474
7433
7521
7608
7556
7336
7293
7484
7655
7621
7515
7431
7372
7588
7715
7620
7568
7511
7567
7434
7442
7313
7319
7499
7428
7544
7621
7539
7518
7723
7497
7660
7727
7869
7744
7557
7435
7216
7412
7693
7665
7813
7629
7517
7537
7488
7494
7499
7514
7439
7644
7575
7498
7571
7752
7949
7957
7854
7808
7693
7624
7307
7337
7420
7426
7525
7737
7787
7590
7663
7429
7380
7461
7279
7262
7391
7322
7271
7235
7407
7583
7677
7444
7542
7807
7833
7811
7762
7819
7652
7762
7852
7902
8006
7892
7868
7784
7708
7571
7510
7446
7304
7146
7237
7149
7278
7250
6973
7063
6948
6652
6513
6424
6430
6487
6303
6580
6733
6724
6636
6730
6716
6680
6806
6742
6825
6855
6645
6856
6754
6645
6585
6691
6737
6678
6558
6539
6730
6697
6764
6703
6631
6558
6554
6776
6824
6761
6649
6561
6571
6584
6487
6529
6598
6444
6591
6592
6561
6812
6801
6662
6539
6677
6860
6755
6812
6855
6863
6673
6718
6683
6693
6635
6662
6642
6469
6546
6361
6402
6378
6494
6667
6713
6882
6781
6666
6832
6979
7114
7175
7069
7106
7223
7008
7012
6935
6844
6879
6962
7059
6849
6888
6586
6633
6577
6679
6568
6936
7042
6986
6867
6876
6969
7047
7093
6927
6860
6842
6738
6741
6737
6601
6534
6467
6545
6698
6785
6663
6804
6760
6671
6480
6434
6297
6231
6290
6310
6277
6242
6309
6375
6287
6258
6242
6202
6302
6346
6235
6331
6292
6444
6470
6442
6506
6442
6446
6619
6532
6582
6859
6906
6865
6773
6688
6540
6726
6647
6540
6489
6373
6451
6379
6413
6240
6319
6137
6148
6041
6063
6091
5841
5863
5897
5844
5818
5783
5782
5761
5849
5792
5737
5797
5854
5854
6051
5839
5644
5712
5602
5627
5401
5270
5365
5438
5553
5551
5527
5566
5385
5441
5437
5278
5276
5266
5295
5280
5184
5318
5329
5329
5305
5136
5064
5027
4819
4794
4754
4544
4471
4402
4486
4603
4656
4496
4480
4664
4558
4712
4907
4825
4759
4812
4837
4779
4833
4955
5128
5200
5307
5324
5196
5063
4914
4963
5207
5115
5173
5098
5145
5163
5109
5186
5269
5338
5066
4964
5029
4981
4873
4897
4884
5011
5170
5207
5213
5355
5209
5191
5255
5387
5247
5275
5302
5273
5467
5411
5352
5229
5190
5238
5173
5133
5012
4845
4889
4781
4681
4713
4596
4560
4502
4588
4428
4321
4585
4598
4649
4540
4704
4501
4556
4606
4655
4648
4815
4897
4865
4857
4822
4916
4954
4852
4905
5095
5057
4876
4780
4814
4816
4742
4928
4961
4913
4914
5058
5024
4832
4845
4856
4779
4703
4735
4820
4525
4572
4404
4515
4387
4342
4178
4075
4050
4035
4067
4207
4271
4224
4133
4130
4165
4201
4179
4422
4576
4659
4674
4584
4605
4607
4722
4622
4681
4619
4491
4429
4364
4425
4331
4496
4527
4549
4457
4473
4320
4382
4493
4693
4597
4568
4591
4594
4524
4366
4384
4339
4402
4323
4349
4329
4320
4341
4308
4214
4452
4441
4444
4459
4461
4300
4229
4227
4323
4547
4548
4564
4586
4590
4623
4680
4604
4655
4765
4953
4814
4638
4591
4560
4535
4625
4596
4655
4536
4541
4446
4476
4432
4468
4268
4199
4165
4237
4144
4142
4182
4233
4242
4283
4330
4389
4361
4411
4496
4432
4458
4390
4382
4264
4100
4197
4293
4237
4317
4286
4151
4317
4310
4418
4342
4310
4262
4255
4251
4188
4093
4186
4110
4088
4143
4170
4121
3993
4001
3816
3892
3952
3956
3723
3846
3976
4153
4160
4174
4096
4103
4106
4285
4359
4373
4402
4509
4553
4634
4713
4723
4674
4657
4744
4724
4505
4391
4363
4324
4424
4440
4555
4530
4519
4644
4728
4809
4861
4645
4614
4633
4575
4393
4426
4581
4738
4718
4696
4736
4766
4847
4801
4808
4756
4677
4600
4589
4503
4460
4409
4544
4617
4636
4745
4698
4623
4499
4492
4518
4379
4362
4389
4411
4434
4486
4458
4426
4390
4315
4244
4059
4236
4176
4100
4029
4039
3846
3795
3839
3748
3792
3798
3938
4045
3974
3978
3873
4078
4148
4087
4102
4235
4391
4458
4460
4437
4525
4634
4662
4646
4663
4763
4800
4801
4714
4786
4845
4724
4732
4713
4700
4755
4795
4668
4526
4479
4452
4611
4678
4839
4868
4732
4728
4688
4500
4437
4412
4509
4457
4483
4678
4581
4549
4537
4657
4640
4651
4671
4775
4790
4861
4871
5169
5039
4982
4975
5077
4952
4905
4918
4723
4582
4582
4567
4558
4538
4665
4703
4614
4450
4398
4567
4630
4740
4601
4470
4271
4279
4440
4458
4471
4409
4445
4464
4417
4290
4273
4259
4324
4503
4546
4461
4443
4449
4581
4418
4345
4424
4503
4658
4747
4858
4793
4682
4674
4697
4664
4744
4760
4703
4911
4682
4651
4571
4481
4373
4405
4445
4597
4641
4616
4620
4531
4532
4595
4659
4737
4744
4820
4713
4741
4678
4698
4663
4617
4758
4655
4793
4923
5051
4974
4770
4814
4780
4543
4554
4439
4459
4464
4390
4497
4358
4454
4418
4533
4543
4711
4613
4581
4504
4596
4515
4548
4669
4858
4905
4991
4951
4984
5166
5098
5177
5173
5046
5037
5228
5211
5247
5098
5113
5092
5126
5166
5088
5019
5138
5240
5241
5246
5238
5352
5426
5591
5663
5500
5572
5605
5610
5523
5523
5502
5510
5289
5215
5182
5314
5383
5238
5460
5420
5456
5334
5437
5340
5344
5377
5629
5705
5679
5595
5623
5704
5677
5488
5442
5372
5350
5490
5485
5508
5422
5430
5337
5516
5527
5461
5574
5540
5519
5558
5704
5899
5902
5907
5861
5714
5727
5866
5956
5732
5772
5765
6103
6046
6160
6191
6115
6105
6281
6334
6227
6154
6283
6288
6634
6641
6700
6707
6732
6809
6959
7118
7112
7234
7302
7334
7285
7258
7264
7271
7337
7264
7158
7133
7074
7147
7153
6814
6829
6852
6588
6699
6576
6457
6535
6539
6521
6599
6361
6388
6274
6298
6486
6352
6266
6396
6323
6215
6223
6075
5950
5820
6022
6141
6123
6205
6072
5852
6128
6009
5891
5756
5728
5748
5810
5702
5720
5630
5698
5668
5708
5729
5648
5587
5616
5732
5733
5825
5615
5773
5673
5688
5721
5808
5917
6181
6004
5961
6017
5952
6056
5975
5953
6066
6193
6220
6136
6117
6128
6088
6158
6076
6016
5969
5964
6003
6013
5882
5822
5728
5929
5983
5921
6060
6053
6022
5929
5786
5799
5654
5762
5783
5724
5828
5885
5728
5602
5579
5622
5970
6006
6021
5961
6052
6086
6009
5913
6100
6012
6010
5932
5875
5767
5599
5688
5705
5713
5795
5643
5449
5542
5640
5726
5629
5561
5690
5819
5751
5675
5886
6119
6006
6110
6020
5946
6047
6013
6061
6215
6137
6170
6341
6351
6216
6135
5967
5951
5943
5889
6025
6020
5995
6203
6058
6015
6113
6275
6187
6169
6115
6039
6058
6028
5789
5717
5653
5662
5693
5540
5332
5305
5315
5416
5130
5254
5083
5153
5148
5119
5204
5319
5355
5334
5203
5151
5228
5109
5169
5142
5045
5061
5065
5100
5232
5083
5123
5027
4922
4980
5044
5080
5137
5150
5282
5197
5041
5076
4996
5019
5004
5002
4902
4886
4860
4924
4852
4745
4849
4880
4806
4841
4787
4646
4723
4732
4699
4619
4644
4625
4758
4963
4742
4756
4637
4663
4680
4629
4577
4693
4761
4733
4670
4636
4671
4818
4708
4802
4951
4838
4856
4818
4991
5106
5279
5209
5200
5199
5078
5035
5192
5048
4962
5089
4978
5025
4989
5150
5032
5021
4861
4626
4618
4383
4307
4128
4164
4100
4154
4283
4268
4388
4532
4462
4471
4482
4456
4471
4586
4522
4441
4523
4698
4630
4583
4703
4635
4468
4574
4616
4557
4510
4308
4390
4559
4429
4625
4613
4541
4593
4291
4245
4365
4334
4353
4465
4390
4377
4423
4410
4519
4420
4542
4826
4861
4979
4979
5052
5014
5055
4995
4995
5077
5042
5072
5110
5188
5136
5070
4944
4819
4691
4630
4668
4588
4620
4607
4488
4443
4480
4562
4459
4461
4398
4463
4263
4206
4386
4367
4463
4644
4585
4580
4528
4567
4507
4584
4634
4648
4502
4443
4421
4484
4513
4453
4342
4396
4358
4103
4066
4155
4239
4111
4237
4398
4526
4346
4470
4603
4514
4625
4732
4802
4784
4799
4731
4712
4746
4759
4769
4855
4799
4811
4851
4844
4838
5002
5019
5044
5129
5130
5069
5040
4983
4976
4907
4708
4773
4705
4589
4589
4635
4555
4529
4483
4477
4544
4677
4466
4428
4504
4720
4752
4766
4790
4748
4874
4968
4977
4875
4968
4959
4891
4868
4979
5041
5063
5179
5124
5079
4994
5005
4966
4895
4696
4750
4758
4745
4719
4648
4572
4682
4646
4623
4645
4679
4815
4851
4977
5041
5028
4791
4828
4859
4778
4665
4596
4529
4531
4586
4515
4422
4469
4485
4475
4499
4531
4517
4559
4736
4761
4772
4586
4677
4768
4821
4659
4751
4712
4667
4818
4599
4715
4736
4772
4874
4746
4804
4823
4621
4634
4570
4501
4595
4697
4671
4722
4752
4829
4667
4639
4696
4671
4762
4679
4608
4502
4320
4216
4182
4194
4218
4221
4380
4410
4455
4349
4254
4228
4218
4074
4110
4261
4210
4075
3998
4020
3879
3851
4003
3950
4069
3899
3851
3728
3915
3935
3884
3813
3865
3967
4033
4100
3957
3841
3756
3690
3570
3580
3518
3556
3444
3359
3481
3386
3283
3389
3388
3420
3478
3463
3478
3307
3285
3343
3400
3325
3365
3442
3434
3436
3610
3523
3648
3668
3616
3587
3489
3499
3367
3486
3500
3473
3514
3396
3481
3540
3385
3316
3425
3504
3447
3359
3284
3340
3440
3327
3318
3222
3312
3420
3245
3303
3271
3256
3353
3350
3368
3266
3441
3448
3465
3306
3235
3197
3251
3336
3458
3447
3597
3589
3642
3678
3649
3614
3670
3680
3588
3572
3550
3608
3686
3685
3583
3494
3555
3623
3761
3806
3759
3673
3493
3514
3452
3333
3419
3534
3584
3708
3877
3763
3947
3861
3868
3840
3888
3858
3861
3778
3910
3922
3947
4058
4088
4057
4097
4138
4257
4334
4378
4428
4372
4446
4395
4559
4524
4442
4524
4401
4338
4284
4320
4439
4391
4391
4336
4030
4091
4069
3850
3852
3811
3699
3700
3827
3779
3804
3659
3680
3592
3628
3569
3488
3462
3345
3392
3484
3396
3523
3542
3609
3709
3699
3880
3815
3652
3674
3648
3687
3629
3740
3842
3843
3807
3926
4049
4044
4134
3912
3931
4045
4083
4026
3962
4023
4059
4140
4096
4179
4204
4224
4288
4310
4234
4215
4121
4103
4050
4101
4164
4255
4302
4438
4501
4638
4730
4646
4700
4695
4687
4705
4875
4824
5075
5196
5290
5191
5288
5325
5198
5307
5326
5453
5409
5262
5490
5295
5424
5345
5339
5291
5232
4976
5083
4949
5020
5321
5278
5412
5469
5516
5483
5524
5417
5417
5445
5341
5185
5201
5437
5498
5423
5598
5555
5432
5689
5916
6049
6112
6143
6029
5876
5875
5986
5933
5744
5724
5708
5748
5733
5728
5780
5806
5630
5510
5549
5587
5600
5500
5573
5466
5555
5507
5387
5388
5335
5374
5336
5522
5448
5483
5625
5481
5582
5781
5682
5765
5643
5909
5650
5718
5726
5584
5531
5653
5807
5787
5849
5982
5837
5797
5670
5736
5630
5563
5563
5465
5409
5261
5423
5308
5491
5301
5523
5578
5545
5802
5677
5890
5924
5877
5869
5836
5892
6063
5787
5768
6035
6118
6134
6035
5943
5976
5933
5914
5936
6104
6256
6286
6384
6275
6238
6319
6396
6216
6059
6125
6160
6066
5907
5859
5938
5715
5586
5589
5504
5500
5635
5536
5496
5431
5392
5368
5485
5579
5396
5445
5399
5345
5249
5422
5341
5568
5586
5637
5709
5580
5302
5386
5392
5423
5399
5251
5275
5324
5362
5384
5408
5431
5254
5378
5350
5506
5375
5474
5525
5524
5631
5592
5682
5613
5675
5434
5302
5258
5241
5448
5480
5678
5630
5863
5856
5517
5697
5508
5461
5486
5401
5473
5382
5427
5445
5497
5226
5285
5480
5135
5143
5315
5357
5362
5229
5328
5130
5043
4983
5190
5252
5382
5239
5317
5162
5196
5266
5267
5376
5538
5789
5846
5876
5893
5896
6028
5841
5876
5896
5886
5866
5948
6040
6014
5909
6007
6023
5946
6014
5833
5927
5832
5722
5760
5740
5740
5613
5649
5733
5670
5659
5794
5666
5654
5656
5566
5568
5520
5488
5469
5321
5435
5424
5318
5361
5334
5448
5560
5570
5644
5633
5579
5524
5547
5619
5510
5481
5725
5687
5868
5834
5764
5648
5619
5401
5350
5258
5252
5112
5085
5373
5434
5365
5435
5293
5250
5229
5220
5187
5271
5163
5107
5096
5093
5349
5373
5495
5660
5532
5544
5540
5557
5670
5905
5918
5892
5973
6142
6033
5908
5697
5634
5669
5632
5650
5580
5440
5404
5542
5521
5450
5571
5563
5491
5507
5473
5591
5719
5668
5628
5610
5699
5711
5432
5584
5641
5615
5583
5484
5505
5444
5560
5673
5569
5560
5453
5445
5293
5337
5430
5430
5633
5586
5580
5683
5611
5571
5410
5496
5436
5432
5415
5406
5509
5487
5311
5552
5451
5659
5671
5587
5656
5655
5606
5499
5526
5507
5500
5734
5582
5580
5801
5613
5632
5745
5931
5817
5949
5828
5687
5658
5705
5796
5901
5872
5952
5967
5827
5891
5831
5852
5806
5702
5656
5580
5569
5438
5354
5376
5498
5434
5296
5314
5317
5316
5253
5397
5397
5399
5321
5209
5209
5184
5246
5356
5383
5245
5381
5390
5407
5542
5493
5467
5468
5421
5291
5114
5049
5110
5053
5203
5188
5266
5389
5290
5234
5209
5236
5254
5173
5219
5220
5187
5273
5192
5205
5362
5327
5422
5414
5470
5408
5307
5378
5242
5382
5319
5259
5460
5425
5465
5509
5405
5447
5418
5395
5367
5435
5517
5414
5397
5503
5326
5481
5475
5649
5630
5602
5475
5382
5504
5493
5414
5369
5272
5389
5351
5335
5320
5319
5421
5334
5132
5216
5310
5332
5425
5538
5695
5817
5802
5759
5702
5759
5953
5865
5850
5844
5784
5829
5888
5811
5905
5931
6120
6044
6032
5872
5804
5707
5823
5718
5707
5709
5599
5528
5414
5558
5377
5377
5236
5409
5293
5279
5278
5185
5167
5391
5426
5580
5678
5786
5838
5799
5794
5743
5845
5805
5867
5786
5866
5947
5884
5981
6027
5977
6109
6128
6259
6065
5944
5971
5872
5930
6106
5992
5941
5928
5854
5746
5942
5953
6103
5988
6042
5965
5945
5840
5753
5645
5692
5761
5809
5701
5455
5456
5590
5697
5815
5842
5895
5751
5785
5861
5777
5917
5972
6089
6082
6092
6251
6068
5975
5970
5848
5670
5629
5563
5616
5575
5477
5484
5590
5595
5621
5774
6086
6026
6126
6105
6125
5960
6158
6086
6055
6266
6219
6426
6374
6423
6289
6391
6369
6352
6328
6353
6231
6357
6338
6190
6247
6252
6217
6142
6280
6200
6421
6439
6445
6372
6239
6412
6598
6326
6273
6274
6288
6157
6168
6219
6194
6234
6007
6031
5965
5874
5571
5706
5809
5766
5716
5724
5778
5733
5747
5640
5911
5857
5693
5677
5645
5653
5538
5572
5605
5566
5587
5639
5615
5606
5646
5556
5560
5614
5629
5571
5556
5543
5683
5628
5522
5587
5723
5906
5831
6153
6194
6294
6405
6605
6547
6640
6576
6589
6601
6415
6592
6603
6523
6515
6760
6774
6726
6702
6670
6600
6587
6579
6549
6713
6641
6566
6404
6260
6084
6134
6151
6178
6172
6230
6145
6079
6049
5860
5972
5869
5870
5770
5741
5671
5683
5728
5692
5674
5619
5570
5676
5777
5825
6095
6108
6159
6431
6597
6409
6378
6357
6343
6132
6025
5878
5835
5807
5711
5718
5508
5436
5305
5188
5111
5002
5029
5091
5066
5039
5089
5034
5032
5038
4948
4793
4861
4928
4839
4767
4954
4919
4866
4970
5016
5003
5090
5361
5482
5381
5504
5523
5548
5591
5461
5333
5434
5454
5609
5730
5830
5829
5874
5906
5697
5580
5769
5687
5644
5591
5557
5434
5410
5353
5403
5497
5304
5268
5384
5454
5482
5713
5671
5661
5681
5793
5651
5807
5782
5635
5549
5464
5487
5433
5327
5316
5349
5542
5598
5475
5406
5507
5572
5696
5570
5606
5697
5692
5633
5558
5668
5687
5762
5688
5715
5675
5531
5467
5470
5386
5106
4973
4966
4829
4692
4625
4615
4658
4627
4646
4730
4585
4665
4597
4570
4575
4382
4620
4625
4556
4515
4530
4527
4491
4397
4382
4328
4300
4357
4402
4264
4315
4339
4245
4251
4389
4417
4493
4516
4481
4513
4546
4621
4643
4744
4639
4736
4807
4916
4907
4981
5071
5073
5110
5236
5260
5255
4997
4946
5009
4992
4808
4683
4809
4903
4923
5055
4940
4959
4916
4802
5018
5058
5127
4974
4996
5099
5002
4931
4838
4822
4676
4847
4902
4908
4780
4517
4625
4644
4454
4216
4163
4208
4290
4240
4250
3994
3833
3802
3817
3793
3891
3972
4007
3972
4115
3884
3903
3879
3788
3787
3634
3728
3706
3688
3808
3780
4002
4129
4145
4191
4250
4289
4180
4342
4293
4272
4228
4226
4110
4060
4147
4085
4133
4040
4015
4158
4273
4287
4319
4260
4237
4304
4249
4136
4134
4119
4261
4269
4170
4114
3979
3995
4141
4325
4377
4302
4345
4544
4557
4671
4698
4647
4669
4874
4761
4960
5159
5352
5267
5462
5452
5406
5491
5463
5414
5373
5363
5228
5151
5277
5323
5460
5474
5407
5341
5118
5305
5462
5496
5427
5432
5344
5222
5129
5189
5144
5312
5299
5232
5229
5091
4993
5032
5001
4977
4860
4722
4803
4958
5193
5208
5103
5211
5289
5241
5320
5370
5305
5080
5116
4998
4919
4905
4938
4889
4852
4825
4977
4936
5002
4971
4798
4782
4732
4778
4734
4757
4758
4939
5075
5074
5057
5069
5262
5321
5368
5273
5262
5246
5441
5667
5777
5675
5647
5666
5595
5691
5567
5630
5527
5472
5577
5566
5616
5733
5823
5738
5792
5903
6025
6157
6222
6161
6108
6100
6030
6071
5996
6153
6158
6134
6019
6057
6036
6104
5990
6050
6118
6217
6300
6292
6346
6206
6342
6435
6313
6408
6268
6309
6316
6099
6128
6117
6153
6123
6060
5987
6288
6435
6461
6725
6814
6686
6587
6588
6447
6236
6322
6326
6578
6469
6441
6495
6444
6402
6479
6676
6591
6582
6670
6676
6697
6956
6836
6630
6622
6525
6546
6526
6239
6351
6269
6179
6291
6184
6215
6169
6358
6368
6287
6350
6439
6266
6250
6170
5904
5911
5827
5782
5804
5875
5896
5905
5807
5843
5796
5764
5715
5601
5544
5549
5581
5450
5440
5337
5422
5596
5417
5284
5311
5264
5228
5281
5296
5546
5546
5588
5609
5755
5719
5863
5829
5765
5834
5809
5940
6144
6232
6382
6462
6556
6420
6562
6457
6557
6676
6591
6664
6487
6293
6295
6040
6018
5900
5864
5900
6031
5871
5780
5735
5755
5691
5493
5480
5556
5580
5636
5868
6015
6010
5940
5778
5695
5740
5726
5582
5631
5763
5925
6023
5981
6069
6196
6178
6136
5999
6149
5912
6003
6024
5909
5778
5594
5564
5415
5477
5587
5608
5838
5880
5971
5986
6083
6107
6150
6287
6304
6385
6500
6516
6520
6418
6519
6379
6298
6281
6278
6283
6223
6289
6126
6258
6163
6115
6102
6087
6154
6293
6231
5971
6035
5936
5817
5853
5929
6180
6211
6296
6340
6252
6614
6369
6462
6471
6636
6568
6608
6619
6456
6445
6446
6286
6280
6351
6415
6431
6486
6442
6562
6816
6860
6878
6885
6987
6974
7184
7116
7191
7233
7171
7087
7083
6970
6891
6872
6734
6750
6740
6796
6668
6839
6780
6696
6637
6658
6578
6735
6630
6769
6966
6870
6864
6854
6786
6946
6900
6883
6905
6980
6960
6948
7052
7140
7052
6951
7091
7178
7383
7273
7447
7266
7191
7099
6949
6835
6675
6642
6510
6574
6621
6751
6733
6566
6477
6469
6623
6677
6639
6420
6266
6197
6122
5986
5952
6006
6077
6090
5920
5714
5880
5938
6052
6098
6154
6376
6648
6819
6822
6854
6681
6669
6690
6839
6746
6586
6404
6344
6233
6143
6055
6081
6109
6029
6141
6068
6174
6095
6192
6238
6194
6308
6280
6456
6422
6348
6498
6694
6777
6777
7077
6977
6715
6633
6790
6548
6338
6117
5987
5951
5923
5957
5973
5933
5890
5942
6116
5987
5742
5835
