1005000
267272
173559
129054
102584
84498
72142
62658
55547
49818
45133
41412
38236
34884
32557
30496
28550
26952
25287
23683
22604
21514
20280
19519
18701
18179
17432
16756
16342
15627
15152
14675
14127
13487
12891
12863
12404
12018
11754
11546
11191
10973
10553
10184
9986
9937
9754
9370
9036
8675
8531
8354
8259
8420
8173
7915
7943
7771
7590
7474
7391
7077
7134
7053
6932
6898
6977
6843
6752
6704
6846
6937
7020
6804
6587
6634
6675
6576
6467
6335
6264
6275
6168
6084
6168
6137
6036
6084
5864
5918
5789
5662
5563
5506
5474
5498
5616
5486
5571
5580
5452
5366
5296
5152
5090
5039
4930
4956
4853
4752
4761
4847
4687
4625
4498
4341
4220
4109
4012
4039
3950
3929
3960
3992
4126
4066
3988
3935
3931
3836
3659
3596
3718
3606
3580
3588
3470
3573
3604
3771
3656
3622
3471
3434
3189
3211
3123
3039
3062
3130
3172
3271
3355
3348
3289
3286
3424
3365
3400
3474
3365
3281
3169
3107
2943
2869
2928
3051
3041
3039
3154
2936
2871
2762
2692
2617
2636
2611
2652
2765
2662
2667
2694
2657
2709
2671
2712
2715
2723
2653
2491
2513
2488
2512
2617
2591
2537
2548
2539
2498
2552
2501
2507
2458
2517
2443
2457
2538
2453
2378
2452
2490
2488
2481
2610
2670
2611
2557
2619
2638
2598
2574
2605
2543
2496
2406
2370
2389
2324
2323
2382
2340
2484
2415
2431
2397
2459
2451
2514
2574
2490
2585
2533
2603
2527
2585
2527
2453
2349
2328
2302
2286
2280
2328
2296
2365
2382
2209
2205
2107
2134
2092
2144
2043
1974
2017
1934
1908
1894
1920
1863
1928
1915
1851
1878
1939
1923
1845
1947
1909
1818
1693
1686
1729
1626
1677
1623
1596
1605
1593
1569
1473
1443
1599
1665
1669
1629
1635
1629
1558
1530
1606
1594
1647
1577
1537
1566
1551
1602
1620
1789
1855
1821
1722
1650
1603
1615
1581
1626
1744
1674
1674
1560
1653
1633
1617
1666
1634
1642
1665
1665
1677
1685
1764
1709
1677
1677
1617
1646
1761
1815
1741
1768
1680
1659
1591
1684
1761
1806
1792
1812
1836
1868
1794
1719
1732
1764
1642
1676
1657
1761
1758
1827
1869
1902
1967
1991
2083
2005
2025
2025
1992
2046
2208
2115
2064
2017
1947
2054
2028
1971
2002
1975
1969
2001
2082
2196
2133
2212
2226
2143
2154
2058
2017
2049
1980
2133
2278
2367
2317
2308
2206
2219
2229
2238
2172
2227
2120
2151
2178
2160
2143
2073
2135
2148
2180
2172
2070
2042
2139
2184
2212
2171
2176
2292
2170
2098
2161
2184
2015
2050
2028
1974
2004
2135
2223
2281
2244
2238
2232
2280
2178
2139
2158
2208
2245
2206
2298
2250
2265
2237
2274
2302
2370
2371
2377
2308
2365
2400
2433
2529
2458
2522
2590
2614
2664
2645
2715
2633
2639
2710
2860
2794
2749
2847
2760
2648
2677
2634
2605
2703
2620
2749
2686
2724
2690
2763
2871
2874
2810
2874
2749
2810
2751
2618
2582
2713
2719
2676
2745
2679
2559
2468
2399
2497
2410
2461
2610
2596
2598
2469
2487
2374
2345
2352
2318
2317
2419
2575
2612
2571
2668
2548
2640
2643
2575
2509
2472
2397
2339
2377
2392
2294
2248
2073
1983
2086
2089
1974
1873
1865
2037
2053
2005
1995
2002
2038
2010
1945
2030
2082
2097
2013
2058
2128
2163
2226
2262
2364
2493
2562
2667
2625
2713
2711
2866
2985
2939
3135
3145
3174
3171
3177
3175
3166
3076
2958
2917
3001
3017
3144
3214
3216
3297
3246
3310
3490
3645
3718
3785
3829
3729
3797
3890
4004
4084
4134
3942
4151
4012
3956
4051
4180
4223
4145
4118
4115
4074
4259
4440
4491
4492
4361
4431
4392
4364
4477
4320
4259
4280
4121
4133
4178
4136
4051
3962
3905
3883
3852
3852
3977
3982
4099
4258
4252
4196
4079
4147
4239
4440
4349
4368
4430
4534
4564
4510
4660
4671
4461
4414
4466
4472
4437
4376
4551
4590
4577
4547
4438
4368
4367
4269
4377
4392
4407
4511
4416
4474
4518
4637
4759
4774
4792
4673
4660
4638
4491
4764
4850
4851
4934
4935
5162
5168
5176
5219
5198
5315
5414
5216
5419
5394
5403
5229
5159
5093
5065
5103
5006
5069
5042
5150
5238
5392
5478
5561
5462
5454
5298
5233
5318
5229
5047
5181
5196
5190
5104
5024
5062
4930
4968
4883
4909
4957
5029
4993
4937
4908
4962
4873
4729
4618
4549
4532
4657
4677
4624
4578
4504
4570
4431
4516
4515
4344
4354
4324
4239
4126
3994
3946
4034
4113
3983
3988
4012
4069
4121
4160
3983
3878
3927
4023
3931
3769
3754
3827
3949
4052
3984
4072
4097
4158
4186
4080
4140
3970
4021
3885
3990
4025
4158
4184
4227
4115
4127
4054
4031
4120
4180
4153
4305
4390
4424
4416
4303
4393
4488
4478
4351
4443
4491
4573
4681
4740
4682
4894
4800
4834
4789
4884
4868
4855
4829
4660
4739
4788
4823
4930
4836
4735
4724
4509
4581
4376
4400
4357
4385
4397
4361
4561
4550
4773
4658
4670
4742
4647
4506
4589
4598
4492
4444
4478
4593
4628
4468
4661
4571
4724
4668
4604
4494
4367
4390
4358
4389
4374
4365
4343
4538
4404
4415
4379
4616
4496
4459
4459
4466
4526
4683
4501
4469
4567
4659
4718
4584
4738
4846
4721
4581
4684
4595
4472
4423
4451
4490
4419
4353
4301
4511
4497
4608
4631
4632
4436
4392
4680
4550
4647
4682
4858
4926
4758
4894
4921
4866
4846
4885
4977
4865
4930
4910
4777
4806
4687
4693
4666
4630
4801
4879
4950
4890
4792
4942
4957
4910
4903
4857
4973
4757
4704
4584
4470
4572
4681
4615
4778
4827
4821
4912
4991
4930
5024
5086
5162
5070
5089
5185
5159
5179
5181
5218
5179
5195
5086
4993
5049
4892
5004
5038
5073
4992
5122
5278
5324
5527
5606
5533
5852
6139
6127
6076
5973
6061
6099
6210
6107
6294
6395
6121
6120
6214
6233
6399
6589
6573
6718
6526
6353
6299
6222
6174
6195
6261
6430
6359
6479
6283
6260
6288
6327
6077
6036
5894
5977
5924
6063
5863
5950
6020
6045
6152
6124
6207
6304
6200
6118
6317
6396
6464
6493
6332
6256
6348
6407
6165
6092
6112
6112
6062
6090
6086
6100
6083
6142
6189
6289
6247
6353
6376
6393
6270
6315
6348
6451
6386
6435
6526
6529
6758
6581
6715
6871
6684
6858
6778
6932
6918
6707
6699
6488
6372
6375
6342
6276
6165
6239
6182
6212
6091
6045
6244
6233
6268
6442
6466
6294
6232
6229
6373
6576
6797
6936
7049
7170
7132
7123
7235
7174
7322
7010
6970
6733
6882
7181
7104
6985
6985
7030
6817
6906
6859
6993
6931
7050
6776
6765
6545
6593
6433
6584
6737
6815
6943
6799
6833
6683
6730
6750
6646
6485
6639
6660
6794
6924
6918
7069
7224
7346
7582
7564
7567
7547
7731
7613
7816
7928
8067
8103
7974
7861
8048
8083
7991
7807
7695
7798
7677
7507
7251
6973
6865
6785
6683
6716
6745
6820
6867
6808
6727
6855
6948
7078
6985
6775
6803
6679
6536
6383
6514
6349
6294
6341
6320
6384
6682
6652
6615
6574
6598
6733
6827
6697
6606
6454
6439
6432
6363
6370
6361
6369
6290
6275
6198
6326
6345
6361
6438
6418
6270
6411
6462
6318
6458
6365
6318
6458
6466
6627
6533
6557
6325
6381
6562
6538
6501
6480
6305
6097
6006
5999
6012
6206
6309
6412
6233
6229
6137
6224
6348
6350
6174
6133
6074
6036
5918
6168
6381
6472
6505
6473
6482
6566
6421
6238
6284
6458
6270
6160
6221
6126
6335
6335
6333
6155
6067
5979
5752
5827
5696
5773
5758
5655
5662
5647
5648
5549
5544
5644
5717
5792
5920
5972
5879
5782
5786
5836
5895
6075
6356
6338
6407
6336
6342
6421
6406
6527
6440
6352
6552
6453
6622
6721
6588
6710
6781
6696
6666
6708
6679
6568
6606
6717
6685
6801
6883
6681
6829
6794
6703
6685
6512
6553
6590
6749
6745
6542
6375
6307
6352
6350
6407
6455
6515
6632
6455
6574
6582
6400
6294
6402
6453
6439
6448
6318
6207
6272
6459
6145
6269
6303
6282
6370
6379
6372
6368
6438
6323
6341
6488
6620
6611
6516
6334
6296
6444
6451
6295
6355
6427
6544
6568
6720
6520
6367
6390
6321
6325
6299
6341
6218
6224
6252
6447
6421
6340
6481
6475
6424
6505
6297
6496
6376
6328
6325
6146
6373
6305
6486
6606
6499
6319
6484
6536
6626
6671
6878
6877
6897
7055
7141
7045
7128
7214
7111
7287
7533
7582
7590
7416
7423
7333
7387
7327
7361
7459
7367
7342
7284
7003
6876
6843
6871
6677
6581
6651
6580
6696
6714
6540
6616
6749
6727
6644
6608
6395
6302
6459
6451
6285
6236
6181
6397
6391
6547
6329
6377
6494
6340
6293
6257
6247
6149
6111
5919
5682
5982
5827
5745
5879
5847
5795
5845
5891
5784
5551
5696
5534
5443
5448
5402
5296
5448
5452
5444
5531
5546
5520
5580
5654
5592
5592
5691
5789
5631
5636
5687
5849
5764
5808
5627
5690
5403
5348
5360
5400
5506
5457
5437
5321
5402
5461
5499
5476
5412
5511
5474
5508
5547
5430
5269
5336
5447
5425
5353
5263
5293
5211
5239
5294
5255
5212
5222
5249
5165
5131
4977
5198
5240
5313
5390
5287
5444
5452
5518
5614
5700
5631
5404
5351
5155
4974
5060
5042
5026
5083
5144
5091
5195
5141
5138
5057
5161
5231
5135
5057
4945
5161
5037
5069
5122
5290
5391
5436
5526
5312
5347
5280
5449
5556
5585
5635
5678
5732
5659
5767
5513
5362
5358
5313
5399
5483
5387
5351
5353
5527
5287
5248
5177
5157
5094
5046
5207
5170
5090
4904
4986
4837
4811
5038
5105
4990
4828
4815
4772
4762
4674
4688
4598
4743
4739
4749
4723
4719
4634
4806
4820
4770
4758
4744
4789
4687
4736
4666
4601
4659
4705
4847
4877
4828
4659
4621
4590
4740
4806
4749
4749
4696
4690
4705
4615
4582
4577
4391
4431
4480
4431
4464
4608
4673
4707
4822
4963
4893
4907
4865
4833
4966
4902
4796
4762
4867
4863
4826
4688
4811
4826
4988
4918
5066
5178
5301
5239
5118
5294
5113
5285
5178
5040
5051
5114
5083
4947
4863
4821
4858
4866
4749
4894
4994
4857
4762
4664
4716
4720
4657
4596
4552
4545
4525
4514
4421
4350
4346
4365
4250
4132
4208
4315
4285
4321
4144
4132
3945
3885
3947
3795
3720
3800
3838
3849
3828
3745
3796
3733
3920
3980
4014
3857
3810
3807
3933
3796
3694
3701
3873
3833
3909
3900
3914
3891
3911
4069
4112
4179
4197
4150
4172
4152
4198
4238
4214
4168
4261
4324
4262
4322
4191
4205
4274
4194
4239
4312
4321
4379
4374
4350
4312
4255
4356
4518
4521
4631
4493
4390
4306
4261
4182
4293
4261
4286
4413
4323
4299
4464
4431
4457
4575
4571
4519
4622
4569
4539
4534
4618
4568
4619
4547
4507
4450
4557
4653
4548
4608
4801
4736
4728
4683
4700
4914
5019
5048
5032
5184
5090
5278
5261
5163
5153
5111
4999
5011
4782
4750
4756
4680
4724
4695
4599
4518
4582
4651
4619
4468
4440
4250
4312
4282
4140
4154
4138
4267
4313
4369
4452
4442
4438
4471
4368
4418
4567
4586
4543
4721
4765
4662
4639
4619
4618
4581
4613
4765
4910
5095
5108
5192
5158
5259
5250
5196
5156
5195
5198
5381
5394
5361
5478
5767
5781
5858
5815
5908
5860
6030
5959
6136
6136
6104
5915
5961
6222
6093
6102
6104
6037
6065
5937
5730
5621
5586
5651
5760
5803
5673
5836
5963
5805
5564
5537
5501
5658
5642
5717
5854
5697
5734
5670
5706
5653
5457
5716
5664
5607
5316
5252
5432
5488
5425
5468
5747
5754
5857
5897
5927
5962
5801
5720
5867
6000
6075
6058
5970
5933
5923
5838
6033
6097
6034
5979
5844
5963
6007
5966
6089
6049
6082
6018
6224
6179
6169
6211
6208
6223
6164
6155
6024
6083
6219
6486
6551
6600
6850
6506
6715
6772
6943
7186
7191
6931
7032
6962
7010
7031
6977
7087
6957
7181
7030
7284
7348
7331
7220
6986
6832
6835
7057
7031
6914
6922
6934
7003
7209
7185
7152
7193
7077
6922
6883
6881
6977
6996
7148
7382
7378
7345
7463
7439
7563
7495
7267
7353
7356
7362
7437
7448
7447
7231
7228
7267
7333
7396
7470
7570
7545
7644
7785
7584
7765
7806
7767
7696
7784
7723
7847
7999
7884
7663
7630
7442
7629
7581
7417
7255
7106
7146
7152
7162
7043
7248
7167
7391
7505
7576
7643
7523
7613
7617
7722
7509
7570
7359
7484
7490
7441
7269
7262
7250
7042
6953
6934
7023
6950
7079
7071
6994
6903
6837
6762
6784
6706
6672
6512
6389
6556
6665
6371
6410
6508
6443
6763
6922
6799
7010
7017
6908
6900
6847
6788
6857
6997
7002
6819
6944
7011
6750
6732
6608
6412
6361
6226
6124
6150
6161
6316
6419
6364
6344
6260
6087
6223
6168
6065
6154
6207
6246
6182
6321
6383
6438
6372
6382
6240
6127
6182
6253
6164
6139
6282
6311
6296
6350
6353
6451
6588
6562
6557
6667
6581
6701
6596
6474
6421
6362
6229
6249
6219
6383
6387
6372
6326
6431
6249
6146
6209
6190
6134
6228
6265
6000
6141
6155
6183
6225
6251
6224
6176
6092
6195
6287
6214
6140
6265
6414
6509
6649
6548
6559
6511
6461
6581
6738
6581
6575
6597
6601
6728
6826
6961
6916
6867
6703
6835
6868
6854
6817
6947
6859
7049
7128
6913
6881
6857
6799
6696
6769
6556
6342
6334
6352
6216
6293
6274
6252
6458
6591
6684
6746
6744
6697
6579
6598
6601
6611
6421
6284
6286
6639
6638
6672
6644
6458
6368
6398
6590
6599
6731
6949
7040
6977
7005
6707
6665
6754
6720
6572
6744
6807
6765
6936
6897
6837
6776
6699
6737
6603
6727
6616
6505
6630
6735
6659
6616
6612
6530
6467
6450
6332
6261
6170
6088
6075
5949
5980
5947
5863
5775
5768
5781
5904
5780
5811
5726
5860
5893
5870
5962
5807
5898
5905
5918
5760
5804
5868
5912
6003
6120
5947
6119
6223
6162
6120
6052
6043
6269
6119
6026
5868
5758
5927
5800
5863
6040
6222
6093
6153
6097
5996
5908
5795
5850
5836
5844
6042
6019
6082
6017
5913
5982
5925
5913
5926
5845
5762
5788
5740
5603
5536
5712
5796
5735
5527
5663
5504
5454
5452
5455
5466
5478
5545
5446
5672
5761
5830
5880
5733
5836
5872
5831
5876
5859
5897
5678
5628
5572
5594
5769
5789
5864
5827
5893
5902
6062
6025
6379
5976
6020
5998
5988
6096
6105
6040
6084
6019
6138
6161
6134
6185
6230
6142
6073
5960
5933
5894
5637
5524
5507
5565
5672
5825
5812
5833
6041
5770
5666
5702
5556
5472
5543
5645
5810
5843
5933
5888
6001
5954
6033
5931
6012
6054
5941
5907
5937
5843
5745
5818
5724
5862
5992
6002
6013
6002
6096
5863
5902
5869
5847
5889
5762
6064
6063
5994
6006
6113
6182
6056
6076
6127
6039
6107
6211
6359
6430
6277
6285
6385
6447
6326
6308
6298
6421
6305
6470
6676
6724
6626
6609
6546
6676
6831
6805
6599
6667
6625
6595
6743
6626
6585
6749
6818
6820
6954
7091
7088
6974
6874
6949
6928
6858
6705
6829
6640
6681
6639
6675
6766
6559
6739
6671
6725
6608
6665
6607
6534
6408
6392
6411
6239
6173
6260
6259
6250
6202
6470
6430
6447
6354
6344
6454
6497
6483
6416
6411
6347
6395
6293
6441
6416
6359
6520
6326
6309
6210
6382
6202
6065
6077
6046
6130
6100
5977
6280
6231
6318
6294
6236
6156
6206
6243
6275
6093
6328
6435
6558
6770
6832
6889
6869
6812
6783
6951
6830
6528
6646
6526
6397
6483
6541
6471
6304
6403
6064
6097
6202
6347
6515
6515
6596
6728
6721
6709
6808
6675
6680
6724
6570
6543
6384
6236
6268
6340
6342
6371
6509
6334
6315
6227
6200
6223
6184
6112
6077
5984
6013
5955
6093
6195
6189
6283
6069
6023
6038
6081
6013
5972
6104
6176
6128
6079
6122
6094
6224
6198
6224
6305
6290
6444
6444
6492
6657
6654
6614
6578
6685
6477
6594
6648
6631
6574
6785
6646
6553
6495
6510
6542
6733
6649
6907
6860
6890
6876
6683
6615
6546
6588
6845
6947
6912
6930
7018
6883
6948
6944
6841
6853
6863
6843
7093
7107
7306
7344
7409
7341
7361
7174
6986
6899
7183
7385
7088
7050
7217
7192
7013
7080
6819
6743
6794
6778
6698
6621
6516
6410
6313
6096
5933
5789
5647
5653
5709
5812
5677
5648
5861
5782
5583
5804
5896
5795
5739
5778
5812
5652
5709
5660
5691
5699
5641
5615
5609
5711
5495
5466
5556
5554
5426
5404
5397
5320
5324
5579
5320
5396
5475
5490
5478
5474
5352
5332
5413
5571
5433
5445
5421
5439
5383
5404
5443
5274
5339
5370
5303
5437
5407
5381
5418
5329
5305
5306
5498
5713
5704
5648
5710
5723
5782
5521
5441
5331
5525
5636
5659
5538
5348
5597
5593
5595
5543
5842
5890
5992
5983
5902
5882
6043
6171
6069
6035
6040
6207
6338
6406
6232
6106
6153
6128
6277
6278
6307
6368
6393
6396
6303
6301
6225
6100
6211
6278
6507
6384
6315
6222
6100
6278
6268
6339
6319
6100
6086
6083
6237
6418
6349
6366
6390
6395
6602
6614
6670
6931
6987
6995
6937
7038
7013
7022
7023
6815
6792
6694
6612
6780
6571
6626
6832
6849
6825
6740
6569
6602
6742
6925
6897
6868
6875
6869
6670
6498
6770
6930
7142
6998
7002
6786
6916
6955
6937
6908
6858
6785
6842
6797
6817
6764
6933
6817
6730
6730
6937
7086
7055
7157
7089
6978
7056
7029
6904
6756
6781
6852
6669
6863
6683
6675
6679
6726
6639
6715
6726
6874
6799
6779
6758
6616
6512
6619
6840
6732
6608
6637
6828
6947
6996
7184
7165
7192
7239
7300
7222
7028
7067
7006
6940
6742
6603
6633
6729
6798
6628
6526
6615
6633
6729
6790
6740
6744
6803
6875
6862
6847
6733
6576
6565
6609
6595
6521
6540
6515
6359
6264
6332
6380
6330
6475
6154
6161
6022
6158
6149
6100
6304
6333
6583
6702
6513
6396
6485
6340
6474
6505
6625
6649
6453
6426
6410
6427
6538
6630
6601
6698
6834
7042
6871
6745
6775
6585
6605
6755
6724
6763
6776
6661
6535
6730
6664
6905
6995
7378
7343
7342
7207
7390
7256
7327
7276
7341
7547
7385
7416
7545
7622
7572
7524
7647
7497
7385
7309
7536
7596
7566
7510
7482
7505
7268
7342
7193
7138
7260
7087
7123
7072
7174
7237
7230
7431
7572
7484
7397
7189
7201
7094
7117
6996
6850
6930
7127
7115
7192
7171
7181
7261
7179
7131
6972
6791
6850
6768
6716
6566
6424
6326
6127
6318
6302
6244
6204
6198
6152
6231
6256
6289
6206
6101
6119
5895
5984
6161
6298
6482
6541
6605
6502
6620
6626
6392
6350
6196
6214
6128
5873
5868
5891
5830
5664
5609
5726
5763
5745
5759
5956
5889
5951
5974
5918
5992
6072
6035
6012
5914
5856
5849
5901
5878
6046
6032
6174
6331
6512
6647
6596
6560
6561
6580
6522
6494
6735
6893
6933
6915
6959
6870
6801
6728
6743
6570
6769
6785
6737
6669
6751
6979
7005
6773
6772
6789
6898
6894
6839
6804
6821
6816
6927
6710
6866
6967
6997
7131
7080
7149
7048
7161
6910
6913
7027
7129
7113
7132
7123
6839
6751
6614
6506
6534
6534
6525
6440
6347
6319
6138
6115
6060
5881
5806
5733
5761
5735
5711
5715
5716
5786
5761
5907
6074
5996
6029
6110
6135
6163
6421
6430
6464
6419
6617
6431
6395
6216
6233
6249
6120
6009
6055
6102
6204
6329
6379
6332
6340
6610
6740
6734
6925
6893
6827
6531
6526
6594
6559
6578
6612
6469
6461
6322
6277
6307
6293
6381
6342
6358
6504
6650
6635
6709
6638
6571
6644
6841
7186
7380
7357
7413
7489
7547
7622
7458
7478
7498
7453
7509
7572
7513
7503
7540
7632
7651
7540
7494
7495
7433
7308
7249
7307
7454
7152
7179
7402
7276
7202
7126
7488
7474
7393
7329
7127
7232
7027
7104
7040
6884
6984
7240
7129
7342
7413
7264
7355
7441
7292
7482
7402
7217
7319
7285
7212
7159
7150
7412
7369
7283
7269
7241
7369
7537
7641
7456
7297
7236
7387
7352
7524
7354
7361
7341
7407
7435
7390
7235
7049
6951
7177
6974
6935
7008
7023
7140
7324
7308
7280
7290
7098
7271
7123
7035
7039
7123
7141
6982
6920
7064
7041
6767
6812
6768
6730
6764
6734
6869
6745
6658
6801
6871
6829
6747
6669
6870
6918
6793
6637
6616
6577
6388
6424
6329
6264
6374
6239
6169
6359
6285
6392
6474
6421
6491
6531
6528
6462
6500
6450
6533
6509
6440
6388
6167
6330
6212
6112
6159
6163
5989
5858
6192
6223
6200
6030
5915
5948
6174
6211
6169
6294
6256
6344
6233
6255
6223
6176
6253
6195
6079
6154
6215
6438
6429
6476
6571
6568
6447
6403
6489
6572
6525
6545
6436
6382
6563
6587
6421
6396
6571
6484
6294
6312
6304
6286
6339
6429
6457
6503
6415
6463
6402
6469
6427
6477
6593
6778
6797
6797
6806
6932
7063
6992
6751
6521
6491
6442
6277
6325
6182
6105
6000
5885
5933
5871
5961
6050
5923
5882
5926
5925
5971
6014
6142
6082
6162
6324
6263
6440
6337
6255
6302
6257
6252
6263
6372
6557
6622
6726
6746
6624
6492
6502
6515
6418
6315
6364
6430
6490
6400
6344
6440
6446
6394
6484
6417
6416
6364
6433
6349
6381
6385
6338
6332
6461
6340
6478
6531
6639
6714
6567
6719
6560
6511
6595
6516
6410
6481
6586
6370
6257
6174
6078
6207
6117
6131
6246
6235
6192
6166
6171
6143
5919
5885
5813
5720
5645
5717
5615
5676
5630
5696
5501
5767
5768
5551
5250
5222
5281
5286
5267
5261
5139
5122
5175
5132
5104
4962
4796
4920
4857
4773
4801
4812
4905
4809
4946
5026
5051
5122
5183
5194
5165
5064
5067
5079
4976
5143
5311
5411
5612
5413
5396
5541
5445
5451
5414
5482
5533
5483
5413
5260
5422
5497
5444
5452
5432
5407
5429
5541
5621
5635
5408
5581
5466
5643
5629
5704
5717
5700
5751
5886
6109
6180
6120
6157
6384
6423
6295
6228
6264
6150
6196
6261
6358
6430
6149
6180
6263
6314
6250
6320
6593
6616
6480
6573
6583
6599
6497
6677
6764
6771
6715
6732
6749
6816
6778
6777
6946
6812
6795
6827
6825
6859
6759
6736
6606
6335
6457
6476
6479
6501
6409
6488
6550
6669
6487
6255
6383
6658
6672
6666
6543
6607
6641
6617
6430
6235
6204
6135
6230
6271
6244
6192
6346
6389
6608
6400
6639
6638
6571
6284
6301
6351
6374
6224
6191
6149
6138
6022
5923
5912
6050
6084
5993
6157
6243
6515
6488
6493
6459
6222
6272
6228
6203
6337
6385
6341
6519
6743
6950
7109
7165
7027
7099
7025
6973
7072
7159
7191
7082
7336
7283
7253
7329
7312
7273
7307
7161
7041
6848
6818
7109
6979
6971
6897
6965
6789
6917
6835
6759
6762
6720
6798
6834
6917
6993
7082
7108
7025
6962
7077
7105
7005
6943
6985
6879
6961
6901
7021
6820
6760
6845
6836
6647
6692
6810
6972
7073
7033
6871
7025
6997
6958
6737
6756
6749
6860
6797
6896
6803
6916
6790
6796
6671
6918
7086
7137
7115
7026
6987
7003
7144
7096
7066
6881
6589
6608
6730
6627
6724
6860
6857
6946
6907
6947
6990
6927
6878
6785
6761
6766
6892
6856
6880
6858
6899
7095
7141
7098
7073
6963
6952
6776
6915
6922
6851
6972
6715
6640
6552
6373
6395
6577
6484
6395
6233
6328
6349
6323
6298
6350
6411
6339
6328
6252
6157
6146
6195
6368
6623
6478
6301
6035
6155
6007
6068
6048
6110
6223
6196
6380
6415
6459
6353
6226
6291
6405
6343
6313
6186
6253
6028
6020
6099
6011
5967
5866
6015
6041
6127
6261
6324
6265
6271
6128
6047
6028
6150
5933
5974
6002
6012
6028
6168
6168
5935
5966
5925
5994
6104
5946
6057
6049
6195
6022
5881
6044
6162
6226
6190
6255
6403
6565
6672
6522
6600
6676
6354
6196
6163
6258
6076
6207
6317
6068
5955
6007
5838
5978
6032
6008
6085
5993
6085
6338
6393
6427
6572
6555
6405
6390
6340
6471
6613
6702
6627
6728
6549
6414
6337
6320
6212
6192
6193
6075
6053
6022
6156
6415
6399
6413
6364
6504
6488
6484
6284
6120
6055
6154
6284
6231
6166
6105
6158
5999
6064
6030
6068
5974
5976
5918
5897
5662
5507
5439
5731
5778
5792
5719
5650
5573
5723
5800
5887
5925
5630
5588
5729
5682
5639
5640
5705
5731
5779
5593
5734
5566
5801
5780
5859
5928
5810
5805
5913
6069
6156
5923
5902
5959
5802
5865
5977
5901
5780
5722
5736
5847
6004
5719
5702
5351
5322
5442
5589
5590
5548
5464
5531
5559
5531
5610
5444
5464
5466
5479
5332
5190
5232
5227
5276
5298
5404
5507
5399
5225
5197
5135
5122
5105
5170
5097
5181
5120
5194
5096
5074
4886
5026
5091
5101
5173
5290
5396
5331
5318
5248
5158
5319
5347
5438
5505
5450
5417
5426
5433
5324
5189
5271
5157
5060
5009
5159
5116
5121
5187
4948
5113
5236
5205
5203
5297
5277
5096
5160
5271
5266
5198
5295
5267
5188
5071
5147
5085
5281
5363
5237
5187
5256
5241
5168
5288
5200
5261
5136
4994
4891
4986
5087
5148
5226
5358
5230
5529
5541
5539
5506
5562
5535
5446
5590
5795
5831
5984
5940
6043
6016
6107
6090
6117
5947
5817
5744
5624
5529
5517
5567
5614
5696
5556
5466
5390
5452
5435
5541
5635
5599
5562
5783
5759
5489
5560
5599
5430
5297
5338
5283
5254
5239
5226
5278
5428
5343
5409
5366
5238
5416
5386
5330
5423
5451
5523
5403
5623
5597
5525
5452
5650
5471
5264
5264
5111
4951
4780
4742
4612
4570
4600
4787
4782
4919
4828
4797
4825
4829
4904
5015
5054
5118
5032
4928
4874
4757
4723
4700
4766
4808
4765
4759
4736
4798
4779
4777
4867
4797
4799
4762
4811
4894
5060
5201
5140
5189
5138
5082
5199
5172
5121
5148
5206
5341
5428
5268
5141
5121
5125
5141
5060
5010
5030
4896
4894
4820
4919
4878
5114
5045
5027
5181
5227
5158
5178
5189
5188
5117
5085
5013
5017
5055
5117
4993
5103
4958
5151
5203
5232
5250
5383
5384
5190
5421
5460
5440
5480
5398
5299
5295
5284
5254
5246
4998
5107
5069
5160
4788
4898
4979
4802
4848
4795
4755
4730
4737
4700
4756
4848
4904
5037
4998
4903
4907
5076
5165
5284
5401
5391
5511
5621
5648
5673
5738
5678
5642
5535
5409
5448
5407
5407
5596
5640
5608
5569
5468
5366
5351
5406
5385
5441
5396
5262
5283
5244
5209
5265
5244
5278
5322
5477
5302
5345
5266
5226
5208
5324
5109
5143
5074
5180
5184
5173
5333
5343
5431
5177
5114
5070
5151
5313
5316
5301
5091
5239
5248
5169
5213
5261
5178
5163
5130
5139
5137
5264
5187
5315
5182
5146
5164
4961
5003
5049
4970
4884
4926
5077
5178
5281
5239
5244
5163
5042
4958
5026
4958
4824
4911
4911
4926
5163
5317
5354
5151
5309
5570
5439
5442
5251
5190
5107
5167
5143
5222
5379
5330
5298
5451
5380
5262
5190
5229
4992
5015
5079
5100
4910
4812
4902
4922
5124
5146
5281
5349
5391
5481
5530
5503
5456
5428
5318
5487
5718
5725
5758
5756
5942
5976
5929
5992
5884
5939
6068
5785
5817
5824
5878
5952
6008
5979
5943
5844
5831
5806
5862
5631
5454
5482
5576
5556
5580
5739
5730
5886
5888
5885
5665
5593
5606
5665
5275
5297
5365
5261
5224
5326
5422
5470
5499
5295
5291
5252
5204
5113
5213
5164
5332
5411
5346
5356
5450
5249
5023
5189
5368
5418
5566
5582
5492
5485
5217
5252
5339
5322
5293
5355
5358
5510
5474
5499
5541
5463
5584
5478
5434
5413
5596
5541
5650
5622
5617
5673
5607
5926
5928
5849
5902
5805
5718
5846
5866
5870
5882
6074
6032
6075
6263
6358
6423
6597
6543
6643
6679
6544
6654
6618
6776
6563
6529
6300
6413
6487
6587
6649
6586
6527
6461
6342
6304
6321
6406
6387
6318
6197
6079
6211
6076
6071
6228
6228
6219
6226
6240
6451
6808
6681
6718
6768
6948
7023
7245
7078
6960
7047
7055
6929
6916
6871
7055
6941
6901
7023
7186
7034
7125
7041
7126
6872
6710
6815
6725
6353
6437
6427
6581
6572
6697
6498
6539
6734
6620
6626
6659
6816
6919
6996
6822
6754
6655
6776
6745
6747
6649
6539
6729
6651
6514
6496
6501
6615
6708
6666
6640
6621
6645
6742
6706
6895
7185
7135
7027
7168
6963
6755
6810
6923
7051
6995
7105
7097
7017
6679
6767
7022
7084
7301
7121
7207
7260
7304
7399
7338
7371
7566
7429
7424
7533
7689
7494
7358
7376
7493
7356
7241
7184
7111
6998
7100
7024
6827
6801
6809
6677
6638
6723
6617
6569
6652
6585
6578
6642
6632
6818
6980
6816
6896
6794
6940
6992
7025
7046
7007
7204
7275
7377
7481
7372
7366
7343
7389
7369
7394
7206
7217
7336
7150
7351
7248
7193
7246
7179
7191
6980
6885
6914
6882
6891
6963
6917
6987
7206
6987
7000
7126
7147
7144
7125
7054
7082
7075
7038
7028
7018
7004
7082
7292
7360
7548
7454
7342
7429
7317
7344
7141
7135
7243
7239
7327
7161
7088
7169
7106
6810
6733
6732
6521
6330
6330
6270
6350
6470
6536
6536
6569
6521
6532
6695
6554
6524
6511
6514
6423
6407
6447
6419
6326
6488
6383
6394
6265
6476
6597
6401
6360
6325
6387
6193
6309
6385
6480
6436
6742
6814
6724
6638
6566
6344
6453
6395
6355
6374
6326
6447
6367
6408
6407
6577
6647
6678
6644
6408
6301
6453
6472
6449
6238
6323
6449
6522
6665
6399
6284
6322
6478
6463
6329
6374
6457
6529
6563
6488
6536
6553
6518
6515
6319
6192
6127
6197
6297
6250
6118
5961
5872
5905
5840
5788
5872
5935
6011
6107
6245
6222
6226
6146
6112
6147
6182
6155
6216
6194
6318
6258
6435
6420
6531
6523
6542
6468
6554
6750
6725
6544
6341
6270
6369
6426
6450
6513
6406
6547
6593
6515
6679
6858
6757
6589
6540
6714
6722
6934
7209
7274
7100
7004
7049
7089
6964
6997
6624
6636
6618
6692
6818
6894
7199
7119
7219
7142
7316
7197
7263
7247
7326
7105
7066
6856
7096
