1005000
268159
175459
130747
103871
85778
73095
63714
55991
50859
45723
41852
37909
35332
32680
29914
27993
26664
25230
24108
23372
22047
21109
20386
19476
18853
18035
17535
16991
16427
15795
15291
14934
14445
13776
13643
13347
13029
12574
12330
12240
11744
11722
11543
11237
10916
10620
10540
10279
9878
9696
9384
9132
8885
8613
8634
8816
8450
8350
8541
8350
8258
8397
8168
7862
7719
7477
7324
7052
7131
6765
6811
6760
6524
6410
6147
6202
5975
5823
5549
5303
4996
5022
4999
4729
4760
4648
4472
4411
4415
4425
4430
4374
4402
4462
4336
4248
4287
4319
4169
4173
4168
4145
4100
4108
4087
4100
4047
3943
3910
3946
3915
4051
4001
3842
3785
3817
3814
3681
3671
3630
3661
3762
3797
3779
3782
3721
3656
3673
3652
3499
3514
3477
3585
3610
3704
3697
3713
3717
3820
3773
3623
3649
3552
3639
3618
3652
3552
3640
3714
3743
3765
3679
3670
3651
3752
3670
3783
3607
3637
3574
3682
3788
3861
3706
3587
3577
3620
3689
3763
3745
3639
3599
3517
3481
3560
3525
3517
3371
3349
3201
3242
3114
3070
3041
3040
2988
2889
2758
2757
2718
2696
2752
2793
2832
2827
2878
2899
2720
2768
2844
2823
2907
2790
2699
2686
2597
2688
2740
2771
2765
2717
2634
2643
2553
2559
2547
2562
2619
2602
2539
2580
2476
2553
2550
2561
2473
2470
2364
2259
2314
2319
2311
2424
2439
2406
2371
2301
2272
2139
2155
2158
2196
2297
2355
2343
2383
2371
2422
2440
2401
2341
2290
2322
2349
2418
2275
2295
2298
2177
2053
2161
2281
2241
2284
2307
2326
2301
2312
2421
2365
2370
2517
2512
2466
2444
2502
2492
2472
2481
2555
2521
2556
2468
2514
2497
2483
2467
2520
2581
2531
2566
2509
2376
2324
2304
2221
2361
2377
2428
2526
2460
2536
2447
2522
2506
2454
2395
2352
2225
2305
2331
2301
2227
2076
2046
2004
2083
2150
2160
2080
2112
2269
2211
2115
2272
2155
2083
2154
2112
2119
2014
2080
1953
1978
2055
1979
1982
2028
1951
1946
1878
1839
1866
1927
1866
1878
1848
1895
1980
2105
2143
2046
2091
2112
2125
2056
2080
2051
2011
1999
1936
1972
2034
1958
1927
1821
1836
1752
1707
1689
1822
1939
1860
1813
1846
1900
1947
2055
2064
2169
2193
2176
2121
2268
2301
2332
2457
2329
2389
2337
2317
2334
2313
2293
2365
2311
2365
2355
2406
2357
2350
2349
2371
2513
2627
2690
2764
2789
2814
2860
2806
2830
2778
2808
2809
2725
2717
2746
2736
2744
2728
2739
2888
2973
3011
2795
2839
2806
2949
3043
3036
3101
2987
2902
2921
2842
2920
2856
2944
2863
2963
2994
2945
2818
2806
2726
2775
2856
2819
2845
2964
2973
2964
2785
2792
2847
2977
2861
2880
2948
3046
3057
3068
3228
3149
3217
3255
3373
3380
3394
3352
3366
3304
3276
3153
3170
3093
2957
2908
2957
3003
2955
2885
2831
2817
2796
2894
2910
2854
2935
3010
2931
2966
2730
2813
2789
2844
2797
2769
2845
2886
2930
2884
2845
2811
2874
2949
2971
2848
2957
3003
3006
2953
3031
3140
3196
3258
3199
3264
3205
3169
3166
3121
3095
3209
3183
3180
3125
3235
3294
3478
3455
3401
3447
3597
3598
3602
3457
3533
3376
3431
3419
3214
3198
3288
3301
3303
3245
3220
3262
3279
3186
3118
3124
3182
3230
3240
3341
3429
3440
3671
3559
3585
3513
3704
3737
3660
3788
3862
3894
3830
3924
3877
3876
3826
3738
3717
3669
3824
3672
3712
3559
3541
3588
3624
3732
3681
3800
3765
3639
3612
3505
3450
3518
3462
3466
3359
3292
3407
3425
3416
3468
3501
3594
3552
3661
3701
3662
3775
3705
3783
3853
3913
3936
3914
3951
4010
3940
3928
3771
3754
3756
3586
3692
3595
3627
3513
3527
3621
3686
3719
3669
3702
3583
3573
3624
3673
3699
3729
3842
3788
3746
3557
3658
3789
3919
3862
3942
3950
4093
4158
4091
3930
4121
3998
3998
3931
4026
3971
3917
3822
3942
3956
4036
4104
4092
4111
4129
4003
4040
4192
4201
4179
4039
4210
4369
4401
4384
4302
4196
4347
4453
4400
4317
4240
4308
4217
4140
4153
4303
4353
4410
4546
4526
4531
4627
4520
4587
4682
4553
4648
4536
4488
4337
4327
4321
4277
4274
4264
4314
4286
4302
4212
4171
4163
4221
4293
4199
4170
4147
4220
4105
4348
4274
4173
4373
4286
4263
4216
4231
4234
4286
4501
4527
4582
4525
4540
4499
4520
4535
4544
4565
4723
4828
4755
4726
4766
4790
4767
4807
4964
5010
5088
5096
5162
5011
5072
5051
5022
5146
5157
4952
5020
5131
5139
5163
5129
4968
4913
4988
4886
4740
4832
5001
4871
4990
5250
5292
5067
5099
5164
5183
5202
5256
5280
5459
5454
5486
5553
5586
5744
5815
5855
5926
5826
5815
5862
6048
6002
5980
6074
6110
6126
5982
5883
5744
5707
5706
5688
5594
5726
5773
5668
5655
5673
5417
5456
5346
5311
5417
5641
5611
5712
5683
5601
5585
5506
5605
5712
5838
5844
6109
6116
6144
6100
6263
6492
6680
6472
6516
6490
6458
6299
6376
6196
6226
6391
6433
6185
6166
6242
6274
6329
6350
6494
6649
6503
6523
6505
6382
6437
6486
6531
6640
6672
6667
6607
6388
6484
6405
6423
6535
6637
6638
6544
6569
6650
6422
6374
6346
6368
6276
6189
6251
6318
6298
6291
6317
6183
6216
6174
6220
6217
6259
6391
6545
6550
6623
6620
6570
6504
6266
6212
6283
6435
6471
6379
6313
6354
6452
6617
6415
6517
6674
6652
6731
6642
6662
6715
6776
6802
6978
6848
6788
6882
6991
6963
6878
6677
6574
6580
6625
6438
6636
6671
6770
7013
7126
6969
7009
7026
7016
7124
6861
6988
7107
7137
7218
7099
7086
6969
6900
6731
6755
6666
6640
6623
6541
6658
6300
6094
6311
6455
6393
6331
6363
6398
6407
6502
6663
6550
6502
6140
6065
5927
6002
6097
5872
5788
5824
5786
5839
5761
5575
5438
5387
5573
5633
5876
5785
5552
5600
5494
5699
5521
5286
5250
5219
5421
5622
5512
5450
5377
5503
5577
5570
5390
5580
5682
5556
5533
5421
5400
5346
5330
5307
5352
5295
5524
5715
5622
5514
5538
5265
5093
4977
4885
4784
4803
4784
4670
4717
4679
4646
4764
4869
4821
4768
4693
4592
4565
4595
4803
4812
4972
4896
4948
4850
4910
4703
4700
4668
4625
4818
5012
4978
5055
5170
5098
5218
5229
5266
5458
5525
5574
5664
5824
5936
5886
6026
5948
5958
5961
6073
6136
6201
6236
6271
6172
6186
6189
6256
6320
6370
6437
6314
6266
6125
6053
5941
6049
6120
6045
6066
5973
5938
5820
6117
6168
6028
5831
5832
5883
6062
6054
6230
5996
5988
5855
5852
5831
5972
5909
5746
5571
5609
5567
5391
5499
5633
5754
5831
5890
5661
5696
5630
5426
5471
5579
5583
5469
5395
5342
5214
5114
5011
5060
5108
4928
4939
4778
4932
4988
5139
5209
5076
5010
5063
4956
4963
4843
4894
4850
4730
4641
4677
4839
4972
4794
4623
4700
4628
4559
4749
4819
4712
4853
4794
4879
5001
4904
4942
4971
4851
4870
4712
4761
4710
4732
4746
4857
4950
4868
4994
4976
5129
5175
5199
5088
5155
5200
5280
5306
5354
5347
5389
5378
5400
5417
5257
5098
5149
5307
5407
5455
5553
5491
5518
5576
5665
5741
5730
5713
5646
5718
5677
5646
5660
5576
5481
5568
5661
5729
5804
5796
5992
6088
6213
6316
6307
6372
6462
6525
6588
6538
6354
6304
6208
6235
6277
6044
6038
6073
6055
5952
5962
6163
6225
6026
5981
5791
5798
5828
5792
5881
5880
5897
5900
5839
5854
5855
5852
6032
5895
5985
5955
6033
6049
6260
6154
6280
6274
6105
6118
6010
5937
6150
6144
6157
6118
5957
5895
5991
5935
5969
6061
5975
6057
6217
6310
6177
6293
6237
6476
6641
6398
6551
6380
6560
6638
6557
6619
6737
6855
7062
7052
6937
6781
6522
6657
6957
6881
6986
7169
7270
7176
7245
7346
7170
7201
7188
6971
6851
6654
6471
6398
6303
6304
6181
6146
6240
6264
6159
6240
6309
6380
6265
6449
6408
6453
6455
6444
6582
6520
6523
6405
6445
6600
6628
6554
6346
6267
6212
6314
6230
6196
6153
6341
6204
6272
6273
6217
6256
6277
6525
6564
6743
6824
6690
6478
6556
6584
6573
6530
6687
6551
6513
6392
6495
6477
6506
6538
6583
6487
6426
6356
6162
5963
6167
6153
6199
6339
6288
6470
6295
6170
6210
6256
6245
6396
6470
6370
6290
6338
6543
6493
6458
6545
6595
6521
6519
6637
6995
6823
6997
7075
6891
6853
7026
6837
6992
7033
6855
6682
6746
6781
6655
6719
6731
6547
6662
6498
6440
6439
6443
6535
6307
6384
6134
6214
6102
6092
6207
6275
6452
6299
6159
6191
6413
6486
6585
6560
6531
6419
6446
6469
6573
6314
6167
6231
6283
6379
6409
6419
6269
6138
6403
6323
6187
6166
6088
5998
5985
5938
5770
5541
5360
5468
5454
5537
5593
5592
5792
5685
5848
6132
6131
6016
6114
6248
6465
6574
6494
6660
6537
6444
6529
6335
6409
6544
6595
6719
6765
6802
6645
6637
6586
6638
6645
6610
6582
6498
6595
6664
6899
6970
6937
7075
7172
7188
7064
7050
6850
6778
6807
6758
6736
6906
6852
6868
6827
6920
6934
7008
6864
6795
6663
6870
6904
6819
6600
6550
6550
6484
6609
6648
6702
6726
6617
6526
6729
6730
6781
6986
6842
6974
7049
7192
7012
6915
6899
7018
7093
7059
7253
7200
6893
6978
6832
6865
6695
6661
6802
6954
7137
7115
7076
6915
6730
6785
6788
6819
6547
6569
6372
6308
6319
6240
6199
6326
6427
6503
6500
6658
6684
6965
6976
6936
7179
7145
7183
7134
7060
7006
6770
6768
6876
6768
6762
6975
6953
6936
6967
7052
6851
6822
6991
7119
7051
7146
7309
7474
7433
7307
7178
7216
7447
7374
7430
7331
7480
7424
7399
7205
7367
7198
7136
6906
7106
7182
7227
7099
6966
7059
7430
7328
7231
7112
7238
7192
7383
7357
7230
7323
7071
7217
7158
7119
7183
7233
7251
7281
7354
7345
7475
7365
7386
7457
7509
7617
7674
7660
7716
7909
7763
7777
7720
7718
7664
7784
7538
7342
7545
7590
7420
7367
7403
7297
7268
7302
7196
7257
7145
7183
7326
7302
7425
7277
7052
7151
7206
7220
7285
7029
7113
7079
6823
6866
6831
6859
6818
6537
6405
6483
6553
6447
6687
6932
7099
7253
7298
7164
6991
6832
6549
6628
6696
6563
6609
6654
6629
6686
6708
6696
6433
6421
6386
6297
6424
6416
6374
6315
6165
6006
5970
5926
5988
5931
5961
6105
6209
6147
6056
5969
5922
5981
6007
6023
6118
6104
5909
5967
5978
6047
6012
6169
6048
5898
5843
5672
5603
5531
5777
5760
5925
5924
5954
5931
6158
6135
6078
5773
5722
5747
5750
5546
5484
5580
5658
5536
5400
5191
5051
5078
5019
5052
4991
4890
4703
4637
4418
4313
4201
4179
4086
4196
4331
4349
4345
4375
4144
4132
4206
4204
4338
4156
4061
4176
4092
4097
4160
4184
4133
3969
3955
3938
3890
3977
3877
3937
4013
3878
3879
4039
3954
4017
3998
4126
4197
4171
4225
4243
4253
4165
4352
4381
4536
4439
4460
4511
4357
4058
4046
4102
4121
4193
4315
4266
4337
4445
4273
4376
4234
4351
4321
4202
4140
4198
4100
4041
3995
4105
4429
4336
4473
4616
4569
4568
4618
4519
4552
4510
4706
4518
4635
4829
4705
4511
4532
4536
4590
4640
4585
4551
4647
4554
4704
4763
4648
4605
4583
4602
4530
4530
4314
4446
4689
4784
4787
4709
4794
4911
4968
4912
4867
5021
4913
4861
4922
4914
4748
4606
4563
4696
4807
4840
4865
4726
4804
4814
4800
4583
4585
4507
4425
4423
4324
4166
4052
3963
3846
3665
3675
3565
3578
3469
3415
3461
3508
3682
3644
3655
3586
3726
3726
3796
3778
3793
3813
3835
3901
3822
3712
3731
3633
3621
3640
3651
3781
3644
3585
3585
3684
3699
3661
3722
3815
3688
3666
3810
3960
3828
3799
3771
3879
4124
4137
4173
4158
4103
4021
3905
3976
3912
3991
3867
3785
3615
3691
3642
3654
3752
3646
3763
3805
3685
3811
3949
3959
3920
4082
4176
4337
4325
4353
4284
4213
4266
4346
4432
4389
4263
4333
4340
4450
4359
4294
4247
4308
4206
4220
4117
4178
4143
4171
4260
4201
4207
4110
3961
3880
4082
4036
4035
4011
3949
4090
4111
4095
4046
4133
3928
3834
3989
4044
3958
4038
4024
4125
4060
4028
4000
3998
4078
4063
4124
4171
4131
4172
4220
4039
4167
4167
4048
4081
4054
4123
4141
4244
4107
4065
4121
4036
4198
4185
4159
4132
4213
4281
4259
4334
4466
4506
4589
4515
4631
4552
4421
4294
4350
4335
4462
4371
4293
4274
4219
4345
4381
4385
4351
4321
4379
4361
4481
4433
4429
4308
4300
4414
4462
4558
4665
4633
4885
5021
4967
5006
4971
5055
5120
5215
5184
5114
5194
5112
5155
5275
5276
5099
5072
4983
4907
4964
5044
5258
5293
5309
5358
5420
5533
5504
5468
5344
5369
5384
5455
5405
5343
5245
5191
5079
5232
5335
5327
5396
5479
5451
5514
5527
5452
5285
5277
5313
5078
5290
5546
5744
5537
5714
5522
5620
5597
5683
5777
5576
5477
5507
5242
5398
5534
5672
5576
5497
5480
5462
5589
5622
5732
5653
5530
5510
5358
5387
5425
5296
5309
5398
5620
5580
5321
5459
5552
5588
5502
5646
5648
5777
5804
5667
5603
5862
5766
5857
5724
5918
5773
5992
5724
5730
5715
5852
5772
5921
5928
5812
5779
5634
5657
5525
5433
5377
5178
5205
5132
5185
5192
5388
5348
5241
5267
5279
5096
5004
4965
4918
4958
5056
4943
5031
5040
5058
5171
5083
4903
4613
4647
4584
4576
4620
4520
4496
4614
4812
4683
4763
4812
4625
4685
4439
4426
4525
4356
4364
4332
4268
4142
4286
4354
4337
4401
4498
4511
4583
4694
4914
4918
4858
4804
4830
4923
4981
5026
4954
5026
5200
4958
5055
5298
5221
5243
5184
5325
5327
5386
5582
5507
5604
5566
5474
5180
5225
5329
5395
5293
5025
4857
4829
4764
4696
4792
4767
4869
4894
4848
4819
4895
4883
4985
4996
5144
4998
4913
4877
4808
4839
4857
4818
4948
4810
4750
4598
4555
4638
4531
4626
4654
4338
4322
4302
4246
4125
4273
4356
4420
4365
4287
4417
4282
4285
4310
4247
4170
4103
4277
4402
4328
4390
4467
4363
4334
4250
4245
4359
4200
4189
4091
3999
4029
4058
4005
4054
4121
4064
4051
3925
3834
3778
3703
3664
3683
3674
3630
3611
3652
3653
3727
3608
3648
3700
3786
3762
3843
3809
3736
3688
3657
3735
3876
3947
3982
3880
3731
3774
3875
3851
3857
4009
4140
4082
4070
4007
4208
4269
4276
4295
4284
4208
4214
4277
4316
4351
4371
4367
4550
4493
4506
4574
4560
4574
4581
4722
4811
4777
4782
4907
4820
4703
4710
4817
4969
4745
4748
4742
4803
4890
4839
4768
4707
4807
4904
4842
4947
4932
5108
5017
5074
4965
4985
4980
4707
4718
4793
4805
4855
4809
4921
4851
4932
5014
4913
4831
5091
5082
4863
4862
4999
4889
4903
4915
4875
4821
4751
4655
4710
4764
4645
4581
4670
4678
4774
4615
4589
4536
4533
4611
4732
4923
4811
4786
4946
5103
4997
5069
5048
4991
4877
4956
5060
5039
5132
4980
4872
4835
4978
5074
5303
5473
5469
5403
5585
5572
5602
5657
5540
5388
5508
5625
5620
5479
5506
5512
5490
5425
5367
5411
5540
5779
5734
5662
5842
5787
5660
5729
5841
5725
5789
5730
5606
5497
5349
5084
5133
4981
5129
5304
5441
5418
5510
5544
5521
5581
5548
5747
5549
5549
5436
5448
5320
5429
5524
5547
5542
5375
5167
5162
5097
5101
5203
4975
4891
4812
4802
4973
4944
4952
5089
5198
5135
5153
5193
5266
5276
5254
5120
5200
5161
5276
5182
5197
5040
5080
5064
5119
5109
5068
5106
5107
5086
5066
5059
4873
4903
5020
5025
5146
5172
5127
5047
5232
5337
5325
5161
5231
5341
5258
5327
5420
5325
5296
5186
5109
5091
5183
5167
5385
5373
5303
5383
5413
5415
5405
5332
5275
5269
5239
5421
5409
5478
5541
5508
5491
5268
5373
5440
5529
5413
5463
5460
5494
5556
5718
5609
5746
5750
5599
5309
5256
5358
5312
5271
5367
5277
5244
5140
5184
5204
5354
5287
5391
5434
5539
5551
5727
5682
5548
5592
5479
5546
5635
5726
5739
5605
5543
5483
5338
5234
5283
5487
5425
5604
5645
5597
5689
5713
5616
5687
5505
5569
5688
5549
5487
5536
5485
5477
5547
5534
5712
5805
5819
5708
5597
5755
5608
5492
5465
5457
5576
5786
5782
5897
5690
5683
5667
5639
5535
5519
5661
5698
5872
5797
5866
5762
5680
5874
5781
5744
5937
5856
5899
5973
6097
6216
6311
6517
6371
6453
6565
6378
6430
6501
6559
6431
6188
6242
6333
6427
6462
6521
6457
6363
6188
6057
6134
6101
6083
6154
6306
6355
6215
6262
6315
6247
6084
5997
6025
6054
6125
6036
6174
5926
6169
6143
6130
5994
5932
5889
5863
5739
5840
5890
5878
5963
5994
6186
6325
6271
6464
6530
6486
6400
6529
6525
6528
6659
6740
6737
6575
6759
6727
6831
7044
7070
7088
6972
7031
6954
6952
6937
7025
6894
6991
6948
6879
7072
7048
7046
7020
6820
6965
7015
6913
6890
7038
7026
7009
6935
7137
7049
7042
6914
6825
6725
6833
6753
6940
7031
7178
7070
7082
7042
7184
7201
7020
7180
7156
7031
7067
6924
6895
6736
6740
6654
6698
6777
6861
7008
7129
7249
7445
7385
7415
7374
7397
7343
7280
7402
7376
7201
7267
7251
7361
7278
7289
7296
7192
7250
7217
7290
7528
7541
7550
7711
7473
7316
7254
7270
7197
7206
7173
7168
6930
7030
7064
7201
7269
7362
7497
7316
7457
7486
7654
7696
7477
7574
7434
7515
7538
7572
7487
7623
7688
7649
7760
7906
7727
7470
7462
7458
7443
7490
7640
7508
7580
7711
7846
7703
7629
7694
7586
7616
7654
7752
7837
7823
7873
7910
7840
7557
7583
7494
7561
7489
7365
7148
7260
7406
7526
7493
7595
7724
7541
7504
7433
7136
7233
7108
6997
7017
6939
6910
6868
7018
6890
6951
6896
6885
7122
7126
7264
7319
7244
7367
7407
7398
7353
7173
6980
6929
6890
6670
6630
6846
6974
6953
6858
6806
6758
6727
6645
6706
6765
6662
6702
6582
6661
6773
6575
6746
6514
6502
6602
6625
6530
6437
6321
6442
6482
6728
6756
6465
6544
6616
6594
6659
6586
6453
6487
6357
6176
6192
6329
6198
6245
6325
6303
6284
6286
6342
6195
6142
6078
6036
6102
5814
5719
5812
5815
5810
5909
5998
5984
6009
5978
5956
5892
5882
5865
5951
5776
5785
5792
5762
5628
5717
5712
5762
5891
5968
6177
6312
6383
6320
6127
6226
6350
6310
6144
6121
5936
6115
6141
6136
6237
6180
6060
6068
5848
5945
5998
5911
5850
6016
6054
5830
5736
5630
5436
5512
5690
5697
5618
5794
5672
5625
5633
5554
5547
5478
5501
5417
5252
5178
5292
5201
5062
5055
5032
5022
4977
4885
4654
4783
4704
4866
4702
4785
4763
4687
4822
4883
4705
4865
4881
4966
4959
4947
5055
5103
5073
5021
5003
4839
4964
5011
5099
5024
5025
4991
4915
4951
4995
5014
4996
5058
5199
4943
4982
4979
4982
4922
4960
5081
5218
5115
5150
5139
5141
4966
4936
4783
4721
4814
4777
4738
4907
4863
4863
4922
4961
4944
5023
5144
5090
5004
4922
4868
5090
5041
5077
5106
5208
5307
5400
5293
5189
5179
5186
5383
5201
5215
5187
5292
5286
5252
5211
5026
5093
4993
5054
5049
5109
5121
4943
4899
4716
4717
4869
4996
5056
5185
5092
5081
5174
4945
5096
5010
4856
4603
4734
4913
4797
4807
4881
4904
4949
4987
5071
5171
5312
5301
5111
5136
5065
5078
5097
5082
5009
5029
5067
5061
5179
4999
4823
4859
4909
4942
4889
4962
4892
4962
4811
4771
4894
4916
4896
5065
5041
4991
4985
4943
5015
5282
5253
5150
5161
5092
5089
5090
5176
5161
5155
5176
5158
5231
5157
4971
4917
4962
5096
5034
5207
5234
5204
5374
5463
5406
5399
5289
5218
5230
5249
5339
5265
5221
5145
5287
5441
5236
5228
5271
5303
5247
5504
5659
5741
5898
6079
6126
6425
6584
6586
6560
6709
6737
6655
6630
6457
6479
6548
6605
6605
6563
6704
6768
6640
6579
6328
6266
6247
6181
6144
6163
6136
6286
6222
6336
6341
6264
6486
6369
6380
6208
6333
6309
6325
6305
6360
6469
6347
6122
6110
6071
6047
6219
6146
6141
6142
6123
5976
6026
6065
6099
6199
6213
6375
6482
6544
6415
6626
6509
6692
6617
6487
6588
6591
6414
6375
6344
6402
6441
6604
6636
6504
6612
6635
6522
6526
6637
6674
6588
6393
6496
6400
6410
6149
6042
6141
5989
5996
5911
5677
5662
5535
5478
5486
5300
5156
5136
4959
4798
4841
4815
4763
4784
4797
4743
4821
4844
5018
4854
5060
4986
4725
4666
4709
4686
4829
4962
4989
4997
5024
5007
4928
4940
4923
4806
4663
4631
4614
4661
4616
4613
4694
4818
4913
4828
4952
4906
4751
4727
4774
4818
4922
5035
5191
5134
5274
5345
5516
5527
5424
5294
5263
5236
5176
5077
5012
4922
4898
4986
4936
4811
4816
4685
4637
4857
4827
4967
4900
4759
4888
4852
5037
5013
5012
5018
4916
4719
4776
4812
4899
4767
4772
4573
4625
4632
4545
4571
4794
4878
4894
4931
4858
4924
4946
4919
4947
4854
4818
4810
4728
4592
4592
4587
4752
4783
4880
4861
4806
4952
4785
4993
5040
5234
5114
5194
5157
5237
5209
5150
5306
5254
5459
5360
5360
5377
5419
5536
5555
5485
5350
5253
5446
5434
5513
5571
5612
5654
5671
5681
5762
5795
5949
6131
5963
6052
6143
6009
6019
6019
6060
6204
6184
6190
6129
6115
6187
6062
5832
5632
5676
5662
5347
5277
5160
5095
5170
5030
4999
5226
5451
5497
5355
5341
5336
5209
5420
5200
5273
5067
5050
5141
5176
5258
5148
5079
5004
5193
5202
5423
5469
5314
5481
5435
5465
5395
5361
5499
5434
5563
5589
5400
5340
5290
5382
5261
5318
5275
5229
5130
5288
5228
5353
5288
5276
5424
5446
5442
5388
5378
5500
5490
5404
5331
5253
5337
5484
5522
5460
5412
5536
5576
5591
5635
5542
5585
5382
5487
5630
5667
5761
5731
5819
5727
5625
5495
5484
5394
5589
5729
5702
5696
5767
5888
5774
5652
5633
5614
5588
5484
5566
5716
5803
5943
5857
5793
5860
5770
5965
6130
6056
6162
6112
6149
6256
6339
6248
6253
6323
6219
6229
6135
6026
6171
6200
6217
6085
5992
6158
6005
6095
6068
5924
5911
5952
5949
5911
5833
5807
5860
5805
5974
6008
5931
5866
5959
6144
6066
6059
6005
5945
5758
5832
5944
6032
6132
6229
6152
5906
5886
5874
5944
5860
5952
5955
5997
6011
6140
6202
6255
6184
6239
6050
5947
5808
5753
5766
5665
5532
5649
5523
5539
5735
5661
5641
5666
5677
5596
5623
5723
5793
5742
5722
5765
5731
5900
5890
5649
5769
5717
5814
5816
5739
5714
5808
5844
5764
5733
5850
5777
5781
5813
5821
5829
5834
5705
5466
5363
5574
5679
5586
5628
5507
5577
5475
5401
5212
5185
5356
5069
4988
5014
4927
4882
4898
4950
5056
4965
5063
4989
4977
5090
5085
5064
4943
4991
5009
4982
5105
5143
4988
4826
4925
4803
4793
4781
4770
4538
4557
4588
4545
4554
4457
4600
4555
4522
4440
4516
4410
4424
4373
4300
4341
4353
4488
4477
4578
4602
4458
4437
4505
4427
4533
4528
4264
4208
4219
4221
4305
4496
4526
4688
4777
4788
4812
4738
4777
4947
4766
4870
4868
4895
4757
4734
4682
4525
4544
4426
4523
4596
4522
4622
4545
4758
4711
4637
4676
4666
4579
4518
4513
4575
4430
4382
4398
4462
4535
4830
4815
4654
4715
4848
4876
4929
4925
4952
4925
5071
5002
4815
4743
4791
4838
5016
4952
4932
4884
4902
4980
5134
4899
4920
4873
4870
4762
4726
4634
4831
4882
4801
4860
4885
4822
4824
4882
5155
5020
5192
4916
4996
5107
5225
5390
5383
5340
5312
5219
5148
5078
5096
5284
5350
5340
5190
5213
5250
5239
5259
5317
5486
5481
5354
5521
5492
5611
5638
5707
5601
5747
5751
5956
5964
5969
5881
5890
6000
6002
6149
6383
6560
6557
6547
6669
6681
6694
6865
6964
7008
7102
7205
7221
7248
7122
6943
6754
6579
6741
6764
6525
6728
6613
6524
6729
6506
6455
6454
6611
6621
6483
6416
6514
6386
6277
6287
6254
6187
6072
5916
6184
6235
6264
6046
6113
6182
6116
6203
6137
6083
6177
6087
5877
5957
6109
6182
5989
5835
5653
5749
5946
5962
6032
6295
6128
5900
5734
5955
6043
5976
5978
6045
6014
5890
5962
5763
5829
6101
6185
6181
6252
6185
6037
5837
5791
5648
5637
5627
5588
5679
5720
5596
5630
5702
5431
5455
5503
5413
5476
5605
5450
5404
5413
5425
5438
5468
5624
5541
5585
5578
5654
5725
5919
5833
6012
5968
5870
6088
6063
6001
5882
5848
5867
5855
5862
5915
5816
5817
5856
5891
5789
5645
5859
5693
5547
5387
5287
5398
5263
5019
4982
4991
4945
5004
4954
4998
5032
5091
5270
5283
5349
5302
5182
5134
5042
5122
5068
4992
5104
5167
5233
5270
5273
5273
5427
5372
5415
5251
5240
5114
4925
4866
4702
4612
4484
4523
4528
4402
4314
4438
4420
4587
4444
4373
4255
4436
4499
4508
4476
4410
4358
4423
4353
4567
4500
4492
4567
4644
4588
4699
4801
4906
5001
5034
5106
5409
5418
5516
5535
5548
5624
5725
5719
5574
5618
5646
5746
5738
5742
5877
6006
6196
6163
6446
6353
6501
6262
6152
6163
6113
6080
5927
6015
6051
6014
6055
6059
6155
6301
6207
6096
6198
6096
6048
5967
5918
5812
5837
5934
5871
6082
6033
6074
6007
6055
6146
6080
6122
6089
5934
5843
5733
5710
5741
5855
5732
5646
5530
5547
5525
5634
5416
5595
5505
5451
5464
5361
5283
5191
5126
5143
5257
5271
5166
5126
5201
5147
5199
5116
5190
5174
5318
5100
5153
5160
5200
5314
5246
5207
5249
5185
5138
5253
5294
5225
5183
5124
5168
5066
4981
5014
5048
5018
5235
5221
5221
5152
5261
5222
5292
5301
5483
5510
5473
5519
5682
5753
5888
6033
6103
6094
6115
6032
6182
6211
6365
6115
6176
5957
5789
5782
5965
5942
6078
6073
6112
6123
6017
5985
6018
6155
6114
6155
6105
6000
6019
6034
6048
5955
5910
5901
5959
6025
6045
6100
6167
6124
6259
6137
6196
6103
6076
5889
5888
5764
5932
5850
5783
5798
5810
5647
5693
5736
5866
6171
6077
6123
6232
6262
6217
6067
6244
6145
6064
6044
5982
5980
6107
6247
6071
5969
6036
6215
6052
6039
6006
6171
6099
6150
6223
6205
6179
6373
6337
6412
6195
6052
5955
6032
5887
5782
5660
5612
5876
5620
5536
5439
5421
5387
5564
5671
5788
5626
5649
5697
5661
5683
5672
5652
5528
5535
5471
5457
5403
5422
5473
5602
5559
5631
5594
5576
5707
5708
5768
5667
5531
5467
5504
5539
5525
5723
5782
5759
5754
5818
5668
5649
5670
5577
5620
5597
5604
5617
5591
5654
5644
5586
5453
5502
5465
5273
5234
5358
5443
5552
5604
5503
5523
5374
5297
5421
5288
5275
5365
5199
5076
5092
4941
4946
4884
4765
4823
4904
4806
4820
4781
4696
4682
4882
4867
4905
4991
4918
5141
5274
5435
5277
5156
5140
5277
5311
5326
5260
5530
5449
5487
5424
5442
5423
5350
5383
5369
5444
5423
5490
5715
5601
5641
5674
5970
5962
6044
6043
6063
5987
5866
5913
5806
5868
6024
5861
5945
5893
5842
5889
5902
5891
5813
5794
6028
6173
6211
6156
5929
5897
5897
5926
5926
5970
5946
6198
6498
6647
6780
6743
6780
6777
6840
6977
6662
7003
6862
6831
6891
6901
6922
6743
6808
6812
6764
6740
6843
6719
6874
6736
6456
6484
6671
6712
6795
6759
7008
7082
6996
7084
7157
7155
7199
7185
7240
7101
6987
6894
6924
6730
6694
6553
6493
6475
6469
6456
6474
6459
6564
6581
6733
6758
6695
6618
6448
6401
6398
6412
6392
6219
5977
6099
6007
6018
6084
6140
6006
6008
6023
5992
6016
5838
5831
5612
5660
5541
5544
5678
5723
5666
5766
5792
5814
5868
5917
5859
5827
6026
5862
5841
5833
5746
5730
5621
5650
5582
5430
5579
5607
5564
5671
5738
5804
5746
5717
5760
5775
5865
5795
5868
5943
6038
6156
6054
6090
6189
6276
6287
6243
6213
6368
6349
6355
6401
6548
6779
6742
6555
6665
6826
6763
6951
6823
6917
6931
6808
6732
6900
6934
7064
7008
6925
6884
6985
6924
6896
6917
6837
6865
6959
6995
7218
7290
7096
7005
7066
7046
6872
6883
6927
6962
7059
6941
6862
6862
6888
6695
6709
6868
6984
7038
7002
6891
6967
6955
6821
6937
6919
7079
6920
6877
7094
7193
7239
7017
7092
6914
7047
6876
6633
6814
6812
6919
6943
6932
6972
6852
6986
7047
7038
7149
7232
7350
7354
7255
7268
7357
7581
7553
7425
7252
7503
7493
7694
7805
7646
7667
7431
7328
7256
7661
7644
7703
7661
7629
7449
7591
7645
7624
7502
7506
7643
7636
7644
7782
7966
7790
7721
7723
7718
7788
7712
7594
7561
7730
7725
7533
7631
7777
7848
7885
8061
7897
7740
7533
7427
7487
7345
7287
7219
7213
6951
7034
6967
6763
6762
6725
6706
6547
6667
6719
6750
6595
6499
6393
6581
6621
6506
6562
6544
6465
6423
6507
6529
6759
6832
6911
6812
6837
6967
6988
6952
6943
6850
7168
7226
7153
6859
6806
6988
6702
6743
6805
6925
6876
6864
6925
6888
6958
6727
6894
6762
6729
6532
6636
6768
6702
6664
6745
6718
6697
6868
6764
6573
6364
6407
6545
6411
6531
6577
6521
6618
6702
6825
6887
7055
7243
7345
7233
6990
6925
7031
7055
6982
7062
7020
6985
7051
7021
7009
7210
7010
7053
6846
6909
6918
7042
6993
7006
6993
6864
6727
6581
6537
6493
6427
6177
6131
6215
6170
6083
5921
5981
5909
6116
6124
6300
6147
6195
6214
6178
6146
6018
5988
5876
5755
5831
5942
5955
5921
5939
6016
6074
6080
5954
5893
6078
6036
6140
5985
5987
6099
6178
6097
5961
5936
5859
