1005000
267545
173810
128886
101874
84939
72272
62465
55349
49818
44747
40699
37168
34561
31772
29511
27567
25779
24240
23035
21819
21000
20292
19508
18552
17716
17130
16405
15440
14880
14362
13592
12933
12625
12686
12215
11828
11627
11343
10986
10630
10456
10145
9999
9857
9634
9398
9428
9129
8965
8763
8638
8318
8235
8231
8069
7832
7527
7329
7186
7028
6852
6756
6772
6708
6625
6436
6445
6199
6079
6073
5910
5861
5816
5781
5665
5402
5378
5384
5348
5373
5432
5495
5212
5004
5067
5055
4968
4891
4659
4451
4496
4520
4460
4478
4573
4643
4497
4359
4367
4394
4466
4443
4660
4485
4260
4189
4204
4079
3962
3940
4061
4156
4134
4104
4180
4195
4245
4177
3969
3979
4016
3968
4178
3975
3999
3886
3808
3795
3881
3803
3758
3913
3876
3907
3935
3984
3943
3942
3960
3857
3911
3939
3883
4013
3983
3884
3831
3810
3736
3692
3570
3577
3538
3432
3419
3303
3261
3238
3261
3386
3502
3365
3365
3426
3400
3261
3279
3255
3278
3413
3501
3389
3441
3469
3512
3643
3641
3582
3648
3689
3671
3793
3727
3699
3695
3712
3668
3678
3592
3545
3503
3500
3423
3306
3194
3165
3222
3215
3189
3323
3307
3306
3523
3516
3420
3330
3278
3234
3236
3046
3100
3189
3261
3150
3183
3194
3258
3269
3269
3145
3168
3245
3319
3197
3293
3115
3168
3262
3277
3140
3138
3100
3074
3139
3216
3305
3300
3330
3352
3330
3322
3379
3345
3430
3543
3599
3596
3778
3730
3652
3562
3595
3528
3419
3392
3419
3470
3471
3491
3663
3552
3489
3537
3503
3443
3626
3592
3467
3436
3566
3519
3331
3335
3410
3353
3454
3365
3446
3328
3360
3419
3396
3395
3344
3447
3448
3436
3469
3454
3357
3527
3579
3629
3536
3582
3610
3629
3606
3433
3494
3419
3283
3249
3058
3133
3038
3049
3174
3209
3166
3175
3095
3087
3152
3075
3051
3022
2962
3055
2992
3003
2854
2779
2776
2830
2870
2931
2973
2881
2948
2955
2950
3077
3069
3036
3107
2991
2981
2925
2916
2988
3095
3112
3112
3036
2937
2897
2947
2767
2804
2862
2854
2916
2805
2816
2797
2809
2868
2951
2842
2767
2790
2901
2696
2742
2777
2915
3023
2976
3074
3007
2995
2943
3010
3025
2945
3065
3068
3044
3106
2974
3009
3103
3232
3297
3292
3418
3537
3544
3595
3621
3538
3390
3525
3439
3455
3263
3293
3356
3337
3242
3261
3288
3178
3308
3363
3291
3187
3189
3194
3230
3293
3243
3170
3200
3197
3193
3288
3241
3319
3270
3334
3370
3384
3413
3253
3244
3203
3260
3268
3190
3257
3319
3510
3427
3388
3521
3523
3499
3275
3381
3521
3441
3478
3464
3528
3736
3774
3814
3755
3744
3889
3827
3828
3949
4049
4007
4018
3967
4066
4001
3941
3935
4115
4093
4088
4219
4173
4204
4068
4063
4106
3997
3982
4122
4188
4216
4252
4371
4264
4301
4449
4550
4368
4455
4569
4433
4434
4474
4523
4529
4572
4632
4748
4653
4613
4635
4647
4688
4675
4568
4658
4734
4773
4845
4652
4712
4763
4604
4649
4601
4564
4634
4544
4467
4335
4458
4314
4286
4295
4354
4482
4531
4546
4428
4506
4471
4479
4442
4327
4357
4406
4546
4585
4603
4607
4542
4528
4636
4719
4746
4815
4681
4755
4675
4589
4620
4559
4575
4632
4630
4655
4728
4684
4642
4659
4708
4616
4649
4633
4614
4640
4652
4897
4960
4976
4959
4989
4903
4868
4628
4603
4606
4606
4575
4488
4565
4552
4528
4470
4411
4439
4506
4436
4427
4450
4506
4507
4638
4822
4992
4934
4952
4977
4856
4824
4993
5035
4876
4854
4756
4832
4964
4943
4766
4853
5060
5086
4908
5131
5209
5338
5329
5381
5292
5303
5152
5165
5162
5183
5154
5273
5202
5193
5213
5258
5193
5094
5019
4885
4789
4852
4999
5108
4936
4877
4912
4924
4940
4990
5054
4929
4889
4900
4830
4771
4795
4753
4776
4799
4803
4871
4785
4617
4413
4438
4709
4628
4728
4668
4718
4648
4780
4517
4409
4462
4449
4472
4531
4552
4441
4377
4243
4260
4152
4279
4377
4336
4435
4468
4398
4497
4473
4546
4441
4363
4345
4460
4541
4565
4608
4644
4543
4498
4481
4585
4525
4519
4772
4741
4781
4768
4868
4976
4921
4926
4998
4981
5074
5053
5035
4924
4872
4731
4654
4483
4437
4389
4183
4248
4361
4292
4437
4432
4486
4494
4354
4388
4417
4418
4284
4335
4484
4419
4410
4304
4181
4032
3938
4009
3898
3932
4110
4197
4276
4275
4377
4421
4470
4456
4605
4664
4759
4788
4867
4859
4966
5032
4898
4739
4681
4644
4664
4649
4637
4453
4509
4473
4427
4404
4453
4321
4336
4365
4244
4171
4296
4209
4170
4132
4182
4114
4135
4266
4297
4419
4365
4332
4288
4225
4189
4247
4315
4253
4312
4436
4420
4406
4466
4487
4543
4656
4788
4836
4904
5025
4939
4851
4871
4866
5104
5071
5192
5227
5366
5345
5405
5384
5429
5313
5373
5399
5263
5235
5260
5278
5379
5618
5671
5695
5683
5690
5541
5728
5582
5357
5367
5422
5529
5685
5612
5645
5425
5432
5603
5731
5660
5699
5733
5653
5731
5892
6084
6231
6218
6084
6035
6272
6379
6270
6100
6165
6164
6156
6139
6147
6241
6268
6304
6063
5915
5908
5782
5665
5741
5809
5972
6006
6110
6195
6443
6621
6751
6748
6771
6619
6350
6267
6110
5879
5820
5784
5703
5542
5564
5597
5816
5937
5785
5842
5850
5866
5816
5690
5692
5583
5540
5262
5337
5471
5589
5531
5578
5546
5468
5447
5327
5363
5406
5551
5472
5629
5643
5549
5592
5505
5533
5464
5584
5695
5637
5737
5676
5532
5524
5448
5481
5472
5354
5424
5539
5718
5727
5866
5885
5891
6072
6194
5909
5884
5882
5811
5643
5672
5631
5611
5590
5748
5888
5715
5734
5735
5785
5607
5607
5843
5939
6091
6116
5971
6067
5979
6113
6101
5933
5942
6079
6102
6218
6171
6088
6171
6176
6164
5991
5928
5856
5849
5823
5933
6063
5942
5955
5788
5725
5783
5754
5753
5693
5436
5564
5724
5805
5931
6025
5923
5751
5751
5899
5844
5930
5966
5861
5912
5951
6017
6067
6204
6351
6306
6203
6291
6311
6391
6452
6420
6400
6314
6353
6218
6317
6453
6520
6651
6801
6823
6735
6778
6639
6606
6533
6541
6392
6374
6448
6414
6453
6547
6541
6452
6569
6570
6467
6415
6511
6655
6691
6738
6598
6541
6578
6514
6454
6711
6786
6952
6890
6855
6740
6812
6789
6781
6653
6440
6598
6633
6670
6424
6453
6532
6452
6458
6590
6728
6722
6671
6618
6854
6867
6972
7204
7133
7030
7176
7138
7213
6932
6876
6918
6830
6612
6598
6546
6474
6622
6685
6861
6795
6744
6800
6635
6516
6655
6880
6890
7028
6891
7018
6932
6742
6712
6686
6689
6633
6797
6946
6638
6667
6660
6611
6526
6560
6625
6347
6318
6307
6583
6566
6565
6709
6624
6581
6439
6556
6568
6638
6546
6386
6505
6605
6580
6636
6736
6743
6566
6591
6385
6451
6435
6504
6668
6664
6657
6606
6648
6829
6853
6782
6914
6764
6776
6799
6577
6805
6932
7060
7067
6837
6868
6854
6788
6754
6605
6499
6597
6434
6610
6506
6524
6570
6502
6542
6572
6609
6646
6723
6738
6803
6503
6428
6571
6551
6432
6433
6402
6317
6265
6209
6199
6285
6541
6731
6802
6873
7062
7063
7244
7230
7329
7327
7296
7294
7226
7167
7219
7324
7158
7117
6968
7018
6936
6899
6788
6918
6869
6865
6846
6945
6892
6901
6875
6529
6564
6422
6462
6687
6626
6572
6806
6853
6858
6989
6988
6914
6806
6925
7078
6912
6653
6269
6156
6018
5742
5756
5858
5931
5768
5804
5687
5667
5728
5818
5761
5836
5788
5750
5691
5489
5567
5662
5572
5489
5542
5632
5664
5663
5788
5722
5830
5576
5586
5532
5481
5545
5462
5272
5426
5495
5668
5444
5445
5502
5488
5541
5514
5426
5640
5822
5895
5926
6100
6092
6077
6092
6013
5963
5948
6081
6142
6293
6279
6377
6292
6411
6198
6253
6261
6427
6410
6480
6372
6380
6463
6457
6522
6592
6364
6452
6498
6521
6165
6091
6182
6206
6272
6269
6352
6458
6502
6499
6674
6762
6731
6617
6428
6311
6166
6285
6324
6161
5938
5919
5969
5907
5997
5983
5996
5855
5860
6033
6137
6065
6163
6093
6186
6101
6169
6137
6191
6330
6272
6162
6074
6073
6007
6073
5976
6092
6147
6262
6259
6235
6037
5871
5941
5911
6068
6161
6199
6330
6353
6408
6643
6625
6437
6559
6698
6685
6818
6924
6841
6796
6629
6714
6511
6509
6456
6429
6425
6460
6564
6639
6624
6717
6770
6682
6571
6623
6471
6482
6344
6378
6470
6553
6571
6737
6865
6954
6948
6856
6776
6503
6528
6481
6587
6675
6614
6699
6815
6769
6812
6852
6928
6854
6833
6843
6952
6977
6813
6984
7018
6775
6665
6722
6873
6942
6713
6779
6856
6842
6819
6771
6836
6726
6691
6739
6683
7003
6975
7033
7081
7045
7178
7242
7335
7667
7869
7725
7609
7757
7872
7770
7728
7462
7180
7210
7284
7218
7324
7334
7457
7383
7222
7142
7207
7187
7313
7364
7329
7374
7238
7156
7111
6916
6730
6830
6870
6682
6570
6579
6534
6428
6513
6439
6354
6268
6289
6241
6237
6165
6219
6176
6248
6393
6467
6484
6643
6697
6634
6553
6584
6714
6606
6623
6545
6467
6402
6503
6518
6493
6378
6479
6622
6588
6612
6588
6541
6468
6441
6269
6343
6204
6213
6286
6155
6140
6244
6201
6130
5883
5808
5736
5583
5546
5656
5532
5616
5672
5478
5410
5459
5508
5655
5692
5539
5535
5502
5443
5464
5460
5560
5469
5526
5559
5586
5688
5670
5735
5794
5899
5847
5562
5496
5570
5521
5468
5444
5289
5381
5381
5283
5313
5189
5245
5315
5131
4976
5060
5107
5119
4958
4966
4942
4971
4953
4924
4891
4988
5070
5129
5290
5294
5299
5297
5244
5271
5370
5467
5478
5260
5310
5531
5671
5598
5574
5484
5314
5236
5180
5214
5212
5204
5086
4994
5126
5133
5176
5291
5500
5389
5325
5287
5452
5486
5526
5514
5513
5499
5537
5584
5634
5602
5814
5682
5826
5840
5911
5759
5771
5809
5702
5705
5619
5678
5468
5538
5543
5449
5478
5540
5495
5651
5705
5702
5799
6016
6024
6243
6024
6169
6214
6146
6202
6289
6256
6302
6330
6238
6313
6276
6173
6433
6357
6363
6288
6239
6261
6508
6582
6417
6316
6264
6174
6148
6265
6414
6407
6350
6412
6307
6412
6512
6404
6480
6272
6397
6352
6476
6452
6368
6430
6315
6251
6163
6373
6265
6201
6233
6284
6284
6251
6334
6316
6341
6210
5965
5803
5809
5714
5832
5670
5705
5735
5823
5808
5976
5875
5835
5749
5611
5552
5655
5653
5485
5501
5526
5272
5247
5236
5240
5233
5413
5391
5330
5375
5269
5340
5195
4980
4981
5000
5003
4856
4791
4625
4496
4603
4534
4542
4664
4564
4490
4528
4500
4606
4541
4718
4714
4645
4648
4750
4691
4606
4648
4742
4834
4892
4955
5021
4977
5126
5022
5055
5160
5090
5122
5205
5254
5146
5160
5034
5046
5188
5230
5377
5350
5304
5280
5458
5493
5533
5627
5569
5440
5476
5605
5525
5573
5585
5627
5642
5598
5691
5653
5798
5584
5551
5666
5726
5572
5551
5557
5769
5857
6089
6189
6093
6110
5917
5911
5820
5906
5958
5970
6128
6065
5929
5946
5884
5878
5746
5850
5679
5580
5557
5495
5514
5428
5234
5067
5036
5118
5183
5299
5545
5612
5605
5610
5543
5560
5300
5211
5114
5098
5065
5102
5101
5299
5300
5360
5334
5308
5194
5153
5062
4992
5078
4988
5224
5293
5119
5061
5019
4959
4985
5181
5226
5370
5321
5237
5231
5294
5331
5394
5471
5479
5645
5688
5566
5578
5806
5927
5825
5733
5808
5966
5912
5960
6059
6034
6278
6240
6397
6488
6366
6335
6397
6548
6718
6814
6867
6746
6733
6763
6954
6938
7105
7031
7175
6892
6756
6626
6623
6619
6589
6517
6501
6738
6594
6725
6736
6730
6901
6676
6631
6813
6720
6740
6693
6750
6636
6546
6656
6738
6825
6982
6889
6978
6899
6870
6707
6565
6632
6450
6368
6249
6478
6567
6686
6749
6687
6657
6634
6560
6480
6434
6552
6435
6308
6222
6285
6292
6283
6275
6086
6373
6261
6246
6182
6170
6090
6134
6196
6010
5971
5888
5772
5939
5906
6098
6266
6142
5965
6105
6132
6169
6096
6211
6288
6309
6475
6569
6556
6210
6228
6274
6188
6088
5979
5979
5990
6077
6190
6253
6158
6039
6088
6047
6086
6025
5825
5888
5827
6036
5866
5871
5894
5878
5909
6065
6028
6148
6028
6077
6105
6215
6356
6053
6191
6291
6094
6024
6043
6041
5797
5851
5842
5828
5788
5720
5561
5692
5690
5898
5793
5866
5745
5834
5900
5992
5849
6072
6136
6113
6019
5971
5934
5870
5772
5842
5996
6235
6216
6133
6066
5917
5944
5960
6288
6317
6218
6152
5912
5906
6182
6108
6211
6343
6326
6151
6180
6341
6350
6299
6386
6427
6554
6583
6564
6572
6719
6548
6668
6652
6323
6288
6154
5909
6057
5851
5959
6081
6103
6087
6294
6250
6277
6148
6166
6020
5993
5874
5701
5682
5640
5694
5737
5660
5705
5672
5543
5314
5474
5362
5276
5418
5448
5312
5327
5389
5380
5543
5718
5663
5605
5556
5572
5435
5456
5619
5581
5647
5584
5674
5783
5819
5745
5627
5761
5818
5768
5770
5757
5737
5748
5907
5701
5621
5683
5607
5595
5545
5380
5411
5379
5429
5371
5347
5360
5450
5442
5591
5547
5373
5446
5561
5670
5756
5843
5923
5766
5722
5709
5486
5432
5643
5802
5823
5950
6070
6099
6137
6040
6090
5936
5964
6015
6068
5981
6021
6120
5920
6051
6128
6133
6106
6178
6185
6346
6252
6308
6303
6186
6300
6267
6127
6084
6128
6300
6563
6671
6708
6649
6609
6670
6770
6628
6697
6674
6662
6667
6491
6657
6656
6639
6563
6358
6498
6504
6464
6547
6450
6349
6270
6471
6625
6777
6713
6589
6766
6843
6746
6828
6953
6959
6780
6747
6631
6620
6646
6679
6685
6687
6593
6723
6735
6825
6686
6380
6279
6051
5947
5862
6021
5937
5970
6142
6324
6026
5960
6236
6370
6378
6370
6567
6618
6600
6592
6364
6487
6389
6452
6450
6544
6394
6414
6344
6140
6250
6175
6109
5911
5820
5876
5837
5949
5806
5702
6016
5798
5952
5981
5901
5989
5979
5980
5875
5754
5624
5710
5740
5690
5712
5665
5679
5583
5620
5696
5698
5827
5830
5950
6124
5994
6179
5995
6069
5922
6116
6146
5931
5796
5761
5903
5748
5623
5569
5571
5666
5676
5737
5682
5664
5644
5817
5888
5987
6036
5941
5985
5881
5882
6032
6007
6182
6263
6041
5988
6008
5767
5832
5895
6028
6243
6349
6333
6507
6607
6576
6498
6395
6553
6479
6323
6115
6051
6092
6230
6190
6144
6241
6103
6329
6362
6460
6410
6476
6351
6246
6263
6337
6356
6388
6265
6333
6517
6464
6450
6436
6613
6739
6732
6564
6672
6694
6618
6612
6675
6709
6552
6632
6802
6719
6682
6627
6875
7077
7105
7025
7020
6910
6807
6694
6762
6697
6806
6564
6419
6378
6237
6262
6213
6275
6433
6338
6376
6433
6689
6767
6761
6632
6757
6676
6660
6460
6450
6520
6638
6585
6590
6673
6676
6781
7067
7058
6907
7052
6918
6927
6945
7002
6897
6693
6682
6783
6737
6745
6764
6603
6771
6775
6907
6865
6988
6843
6791
6830
6960
6779
6761
6869
6909
7000
6928
6865
7000
6983
6887
6912
6829
6815
6742
6905
6647
6709
6571
6766
6835
7020
6878
6805
6899
6823
6715
6693
6424
6426
6417
6346
6261
6153
6143
6213
6204
6468
6479
6390
6303
6305
6293
6162
6338
6484
6569
6722
6933
6762
6756
6932
6867
6929
6991
6978
7007
7058
6905
7040
7229
7361
7227
7095
7111
6944
7024
7232
7214
7165
7250
7487
7425
7339
7336
7209
7143
7144
6928
7093
7135
7366
7380
7519
7707
7816
7682
7734
7839
7918
7965
8007
8154
8191
8131
7987
7960
7988
7945
8097
8249
8175
8136
8368
8532
8561
8286
8320
8186
8281
8373
8197
8155
8144
8210
8063
7811
7719
7682
7447
7419
7612
7492
7495
7543
7508
7475
7672
7523
7515
7550
7441
7426
7164
6987
7030
7186
7346
7495
7349
7183
7246
7435
7440
7223
7152
7138
7128
7055
7124
7064
7128
6943
6936
6982
7082
6926
6830
6920
6909
7055
7062
7060
6799
6781
6948
6944
6692
6671
6725
6815
6884
6776
6758
6765
6872
6897
6905
6780
6807
6656
6449
6265
6329
6448
6591
6585
6430
6543
6635
6637
6600
6765
6746
6465
6394
6497
6492
6433
6511
6688
6701
6880
6724
6838
6854
6783
6903
6876
6748
6759
6671
6474
6681
6771
6807
6811
7024
7295
7282
7110
7250
7272
7234
7297
7360
7283
7188
7252
7219
7273
7205
7242
7367
7209
7118
7258
7220
7422
7409
7521
7579
7411
7425
7457
7260
7184
7010
6997
7034
6824
6474
6536
6573
6559
6602
6638
6459
6496
6526
6581
6646
6611
6772
6762
6876
6739
6725
6794
6754
6714
6697
6630
6648
6389
6388
6290
6145
6232
6193
6046
6022
6182
6186
5986
5994
5869
5920
6014
6030
5810
5659
5762
5645
5506
5375
5503
5372
5367
5322
5338
5328
5386
5298
5361
5354
5120
5047
4963
4970
5030
4984
4880
5018
5026
4983
4999
4964
4967
5110
5298
5337
5281
5313
5251
5144
5062
5035
5129
5053
5089
5073
5106
5159
5007
5074
4962
4961
4953
4874
4897
4894
4762
4833
4913
4876
4913
4899
4852
4862
4836
4711
4633
4756
4725
4537
4573
4540
4601
4480
4503
4519
4428
4379
4360
4305
4317
4431
4295
4230
4325
4333
4411
4352
4463
4497
4432
4435
4587
4675
4750
4843
5015
4898
4832
4873
4881
4839
4871
4961
4803
4741
4958
4863
4842
4871
4909
4860
4924
4889
4840
4864
4712
4757
4740
4864
4705
4760
4774
4733
4699
4629
4629
4551
4596
4745
5010
4881
4906
4979
4815
4948
5161
5193
5106
5244
5111
5120
5094
5284
5294
5210
5163
5139
5049
5093
5049
5196
5151
5009
5037
5189
5179
5008
4782
4758
4739
4707
4707
4656
4661
4765
4865
5060
5101
5119
5093
5065
5064
4987
5124
5124
5237
5291
5473
5385
5194
5254
5397
5371
5400
5447
5380
5315
5281
5316
5330
5385
5236
5181
5314
5406
5309
5443
5274
5342
5313
5249
5344
5283
5331
5490
5555
5558
5681
5573
5556
5679
5707
5541
5578
5637
5608
5558
5394
5481
5432
5482
5424
5360
5432
5438
5342
5283
5418
5238
5243
5127
5209
5349
5356
5292
5414
5552
5553
5665
5656
5807
5963
5988
6083
6016
6019
6258
6330
6414
6360
6447
6484
6448
6409
6344
6384
6459
6527
6364
6351
6447
6711
6613
6509
6456
6532
6344
6313
6391
6414
6433
6253
6281
6439
6390
6334
6343
6333
6262
6266
6314
6448
6469
6513
6508
6494
6607
6381
6200
6151
6268
6507
6615
6644
6723
7004
6906
6975
6920
6793
6804
6963
6921
6939
7154
7035
7223
7193
7213
7180
7193
7384
7385
7604
7522
7609
7475
7461
7552
7678
7824
7746
7770
7832
7906
8199
8179
8182
8154
8269
8044
7977
7993
7900
7951
7861
7827
7891
7970
8034
8106
7854
7778
7546
7375
7469
7247
7278
7182
7134
7026
6850
6738
7005
7169
7109
7086
7137
7310
7368
7489
7225
7256
7280
7553
7484
7466
7212
7411
7394
7509
7664
7427
7351
7273
7345
7364
7250
7439
7376
7457
7289
7332
7409
7282
7247
7263
7068
7174
7387
7409
7379
7456
7426
7236
7173
7290
7345
7352
7336
7216
7283
7212
7061
6997
7123
7077
6990
6844
6771
6708
6697
6685
6633
6585
6533
6653
6766
6641
6556
6632
6608
6630
6897
6870
6748
6811
6689
6792
6784
6583
6582
6653
6573
6628
6747
6669
6676
6883
6928
6820
6955
6943
6935
6854
6801
6888
6949
6884
6896
7002
6911
6944
6820
6585
6396
6639
6652
6529
6593
6551
6476
6422
6288
6249
6219
6218
6195
5963
5925
6025
6121
6114
6144
6108
6029
6186
6209
6148
6345
6282
6366
6241
6241
6128
6095
6017
6171
5914
5797
5897
5778
5807
5721
5604
5945
6015
5948
5971
6046
6182
6236
6160
6230
6057
6129
6181
6361
6545
6475
6505
6577
6543
6522
6447
6401
6343
6316
6432
6373
6511
6574
6424
6366
6290
6241
6300
6404
6354
6402
6420
6376
6402
6403
6440
6339
6330
6034
5850
5989
6030
6047
6002
6019
6106
6190
6060
6178
6172
5970
5770
5688
5573
5435
5494
5568
5473
5282
5412
5572
5701
5891
5890
5909
5735
5716
5657
5498
5531
5459
5417
5398
5453
5663
5719
5909
5828
5883
5885
6108
6129
6090
6129
6266
6309
6404
6565
6713
6584
6590
6691
6617
6523
6555
6354
6164
6295
6183
6354
6402
6305
6197
6200
6233
6310
6070
6154
5982
5825
5873
5829
6033
6172
6300
6324
6265
6174
6189
6239
6281
6270
6252
6119
6169
6124
5878
5941
5776
5770
5582
5835
5881
5750
5610
5781
5639
5782
5654
5539
5665
5673
5587
5651
5794
5844
5848
5916
5942
5840
5790
5740
5671
5494
5513
5490
5586
5581
5444
5253
5047
5028
4987
4765
4764
4804
4601
4417
4425
4325
4294
4265
4261
4177
4207
4197
4210
4086
4204
4161
4196
4372
4238
4196
4218
4306
4312
4431
4476
4490
4376
4505
4493
4570
4506
4609
4617
4493
4469
4439
4490
4618
4669
4709
4728
4608
4480
4420
4594
4749
4701
4575
4570
4437
4421
4468
4655
4669
4868
4998
5047
5093
5209
5234
5394
5556
5466
5640
5577
5527
5612
5448
5275
5442
5484
5295
5113
5131
5162
5029
5050
5123
5057
5090
5013
5079
5097
5128
5070
5277
5377
5299
5263
5203
5239
5162
5383
5209
5196
5146
5178
5357
5352
5234
5102
5087
5066
5199
5216
5233
5397
5304
5278
5327
5311
5353
5283
5131
5274
5224
5192
5311
5337
5470
5628
5496
5786
5778
5855
5788
5766
5834
5883
5642
5601
5606
5618
5821
5715
5959
5796
5929
5788
5795
5690
5539
5456
5580
5742
5737
5562
5396
5442
5585
5659
5848
5673
5537
5673
5666
5746
5772
5801
5954
5895
5803
5712
6003
6015
6033
5914
5898
6013
6113
6072
6034
6126
6249
6200
6241
6145
6266
6280
6176
6176
6264
6305
6258
6336
6232
6165
6120
6148
6147
5971
6153
6056
6295
6243
6300
6179
5894
5722
5657
5715
5753
5832
5984
6168
6209
6206
6234
6249
5971
5721
5706
5690
5787
5718
5620
5429
5403
5359
5294
5311
5134
5057
4866
4783
4761
4704
4818
4919
5129
5097
5121
5232
5256
5245
5259
5205
5143
5135
5020
5036
4894
4886
5047
5122
5134
5216
5147
5183
5149
5082
4864
4663
4648
4635
4758
4586
4641
4493
4523
4476
4585
4553
4606
4704
4676
4815
4858
4918
4980
4827
4810
4921
4846
4890
4882
4901
4945
4829
4870
4845
4798
4608
4683
4724
4882
4867
4836
4994
5088
4800
4720
4800
4936
5081
5227
5267
5317
5217
5293
5393
5458
5579
5649
5613
5724
5756
5771
5721
5688
5696
5617
5700
5452
5481
5642
5674
5518
5168
5199
5254
5203
5306
5416
5382
5376
5286
5393
5298
5404
5316
5180
5138
5181
5151
5082
5093
5108
5182
5040
5224
5389
5452
5524
5523
5343
5430
5393
5362
5187
4990
4886
4772
4717
4733
4822
4663
4808
4830
4888
4822
4743
4907
4769
4644
4695
4674
4760
4817
4781
4842
4922
5003
4775
4702
4875
4672
4834
4941
5000
5132
5079
5090
5181
5157
5245
5191
5117
5052
5140
5279
5190
5344
5487
5332
5193
5240
5178
5163
5308
5281
5204
5060
5047
5192
5167
5316
5380
5321
5352
5397
5357
5390
5472
5417
5285
5458
5369
5427
5379
5373
5340
5409
5338
5109
5054
5082
5114
5171
5179
5291
5229
5265
5261
5252
5281
5164
5192
5182
5032
4951
4999
5033
5122
5362
5344
5312
5302
5293
5261
5144
5205
5228
5111
5219
5335
5366
5370
5410
5454
5534
5574
5637
5749
5767
5680
5726
5746
5715
5705
5849
5847
5755
5721
5583
5648
5571
5526
5396
5408
5353
5431
5284
5180
5221
5282
5291
5317
5258
5263
5237
5101
5090
4964
5082
4932
4997
4849
4945
4997
4928
5075
4916
4915
4947
4960
4999
4891
5021
5131
5104
5190
5287
5134
5120
5077
5036
5067
5063
5139
5214
5178
5322
5258
5211
5351
5279
5210
5241
5333
5268
5278
5174
5211
5364
5436
5339
5400
5383
5344
5569
5697
5874
5968
5780
5666
5547
5496
5523
5620
5676
5703
5710
5826
5774
5677
5875
5993
5797
5853
5925
5864
5804
5679
5644
5629
5543
5362
5468
5526
5580
5582
5686
5962
6056
6055
5980
6004
6094
6049
6129
5807
5727
5549
5685
5724
5818
5713
5610
5671
5620
5747
5707
5677
5758
6028
6123
6144
6255
6324
6373
6139
6021
6226
6208
6140
6031
6152
6160
6148
6200
6103
6082
6171
6103
6070
6136
6220
6307
6439
6467
6644
6684
6848
6705
6687
6545
6346
6382
6517
6431
6547
6619
6652
6548
6606
6671
6478
6323
5936
5732
5958
5875
5950
5923
6241
6169
6144
6134
6095
6074
6067
6221
6220
6104
6123
5965
5947
5954
5884
5773
5882
5930
6126
6107
6124
6094
6149
6101
6109
6006
6111
6061
6031
6117
6136
6277
6170
6270
6202
6087
6087
6091
6134
6212
6082
5802
5819
5960
6078
6190
6090
6024
5946
6120
6153
6021
5994
5969
5911
5887
5822
5980
5943
5932
6091
6133
6145
6053
5989
6051
6066
6177
6268
6364
6304
6523
6347
6244
6219
6273
6171
6200
6149
6265
6368
6397
6151
6188
5983
5839
5675
5611
5641
5605
5688
5676
5620
5688
5814
5862
5794
5657
5572
5534
5621
5647
5510
5560
5436
5540
5506
5381
5446
5481
5574
5733
5663
5538
5540
5633
5676
5753
5835
5819
5805
5803
5794
5963
6017
6289
6456
6738
6793
6839
6867
7268
7410
7248
7030
7155
7127
7377
7421
7465
7469
7384
7332
7200
6992
6761
6555
6697
6676
6586
6612
6569
6644
6794
6787
6841
6737
6616
6613
6696
6676
6737
6654
6583
6425
6303
6206
6063
6085
5998
5750
5731
5724
5600
5749
5767
5859
5779
5781
5677
5478
5447
5428
5481
5610
5587
5544
5574
5447
5545
5533
5533
5604
5473
5394
5408
5511
5564
5546
5478
5374
5272
5140
5212
5195
5207
5176
5150
5082
5173
5145
5083
5131
5159
5158
5095
5049
5243
5390
5518
5421
5463
5466
5746
5651
5668
5561
5586
5658
5705
5615
5684
5748
5791
5705
5701
5718
5876
6033
5944
5769
5703
5699
5499
5599
5436
5508
5647
5648
5526
5574
5629
5677
5611
5550
5609
5915
5843
5746
5814
5620
5639
5624
5519
5663
5822
5915
5779
5703
5643
5689
5547
5594
5614
5672
5571
5535
5480
5313
5329
5340
5331
5304
5317
5288
5351
5444
5467
5495
5320
5355
5409
5390
5359
5539
5446
5568
5530
5488
5518
5534
5389
5428
5439
5502
5363
5471
5422
5279
5312
5461
5339
5245
5316
5261
5141
5030
4937
4900
4928
4917
4898
4968
5009
5119
5328
5303
5253
5052
4850
4796
4731
4766
4844
4862
4909
4827
4917
4862
5014
4885
4906
4861
4924
4803
4878
4829
4937
4844
4742
4712
5027
4829
4690
4785
4664
4600
4608
4433
4423
4345
4231
4391
4382
4549
4607
4556
4701
4552
4557
4553
4606
4566
4547
4390
4527
4453
4596
4720
4760
4567
4627
4661
4648
4618
4451
4501
4471
4331
4266
4341
4327
4411
4322
4241
4260
4186
4168
4176
4107
4085
4000
3910
3966
3964
3997
4062
4064
4065
3991
4013
3872
3934
3954
3981
3902
3960
4075
3936
4000
4096
3995
4049
3992
4086
4153
4154
4236
4319
4411
4448
4512
4668
4841
4688
4751
4857
4771
4650
4688
4768
4814
4763
4744
4846
4991
5101
5153
5116
5276
5210
5320
5291
5481
5561
5527
5493
5569
5563
5522
5718
5840
5959
5894
5915
5970
5939
6033
5894
6045
6085
5954
5899
5756
5819
5714
5696
5772
5617
5537
5584
5807
5772
5756
5636
5513
5408
5332
5188
5272
5363
5458
5482
5451
5360
5467
5583
5639
5767
6017
6066
6341
6403
6224
6310
6347
6484
6501
6464
6392
6252
6146
6110
6034
5960
6029
5951
5796
5873
5970
6175
6200
6305
6456
6478
6439
6598
6711
6614
6708
6694
6746
6753
6758
6791
6824
6947
6814
6910
6860
6753
6764
6634
6599
6538
6459
6742
6861
6668
6623
6663
6725
6641
6599
6520
6592
6612
6505
6535
6429
6512
6393
6465
6486
6344
6504
6422
6475
6507
6368
6358
6117
6105
6286
6199
6202
6091
6137
6209
6073
6063
5890
5953
5859
6051
5740
5669
5673
5619
5720
5722
5593
5776
5747
5778
5751
5703
5605
5592
5521
5616
5398
5426
5450
5636
5584
5531
5499
5516
5481
5526
5437
5576
5642
5552
5391
5408
5488
5621
5505
5529
5494
5485
5438
5311
5332
5466
5473
5431
5409
5418
5305
5485
5462
5436
5649
5674
5613
5583
5508
5498
5485
5490
5444
5414
5350
5555
5561
5619
5446
5285
5396
5460
5538
5514
5462
5478
5616
5675
5708
5631
5961
5905
5917
5947
5920
5951
6063
6063
5927
6111
6100
6203
6088
5981
5982
6127
6051
6028
6051
6052
5988
5950
5962
6074
6232
6197
6285
6432
6553
6542
6566
6513
6434
6368
6253
6328
6283
6469
6474
6482
6490
6499
6268
6233
6291
6348
6527
6672
6691
6484
6518
6373
6582
6521
6701
6583
6579
6589
6585
6698
6642
6820
6627
6592
6224
6196
6205
6185
6313
6118
5959
6159
6205
6221
6247
6241
6264
6070
6003
5842
5819
5782
5855
5728
5836
5922
5859
5985
5959
5954
6044
5969
5908
5861
6008
6042
5929
6070
5960
5689
5793
5743
5740
5624
5719
5601
5537
5431
5386
5428
5436
5528
5456
5389
5263
5199
5271
5123
5242
5234
5322
5205
5072
5053
5224
5215
5176
5179
5157
5124
5068
4912
4802
4779
4820
4846
4694
5015
4903
4829
4909
4934
4823
4867
4787
4833
4955
4969
4829
4929
4940
4960
4959
4996
5146
5052
5014
5003
4942
4941
4883
4968
5078
5106
4987
5068
5053
5016
4924
5030
4926
4875
4815
4871
4840
5038
4933
4985
5262
5376
5394
5323
5260
5146
5080
5204
5217
5467
5462
5302
5325
5232
5143
5109
5044
5183
5140
