1005000
267732
174322
128502
101687
85011
71686
62307
55078
48908
43961
40264
37054
34193
31983
29668
27822
26422
25110
23761
22430
21404
20180
18878
17950
17408
16815
16391
15888
15413
15116
14368
13767
13091
12518
12341
11728
11426
11119
10791
10476
10067
9764
9529
9370
8969
8916
8674
8298
8039
7938
7639
7514
7409
7242
7212
7092
7011
7014
6899
6774
6902
6858
6588
6419
6444
6315
6284
6027
5893
5714
5585
5615
5633
5589
5544
5634
5504
5494
5593
5505
5387
5392
5335
5345
5326
5168
5168
5181
5211
5021
4989
4955
4983
4908
4857
4611
4606
4460
4337
4547
4583
4542
4440
4277
4383
4344
4311
4366
4235
4064
4029
4042
4052
4093
4075
3959
4005
4024
3972
4073
4015
3803
3669
3550
3562
3558
3529
3591
3640
3609
3572
3570
3595
3725
3838
3708
3815
3800
3822
3741
3806
3715
3803
3798
3745
3917
3928
4083
4096
4000
3838
3776
3960
3816
3791
3781
3778
3670
3816
3815
3773
3807
3756
3649
3647
3566
3460
3503
3489
3485
3482
3368
3260
3112
3119
3096
3108
3021
2996
3095
3009
2994
2902
2963
2974
2884
3004
3006
2876
2948
2749
2769
2671
2656
2664
2695
2791
2682
2679
2720
2715
2725
2676
2626
2667
2787
2821
2744
2710
2734
2712
2643
2594
2607
2572
2472
2487
2518
2370
2401
2514
2575
2401
2366
2307
2370
2396
2419
2358
2315
2356
2336
2326
2232
2236
2251
2279
2305
2299
2217
2211
2196
2274
2340
2277
2323
2397
2484
2279
2372
2320
2275
2308
2326
2311
2278
2406
2497
2472
2674
2653
2638
2495
2537
2548
2485
2479
2451
2424
2489
2515
2550
2559
2592
2682
2647
2688
2651
2718
2892
2947
2983
2946
3135
3134
3154
3158
3176
3196
3358
3479
3413
3489
3412
3363
3333
3307
3253
3178
3247
3160
3166
3123
3194
3240
3233
3272
3176
3118
3095
3051
2999
2973
3006
3030
3100
3198
3256
3202
3153
3217
3276
3292
3211
3130
3124
3124
3160
3094
3077
2944
2829
2890
3037
3001
3130
3014
2987
2974
2988
3089
3164
3163
3134
3313
3291
3391
3455
3447
3387
3318
3426
3476
3505
3450
3478
3428
3395
3481
3568
3540
3446
3498
3510
3668
3748
3589
3594
3635
3566
3554
3594
3587
3657
3599
3599
3727
3760
3867
3909
3960
3945
4039
3968
3995
4086
4024
4062
3942
3829
3811
3888
3956
3753
3762
3733
3732
3684
3613
3635
3649
3537
3601
3651
3666
3620
3709
3630
3572
3572
3646
3717
3828
3794
3859
3961
4012
3978
3876
3929
3888
3945
3958
3879
3959
4044
4157
4136
4132
4097
3986
3995
4010
3816
3874
3866
3752
3689
3544
3656
3788
3787
3779
3787
3790
3762
3876
3725
3778
3553
3559
3524
3532
3651
3732
3712
3822
3839
3685
3558
3542
3602
3742
3695
3708
3678
3764
3905
3752
3683
3788
3725
3533
3527
3608
3705
3642
3582
3626
3529
3482
3410
3252
3305
3280
3242
3275
3306
3214
3282
3224
3304
3350
3323
3261
3185
3211
3262
3250
3280
3157
3425
3314
3284
3246
3255
3223
3289
3314
3476
3428
3448
3537
3598
3604
3634
3703
3647
3678
3785
3975
3958
4042
4027
3917
3858
3778
3690
3856
3988
3949
3975
4019
4061
4031
4064
4041
4006
4174
4106
4124
3950
3958
4092
3912
3937
4173
4157
4050
4185
4225
4255
4387
4404
4472
4478
4450
4302
4246
4291
4319
4415
4449
4457
4434
4338
4482
4613
4535
4403
4330
4385
4293
4293
4310
4445
4447
4587
4599
4658
4683
4680
4612
4711
4491
4637
4858
4788
4699
4664
4679
4637
4645
4500
4472
4379
4313
4302
4265
4252
4197
4307
4323
4253
4359
4343
4257
4221
4143
4119
4175
4171
4222
4161
4301
4402
4388
4215
4274
4374
4376
4413
4412
4385
4384
4298
4404
4399
4361
4262
4099
3994
3965
3846
3890
3986
4194
4201
4271
4373
4535
4621
4574
4683
4736
4899
5001
4919
4910
4995
4993
4843
4693
4751
4846
4829
4921
4907
4865
4821
4848
5144
5036
4873
4898
4891
4905
4822
4943
4927
4934
5044
5092
5119
4966
5004
4975
4946
4853
4732
4680
4885
4705
4715
4788
4653
4600
4421
4612
4544
4435
4355
4424
4513
4640
4793
4817
4822
4701
4832
4984
4787
4722
4836
4919
4943
5167
5240
5326
5163
5129
5288
5294
5164
5188
5138
5002
5021
5031
5093
5084
4986
4858
5066
5069
4874
4907
4926
4975
4965
5060
5105
5220
5157
4847
4829
4683
4703
4679
4671
4774
4726
4950
5006
5011
4983
5103
5197
5289
5291
5364
5338
5476
5672
5698
5704
5720
5706
5644
5846
5888
5869
6008
5780
5865
5899
5770
5848
5793
5787
5815
5724
5652
5554
5426
5590
5607
5592
5520
5339
5289
5493
5429
5423
5570
5668
5709
5547
5577
5646
5609
5447
5260
5309
5397
5583
5561
5694
5550
5618
5782
5766
5680
5739
5683
5813
5691
5868
5837
5779
5857
5932
5694
5790
5940
6295
6407
6346
6637
6426
6472
6295
6363
6432
6404
6252
6434
6532
6392
6500
6469
6453
6568
6699
6645
6603
6571
6647
6532
6440
6642
6603
6468
6569
6575
6719
6807
6846
6739
6815
7035
6802
6833
6915
6910
6939
6808
6834
6791
6961
6811
6764
6633
6781
6945
7025
7262
7395
7365
7281
7427
7446
7703
7471
7422
7529
7553
7730
7932
8082
8126
8107
8261
8203
8048
8120
8027
8277
8373
8469
8260
8098
8064
8033
7963
7872
7814
7540
7615
7551
7588
7530
7777
7749
7988
8172
8369
8321
8421
8605
8581
8643
8802
8787
8554
8530
8655
8714
8491
8503
8451
8589
8466
8344
8373
8413
8622
8812
8627
8564
8324
8276
8323
8229
8190
8423
8560
8584
8561
8453
8647
8556
8501
8427
8266
8362
8375
8236
8076
8011
8015
8010
7718
7650
7705
7681
7726
7948
7922
7938
7888
7800
7882
7903
7707
7732
7714
7831
7791
7745
7474
7414
7433
7330
7215
7315
7509
7443
7351
7266
7334
7271
7271
7216
7255
7500
7611
7536
7418
7467
7298
7366
7354
7341
7364
7206
7264
7207
7218
7169
7217
7148
7043
6878
6705
6729
6615
6752
6784
6808
6871
6964
6902
7016
6804
6771
6706
6604
6530
6601
6505
6379
6477
6508
6767
6791
6518
6421
6388
6458
6378
6462
6537
6366
6366
6454
6335
6433
6432
6366
6338
6429
6378
6492
6672
6716
6695
6760
6682
6870
6918
6754
6872
6998
6949
6971
6866
6607
6605
6545
6568
6386
6360
6506
6534
6384
6360
6336
6484
6527
6528
6686
6675
6608
6686
6852
6833
6758
6717
6970
7097
6890
7016
7170
7001
6942
6958
6721
6853
6793
6697
6826
7028
7126
7140
7017
6949
6959
6820
6805
6640
6668
6487
6625
6545
6407
6502
6475
6581
6595
6889
6551
6507
6395
6415
6445
6516
6436
6228
6106
6271
6251
6266
6077
5977
5788
5766
5621
5568
5600
5627
5731
5801
5853
5852
5840
5734
5776
5883
5905
5865
5804
5827
5812
5558
5487
5414
5481
5457
5373
5189
5230
5280
5334
5367
5498
5358
5265
5203
5283
5238
5283
5392
5505
5416
5261
5179
5373
5409
5441
5601
5417
5559
5759
5990
6002
5867
5864
5847
5752
5762
5495
5515
5567
5490
5699
5592
5658
5839
5966
5991
6070
6212
6250
6111
6072
6251
6477
6518
6285
6392
6333
6087
6259
6129
6008
6196
6226
6317
6280
6114
5899
5835
5738
5783
5676
5764
5734
6053
6272
6298
6311
6281
6365
6483
6591
6444
6420
6589
6495
6341
6307
6403
6400
6316
6257
6222
6375
6334
6322
6386
6373
6595
6466
6506
6563
6675
6752
6684
6597
6584
6570
6660
6855
6805
6707
7064
7100
7047
6956
7097
7138
7004
7082
7157
7160
6909
6728
6819
6859
6692
6616
6479
6445
6433
6414
6615
6402
6273
6218
6363
6467
6437
6371
6480
6254
6321
6411
6267
6061
6146
6220
6161
6202
6312
6488
6296
6171
6182
6282
6435
6518
6560
6348
6551
6665
6730
6693
6815
6661
6679
6783
6799
6724
6852
6458
6341
6192
6071
6031
5956
5848
5939
6004
5957
5925
5937
6112
6241
6404
6247
6305
6224
6305
6302
6302
6412
6446
6379
6486
6524
6500
6549
6662
6615
6390
6302
6215
6340
6354
6107
6133
6199
6215
6150
6111
6029
6157
6174
6209
6125
6104
5956
5996
6043
5921
5882
5813
5784
5678
5743
5703
5589
5662
5706
5717
5578
5753
5771
5789
5917
5894
5921
5949
6008
6134
6079
5919
5879
5966
5963
5823
5975
5906
5895
5753
5812
5674
5672
5601
5483
5659
5715
5796
5733
5666
5604
5625
5695
5598
5602
5553
5802
5756
5639
5603
5611
5342
5397
5223
5150
5184
5124
5133
5120
5106
5040
4978
4956
4945
4991
5035
5001
4929
4970
4983
5026
4862
4838
4697
4668
4764
4548
4698
4908
5147
5271
5277
5329
5233
5116
5115
5079
5040
5031
4993
4978
4963
4802
4913
5065
4965
5024
5041
4973
4990
4984
5126
5157
5112
4960
4800
4698
4634
4640
4579
4592
4779
5030
5062
4915
4983
4948
5074
5185
5182
5216
4960
5170
5337
5140
5146
5019
4900
5085
5096
4887
5086
5096
5134
5007
4833
4900
4730
4524
4512
4472
4324
4365
4251
4370
4453
4464
4525
4574
4599
4601
4686
4802
4994
4964
5006
5069
5161
5280
5282
5471
5373
5283
5226
5251
5293
5400
5227
5282
5128
5196
5132
5158
5194
5352
5164
5174
5244
5190
5144
5236
5286
5289
5526
5737
5743
5681
5524
5633
5523
5473
5528
5644
5679
5752
5570
5424
5284
5201
5292
5308
5191
5073
5018
5087
5170
5117
4987
5030
4918
5082
5072
4913
4957
5050
5224
5233
5194
5070
5193
5126
5089
5123
5332
5294
5385
5324
5295
5224
5126
5153
5188
5338
5391
5530
5582
5482
5608
5563
5725
5795
5783
5924
5964
5839
5739
5774
5738
5645
5646
5661
5651
5738
5795
5743
5791
5667
5543
5512
5250
5293
5112
5059
5058
5168
5165
5068
5025
5154
5132
5214
5109
5281
5220
5135
5223
5222
5186
5241
5379
5333
5558
5583
5284
5052
5227
5377
5426
5469
5480
5580
5619
5698
5721
5669
5708
5665
5699
5630
5725
5553
5713
5617
5566
5739
5907
5905
5971
6252
6334
6214
6041
6049
5971
6040
5947
5894
5920
6086
6146
6233
6086
6193
6243
6233
6138
6135
6070
6130
6136
6072
6123
6177
6323
6215
6118
6081
6142
6123
6074
6254
6299
6140
6079
5791
6012
6102
5991
6121
6178
5988
6016
6027
6136
5982
5999
5900
5868
5759
5711
6022
5998
6019
5947
6125
6062
6103
6285
6320
6439
6377
6293
6290
6457
6655
6603
6534
6607
6804
6796
6807
6832
6849
6775
6845
6868
6791
6860
6939
7034
7073
6967
7120
7206
7104
7009
7050
7174
7062
7269
7493
7328
7143
7184
7272
7340
7427
7424
7347
7516
7476
7543
7562
7561
7549
7539
7520
7592
7569
7447
7397
7513
7345
7248
7303
7359
7593
7609
7451
7367
7326
7056
7086
7043
7159
7130
6755
6725
6761
6794
6613
6684
6752
6834
6802
6827
6570
6750
6801
6836
6886
6885
6775
6733
6749
6721
6785
6973
7005
6764
6560
6490
6384
6361
6268
6406
6685
6798
6758
6854
6859
7013
7003
7185
7320
7208
7312
7270
7227
7080
6931
7165
7187
7044
6807
6941
6644
6693
6641
6592
6634
6533
6551
6500
6354
6376
6196
6049
6122
6030
6105
6001
6039
6032
6089
6117
6156
6209
6039
6134
6201
6324
6116
6095
6247
6309
6312
6423
6347
6465
6555
6697
6581
6580
6612
6583
6475
6396
6468
6482
6409
6297
6342
6409
6441
6437
6543
6581
6362
6383
6337
6270
6460
6399
6375
6271
6266
6203
6089
6254
6415
6567
6397
6506
6502
6525
6383
6538
6597
6476
6387
6343
6388
6252
6320
6362
6255
6357
6253
6132
6224
6184
6217
6051
5961
5955
5909
5918
6002
6005
6038
6030
5908
6185
6210
6239
6470
6494
6329
6391
6501
6504
6572
6435
6517
6609
6626
6536
6560
6512
6363
6421
6461
6444
6512
6515
6503
6419
6387
6522
6575
6361
6311
6225
6327
6321
6283
6285
6296
6358
6368
6351
6244
6335
6171
6189
6022
6260
6162
6064
5888
5898
5802
5842
5943
5955
6053
6155
5929
5934
5961
5872
5967
5814
5793
5789
5767
6056
6146
6215
6114
6297
6399
6727
6537
6712
6749
6728
6772
6692
6856
6824
6640
6584
6473
6255
6156
5986
5836
5928
5820
5729
5846
5697
5821
5779
5950
6087
6077
6008
6106
6071
6240
6301
6232
6168
6160
6220
6176
6291
6230
6369
6206
6125
6105
6117
6061
6107
6242
6074
5815
5798
5870
5811
5676
5680
5540
5742
5923
5921
5915
5943
5808
5925
5929
6029
6195
6159
6211
6279
6316
6253
6361
6009
6203
6107
6262
6323
6290
6350
6320
6312
6380
6559
6453
6439
6415
6501
6578
6546
6621
6521
6503
6782
6947
7044
7058
6938
6913
6968
6728
6800
6957
6839
7132
7157
7231
7192
7086
7152
6940
6872
6909
6809
6952
7063
6994
6848
6820
7023
7179
7033
6985
7038
6824
6858
6927
6892
6849
6815
6748
6639
6500
6771
6699
6831
6697
6621
6633
6603
6567
6448
6705
6749
6932
6928
7019
7001
7094
6928
6861
6813
6820
6996
6892
7014
7158
7235
7095
7436
7333
7460
7355
7446
7375
7366
7332
7525
7314
7117
7081
7102
7072
7104
6893
6808
6842
6942
7149
7534
7648
7801
7742
7752
7904
7785
7657
7753
7869
7918
7995
7857
7723
7831
7963
8072
8065
8047
7766
7672
7749
7832
7902
7708
7798
7785
7815
7871
7778
7916
7871
7775
7657
7463
7574
7677
7746
7831
7650
7563
7327
7527
7508
7511
7365
7291
7139
7216
7167
7135
7028
6784
6779
6869
6973
6887
6690
6691
6689
6757
6720
6621
6655
6785
6820
6711
6843
7070
7261
7419
7258
7182
7155
7145
7118
7020
7176
7224
7230
7264
7111
7387
7625
7700
7620
7671
7674
7687
7466
7442
7427
7506
7585
7449
7425
7535
7479
7478
7337
7452
7377
7198
7091
7035
6926
6674
6643
6538
6711
6736
6754
6709
6815
6771
6720
6811
6925
6965
7072
7174
7394
7424
7510
7239
7298
7292
7244
7079
7187
7018
6946
7003
6943
6875
7104
6995
6982
6852
6891
6841
6781
6754
6676
6496
6617
6566
6701
6727
6626
6632
6691
6381
6326
6222
6346
6373
6290
6122
6097
6127
6288
6378
6472
6568
6594
6695
6609
6772
6815
6754
6779
6618
6744
6796
6756
6706
6686
6739
6721
6746
6750
6862
6759
6934
6854
6758
6783
6650
6680
6870
6653
6794
7003
7117
7171
7314
7123
7092
6994
7141
7195
7339
7183
7257
7399
7337
7418
7451
7490
7610
7732
7785
7693
7619
7809
7825
7748
7609
7589
7477
7512
7726
7611
7423
7719
7782
8022
8061
8079
7928
7643
7528
7538
7442
7488
7340
7257
7304
7252
6997
7074
7053
6922
6965
6834
6798
6647
6456
6473
6524
6316
6256
6218
6152
6165
6198
6167
6161
6434
6657
6640
6777
6674
6768
6896
6953
6896
6986
7103
7189
7022
6991
7195
7275
7246
7225
7394
7413
7416
7243
7268
7317
7334
7204
7232
7254
7445
7540
7606
7608
7632
7680
7708
7593
7641
7584
7459
7532
7554
7463
7406
7666
8038
8093
8130
8075
8058
7982
7836
7975
7860
7876
8051
7768
7873
7968
7935
7822
7747
7755
7759
7847
7784
7844
7701
7704
7897
7703
7541
7397
7406
7389
7322
7221
7109
7168
7030
7071
6999
6876
6919
6811
6728
6754
6911
6916
6840
6757
6863
6739
6576
6511
6706
6712
6790
6716
6557
6458
6482
6493
6179
6410
6377
6294
6335
6220
5984
5990
5917
5890
6120
6209
6286
6313
6346
6500
6493
6356
6510
6559
6543
6558
6342
6401
6397
6613
6243
6352
6357
6522
6592
6780
6686
6657
6659
6613
6538
6607
6661
6694
6668
6650
6642
6657
6720
6850
6782
6737
6710
6631
6578
6347
6336
6422
6548
6721
6652
6465
6576
6711
6658
6659
6811
6746
6504
6401
6214
6142
6225
6307
6219
6071
6076
6154
6321
6296
6321
6274
6258
6239
6170
6264
6337
6331
6312
6426
6369
6444
6594
6715
6683
6788
6782
6654
6809
6796
6849
7035
6808
6836
6848
6748
6727
6686
6631
6643
6707
6605
6705
6866
6859
6697
6557
6685
6437
6418
6376
6355
6208
6084
5958
6011
6182
6305
6409
6432
6434
6584
6591
6350
6537
6475
6440
6407
6225
6256
6397
6417
6387
6375
6335
6418
6499
6414
6496
6422
6283
6282
6350
6252
5929
5880
5899
5842
5703
5780
5758
5737
5416
5580
5742
5851
5981
6057
5819
5872
5972
6120
6027
6051
6112
6110
6181
6241
6131
6183
6155
6090
6029
6051
6153
6098
6023
6088
6127
6267
6288
6194
6099
6156
6142
6201
6114
6215
6089
6020
6023
6096
6126
6220
6293
6292
6237
6331
6296
6320
6407
6703
6727
6786
6947
6912
7007
6937
6982
6908
6726
6760
6612
6438
6442
6307
6204
6365
6287
6101
6224
6421
6323
6346
6309
6268
6271
6469
6490
6430
6445
6619
6463
6558
6674
6597
6553
6923
6853
6664
6804
6932
7009
7283
7175
7257
7354
7283
7319
7195
7406
7316
7339
7229
7305
7358
7331
7118
7098
7039
7248
7260
7216
7342
7366
7370
7455
7431
7221
7047
7065
7005
6870
6941
6976
6840
6732
6742
6649
6413
6524
6069
5994
5922
5882
5868
5898
5980
5992
5950
6015
5981
5850
5906
6020
5974
5940
6213
6305
6279
6376
6302
6204
6140
5888
6005
5908
5855
5854
5986
5995
6004
5938
5949
5973
5845
5816
5791
5890
5883
5753
5639
5508
5557
5697
5876
5986
6039
6006
6069
6155
6068
5871
5784
5712
5917
5872
5942
6096
5977
5879
5897
5779
5785
5860
5805
5855
5993
5912
6076
6278
6462
6577
6265
6504
6618
6436
6419
6287
6160
6269
6412
6196
6228
6373
6367
6469
6467
6378
6401
6467
6475
6712
6539
6573
6513
6450
6499
6502
6508
6380
6391
6323
6384
6431
6658
6690
6748
6741
6674
6668
6631
6671
6782
6766
6815
6606
6594
6601
6606
6670
6584
6828
7071
7025
7174
7149
7074
6931
6664
6693
6885
6858
6790
6823
6923
7006
6915
6976
6888
6947
6923
7015
7035
7045
7141
7220
7198
7108
6988
6967
6968
7161
7151
6980
6924
6775
6792
6758
6754
6829
6768
6771
6822
6625
6716
6642
6669
6606
6832
6836
6765
6887
6754
6820
6933
6951
6725
6658
6603
6474
6628
6576
6478
6469
6554
6428
6362
6446
6440
6486
6389
6468
6345
6344
6273
6341
6516
6345
6306
6212
6232
6125
5919
6103
5972
6049
6317
6164
6135
6382
6324
6363
6299
6331
6536
6506
6504
6628
6483
6383
6302
6328
6296
6170
6122
6189
6047
5968
5861
5734
5816
5983
5962
5996
5977
5952
6007
5920
5871
5975
6018
6145
6088
6087
6090
6050
6183
6209
6247
6219
5969
5949
5900
5824
5723
5679
5603
5617
5562
5655
5660
5780
5815
5539
5558
5616
5602
5718
5625
5601
5614
5686
5520
5552
5439
5597
5642
5774
5696
5760
5751
5555
5590
5646
5719
5680
5672
5734
5661
5759
5657
5726
5921
5973
6147
6374
6136
6128
6281
6249
6132
5930
6097
5861
5901
5958
5949
5987
6065
6339
6226
6077
5877
6036
6219
6157
6369
6450
6431
6356
6243
6270
6235
6232
6223
6332
6388
6368
6255
6353
6445
6645
6610
6504
6460
6437
6168
5958
5763
6003
5943
6069
6098
5910
5699
5796
5916
5851
5781
5906
5881
5875
5861
5972
5999
6043
6063
6053
6132
6061
6009
5856
5708
5696
5860
5920
6089
5909
5986
5935
5993
6118
6135
6055
5911
5864
5918
5786
5859
5904
5946
5958
5995
5943
6108
6026
6024
5937
5754
5742
5880
5873
5792
5600
5564
5826
5769
5763
5766
5962
6010
6102
6082
6037
6096
6110
6093
5994
6136
5996
5955
5918
5724
5774
5724
5853
5740
5717
5785
5738
5745
5796
5590
5541
5585
5532
5547
5444
5511
5484
5550
5515
5362
5228
5192
5261
5245
5441
5315
5491
5317
5404
5472
5414
5225
5187
5166
5233
5188
5179
5127
5012
4879
4705
4696
4859
4904
4830
4768
4876
5046
4885
4845
4605
4767
4835
4860
4788
4681
4877
4851
4821
4784
4913
4816
4881
4786
4898
4845
5083
5052
5010
4826
4728
4681
4771
4702
4764
4621
4549
4542
4692
4823
4693
4718
4752
4759
4714
4684
4788
4772
4650
4493
4412
4431
4281
4326
4394
4430
4395
4431
4306
4250
4342
4314
4339
4391
4421
4436
4684
4746
4910
4881
4883
4882
4898
4786
4836
4955
4952
5144
5173
5254
5365
5565
5459
5409
5336
5325
5391
5545
5320
5220
5134
5259
5265
5268
5333
5412
5536
5416
5242
5153
5201
5181
5170
5270
5396
5405
5491
5563
5372
5402
5325
5375
5366
5349
5256
5291
5294
5122
5253
5061
5051
4973
4968
4847
4858
5013
5004
5081
4988
5109
5252
5127
4948
5047
5115
5075
5147
5169
5327
5248
5238
5213
5164
5303
5449
5615
5703
5684
5722
5750
5734
5659
5660
5808
5756
5465
5586
5465
5439
5541
5228
5314
5317
5295
5106
5124
5244
5225
5228
5193
5201
5177
5143
5127
5081
5264
5279
5375
5506
5545
5489
5575
5680
5794
5778
5798
5801
5893
5860
5960
5883
5888
5689
5681
5765
5826
6055
6015
6027
5979
5948
5744
5697
5760
5630
5508
5446
5347
5371
5262
5257
5227
5349
5315
5544
5549
5749
5696
5675
5590
5639
5754
5915
6147
6188
6186
6246
6138
6248
6377
6266
6102
5981
5811
5717
5711
5747
5773
5576
5660
5684
5492
5489
5470
5530
5447
5379
5515
5625
5605
5830
5705
5618
5532
5543
5517
5412
5403
5412
5356
5442
5422
5402
5359
5404
5493
5360
5313
5319
5348
5222
5303
5303
5301
5276
5114
4998
4855
4703
4862
4969
4942
5081
5094
4946
5053
4993
5029
5007
4908
5099
5291
5187
5284
5147
5120
5208
5086
5009
4975
4952
5026
5195
5198
5376
5361
5320
5479
5669
5648
5751
5587
5658
5516
5679
5871
5927
6015
6058
6174
6211
6369
6351
6255
6218
6266
6278
6310
6431
6226
6258
6220
6161
6041
5926
5931
6073
6136
6134
6081
6102
6094
6220
6197
6193
6258
6273
6140
6106
6095
6180
6259
6356
6254
6140
6142
6010
5962
6046
5799
5795
5817
5900
5861
5774
5873
5803
5869
5955
6006
6045
5980
5872
5972
5989
5935
5862
5663
5670
5569
5532
5422
5467
5404
5450
5386
5228
5128
5109
5133
5277
5281
5262
5031
5004
4985
5065
4931
4763
4590
4535
4443
4380
4622
4758
4726
4734
4715
4843
4814
4869
4933
4880
4858
4964
5060
5141
5331
5348
5547
5560
5518
5430
5392
5426
5275
5267
5276
5274
5287
5326
5343
5492
5660
5623
5767
5538
5540
5627
5730
5887
5879
5972
5995
6146
6184
6146
6201
6061
6027
6286
6298
6431
6347
6285
6293
6303
6382
6315
6590
6848
6727
6674
6582
6480
6429
6289
6398
6430
6322
6269
6214
6270
6286
6347
6467
6587
6511
6487
6388
6447
6435
6429
6539
6282
6211
6202
6357
6181
6253
6334
6325
6328
6337
6262
6384
6508
6415
6449
6419
6290
6254
6402
6258
6259
6103
6112
6139
6006
6180
6261
6230
6338
6186
6223
6206
6187
5903
5790
5942
5949
5822
5786
5886
5938
6029
5933
5924
5776
5889
5940
5979
6043
6031
6303
6251
6241
6229
6162
6177
6231
6030
6050
6203
6096
5868
5717
5743
5770
5896
5797
5877
5955
5884
5805
5770
5838
5839
5998
5899
5906
6028
6058
6010
6153
6260
6338
6308
6076
6128
6311
6194
6119
6097
6106
6035
6035
5908
5579
5454
5493
5478
5553
5625
5721
5805
5854
5877
5881
6016
6050
6092
6049
6100
6190
6323
6536
6411
6238
6432
6518
6539
6437
6430
6353
6356
6664
6611
6715
6697
6600
6665
6538
6601
6424
6470
6548
6433
6336
6241
6208
6184
6156
6009
6098
6102
6074
5848
5716
5830
5838
5878
5933
6081
6019
5974
6047
6057
6037
5950
5883
5848
5723
5766
5749
5823
6026
6270
6246
6075
6070
6143
6111
6249
6121
6051
5938
5746
5654
5858
5893
5821
5843
5940
5978
5968
5840
5878
5882
5824
5875
6066
5967
5978
5978
5928
6042
6112
6003
5974
5891
5914
6006
6062
6057
6208
6343
6431
6460
6464
6508
6559
6626
6808
6933
7218
7266
7201
7272
7303
7378
7039
7068
7179
7298
7401
7552
7627
7903
8016
8383
8459
8801
9024
9149
9001
8986
9070
9009
9038
8980
9051
8812
8787
8448
8541
8516
8423
8307
8394
8162
8106
7993
8061
8215
8251
8254
8237
8045
7861
8154
8111
8083
8139
8025
8145
8083
7895
7807
7817
7894
8238
8038
8227
8328
8245
8101
8124
7901
7849
8129
8033
8192
8323
8395
8371
8275
8434
8619
8442
8450
8369
7892
7843
7838
7663
7616
7417
7425
7476
7549
7476
7529
7503
7300
7494
7318
7301
7053
7027
7173
7242
7140
7182
7060
6905
6745
6670
6776
6837
6716
6528
6584
6515
6489
6406
6209
6195
6090
6250
6391
6273
6154
6160
6196
6170
6434
6334
6509
6576
6603
6407
6380
6345
6331
6229
6211
6269
6439
6398
6223
6384
6583
6662
6896
6857
6841
6839
6676
6778
6731
6777
6598
6503
6543
6497
6535
6672
6671
6540
6623
6573
6568
6445
6457
6426
6531
6678
6689
6648
6487
6357
6439
6468
6680
6846
7042
6923
7058
6987
6983
7178
6910
6750
6717
6838
6771
6833
6747
6527
6501
6378
6341
6422
6293
6498
6434
6570
6547
6428
6427
6510
6561
6621
6668
6599
6441
6334
6342
6427
6243
6339
6328
6265
6270
6140
6068
6258
6339
6134
6217
6013
5928
5919
6010
6162
6127
6260
6272
6480
6528
6491
6393
6418
6587
6571
6623
6685
6543
6539
6504
6457
6299
6246
6177
6190
6143
6124
6206
6362
6483
6528
6445
6389
6368
6415
6347
6449
6585
6524
6796
6641
6444
6590
6604
6743
6743
6846
6649
6751
7009
6854
6796
6727
6648
6761
6775
6881
7004
7029
7059
7067
7204
7061
7012
7102
6896
6803
6994
6996
7066
7260
7122
6916
6955
6964
6986
6964
6998
7156
7221
7404
7591
7534
7532
7395
7472
7604
7538
7513
7672
7596
7475
7443
7434
7356
7266
7174
7232
7238
7279
7184
7400
7451
7545
7387
7314
7428
7576
7591
7662
7451
7515
7452
7410
7313
7275
7094
7052
7025
7076
7189
7097
7080
6995
7037
6898
6662
6652
6526
6743
6963
6906
6832
6732
6821
6735
6600
6607
6511
6444
6282
6417
6461
6587
6603
6460
6390
6562
6462
6433
6312
6507
6491
6538
6497
6438
6420
6396
6287
6331
6403
6264
6505
6552
6452
6535
6566
6474
6425
6256
6238
6158
6300
6245
6135
6176
6186
6132
5912
5911
5995
5820
5797
5755
5475
5447
5366
5357
5220
5091
5144
5108
5014
5044
5141
5181
5152
5208
5081
5290
5358
5333
5282
5255
5254
5149
5159
5227
5189
5291
5223
5001
5141
5266
5391
5478
5659
5622
5688
5638
5647
5517
5401
5390
5446
5301
5380
5405
5375
5444
5481
5454
5577
5654
5587
5762
5781
5833
5834
5972
6060
6087
6017
5989
6048
6118
6232
5965
6041
5960
6029
5951
5930
5841
5787
5803
6070
5991
5933
5864
6089
5943
6122
6071
6086
6133
6062
6007
5923
6013
6025
6163
6200
6138
6200
6103
6278
6237
6258
6318
6363
6255
6179
6291
6182
6016
5983
6223
6325
6049
6082
6049
5945
5934
5950
5780
5808
5780
5563
5470
5286
5269
5235
5268
5025
5142
4971
4958
4963
5046
5112
5065
5029
5021
4918
4877
4990
5038
4977
5049
5044
4925
4949
5000
5079
5135
5007
5148
5203
5289
5405
5389
5424
5405
5416
5440
5344
5422
5455
5457
5432
5614
5599
5711
5646
5793
5791
5720
5817
5795
5720
5653
5652
5588
5618
5510
5452
5446
5411
5489
5401
5487
5488
5496
5483
5525
5361
5472
5409
5447
5480
5392
5467
5410
5388
5349
5182
5162
5125
5204
5057
4838
4904
4829
4780
4884
4715
4683
4687
4634
4618
4581
4451
4551
4568
4505
4477
4536
4828
4928
4974
4932
4949
5008
4865
4877
4868
4959
5052
4864
4938
4837
4835
4773
4684
4705
4795
4793
4815
4772
4742
4756
4785
4799
4620
4568
4579
4389
4322
4276
4283
4183
4169
4246
4290
4373
4525
4634
4680
4742
4816
4655
4687
4782
4783
4833
4765
4804
4709
4780
4828
4916
5108
4946
4972
5176
5037
5095
5106
4984
5029
4928
4853
4738
4787
4716
4689
4706
4787
4957
5041
5136
5216
5258
5320
5405
5618
5608
5621
5798
5720
5604
5564
5467
5399
5552
5404
5280
5311
5352
5297
5277
5023
5149
5023
4894
4997
4958
4967
5085
5183
5319
5387
5488
5406
5273
5137
5184
5250
4985
5039
4993
5030
5085
5144
5156
5132
5162
5122
5017
5052
5142
5081
5263
5224
5377
5527
5668
5765
5656
5601
5624
5739
5720
5732
5873
5955
5902
5895
5834
5883
5888
5970
6033
5861
5868
5864
5798
5813
5814
5963
5968
5977
6016
6171
6072
6101
6032
6202
6129
6207
6143
6071
6190
6362
6189
6124
5940
5841
5977
5923
6005
6144
6097
5958
5980
5909
5871
5987
5923
5846
5877
5896
5927
6028
6080
6098
5978
6030
6049
5950
5916
5961
6117
6275
6234
6235
6146
6117
6113
6286
6160
6304
6522
6538
6524
6665
6839
6832
6763
6941
6843
6770
6964
6927
6861
6897
6869
6904
6761
6726
6715
6830
6773
6844
6718
6562
6547
6507
6498
6586
6477
6553
6554
6357
6341
6318
6225
6305
6141
6201
6138
6214
6317
6486
6448
6291
6119
6178
6315
6555
6651
6732
6610
6692
6741
6876
6985
6979
6913
6923
7022
7041
6976
6958
7010
6780
6806
6729
6985
7008
6833
6763
6898
6822
6698
6576
6483
6614
6762
6587
6527
6746
6805
6859
6851
6879
6798
6815
6764
6617
6583
6374
6244
6215
6267
6406
6513
6639
6808
6745
6549
6559
6517
6448
6385
6582
6703
6837
6957
6767
6725
6650
6441
6304
6402
6148
6012
5974
5825
5937
5952
5985
6055
5952
6077
5961
6034
5961
5939
6095
5996
5964
5837
5806
5879
5777
5980
5987
5876
5859
5985
6127
6058
5985
6064
6111
6115
6106
6118
5951
6084
5963
5941
6065
6016
6086
6149
6219
6228
6207
6424
6435
6544
6204
6351
6374
6347
6381
6376
6473
6503
6639
6819
6869
6955
6811
6624
6481
6647
6482
6640
6554
6572
6639
6405
6524
6482
6357
6369
6398
6311
6274
