1005000
268234
173949
129433
102341
84767
72037
63026
56261
50026
45474
41225
37783
34781
32665
30396
28690
27180
25414
24301
23058
21780
20932
20193
19493
18931
18105
17133
16367
15863
15178
14432
13933
13562
13253
12974
12721
12415
11938
11506
10886
10567
10252
9973
9775
9448
9081
8942
8507
8668
8587
8416
8381
8215
8032
7767
7611
7375
7300
7256
7330
7464
7334
7166
7048
6872
6734
6702
6536
6503
6507
6360
6240
6177
5868
5771
5634
5698
5699
5703
5634
5532
5388
5552
5433
5501
5392
5290
5263
5251
5326
5164
4988
4976
4816
4842
4904
4763
4769
4684
4662
4733
4632
4846
4894
4878
4795
4717
4544
4510
4446
4327
4205
4205
4182
4170
4098
4063
4006
3932
3992
3898
3911
4043
4044
4098
4103
3943
4011
4065
3996
4000
3905
3870
3956
4002
3990
3891
3866
3924
3894
3954
3962
3943
4062
4154
4155
4139
4062
4158
4057
4010
3894
3864
3744
3720
3693
3780
3842
3779
3858
3767
3626
3624
3440
3527
3604
3648
3820
3806
3845
3634
3452
3368
3228
3128
3039
2980
3023
3002
2898
2830
2830
2770
2638
2634
2670
2745
2795
2854
2692
2744
2694
2778
2684
2699
2763
2826
2883
2902
2928
3024
2970
3106
3011
2994
2959
2985
2959
2923
2828
2817
2740
2573
2537
2552
2556
2524
2410
2451
2358
2320
2399
2352
2413
2485
2377
2485
2455
2543
2529
2486
2573
2586
2593
2566
2668
2719
2673
2449
2495
2548
2646
2710
2874
2742
2715
2824
2806
2835
2837
2700
2607
2562
2535
2554
2617
2627
2478
2484
2557
2610
2532
2494
2570
2644
2694
2538
2635
2640
2545
2560
2614
2516
2496
2599
2533
2643
2716
2714
2738
2705
2742
2715
2802
2826
2735
2657
2650
2699
2638
2704
2659
2635
2644
2610
2453
2479
2527
2526
2582
2591
2441
2404
2471
2416
2407
2517
2575
2478
2419
2359
2311
2319
2491
2445
2446
2318
2299
2302
2253
2307
2289
2340
2359
2323
2455
2467
2540
2592
2631
2556
2653
2681
2629
2673
2767
2722
2791
2793
2843
2974
3012
3093
3088
3085
3073
3223
3127
3210
3164
3064
3184
3196
3215
3168
3212
3112
3003
3069
3035
3082
3011
3002
3022
2970
2990
3064
3119
3228
3228
3207
3318
3358
3364
3340
3331
3453
3457
3416
3331
3366
3415
3335
3480
3537
3700
3643
3726
3777
3894
3772
3808
3755
3716
3808
3721
3638
3681
3701
3613
3611
3691
3591
3713
3800
3849
3885
3861
3799
3749
3748
3756
3811
3782
3659
3776
3794
3934
4026
4181
4420
4607
4625
4547
4538
4573
4540
4562
4547
4655
4667
4726
4599
4666
4494
4528
4451
4494
4596
4515
4555
4575
4489
4603
4647
4572
4527
4504
4504
4495
4512
4565
4621
4710
4782
4640
4630
4626
4643
4751
4887
4904
5079
5024
5114
5180
5178
5260
5120
5243
5043
5149
5148
4954
4943
4848
4847
4896
4833
4936
4908
4847
4956
4994
4943
4866
4798
4852
5016
4882
4895
5069
5176
5054
5175
5194
5108
5257
5272
5557
5713
5636
5626
5481
5465
5386
5403
5557
5436
5391
5320
5266
5130
4968
5086
5073
5039
5081
5029
4923
4851
4899
4689
4586
4671
4875
4946
4731
4718
4671
4612
4641
4548
4374
4286
4202
4197
4268
4391
4405
4402
4387
4539
4519
4727
4737
4685
4614
4752
4892
4973
5080
5098
5101
5190
5047
4879
4758
4816
4716
4629
4706
4741
4769
4792
4733
4851
4889
4748
4709
4728
4698
4636
4560
4528
4666
4882
4807
4732
4828
4713
4631
4661
4690
4711
4767
4714
4332
4484
4618
4636
4577
4613
4653
4828
4916
4816
4664
4540
4584
4661
4594
4504
4463
4463
4342
4461
4543
4576
4404
4622
4645
4532
4442
4362
4398
4460
4454
4456
4504
4632
4759
4735
4737
4811
4848
4834
5021
5026
5119
5014
4930
4961
4914
5030
4924
4977
5079
4933
5066
4949
5025
5114
5019
4951
4969
4780
4634
4658
4692
4541
4622
4611
4555
4445
4533
4646
4751
4900
4898
4795
4798
4826
4826
4991
5015
4895
5143
5238
5157
5353
5359
5320
5322
5484
5469
5569
5542
5439
5371
5423
5654
5558
5653
5685
5722
5774
5927
5828
5752
5778
5931
5938
5991
6038
6081
6123
5973
5956
5873
5782
5753
5606
5435
5339
5430
5338
5228
5105
5028
5097
5212
4969
5051
5014
4913
4905
4746
4689
4849
4851
4854
4893
4909
5018
5193
5345
5440
5619
5676
5918
5775
5637
5714
5651
5766
5907
6015
5840
5764
5820
5869
5738
5822
5875
5867
5975
5910
5841
5966
6009
5924
5809
5785
5782
5641
5796
5850
5990
6101
6101
6335
6325
6372
6207
6238
6210
6010
6068
6193
6162
6155
6274
6137
6077
6323
6374
6155
6153
6114
6182
6108
5991
6030
5981
5995
5844
5739
5502
5560
5752
5945
6281
6274
6045
5922
5780
5969
6023
6098
6186
6185
6199
6219
6224
6048
6106
6023
6063
6142
6060
5885
6120
6093
6176
6183
6098
6113
6097
5967
5740
5815
6014
6129
6046
6089
6168
6114
6149
6232
6071
5994
6051
6108
6125
5824
6002
6187
6053
6051
5876
5827
5759
5943
6095
5946
6014
5870
6101
6172
6173
6133
5983
5983
5844
5657
5665
5578
5517
5380
5426
5510
5487
5567
5473
5409
5383
5312
5530
5546
5564
5462
5273
5418
5402
5364
5498
5614
5554
5574
5825
5683
5785
5727
5541
5552
5627
5528
5521
5509
5471
5472
5616
5734
5757
5852
5895
5665
5683
5788
5899
5864
5901
5793
5633
5507
5622
5503
5604
5797
5719
5625
5653
5815
5873
5941
6062
6018
6023
5840
5799
5701
5826
5722
5798
5784
5777
5935
6025
6185
6005
5922
5890
5860
5877
5958
5954
6224
6357
6367
6182
6029
5882
5804
5821
5861
5795
5811
5674
5577
5522
5495
5506
5423
5403
5338
5384
5491
5705
5681
5518
5537
5524
5561
5670
5562
5686
5562
5674
5724
5840
5890
5941
6067
6186
6098
6250
6125
5934
6081
6126
6143
6151
6008
6148
6127
6196
6292
6272
6311
6285
6313
6403
6402
6254
6393
6254
6243
6136
6065
5969
6025
6172
6305
6342
6494
6378
6502
6441
6578
6582
6430
6534
6648
6640
6724
6827
6676
6667
6521
6497
6472
6497
6254
6089
6124
6107
6170
6252
6113
6138
6222
6237
6239
6447
6236
6392
6201
6189
6163
6020
6049
6184
6346
6230
6226
6297
6339
6247
6213
6300
6383
6298
6251
6521
6280
6265
6208
6168
6314
6323
6264
6185
6254
6214
6111
5914
5866
6082
6139
6212
6132
6090
6173
6246
6413
6350
6344
6257
6378
6213
6088
5874
5988
6044
5884
5880
5871
5802
5748
5718
5760
5817
5682
5772
5656
5665
5578
5685
5678
5453
5406
5298
5292
5252
5177
5318
5314
5298
5430
5333
5394
5419
5492
5422
5464
5594
5713
5643
5536
5633
5595
5481
5488
5539
5680
5459
5341
5551
5491
5435
5454
5416
5593
5669
5671
5721
5649
5686
5739
5730
5846
6010
5876
5734
5816
5756
5669
5542
5558
5484
5412
5359
5369
5387
5553
5497
5623
5673
5454
5422
5513
5426
5624
5705
5827
5608
5654
5692
5519
5550
5605
5624
5664
5599
5477
5377
5420
5298
5266
5238
5434
5475
5581
5539
5619
5669
5637
5554
5721
5703
5722
5889
5874
5780
5910
5947
5954
6117
6099
5957
5933
5826
5911
5833
5851
5642
5542
5303
5182
5268
5228
5208
5340
5122
5018
4834
4880
4894
4894
4808
4836
4900
4940
4898
5076
5050
5215
5305
5474
5758
5842
5768
5527
5693
5423
5476
5325
5250
5208
5150
5372
5518
5614
5631
5641
5526
5423
5368
5443
5360
5354
5411
5193
5056
4991
4987
5069
5142
5212
5280
5259
5225
5305
5315
5529
5658
5676
5639
5681
5548
5624
5784
5747
5780
5647
5566
5625
5631
5703
5683
5648
5508
5533
5645
5782
5611
5598
5759
5820
5690
5682
5460
5471
5467
5533
5567
5367
5371
5295
5447
5396
5379
5352
5291
5316
5388
5550
5636
5813
5690
5680
5880
5946
6035
5845
5760
5655
5613
5878
5856
5820
5895
6015
5826
5620
5685
5760
5778
5771
5879
5764
5828
5621
5626
5564
5620
5668
5806
5883
5943
5865
5754
5856
5794
5847
6030
6035
6002
6183
6209
6324
6360
6326
6271
6356
6261
6228
6178
6267
6390
6483
6274
6303
6158
6202
6291
6392
6375
6510
6272
6159
6136
6071
6080
6248
6331
6297
6234
6219
6121
6280
6345
6291
6381
6267
6283
6383
6369
6460
6681
6696
6737
6761
6794
6857
6758
6675
6623
6720
6671
6546
6524
6725
6796
7059
7291
7149
7329
7075
6809
6841
7028
6893
6875
6838
7028
7081
7069
7071
7008
6953
6996
7003
7049
7234
7388
7363
7552
7634
7667
7701
7788
7930
8111
8093
8097
7932
8108
8139
8161
8089
8282
8246
8084
8023
8033
8152
8368
8307
8312
8072
8122
8161
8105
7983
8285
8235
8221
8195
8365
8565
8373
8458
8648
8419
8414
8478
8620
8629
8600
8579
8543
8490
8483
8535
8686
8739
8774
8787
8585
8674
8608
8285
8240
8256
8467
8358
8241
8222
8129
8208
8249
8159
8126
7860
7737
7648
7505
7429
7310
7188
7237
7364
7311
7271
7196
7202
7116
7106
7191
7336
7477
7485
7373
7249
7122
7248
7054
7006
6999
6919
6958
6987
6673
6614
6525
6392
6455
6654
6493
6460
6353
6460
6587
6730
6906
6949
6949
7129
7084
7201
7369
7503
7438
7519
7495
7359
7141
7040
7251
7197
7362
7481
7582
7688
7752
7622
7605
7592
7789
7766
7810
7791
7598
7417
7299
7193
7343
7230
7173
7183
7092
7222
7038
6932
6973
6908
6886
6850
6964
6944
6854
6874
6863
6999
6858
6753
6612
6558
6469
6543
6602
6778
6779
6833
6906
7109
6920
6786
6583
6556
6589
6784
6823
6701
6509
6562
6418
6552
6756
6527
6486
6238
6197
6290
6246
6166
6171
6123
6199
6067
6085
6087
5970
6127
6247
6426
6494
6554
6520
6428
6314
6247
6062
6082
5994
6103
6164
6225
6229
6059
6008
5942
5958
5979
6060
5952
6227
6085
6092
6231
6183
6034
6103
6111
6196
6245
6165
6268
6276
6429
6437
6333
6179
6246
6325
6081
6105
6071
6119
6303
6286
6063
6026
6238
6228
6142
6104
6347
6186
6005
5926
5850
5976
5869
5643
5588
5448
5383
5394
5567
5715
5708
5897
5901
5785
5703
5729
5742
5776
5542
5446
5480
5299
5294
5392
5652
5818
5961
5964
6079
5966
6044
6043
6135
6293
6384
6512
6300
6406
6523
6649
6795
6797
6741
6891
6832
6829
6750
6690
6590
6536
6334
6373
6512
6551
6638
6476
6483
6532
6413
6502
6607
6583
6568
6671
6784
6666
6631
6538
6593
6384
6604
6690
6560
6490
6574
6409
6435
6449
6582
6564
6510
6722
6789
6845
6867
6858
6760
6617
6674
6731
6914
6830
6815
6677
6779
6868
6881
6731
6677
6449
6381
6309
6328
6295
6289
6361
6232
6127
6234
6315
6364
6404
6364
6346
6487
6675
6463
6479
6478
6540
6318
6169
6201
6232
6306
6056
6270
6278
6393
6316
6140
6193
6206
6454
6282
6195
6248
6154
6001
5863
5890
5827
5785
5680
5786
5712
5665
5716
5780
5764
5730
5734
5642
5637
5747
5679
5601
5755
5704
5629
5561
5576
5552
5433
5576
5624
5623
5634
5591
5506
5602
5629
5705
5791
5781
5766
5824
5888
6010
5644
5781
5678
5687
5693
5669
5666
5624
5743
5728
5714
5742
5688
5783
5643
5735
5761
5806
5976
5829
5887
5837
5746
5862
5951
5918
5815
5880
5859
5828
5886
5954
6021
5992
6065
5913
5907
5985
6007
6126
5970
6211
6090
6133
6260
6229
6120
6130
6108
6313
6289
6260
6188
6161
6040
5933
5843
5785
5791
5781
5732
5887
6020
5893
5865
5864
5993
6011
6091
6162
6087
6022
5954
6047
6133
5983
5906
6093
6160
6105
5935
5961
5974
5891
5722
5404
5410
5340
5421
5368
5346
5424
5480
5533
5599
5810
5841
5650
5730
5672
5626
5606
5643
5712
5665
5669
5802
5864
5914
5864
5736
5745
5818
5945
5812
5917
6086
6061
5898
5916
5827
5661
5715
5706
5674
5711
5617
5715
5610
5568
5642
5736
5632
5618
5393
5209
5217
5276
5471
5609
5700
5673
5574
5503
5429
5507
5488
5505
5458
5468
5386
5234
5296
5202
5188
5189
5072
4990
4985
4947
5145
5243
5176
4934
4834
4776
4714
4844
4826
5047
5011
5196
5134
5120
5197
5110
5200
5095
5126
5151
5017
4919
4956
5045
5038
5060
5006
4885
4900
4915
4824
4852
4952
5001
5121
5240
5229
5188
5270
5336
5373
5406
5273
5026
5008
5009
5164
5255
5242
5354
5419
5575
5481
5547
5660
5549
5613
5553
5572
5531
5595
5654
5616
5493
5527
5289
5378
5400
5387
5309
5267
5116
5061
4938
4883
4883
4742
4559
4401
4605
4554
4604
4544
4324
4296
4234
4374
4299
4259
4254
4183
4130
4222
4265
4081
4248
4176
4078
4104
4268
4328
4358
4404
4516
4641
4839
4960
5121
5243
5239
5361
5435
5219
5355
5220
5227
5250
5218
5257
5224
5236
5180
5170
5139
5180
5182
5175
5294
5295
5246
5205
5268
5244
5234
5257
5369
5206
5223
5117
5036
5164
5194
5203
5068
5123
5073
5098
4921
4857
4854
5030
5061
5030
5028
4953
5025
4929
5057
4947
4820
4971
5069
5082
5118
5159
5242
5384
5402
5516
5409
5533
5643
5381
5483
5440
5453
5267
5281
5221
5218
5226
5148
5141
5076
5084
5229
5212
5292
5152
5354
5427
5583
5590
5519
5664
5584
5487
5401
5403
5260
5185
5229
5143
5193
5362
5191
5323
5262
5212
5486
5518
5632
5640
5633
5763
5766
5927
5958
5869
5889
6022
6187
6222
6093
5915
5947
5971
5975
5977
6171
6265
6290
6450
6609
6781
6754
6842
6716
6811
7102
7232
7195
7250
7230
6973
7248
7062
7035
7012
7184
7225
7169
7090
7123
7249
7272
7190
7219
6934
6908
7077
7097
6993
7086
7149
7231
7241
7194
7165
7164
7146
7109
7210
7036
6860
7023
6943
6690
6584
6480
6384
6386
6568
6601
6666
6567
6402
6387
6425
6471
6531
6397
6266
6280
6480
6402
6331
6278
6197
6111
6068
5963
5906
5843
5772
5708
5745
5700
5563
5738
5811
5708
5819
5857
5814
5811
5803
5786
5809
5934
5820
5719
5645
5772
5850
5889
5710
5780
5687
5748
5817
5849
5751
5668
5858
5905
6019
5973
6003
5884
5991
5926
5896
6127
6151
6242
6337
6263
6325
6230
6436
6681
6678
6610
6743
6799
6662
6821
6959
7163
7059
6905
6978
7058
6928
7087
6972
7048
6942
6970
7014
7021
6989
7007
6765
6723
6870
6765
6831
6839
6639
6598
6690
6641
6483
6560
6853
6904
6797
6793
6734
6773
7007
6977
6875
6825
6852
6751
6571
6604
6390
6371
6360
6341
6344
6523
6447
6487
6471
6515
6631
6534
6595
6542
6588
6621
6804
6834
6764
6883
6934
7011
7078
7230
7244
7303
7239
7257
7102
7137
7195
7205
7128
6965
6952
6898
6625
6463
6710
6816
6985
7126
6937
7036
6892
6998
7122
7212
7433
7449
7590
7524
7525
7520
7447
7642
7429
7642
7664
7425
7337
7348
7266
7272
7435
7454
7248
7177
7181
7022
7021
7148
7013
7035
7114
6976
6817
6616
6665
6707
6534
6696
6727
6723
6731
6681
6657
6547
6440
6676
6767
6649
6703
6781
6789
6899
6895
6908
7012
6984
6852
6917
6891
6846
6971
7162
7124
7087
7062
6958
7089
7225
7173
7001
7172
7311
7291
7113
6816
6845
6798
6801
6778
6676
6583
6431
6344
6405
6241
6148
6007
5933
6060
6045
6133
6059
5974
5938
5819
5828
5811
5672
5411
5395
5315
5272
5254
5163
5150
5271
5294
5363
5230
5156
5167
5237
5051
5090
4862
4788
4731
4783
4655
4367
4292
4264
4168
4270
4281
4110
4063
3944
3851
3799
3818
3934
4048
3781
3737
3816
3830
3891
3883
3874
3858
3880
3841
3806
3915
3866
3774
3657
3647
3480
3438
3422
3514
3571
3675
3714
3635
3665
3605
3665
3500
3399
3469
3575
3518
3564
3675
3669
3675
3713
3773
3601
3734
3695
3646
3869
3853
3977
3993
3984
3935
3897
3833
3811
3855
3834
4062
4008
3906
3948
3954
3880
3984
3938
3871
3824
3690
3736
3619
3625
3712
3783
3815
3884
4082
4211
4330
4257
4266
4173
4126
4187
4263
4335
4446
4398
4447
4595
4619
4561
4701
4684
4725
4871
4890
4924
5007
5021
4986
5155
5273
5259
5085
5214
5280
5305
5288
5310
5427
5434
5435
5448
5463
5405
5419
5493
5595
5456
5628
5591
5603
5681
5687
5747
5659
5788
5660
5612
5549
5893
5863
6023
6159
6233
6458
6422
6344
6187
6048
6014
6063
6064
5908
5879
5958
6045
6071
5996
5992
6139
6109
6211
6207
6340
6199
6223
6004
6217
6432
6557
6486
6454
6520
6582
6567
6522
6409
6340
6388
6447
6518
6528
6484
6691
6647
6686
6785
6783
6766
6657
6716
6746
6581
6581
6526
6455
6368
6404
6366
6316
6279
6041
5896
6028
5902
5918
5946
5942
6239
6317
6289
6465
6439
6465
6410
6348
6176
6452
6583
6573
6563
6380
6339
6391
6354
6444
6316
6429
6601
6622
6630
6840
6721
6838
6737
6812
6632
6649
6593
6671
6710
6871
6751
6663
6734
6708
6509
6261
6381
6391
6529
6541
6563
6557
6424
6490
6390
6460
6418
6357
6457
6410
6478
6425
6586
6477
6507
6350
6487
6380
6314
6141
6159
6293
6180
6175
6204
6192
6350
6341
6256
6482
6346
6259
6435
6335
6257
6116
6265
6092
5860
5957
6016
6251
6158
6167
6437
6461
6402
6466
6422
6522
6799
6820
6670
6744
6583
6572
6553
6594
6703
6711
6695
6674
6665
6686
6832
6722
6590
6459
6408
6597
6703
6866
6815
6777
6785
6839
6710
6854
6732
6824
7038
6796
6871
6714
6689
6773
6951
6785
6782
6853
7064
7192
6856
6730
6732
6477
6682
6828
6835
6974
7003
6842
6748
6734
6524
6508
6578
6632
6634
6650
6695
6776
6811
6839
6889
7015
7082
6869
6857
6820
6891
6788
6604
6622
6530
6581
6569
6501
6164
6089
6201
6184
6105
6094
6215
6164
6324
6408
6410
6493
6495
6392
6284
6250
6393
6333
6205
6347
6342
6335
6371
6333
6374
6233
6232
6129
6136
6269
6332
6347
6256
6462
6526
6667
6741
6600
6428
6520
6611
6637
6611
6506
6332
6428
6532
6565
6732
6741
6794
6818
6762
6745
6649
6713
6725
6947
6771
6775
6835
6831
6905
6711
6747
6683
6728
6807
6826
6849
6839
6691
6789
6737
6786
6859
6804
6664
6672
6741
6856
6981
6795
6767
6731
6795
6743
6818
6737
6820
6861
6904
6978
6882
6807
6769
6652
6695
6764
6701
6557
6748
6867
6838
6831
7114
7026
7144
7109
7336
7413
7263
7163
7382
7186
7120
7260
7230
7231
7141
7052
6935
7056
6940
6935
7066
6970
6973
7013
6842
6784
6789
6710
6580
6764
6780
6692
6743
6736
6833
6974
6959
7049
6942
6941
6917
6940
6814
6899
6990
7016
6915
6742
6691
6840
6795
6664
6566
6623
6674
6596
6487
6585
6536
6500
6684
6780
6928
7099
7200
7226
7347
7342
7451
7550
7654
7752
7829
7676
7591
7582
7408
7404
7305
7352
7152
7270
7302
7161
7174
7077
7179
7348
7292
7222
7215
7326
7363
7335
7358
7396
7410
7420
7297
7281
7210
7467
7416
7491
7395
7223
7144
6885
6842
6773
6686
6529
6727
6784
6858
6766
6886
6954
6886
6861
6764
6589
6628
6692
7027
7113
7227
7054
7122
6943
7054
6944
7082
7106
7081
7043
6962
6826
7080
7069
6996
6963
6866
6803
6969
6936
6948
6776
6915
6980
7015
7084
7148
7027
6954
6958
6837
6747
6613
6644
6525
6555
6602
6697
6926
7229
7373
7582
7425
7274
7494
7462
7353
7337
7401
7216
7230
7139
7016
7207
7423
7442
7418
7586
7819
7588
7697
7682
7700
7709
7647
7532
7560
7358
7469
7420
7279
7482
7444
7435
7282
7262
7239
7366
7492
7600
7586
7464
7426
7537
7470
7370
7283
7226
7459
7464
7377
7387
7431
7406
7615
7710
7728
7640
7829
7836
7887
7706
7583
7472
7469
7320
7350
7319
7343
7247
7294
7219
7189
7122
7191
7051
7017
6867
6952
6682
6768
6949
6985
6854
6718
6746
6765
6845
6901
6944
7332
7636
7607
7642
7438
7444
7421
7492
7435
7324
7631
7729
7760
7750
7948
7767
7737
7704
7603
7302
7293
7112
7090
7036
6965
7023
7144
7128
7159
7016
6920
7000
7273
7432
7474
7495
7566
7632
7538
7639
7608
7605
7507
7567
7460
7338
7215
7070
6997
6950
6772
6713
6670
6613
6658
6745
6807
6712
6754
6628
6476
6402
6394
6404
6458
6259
6300
6467
6407
6253
6084
6212
6179
6280
6216
6159
6278
6455
6551
6352
6485
6596
6673
6752
6819
6826
6769
6908
6878
6899
7131
7141
7262
7130
7156
7124
7193
7252
7244
7511
7520
7354
7251
7327
7299
7284
7475
7252
7290
7414
7478
7427
7393
7281
7174
7220
7223
7207
7116
7095
7145
7151
7129
7346
7277
7199
7368
7475
7356
7185
7099
7326
7229
7184
6961
6787
6676
6385
6352
6536
6770
6871
6729
6592
6366
6449
6432
6499
6447
6505
6367
6232
6309
6414
6381
6278
6293
6550
6477
6477
6470
6377
6428
6520
6473
6541
6666
6659
6686
6839
6943
7106
7123
7142
7026
7263
7173
7157
7128
7352
7328
7343
7290
7276
7184
7264
7133
6978
6881
6721
6866
6860
6845
6897
6841
6740
6738
6873
6784
6792
6697
6683
6602
6710
6632
6615
6398
6338
6510
6459
6436
6517
6560
6449
6596
6514
6560
6373
6306
6309
6250
6259
6226
6235
6405
6384
6455
6448
6456
6322
6361
6442
6471
6740
6839
6923
6836
6831
6877
6864
6809
6757
6881
6895
6906
6879
6874
6838
6695
6743
6468
6411
6560
6603
6400
6352
6379
6274
6260
6324
6235
6349
6540
6469
6578
6470
6237
6454
6376
6461
6341
6208
6183
6173
6248
6401
6536
6687
6817
6916
6880
6759
6724
6651
6572
6563
6592
6493
6316
6305
6566
6542
6368
6441
6436
6515
6559
6681
6672
6826
6942
6876
7033
7087
7106
7149
7229
7220
7349
7274
7408
7491
7574
7639
7481
7352
7488
7628
7556
7566
7588
7468
7521
7453
7410
7398
7553
7496
7601
7298
7441
7234
7284
7238
7034
6904
6983
7056
7226
7222
7144
7258
7238
7267
7219
7394
7373
7319
7294
7315
7482
7428
7481
7586
7707
7539
7457
7363
7431
7413
7432
7416
7408
7452
7467
7417
7410
7221
7387
7292
7289
7391
7440
7419
7353
7398
7389
7277
7251
7253
6892
6848
6830
6778
6771
6526
6501
6466
6500
6505
6388
6273
6167
6231
6214
6277
6119
6035
6116
6310
6270
6202
6377
6390
6407
6404
6390
6385
6220
6181
6359
6348
6218
6151
6274
6315
6227
6296
6468
6270
6180
6197
6121
6037
5949
6093
5955
6049
6013
6172
6125
6055
6088
5788
5703
5601
5662
5678
5659
5618
5738
5618
5483
5589
5692
5666
5690
5558
5368
5420
5386
5465
5685
5867
5904
5909
5926
5981
5971
5753
5721
5738
5647
5742
5693
5662
5908
5904
5817
5902
5882
5701
5628
5661
5721
5726
5814
5731
5843
5804
5680
5669
5760
5731
5797
5925
5767
5686
5737
5720
5926
5870
5919
5991
5864
5676
5566
5627
5667
5696
5671
5676
5761
5855
5678
5763
5753
5799
5797
5893
6046
6054
5844
5927
5961
5866
5882
5922
6112
6167
6068
5836
5968
6092
5913
5899
6195
6194
6340
6491
6785
6667
6756
6580
6510
6522
6641
6594
6533
6473
6589
6349
6145
6047
6074
6002
5949
5954
5910
6217
6172
6053
6159
6143
6117
6331
6329
6434
6405
6569
6591
6754
6759
6627
6656
6629
6476
6522
6394
6285
6314
6242
6317
6286
6172
6205
6181
6294
6276
6331
6219
6276
6209
6309
6181
6061
6023
6029
5968
6005
5787
5656
5664
5724
5649
5741
5938
5843
5843
5692
5710
5677
5746
5645
5651
5834
5883
5734
5612
5518
5619
5550
5630
5725
5909
5637
5488
5625
5443
5277
5329
5462
5339
5460
5539
5611
5671
5607
5537
5506
5389
5363
5308
5169
5130
5212
5256
5192
5329
5259
5290
5267
5260
5401
5394
5517
5529
5532
5527
5688
5916
5798
5814
5770
5883
6049
5888
6046
6006
5807
5854
5747
5704
5643
5639
5796
5768
5755
5730
5804
5981
6047
6070
6124
6249
6136
6003
5917
5994
6048
6022
5967
5986
5947
5949
5792
5843
5784
5899
5829
5768
5873
5655
5596
5674
5625
5830
5628
5614
5708
5743
5713
5549
5539
5565
5700
5600
5618
5578
5505
5393
5634
5716
5787
5613
5466
5496
5488
5478
5439
5420
5286
5191
5234
5227
5227
5066
5183
5414
5530
5646
5757
5966
6041
6062
5978
5956
5989
6047
6319
6428
6449
6446
6472
6580
6765
6708
6547
6450
6516
6634
6627
6564
6516
6648
6749
6970
6904
6836
6551
6601
6445
6555
6679
6774
6894
6837
6848
6743
6628
6779
6763
6735
6650
6475
6367
6716
6611
6481
6629
6598
6577
6582
6511
6455
6424
6518
6519
6702
6743
6729
6996
6979
7025
6936
6943
6720
6747
6667
6725
6676
6613
6634
6713
6569
6695
6524
6548
6859
6942
6867
6803
6855
7142
7309
7136
7155
7229
7355
7242
7452
7494
7474
7328
7524
7376
7305
7349
7229
7228
7117
7220
7151
7184
7323
7327
7219
7014
7013
6863
6826
7128
7103
7002
7242
7416
7473
7524
7438
7485
7380
7407
7392
7409
7167
7139
7351
7136
7236
7209
6971
6894
6916
6843
6733
6779
6875
6845
6880
6832
7126
7098
7086
7112
6913
6924
6915
6894
6845
6876
6947
6844
6886
6671
6549
6457
6475
6458
6538
6552
6641
6689
6592
6375
6446
6435
6413
6498
6500
6511
6347
6253
6434
6496
6545
6712
6708
6612
6664
6651
6632
6615
6534
6520
6530
6572
6476
6551
6716
6699
6665
6568
6700
6480
6491
6428
6429
6580
6683
6840
6743
6788
6902
6793
6879
6670
6611
6602
6623
6581
6551
6428
6507
6460
6382
6554
6692
6921
7037
7002
7043
7084
7202
7194
7301
7367
7570
7615
7590
7621
7581
7498
7445
7585
7429
7476
7584
7438
7449
7402
7399
7363
7294
7371
7240
7210
7155
7292
7225
7274
7319
7408
7205
7299
7071
7120
7117
7091
6989
7124
6915
7152
7215
7147
7176
6952
6978
7021
6902
6778
6487
6531
6504
6411
6501
6413
6600
6475
6712
6793
6818
6888
6795
6580
6547
6521
6600
6545
6461
6452
6364
6211
6406
6327
6468
6382
6269
6295
6491
6656
6690
6560
6582
6652
6719
6567
6637
6565
6326
6283
6349
6395
6193
6263
6160
6070
6141
6266
6079
5966
6028
5951
5899
6023
6112
6111
6030
6033
6021
6124
6205
6212
6157
6127
6059
5775
5756
5601
5605
5685
5660
5612
5641
5662
5783
5874
5920
5880
6022
6114
6062
5967
5931
5920
5801
5849
5827
5583
5551
5694
5718
5791
5859
5933
5896
5832
5808
5558
5603
5546
5498
5641
5479
5486
5598
5871
6004
5974
5863
5903
5825
6000
6169
6158
6306
6346
6347
6427
6362
6290
6286
6479
6532
6619
6582
6589
6664
6687
6829
6790
6964
6964
7022
6774
6910
6803
6729
6762
6671
6441
6539
6339
6205
6247
6215
6351
6424
6539
6478
6388
6579
6601
6629
6429
6488
6645
6850
7090
7224
7174
7237
7276
7248
7259
7166
7133
6992
6927
7074
7016
7035
7047
7093
6944
6835
6774
6814
6864
6975
6913
6939
6979
7229
7164
7076
7183
7378
7268
7413
7441
7475
7449
7413
7468
7443
7455
7515
7484
7340
7358
7256
7215
7343
7372
7473
7683
7886
7890
7863
7916
8074
8120
8137
7827
7664
7666
7752
7831
7902
7710
7720
7852
7775
7651
7712
7594
7454
7234
7300
7330
7323
7138
7184
7339
7163
7368
7425
7557
7934
7880
7853
7975
7963
7688
7600
7518
7549
7680
7559
7426
7582
7539
7392
7109
7084
7026
7066
7081
7029
7116
7098
7116
6988
7148
7019
6976
6982
7071
7143
7071
7194
7023
6903
6855
6828
6745
6830
6658
6781
6733
6580
6622
6441
6507
6483
6412
6247
6189
6232
6442
6491
6507
6524
6628
6856
7132
7262
7265
7398
7437
7376
7381
7166
7193
7253
6992
7057
6982
6872
6948
7017
7046
7128
7135
7056
6957
6984
7091
6863
7095
7073
7088
6926
7045
7019
7005
7038
6746
6712
6646
6801
6741
6859
6703
6683
6654
6455
6303
6179
6160
6206
6022
5985
6000
6188
6007
5979
5984
5904
5794
5796
5727
5822
5868
5755
5854
5836
5637
5827
5875
5822
5694
5569
5541
5480
5473
5471
5353
5527
5357
5403
5507
5400
5386
5497
5539
5572
5602
5469
5429
5481
5416
5263
5186
5126
5187
5250
5217
5128
5272
5255
5203
5178
5066
5283
5341
5401
5232
5148
5160
5083
5080
4845
4835
4658
4757
4711
4829
4658
4805
4831
4925
4856
4856
4950
4882
4759
4787
4669
4524
4514
4493
4442
4627
4610
4593
4544
4648
4785
4766
4817
4821
4765
4745
4858
4804
4790
4854
4919
4864
4991
4857
4800
5077
4986
4934
4946
4892
4919
4881
4963
5012
4944
4839
4689
4528
4587
4581
4590
4609
4690
4509
4527
4556
4562
4439
4383
4461
4647
4603
4680
4798
4931
4841
4748
4620
4665
4705
4666
4575
4640
4588
4559
4410
4337
4240
4059
4166
4210
4166
4074
4253
4070
4224
4100
4070
4133
4183
4230
4244
4330
4358
4581
4383
4488
4501
4557
4639
4800
4856
4889
4837
4712
4688
4706
4671
4808
4797
4769
4702
4604
4633
4579
4535
4433
4459
4586
4564
4556
4657
4524
4611
4643
4634
4403
4365
4353
4420
4364
4303
4246
4305
4178
4228
4317
4286
4325
4338
4199
4071
4063
4070
4146
4282
4233
4187
4251
4431
4418
4393
4381
4498
4761
4958
4937
4867
4654
4550
4827
4833
4915
4905
4897
5053
5023
4979
5110
5115
5005
4904
5043
4883
4880
4807
4836
4783
4801
4697
4745
4582
4655
4632
4655
4645
4694
4574
4725
4759
4696
4756
4700
4620
4521
4363
4311
4271
4297
4335
4353
4325
4391
4484
4545
4672
4533
4424
4261
4363
4280
4308
4230
4290
4400
4475
4646
4731
4742
4750
4830
4969
4985
5026
4876
4633
4614
4580
4724
4888
4852
4830
4919
5122
5130
5216
5417
5572
5659
5608
5612
5672
5562
5562
5644
5721
5710
5630
5718
5513
5558
5785
6009
5887
5862
5934
5922
6053
5890
5785
5563
5742
5964
6080
6085
