1005000
267156
174299
130073
103491
86319
73871
64346
56631
50653
45873
41592
38045
35284
33012
30587
28323
26084
24847
23492
22082
21207
20255
19711
18685
18089
17288
16304
15963
15186
14411
13822
13618
13133
12701
12567
12237
12045
11622
11195
11093
10910
10587
10441
10245
10266
10059
9776
9436
9305
9204
9071
8816
8417
8322
8064
7949
7735
7462
7310
7280
7073
6929
6696
6610
6471
6566
6598
6448
6105
5981
5829
5694
5747
5610
5614
5436
5302
5173
4988
4934
4802
4910
4950
4846
4772
4680
4558
4586
4555
4516
4526
4502
4432
4258
4121
4110
3974
3920
3808
3927
3764
3637
3518
3638
3503
3437
3392
3445
3322
3237
3246
3214
3093
3209
3324
3212
3016
3113
3149
2970
2930
2956
2992
2979
2983
2952
2915
2967
3042
3082
2991
2862
2832
2803
2783
2824
2820
2859
2853
2941
2821
2856
2912
2958
3005
3078
3124
3059
3068
2991
2977
2911
2654
2704
2497
2506
2421
2409
2358
2464
2430
2418
2459
2366
2307
2313
2337
2311
2256
2310
2342
2326
2368
2457
2520
2583
2436
2465
2458
2381
2268
2407
2364
2365
2377
2431
2427
2373
2421
2393
2211
2169
2185
2207
2275
2349
2412
2511
2581
2488
2362
2449
2449
2369
2419
2467
2556
2571
2587
2680
2661
2540
2567
2493
2478
2484
2473
2458
2430
2328
2344
2361
2379
2345
2560
2612
2596
2710
2708
2763
2740
2714
2652
2729
2688
2604
2717
2794
2801
2731
2577
2667
2705
2733
2790
2878
2856
2799
2702
2647
2692
2704
2653
2652
2523
2517
2561
2656
2709
2736
2735
2608
2535
2509
2413
2484
2530
2557
2583
2543
2464
2529
2446
2350
2251
2190
2118
2095
2150
2130
2221
2272
2215
2169
2107
2055
2019
2048
2089
2187
2253
2199
2131
2188
2185
2221
2322
2334
2256
2148
2118
2115
2055
2022
2035
2167
2268
2272
2247
2280
2291
2365
2403
2460
2572
2584
2493
2487
2472
2446
2447
2415
2406
2335
2421
2415
2422
2415
2514
2430
2610
2533
2533
2578
2771
2736
2737
2751
2834
2867
2832
2877
2832
2788
2726
2655
2782
2822
2860
2844
2772
2779
2846
2900
2806
2816
2906
2915
2951
2969
3045
3071
3078
3003
3025
2966
2998
2884
2800
2888
2823
2723
2796
2690
2688
2550
2403
2409
2436
2493
2445
2472
2428
2569
2568
2490
2602
2506
2447
2490
2608
2653
2733
2761
2821
2919
3000
2968
2965
2851
2971
3029
3063
3076
3044
3278
3144
3021
3034
2972
3057
3090
3101
3229
3171
3172
3117
3202
3251
3213
3379
3390
3440
3523
3665
3822
3965
3837
3874
3829
3846
3918
3983
4049
3965
3872
3892
3830
3813
3801
3872
3743
3627
3527
3600
3595
3528
3637
3718
3748
3675
3589
3714
3802
3806
3839
3820
3898
3882
4039
3937
3921
3963
3928
3802
3863
3760
3867
3926
3957
4002
3981
3966
4116
4209
4233
4234
4154
4204
4159
4091
3894
3868
3856
3930
3970
4013
4059
4129
4205
4275
4118
4183
4321
4462
4540
4727
4764
4792
4786
4853
4706
4668
4552
4520
4431
4366
4203
4208
4246
4382
4396
4493
4411
4321
4154
4095
4268
4213
4317
4215
4100
4020
3885
3837
3851
3980
3919
3819
3812
3916
4094
3967
3872
3887
3943
3773
3885
4019
4017
3842
3788
3742
3750
3858
4014
4069
4023
4038
4215
4286
4303
4155
4126
4280
4241
4260
4377
4439
4519
4467
4614
4584
4580
4517
4351
4410
4573
4564
4420
4414
4553
4459
4504
4465
4509
4535
4685
4724
4762
4849
4908
4952
4908
4973
4859
5002
4957
5125
5294
5367
5277
5157
5016
5086
5028
5051
4999
4918
4901
4811
4739
4706
4820
4784
4742
4688
4694
4632
4669
4686
4800
4686
4888
4867
4837
4866
5109
5190
5044
5110
4936
4946
5130
5348
5498
5540
5449
5510
5521
5604
5610
5541
5457
5530
5648
5575
5610
5740
5721
5985
5783
5992
6038
6174
6326
6210
6065
6089
6034
6005
5950
5951
5927
5960
5969
5848
5849
5737
5675
5749
5731
5800
5927
5752
5632
5439
5391
5413
5409
5384
5532
5592
5550
5558
5534
5623
5643
5662
5644
5576
5586
5570
5532
5635
5664
5447
5540
5651
5678
5759
5861
5802
5619
5639
5587
5457
5473
5324
5301
5223
5339
5260
5210
5083
5163
5187
5182
5092
5094
5180
5251
5207
5248
5326
5199
5114
4920
4859
4705
4721
4769
4740
4789
4759
4650
4739
4757
4827
4942
5080
5290
5169
5307
5269
5233
5328
5190
5092
5128
5217
5267
5195
5355
5226
5281
5238
5080
4994
4981
5134
5194
5183
5128
5015
4918
4972
4943
4893
4993
5037
5137
5101
5032
5108
4960
4961
5079
5022
5132
5078
5088
5035
5020
5075
4995
4956
4900
4855
4798
4864
4815
4728
4687
4631
4648
4438
4443
4226
4263
4376
4394
4464
4568
4515
4502
4586
4557
4503
4500
4525
4444
4309
4302
4364
4490
4658
4635
4674
4811
4726
4815
4746
4686
4560
4695
4651
4590
4618
4677
4568
4567
4673
4631
4713
4435
4456
4480
4675
4659
4652
4687
4753
4674
4658
4682
4775
4586
4780
4895
4868
4963
5041
5027
4914
5042
4967
4995
4980
4997
5174
5337
5311
5384
5397
5365
5400
5349
5398
5233
5143
5177
5173
5170
5094
4993
4989
4833
4907
5014
4843
4925
5039
5069
5016
5030
5041
4868
4961
4872
4846
4785
4836
4802
4805
4907
5051
4900
4920
4909
4820
4698
4683
4823
4901
4994
4938
4996
4986
4851
4938
4870
4964
5072
5008
4935
4840
4865
4872
4669
4768
5042
5027
5234
5049
4975
5002
5036
4842
4792
4894
4933
4991
5045
5125
5054
5151
5096
5022
5043
4945
5046
5107
5068
5031
5140
5098
5170
5091
5066
5078
5181
5229
5336
5325
5158
5215
5340
5282
5364
5359
5197
5218
5279
5320
5162
5274
5324
5408
5375
5454
5539
5421
5289
5355
5096
5032
4946
4992
4973
5064
5193
5136
5264
5203
5318
5499
5720
5756
5796
5766
5652
5587
5699
5768
5712
5769
5731
5672
5650
5719
5800
5825
5802
5842
5990
6029
6209
6171
6255
6241
6051
6043
5917
6103
6105
6102
6075
6086
6197
6392
6509
6278
6309
6265
6252
6414
6341
6253
6435
6447
6181
6242
6306
6469
6523
6307
6363
6623
6605
6508
6482
6501
6667
6614
6424
6509
6443
6415
6389
6488
6407
6470
6471
6474
6603
6710
6596
6734
6655
6657
6560
6723
6608
6380
6433
6539
6461
6402
6410
6494
6432
6376
6401
6362
6117
5976
6085
6120
6092
6097
6021
6156
6012
6032
6066
6007
5872
5672
5590
5755
5831
5889
5791
5797
5581
5577
5616
5587
5518
5394
5514
5542
5557
5343
5539
5411
5436
5497
5409
5436
5498
5683
5557
5671
5744
5656
5668
5633
5629
5703
5763
5643
5492
5538
5514
5294
5339
5376
5131
5108
4986
4960
4701
4695
4738
4713
4618
4602
4562
4691
4553
4560
4646
4574
4533
4539
4717
4675
4672
4473
4441
4499
4357
4336
4287
4164
4300
4487
4452
4488
4480
4431
4298
4469
4520
4487
4319
4426
4525
4603
4756
4712
4506
4517
4734
4738
4838
4967
4829
4844
5002
4939
4992
5081
5275
5222
5305
5263
5187
4997
4958
5069
5025
5179
5076
4974
5065
5129
5082
5161
5104
5170
5148
5094
5015
5088
5043
5111
5223
5140
5142
5186
5335
5462
5476
5484
5552
5598
5556
5582
5727
5874
5981
5939
5857
5809
5886
5802
5847
5766
5768
5633
5605
5635
5571
5562
5340
5274
5430
5344
5486
5552
5407
5348
5388
5309
5513
5778
5627
5702
5669
5660
5752
5517
5569
5544
5524
5660
5778
5649
5656
5657
5760
5854
6028
5903
5802
5679
5705
5690
5667
5482
5392
5540
5642
5400
5468
5533
5643
5516
5550
5633
5594
5727
5445
5513
5454
5386
5363
5213
5157
5112
5194
5247
5178
5404
5411
5316
5310
5388
5430
5416
5634
5543
5543
5473
5441
5376
5440
5449
5422
5389
5590
5617
5636
5639
5585
5507
5578
5422
5551
5663
5815
6017
5902
5961
6030
6093
6145
6140
6037
5870
5887
5871
6051
5956
5908
5933
5758
5693
5761
5680
5869
5773
5847
5834
5963
6026
5875
5580
5645
5472
5492
5568
5584
5602
5619
5679
5739
5632
5622
5660
5829
5905
6027
6057
6062
6110
6249
5956
6011
6032
6086
6146
6248
6319
6278
6177
6259
6242
6261
6168
6069
5962
5934
5861
5776
5774
5791
5712
5769
5832
5685
5523
5350
5349
5250
5434
5587
5606
5562
5536
5588
5540
5572
5666
5644
5685
5763
5957
6035
5974
6317
6584
6625
6384
6522
6497
6428
6538
6501
6373
6319
6331
6345
6120
6098
6315
6211
6307
6457
6601
6721
6740
6742
6722
6556
6579
6393
6318
6376
6301
6353
6393
6454
6505
6572
6615
6409
6439
6358
6094
6224
6110
6057
5873
5929
6029
5912
5883
5912
5952
5916
5953
5951
5763
5916
5802
5707
5725
5691
5704
5511
5295
5325
5331
5340
5350
5573
5572
5517
5672
5673
5616
5677
5676
5763
5545
5523
5473
5596
5481
5588
5522
5520
5447
5297
5291
5161
5155
5227
5187
5317
5396
5338
5225
5119
5090
5114
5035
5050
5051
5134
5251
5209
5205
5179
5177
5051
4991
5040
5131
5059
5027
4933
4906
4901
4781
4816
4787
4654
4853
4791
4862
4749
4939
5117
5029
5129
5001
5102
5058
5103
5199
4935
4829
4762
4853
4816
4836
4695
4516
4533
4402
4366
4379
4287
4360
4458
4411
4422
4420
4465
4514
4444
4438
4444
4496
4453
4504
4715
4810
4783
4800
4895
4956
4937
4977
4930
4959
4883
4843
4833
4767
4869
4829
4977
5088
5308
5237
5357
5337
5343
5173
5272
5301
5383
5375
5423
5542
5630
5471
5403
5303
5204
5278
5187
5179
5156
5124
5135
5220
5075
4994
5015
5022
5007
5139
5141
5170
5149
5112
5242
5242
5277
5313
5216
5136
5193
5433
5467
5434
5383
5402
5403
5271
5079
5240
5183
5112
5062
5092
5011
5003
4906
4960
4893
5054
4937
4820
4824
4625
4694
4581
4514
4464
4476
4421
4420
4376
4403
4409
4410
4348
4427
4378
4292
4328
4285
4355
4154
4152
4276
4228
4359
4495
4655
4665
4609
4741
4750
4661
4794
4757
4739
4701
4737
4710
4845
4788
4879
4938
4934
4988
5083
5190
5142
5095
5070
4926
4959
4852
4905
4894
4820
4894
4950
5017
5146
5174
5321
5147
5074
5029
5128
5105
5097
5073
4850
4973
5040
4968
4918
4974
5021
4923
5069
5008
4988
5057
5027
4956
4899
4925
5007
4857
4741
4993
5097
5062
5108
5296
5243
5397
5427
5345
5203
5174
5116
5062
4974
4997
4979
5132
5104
5174
5040
5073
5184
5229
5142
5230
5201
5076
5026
5114
5085
5058
5138
5140
5085
5281
5148
5271
5293
5084
5320
5409
5593
5587
5613
5829
5869
5843
5802
5833
5815
5884
5979
5848
5810
5877
5849
5868
5918
6007
5887
5689
5831
5827
6083
6249
6316
6323
6529
6378
6495
6552
6740
6530
6604
6706
6701
6632
6660
6601
6588
6671
6689
6590
6457
6173
6376
6480
6481
6606
6752
6780
6825
6615
6652
6594
6535
6588
6581
6711
6753
6805
6817
6803
6790
6721
6806
6833
6811
6674
6680
6506
6636
6654
6742
6678
6482
6604
6626
6520
6637
6381
6567
6573
6620
6688
6862
6726
6729
6677
6778
6906
6852
6621
6783
6705
6737
6731
6833
6713
6722
6663
6694
6556
6665
6696
6859
6875
6897
7016
6966
6933
6941
7061
7064
7208
7299
7179
7157
7264
7028
7003
6829
6830
6751
6733
6780
6823
6989
6829
6705
6682
6590
6521
6365
6509
6509
6482
6300
6247
6330
6268
6327
6113
5944
6210
6200
6257
6296
6310
6353
6571
6389
6402
6351
6315
6244
6334
6379
6250
6356
6060
6008
6105
6088
6300
6316
6108
5943
6109
6427
6577
6560
6316
6460
6524
6475
6337
6600
6416
6496
6644
6540
6429
6219
6131
6053
6127
6121
6066
6046
6163
6217
6083
6026
5894
5783
5853
5772
5823
5901
6080
6116
5976
5985
5963
5966
6049
6125
6260
6268
6289
6439
6670
6502
6543
6935
6979
6921
7121
7050
6830
6848
6912
6821
6698
6639
6742
6938
6930
7049
7019
6785
6715
6711
6835
6965
6877
7054
7103
7088
6904
6916
6841
6931
6874
6833
6767
6857
6857
7057
7001
7091
6941
6869
6888
6952
7010
6898
6802
6946
7012
6899
6932
6915
6973
6877
6794
6799
6742
6812
6925
6886
6702
6617
6470
6369
6430
6299
6323
6161
5969
5987
5922
5940
5781
5836
5860
5662
5597
5363
5506
5385
5309
5448
5459
5492
5627
5840
5869
5851
5702
5573
5747
5829
5782
5690
5698
5635
5558
5587
5611
5757
5767
5687
5895
6007
5969
6082
5871
5768
5831
5885
6010
6069
6044
6071
6261
6244
6185
6285
6371
6532
6529
6620
6509
6474
6493
6417
6503
6487
6389
6363
6476
6503
6638
6497
6545
6592
6801
6864
7054
7058
6905
6832
6992
6982
6968
6690
6757
6780
6701
6767
6932
6852
6831
6640
6458
6409
6393
6497
6677
6532
6639
6607
6626
6382
6337
6407
6381
6377
6399
6402
6284
6151
6146
6095
6092
5796
5759
5862
5854
5861
5777
5862
5925
5997
6002
6033
6100
5963
5966
5933
5887
6031
6169
6117
6130
6207
6167
6124
6324
6146
6214
6048
6061
6180
6149
6225
6196
6026
5875
6110
6068
6196
6187
6149
6011
5934
5924
5631
5492
5220
5269
5278
5117
5154
5096
5089
5080
5143
5202
5237
5320
5318
5183
5212
5075
5075
4865
4679
4787
4948
4897
4832
4901
4795
4751
4739
4747
4724
4717
4884
4715
4766
4881
4837
4721
4716
4767
4459
4576
4737
4854
4935
4867
4760
4680
4769
4761
4871
4812
4901
5010
5154
5161
5235
5243
5142
5105
5256
5366
5428
5633
5510
5702
5655
5747
5578
5530
5565
5490
5412
5341
5329
5324
5475
5328
5254
4996
5126
5228
5231
5155
5264
5176
5248
5321
5313
5397
5332
5567
5671
5745
5575
5847
5964
5823
5715
5760
5801
5532
5503
5545
5590
5545
5507
5590
5538
5297
5323
5438
5461
5393
5391
5377
5518
5382
5254
5364
5395
5451
5275
4953
4812
4788
4771
4778
4739
4667
4758
4813
4861
4961
5009
5067
4953
5093
5214
5175
5143
5022
4874
4768
5058
4990
5113
5204
5082
5180
5234
5251
5325
5386
5456
5428
5383
5365
5457
5557
5484
5645
5576
5464
5354
5352
5246
5291
5360
5264
5311
5495
5568
5593
5793
5868
5820
6047
5932
6127
6131
5974
6062
6180
6032
6097
6255
6186
6007
6136
6041
5822
5670
5764
5915
5839
5759
5838
5822
5866
5858
5943
5925
5833
5940
5825
5870
5768
5729
5731
5759
5838
5793
5796
5947
6047
6052
5912
5927
6064
6212
6244
6358
6269
6172
6247
6423
6374
6463
6634
6565
6474
6349
6586
6430
6317
6375
6487
6443
6439
6683
6719
6584
6581
6692
6810
6856
6865
6740
6831
6696
6602
6864
6732
6672
6737
6693
6806
6884
6865
6972
7117
7030
6946
6970
7054
7043
7209
7124
7099
7242
7221
7274
7326
6996
6884
6917
6934
6976
7118
7097
7149
7179
7195
7093
7168
7109
7384
7332
7341
7394
7334
7420
7338
7490
7590
7498
7322
7299
7528
7611
7543
7573
7715
7507
7291
7391
7490
7510
7495
7464
7317
7333
7239
7054
7161
7066
7098
7014
7182
7237
7273
7316
7447
7209
7267
7232
7206
7240
7169
7045
7127
7291
7320
7323
7240
7111
7176
7054
7218
7329
7345
7414
7352
7542
7570
7556
7603
7392
7400
7352
7100
6996
7042
7141
7181
7127
7152
7128
7126
7025
6985
7107
6983
7062
7290
7256
7061
7158
7235
6838
6946
7004
7024
7133
7072
6908
6687
6722
6841
6770
6763
6719
6660
6593
6435
6431
6453
6630
6794
6703
6602
6556
6563
6701
6692
6687
6781
6886
6904
7064
7112
7303
7367
7309
7426
7307
7459
7489
7628
7577
7629
7519
7629
7685
7907
8038
7985
8047
7967
7928
7783
7802
7929
7836
7901
7801
7818
8038
8034
7885
7810
7593
7622
7832
7615
7557
7604
7690
7521
7719
7627
7766
7801
7858
8020
8090
8094
8009
7787
7824
7837
7858
7855
7669
7730
7776
7764
7811
7831
7749
7780
8011
8062
8059
7952
7999
7690
7657
7570
7705
7908
7948
7881
7848
7883
7757
7742
7884
7774
7762
7593
7306
7359
7400
7435
7451
7507
7289
7183
7038
7097
7053
7121
7057
7028
6848
6628
6664
6617
6600
6585
6606
6499
6463
6561
6576
6732
6654
6850
6685
6628
6548
6560
6639
6620
6788
6618
6724
6591
6443
6422
6235
6209
6224
6329
6352
6388
6369
6358
6439
6487
6321
6199
6178
6204
6259
6278
6240
6350
6340
6308
6469
6117
5990
6036
5925
5940
5855
5854
6060
6227
6094
6113
6051
6087
5989
6106
6143
6171
6105
6226
6161
6032
5973
5926
6020
5989
6180
6112
6004
5958
6033
6045
6037
6126
6206
6193
6125
6090
6022
5938
5777
5877
5793
5856
5980
5936
5937
5926
5842
5988
6084
6256
6046
6176
6284
6193
6126
6237
6471
6182
6237
6193
6358
6412
6483
6340
6456
6592
6663
6606
6766
6813
6805
6595
6685
6684
6748
6601
6603
6680
6531
6365
6347
6534
6645
6660
6635
6716
6682
6704
6524
6356
6349
6481
6576
6503
6480
6458
6401
6707
6605
6682
6577
6674
6657
6548
6623
6671
6718
6740
6772
6779
6794
6716
6560
6279
6158
6160
6041
6022
5861
5855
5870
5885
5718
5663
5753
5924
5832
5824
5768
5599
5557
5600
5501
5536
5720
5707
5817
5724
5571
5436
5436
5365
5209
5349
5315
5447
5300
5559
5578
5541
5562
5527
5659
5553
5840
5669
5562
5784
5767
5864
5767
5723
5803
5711
5657
5716
5623
5541
5680
5575
5627
5512
5435
5584
5775
5692
5580
5558
5640
5695
5658
5522
5596
5537
5537
5404
5606
5765
5628
5687
5941
6130
6137
6258
6400
6274
6310
6304
6506
6760
6882
6946
6980
6871
6858
6838
6953
6810
6977
7168
7262
7347
7468
7587
7471
7349
7333
7303
7310
7486
7478
7428
7454
7576
7564
7496
7286
7435
7518
7474
7425
7571
7398
7190
7240
7092
6907
6930
6991
6966
6989
6980
6990
7100
6992
7100
7137
7050
7027
7181
7137
7203
7227
7195
7191
7106
7090
6959
7039
7094
6831
6949
6910
6805
6912
6977
6855
6760
6751
6562
6737
6751
6737
6823
6581
6428
6347
6329
6425
6500
6613
6541
6528
6513
6490
6387
6178
6078
6157
6076
5877
5819
5821
5781
5633
5774
5722
5496
5486
5522
5566
5527
5612
5561
5743
5918
5848
5949
6019
6108
5942
6146
5988
5971
5982
5975
5970
5821
5717
5627
5685
5640
5607
5659
5655
5660
5675
5679
5688
5914
5792
5742
5833
5849
5616
5636
5735
5853
5922
5900
5716
5726
5491
5365
5266
5366
5306
5137
5143
5078
5001
5119
4944
5094
5076
5030
4934
4889
4763
4811
4622
4518
4534
4549
4490
4594
4590
4528
4595
4667
4627
4930
4770
4775
4849
4837
4865
4999
4944
5021
5078
5166
5149
5052
4858
4787
4774
4680
4726
4653
4696
4564
4493
4575
4546
4621
4578
4660
4600
4731
4654
4548
4598
4491
4467
4334
4489
4529
4470
4445
4483
4402
4182
4114
4035
4027
3942
3956
4014
3979
3970
4013
4086
4044
4026
3953
4000
4043
3950
3858
3841
3788
3694
3502
3524
3533
3548
3622
3707
3767
3701
3724
3885
3794
3694
3744
4001
4001
4052
4149
4117
4017
4006
4046
4091
4187
4097
4214
4191
4218
4292
4324
4357
4384
4328
4218
4149
4242
4254
4471
4491
4647
4679
4683
4545
4350
4370
4508
4549
4416
4423
4579
4521
4630
4848
4824
4885
4912
4806
4991
4939
4976
4972
4981
4905
4926
4943
4991
5259
5286
5199
5259
5364
5377
5391
5490
5646
5668
5660
5653
5589
5633
5691
5832
5799
5920
5880
5848
5824
5645
5747
5690
5664
5646
5446
5482
5569
5660
5784
5767
5636
5837
5863
5712
5760
5759
5737
5686
5821
5802
5920
5830
5993
6236
6313
6531
6564
6589
6550
6644
6518
6512
6441
6403
6451
6418
6386
6407
6304
6365
6534
6625
6731
6624
6870
6871
6597
6869
6664
6888
6717
6726
6683
6638
6648
6415
6496
6667
6835
6990
6981
7088
6904
7017
6944
6834
6978
7053
7183
7260
7125
7015
6873
6901
6998
7100
7086
6954
6762
6564
6482
6386
6305
6251
6261
6096
6048
6098
6040
5996
5913
5974
5930
5859
5834
5858
5927
5877
5842
5991
5950
5982
5955
5955
5955
6044
5990
5948
5847
6066
6386
6527
6532
6628
6574
6537
6624
6558
6465
6568
6689
6824
6792
6699
6561
6550
6678
6725
6751
6869
6868
6707
6659
6634
6498
6608
6702
6652
6622
6515
6489
6491
6410
6224
6161
6169
6035
5977
6082
6073
6197
6298
6391
6404
6401
6459
6312
6347
6365
6428
6590
6684
6587
6560
6552
6579
6546
6653
6728
6660
6798
6664
6626
6538
6551
6538
6582
6824
6945
6863
7011
6961
6752
6919
7128
7181
7449
7686
7802
8119
8245
8239
8079
7934
8037
7807
7757
7553
7411
7364
7447
7507
7616
7571
7392
7489
7536
7480
7451
7588
7301
7183
7362
7436
7543
7508
7515
7707
7501
7459
7486
7586
7585
7502
7454
7560
7549
7500
7502
7526
7735
7986
7767
7821
7943
7939
7852
8048
8102
7945
7688
7568
7507
7490
7381
7391
7227
7127
6804
6699
6768
6672
6639
6420
6072
6160
6147
6368
6406
6613
6379
6333
6312
6284
6475
6318
6470
6545
6426
6446
6419
6349
6256
6216
6225
6245
6219
6391
6276
6478
6393
6270
6292
6244
6158
6162
6203
6352
6516
6436
6307
6200
6238
6108
6108
6209
6229
6186
6097
6182
6202
6011
6141
6118
5951
5988
6029
6199
6041
6314
6294
6282
6132
6087
5834
5715
5679
5631
5479
5512
5415
5486
5461
5311
5251
5250
5244
5212
5173
5180
5354
5308
5450
5546
5573
5713
5647
5656
5744
5719
5737
5648
5566
5455
5361
5386
5224
5284
5238
5358
5356
5354
5390
5424
5511
5298
5230
5105
5022
4971
4785
4847
4858
4877
4911
5042
5086
5181
5287
5291
5509
5586
5527
5531
5631
5838
5851
5866
5997
5852
5927
5950
5909
5831
5930
5768
5772
5802
5733
5622
5590
5636
5816
5879
5894
5907
5789
5716
5840
5828
5943
5956
5938
5873
5673
5564
5817
5941
6088
6070
6086
6199
6393
6407
6440
6574
6469
6564
6770
6796
6808
6826
6705
6635
6605
6542
6607
6667
6538
6434
6648
6879
6962
6878
6895
7008
6979
6711
6762
6615
6770
6961
6777
6999
6940
6950
7104
7243
7235
7329
7314
7158
7041
6974
6811
6882
6726
6720
6748
6658
6825
6811
6849
6717
6477
6478
6474
6712
6700
6749
6859
6807
6733
6691
6633
6477
6377
6288
6398
6232
6261
6253
6239
6048
5898
5844
5776
5782
5656
5593
5757
5636
5437
5488
5507
5689
5710
5627
5709
5721
5753
5692
5678
5821
5891
5771
5818
5768
5707
5521
5563
5676
5836
5815
5917
5992
6011
6198
6305
6344
6323
6422
6499
6607
6615
6804
6819
6602
6371
6321
6582
6248
6117
6199
6132
6113
6269
6242
6110
6125
6052
6053
5945
5880
5807
5787
5840
5948
6165
6088
6085
5934
6095
5888
5750
5856
5953
5949
5924
5956
6026
5960
6058
6015
6037
6202
6137
6133
6299
6386
6273
6372
6449
6441
6572
6482
6472
6432
6536
6678
6603
6598
6609
6677
6629
6603
6669
6597
6687
6383
6399
6361
6498
6477
6240
6291
6215
6406
6364
6174
6177
6242
6111
6179
6198
6382
6279
6322
6383
6411
6158
6139
6175
5936
6053
5974
5895
5890
6040
6192
6082
6062
6175
6201
6106
6307
6157
5929
6099
5979
6073
6055
6029
5995
5982
6090
5975
5849
5823
5839
5765
5704
5919
5970
5894
6000
6098
6129
6153
6385
6555
6489
6547
6640
6688
6651
6740
6613
6465
6509
6458
6359
6357
6361
6603
6666
6555
6596
6393
6405
6508
6465
6462
6470
6523
6543
6515
6698
6633
6611
6587
6437
6494
6658
6728
6613
6436
6404
6568
6487
6500
6525
6486
6486
6521
6603
6652
6751
6695
6514
6550
6688
6932
6874
7037
7094
7205
6904
6937
6760
6771
6601
6516
6458
6481
6515
6515
6445
6549
6457
6456
6498
6327
6422
6481
6599
6669
6598
6760
6795
6796
6676
6746
6881
7064
7121
7116
6904
6860
6851
6717
6867
6710
6496
6651
6614
6700
6655
6686
6827
6790
6683
6692
6687
6820
6679
6545
6688
6737
6541
6422
6371
6267
6142
6163
6031
5939
5800
5778
5624
5549
5655
5755
5712
5791
5661
5801
5835
5886
5928
6054
6108
6242
6141
6110
6300
6237
6358
6146
6244
6263
6413
6226
6262
6248
6338
6300
6347
6453
6515
6445
6377
6274
6288
6356
6159
6272
6220
6255
6277
6375
6435
6522
6597
6601
6700
6611
6562
6500
6407
6422
6438
6456
6258
6222
6182
6136
6155
6353
6225
6171
6108
6163
5877
5887
5812
5731
5720
5666
5737
5772
5806
5965
5871
5775
5781
5942
5936
5834
5839
5955
5995
6050
6001
5759
5800
5707
5539
5591
5648
5584
5591
5666
5627
5569
5554
5388
5414
5520
5500
5767
5661
5838
5742
5776
5685
5596
5495
5470
5483
5663
5560
5464
5523
5482
5405
5533
5518
5579
5730
5734
5518
5422
5479
5488
5402
5409
5194
5229
5156
5198
4993
5043
5151
5180
5103
5227
5364
5203
5254
5339
5315
5382
5354
5247
5248
5206
5270
5350
5582
5644
5858
5902
5949
6071
6403
6457
6217
6116
6036
6165
6117
6120
6298
6367
6258
6299
6348
6338
6660
6644
6747
6592
6487
6404
6292
6426
6506
6429
6463
6528
6472
6355
6453
6239
6196
6070
5996
5931
6017
6006
6058
6073
6135
6176
6007
5959
6017
5920
6016
6147
6162
6212
6344
6410
6418
6461
6480
6515
6434
6278
6400
6280
6271
6390
6441
6269
6063
6046
6371
6288
6318
6260
6341
6472
6489
6343
6204
6169
6127
6199
6373
6200
6153
6253
6278
6386
6362
6235
6082
6113
6065
6193
6380
6339
6287
6568
6547
6524
6710
6748
6722
6701
6609
6513
6471
6364
6652
6490
6503
6555
6558
6542
6662
6619
6408
6482
6449
6545
6478
6513
6550
6798
6737
6995
6799
6816
6894
7002
6932
6804
6774
6727
6652
6581
6572
6491
6542
6670
6642
6736
6701
6734
6804
6691
6674
6790
6789
6727
6720
6966
7140
7054
7013
6816
6968
7087
7012
6889
6860
6931
7143
7179
7200
7301
7310
7434
7486
7481
7386
7329
7365
7566
7542
7527
7495
7470
7309
7403
7265
7374
7315
7015
7118
7111
7059
6862
7000
7145
7152
7014
6835
6852
6754
6854
7002
7152
7175
7196
7268
7002
6872
6895
6681
6486
6298
6504
6269
6099
6094
6415
6383
6466
6380
6439
6110
6166
6121
6000
6218
6244
6401
6620
6567
6650
6591
6310
6358
6268
6214
6301
6374
6381
6209
6532
6440
6527
6590
6401
6180
6142
6293
6423
6540
6724
6765
6724
6763
6726
6703
6639
6529
6604
6517
6423
6487
6349
6282
6209
6284
6274
6307
6093
6010
6177
6145
6131
6280
6290
6269
6417
6359
6465
6740
6904
6922
7031
7151
7179
7088
7199
7031
7125
7106
7006
7043
6910
6676
6534
6629
6758
6894
6859
6886
7043
6932
6803
6749
7100
6959
6869
6707
6728
6781
6872
6939
6850
6817
6743
6872
6786
6785
6727
6854
6880
6760
6743
6684
6749
6904
7123
7144
7393
7320
7411
7370
7663
7575
7563
7591
7396
7558
7463
7240
7149
7066
6998
7050
7063
7057
7200
7018
6757
6766
6749
6914
7166
7252
7189
7147
6984
6890
6950
7008
7012
6797
6979
6730
6474
6380
6380
6406
6409
6412
6327
6079
6010
5947
5862
5751
5820
5875
5927
6110
6277
6022
6219
6277
6194
6286
6293
6270
6067
6147
6216
6430
6476
6609
6764
6780
6790
6897
6964
7145
6988
6928
6898
6922
7035
7114
7180
7158
7134
7088
7068
7059
7058
7143
6846
6958
6785
6858
6748
6683
6746
6599
6541
6496
6706
6662
6742
6749
6647
6518
6548
6540
6480
6627
6666
6700
6770
6699
6799
6720
6641
6606
6649
6658
6539
6511
6447
6349
6411
6387
6473
6431
6381
6390
6374
6138
6143
6363
6459
6511
6790
6650
6600
6613
6429
6446
6476
6424
6434
6522
6482
6641
6591
6661
6511
6455
6373
6506
6573
6502
6628
6714
6789
6646
6610
6582
6503
6576
6418
6662
6539
6662
6694
6690
6783
6878
6810
6660
6753
6904
6939
7023
6788
6592
6601
6673
6552
6759
6485
6589
6358
6206
6329
6371
6355
6496
6389
6282
6082
6013
5947
5966
6021
6109
5931
5935
5846
5707
5631
5758
5553
5452
5617
5731
5679
5644
5391
5487
5398
5247
5308
5205
5231
5385
5260
5189
5095
5102
5064
4883
4911
4850
4950
4967
4995
4987
4938
4920
4903
4926
5105
5055
5111
5169
5148
5078
5140
5141
5223
5297
5300
5118
5073
5197
5187
4983
5097
4965
4903
4979
4954
4910
4982
5053
5079
5180
5077
5148
5016
5018
4991
5017
5041
4910
5013
5004
4934
5022
5084
5085
5153
5155
5189
5130
5146
5002
4849
4672
4772
4715
4719
4611
4541
4690
4716
4661
4640
4548
4663
4595
4504
4481
4580
4652
4572
4536
4665
4694
4737
4659
4668
4794
4750
4807
4704
4566
4441
4379
4246
4087
4143
4207
4090
4116
4220
4393
4549
4412
4430
4349
4358
4375
4406
4379
4322
4304
4133
3964
3898
3928
3967
3973
4001
3996
3978
4071
4185
4169
4293
4389
4360
4420
4456
4516
4475
4500
4566
4552
4564
4503
4536
4712
4767
4709
4753
4783
4686
4775
4824
4765
4803
4694
4696
4716
4817
5009
4956
5077
4898
4923
4998
5139
5161
5005
4986
4965
5127
5069
5118
5251
5353
5289
5257
5310
5531
5685
5628
5710
5621
5573
5695
5510
5764
5760
5711
5902
5848
5783
5790
5758
5779
5829
5771
5876
5786
5870
5825
5852
5673
5793
5691
5771
6008
5867
5756
5726
5916
5925
6055
5971
5774
5903
5835
5766
5754
5636
5498
5448
5274
5285
5251
5296
5419
5489
5426
5369
5293
5444
5630
5414
5330
5375
5320
5391
5508
5382
5440
5325
5471
5434
5152
5311
5333
5359
5423
5583
5697
5604
5499
5265
5466
5367
5474
5443
5368
5405
5619
5791
5834
5882
5770
5769
5753
5536
5528
5474
5325
5217
5173
5281
5316
5393
5473
5362
5548
5610
5450
5332
5389
5291
5264
5131
5018
5160
5154
