1005000
267036
173450
129483
103139
85052
72609
63687
55825
50474
45889
41390
37940
35126
32393
30527
28732
27003
25405
24045
22741
21724
20930
19998
19056
18365
17746
17097
16550
15643
15325
14572
14152
13722
13475
13473
13298
12692
12436
12183
11794
11235
11119
10608
10400
10082
9730
9572
9221
8928
8858
8619
8503
8421
8221
7995
7648
7474
7353
7230
7185
6957
6846
6704
6852
6624
6602
6348
6155
5964
5920
5905
5828
5801
5465
5429
5170
5173
5048
5006
4989
5116
4855
4768
4704
4626
4637
4504
4293
4161
4274
4126
4181
4045
3991
3997
3980
4037
3997
3991
3905
3899
4037
3914
3871
3840
3559
3595
3591
3599
3541
3521
3422
3447
3474
3279
3306
3267
3221
3202
3187
3179
3353
3438
3381
3310
3231
3239
3268
3285
3417
3405
3407
3560
3649
3634
3568
3512
3552
3580
3770
3792
3878
3957
4000
4116
4044
4036
4125
4056
4013
3875
3945
4022
4030
4109
4035
4007
3909
3811
3728
3682
3597
3563
3615
3648
3508
3501
3557
3506
3447
3488
3385
3443
3426
3490
3477
3460
3376
3405
3287
3164
3276
3298
3298
3325
3344
3347
3267
3285
3227
3222
3244
3257
3329
3150
3200
3093
3015
3166
3242
3363
3332
3318
3206
3205
3214
3122
3106
3042
2921
2903
2933
2797
2841
2802
2849
2727
2799
2693
2606
2625
2649
2455
2450
2397
2434
2413
2413
2531
2633
2637
2515
2454
2357
2403
2290
2285
2359
2310
2260
2132
2026
2016
1960
1988
2124
2062
2127
2230
2220
2227
2262
2244
2301
2269
2190
2201
2229
2162
2175
2174
2256
2220
2173
2251
2277
2274
2356
2245
2158
2160
1972
1947
2011
1959
1858
1819
1884
1935
1894
1877
1833
1911
1956
1842
1855
1977
2029
2035
1920
2022
1965
1899
1878
1893
1875
1882
1936
2037
2045
2042
2026
2188
2171
2125
2196
2107
2025
2067
2101
2091
2142
2245
2283
2152
2100
2150
2175
2160
2185
2246
2156
2361
2373
2322
2328
2211
2220
2207
2155
2247
2172
1986
2019
1999
2052
2044
2017
2053
2082
2173
2188
2202
2149
2088
2005
1998
2166
2155
2145
2160
2144
2163
2208
2229
2232
2142
2227
2142
2056
2055
2092
2148
2109
2214
2346
2350
2466
2464
2444
2402
2470
2357
2469
2394
2478
2512
2427
2410
2549
2553
2595
2523
2652
2664
2509
2501
2440
2472
2472
2524
2502
2660
2673
2625
2629
2575
2614
2515
2588
2543
2518
2573
2633
2604
2691
2869
2935
2973
2825
2768
2773
2792
2802
2694
2710
2609
2640
2570
2479
2446
2442
2484
2499
2496
2394
2460
2437
2441
2508
2423
2410
2367
2384
2379
2510
2578
2397
2337
2452
2548
2442
2379
2539
2512
2458
2428
2506
2451
2523
2478
2467
2423
2439
2496
2584
2489
2299
2224
2357
2399
2446
2493
2536
2626
2640
2668
2817
2769
2631
2710
2761
2657
2613
2592
2556
2531
2574
2536
2562
2588
2560
2643
2681
2647
2551
2609
2584
2713
2651
2680
2691
2783
2876
2925
3004
3052
3048
2921
2882
2860
2821
2896
2724
2700
2656
2777
2703
2711
2767
2869
2752
2651
2769
2841
2865
2797
2885
2944
2871
2925
2874
2951
2965
2815
2792
2943
2841
2796
2876
2780
2829
2766
2826
2836
2957
2946
2842
2937
2976
3039
2937
3016
3052
2998
2922
2934
2977
2942
2940
2833
2836
2919
2897
2797
2896
2798
2904
2890
2910
2911
3103
3202
3220
3130
3124
3154
3171
3244
3187
3119
3226
3254
3326
3226
3377
3491
3487
3518
3565
3625
3489
3473
3603
3483
3493
3527
3443
3454
3407
3431
3332
3368
3310
3285
3342
3343
3446
3524
3376
3400
3400
3462
3309
3278
3306
3362
3276
3356
3355
3469
3529
3604
3697
3778
3893
4073
4101
4207
4228
4294
4312
4361
4351
4335
4254
4302
4306
4338
4249
4092
4095
4165
4195
4142
4180
4252
4275
4297
4238
4404
4421
4326
4248
4331
4323
4244
4173
4201
4219
4283
4350
4445
4606
4602
4533
4384
4268
4342
4298
4367
4399
4362
4288
4248
4417
4302
4350
4341
4374
4357
4395
4519
4484
4561
4510
4595
4448
4404
4390
4400
4336
4510
4545
4631
4646
4648
4768
4855
4866
4832
4844
5048
4965
4942
4877
5008
5072
5095
5148
5289
5195
5081
4966
5096
5216
5042
5099
5070
4967
4969
4933
4820
4865
4740
4777
4880
4876
4906
4893
4889
4928
5042
5070
4787
4700
4654
4758
4806
4770
4755
4917
5137
5173
5158
5010
4923
5079
4939
5081
4945
4820
4788
4918
4804
4710
4750
4628
4617
4772
4812
4822
4823
4826
4903
4975
4921
4994
5069
4915
4830
4855
4785
4912
4958
5053
4966
4785
4673
4858
4929
4886
4787
4719
4687
4749
4884
4982
5012
4965
4944
4918
4932
5027
4936
4874
4744
4902
4920
4996
5205
5092
5036
5065
5147
5338
5409
5428
5406
5499
5506
5623
5737
5952
6147
6041
6007
6062
6164
6397
6435
6568
6817
6728
6745
6789
6880
6830
6667
6660
6641
6545
6642
6673
6856
7052
6994
7171
7167
7131
7057
7096
7086
7009
7301
7213
7172
7205
7433
7216
7018
7038
7182
7177
7156
6921
6950
6860
6963
6931
6876
7004
7123
7058
7129
7019
7066
6828
6788
6641
6539
6390
6332
6136
6201
6075
5815
5632
5851
5733
5735
5793
5951
5874
5623
5524
5451
5587
5542
5510
5431
5436
5291
5227
5318
5371
5456
5533
5475
5479
5665
5719
5769
5757
5810
5832
6076
6099
6117
6121
6052
6209
6068
6010
6054
6174
6180
6129
6165
6265
6191
6244
6322
6135
6058
6073
6004
5952
6110
6153
6024
5971
6003
6036
5968
5772
5785
5927
5917
5949
5919
5896
5762
5734
5672
5747
5802
5913
5979
5805
5811
5840
5910
5893
5921
5810
5918
5964
6079
6153
6196
6249
6359
6307
6236
6421
6423
6364
6203
6371
6477
6475
6408
6475
6417
6374
6394
6521
6543
6370
6216
6276
6226
6306
6079
6079
6197
6230
6000
5964
6131
6243
6297
6363
6499
6419
6463
6483
6454
6432
6426
6550
6506
6531
6622
6638
6486
6462
6347
6373
6416
6207
6101
5886
5908
6059
6096
6171
6224
6098
6180
6297
6387
6397
6309
6497
6638
6609
6779
6871
7006
6953
6989
7167
7103
7033
6898
6897
6806
6722
6694
6744
6841
6812
6756
6645
6623
6682
6732
6660
6757
6619
6620
6431
6492
6460
6485
6498
6597
6582
6547
6417
6267
6271
6122
6133
6067
5964
6013
5915
5914
5881
5950
5951
5821
5797
5780
5732
5723
5764
5814
5861
5924
5686
5687
5711
5584
5576
5772
5777
5854
5758
5788
5657
5829
5892
5973
6083
6032
6063
6048
5949
5884
6003
5939
6112
5977
5991
5960
5940
6157
6192
6280
6587
6266
6370
6334
6258
6268
6230
6384
6134
6194
6143
6290
6518
6377
6461
6368
6231
6242
6106
5990
5994
6158
6101
6083
6170
6229
6310
6276
6027
6105
5993
5948
6013
5903
5928
5885
5936
5819
5817
5641
5673
5644
5727
5711
5784
5660
5641
5732
5743
5772
5769
5832
5938
5916
6172
6094
6190
6051
6142
6256
6093
6042
6117
6168
5833
5896
5792
5892
5666
5529
5550
5692
5514
5468
5525
5504
5451
5317
5430
5375
5212
5064
5173
5246
5305
5419
5486
5470
5349
5246
5269
5240
5321
5316
5362
5401
5130
5161
5047
5076
5070
5113
4989
5048
5022
5205
5222
5178
5085
5006
5002
5113
5178
5134
5229
5181
5129
5060
5209
5077
4925
4866
4906
4899
4799
4823
4765
4882
4843
4941
4933
4889
4783
4763
4650
4777
4622
4696
4652
4476
4411
4392
4281
4353
4422
4450
4390
4484
4488
4590
4460
4499
4284
4279
4166
4185
4179
4182
4188
4146
4109
4149
3975
3811
3844
3882
3800
3759
3721
3826
3778
3959
4060
4102
4121
4151
4119
4192
4315
4316
4313
4460
4737
4792
4748
4811
4808
4681
4762
4789
4797
4779
4754
4737
4745
4653
4688
4704
4708
4531
4629
4775
4902
4866
4794
4848
5030
4969
4984
4942
5067
5080
5100
5176
5156
5104
5159
4987
4956
4789
4849
4878
5052
5121
5190
5061
5149
5065
4924
4951
5006
4950
4848
4927
4997
5205
5175
5127
5139
5105
5282
5080
5050
5101
5043
5059
5159
5205
5184
5020
4987
5084
4984
5114
5085
5139
5224
5162
5230
5312
5463
5347
5266
5367
5365
5553
5568
5616
5629
5625
5432
5456
5513
5463
5577
5572
5464
5529
5701
5846
5934
5848
5768
5625
5582
5632
5557
5645
5614
5529
5590
5607
5705
5930
5960
6191
6110
6184
6393
6465
6342
6092
5999
6100
6117
6134
5937
5722
5648
5724
5746
5748
5752
5676
5729
5586
5699
5727
5897
5745
5752
5702
5704
5944
5850
5725
5699
5681
5631
5709
5566
5687
5699
5780
5848
5928
5757
5611
5578
5565
5463
5486
5346
5318
5452
5253
5155
5149
5116
5281
5301
5388
5400
5384
5413
5580
5706
5826
5820
5560
5445
5421
5441
5331
5322
5431
5482
5569
5630
5712
5643
5624
5780
5561
5611
5600
5882
5935
5898
5873
6018
6160
6136
6126
6021
6172
6149
6119
6087
6026
6109
6161
6094
5875
5875
5861
5831
5839
5850
5929
6033
5860
5932
5788
5956
5744
5889
5802
5738
5610
5744
5852
5788
5716
5634
5658
5722
5535
5743
5679
5654
5773
5905
5851
5776
5711
5542
5487
5600
5546
5713
5501
5481
5391
5225
5165
5126
4937
4928
4900
4989
5100
5062
4988
5045
5119
5219
5233
5253
5137
5371
5304
5416
5359
5285
5576
5479
5557
5419
5420
5356
5420
5337
5349
5430
5401
5362
5354
5175
5328
5453
5444
5615
5538
5486
5687
5798
5806
5743
5886
5814
5847
5951
5942
5948
6036
6149
6296
6321
6241
6296
6131
6064
6047
6073
6190
6309
6323
6295
6160
6256
6193
6327
6462
6468
6552
6591
6584
6719
6888
6540
6319
6334
6321
6108
6011
6059
5857
5643
5577
5594
5672
5632
5743
5621
5616
5517
5710
5749
5680
5668
5662
5733
5902
5902
5981
5869
6079
6002
6114
6008
6004
5960
6096
6249
6356
6182
6244
6144
6102
6003
5981
5998
6045
6015
6047
6156
6222
6228
6135
6124
6030
5896
5916
5793
5699
5664
5752
5636
5563
5402
5501
5448
5685
5704
5610
5653
5519
5434
5554
5572
5567
5650
5761
5717
5666
5621
5526
5335
5367
5378
5394
5254
5214
5204
5247
5290
5099
5058
5133
5141
5215
5136
5115
5269
5171
5185
5213
5126
5140
5054
5020
5093
5170
5273
5114
5091
4966
5066
5146
5104
5027
5139
5088
4969
5181
4980
5101
5126
5019
5055
5236
5046
4992
5038
5149
5218
5344
5437
5569
5698
5688
5508
5492
5283
5218
5186
5276
5143
5193
5283
5490
5645
5602
5696
5622
5653
5808
5765
5608
5757
5922
5965
5834
5868
5963
5760
6025
5986
6027
5981
5936
5806
5773
5761
5855
5851
5828
5838
5829
5881
6013
5940
6050
6256
6355
6309
6326
6447
6511
6523
6498
6586
6621
6586
6375
6520
6466
6672
6610
6735
6771
6949
7019
6937
6866
6703
6616
6559
6563
6592
6789
6925
6975
7204
6994
6712
6707
6990
6944
7062
7039
7100
7106
7125
6995
6875
6812
6925
6916
6837
6897
6948
6854
6866
6885
6923
6800
6768
6720
6689
6760
6751
6878
6722
6781
6752
6539
6451
6438
6530
6547
6452
6513
6582
6666
6605
6735
6658
6741
6759
6838
6966
6900
6940
6851
6918
6972
6879
6835
6967
6844
6907
6924
6942
6985
7069
7020
7033
6911
7172
7118
6931
6809
6849
6847
6837
6781
6625
6483
6410
6713
6584
6492
6502
6618
6520
6579
6521
6683
6550
6645
6747
6679
6585
6384
6506
6531
6587
6489
6556
6566
6570
6667
6588
6582
6516
6498
6583
6400
6275
6084
6008
5984
6005
5975
6010
5879
6017
5966
6051
6162
6037
5904
6102
5856
5711
5633
5601
5766
5731
5759
5834
5791
5700
5811
5823
5697
5518
5408
5313
5397
5334
5432
5448
5396
5547
5443
5698
5477
5430
5440
5344
5495
5707
5541
5556
5375
5471
5422
5404
5356
5330
5385
5323
5213
5296
5175
5063
5045
5208
5155
5167
5193
5246
5349
5418
5588
5525
5564
5590
5731
5909
5824
5931
5773
5871
5870
5706
5655
5704
5906
5974
5970
5906
5976
5931
5783
5816
6103
6373
6381
6435
6435
6366
6375
6350
6211
6204
6232
6208
6095
6173
6092
5974
5825
5904
5927
6072
6170
6191
6346
6247
6201
6151
6084
5846
5881
5880
5986
5950
5837
6072
6176
6141
6377
6195
6310
6155
6221
6241
6375
6299
6328
6133
5987
6008
5884
5927
5813
5649
5624
5603
5594
5457
5262
5296
5185
5386
5408
5518
5560
5506
5337
5474
5631
5680
5510
5463
5509
5508
5453
5655
5657
5675
5698
5796
5892
5862
5928
5908
5937
6004
5963
6199
6355
6485
6567
6479
6673
6638
6790
6799
6878
7045
6950
6920
7077
7136
7325
7584
7523
7534
7369
7278
7400
7415
7272
7450
7362
7470
7590
7647
7386
7572
7620
7707
7890
7916
7785
8029
8136
8191
8147
8096
8009
8006
7924
8040
8083
8047
7902
7833
7787
7753
7495
7344
7311
7157
7131
7089
7040
6990
6957
7033
7158
7027
6939
6991
7075
7246
7245
7140
7149
7123
6995
6847
6983
6886
6830
6673
6672
6680
6710
6754
6548
6704
6793
6894
6830
6612
6496
6492
6543
6745
6652
6497
6609
6606
6514
6361
6201
6310
6396
6242
6267
6404
6516
6385
6398
6277
6215
6205
6097
6087
6260
6058
6079
5919
5884
5955
5846
5963
5989
6011
6053
6052
6187
6201
6226
6277
6210
6298
6385
6540
6692
6697
6936
6953
6968
6766
6752
6826
7027
6877
6885
6762
6825
6889
6841
6974
6936
6713
6683
6686
6786
7024
6820
6996
7067
7017
7037
6996
7045
7258
7323
7294
7193
7155
7087
7091
7141
7201
7463
7415
7546
7529
7410
7191
7211
7036
7192
7037
7048
6935
6987
6886
6865
6682
6783
6726
6696
6612
6538
6503
6539
6315
6210
6159
6104
6252
6236
6196
6072
6315
6374
6352
6409
6492
6252
6243
6346
6466
6415
6522
6480
6415
6232
6179
6172
6096
6113
6046
6108
6241
6069
6015
6128
5813
5880
5841
5822
6008
6051
6071
6191
6360
6282
6390
6320
6244
6111
6226
6282
6296
6362
6355
6521
6438
6537
6602
6553
6599
6521
6503
6433
6474
6533
6516
6437
6475
6471
6477
6470
6419
6280
6307
6216
6378
6400
6398
6351
6455
6284
6420
6282
6400
6300
6499
6538
6571
6509
6473
6588
6478
6585
6641
6647
6536
6662
6726
6687
6684
6631
6549
6480
6493
6336
6418
6550
6487
6576
6602
6579
6531
6496
6673
6697
6806
6887
6911
6933
7124
7079
6988
7138
7086
7246
7146
7222
7283
7388
7188
7288
7478
7762
7813
8107
8179
8111
8008
8039
8041
7970
7793
7673
7870
7939
7886
7669
7506
7296
7373
7472
7575
7475
7691
8070
8177
8277
8248
8352
8430
8250
8111
8068
8067
8082
8240
8138
8418
8272
8154
8327
8317
8064
8188
8260
8220
8247
8439
8417
8638
8800
8811
8869
8583
8640
8707
8881
8734
8393
8490
8447
8719
8704
8654
8624
8691
8644
8632
8706
8577
8388
8384
8274
8119
8149
8095
8002
7906
7903
7918
7736
7561
7661
7473
7472
7355
7145
7105
7384
7728
7798
7771
7618
7882
7930
7847
7782
7510
7348
7395
7608
7583
7761
7940
8119
8196
8043
8166
8048
8107
8271
8151
8112
8067
8032
8147
8060
7925
8243
8328
8330
8607
8528
8491
8347
8439
8171
8086
8195
8199
8171
8071
8155
7977
7907
7906
7910
8095
8284
8084
7730
7604
7635
7307
7156
7023
7161
7229
7393
7472
7434
7336
7325
7404
7588
7636
7626
7577
7384
7519
7364
7264
7298
7268
7258
7085
7270
6879
6840
6799
6750
6780
6682
6831
6896
6783
6757
6695
6585
6440
6594
6806
6719
6848
6803
6981
7205
7295
7205
7306
7361
7186
7131
7158
7033
6923
7110
7027
6957
7168
7258
7263
7208
7093
7004
6892
6835
6791
6762
6811
6731
6810
6778
6918
6885
6785
6553
6510
6496
6345
6083
5978
5984
5872
5862
5810
5727
5723
5708
5731
5805
5823
5778
5631
5489
5434
5282
5248
5271
5234
5214
5084
4978
4977
4990
4963
5003
4942
4986
4993
5134
5100
5128
5395
5505
5624
5717
5716
5664
5454
5406
5343
5196
5220
5376
5363
5288
5232
5249
5167
5218
5184
5155
5192
5048
4888
4793
4903
4935
4929
4869
4774
4757
4664
4806
4839
4738
4670
4705
4711
4735
4718
4776
4771
4643
4525
4545
4609
4677
4743
4493
4508
4401
4423
4410
4498
4519
4557
4583
4532
4525
4642
4637
4597
4612
4630
4703
4837
4948
5122
5021
4850
4839
4829
4911
4810
4981
4966
4968
4980
4947
4990
5037
5082
4971
4872
4961
4814
4966
4778
4625
4499
4464
4504
4621
4505
4592
4622
4704
4695
4796
4930
4960
4999
4936
5001
4984
4949
5041
5275
5184
5321
5256
5142
5076
5129
5250
5187
5174
5113
5083
5223
5299
5130
5097
5159
4955
4971
4908
4795
4821
4906
4958
4995
4981
4818
5027
4782
4736
4746
4904
4898
4656
4686
4519
4746
4848
4799
4717
4695
4637
4704
4561
4690
4594
4691
4596
4638
4573
4595
4730
4701
4671
4676
4767
4734
4756
4794
4920
4903
4930
4822
4736
4796
4743
4684
4506
4505
4562
4557
4589
4558
4632
4633
4778
4715
4568
4687
4668
4627
4640
4412
4557
4536
4620
4518
4467
4396
4416
4435
4350
4350
4411
4424
4420
4331
4422
4496
4383
4434
4517
4621
4625
4607
4664
4820
4904
4925
5045
5307
5439
5495
5448
5381
5477
5606
5609
5513
5651
5639
5732
5774
5738
5813
5918
5913
5903
5980
6101
6080
5969
6048
6124
6045
6039
5905
5656
5808
5995
6108
6148
5888
5969
6023
6080
6216
6057
6017
5986
5882
5956
6012
6225
6376
6349
6347
6188
6059
6099
6308
6478
6417
6555
6532
6437
6462
6379
6555
6371
6611
6537
6316
6414
6423
6640
6712
6748
6660
6651
6599
6490
6583
6789
6860
6961
6902
6682
6608
6570
6591
6543
6573
6500
6546
6716
6883
6714
6816
7049
7172
7307
7069
6923
6777
6934
7066
7186
7083
7068
6958
7086
6930
6975
7018
7084
6925
6865
6794
6918
7090
6995
6780
6688
6700
6776
6771
6440
6688
6705
6553
6466
6589
6499
6736
6451
6408
6456
6449
6536
6710
6670
6781
6768
6775
6822
6926
6948
7126
7296
7389
7604
7547
7477
7212
7244
7248
7134
7111
7083
7359
7585
7766
7809
7945
7976
7873
7852
7978
8130
8018
8069
8084
8069
8018
8066
8027
7927
7926
7919
8166
8077
8162
8197
7940
7844
7893
7936
7952
7861
7758
7650
7776
7751
7600
7269
7336
7431
7513
7517
7371
7357
7614
7745
7828
7775
7821
7933
7738
7957
7817
7732
7632
7692
7615
7556
7753
7845
7808
7682
7721
7545
7603
7490
7819
7806
7890
7883
7913
7987
8194
8112
8306
8458
8598
8492
8562
8569
8360
8462
8439
8043
7954
7994
7895
7828
7640
7746
7664
7829
8074
7806
7772
7497
7473
7274
7209
7075
7243
7367
7068
6924
6832
6831
6522
6416
6631
6586
6589
6536
6712
6714
6621
6656
6776
6803
6706
6930
7026
6778
6911
6945
6833
6731
6588
6583
6574
6614
6625
6493
6621
6690
6722
6684
6642
6812
7016
7197
7134
7110
7236
7350
7266
7365
7323
7096
7241
7344
7202
7081
7223
7231
7028
7324
7321
7356
7348
7325
7330
7292
7476
7278
7384
7339
7353
7361
7395
7281
7467
7201
7045
7059
6950
6914
6874
6810
6969
6931
7053
7112
7226
7284
7183
7140
7208
7299
7068
7103
7121
7041
7128
7117
7171
7456
7619
7571
7585
7578
7447
7462
7517
7621
7645
7706
7723
7639
7421
7437
7582
7467
7355
7480
7407
7489
7671
7639
7525
7385
7387
7388
7351
7238
7069
7030
7015
6949
6759
6892
6768
6754
6734
6671
6883
6837
6703
6684
6817
6740
6682
6515
6707
6891
7134
7186
7034
7130
7116
7201
7274
7184
7140
7130
6786
6739
6825
6643
6675
6697
6669
6814
7064
7271
7249
7263
7056
7067
7267
7436
7443
7331
7338
7466
7487
7469
7468
7376
7550
7648
7509
7804
7941
7869
7839
7882
7869
7899
7926
8094
8014
7805
7805
7645
7684
7466
7417
7619
7583
7690
7844
7670
7710
7783
7812
7949
7744
7840
7771
7701
7550
7364
7482
7195
7019
6937
6933
7055
7033
6975
6947
7078
7157
7138
7274
7390
7417
7396
7414
7346
7354
7069
7028
6794
6773
6781
6577
6621
6644
6629
6636
6684
6535
6480
6534
6490
6507
6593
6541
6293
6353
6378
6501
6578
6501
6585
6594
6428
6268
6234
6177
6195
6010
6117
5932
5978
5961
6150
6185
6201
6152
6295
6210
6346
6090
6151
6034
6023
5979
5965
5935
5892
6099
6041
6096
5934
6009
6043
6074
6208
6398
6470
6468
6461
6364
6424
6386
6330
6527
6451
6416
6576
6463
6416
6287
6328
6198
6187
6193
6222
6228
6132
6201
6034
5947
5982
6199
6293
6452
6464
6523
6521
6720
6674
6540
6554
6547
6673
6754
6659
6718
6655
6734
6775
6954
7002
7187
7145
7244
7172
7176
7310
7259
7409
7279
7154
7073
6974
6750
6744
6702
7024
7005
7074
7150
7141
7055
6937
6992
6892
6623
6693
6828
6805
6949
7146
7094
7239
7291
7278
7168
7154
7131
7022
6816
6769
6935
6836
6846
6827
6871
6940
6953
6930
6960
6936
6953
6903
6744
6661
6628
6639
6746
6623
6765
6748
6470
6490
6229
6239
6250
6255
6511
6611
6583
6549
6540
6507
6522
6511
6352
6468
6149
6071
6164
6247
6163
6175
6146
6159
5996
6045
6009
5977
5973
6007
5985
5998
5990
5971
6098
6060
5951
5986
5898
5701
5635
6012
6107
6014
6163
6016
5958
5966
5949
6012
6082
6076
6248
6414
6313
6340
6230
6225
6278
6186
6152
6141
6258
6354
6287
6391
6388
6493
6451
6513
6429
6411
6335
6446
6685
6772
6721
6614
6669
6355
6292
6212
6017
6064
5875
5765
5766
5747
5748
5703
5755
5560
5551
5622
5484
5461
5399
5199
5137
4973
5067
5111
5157
5123
5275
5223
5542
5555
5536
5464
5476
5687
5584
5720
5592
5355
5282
5329
5287
5188
5087
5102
5161
5249
5296
5262
5397
5409
5292
5096
5276
5319
5159
4957
4914
4934
4957
5013
5046
5030
4940
5006
4952
4897
4735
4613
4754
4867
4946
4988
5121
5082
5043
5075
4906
5067
5271
5541
5625
5599
5551
5478
5470
5253
5343
5149
4951
5070
5011
5094
4971
4738
4589
4624
4590
4705
4723
4794
4708
4734
4761
4775
4794
4785
4860
4824
5047
5028
5139
5190
5295
5316
5016
5157
5203
5331
5237
5166
5344
5283
5364
5408
5525
5545
5547
5587
5525
5433
5444
5454
5510
5582
5631
5512
5653
5625
5693
5652
5374
5417
5378
5337
5382
5412
5404
5406
5360
5374
5322
5333
5366
5379
5346
5329
5346
5464
5399
5390
5291
5418
5552
5580
5570
5459
5168
5166
5139
5372
5084
4916
4884
4783
4761
4555
4641
4515
4477
4692
4884
4831
4661
4532
4383
4468
4559
4481
4518
4683
4799
4633
4605
4657
4545
4525
4674
4712
4607
4528
4456
4552
4603
4526
4610
4769
4637
4625
4593
4597
4348
4280
4253
4291
4372
4201
4074
4092
4266
4177
4130
4120
4086
4158
4198
4262
4035
3940
4131
4006
4104
4206
4295
4370
4298
4496
4407
4475
4264
4175
4148
4198
4220
3986
3860
4025
3947
4143
4157
4184
4085
4082
4038
3962
4179
4196
4208
4260
4205
4042
3951
3783
3877
3809
3951
4107
4062
4062
3956
3966
3972
3781
3754
3736
3870
3751
3896
3975
3923
3821
3872
3838
3775
3859
3926
3773
3699
3677
3611
3668
3736
3670
3653
3832
3832
3964
3926
4062
3898
3875
3962
4025
4117
4094
4118
4268
4180
4185
4126
4142
4265
4294
4295
4209
4117
4100
4086
4317
4358
4196
4247
4182
4165
4233
4305
4197
4216
4138
4247
4196
4244
4384
4349
4595
4560
4405
4523
4457
4259
4207
4283
4216
4139
3956
4028
4047
4094
4216
4085
4146
4032
4018
4105
4195
4202
4251
4243
4257
4276
4217
4210
4344
4461
4568
4598
4587
4623
4671
4529
4483
4430
4382
4440
4445
4361
4429
4447
4478
4353
4281
4444
4387
4412
4326
4234
4117
4286
4278
4320
4288
4258
4309
4307
4211
4304
4155
4027
4258
4223
4153
4251
4194
4373
4444
4528
4467
4600
4593
4640
4708
4599
4705
4628
4540
4481
4639
4786
4818
4611
4545
4746
4765
4864
4728
4650
4749
4526
4416
4498
4252
4325
4408
4243
4294
4240
4329
4306
4272
4356
4539
4567
4748
4852
4822
4887
4849
4831
4698
4878
4990
5020
5148
5229
5223
5150
5121
5211
5211
5267
5381
5412
5391
5359
5211
5370
5458
5479
5612
5639
5588
5491
5463
5482
5527
5534
5573
5718
5703
5719
5808
5884
5884
6047
5922
5955
5981
5955
6041
6139
5960
5900
5927
5989
5880
5665
5549
5425
5414
5352
5501
5353
5454
5494
5543
5282
5379
5390
5308
5334
5555
5605
5607
5552
5615
5644
5618
5588
5560
5802
5973
5966
6067
6072
6162
6055
6007
5997
6030
5934
5811
5626
5572
5580
5565
5618
5624
5649
5661
5688
5591
5673
5691
5524
5469
5251
5250
5237
5249
5175
4987
5072
4829
4854
4865
4859
4958
4984
4935
4846
4834
4827
4825
4840
4947
5084
5119
5275
5236
4995
4972
4902
4774
5037
5047
4842
4877
4966
5035
5088
5265
5152
5043
5003
4863
4836
4856
4904
5043
4993
4955
4961
4935
4951
4963
5143
5120
5121
5054
5182
5284
5400
5610
5511
5365
5418
5491
5387
5297
5332
5290
5173
5244
5247
5133
5086
5123
5081
5000
5092
5143
5048
5080
5068
4968
4982
4908
4815
4729
4770
4812
4826
4800
4809
4949
5123
5228
4998
5196
5142
4960
5039
5150
5151
5282
5252
5154
5122
4929
4839
5064
5111
4917
4841
4967
5000
4960
5012
5029
5087
5056
5079
5036
5192
5164
5243
5112
4925
4861
4818
4822
4665
4674
4762
4630
4709
4715
4661
4603
4626
4826
4653
4722
4846
4767
4565
4649
4652
4691
4765
4751
4845
4957
4941
5007
5042
5192
5071
5344
5410
5264
5214
5115
5170
5154
5036
5016
5061
4815
4973
4829
4939
4906
4781
4771
4756
4650
4526
4433
4554
4677
4737
4779
4649
4705
4750
4796
4716
4619
4502
4426
4402
4355
4339
4505
4581
4561
4628
4656
4589
4617
4754
4827
4877
4858
4765
4855
4780
4963
4981
5010
5003
4809
4827
4842
4796
4778
4702
4684
4863
4616
4688
4630
4708
4693
4670
4729
4628
4614
4818
4913
4810
4666
4560
4436
4561
4524
4568
4630
4706
4635
4598
4602
4498
4580
4462
4600
4515
4570
4552
4617
4574
4480
4593
4739
4635
4754
4696
4756
4801
4932
4788
4716
4914
4934
5078
5180
5221
5260
5465
5590
5608
5781
5859
5944
5979
6201
6177
6148
6122
6022
6084
6000
5922
5929
6127
5941
5856
5819
5695
5772
5792
5774
5729
5613
5642
5536
5427
5505
5505
5535
5490
5575
5646
5697
5683
5546
5554
5485
5377
5421
5583
5647
5692
5833
5806
5674
5514
5341
5157
5201
5151
5163
5226
5354
5396
5611
5575
5584
5625
5595
5556
5672
5770
5803
5588
5677
5575
5303
5203
5327
5410
5343
5415
5411
5372
5315
5328
5302
5283
5473
5692
5923
5748
6018
6179
6262
6242
6086
6108
6242
6264
6386
6184
6226
6469
6362
6397
6496
6486
6341
6395
6568
6463
6378
6324
6312
6512
6620
6825
6837
6873
6820
6816
6862
6809
6827
6874
7058
7139
7145
7036
7079
7060
7234
7242
7181
7144
7294
7111
7141
7226
7303
7170
7095
7109
7097
7108
6955
6876
6856
6920
6879
6936
6984
6732
6753
6576
6584
6548
6633
6538
6470
6342
6275
6147
6053
6022
5789
5745
5846
5966
5810
5742
5836
5603
5574
5793
5784
5794
5563
5517
5497
5388
5415
5373
5319
5254
5280
5494
5597
5707
5561
5483
5468
5567
5687
5868
5847
5882
5861
5671
5958
5917
5977
5993
5955
6215
6139
6071
6039
5786
5654
5591
5661
5732
5840
5716
5510
5667
5676
5698
5577
5514
5504
5584
5899
5827
5644
5577
5592
5549
5636
5719
5717
5646
5706
5677
5753
5715
5552
5564
5680
5656
5484
5518
5338
5236
5245
5234
5369
5374
5302
5235
5112
5246
5208
5111
5186
5114
5218
5381
5247
5297
5489
5225
5316
5502
5493
5595
5621
5625
5651
5733
5705
5787
5837
5845
5771
5757
5836
5806
5839
5835
5673
5737
5643
5576
5628
5713
5580
5543
5610
5623
5549
5536
5541
5549
5791
5884
6069
5815
5538
5546
5607
5519
5673
5739
5801
5803
5782
5666
5646
5667
5543
5630
5775
5623
5769
5644
5710
5620
5748
5678
5762
5899
5736
5697
5691
5552
5610
5670
5667
5782
5844
5930
5926
6001
6151
6241
6319
6438
6456
6233
6270
6320
6244
6405
6335
6451
6713
6618
6575
6546
6451
6237
6551
6531
6649
6688
6786
6799
6755
6741
6783
6722
6763
6696
6508
6474
6571
6462
6380
6452
6446
6438
6334
6047
5981
6087
5891
6060
6195
6336
6176
6227
6208
6184
6254
5965
5928
6016
5992
5782
5799
5747
5473
5427
5438
5435
5293
5351
5340
5281
5306
5453
5446
5501
5537
5431
5423
5223
5224
5069
5143
5148
5312
5169
5067
5304
5299
5292
5301
5145
5145
5224
5152
5160
5140
5080
5028
5081
5017
5089
5106
5153
5252
5290
5335
5202
5288
5385
5400
5334
5411
5565
5839
5952
5946
5850
5666
5761
5732
5782
5644
5578
5737
5721
5819
5815
5787
5819
5613
5477
5395
5147
5039
5142
5105
5202
5330
5323
5470
5356
5473
5428
5572
5457
5540
5675
5549
5587
5803
5653
5761
5751
5900
5815
5747
5644
5621
5656
5868
5919
5869
5857
6015
5948
6065
6150
6117
6219
6306
6351
6135
6129
6104
6154
6234
6303
6373
6426
6402
6264
6366
6340
6499
6625
6573
6521
6572
6494
6333
6372
6330
6217
6457
6561
6641
6607
6515
6355
6200
6098
6004
5974
6125
6164
6254
6305
6173
6338
6184
6302
6463
6454
6363
6278
6383
6429
6441
6602
6548
6716
6776
6933
6994
7011
7054
7330
7208
7408
7277
7210
7425
7417
7290
7444
7154
6980
7070
7092
7156
7050
6952
7084
7147
7093
6961
6817
6702
6653
6798
6864
6810
6612
6519
6640
6740
6732
6927
6908
7244
7274
