1005000
268225
174720
129569
102285
84242
72122
63062
55723
49790
44623
41059
37738
35019
32400
30387
28221
26585
25533
24557
23585
22696
21748
20978
19677
18883
18095
17518
16860
16068
15603
14995
14434
14024
13240
12950
12507
11988
11619
11327
10841
10511
10102
9901
9805
9541
9315
9211
9021
8733
8823
8645
8421
8367
8135
8095
8021
8031
7693
7751
7735
7410
7550
7435
7443
7540
7524
7549
7524
7193
7174
7049
6951
6809
6707
6644
6836
6846
6664
6714
6474
6336
6210
6288
6324
6154
6057
5818
5739
5613
5511
5702
5620
5568
5617
5519
5412
5310
5194
5052
4898
5099
5157
4889
4772
4944
4830
4553
4412
4289
4111
4261
4145
3952
3900
3770
3765
3898
3924
3820
3826
3810
3840
3820
3838
3966
3853
3709
3675
3631
3573
3489
3479
3560
3520
3472
3487
3367
3374
3265
3204
3218
3130
3120
3094
3126
3091
2957
2972
3057
3160
3138
3076
2998
3013
3136
3151
3119
3146
3121
3150
3030
3101
3078
2937
3018
2985
3070
3013
3044
2959
2998
2826
2916
2989
3081
3049
3114
2964
3099
3201
3125
2980
3037
3106
3181
3175
3166
3170
3372
3419
3452
3376
3424
3570
3677
3704
3679
3478
3405
3408
3461
3513
3512
3474
3472
3412
3271
3235
3263
3337
3387
3289
3266
3252
3263
3255
3368
3517
3485
3496
3358
3396
3445
3423
3355
3341
3297
3274
3272
3302
3331
3226
3191
3164
3240
3223
3262
3291
3228
3284
3168
3222
3321
3359
3471
3359
3283
3251
3213
3154
3155
3171
3190
3151
3205
3252
3180
3076
3133
3059
3036
2943
2965
2940
2893
2941
2718
2663
2715
2694
2660
2617
2674
2565
2615
2488
2568
2606
2635
2755
2716
2685
2761
2741
2783
2712
2911
2871
2962
3013
3041
3162
3280
3339
3297
3339
3384
3411
3315
3255
3231
3323
3299
3339
3392
3299
3163
3199
3181
3149
3147
3018
3121
3131
3169
3132
3124
3025
3036
2999
2927
2899
2932
2933
2973
2975
2908
2942
2853
2807
2823
2799
2738
2726
2655
2674
2673
2598
2710
2819
2839
2748
2679
2644
2736
2847
2915
2970
3095
3061
2929
3040
3006
2998
2995
2982
2736
2897
2852
2879
2935
3033
2980
2949
2960
3010
2918
3014
3014
3050
2916
2928
2968
3004
3132
3148
3169
3253
3173
3179
3237
3272
3358
3216
3106
3037
3038
3237
3122
3163
3254
3331
3411
3482
3444
3559
3584
3617
3772
3811
3932
3948
4045
3972
3987
4036
4032
4126
4014
4224
4282
4318
4337
4255
4084
4098
4138
4044
4104
4048
4149
4302
4247
4283
4353
4521
4606
4605
4719
4762
4619
4617
4612
4898
5120
5234
5193
5144
5138
5024
5162
5093
5106
4997
5000
5033
5268
5209
5193
5122
5127
5170
5251
5190
5102
5171
5117
5255
5304
5332
5349
5237
5295
5247
5289
5393
5438
5307
5220
5255
5425
5457
5484
5434
5555
5719
5855
5950
6007
6040
6054
6191
6390
6410
6485
6584
6724
6792
6670
6575
6419
6453
6431
6490
6360
6476
6465
6470
6638
6676
6681
6546
6573
6467
6468
6396
6171
6216
6204
6093
6036
6197
6147
6110
6021
5927
6100
6066
6098
6070
5966
6100
6224
6172
6034
6124
6072
5884
5815
5899
5916
5930
5893
5869
5915
5919
5714
5670
5837
5713
5568
5671
5806
5870
5848
5851
5837
5995
6221
6124
6046
6022
6126
6009
5923
6040
6131
6217
6129
6162
6335
6362
6526
6378
6377
6195
6193
6086
6024
6075
5934
5998
6008
6003
5988
5935
5906
5925
5909
5771
6061
6008
6000
5976
6046
6019
5827
5799
5605
5652
5778
5757
5778
5904
5975
6109
6076
6022
6028
5964
5856
5790
6074
6095
6077
6136
6222
6094
6192
6153
6309
6316
6128
6019
6116
6140
6157
6071
6117
6225
6108
6064
6139
6077
6327
6348
6421
6420
6523
6312
6299
6445
6408
6395
6511
6645
6765
6667
6986
6979
7083
6919
6885
6547
6502
6468
6519
6417
6329
6286
6291
6113
6300
6453
6450
6532
6718
6839
6860
6815
6664
6675
6504
6511
6601
6878
6869
6953
7131
7267
7159
7054
6943
6906
6980
6890
6844
6707
6743
6796
6866
6900
6854
6710
6663
6714
6498
6645
6446
6293
6174
6246
6082
6133
6138
6136
6229
6395
6371
6287
6305
6391
6469
6397
6241
6199
6044
6043
5963
6006
5977
6044
5885
5748
5704
5811
5916
6046
6234
6340
6386
6330
6287
6173
6479
6536
6728
6635
6541
6252
6351
6405
6334
6270
6179
6023
6135
6069
6092
6046
5926
5929
5849
5966
5903
5817
5885
5843
6076
6047
6185
6302
6277
6196
6210
6404
6357
6297
6351
6444
6490
6400
6445
6490
6641
6512
6352
6144
6076
6095
6037
6153
6205
6126
6193
6145
6240
6103
6244
6220
6073
5792
5815
5781
5723
5905
5939
5982
6054
6186
6410
6373
6107
6145
6218
6240
6460
6475
6492
6513
6588
6387
6389
6222
6100
6084
6134
6134
6051
6219
6300
6166
6183
6104
6165
6363
6253
6243
6151
6172
5918
5913
5891
6094
5986
5915
5946
5803
5777
5738
5513
5660
5611
5442
5519
5540
5667
5501
5451
5449
5487
5368
5420
5339
5419
5248
5265
5202
5204
5319
5466
5265
5402
5390
5353
5321
5231
5197
5283
5233
5104
5100
5153
5280
5186
5203
5215
5146
5156
5190
5173
5162
5256
5136
5122
5045
5044
5066
5079
5078
5198
5164
5100
5406
5382
5516
5578
5562
5308
5246
5251
5308
5315
5433
5418
5272
5440
5471
5485
5644
5539
5553
5467
5381
5312
5287
5445
5510
5591
5596
5596
5787
5630
5507
5605
5769
5754
5671
5654
5607
5594
5431
5359
5509
5647
5463
5388
5590
5646
5620
5504
5374
5402
5159
5050
5019
4958
5010
5041
5099
5093
5012
4982
5053
5249
5314
5262
5377
5455
5388
5380
5357
5328
5309
5312
5422
5475
5281
5333
5318
5475
5360
5380
5235
5282
5261
5361
5426
5372
5482
5513
5626
5722
5619
5753
5662
5701
5722
5777
5752
5910
5989
6056
6060
6179
6227
6206
6155
6230
6171
6125
6109
6145
6077
6053
6146
5997
5909
6043
6229
6297
6302
6316
6196
6088
6453
6399
6399
6458
6528
6518
6439
6489
6263
6059
6184
6112
6284
6405
6348
6387
6372
6171
6123
6173
6237
6093
6303
6307
6254
6248
6017
6082
6046
6058
6011
6006
6043
5852
5818
5764
5734
5706
5622
5538
5627
5840
5878
5859
5915
6006
6001
5777
5854
5793
5637
5847
5904
5911
5911
6033
5949
6112
6191
6146
6114
5992
5858
5943
5976
5914
5842
5748
5812
5957
6113
6089
6127
5803
5721
5791
5796
5750
5621
5589
5369
5353
5274
5194
5224
5400
5399
5232
5231
5322
5314
5386
5322
5512
5464
5355
5294
5266
5412
5509
5405
5325
5385
5527
5586
5464
5519
5467
5319
5200
5073
4937
5066
5328
5314
5278
5338
5360
5450
5383
5379
5294
5350
5499
5549
5380
5289
5410
5405
5224
5292
5461
5239
5241
5189
5266
5214
5019
5034
4841
4698
4795
4782
4791
4840
4690
4734
4847
4913
4983
4980
4987
4978
4986
5006
5044
5144
5186
4970
4895
5070
5149
4954
4892
4856
4905
4855
5003
4880
5125
5280
5421
5400
5235
5214
5220
5117
5167
5074
4921
4830
4751
4627
4514
4599
4781
4807
4784
4879
4696
4539
4668
4849
4832
4860
4851
4984
5000
5071
5065
5104
5123
5005
5213
5204
5117
4950
4902
4825
4736
4922
4859
4864
4831
4856
4904
4664
4625
4603
4649
4770
4884
4818
4696
4785
4747
4695
4615
4710
4684
4789
4909
4933
5087
4963
4775
4815
4986
4983
4796
4884
4714
4663
4515
4656
4687
4834
4853
4798
4981
4828
4849
4782
4576
4667
4783
4744
4777
4882
4838
4801
4798
4795
4938
4671
4665
4645
4560
4602
4771
4862
4805
5040
4955
4766
4914
4935
5003
4935
4990
4914
4859
4905
4916
4846
4817
4902
4968
4854
4797
4828
4795
4950
4949
4927
4961
5033
5008
5039
4979
4963
4779
4733
4737
4802
4818
4814
4787
4949
4947
5160
5111
5046
5275
5322
5365
5397
5433
5406
5290
5401
5250
5340
5486
5473
5479
5685
5526
5596
5652
5734
5618
5616
5652
5664
5710
5734
5659
5833
5757
5943
5865
5855
5635
5660
5678
5581
5610
5716
5687
5738
5775
5903
5889
5827
5832
5791
5922
5875
5733
5779
6001
5971
6036
6071
5996
5979
6161
6067
5919
5780
5776
5829
5892
5694
5723
5680
5671
5531
5358
5340
5473
5444
5364
5357
5276
5310
5255
5221
5210
5121
5253
5379
5472
5535
5525
5382
5511
5516
5614
5770
5816
5874
5895
5931
5990
6023
5947
6058
6203
6181
6106
6162
6177
6048
5911
6076
6108
6055
5962
5784
5793
5932
6037
5976
6044
6157
6195
6145
6229
6349
6297
6382
6300
6423
6356
6496
6367
6167
6231
6313
6402
6393
6550
6527
6317
6417
6347
6158
6250
6208
6210
6187
6141
6169
6255
6303
6185
6300
6471
6364
6454
6201
6218
6330
6458
6417
6462
6667
6803
6776
6818
6860
6816
6631
6711
6647
6596
6640
6486
6693
6770
6760
6822
6696
6805
6838
7003
6849
6792
6728
6537
6231
6147
6050
5998
5927
5943
5965
5949
5904
6031
6114
6222
6121
6120
5993
5963
5975
5913
6003
6203
6078
6084
6142
6205
6062
6099
6239
6281
6233
6375
6363
6349
6413
6337
6405
6354
6256
6227
6056
6131
6081
5816
5903
5769
5834
5898
5977
6118
6362
6310
6550
6301
6231
6210
6169
6059
6248
6365
6564
6338
6352
6191
6299
6244
5999
5971
6026
5886
5905
5943
5936
5833
5923
5967
5924
5971
5898
5666
5706
5864
5862
6065
6171
6140
6014
6123
6060
5984
5995
5811
5782
5765
5567
5623
5779
5815
5775
5752
5924
5863
5824
5845
5931
5785
5663
5674
5695
5634
5446
5706
5648
5659
5705
5711
5616
5660
5739
5937
6183
6211
6380
6480
6578
6712
6574
6641
6599
6773
6815
7015
6948
6882
6952
6968
7091
7159
7452
7355
7293
7275
7270
7032
6937
6987
6728
6632
6499
6382
6384
6485
6593
6794
6884
6673
6509
6231
6147
6271
6332
6271
6220
6165
6221
6352
6416
6418
6425
6487
6725
6833
6913
6948
6827
6750
6775
6641
6441
6386
6335
6376
6343
6495
6424
6431
6406
6294
6622
6852
6893
6903
7069
7270
7265
7246
7175
6963
7203
7157
7199
7059
7312
7538
7278
7483
7387
7495
7239
7136
7226
7431
7339
7250
7098
7129
6961
7295
7235
7227
7074
7189
7191
6981
7003
6846
7084
7212
7154
7321
7147
7348
7231
7398
7547
7646
7546
7476
7511
7451
7717
7636
7678
7695
7697
7672
7622
7907
7906
8041
7982
7909
7882
7577
7665
7479
7443
7634
7424
7546
7386
7480
7533
7385
7235
7125
7222
7229
7319
7280
7129
7243
6869
6858
6580
6639
6678
6775
6753
6659
6709
6667
6745
6713
6472
6291
6453
6696
6493
6297
6288
6244
6230
6201
6189
6070
5900
5914
5959
6011
6126
5982
5870
5692
5785
5966
6007
6011
5929
5977
5933
5914
6009
5887
5889
6075
6034
6069
5967
6132
6139
6217
6307
6354
6242
6124
6092
6050
5881
6056
6000
5923
5924
5965
5794
5719
5693
5464
5583
5561
5653
5580
5610
5592
5732
5749
5618
5748
5842
5826
5727
5711
5697
5772
5825
5889
5899
5761
5789
5672
5630
5650
5594
5814
5801
5740
5899
6167
6203
6232
6363
6461
6469
6468
6470
6403
6221
6229
6153
6213
6423
6412
6562
6681
6625
6639
6723
6702
6675
6827
6599
6566
6542
6493
6391
6275
6217
6028
5965
5889
5946
5933
5869
5781
5694
5702
5860
5832
5654
5590
5669
5736
5730
5689
5756
5804
5794
5740
5586
5444
5403
5337
5186
5291
5371
5502
5679
5753
5765
5741
5626
5569
5422
5304
5259
5265
5310
5216
5265
5402
5499
5463
5449
5375
5243
5288
5169
5401
5397
5468
5438
5217
5303
5430
5422
5534
5605
5553
5397
5509
5667
5595
5544
5331
5226
5242
5055
5257
5453
5425
5543
5434
5433
5327
5339
5315
5424
5598
5623
5711
5555
5522
5456
5501
5583
5453
5331
5348
5349
5423
5336
5419
5252
5152
5036
4953
5068
5049
4998
5115
5037
5191
5204
5364
5407
5401
5495
5454
5571
5551
5495
5488
5675
5789
5825
5850
6017
5842
5752
5740
5782
5733
5770
5824
5832
5983
5882
5865
5795
5825
5865
5884
5733
5886
5682
5707
5764
5821
5894
5680
5704
5683
5711
5607
5416
5350
5273
5304
5423
5271
5237
5253
5282
5026
5080
5186
5391
5318
5359
5299
5351
5101
5144
5207
5288
5311
5235
5311
5338
5413
5493
5431
5377
5299
5289
5305
5235
5140
5025
5306
5384
5296
5257
5167
5191
5292
5281
5251
5312
5131
5128
5197
5202
5081
5005
4884
4997
4794
4680
4821
4666
4681
4634
4706
4793
4692
4684
4717
4771
4795
4762
4868
5049
4909
4873
5009
5082
5110
5249
5123
5156
5183
5196
5475
5563
5657
5644
5587
5664
5721
5679
5771
5763
5683
5616
5626
5563
5681
5706
5784
5793
5885
5787
5569
5463
5521
5712
5752
5649
5663
5493
5554
5492
5459
5281
5342
5261
5504
5497
5435
5238
5223
5228
5281
5285
5216
5317
5148
5169
5160
5039
5068
5086
5061
5239
5249
5292
5316
5217
5100
5186
5211
5014
4955
5023
5122
5058
5087
4973
5058
5140
5224
5176
5217
5527
5591
5557
5564
5575
5471
5384
5454
5459
5561
5629
5603
5855
5807
5684
5773
5774
5877
5831
5806
5897
5835
5721
5669
5835
5854
6095
6110
5988
5933
5997
5820
5938
5935
5924
6056
6179
6126
6071
6226
6048
6159
6237
6189
5881
5872
5749
5579
5634
5542
5662
5616
5652
5716
5681
5526
5713
5812
5908
5898
5848
5972
5825
5769
5694
5745
5612
5676
5712
5645
5735
5612
5709
5755
5792
5831
5768
5725
5707
5914
5800
6001
5957
6003
6041
5914
5783
5794
5762
5889
5939
5817
5771
5932
5922
5823
5832
5946
5890
5976
5985
5986
6053
6019
5996
6056
6026
6263
6190
6036
5895
5778
5895
5921
5887
5937
5998
5980
6021
6020
6043
6070
5975
5885
5812
5966
5817
5801
5802
5771
5841
5829
5864
5863
5696
5802
5672
5757
5886
5870
6182
5912
5826
5760
5732
5499
5423
5341
5267
5199
5250
5402
5507
5560
5740
5882
5927
6026
6002
5835
6085
5936
5933
5896
5848
5798
5935
5867
5765
5698
5550
5444
5417
5307
5213
5160
5140
5125
5058
4979
4899
4822
4886
4832
4687
4575
4693
4694
4720
4601
4681
4738
4924
5148
5342
5511
5494
5552
5458
5480
5457
5484
5428
5342
5350
5530
5366
5393
5363
5321
5388
5408
5266
5364
5290
5238
5455
5512
5541
5524
5562
5661
5821
5871
5843
5741
5706
5985
5834
5973
5927
5896
5968
6077
5895
5919
5851
5866
5950
6012
5989
5978
6019
5917
5796
5639
5432
5423
5303
5348
5577
5682
5654
5621
5662
5557
5442
5111
5091
5169
5111
5209
5248
5234
5219
5254
5304
5210
5248
5074
5167
4991
5054
5187
5206
5230
5197
5126
5038
5165
5155
4988
4972
5116
5091
5011
5054
5040
4999
5146
5296
5319
5415
5593
5519
5543
5457
5266
5473
5610
5541
5661
5663
5675
5654
5689
5770
5567
5543
5537
5480
5483
5454
5514
5467
5355
5261
5009
4999
5059
4997
5140
5246
5371
5403
5479
5318
5344
5347
5452
5385
5410
5702
5768
5882
5907
5863
5911
5978
6016
5911
5956
6119
6064
6047
6191
6237
5891
5986
5883
5876
5949
6033
6061
5993
5991
6021
6107
6022
5866
5855
5938
5951
6022
5922
5869
5797
5760
5810
5799
5898
5755
5693
5680
5567
5425
5403
5279
5338
5460
5471
5371
5485
5615
5787
5785
5677
5689
5572
5534
5487
5803
5778
5701
5674
5599
5699
5526
5289
5144
5191
5069
5060
5057
5024
4954
5060
5023
5193
5256
5421
5564
5630
5673
5827
5834
5695
5717
5562
5813
5711
5736
5864
5899
6007
6190
6280
6239
6023
5996
6129
5956
5961
6045
6096
6059
6003
6038
6091
5985
5853
5843
5878
5917
5935
5841
5886
5728
5725
5929
6000
5939
6133
6242
6188
6177
6340
6467
6510
6304
6382
6368
6226
6302
6192
6344
6306
6507
6487
6549
6395
6408
6379
6531
6637
6686
6707
6684
6710
6515
6566
6675
6576
6481
6601
6786
6841
7000
7030
6971
7065
7081
6956
6925
6966
6852
6946
7009
6902
6909
7008
7184
7192
7053
6942
7133
7249
7112
7239
7256
7359
7158
7131
7158
7198
7084
7301
7370
7412
7288
7300
7322
7446
7245
7133
7183
7081
7195
7094
7295
7275
7136
7268
7108
7287
7303
7412
7379
7525
7472
7407
7314
7385
7219
7311
7313
7316
7383
7346
7219
7304
7462
7496
7540
7273
7339
7390
7292
7216
7087
7157
7132
7010
6962
6751
6741
6746
6813
6703
6764
6760
6592
6697
6816
6886
6711
7020
6944
6934
7015
6991
7158
6913
6921
6999
6971
6851
6926
6941
6987
6872
6814
6745
6686
6643
6786
6839
6609
6682
6625
6599
6682
6764
6710
6743
6733
6763
6705
6622
6721
6452
6429
6480
6561
6641
6431
6497
6455
6589
6376
6164
6248
6367
6379
6233
6404
6356
6236
6239
6172
6062
6201
6280
6145
6039
6018
5867
5813
5815
5794
5782
5793
5708
5611
5451
5632
5672
5784
5869
5968
5908
5872
5797
5775
5756
5853
5718
5564
5517
5663
5743
5897
5775
5853
5950
5817
5726
5684
5625
5811
5891
5861
5940
6059
6049
6056
6136
6244
6180
6130
6101
5880
5702
5570
5694
5651
5649
5478
5561
5556
5486
5624
5621
5694
5772
5922
5833
5874
5934
6019
5879
5736
5838
5800
5859
6025
5985
5813
5809
5853
5855
5857
5837
5802
5755
5814
5902
5820
5730
5725
5724
5584
5623
5684
5592
5851
5974
5994
6206
6030
6098
6112
6095
6183
6108
6176
6193
6128
6045
5886
5827
5729
5956
6017
5946
5841
6060
6169
6145
6119
6164
6122
6015
6011
6040
6052
6081
6369
6285
6426
6451
6329
6409
6232
6087
6023
5885
5956
5778
6008
5977
5988
5997
6014
6024
6045
6067
6139
6396
6390
6157
6197
6481
6441
6566
6618
6475
6536
6524
6425
6365
6401
6469
6373
6312
6290
6256
6436
6422
6361
6311
6234
6213
6133
6113
6091
6030
6158
6157
6146
6354
6256
6201
6193
6264
6411
6282
6173
6202
6450
6426
6522
6467
6656
6548
6447
6486
6737
6711
6570
6648
6478
6542
6655
6578
6755
6739
6372
6210
6183
6005
6076
6091
6071
5895
5935
6018
5936
6189
6223
6360
6438
6515
6562
6510
6479
6473
6288
6259
6333
6332
6318
6285
6434
6311
6275
6317
6325
6625
6773
6978
6906
6814
6991
6971
7021
6981
6818
6845
6809
6907
6766
6742
6827
6881
6890
6967
7034
7100
7051
7345
7508
7578
7570
7716
7563
7321
7235
7407
7199
7412
7412
7340
7370
7446
7452
7135
7313
7248
7346
7511
7728
7774
7549
7410
7356
7224
7105
7052
7049
7023
6927
6819
6832
6724
6849
6918
6966
7007
6966
6997
6904
7003
7031
7043
7110
6766
6854
6769
6701
6552
6369
6417
6426
6404
6485
6354
6461
6318
6415
6706
6704
6834
6922
6764
6669
6653
6508
6552
6730
6689
6775
6607
6600
6517
6412
6428
6352
6347
6524
6327
6220
6225
6177
6134
6047
5963
6105
6225
6059
6017
6043
6162
6195
6276
6263
6280
6086
5948
6089
6202
6266
6271
6312
6072
5965
5928
6059
6054
6102
6193
5974
5918
6043
6059
6185
6241
6257
6215
6365
6139
6086
6148
6215
6245
6077
5999
5895
6003
5781
5842
5656
5928
5681
5545
5533
5605
5608
5679
5791
5840
5766
5768
5961
6000
6081
6056
6037
6041
6053
6077
6112
6142
6192
6160
6301
6515
6426
6479
6583
6556
6574
6526
6596
6572
6724
6701
6776
6919
7095
7135
7137
7137
7259
7139
6984
6841
6750
6668
6638
6486
6550
6298
6441
6318
6390
6165
6088
6247
6198
6197
6282
6195
6161
6093
6099
6064
6036
6107
6129
6088
6021
5869
5829
5921
5965
5943
5987
6007
6237
6232
6112
6029
5922
5870
5829
5777
5694
5714
5753
5686
5612
5707
5880
5939
5998
6134
5990
5958
6079
5954
5710
5761
5863
5706
5856
5960
5961
6082
6087
5993
6172
6018
6161
6102
6077
6224
6245
6371
6401
6388
6290
6137
6064
5993
6059
6091
6136
6104
6009
6013
6012
6091
6180
6401
6320
6251
6174
6141
6025
5954
5852
6029
5946
6021
6089
5849
5861
5921
5983
5805
5906
5818
5847
5810
5704
5852
5918
6037
6007
6081
6203
6113
6035
6036
5910
5835
5785
5707
5774
5703
5750
6136
6060
5927
5963
6018
5910
6015
6177
6201
6085
6006
5942
5964
5931
5903
5753
5761
5596
5524
5562
5514
5316
5408
5606
5731
5738
5803
5826
5628
5603
5784
5770
5783
5793
5721
5849
5743
5400
5327
5131
5206
5188
5187
5189
5234
5435
5474
5546
5624
5686
5658
5600
5633
5527
5524
5581
5500
5585
5538
5610
5622
5634
5709
5692
5841
5840
5603
5597
5646
5705
5827
5870
5968
6243
6071
6169
6148
6115
6189
5966
5892
5778
5716
5702
5678
5507
5571
5446
5188
5091
5226
5197
5081
5077
5030
5068
5168
5179
5454
5528
5540
5494
5504
5638
5584
5492
5498
5502
5509
5320
5442
5473
5541
5500
5442
5361
5375
5517
5566
5399
5481
5424
5407
5416
5514
5560
5752
5783
5836
6079
5965
6164
5971
6030
6037
5987
6094
6149
6157
6008
5888
5968
6058
6020
6007
6047
5980
6048
6115
5887
5725
5553
5592
5632
5612
5557
5584
5496
5614
5633
5756
5687
5531
5547
5336
5612
5485
5563
5732
5921
5858
6132
6294
6223
6156
6143
6097
6126
6387
6230
6023
5981
6034
6227
6106
6263
6263
6285
6205
6151
6221
6181
6065
6037
6084
6188
6097
6046
6177
6256
6268
6248
6127
6254
6320
6195
6092
6008
6117
6148
6078
6223
6204
6216
6291
6277
6399
6428
6205
6124
5962
5810
5953
5899
5919
5967
5929
5931
5834
5886
5878
6040
5915
5946
6015
6060
6276
6130
6083
6042
5994
6101
5979
6014
6037
5799
5729
5883
5837
5907
5847
5723
5722
5639
5557
5590
5829
5811
5767
5846
5719
5685
5471
5807
5633
5535
5494
5528
5604
5725
5777
5888
5799
5705
5639
5518
5567
5568
5542
5541
5401
5460
5455
5458
5560
5333
5240
5158
5317
5445
5558
5676
5709
5635
5526
5648
5708
5797
5878
6077
6060
5966
6084
6032
5997
5966
6015
6064
6140
6105
6207
6277
6439
6486
6556
6525
6331
6349
6386
6182
6172
6379
6280
6369
6301
6315
6387
6570
6498
6539
6611
6539
6665
6800
6943
7125
7196
7038
6939
6919
6912
6981
6898
6883
6817
6765
6771
6619
6530
6407
6548
6742
6843
6962
6788
6883
6875
7009
6994
6802
6714
6774
6688
6542
6913
6939
7051
7064
7049
7093
6935
7027
6798
6788
6895
6930
6971
7217
7296
7160
7110
7088
7090
7363
7342
7232
7236
7292
7400
7207
7316
7376
7062
7067
7053
7210
7010
6972
6978
6826
6727
6595
6586
6663
6475
6298
6181
6384
6503
6440
6662
6868
7080
7030
7079
6910
7061
6857
6972
7025
6956
6983
7144
7209
7161
7170
7349
7306
7200
7161
7127
6863
6837
6904
6901
6892
6624
6742
6665
6871
6765
6755
6841
6867
6685
6569
6601
6289
6231
6133
6073
5988
5961
5977
6021
5825
5874
5817
5857
5798
5825
5890
5949
5945
5826
6036
6044
5965
6044
6046
6071
6128
6123
6321
6277
6339
6119
6084
5992
6216
6317
6355
6393
6477
6418
6549
6745
6779
7073
6905
6917
7007
6971
6891
6719
6548
6649
6709
6606
6546
6524
6638
6788
6685
6806
6699
6527
6537
6531
6114
5972
6048
5905
6002
6114
6232
6180
6059
5955
6096
6006
5952
6077
5950
5931
5859
6044
6053
5958
5860
5914
5854
5767
5771
5843
5908
6018
5979
6110
6084
6343
6335
6178
6226
6057
6088
6114
6272
6183
6150
6218
6315
6334
6305
6428
6257
6349
6558
6765
6796
6832
6806
6911
6810
6799
6638
6781
6999
7143
7262
7227
7149
7103
7119
7144
7166
7161
7027
7054
7129
7226
7179
7215
7424
7292
7244
6985
7076
6982
6893
6966
7324
7446
7581
7305
7141
7298
7332
7073
6829
6764
6863
6815
6922
6827
6682
6632
6550
6838
6964
6852
6861
6696
6747
6706
6674
6852
7101
7197
7238
7205
7091
7199
7494
7502
7416
7573
7526
7526
7559
7517
7466
7346
7332
7266
7258
7412
7396
7247
7486
7435
7477
7455
7530
7714
7557
7576
7426
7378
7386
7442
7313
7094
6988
6819
6955
6745
6724
6814
6892
6955
7064
6999
6953
6901
6807
6722
6715
6828
7044
6999
7080
6898
6629
6530
6629
6729
6744
6774
6766
6682
6546
6556
6310
6301
6231
6435
6723
6673
6671
6626
6675
6525
6613
6512
6558
6505
6553
6522
6628
6645
6525
6595
6567
6320
6278
6116
6122
6240
6151
6199
6377
6613
6603
6598
6436
6403
6549
6591
6661
6764
6595
6440
6402
6404
6578
6567
6603
6549
6531
6761
6705
6659
6526
6538
6604
6432
6433
6671
6720
6560
6576
6368
6337
6313
6364
6428
6453
6478
6501
6497
6405
6308
6483
6582
6675
6800
6939
6800
6964
7021
7025
7024
7268
7286
7236
7226
7037
7146
7038
7082
7320
7142
7163
7132
7091
7004
6837
6863
6982
6807
6885
6974
6854
6609
6594
6414
6442
6496
6579
6590
6593
6339
6317
6375
6293
6329
6255
6144
6177
6053
6062
6211
6347
6338
6280
6119
5944
5871
5750
5734
5782
5726
5713
5476
5496
5433
5584
5512
5695
5730
5951
6118
5929
5810
5846
5823
5774
5683
5948
5782
5691
5695
5630
5639
5642
5633
5695
5794
5868
5877
5762
5856
5663
5673
5654
5714
5825
5851
5899
5909
5855
5743
5694
5573
5753
5698
5828
5702
5631
5674
5549
5646
5596
5765
5966
6191
6390
6373
6296
6277
6480
6478
6539
6693
6616
6617
6662
6543
6764
6687
6784
6781
6703
6841
6850
6850
6811
6978
7110
7189
7353
7362
7401
7344
7345
7280
7171
7216
7462
7351
7500
7449
7424
7374
7443
7526
7460
7164
7021
6970
7191
7243
7295
7208
7068
6811
6839
6985
7092
7209
6975
6986
6919
6718
6644
6631
6582
6547
6342
6102
5950
5857
5839
5615
5507
5301
5407
5402
5237
5246
5335
5258
5090
5202
5225
5048
5009
5151
5219
5077
5206
5326
5196
5110
4998
5065
5252
5477
5549
5290
5341
5281
5211
5217
5153
5036
5013
4950
4934
4959
4987
4899
4698
4881
4936
5026
4833
4672
4642
4431
4397
4413
4453
4395
4321
4287
4440
4406
4319
4394
4442
4513
4567
4774
4796
4831
4738
4591
4737
4734
4840
4951
4989
5042
4901
4772
4794
4712
4676
4569
4692
4804
4826
4913
5062
5049
5075
5042
4810
4786
4887
4893
4798
4807
4755
4827
4910
4953
4803
4776
4794
4770
4898
4881
4946
4891
4806
4848
4824
4628
4443
4348
4266
4256
4424
4424
4289
4314
4280
4347
4496
4556
4722
4813
4860
4858
4840
4821
4773
4643
4563
4530
4572
4698
4664
4830
4759
4741
4785
4879
4760
4804
4897
5042
4817
4934
4896
4809
4923
4832
4699
4662
4757
4696
4790
4738
4646
4599
4596
4649
4533
4462
4445
4417
4329
4334
4266
4241
4303
4306
4396
4470
4511
4659
4692
4656
4717
4696
4477
4413
4329
4391
4338
4335
4301
4188
4372
4447
4547
4572
4310
4232
4192
4420
4337
4294
4191
4106
4233
4308
4474
4452
4521
4597
4760
4716
4794
4806
4693
4853
4803
4746
4720
4670
4845
4914
4723
4720
4672
4727
4631
4626
4443
4444
4468
4382
4486
4407
4539
4575
4635
4578
4699
4500
4509
4666
4514
4436
4338
4373
4409
4392
4294
4290
4332
4291
4373
4362
4490
4533
4328
4255
4294
4397
4546
4486
4706
4650
4578
4657
4781
4700
4755
4850
4942
4707
4648
4547
4315
4375
4298
4275
4250
4053
4059
4168
4177
4178
4094
4050
4094
4140
4208
4246
4228
4069
4083
4059
4248
4353
4234
4364
4219
4141
4216
4333
4430
4734
4838
4815
4807
4829
4902
4730
4861
4814
4826
4856
4936
5043
4978
5063
4935
5028
5165
5204
5121
5240
5324
5494
5626
5583
5380
5355
5446
5371
5379
5348
5537
5615
5585
5683
5834
5779
5668
5766
5874
5880
5740
5725
5651
5655
5686
5770
5812
5766
5854
5663
5520
5480
5614
5559
5422
5384
5393
5582
5451
5370
5290
5260
5246
5254
5152
5049
5034
5109
5201
5241
5277
5262
5132
5109
5320
5262
5207
5122
5060
4834
5007
4909
4890
4909
4995
4999
4985
5024
5052
5038
4925
4996
4935
5036
4887
5027
4907
4909
4812
4861
4776
4889
4861
4835
4833
4772
4736
4705
4719
4634
4600
4482
4624
4763
4778
4752
4779
4809
4629
4482
4526
4489
4393
4406
4492
4458
4505
4447
4304
4376
4388
4409
4328
4310
4230
4320
4573
4523
4583
4601
4682
4642
4594
4584
4600
4552
4469
4277
4368
4306
4271
4292
4295
4233
4204
4256
4365
4299
4326
4158
4246
4336
4393
4545
4534
4461
4397
4393
4446
4575
4488
4673
4804
4790
4860
4911
4998
4939
4847
4894
4859
4912
4984
4911
4920
5000
5196
5111
5045
5084
5132
4987
5175
5243
5229
5466
5480
5572
5436
5447
5552
5400
5403
5573
5493
5313
5377
5392
5315
5299
5359
5185
5190
5133
5167
5196
5068
5116
5270
5138
5081
5159
5254
5187
5096
4993
4913
4733
4688
4665
4696
4749
4818
4784
4662
4633
4575
4422
4439
4546
4401
4568
4546
4375
4423
4379
4418
4353
4357
4339
4340
4423
4471
4361
4483
4347
4369
4349
4330
4215
4165
4180
4296
4273
4287
4409
4484
4520
4529
4540
4606
4537
4589
4724
4702
4754
4830
4894
5001
4906
5046
5162
5019
5035
5189
5227
5300
5441
5456
5395
5431
5374
5284
5233
5263
5047
4920
5075
5070
5175
5136
5267
5326
5215
5085
5003
4964
4955
4757
4647
4594
4760
4545
4592
4508
4593
4630
4627
4738
4665
4667
4669
4778
4714
4859
4759
4744
4716
4705
4662
4762
4812
4807
4883
4784
4996
4973
4878
5045
4953
5084
5124
5029
5012
5162
5001
4915
4842
4985
5088
5279
5011
4842
5028
4983
5018
4996
5036
5037
4946
5011
4961
4997
4794
4736
4583
4687
4874
4935
4966
4932
4942
4887
4771
4832
4918
4893
4964
4923
4950
4969
5053
4850
4727
4763
4820
4784
4727
4847
4858
