1005000
266949
173830
129932
102971
85723
72537
62994
55457
49967
45271
41162
37506
34918
32384
30369
28656
27348
25756
24734
23509
22470
21379
20796
19912
18886
17931
17328
16615
15782
15139
14528
14280
13457
13151
12866
12796
12361
12059
11798
11342
11325
10819
10638
10223
9956
9690
9502
9517
9217
9133
8901
8574
8401
8399
8449
8246
8197
7975
7658
7575
7391
7134
6854
6611
6673
6710
6653
6425
6356
5974
5810
5655
5787
5571
5383
5215
5200
5047
5003
5128
5064
5228
5152
5156
5053
5014
4922
4944
5063
5184
4984
5020
4949
4994
4918
4928
4838
4801
4838
4790
4703
4591
4632
4561
4606
4611
4548
4305
4390
4255
4117
4213
4232
4207
4248
4351
4558
4623
4566
4495
4487
4534
4404
4258
4207
4169
4205
4093
4180
4316
4378
4386
4411
4415
4297
4099
4071
4179
4364
4382
4354
4351
4426
4388
4467
4349
4263
4321
4255
4174
4283
4263
4174
4125
4115
4072
4102
4164
4134
3953
3909
3877
3964
3875
3753
3747
3779
3674
3702
3734
3664
3567
3514
3525
3512
3570
3648
3556
3528
3630
3506
3468
3507
3486
3534
3469
3421
3349
3364
3328
3404
3323
3418
3349
3298
3257
3382
3333
3499
3429
3361
3285
3281
3231
3205
3103
3176
3250
3251
3210
3023
3008
2887
2839
2806
2751
2742
2739
2824
2866
2839
2826
2782
2830
2786
2821
2737
2602
2573
2575
2547
2499
2458
2537
2610
2752
2650
2586
2587
2788
2861
2838
2886
2997
3088
3045
3034
3135
3084
3153
3169
3219
3172
3160
3043
3019
3022
3028
2913
3029
3038
2854
2911
2755
2679
2561
2589
2631
2673
2710
2642
2700
2697
2631
2737
2628
2643
2761
2665
2650
2649
2749
2719
2698
2611
2554
2528
2367
2380
2460
2443
2511
2542
2544
2539
2688
2766
2812
2926
3110
3178
3129
3184
3394
3368
3345
3259
3141
3324
3381
3420
3455
3466
3354
3393
3502
3578
3616
3606
3543
3499
3523
3681
3673
3711
3693
3733
3843
3954
3966
3973
4029
4161
4264
4268
4294
4331
4354
4322
4306
4295
4201
4059
4159
4403
4468
4548
4412
4412
4298
4335
4252
4393
4304
4318
4480
4451
4430
4496
4423
4456
4395
4413
4245
4189
4214
4250
4334
4373
4279
4204
4068
4153
4230
4346
4307
4414
4405
4374
4288
4366
4371
4334
4207
4095
4008
3971
3902
4009
4086
3970
4120
4151
4135
4201
4228
4081
4250
4127
4197
4125
4157
4115
4159
4104
4147
4215
4292
4273
4124
4244
4240
4263
4307
4130
4157
4130
4290
4288
4332
4452
4632
4751
4648
4597
4633
4742
4626
4636
4637
4748
4650
4716
4835
4790
4685
4763
4779
4924
4944
4826
4837
4826
4915
4933
4874
4928
4893
5023
5169
5327
5139
5148
5303
5326
5554
5468
5559
5463
5610
5622
5654
5719
5713
5645
5674
5711
5845
5926
5892
5686
5777
5713
5801
5934
5859
5800
5768
5759
5556
5654
5649
5610
5609
5753
5754
5713
5814
5715
5732
5717
5767
5581
5580
5557
5433
5464
5609
5719
5736
5656
5669
5822
5779
5733
5717
5625
5542
5490
5615
5673
5747
5733
5523
5766
5911
5888
5833
5674
5746
5607
5979
6132
6105
6115
5938
6030
6032
6251
6369
6198
6234
6298
6267
6121
6278
6340
6165
6063
6065
5913
6082
6298
6248
6135
6151
6267
6158
6060
5966
6027
5973
5868
5950
5858
5987
5777
5812
5870
5627
5680
5561
5703
5581
5662
5617
5743
5649
5482
5379
5235
5201
5241
5325
5498
5548
5276
5462
5383
5648
5465
5485
5554
5571
5488
5488
5383
5366
5451
5529
5519
5539
5646
5676
5787
5936
5919
5989
5933
6203
6231
6235
6380
6288
6181
6232
6131
6134
6113
6139
5965
5945
6106
5890
5879
5553
5379
5362
5514
5486
5383
5340
5313
5334
5355
5457
5492
5429
5476
5613
5571
5506
5579
5650
5681
5433
5344
5289
5351
5362
5334
5299
5249
5357
5144
5146
5093
5147
5113
5073
5208
5239
5162
5252
5160
5257
5147
5022
4987
5042
5146
5398
5348
5277
5247
5268
5367
5528
5481
5386
5317
5307
5278
5511
5470
5520
5519
5482
5485
5524
5449
5511
5443
5406
5380
5284
5329
5347
5085
5038
5075
5017
4952
4845
4829
4886
5000
4989
5141
5145
5217
5145
5189
5258
5296
5215
5312
5326
5294
5223
5296
5257
5222
5178
5169
5125
5253
5322
5515
5635
5661
5732
5544
5501
5652
5689
5569
5496
5740
5747
5601
5670
5833
5924
5751
5711
5653
5632
5543
5472
5606
5666
5725
5644
5715
5815
5868
5826
5702
5723
5863
6052
6097
6127
6161
6172
6128
6279
6186
6218
6157
6355
6390
6513
6565
6537
6432
6526
6471
6424
6221
6207
6242
6341
6304
6005
5980
5893
6003
6009
6160
6175
6189
6063
6079
5990
6163
6222
6342
6461
6348
6366
6442
6421
6401
6368
6308
6188
6333
6278
6201
6195
6096
6053
5889
5767
5890
5776
5499
5605
5518
5372
5420
5420
5279
5282
5246
5058
5070
4996
5006
5133
5130
5220
5159
5022
4957
4932
5020
5169
5303
5356
5360
5511
5444
5441
5420
5447
5519
5608
5723
5646
5572
5490
5587
5478
5599
5568
5521
5444
5622
5549
5487
5440
5313
5402
5395
5602
5680
5784
5951
5934
5857
5879
6127
5993
6010
6036
5878
5879
5749
5881
5687
5953
5929
6113
5992
5855
5816
5809
5925
5936
5861
5873
5779
6039
6079
5780
5708
5555
5581
5568
5443
5551
5658
5715
5787
5981
5885
5825
5927
5905
5761
5737
5661
5797
5715
5750
5609
5603
5620
5569
5793
5730
5784
6042
5891
5861
5774
5839
5705
5795
5837
5762
5777
5799
5810
5782
5754
5682
5790
5879
5833
5919
5748
5827
5806
5845
5883
6060
5909
5952
5912
6053
6215
6342
6407
6476
6570
6691
6781
6760
6832
6783
6908
6720
6681
6730
6749
6680
6622
6465
6537
6650
6718
6675
6644
6769
6596
6573
6695
6618
6615
6587
6519
6489
6427
6321
6341
6385
6337
6296
6418
6458
6168
6381
6270
6180
6155
6101
6232
6292
6539
6631
6553
6446
6313
6486
6438
6399
6314
6210
6244
6160
6206
6274
6292
6116
6200
5978
6087
6137
6102
6372
6387
6256
6365
6296
6286
6469
6226
6090
6193
6005
6203
6300
6142
6274
6510
6682
6774
6656
6717
6480
6574
6507
6469
6459
6368
6368
6077
6134
5912
6132
6100
6097
6227
6366
6399
6430
6324
6230
6299
6121
6134
5974
6070
5931
6032
5777
5733
5721
5658
5754
5608
5781
5708
5842
5787
5923
5982
6097
6125
6113
6016
5981
5866
5635
5484
5650
5642
5731
5798
5903
5922
5883
5834
5944
5901
5993
5829
5890
5962
6092
6138
6104
6079
6219
6194
6233
6034
5993
6253
6307
6064
5913
5772
5584
5488
5370
5297
5316
5192
5133
5212
5199
5289
5232
5263
5386
5374
5325
5410
5261
5405
5353
5229
5159
5043
5006
4895
5124
5164
5187
5224
5342
5235
5073
5323
5416
5642
5576
5667
5667
5623
5743
5815
5941
5969
6051
5982
6038
6133
6115
6176
6073
6037
6203
6281
6219
6021
5929
5802
5789
5664
5633
5594
5612
5398
5465
5557
5789
5830
5741
5814
5930
5885
5976
5949
6040
6112
6145
6079
6075
6245
6108
6003
5983
5965
6111
6233
6094
6073
6214
6212
6043
6074
6201
6122
6248
6157
6297
6327
6140
6212
5972
6042
6142
6358
6189
6187
6092
6204
6295
6069
6018
6058
5993
6057
6052
6100
6076
6015
6035
6053
6027
5813
6056
6224
6227
6104
6138
6096
6110
5909
5979
5840
5856
5981
6117
6107
6162
5963
6013
5992
5857
5685
5553
5533
5469
5406
5427
5472
5433
5438
5463
5449
5302
5350
5199
5303
5347
5332
5460
5586
5531
5550
5598
5536
5474
5335
5338
5301
5307
5431
5362
5512
5357
5368
5456
5352
5365
5260
5311
5252
5384
5429
5462
5478
5504
5456
5546
5492
5579
5666
5730
5646
5707
5640
5797
5617
5733
5818
5806
5653
5724
5415
5425
5386
5264
5291
5257
5227
5120
4950
4964
4994
5081
5127
5064
5183
5246
5202
5175
5126
5152
5306
5410
5452
5513
5488
5417
5307
5272
5287
5299
5374
5319
5254
5245
5252
5350
5391
5514
5639
5605
5603
5533
5669
5949
6033
5906
6001
5887
5964
6087
6195
6118
6152
6318
6496
6419
6363
6271
6169
6175
6147
6040
6036
5897
5953
5941
5888
5902
6004
6061
6155
5951
5887
5823
5771
5745
5729
5617
5728
5648
5829
5940
6043
6260
6201
6330
6510
6644
6691
6730
6730
6493
6395
6417
6482
6297
6275
6266
6153
6159
5891
5747
5830
6092
6031
6115
6168
6149
5888
6017
5996
6056
6098
5972
5991
5866
5693
5588
5689
5644
5621
5663
5453
5491
5289
5179
5187
5292
5172
5186
5169
4929
5001
5106
5139
5000
4989
5064
5131
5263
5495
5685
5610
5660
5654
5721
5703
5803
5495
5362
5434
5484
5382
5214
5210
5188
5106
4894
4761
5009
4969
4960
5079
5068
5127
5077
5240
5238
5160
5346
5478
5640
5777
5883
5739
5699
5501
5545
5497
5404
5266
5429
5421
5486
5436
5551
5624
5494
5411
5334
5389
5337
5310
5333
5316
5423
5428
5510
5576
5466
5434
5473
5387
5569
5476
5416
5262
5239
5184
5037
4955
5006
4971
4998
5003
5004
4900
4954
4976
4981
5036
5232
5264
5280
5414
5480
5210
5408
5286
5253
5328
5298
5156
5230
5177
5148
5213
5184
5419
5466
5489
5447
5658
5612
5743
5953
6047
6115
6133
6197
6182
6316
6358
6489
6456
6599
6567
6522
6632
6896
6775
6763
6756
6688
6554
6662
6463
6512
6520
6580
6664
6664
6649
6804
6653
6566
6633
6649
6596
6630
6643
6589
6617
6598
6677
6769
6987
6970
7172
7273
7274
7230
7075
7018
7155
7266
7290
7316
7250
7477
7515
7789
7752
7788
7703
7530
7395
7352
7362
7288
7137
7085
7041
7076
7108
7323
7269
7285
7343
7250
7279
7192
7254
7318
7130
6981
7037
6783
6929
6741
6655
6601
6624
6795
6818
6879
6885
6908
6889
6782
6996
7248
7105
7236
7380
7325
7373
7469
7500
7366
7444
7401
7263
7293
7228
7271
7188
7335
7747
7790
7733
7842
7923
7970
7966
8075
8242
8374
8489
8460
8487
8197
8339
8358
8212
8147
8068
8067
8001
7970
7870
7811
7780
7770
7769
7949
7897
8010
8006
8026
7953
7806
7613
7664
7488
7437
7348
7552
7349
7305
7157
7233
7029
7152
7214
7187
7211
7213
7335
7388
7373
7529
7308
7305
7391
7349
7355
7263
7072
6936
7068
7180
7214
7416
7596
7788
7776
7961
7856
7916
7767
7738
7650
7649
7633
7778
7800
7872
7666
7612
7774
7504
7597
7540
7592
7452
7453
7310
7325
7202
7127
7275
7327
7109
7215
7138
7228
7083
7049
6901
6812
6984
6848
6811
6936
6818
6761
6755
6726
6643
6752
6700
6714
6720
6637
6689
6682
6504
6485
6471
6267
6267
6204
6177
6122
6073
5947
5898
5960
5920
5958
6003
5919
6074
5995
5910
5909
5896
5891
5918
5929
5763
5655
5610
5659
5558
5591
5617
5526
5490
5651
5640
5650
5670
5841
5892
5678
5877
5641
5774
5746
5711
5636
5599
5751
6022
5972
6153
6118
6003
6116
6181
6255
6252
6113
6106
6256
6356
6345
6160
6176
6421
6388
6580
6510
6710
6859
6832
6814
6703
6791
6850
6920
6664
6713
6855
6769
6964
6790
6550
6671
6746
6712
6618
6592
6642
6573
6580
6765
6647
6809
6772
6788
6525
6506
6601
6764
6813
6780
6822
6717
6673
6827
6783
6902
7083
7076
7040
7005
6899
6785
6666
6807
6862
6975
7042
7194
7293
7405
7140
7159
7188
6992
6996
6974
6877
6899
6665
6641
6748
6863
6749
6909
6945
6989
7073
6799
6850
6743
6852
6802
6881
6859
6876
6823
6780
6706
6821
6702
6638
6934
6755
6640
6825
6833
7119
7075
7424
7406
7484
7404
7493
7556
7587
7624
7835
7728
7826
7959
8058
7844
8032
7861
7547
7458
7252
7213
7266
7388
7439
7626
7691
7622
7701
7867
7898
7968
8020
7925
8006
7974
7891
7954
7989
7839
7658
7775
7720
7742
7766
7548
7659
7647
7770
7865
7961
8053
7991
7998
8091
8131
8270
8371
8387
8241
8089
8182
8121
8094
8034
8111
7890
7865
7697
7655
7717
7754
7885
7947
8075
7990
7901
7908
7738
7715
7487
7262
7294
7343
7366
7255
7116
7120
6999
6932
6851
6972
7012
7078
6993
6866
6815
6832
6667
6706
6639
6504
6293
6216
6254
6277
6195
6001
6139
6182
6227
6103
6106
5967
5968
6151
6092
5962
6016
6015
5815
5810
5737
5686
5874
5896
5853
5906
5807
5887
5834
5932
6079
6175
6225
6179
6147
6083
6066
6250
6155
6021
6071
6096
6117
6068
5959
5901
5886
5897
5935
5909
6008
5878
5962
6225
6051
6020
6037
5962
6030
5885
5837
5700
5748
5696
5703
5726
5674
5668
5635
5595
5490
5539
5579
5417
5313
5443
5386
5492
5537
5634
5572
5428
5494
5544
5371
5154
5409
5406
5516
5452
5523
5394
5472
5505
5576
5494
5489
5463
5573
5445
5644
5582
5453
5278
5283
5305
5294
5199
5037
5064
5078
5189
5090
5115
5269
5439
5469
5355
5526
5666
5551
5441
5511
5555
5379
5449
5373
5408
5419
5275
5317
5351
5336
5317
5482
5467
5471
5274
5200
5092
5035
4993
4924
4800
4789
4884
5009
4963
5002
5052
5090
5077
5254
5059
5089
5009
4995
5274
5299
5403
5635
5507
5478
5491
5425
5601
5643
5719
5791
5842
5681
5644
5423
5594
5843
5968
6040
6037
6041
5966
5844
5835
5893
5953
5909
5919
5933
5942
6094
6204
6080
6010
6089
6248
6160
6144
5984
6094
6116
6181
6118
6321
6342
6441
6395
6293
6338
6355
6555
6354
6303
6441
6449
6219
6386
6586
6501
6467
6532
6410
6252
6324
6303
6527
6466
6459
6279
6161
6093
6085
6276
6121
6083
6058
5911
5949
5848
5869
5919
6002
6070
6283
6337
6206
6090
5996
5943
5914
5983
5983
6141
6337
6269
6213
6416
6334
6567
6524
6354
6334
6290
6288
6352
6365
6188
6221
6328
6408
6413
6292
6327
6202
6229
6167
6140
6154
5879
5872
5746
5791
5672
5569
5622
5632
5764
5857
5974
6147
6230
6318
6387
6452
6381
6203
6211
6172
6057
6029
6145
6031
6003
6077
6183
6168
5983
5969
5949
6111
6131
5970
5772
5581
5391
5583
5707
5581
5563
5557
5744
5984
6002
6083
5890
6023
6117
5962
5947
6050
5970
5969
5872
5947
6080
6131
6111
6210
6410
6348
6324
6357
6513
6466
6696
6895
6793
6957
7073
6912
7010
6919
6960
6892
6936
6863
7019
7037
6821
6943
6731
6729
6763
6774
6833
6788
6866
6904
6951
7037
7195
7205
7141
7064
7068
7016
6985
7088
7123
7080
6981
7266
7279
6988
7023
6823
6919
6970
6903
6816
6818
6869
6680
6807
6886
7018
6976
6866
6838
6816
6675
6944
6930
6873
6854
6927
6953
7325
7118
7221
7232
7214
7104
7160
7329
7398
7443
7522
7717
7716
7737
7713
7517
7440
7459
7306
7286
7211
7072
7187
7174
7326
7358
7408
7200
7236
7357
7388
7267
7375
7489
7278
7208
7056
7054
7195
7294
7220
7139
7167
7136
7085
7098
6920
6854
6890
6816
6616
6588
6605
6372
6467
6358
6227
6278
6263
6087
5965
5877
6112
6051
6038
5989
6240
6304
6266
6232
6216
6316
6323
6264
6265
6512
6380
6470
6380
6410
6378
6409
6597
6641
6839
6834
6689
6642
6537
6722
6636
6557
6534
6693
6675
6793
6522
6270
6223
6267
6465
6234
6225
6126
6095
6294
6396
6419
6617
6590
6415
6322
6416
6562
6689
6865
6713
6607
6747
6789
6785
6716
6707
6756
6829
6717
6624
6619
6669
6741
6397
6365
6431
6341
6388
6517
6352
6452
6493
6505
6511
6414
6466
6648
6705
6659
6839
6925
6787
6850
6974
6916
7045
7007
6978
7151
7132
7107
7126
7551
7758
7763
7657
7778
7860
7904
7724
7627
7622
7424
7486
7634
7462
7462
7498
7554
7634
7608
7845
7831
7831
7776
7722
7815
7630
7646
7685
7783
7702
7600
7503
7541
7487
7661
7567
7601
7816
7727
7647
7614
7522
7466
7289
7361
7397
7370
7254
7200
7206
7136
7186
7056
7101
6959
6888
6969
7126
7274
7017
6757
6784
6827
6599
6546
6529
6515
6593
6481
6329
6218
6060
6007
5951
6078
6178
6077
5869
6000
6005
6102
6155
6084
6037
5941
5788
5753
5574
5711
5567
5565
5554
5533
5534
5462
5460
5412
5370
5452
5512
5633
5670
5450
5501
5631
5699
5708
5672
5673
5676
5522
5586
5521
5404
5348
5398
5472
5554
5694
5557
5342
5241
5200
5170
5213
5232
5408
5379
5433
5419
5279
5423
5166
5192
5243
5194
5281
5195
5318
5486
5531
5355
5260
5350
5554
5560
5496
5554
5617
5626
5593
5436
5373
5288
5261
5217
5206
5197
5278
5237
5109
5041
4875
4913
4903
5005
4941
4822
4936
4988
4896
4917
4894
5114
5258
5181
5282
5284
5394
5657
5569
5564
5506
5605
5688
5837
5977
6129
6160
6042
6172
6174
6140
6008
6030
5985
6090
6181
6512
6534
6611
6596
6498
6691
6667
6855
6892
7022
6906
6835
6850
6737
6796
6529
6343
6179
6315
6287
6369
6460
6523
6439
6444
6545
6357
6349
6264
6335
6128
6414
6228
6586
6434
6451
6600
6776
6862
7008
6829
6664
6755
6819
6720
6735
6697
6851
6791
6907
6888
6704
6597
6400
6291
6277
6162
6157
6139
6085
5987
6115
5969
5855
5741
5375
5401
5377
5285
5264
5259
5189
5207
5274
5288
5325
5342
5324
5396
5402
5289
5137
5253
5155
5281
5269
5110
5159
5064
5084
5119
4937
4917
4922
4988
4938
5019
4938
4892
4754
4836
4856
4901
4972
4842
4690
4564
4696
4587
4489
4468
4444
4415
4390
4452
4464
4428
4403
4290
4410
4457
4385
4294
4389
4436
4352
4269
4442
4535
4506
4473
4450
4546
4498
4464
4451
4426
4521
4552
4556
4508
4600
4638
4696
4754
4734
4722
4704
4782
4911
4996
4960
5084
5077
4981
5034
4946
4860
4988
4880
4736
4586
4559
4451
4563
4636
4776
5046
4814
4902
4857
5020
4954
5013
5037
5094
5210
5217
5077
5058
4861
4755
4684
4720
4592
4604
4548
4506
4699
4816
4808
4763
4958
5012
5134
5183
5358
5365
5173
5140
5076
5045
4992
4891
4977
5036
4928
4953
5048
5219
5080
5145
5063
4995
5031
5023
5273
5245
5191
5213
5165
5169
5109
5174
5133
4941
4997
5019
5020
5208
5320
5222
5317
5355
5237
5389
5318
5321
5117
5130
5224
5279
5280
5112
5191
5272
5331
5214
5322
4988
4716
4838
4899
5102
5150
5304
5421
5518
5501
5617
5619
5463
5362
5344
5456
5511
5347
5321
5567
5610
5596
5655
5760
5862
5741
5945
6064
6034
5996
6111
5933
5936
5825
5835
6083
6121
6042
6174
6208
6115
6083
6060
6006
5935
5916
5975
5791
5744
5729
5824
6099
6012
6087
6010
5896
6052
5936
5984
5924
5981
5941
5917
6127
6341
6275
6233
6313
6547
6652
6824
6754
6399
6549
6641
6524
6700
6506
6683
6641
6541
6742
6828
6679
6719
6838
6613
6656
6583
6521
6484
6529
6680
6716
6598
6609
6848
6638
6602
6394
6191
6251
6474
6590
6666
6697
6716
6672
6695
6764
6845
6816
6873
6783
6813
6709
6686
6775
6689
6611
6416
6516
6517
6557
6482
6393
6494
6434
6406
6210
6205
6308
6197
6408
6461
6441
6488
6717
6680
6586
6720
6643
6616
6684
6906
7051
7021
6960
6729
6769
6848
6995
6929
6964
6813
7037
7004
7008
7228
7523
7634
7645
7707
7402
7342
7100
6989
6749
6775
6748
6655
6830
6668
6605
6557
6691
6567
6628
6633
6825
6761
6890
6773
6845
6709
6716
6749
6736
6807
6610
6543
6443
6521
6672
6597
6719
6565
6588
6241
6244
6149
6105
5926
5958
6064
5962
5994
6196
6224
6199
6154
6266
6191
6045
6019
5882
6074
5958
5965
5831
5910
5850
5815
5764
5824
5785
5535
5589
5589
5605
5665
5873
5961
6035
5985
5982
5989
5899
5953
5912
5964
5672
5712
5854
5990
5796
5905
6126
6140
6254
6346
6264
6124
6105
6102
6169
6270
6421
6311
6533
6463
6432
6583
6733
6659
6560
6595
6381
6601
6723
6656
6746
6713
6437
6463
6604
6528
6650
6583
6592
6644
6635
6544
6564
6520
6320
6322
6549
6523
6500
6304
6179
6280
6258
6400
6493
6426
6481
6505
6508
6593
6379
6292
6186
6222
6337
6281
6296
6231
6148
6063
6237
6161
6100
6138
6055
6047
5941
5918
5761
5668
5651
5488
5560
5627
5655
5683
5723
5630
5787
5874
5955
5895
5846
5833
6030
6048
5941
6129
5809
5573
5775
5934
6107
6107
6049
6047
5913
5895
5926
5898
5895
5895
5904
5997
6101
6151
6073
6140
6074
6071
5970
5927
6168
6068
5905
6040
6039
6024
6083
5927
5748
5750
5957
5990
5848
5885
5840
5776
5940
5859
5933
6073
6016
5977
5892
5701
5664
5703
5810
5921
6056
5916
5972
5945
6011
5953
5944
5913
5855
5753
5616
5731
5663
5606
5605
5654
5743
5939
6017
5982
6122
6089
5859
5897
5915
5843
5844
5727
5657
5736
5697
5662
5650
5590
5516
5559
5503
5572
5669
5744
5711
5611
5634
5626
5695
5672
5475
5720
5682
5553
5561
5483
5602
5487
5294
5101
5168
5079
5066
5280
5329
5473
5432
5264
5414
5409
5582
5667
5677
5737
5897
5878
5952
6169
6191
6190
6301
6311
6314
6230
6335
6377
6372
6538
6585
6505
6321
6340
6269
6373
6421
6513
6313
6253
6192
6087
5965
5986
5957
5879
5633
5779
5708
5828
5764
5744
5944
6089
6205
6019
6136
6123
6122
5938
5987
5932
5736
5570
5618
5827
5961
5933
5804
5822
5817
5897
5752
5571
5609
5432
5446
5414
5230
5103
5193
5357
5300
5379
5560
5632
5519
5623
5503
5583
5681
5657
5430
5415
5533
5761
5957
6020
5988
5973
6016
6014
6098
6053
6220
5945
6021
6238
6107
6382
6407
6386
6298
6392
6284
6238
6221
6235
6123
6326
6203
6238
6286
6430
6334
6443
6347
6230
5918
5951
5962
6021
6189
6082
6214
6216
6343
6294
6397
6119
6077
6154
6148
6337
6302
6412
6541
6718
6790
6777
6718
6751
6733
6800
6814
6792
6689
6502
6574
6452
6517
6491
6472
6286
6199
6141
6252
6311
6185
6053
6024
6183
6156
6210
6282
6177
6048
6081
6036
6006
5985
6077
6154
5995
5850
5764
5819
5861
5884
5704
5551
5683
5761
5725
5886
5819
5664
5677
5674
5688
5595
5544
5692
5746
5878
5878
5724
5754
5726
5813
5705
5738
5757
5679
5606
5649
5456
5305
5457
5551
5435
5392
5510
5399
5612
5476
5492
5447
5256
5213
5225
5118
5215
5221
5394
5498
5558
5490
5382
5322
5413
5410
5395
5462
5508
5484
5708
5692
5806
5845
5946
5962
5983
5989
6067
6071
5980
6033
6036
6049
6053
6035
6152
6387
6295
6265
6298
6384
6554
6588
6649
6875
6955
6981
7127
7219
7394
7368
7345
7272
7268
7177
7191
7243
7283
7324
7284
7180
7153
7067
7246
7219
7277
7328
7430
7256
7208
7278
7373
7414
7383
7302
7269
7354
7458
7530
7604
7540
7307
7063
7033
7076
7087
7180
7334
7447
7368
7549
7606
7522
7507
7390
7346
7342
7308
7227
7220
7143
7187
7214
7006
7025
6846
6789
6841
6979
7115
7071
6868
6972
6930
6919
6882
7025
6908
6991
7008
6981
6788
6746
6737
6523
6600
6753
6733
6888
6846
6751
6894
7014
6922
6958
6934
6906
6846
6860
6618
6715
6532
6657
6829
6844
7003
6816
6708
6721
6903
6754
6668
6609
6523
6552
6525
6453
6254
6312
6205
6054
6109
6030
5892
5905
5882
5937
6017
6144
6127
6096
6189
6116
6176
6324
6385
6451
6437
6461
6410
6462
6557
6682
6753
6899
6807
6894
6931
6857
6822
6730
6553
6484
6441
6257
6245
6198
6268
6295
6301
6400
6429
6197
6040
6054
6068
5967
5935
6014
5991
6037
6411
6569
6600
6644
6633
6528
6718
6461
6467
6687
6660
6695
6708
6467
6506
6434
6453
6196
6205
6228
6297
6261
6251
6254
6264
6147
6212
6382
6078
6209
6145
6230
5933
6006
6015
6253
6538
6601
6558
6448
6097
6139
6083
6133
6169
6112
6046
6133
6110
6196
6163
6251
6349
6228
6298
6331
6341
6185
6098
6100
5977
5948
5942
6072
5909
5907
5768
5827
5720
5830
5861
5730
5789
5957
6094
6235
6264
6238
6421
6478
6312
6365
6349
6315
6296
6186
6335
6275
6364
6284
6256
6176
6229
6087
6134
6031
5933
5693
5757
5714
5632
5623
5601
5571
5523
5470
5422
5433
5524
5518
5670
5747
5710
5730
5921
5806
5829
5740
5547
5544
5501
5253
5166
5200
5147
5299
5102
5125
5223
5038
5090
5062
5031
5101
5178
5079
5080
5076
5190
5216
5262
5412
5351
5469
5432
5482
5426
5490
5631
5684
5499
5579
5614
5719
5640
5509
5483
5389
5413
5365
5417
5485
5332
5382
5483
5385
5439
5389
5480
5436
5328
5375
5406
5461
5456
5382
5114
5199
5241
5225
5368
5431
5430
5526
5681
5721
5797
5903
5840
5830
5867
5856
5850
5923
6013
6052
6107
6148
6076
6020
6121
6080
6244
6344
6249
6330
6145
6138
6200
6288
6340
6430
6400
6487
6593
6616
6729
6951
6915
6668
6494
6454
6363
6233
6210
6197
6128
6197
6046
5802
5786
5828
5801
5853
5937
5906
5916
5978
6089
6097
6104
6072
5992
5903
5835
5861
6004
6048
6191
6122
5954
6061
5887
5813
5726
5643
5847
5866
5862
5967
6021
5999
6244
6157
6392
6437
6349
6387
6155
6126
6141
6157
6028
5807
5725
5813
5740
5648
5843
5833
5840
5868
5945
5844
5921
5953
5914
5927
5941
5924
5855
5824
5823
6001
6270
6341
6503
6471
6200
6052
5958
5929
5903
5615
5752
5858
5851
5897
5891
5804
5842
5816
5761
5944
6014
6074
6081
6140
6097
6088
6070
6009
6155
6023
6095
5933
5752
5804
5643
5422
5259
5242
5430
5543
5717
5709
5715
5756
5721
5837
5762
5813
5923
5792
5925
5894
5902
5931
5836
5744
5736
5665
5578
5400
5401
5394
5485
5791
5709
5577
5589
5500
5643
5671
5661
5502
5571
5610
5646
5495
5462
5277
5410
5349
5380
5266
5343
5358
5406
5516
5385
5425
5562
5374
5267
5105
5083
4997
5001
5055
5019
4979
5022
4979
5132
5327
5436
5455
5430
5273
5268
5438
5491
5373
5442
5297
5289
5267
5263
5439
5496
5467
5508
5246
5193
5051
5097
4835
4989
5049
5269
5338
5501
5368
5363
5402
5173
5186
5102
5074
5007
5111
5183
5146
5086
5028
4996
5093
5104
4861
4700
4750
4756
4863
4871
5005
5028
5024
5151
5378
5392
5574
5664
5599
5668
5639
5509
5647
5655
5627
5722
5724
5718
5667
5833
5826
5895
5942
5899
5883
5974
6036
6089
6034
6068
6187
6096
6164
6178
6061
6075
6165
6149
6261
6451
6359
6436
6591
6751
6752
6874
6646
6641
6584
6595
6544
6435
6444
6385
6389
6554
6488
6491
6465
6460
6414
6361
6448
6447
6319
6424
6602
6429
6370
6333
6260
6245
6259
6348
6474
6482
6337
6442
6478
6203
6067
6006
6031
5928
6184
6361
6234
6068
6084
6058
6133
6168
6271
6282
6269
6326
6372
6326
6244
6420
6294
6474
6308
6531
6511
6449
6580
6657
6724
6645
6629
6618
6436
6350
6263
6405
6235
6139
6078
6027
5870
5872
5752
5917
6073
6091
6202
6225
6106
5894
5935
5895
6018
6121
6074
6118
6189
6022
6213
6291
6091
5904
6001
5971
5937
5893
5914
5816
5853
5869
5855
5868
5988
6076
6032
6257
6340
6349
6373
6425
6161
6194
6282
6364
6409
6328
6493
6563
6633
6566
6429
6390
6273
6354
6405
6308
6257
6381
6238
6251
5904
5960
5994
6018
5945
5699
5614
5722
5721
5780
5903
5999
6113
6086
6013
6049
5995
5825
5744
5643
5668
5734
5789
5705
5737
5583
5527
5447
5378
5201
5233
5362
5268
5505
5312
5329
5374
5314
5203
5351
5169
5246
5058
4969
4741
4735
4910
4736
4829
4900
4807
4881
5182
5279
5225
5450
5257
5219
5145
5258
5247
5268
5384
5440
5407
5291
5234
5341
5202
5088
5071
4986
5045
5007
4970
5016
5066
5102
5188
5282
5402
5485
5462
5302
5268
5198
5247
5280
5310
5216
5319
5466
5439
5696
5637
5695
5643
5683
5604
5753
5966
6001
5960
6070
6087
6044
6093
6079
5942
6182
6176
6106
6048
6107
6045
6122
6100
6063
5994
5995
6066
6054
6047
6044
6094
6157
6153
6100
6048
5928
5910
5791
5693
5755
5820
5576
5663
5589
5505
5450
5483
5368
5326
5323
5539
5478
5402
5444
5461
5447
5343
5500
5626
5719
5697
5753
5684
5653
5759
5799
5878
5926
5984
5952
6096
5865
5895
5813
5853
6013
6012
6235
6107
6091
6096
6059
6075
5962
5971
5962
6084
5963
6133
5925
5822
5996
6079
5978
5759
5707
5664
5636
5675
5847
5903
5979
5937
5906
5788
5859
5659
5712
5779
5625
5720
5578
5525
5586
5678
5516
5377
5372
5281
5433
5408
5333
5124
5193
5267
5241
5190
5167
5154
5210
5239
5176
5303
5253
5351
5295
5222
5354
5431
5539
5604
5574
5537
5535
5685
5452
5483
5503
5576
5432
5514
5779
5665
5685
5558
5511
5707
5674
5727
5773
5630
5699
5775
5730
5502
5601
5677
5794
5694
5584
5424
5231
5217
5231
5265
5249
5360
5357
5442
5458
5368
5312
5220
5382
5471
5447
5551
5575
5607
5737
5859
5842
6052
5999
5948
6153
6137
6070
5998
5780
5625
5514
5244
5265
5371
5378
5246
5146
5232
5384
5521
5574
5544
5441
5443
5412
5417
5256
5160
5168
5114
5298
5151
5281
5250
5390
5187
5155
5003
5112
5103
5144
5142
5230
5392
5450
5476
5495
5584
5738
5821
5752
5639
5475
5468
5339
5321
5298
5304
5190
5198
5300
5346
5310
5550
5552
5660
5705
5534
5464
5397
5589
5638
5524
5638
5806
5695
5793
5720
5692
5639
5467
5545
5526
5486
5470
5519
5767
5755
5883
5789
5880
5803
5901
5969
5963
5950
5791
5943
5871
5956
6002
6035
5974
6129
6081
5980
5861
5834
5745
5774
5782
5922
5970
5762
5641
5776
5745
5643
5709
5717
5795
5744
5685
5576
5388
5342
5176
5360
5389
5494
5445
5576
5562
5511
5711
5808
5838
5705
5748
5926
5962
5890
5847
6044
5985
6011
6072
6058
6060
6130
6273
6362
6329
