1005000
267150
174609
129593
102429
84519
71939
62598
55447
49853
45566
41245
38116
35298
33291
31080
29314
27481
26404
25023
23350
22117
20966
19838
19060
18390
17576
17470
17032
16331
15660
15359
14812
14559
14193
13740
13271
12544
12135
11892
11641
11328
10907
10649
10534
10400
10004
9936
9764
9873
9668
9626
9618
9579
9364
8951
8941
8964
8761
8546
8248
8056
7964
7723
7674
7507
7602
7501
7298
7155
7060
6888
6855
6750
6585
6641
6680
6578
6545
6370
6292
6214
6316
6094
5937
5863
5928
6081
6221
6143
6080
6047
6055
5983
5889
5993
6005
6182
6088
5996
5807
5828
5906
5761
5475
5411
5251
5144
5149
5075
5139
5080
5031
4852
4800
4973
4907
5027
4982
5103
4987
5108
5127
4994
5053
5148
4942
4989
4957
4996
4894
4851
4888
4810
4852
4652
4770
4843
4960
4946
4910
4835
4872
4837
4888
4691
4700
4836
4908
4874
5027
4970
4934
4932
5064
5003
4935
4699
4568
4683
4725
4737
4742
4485
4529
4493
4500
4399
4307
4242
4307
4419
4343
4317
4254
4196
4121
4171
4096
4157
4089
4008
4076
4169
4275
4233
4155
4311
4327
4354
4298
4293
4265
4387
4483
4573
4548
4669
4695
4736
4558
4584
4566
4660
4657
4615
4613
4592
4607
4579
4641
4571
4548
4554
4364
4358
4324
4235
4194
4150
4085
4279
4420
4286
4184
4240
4130
4142
4238
4342
4231
4138
4006
4012
4148
4206
4086
3861
3855
4093
4122
4110
4072
4133
4157
4000
3905
3836
3897
3773
3800
3899
3839
3812
3744
3843
3789
3760
3655
3663
3593
3630
3654
3730
3747
3740
3710
3620
3658
3614
3760
3805
3829
3713
3738
3848
3748
3629
3670
3603
3651
3658
3677
3565
3543
3672
3641
3639
3643
3649
3703
3652
3545
3620
3574
3536
3709
3669
3551
3329
3394
3614
3570
3553
3537
3608
3451
3383
3469
3401
3469
3516
3544
3689
3672
3574
3541
3640
3783
3832
3837
3894
3961
3884
3809
3743
3850
3948
4006
3777
3648
3528
3412
3475
3363
3369
3428
3369
3348
3198
3238
3313
3165
3248
3435
3524
3462
3405
3321
3433
3502
3430
3316
3324
3334
3297
3361
3340
3396
3306
3467
3517
3559
3600
3698
3679
3845
3830
3905
3939
3919
3920
4117
3983
4068
4056
4056
3922
4057
3998
3935
3872
3994
4059
4066
4009
3982
3871
3959
3920
4007
4118
4307
4209
4422
4396
4251
4381
4484
4563
4476
4370
4423
4424
4601
4590
4640
4495
4539
4571
4554
4590
4671
4589
4649
4764
4722
4553
4539
4435
4292
4229
4327
4370
4419
4452
4415
4346
4339
4372
4601
4669
4818
4953
5055
5066
5274
5141
5139
5114
5079
5197
5171
5228
5241
5366
5573
5616
5616
5520
5465
5415
5389
5351
5417
5276
5111
5087
5198
5239
5338
5262
5426
5308
5303
5154
5255
5254
5382
5406
5580
5529
5701
5660
5756
5760
5640
5855
5937
6051
6082
6040
5940
5903
5991
5849
5729
5644
5672
5672
5580
5421
5460
5470
5668
5304
5156
4999
5160
5154
4993
4954
5046
4902
4978
4876
4948
5032
4955
4903
4988
5106
5112
5165
5320
5380
5318
5363
5388
5330
5264
5176
5130
5179
5133
5143
5146
5430
5632
5395
5342
5377
5457
5536
5430
5457
5441
5406
5132
5102
4968
4847
4996
4987
4940
5046
5056
5100
5138
5058
5088
5064
5081
5091
4956
4912
4824
4872
4926
4938
4954
5046
5081
4956
5034
5127
5210
5057
5038
5150
5042
5249
5142
5159
5181
5359
5163
5135
5182
5265
5172
5091
5110
5447
5567
5764
5678
5627
5669
5459
5530
5406
5426
5242
5320
5376
5517
5657
5660
5784
5853
5907
5969
5950
5847
5720
5790
5705
5845
5768
5682
5755
5918
5929
5877
6041
5930
6025
6166
6412
6393
6348
6257
6369
6260
6302
6261
6158
6163
6209
6113
6102
6192
6156
6210
6239
6308
6035
6115
6085
5933
5838
5852
5872
5966
5987
5973
6049
6126
6046
5986
5935
6007
6045
6061
5992
5962
6049
6000
6026
5984
5780
5795
5694
5749
5887
6031
6103
6033
6052
5882
5952
6012
6061
6165
6219
6111
6123
6135
6058
6117
6212
6272
6267
6234
6184
6191
6227
6229
6254
6311
6285
6305
6152
6016
5973
5923
5984
5971
5783
5726
5588
5552
5308
5342
5272
5253
5465
5430
5307
5365
5431
5385
5398
5439
5554
5513
5458
5437
5524
5517
5297
5366
5310
5262
5427
5345
5271
5224
5108
5026
5190
5201
5198
5105
5201
5363
5265
5362
5426
5538
5580
5721
5799
5826
5892
5968
5904
5961
5937
5935
5841
5963
5923
5864
5959
5908
5850
6019
6013
6034
5884
5788
5879
5940
5965
5867
5871
5844
5749
5576
5478
5461
5546
5553
5521
5515
5685
5694
5616
5802
5986
5866
5782
5706
5887
5740
5834
5711
5801
5910
5921
6049
6163
6235
6403
6275
6225
6225
6189
6222
6240
6260
6553
6651
6467
6341
6209
6325
6224
6309
6292
6360
6234
6225
6176
6457
6512
6676
6948
6767
6895
7061
7148
6967
7066
7136
7195
7160
7215
7201
7247
7350
7318
7048
7036
7076
7045
7210
7174
7119
7039
6972
6765
6694
6509
6362
6475
6505
6431
6577
6602
6605
6593
6526
6548
6659
6690
6769
6665
6718
6591
6620
6578
6597
6618
6666
6750
6702
6732
6931
6694
6725
6712
6526
6585
6575
6431
6519
6706
6695
6624
6828
6819
6849
6971
6952
6883
6843
6813
6864
6883
6865
6786
6542
6759
6878
6756
6655
6454
6367
6450
6580
6728
6905
6882
6725
6991
6953
7008
6986
6846
6875
6916
6831
6722
6663
6717
6698
6777
6902
6945
7127
6924
6787
6576
6529
6721
6831
6932
6927
6861
6775
6715
6596
6447
6599
6417
6494
6554
6702
6625
6595
6643
6598
6657
6791
6809
6802
6875
6830
6601
6685
6670
6649
6635
6687
6580
6519
6439
6424
6343
6437
6526
6560
6595
6564
6608
6797
6859
7039
6989
6959
6912
6887
6817
6838
6761
6783
6827
7005
6705
6740
6733
6739
6562
6503
6322
6412
6540
6526
6618
6557
6513
6444
6298
6422
6286
6317
6528
6572
6580
6580
6965
6948
7032
6786
6872
6675
6713
6758
6796
6794
6811
6927
6801
6622
6461
6322
6212
6203
6401
6374
6289
6161
6036
6019
6036
6011
6186
6392
6502
6395
6421
6326
6200
6171
6331
6316
6186
5903
5941
5930
6138
6179
6121
5930
5842
5851
5677
5848
5916
5832
5947
5983
5804
5731
5670
5822
5826
5783
5536
5598
5645
5739
5816
5800
5679
5870
5968
5856
5804
5825
5739
5816
5797
5884
5609
5584
5528
5325
5145
5221
5250
5224
5315
5300
5325
5343
5384
5432
5635
5667
5541
5492
5524
5460
5401
5381
5406
5350
5248
5274
5368
5366
5503
5537
5588
5581
5629
5555
5639
5517
5512
5617
5624
5728
5731
5796
5816
5765
5660
5546
5602
5592
5408
5485
5501
5364
5278
5215
5139
5399
5597
5557
5723
5731
5870
5929
5905
5775
5853
5949
5994
5734
5839
5963
6072
6047
6027
6025
6005
6178
6246
6260
6270
6233
6295
6182
6270
6302
6324
6209
6298
6263
6289
6240
6190
6447
6452
6385
6364
6332
6145
6248
6263
6352
6599
6745
6776
6682
6510
6409
6608
6589
6388
6288
6155
6132
6046
6099
6026
6015
5981
5927
6225
6140
5983
5885
5847
5907
6012
5948
5898
5774
5997
5862
6038
6186
6267
6127
6227
6322
6207
6096
5924
5721
5690
5704
5408
5421
5315
5278
5061
4997
4871
4859
4831
4837
4842
4802
4657
4647
4618
4422
4326
4180
4092
4142
4274
4289
4282
4229
4033
4092
3939
3935
4036
4078
4055
4072
4167
4283
4231
4167
4151
4126
4157
3970
3983
4001
3945
3823
3876
3950
3991
3905
3860
3950
3890
3869
4040
4012
3937
3968
3960
3849
3880
3876
3824
3980
4023
3909
3943
3947
3903
3823
3705
3744
3700
3785
3769
3637
3649
3685
3702
3709
3747
3805
3835
3685
3685
3784
3819
3691
3775
3939
4046
4004
3980
3971
3796
3781
3713
3758
3660
3556
3594
3662
3672
3763
3838
3834
3916
3768
3724
3642
3610
3762
3839
3766
3638
3750
3714
3712
3650
3568
3597
3514
3582
3641
3689
3667
3725
3672
3787
3703
3677
3833
3919
3900
3803
3907
3763
3688
3750
3781
3905
3783
3769
3800
3944
3981
3992
4154
4118
4089
4030
3918
3888
3905
3799
3785
3770
3727
3725
3737
3667
3751
3786
3857
3962
3990
3947
3921
3906
3883
3980
3929
3957
3977
4094
3982
3995
3938
3806
3832
3859
3877
3993
3895
3867
3888
3822
3846
3821
3759
3758
3588
3677
3733
3840
3870
3872
3862
3815
3815
3832
3769
3723
3790
3771
3820
3761
3897
3875
3787
3881
3941
3973
3992
4031
4046
4082
4153
4200
4314
4240
4206
4269
4201
4138
4153
4288
4327
4326
4314
4222
4395
4363
4333
4439
4428
4446
4410
4332
4335
4320
4393
4317
4450
4362
4523
4434
4324
4391
4418
4482
4566
4514
4596
4713
4691
4692
4719
4937
5038
4950
5025
4909
5000
4991
5062
4966
5011
4947
5196
5262
5211
5217
5403
5405
5475
5302
5278
5261
5256
5136
5124
5335
5147
5320
5421
5370
5350
5487
5545
5386
5277
5336
5395
5423
5220
5147
5280
4997
4833
4700
4949
4950
4934
5010
4778
4772
4769
4817
4902
4910
4829
4775
4996
5151
5243
5108
5220
5215
5387
5360
5406
5353
5332
5221
5087
5010
4988
4923
4892
4855
4913
4913
4817
4924
4704
4661
4770
4758
4878
4666
4578
4462
4506
4482
4615
4565
4656
4633
4584
4577
4626
4701
4697
4687
4773
4777
4896
4997
4926
4890
4920
4898
5047
5098
5094
5114
5203
5315
5276
5150
5023
4838
4720
4733
4730
4528
4658
4769
4743
4839
4953
4964
4894
4949
4888
4807
4998
4946
5129
4970
4950
5068
5126
5146
5050
5065
5006
4907
4984
4946
4988
5124
5162
5102
4959
4984
5102
4915
5050
5026
5201
5060
5149
5224
5186
5194
5243
5287
5389
5337
5346
5353
5406
5312
5524
5553
5557
5588
5618
5739
5787
5837
5931
5967
5939
6069
6091
6191
6342
6283
6299
6343
6353
6387
6533
6735
6630
6604
6555
6233
6187
6179
6221
6273
6091
6098
6088
6333
6182
6335
6175
5925
5909
6131
6169
6167
6220
6093
5904
5768
5980
5970
6111
6189
6284
6411
6496
6498
6412
6522
6499
6691
6670
6851
6748
6529
6478
6462
6554
6525
6294
6226
5986
5952
6006
5843
5939
5711
5749
5704
5786
5757
5946
5801
5749
5873
5723
5622
5804
5979
5965
5902
5947
5872
5678
5761
5785
5752
5930
5811
5648
5663
5646
5806
5542
5500
5377
5522
5428
5356
5310
5341
5288
5489
5589
5687
5667
5701
5518
5528
5420
5566
5487
5593
5464
5457
5440
5719
5638
5479
5437
5438
5532
5667
5650
5280
5335
5386
5385
5487
5512
5433
5373
5374
5472
5444
5377
5282
5241
5148
4978
5083
5077
4905
4783
4740
4810
4767
4663
4553
4590
4566
4525
4600
4607
4786
4804
4877
4985
5147
5033
5001
4926
4989
5014
5059
4902
4884
4990
4945
5103
5177
5180
5184
5165
5119
5115
5135
5139
5152
5155
5081
5238
5256
5235
5307
5197
5168
5133
5042
5152
4912
4850
4999
4838
4755
4818
4784
4604
4654
4379
4490
4638
4488
4542
4355
4371
4567
4795
4834
4962
4845
4951
5019
5130
5248
5219
5332
5286
5338
5356
5176
5131
5015
4958
4950
5067
4872
5042
5137
5295
5039
4993
5036
5134
5242
5205
5172
5097
5286
5225
5271
5257
5393
5340
5368
5346
5383
5393
5458
5366
5509
5427
5460
5707
5755
5579
5451
5451
5584
5515
5467
5424
5340
5644
5597
5437
5210
5110
5115
5181
5164
5210
5200
5164
5273
5131
5251
5127
5204
5394
5495
5644
5599
5582
5401
5471
5611
5644
5772
5731
5827
5761
5830
5844
5746
5495
5404
5482
5406
5438
5405
5357
5200
5179
5256
5268
5216
5197
5061
4939
4971
5089
5317
5309
5241
5253
5060
5127
4846
4631
4717
4446
4549
4592
4671
4738
4785
4761
4749
4676
4823
4798
4749
4533
4567
4565
4504
4434
4454
4473
4598
4571
4680
4572
4577
4504
4588
4747
4749
4533
4498
4309
4254
4164
4240
4326
4379
4400
4597
4645
4594
4628
4724
4697
4716
4632
4609
4586
4630
4657
4648
4584
4552
4500
4498
4523
4679
4744
4681
4538
4539
4568
4548
4637
4596
4574
4612
4444
4379
4674
4710
4795
4824
4885
4993
5107
5127
5332
5268
5193
5220
5369
5404
5327
5300
5245
5463
5382
5474
5370
5394
5349
5494
5476
5679
5594
5478
5375
5245
5465
5471
5419
5546
5486
5565
5298
5213
5290
5198
5300
5296
5278
5290
5336
5298
5355
5260
5224
5391
5384
5430
5380
5385
5362
5279
5455
5637
5670
5591
5558
5434
5346
5274
5163
4973
4798
4744
4636
4695
4640
4446
4596
4497
4471
4445
4337
4330
4348
4339
4481
4426
4464
4457
4272
4341
4406
4408
4547
4607
4680
4595
4596
4656
4644
4589
4626
4686
4685
4627
4638
4536
4608
4713
4826
4814
4787
4681
4632
4648
4653
4779
4751
4992
5052
5131
5150
5068
5132
5179
5234
5079
5091
5033
5007
5076
5040
5140
5246
5234
5072
4852
4739
4630
4608
4614
4619
4543
4533
4613
4496
4567
4564
4600
4628
4581
4647
4524
4404
4528
4573
4524
4427
4496
4473
4438
4505
4438
4458
4539
4581
4634
4597
4615
4598
4432
4502
4590
4586
4554
4630
4634
4621
4677
4674
4864
4953
5016
5036
5048
4763
4695
4521
4501
4542
4631
4758
4729
4677
4716
4659
4674
4470
4549
4486
4469
4434
4402
4505
4619
4651
4533
4561
4650
4559
4680
4595
4586
4735
4823
4894
4828
4799
4918
4848
4837
4799
4822
4782
4903
4956
4915
4786
4870
4752
4743
4729
4793
4693
4623
4528
4582
4481
4404
4562
4749
4733
4860
4873
4878
4984
4915
4789
4925
4904
4914
4796
4687
4695
4651
4584
4645
4760
4873
4904
4907
5028
5072
5017
5036
5229
5096
5082
5017
4823
4871
4837
4939
4989
4876
4782
4884
4875
4982
4902
4908
4969
4923
4900
4823
4890
4887
4989
5164
5261
5338
5099
5232
5130
4980
5050
4967
4918
4935
4974
4967
5206
5305
5309
5553
5452
5405
5406
5260
5303
5274
5194
5281
5340
5368
5310
5367
5441
5475
5452
5359
5503
5309
5337
5407
5408
5306
5186
5188
5190
5401
5381
5352
5394
5504
5571
5762
5627
5553
5697
5613
5493
5524
5545
5536
5627
5664
5754
5811
5767
5724
5595
5680
5775
5909
5954
5931
5835
5795
5982
5957
6047
6045
5984
6109
6123
6037
5964
5870
5756
5728
5825
5677
5645
5742
5698
5802
5655
5821
5727
5753
5828
5783
5751
5776
5764
5807
5746
5625
5624
5713
5717
5630
5837
5933
5962
5855
5817
6023
5925
5783
5735
5663
5604
5852
5941
5966
6033
6011
6080
5938
6085
6127
5913
5996
5987
5971
6010
5950
6031
6066
6025
6007
6036
6165
6107
6177
6116
6044
5976
6001
6038
5855
5936
5915
5896
5809
5931
5767
5817
5741
5536
5447
5386
5428
5358
5572
5499
5486
5554
5601
5584
5503
5542
5586
5900
5677
5833
5783
5790
5691
5612
5776
5989
6153
6087
6122
6131
6304
6321
6458
6592
6840
6851
6700
6675
6735
6643
6624
6747
6883
6799
6874
6826
6679
6588
6503
6364
6331
6309
6291
6298
6316
6143
6251
6144
6057
6051
6125
6127
6160
6234
6068
6029
6167
6165
6065
6173
6096
6314
6067
6013
6251
6105
6123
6364
6564
6598
6824
6745
6456
6373
6222
6183
6292
6387
6345
6455
6521
6384
6538
6416
6400
6470
6474
6632
6545
6703
6629
6676
6708
6674
6776
6791
6950
7019
7108
7213
6926
7032
7137
7260
7388
7303
7430
7385
7196
7135
7205
7183
7276
7266
7210
7264
7241
7108
7210
7215
7408
7331
7398
7459
7600
7508
7483
7602
7779
7382
7448
7482
7271
7181
7075
7173
7139
7137
7107
7163
7112
6966
6944
6880
6911
6818
6754
6574
6413
6413
6508
6624
6474
6596
6711
6593
6615
6593
6556
6685
6559
6600
6610
6534
6652
6561
6383
6385
6530
6599
6633
6334
6345
6214
6148
6104
6067
6094
6194
6152
6097
6230
6345
6235
6318
6103
6049
6152
6012
5974
5776
5801
5855
5789
5848
5712
5797
5859
5919
5964
5901
5946
6021
5955
6286
6142
6111
6201
6061
6068
5950
5933
6071
6149
6376
6430
6492
6346
6205
6219
6224
6327
6306
6218
6324
6299
6402
6408
6286
6326
6396
6349
6256
6217
5916
5959
5977
5982
5955
5770
5691
5774
5733
5583
5616
5427
5336
5304
5112
5188
5178
5270
5232
5274
5135
5123
5135
5015
4900
4844
4811
4808
4816
4753
4992
5058
5059
5015
5052
4916
4897
4864
4958
4907
4846
4725
4637
4645
4769
4732
4827
4975
4951
5025
4859
4745
4786
4810
4730
4769
4930
4946
4828
4800
4660
4627
4514
4716
4608
4669
4753
4847
4844
4758
4780
4833
4945
5065
4968
5134
5176
5076
5156
5168
5013
5126
5158
5110
5172
4978
5025
4948
4966
4842
4795
4641
4731
4685
4555
4580
4575
4613
4495
4699
4675
4627
4654
4726
4783
4749
4692
4595
4606
4758
4605
4665
4594
4588
4628
4619
4563
4350
4579
4670
4668
4804
4580
4667
4888
4885
4739
4581
4715
4598
4440
4408
4374
4372
4538
4644
4811
4801
4876
4870
4838
4779
4731
4740
4768
4893
4857
4842
4806
4869
4865
4787
4920
5049
5118
5258
5337
5202
4968
5061
4892
4816
4882
4898
4874
4967
4709
4519
4410
4197
4356
4339
4420
4253
4330
4337
4386
4303
4365
4492
4385
4387
4337
4279
4305
4255
4155
4163
4138
4127
4258
4246
4440
4409
4526
4595
4714
4795
4747
4542
4444
4313
4330
4273
4078
4186
4251
4235
4151
4074
4117
4219
4119
4080
4211
4238
4220
4217
4185
4108
4139
4085
4156
4152
4376
4418
4493
4427
4501
4338
4388
4448
4491
4458
4655
4653
4680
4780
4804
4819
4912
4846
4756
4882
4987
4840
4872
4886
5000
4973
4870
4846
4940
4991
5053
4985
4967
4898
4867
4889
5010
5292
5183
5200
5161
5190
5188
5221
5244
5295
5364
5304
5413
5429
5354
5191
5271
5333
5364
5457
5677
5768
5848
5967
5803
5916
5874
5990
5886
5906
5910
5883
5938
5903
5955
5882
5738
5706
5675
5630
5728
5763
5848
5753
5731
5774
5724
5773
5667
5623
5705
5529
5666
5772
5985
5985
5826
5714
5867
5942
5886
6147
6110
5960
5846
5923
5886
5839
5699
5806
5878
5797
5707
5767
5526
5489
5347
5389
5293
5240
5304
5431
5597
5499
5313
5362
5393
5330
5520
5557
5666
5675
5657
5505
5465
5345
5203
5195
5350
5344
5283
5344
5492
5609
5736
5897
5936
5822
6047
6160
6302
6459
6306
6362
6397
6305
6323
6343
6362
6252
6281
6228
6212
6278
6202
6107
6007
6068
6121
6314
6249
6150
6176
6188
6246
6314
6531
6635
6562
6589
6556
6327
6435
6421
6609
6469
6557
6633
6637
6621
6578
6495
6718
6803
6978
6897
6807
6689
6877
6726
6864
6726
6837
6908
6961
6939
6696
6758
6812
6691
6529
6598
6648
6722
6778
6758
6380
6562
6558
6355
6476
6599
6586
6534
6212
6161
6253
6199
6290
6137
6265
6204
6219
6179
6306
6450
6199
6333
6328
6336
6219
6083
6120
6025
5801
5720
5716
5683
5749
5677
5775
5884
5857
5735
6017
5873
5883
5889
6078
5927
6029
6134
6078
6005
6149
6159
6057
6204
5910
5828
5877
5882
5837
5794
5921
5804
5869
5925
5867
5727
5814
5857
5762
5691
5909
6013
5958
5766
5664
5862
6016
5985
5918
6029
6091
5959
5798
5951
5960
6159
6177
6126
6057
6104
6023
6186
6256
6008
6177
6223
6211
6253
6230
6162
6121
6050
5937
5970
6015
6020
6144
6108
6099
6397
6319
6330
6350
6490
6663
6652
6755
6834
6833
6703
6638
6633
6575
6524
6515
6696
6765
6692
6703
6709
6837
6861
6730
6423
6517
6569
6424
6442
6674
6556
6560
6451
6438
6470
6503
6378
6381
6366
6304
6343
6312
6286
6353
6238
6238
6245
6429
6413
6354
6531
6264
6388
6436
6474
6464
6475
6521
6651
6770
6648
6597
6383
6365
6507
6419
6536
6354
6450
6523
6412
6338
6330
6244
6360
6240
6214
5988
6058
6141
6104
6054
5922
5883
5872
6056
5997
5882
6137
6040
5971
5995
5910
5830
5998
5899
5798
5768
5936
6079
6098
6214
6111
6218
6248
6263
6305
6368
6298
6251
6455
6558
6429
6302
6273
6266
6359
6428
6473
6274
6245
6253
6092
6302
6398
6545
6380
6244
6103
5996
6161
6306
6281
6290
6265
6244
6440
6553
6545
6643
6722
6928
6932
6869
7053
7113
7068
7111
6794
7095
7122
7112
6802
6758
6777
6965
6969
6884
6760
6690
6599
6474
6590
6549
6476
6337
6334
6396
6440
6568
6492
6571
6311
6214
6455
6353
6466
6537
6478
6615
6460
6511
6490
6485
6532
6276
6195
6158
6050
5945
5737
5788
5813
5798
5847
5822
5916
5797
5968
6083
6156
6322
6221
6294
6244
6261
6478
6489
6538
6737
6579
6775
6909
6792
6701
6630
6595
6547
6556
6500
6452
6414
6676
6803
6805
6711
6673
6464
6779
6502
6592
6529
6339
6170
6048
6003
5935
5821
5813
5893
6185
6151
6343
6365
6182
6189
6074
5959
5944
5820
5895
5952
5952
5705
5666
5811
5824
6096
6183
6244
6340
6428
6436
6444
6626
6561
6481
6607
6494
6371
6558
6473
6354
6333
6352
6262
6267
6353
6455
6404
6514
6638
6580
6476
6466
6537
6596
6625
6511
6509
6716
6688
6669
6615
6598
6725
6831
6598
6696
6651
6600
6701
6695
6710
6623
6621
6672
6766
6680
6817
6892
6875
6798
6860
6880
6858
6807
6887
6790
6859
6933
6713
6707
6706
6876
6819
6933
6750
6543
6676
6667
6593
6517
6329
6281
6130
6167
6323
6258
6217
6167
6187
6105
6056
6046
5975
6135
6245
6266
6364
6453
6370
6427
6450
6466
6300
6369
6539
6656
6933
6871
6940
6874
6746
6945
6910
6840
6886
6782
6665
6682
6601
6666
6821
6907
6848
6652
6656
6779
6931
6995
6869
6763
6766
6699
6726
6590
6424
6441
6416
6405
6390
6284
6312
6291
6355
6368
6347
6398
6300
6354
6352
6457
6347
6361
6392
6335
6440
6429
6473
6530
6540
6445
6477
6611
6822
6669
6539
6580
6577
6676
6641
6600
6798
6825
6823
6916
6796
6765
6766
6842
6687
6719
6850
6795
6786
6794
7125
7271
7477
7306
7075
7146
7374
7336
7261
7187
7312
7283
7269
7382
7472
7406
7376
7164
7342
7434
7456
7363
7626
7698
7628
7584
7767
7695
7610
7558
7582
7464
7110
7251
7324
7253
7338
7262
7463
7617
7434
7647
7490
7317
7412
7477
7605
7286
7347
7229
7213
7348
7692
7834
7988
8116
7909
7936
8046
8074
8020
8093
8028
7970
7750
7993
7989
7939
8122
8155
7962
7957
7789
7754
7746
7789
7869
7705
7599
7488
7540
7186
7043
6789
6698
6829
6744
6771
6902
6893
6757
6547
6578
6709
6626
6610
6770
6841
6753
6682
6631
6651
6716
6637
6472
6428
6488
6617
6653
6488
6420
6538
6497
6523
6378
6473
6360
6373
6333
6237
6219
6036
5985
6037
6196
6157
6225
6056
6026
6071
5983
5799
5836
5854
5836
5815
5920
5766
5959
5909
5908
5873
5560
5526
5474
5376
5266
5411
5425
5301
5249
5291
5407
5327
5491
5347
5388
5369
5092
5207
5149
5162
5211
5193
5051
4988
5141
5254
5324
5176
5252
5405
5437
5501
5532
5655
5765
5773
5928
5880
6006
6163
6212
6178
6247
6285
6189
6223
6217
6169
6190
6011
6130
6193
6111
6056
6222
6377
6265
6301
6255
6155
6173
6211
6256
6340
6556
6529
6384
6403
6277
6239
6310
6201
6339
6194
6201
6205
6462
6538
6627
6750
6755
6750
6695
6792
6575
6481
6185
6212
6213
6117
6076
6136
6191
6071
6053
5970
5980
6001
6042
6080
6102
6203
6087
6098
6062
6153
6086
6038
6177
6129
6125
6112
5982
6171
6256
6233
6116
6272
6350
6353
6302
6410
6424
6389
6346
6195
6097
6098
6174
6246
6138
6280
6399
6338
6230
6318
6380
6387
6482
6741
6702
6804
6970
6877
6860
6901
6870
6768
6552
6455
6381
6215
6212
6066
5851
5834
5852
5645
5487
5454
5709
5778
5892
5860
5609
5606
5540
5739
5773
5640
5691
5665
5728
5910
6023
6120
6184
6029
6120
6094
6054
6162
6063
6024
6035
6144
6384
6446
6463
6443
6257
6267
6312
6316
6361
6503
6328
6084
5885
6212
6270
6220
6338
6263
6171
6051
6034
6259
6138
6113
6039
6224
6226
6154
5984
5995
6035
5899
5661
5682
5700
5756
5776
5984
6258
6194
6226
6288
6342
6307
6162
6211
6184
6295
6287
6158
6270
6272
6321
6312
6360
6203
6178
5996
5878
5893
5802
6145
6188
6336
6402
6520
6523
6554
6479
6366
6196
6124
6039
6033
6118
6098
6067
6008
5902
5781
5967
6047
6124
6325
6350
6323
6090
6152
6146
6178
6109
6128
6236
6144
6236
6175
6096
6117
5983
5989
5870
6074
6082
5838
5821
5870
5871
6021
5893
5969
5961
5973
6073
5889
5845
5743
5803
5869
6169
6140
6282
6387
6451
6332
6511
6572
6600
6674
6683
6639
6613
6786
6780
6903
6913
6827
6759
6803
6900
6641
6727
6574
6714
6802
6777
6811
6791
6987
7020
7049
6999
7111
7256
7191
7274
7383
7473
7417
7529
7190
7041
6887
6815
6860
6851
6693
6461
6497
6483
6470
6365
6232
6386
6215
6368
6508
6582
6704
6839
6832
6816
6708
6620
6571
6567
6616
6504
6307
6166
6109
6247
6179
6146
6201
6386
6458
6337
6438
6311
6423
6730
6581
6555
6501
6403
6434
6462
6338
6439
6614
6792
6802
6546
6549
6438
6459
6298
6207
6139
6002
6169
6187
6323
6235
6306
6081
6086
6088
6300
6342
6166
6017
5993
6053
6036
6257
6245
6284
6287
6380
6165
6217
6313
6166
6149
6261
6356
6283
6406
6340
6520
6516
6544
6467
6299
6379
6210
6059
6046
6230
6330
6327
6138
6407
6295
6185
5999
5956
5885
5891
5697
5703
5868
5762
5911
5765
5708
5623
5571
5861
5790
5826
5934
5971
6094
6116
6230
6052
6057
5817
5874
5750
5916
6021
6220
6159
6161
5908
5840
5696
5753
5690
5715
5830
5616
5689
5692
5639
5682
5573
5504
5614
5556
5820
5766
5698
5852
5970
6043
6065
5964
5957
5760
5674
5619
5563
5577
5625
5582
5490
5456
5517
5464
5591
5573
5655
5866
5834
6159
6001
6148
6208
6280
6403
6452
6426
6299
6281
6080
6061
6078
5933
6055
6121
6190
6165
6332
6286
6355
6366
6365
6317
6276
6604
6407
6260
6309
6398
6400
6476
6421
6500
6730
6718
6671
6641
6616
6710
6763
6862
7000
6894
6839
6954
6865
6907
6812
6959
7202
7170
6844
7062
6977
6929
6703
6772
6631
6283
6187
6175
5960
6111
6000
6044
6032
6037
6164
6175
6188
6250
6317
6222
6087
5913
6005
6178
6089
6064
6148
6163
6125
6120
6089
6002
5906
5795
5711
5977
5800
5803
5902
5915
5856
5818
5795
5764
5829
5700
5745
5750
5842
5858
5718
5757
5871
5824
5804
5731
5471
5597
5573
5552
5581
5475
5378
5434
5385
5506
5497
5612
5533
5561
5726
5821
5740
5491
5499
5609
5774
5797
5755
5674
5686
5708
5611
5608
5714
5733
5651
5644
5546
5554
5625
5613
5606
5425
5520
5532
5662
5685
5565
5662
5625
5319
5173
5305
5429
5480
5532
5619
5527
5320
5552
5656
5762
5822
5627
5684
5500
5418
5421
5356
5507
5416
5509
5591
5638
5716
5807
5907
5724
5633
5529
5511
5470
5357
5401
5572
5627
5542
5391
5442
5422
5201
5219
5187
5115
4943
4974
5082
5246
5187
5080
5146
5190
5219
5218
5167
5179
5275
5220
5275
5172
5185
5203
5295
5205
5322
5187
5032
4917
4970
4843
4991
5118
5153
5221
5314
5361
5390
5467
5346
5435
5542
5572
5622
5567
5610
5613
5271
5244
5163
4948
4958
4992
5021
5142
5139
5006
5016
4870
4888
4753
4689
4700
4817
4802
4778
4676
4594
4593
4601
4561
4616
4663
4458
4418
4557
4403
4453
4575
4603
4625
4756
4895
4959
5037
5066
5013
4965
4994
4935
4929
4811
4877
4925
4952
4982
5064
5084
5252
5120
5169
5104
4892
4906
4844
4884
4839
4742
4638
4739
4588
4557
4534
4496
4520
4565
4595
4557
4845
4898
5027
5102
5166
5251
5310
5215
5286
5332
5371
5377
5226
5279
5461
5384
5545
5557
5504
5545
5738
5616
5688
5684
5663
5515
5655
5706
5660
5891
5958
5931
5938
5912
5676
5692
5761
5760
5706
5660
5691
5550
5376
5365
5338
5358
5427
5518
5530
5602
5677
5718
5796
6160
6118
6000
6239
6340
6386
6282
6427
6286
6469
6419
6535
6506
6637
6636
6584
6571
6619
6609
6646
6613
6488
6550
6440
6356
6013
6089
6097
6224
6339
6300
6287
6371
6250
6110
6254
6146
6171
6188
6103
6234
6292
6236
6286
6243
6122
6296
6186
6261
5989
5876
6047
6078
6244
6040
5953
5791
5808
6000
5876
5883
5861
5865
5657
5438
5387
5372
5503
5601
5671
5585
5541
5356
5221
5272
5358
5378
5265
5200
5078
5097
5036
5184
5162
5244
5302
5356
5590
5606
5506
5595
5537
5647
5779
5759
5826
5878
5816
5803
5776
5782
5700
5722
5672
5732
5706
5896
5835
5572
5480
5611
5802
5961
6086
6203
6336
6490
6167
6016
5784
5798
5818
5770
5983
6158
6187
6324
6489
6536
6460
6508
6537
6473
6411
6380
6634
6897
6882
6943
6770
6481
6498
6554
6377
6312
6242
6224
6232
6315
6486
6335
6259
5968
6041
6144
6199
6059
6035
6116
6236
6326
6270
6161
6088
6094
6162
6242
6348
6242
6349
6290
6207
6132
6288
6485
6512
6654
6604
6503
6551
6492
6442
6352
6212
6378
6491
6302
6154
6167
6154
6429
6633
6682
6811
6693
6734
6791
6831
6785
6662
6630
7011
7038
6891
6791
6619
6603
6518
6350
6423
6488
6455
6458
6594
6592
6512
6656
6747
6712
6769
7031
7113
6942
7052
6840
6672
6601
6591
6573
6603
6458
6509
6303
6518
6327
6463
6368
6404
6263
6145
6130
6071
6099
6129
6198
6351
6479
6569
6567
6494
6503
6515
6477
6570
6802
6971
6936
6939
6942
7017
7084
6944
6802
7048
6916
7090
7008
7037
7126
7229
7144
7186
7166
7097
7093
