1005000
267110
174141
129668
103553
85624
72642
63550
56299
50779
46328
42693
38899
36216
33965
31707
29624
27992
26164
24603
23324
21870
20982
20142
19030
18597
17762
17040
16493
15697
15177
14635
14163
13447
12920
12775
12527
12232
11803
11574
11207
10773
10564
10335
10184
9759
9703
9352
9146
9137
9102
9001
8597
8658
8460
8505
8519
8556
8356
8402
8438
8139
8053
7966
7789
7676
7318
7137
7309
7336
6982
7018
6901
6859
6714
6736
6710
6576
6642
6485
6531
6573
6601
6475
6307
6141
6247
6173
6125
5921
5829
5783
5822
5937
5973
5701
5674
5753
5765
5969
5887
5912
5896
5893
5859
5816
5855
5622
5478
5300
4905
4970
4994
5008
5039
5023
5022
5227
5070
5254
5167
5008
4979
5033
4990
5186
5169
5175
5266
5230
5169
5038
4978
5004
4954
4811
4827
4764
4654
4532
4501
4388
4356
4284
4243
4176
4210
4248
4226
4136
4180
4222
4214
4221
4222
3979
4077
4146
4050
3951
3969
3816
3882
4063
4119
4133
4071
4086
4130
4244
4108
4207
4249
4142
4295
4214
4247
4171
4291
4325
4280
4246
4289
4337
4404
4428
4481
4483
4430
4320
4162
4053
3955
3951
3919
3980
4014
3973
4034
3963
3927
3986
3804
3698
3702
3622
3745
3744
3826
3650
3646
3628
3762
3859
3874
3736
3653
3675
3677
3673
3684
3602
3487
3424
3376
3362
3477
3438
3690
3639
3568
3459
3327
3518
3711
3805
3769
3802
3681
3720
3702
3728
3689
3874
3831
3727
3660
3558
3490
3598
3567
3649
3733
3533
3505
3444
3390
3393
3442
3402
3423
3503
3411
3383
3302
3300
3251
3374
3113
3076
3047
3136
3065
3053
2863
2857
2919
3101
3100
3074
3077
3048
3025
3009
3075
2946
2893
2924
2996
2964
2936
3052
3184
3304
3350
3306
3324
3241
3340
3341
3452
3543
3658
3577
3530
3625
3574
3572
3557
3533
3579
3472
3428
3204
3139
3247
3402
3488
3259
3374
3559
3474
3504
3442
3515
3574
3523
3550
3612
3686
3714
3583
3613
3760
3760
3874
3793
3896
4026
3981
3972
3992
3992
3917
3941
4003
4010
3927
3918
3887
3947
4060
4103
4297
4234
4357
4489
4521
4536
4690
4768
4783
4898
4939
4881
4951
5039
4943
4939
5057
4984
5084
5121
5095
5063
5015
4953
4768
4588
4627
4489
4501
4496
4402
4372
4355
4501
4538
4569
4661
4779
4869
4825
4703
4718
4729
4843
4849
4847
4845
4742
4799
4929
4927
4699
4568
4544
4619
4749
4666
4616
4614
4729
4813
4696
4652
4580
4729
4688
4631
4584
4484
4508
4466
4309
4236
4313
4201
4133
4130
3988
3974
3860
3838
3795
3860
3912
3822
3931
4007
3986
3960
3838
3895
3979
3859
3856
3953
3910
3908
3891
3934
4110
4065
4144
4153
4222
4161
4151
4343
4285
4520
4465
4478
4583
4448
4311
4337
4216
4335
4460
4751
4814
4889
4880
4995
4843
4816
4837
4930
5084
5020
4870
4956
4928
4837
4973
5081
5092
5113
5020
5087
5144
5036
4984
5026
5055
4947
4921
4940
4908
4962
4828
4796
4678
4737
4839
4866
5037
4901
4802
4775
4769
4862
4780
4808
4766
4960
4889
5016
5066
5098
5192
5099
5271
5363
5413
5508
5738
5657
5662
5606
5496
5283
5354
5428
5401
5200
5161
5263
5335
5406
5579
5623
5773
5844
5845
5916
5835
5977
6070
6119
6061
6152
6155
6152
6092
6134
6032
6078
5900
5808
5864
5791
5763
5583
5672
5640
5622
5429
5334
5327
5261
5187
5206
5155
5139
5228
5197
5289
5259
5241
5246
5385
5354
5368
5314
5519
5443
5331
5322
5526
5565
5283
5354
5421
5290
5254
5365
5397
5454
5545
5679
5527
5511
5663
5699
5570
5649
5633
5530
5515
5655
5734
5752
5885
6006
6140
6262
6413
6315
6451
6651
6666
6666
6643
6706
6638
6681
6823
6960
6875
7017
7127
7098
7124
7292
7126
7286
7363
7372
7358
7266
7424
7452
7415
7258
7384
7442
7449
7224
7489
7424
7254
7198
7151
7245
7430
7177
7160
6885
6900
6911
7081
7140
7308
7420
7116
6952
7146
7188
6992
6840
6795
6893
6913
6850
6668
6701
6778
6852
6900
6853
6798
6863
6819
6887
6839
6819
6715
6628
6599
6505
6508
6560
6588
6465
6588
6706
6602
6683
6809
7133
7230
7265
7283
7153
7018
7068
7194
7257
7246
7136
7138
7247
7272
7166
7150
7350
7390
7493
7546
7568
7604
7773
7630
7597
7486
7376
7403
7449
7552
7376
7451
7590
7464
7411
7233
7316
7179
7289
7345
7214
7256
7311
7271
7213
7338
7327
7370
7510
7574
7698
7665
7676
7758
7559
7595
7468
7434
7304
7336
7195
7123
7376
7159
6908
6874
7125
7005
6794
6775
6484
6474
6542
6596
6726
6483
6476
6434
6582
6412
6300
6258
6294
6305
6505
6682
6949
7030
7037
7051
6954
6870
6804
6782
6945
7023
7160
7285
7453
7498
7751
7862
7819
7893
7835
7780
7727
7482
7441
7392
7555
7584
7381
7399
7218
7288
7386
7386
7405
7504
7661
7590
7545
7370
7105
7140
6961
6822
6957
6915
6924
6965
7050
7042
7013
6789
6986
6963
6946
7082
7262
7206
7239
6998
7015
7045
6865
6768
6640
6798
6992
7049
7015
7012
6857
6722
6299
6124
6083
6061
6180
6187
6078
6111
6159
6264
6347
6409
6688
6828
6655
6702
6547
6481
6546
6595
6764
6780
6730
6478
6212
6140
6155
6067
6209
6197
6113
6096
6193
6092
6076
6088
5930
5993
6188
6067
6026
5967
5842
5822
5861
5898
5951
6055
6063
6177
6326
6222
6177
6098
5862
5892
5884
6071
5920
6028
6042
6126
6050
6175
6265
6192
6216
6242
6162
6116
6131
6127
6063
6174
6138
5890
5950
5989
5933
5910
5804
5958
5974
5941
5822
5933
5877
5883
5846
5910
5890
5796
5876
6159
6195
6400
6463
6518
6430
6346
6310
6377
6423
6557
6620
6711
6585
6459
6671
6722
6779
6716
6702
6654
6591
6658
6743
6606
6557
6418
6467
6395
6472
6623
6419
6297
6115
6162
6285
6142
6150
6076
6240
6277
6149
6072
6035
6056
5998
5869
5723
5828
5842
5913
5862
6111
6149
6235
6277
6414
6246
6308
6528
6369
6379
6344
6331
6293
6391
6100
6075
6297
6212
6096
6070
5949
5800
6103
6023
5811
5975
5827
5662
5607
5572
5500
5362
5511
5412
5583
5596
5753
5632
5544
5505
5600
5581
5522
5562
5446
5455
5483
5454
5415
5359
5310
5267
5257
5328
5412
5405
5404
5406
5356
5517
5514
5506
5563
5687
5676
5560
5628
5547
5460
5375
5310
5259
5263
5200
5539
5609
5645
5698
5728
5623
5665
5968
5969
5989
5927
5963
6034
6110
6168
6188
6279
6282
6179
6216
6228
6129
6210
6328
6380
6323
6471
6175
6355
6619
6697
6703
6655
6468
6457
6539
6421
6523
6492
6444
6359
6333
6252
6171
6058
6017
5948
6111
6066
6165
6138
6155
6218
6286
6405
6317
6116
6298
6389
6407
6417
6415
6711
6820
6767
6876
6922
6980
6894
7044
7011
7116
6953
7043
7123
7102
7240
7296
7262
7445
7421
7489
7629
7503
7630
7768
7746
7823
7836
7958
8055
7995
8122
7961
7861
8063
8210
8076
7984
7874
7772
7836
7694
7565
7559
7476
7512
7299
7364
7448
7404
7496
7378
7357
7518
7462
7496
7328
7443
7323
7561
7372
7367
7412
7440
7295
7297
7382
7545
7596
7699
7846
7615
7485
7596
7611
7582
7686
7747
7732
7807
7612
7692
7702
7757
7710
7518
7528
7555
7627
7553
7584
7623
7787
7829
7608
7636
7592
7510
7424
7253
7174
7369
7365
7265
7193
7125
7016
6964
6907
7035
6992
6906
6842
6614
6599
6684
6647
6646
6634
6755
6831
6691
6712
6740
6898
6915
6992
6971
7023
7132
7060
7108
6927
6981
7042
6789
6831
6741
6712
6814
6935
7011
6919
6848
6762
6888
7047
7126
6871
6651
6722
6558
6439
6455
6475
6663
6758
6760
6728
6459
6185
5985
6069
5976
6124
6192
6204
6128
6123
6204
6056
5969
5907
6068
6144
6129
6177
6263
6194
6360
6340
6305
6427
6334
6546
6609
6609
6643
6523
6479
6550
6732
6661
6769
6933
6782
6776
6667
6524
6618
6610
6726
6607
6503
6473
6484
6484
6432
6329
6436
6466
6566
6763
6529
6275
6246
6193
6284
6282
6015
6055
6027
6009
5804
5740
5832
5699
5781
5687
5578
5822
5791
5868
5861
5940
6030
6139
6063
6038
5919
6054
6158
6348
6262
6292
6327
6202
5831
5750
5671
5547
5498
5507
5651
5665
5656
5653
5592
5679
5725
5689
5668
5745
5846
5928
6117
5954
5976
5958
5814
5938
5979
5930
6044
6189
6112
6065
6126
6242
6184
6092
5951
6142
6156
5960
5979
5950
5761
5703
5601
5647
5584
5614
5654
5736
5642
5747
5726
5643
5653
5675
5702
5729
5775
5684
5720
5505
5526
5471
5511
5648
5644
5742
5680
5631
5746
5638
5667
5665
5730
5767
5654
5642
5594
5499
5535
5579
5581
5676
5715
5684
5739
5619
5846
5593
5623
5698
5736
5684
5603
5596
5491
5311
5229
5092
5078
5009
4986
4875
4789
4731
4703
4596
4515
4483
4517
4352
4435
4388
4364
4466
4462
4547
4645
4532
4591
4661
4725
4836
5001
4924
5063
5081
5044
5049
5056
5158
5056
4919
4856
4907
4936
4989
4973
5000
5164
5213
5149
5189
5107
5329
5346
5332
5381
5516
5532
5469
5522
5545
5432
5402
5363
5332
5400
5536
5269
5300
5433
5636
5566
5530
5436
5420
5271
5275
5263
5197
5232
5269
5286
5324
5271
5189
5133
5373
5498
5415
5458
5505
5523
5667
5698
5704
5872
5948
5993
6053
6110
6135
6035
6062
6023
5984
6041
6008
5939
5937
5860
5722
5840
6027
6252
6316
6377
6284
6312
6447
6671
6708
6688
6812
6788
6673
6851
6808
6984
6860
6837
6821
6823
6632
6547
6651
6594
6848
6771
6869
6606
6558
6353
6383
6389
6408
6410
6401
6361
6432
6525
6517
6510
6629
6669
6682
6774
6874
6875
6984
6934
7005
7115
7064
6915
7055
7027
7198
7247
7231
7386
7323
7281
7380
7375
7532
7622
7754
7959
7969
7979
8005
7837
7850
7955
7823
7623
7841
7752
7598
7516
7500
7454
7344
7264
7451
7522
7583
7635
7741
7669
7399
7051
7142
7188
7154
6999
7085
7171
7171
7355
7295
7264
7174
7273
7580
7657
7649
7480
7511
7349
7506
7368
7369
7310
7430
7392
7355
7444
7491
7438
7568
7451
7730
7717
7776
7918
7692
7798
7657
7631
7723
7539
7250
7215
6906
6999
6941
7090
7045
7031
7023
7103
7169
7215
7410
7251
7114
7035
7122
7075
7116
7292
7315
7438
7500
7574
7651
7570
7657
7656
7396
7067
6979
7034
7047
6894
6999
7068
7058
7088
6866
6904
6875
6763
6793
6683
6755
6699
6611
6632
6936
6954
7114
7194
7270
7334
7217
7171
7155
7013
7216
7232
7343
7223
7137
7085
7324
7488
7629
7400
7559
7724
7765
7795
7907
7900
8064
7965
7880
8110
8114
8100
8055
8102
8159
7971
7751
7715
7752
7743
7664
7600
7675
7275
7217
7204
7238
7393
7414
7557
7634
7283
7313
7350
7392
7318
7351
7570
7555
7731
7728
7824
7813
7822
7721
7624
7666
7712
7639
7569
7395
7462
7433
7294
7272
7271
7182
7271
7212
7111
6892
6922
6923
6931
6815
6750
6779
6847
7027
6975
7064
7076
7018
7293
7314
7411
7066
6956
7055
7136
7113
7139
7295
7344
7300
7352
7219
7123
7070
7189
7263
7290
7207
7221
7172
7062
7134
7180
6979
6997
7039
6900
7015
6945
6977
7071
7184
7212
7231
7173
7255
7186
6943
6908
6760
6548
6452
6530
6544
6549
6596
6572
6489
6503
6331
6430
6413
6408
6497
6591
6521
6577
6648
6524
6598
6586
6582
6739
6730
6647
6662
6388
6374
6365
6432
6366
6313
6415
6367
6254
6345
6236
6330
6325
6256
6031
5861
5830
5720
5710
5579
5574
5636
5622
5521
5327
5273
5288
5251
5226
5319
5284
5293
5154
5136
5100
4882
4916
4907
4953
4770
4763
4828
4842
4837
4907
4973
4917
4887
4836
4803
4807
4929
5059
5147
5202
5088
5245
5086
5096
5017
4927
4810
4695
4813
4762
4717
4714
4860
4738
4679
4671
4588
4763
4734
4655
4798
4847
4922
4873
4734
4642
4606
4553
4628
4528
4678
4924
4864
4935
4804
4762
4935
4701
4710
4618
4712
4637
4623
4762
4853
4758
4824
4805
4862
4698
4712
4659
4827
4881
4920
4910
4969
4798
4701
4752
4689
4702
4757
4705
4519
4498
4447
4541
4664
4645
4901
4986
4975
4893
4860
4944
4814
4902
4955
4909
4935
4905
4947
5055
5005
4913
4849
4846
4726
4589
4564
4595
4501
4435
4446
4298
4321
4393
4460
4398
4427
4508
4334
4395
4413
4525
4411
4356
4494
4581
4500
4359
4368
4394
4257
4396
4392
4465
4593
4668
4591
4560
4457
4502
4584
4573
4677
4624
4617
4577
4722
4668
4766
4826
4806
4769
4963
4932
5022
4929
5078
5205
5282
5289
5351
5460
5501
5531
5597
5596
5700
5724
5742
5665
5869
5790
5769
5891
5794
5915
5942
5922
5809
5673
5531
5489
5529
5452
5503
5397
5452
5574
5566
5577
5495
5602
5562
5674
5688
5542
5596
5474
5475
5264
5591
5764
5831
5687
5683
5662
5765
5811
5860
5853
5862
5713
5715
5654
5659
5498
5762
5809
5888
5810
5663
5660
5834
5980
5971
6034
6043
6130
6096
6143
6094
6018
6062
6202
6182
6081
6070
6036
6076
6148
6115
6152
6324
6658
6748
6487
6437
6473
6377
6474
6574
6746
6814
6773
6729
6715
6793
6658
6876
6928
6921
7133
6936
6966
7096
7137
7211
7242
7130
6892
6942
6817
6844
6964
7109
7257
7299
7227
7091
7033
7228
7239
7191
6993
6916
6861
6818
6618
6705
6907
6894
6837
6911
6973
6926
6781
6689
6746
6899
6932
6964
6858
6930
6735
6800
6704
6700
6699
6555
6426
6301
6372
6192
6241
6349
6131
6140
6191
6316
6366
6136
6211
6038
6046
6021
5904
5938
5820
5936
6190
6054
6138
6155
6235
6673
6729
6723
6856
6707
6654
6602
6654
6682
6784
6540
6423
6432
6307
6243
6163
6386
6565
6397
6313
6124
6004
5878
5737
5606
5599
5355
5482
5489
5444
5425
5495
5549
5619
5428
5655
5705
5676
5652
5715
5679
5470
5304
5424
5337
5410
5285
5326
5479
5390
5252
5404
5564
5596
5748
5817
5988
5960
6049
6090
5951
5901
5796
5822
5922
5912
5989
5972
5851
5838
6006
6031
6084
5969
5897
5897
5773
5913
5902
6057
5932
5947
6267
6209
6012
6010
5921
5932
6091
6224
6318
6372
6373
6397
6343
6125
6002
5800
6047
5903
5848
5872
5981
5888
5914
5833
5886
5937
5853
5758
5753
5825
5802
5718
5774
5766
5768
5871
5852
6001
6163
6347
6497
6464
6254
6210
6179
6141
6071
5805
5959
6000
5886
5806
5762
5798
5906
5917
5972
5998
5855
6083
6191
6309
6307
6192
5964
5885
5872
6010
5831
5776
5806
5778
5829
5723
5628
5742
5749
5676
5755
5857
6183
6158
6142
6151
6170
6121
6153
6239
6431
6607
6602
6714
6596
6626
6732
6624
6718
6685
6783
6828
6875
6710
6640
6605
6802
6742
6703
6911
6773
6678
6744
6692
6751
6660
6738
6787
6759
6891
6814
6876
6780
6834
6860
6919
7025
6920
6901
6608
6670
6431
6347
6338
6423
6438
6616
6524
6549
6637
6787
6643
6773
6682
6396
6516
6633
6699
6819
6903
6902
6898
6809
6755
6876
6776
6732
6638
6617
6512
6491
6493
6576
6762
6861
6935
7204
7276
7064
7025
7111
7077
6998
7036
6942
6997
7054
7015
7078
7159
7427
7122
7001
6844
6891
6726
6728
6664
6638
6911
7035
6995
6786
6793
6655
6523
6522
6434
6347
6318
6379
6537
6503
6762
6554
6571
6467
6454
6500
6468
6660
6724
6958
6919
7180
6988
6927
7131
7288
7129
7145
6952
6816
6750
6815
6761
6625
6575
6574
6404
6363
6412
6357
6181
6154
6107
5829
5935
6024
6022
6055
6048
5792
5958
5834
5771
5998
6053
6070
6075
6091
6303
6467
6441
6315
6180
6073
6047
5899
6125
6137
5989
5818
5895
5780
5978
5886
5943
5891
5797
5673
5566
5453
5255
5347
5388
5419
5583
5495
5625
5642
5770
5671
5692
5851
5716
5620
5570
5544
5756
5790
5660
5651
5705
5718
5688
5658
5674
5646
5877
5787
5772
5811
5921
5870
5784
5820
5970
5916
6194
6094
6059
6033
5846
5735
5610
5551
5629
5658
5752
5615
5542
5447
5298
5418
5479
5455
5416
5506
5562
5594
5675
5665
5656
5688
5762
5667
5628
5620
5796
5779
5778
5883
5944
5951
6047
6154
6174
6234
6240
6193
6319
6414
6525
6515
6711
6761
6901
6959
6842
6704
6488
6364
6517
6591
6609
6680
6804
6835
6889
6887
6874
6779
6741
6772
6940
6870
6815
6848
6821
6741
6777
6649
6689
6819
6804
6638
6671
6668
6624
6479
6285
6231
6184
6334
6238
6046
6031
5998
5942
5801
5632
5660
5581
5633
5507
5481
5658
5618
5544
5616
5601
5475
5333
5363
5500
5609
5757
5685
5693
5710
5495
5543
5440
5470
5451
5496
5481
5435
5500
5748
5974
5950
5933
5954
5908
5648
5769
5826
5788
5777
5639
5463
5433
5367
5341
5351
5140
5100
5088
5168
5337
5465
5466
5363
5358
5413
5454
5543
5525
5593
5695
5705
5747
5842
5775
5835
5740
5834
5878
5701
5868
5788
5394
5504
5499
5492
5462
5270
5259
5280
5336
5110
5187
5093
5253
5278
5254
5303
5463
5514
5440
5544
5631
5574
5772
5695
5615
5427
5438
5295
5288
5206
5200
5212
5279
5240
5333
5430
5573
5686
5706
5676
5631
5630
5896
5851
5886
5726
5801
5830
5755
5606
5609
5703
5711
5547
5516
5181
5198
5238
5291
5358
5473
5381
5307
5433
5378
5362
5261
5068
5121
5166
5215
5343
5504
5651
5706
5722
5564
5571
5526
5481
5707
5665
5659
5612
5678
5622
5598
5699
5625
5661
5537
5405
5629
5662
5566
5627
5735
5938
5866
5906
5855
5747
5758
5746
5769
5781
5716
5792
5727
5842
5839
6036
5886
5914
5846
6043
6088
6090
6141
6096
6233
6234
6291
6403
6267
6296
6353
6435
6522
6603
6360
6519
6655
6629
6668
6661
6699
6858
6779
6825
6849
6770
6911
6911
6825
6860
6850
6765
6722
6563
6684
6609
6609
6665
6860
6701
6713
6651
6484
6413
6389
6510
6439
6360
6368
6374
6330
6302
6192
5892
5950
6054
6051
5924
5946
5967
5971
5913
5829
5923
6064
6250
6346
6621
6734
6561
6496
6660
6681
6661
6923
7004
6986
7012
7029
7020
7001
7189
7072
7191
7082
7186
7292
7300
7238
7249
7400
7170
6885
6920
6756
6565
6567
6696
6534
6691
6826
6677
6693
6690
6705
6547
6501
6412
6429
6492
6643
6683
6702
6524
6559
6659
6888
6880
6738
6772
6715
6662
6755
6728
6646
6773
6885
7080
7104
6965
6935
6793
6762
6734
6510
6431
6601
6587
6320
6415
6228
6096
6074
6347
6435
6349
6304
6230
6246
6222
6110
6104
6017
6040
6049
5978
5904
5965
5757
5821
5818
5831
5946
5995
5909
5881
5815
5648
5751
5568
5515
5407
5595
5640
5687
5792
5775
5929
6060
5854
5725
5628
5607
5444
5454
5589
5557
5556
5769
5735
5810
5651
5564
5432
5519
5553
5675
5550
5631
5507
5533
5354
5347
5463
5292
5128
5124
5180
5053
4825
4717
4746
4655
4668
4613
4589
4441
4465
4214
4299
4188
4244
4352
4370
4431
4443
4463
4400
4272
4119
4163
4354
4326
4322
4317
4333
4237
4321
4279
4144
4144
4195
4236
4186
4202
4310
4397
4463
4480
4571
4598
4589
4477
4664
4694
4565
4433
4320
4437
4348
4466
4365
4388
4467
4480
4416
4493
4399
4283
4287
4350
4302
4129
4061
3938
4036
4013
3963
3788
3737
3716
3712
3754
3778
3620
3563
3554
3680
3613
3642
3630
3530
3563
3667
3750
3761
3823
3859
3804
3842
3742
3762
3825
3866
3896
3772
3706
3586
3661
3675
3758
3680
3732
3662
3701
3621
3536
3624
3687
3655
3760
3953
3958
3912
3985
4095
4200
4157
4085
4101
4054
3959
3930
3939
4047
4097
4189
4070
4031
3993
4029
4037
4057
4091
4096
4055
4066
4102
3987
4113
4155
4151
4031
4118
4059
4173
4269
4422
4541
4364
4380
4202
4104
4190
4176
4279
4393
4215
4124
4229
4116
4020
4034
3954
3882
3941
3943
3892
3778
3772
3772
3749
3751
3677
3516
3656
3698
3585
3482
3569
3728
3677
3679
3831
3956
3932
3855
3748
3706
3784
3733
3614
3835
3854
3847
3733
3784
3785
3843
3921
3952
3965
3960
3993
4049
4059
4172
4125
4010
4172
4051
4233
4201
4255
4060
4120
4066
4109
4081
4117
4049
4100
4101
4125
4167
4115
4185
4024
4119
4274
4362
4500
4634
4818
4855
4948
4903
5242
5390
5324
5298
5319
5338
5234
5390
5140
5309
5441
5503
5421
5505
5361
5311
5364
5499
5524
5376
5540
5491
5542
5488
5272
5283
5352
5419
5370
5352
5333
5213
5186
5335
5333
5342
5295
5476
5557
5487
5651
5615
5663
5815
5978
5907
6029
6152
6241
6093
6195
6231
6000
5932
5995
6077
6054
5916
6065
6295
6221
6157
6025
5924
6029
6031
6101
6194
6206
6106
6052
5999
5970
5817
5877
5872
5821
5909
5878
5983
5913
6073
6140
6094
6250
6569
6623
6409
6532
6441
6575
6439
6748
6722
6642
7023
7129
7211
7327
7246
7301
7082
6903
7013
6933
6867
6756
6709
6835
6760
6781
6826
6817
6781
6680
6632
6790
6786
6940
6855
6860
6812
6934
6577
6447
6505
6551
6579
6627
6670
6609
6702
6725
6521
6727
6806
6816
6902
6852
7165
6955
6848
6997
6967
6895
6782
6587
6664
6660
6616
6677
6690
6792
6916
6978
7029
6973
6916
7041
6951
6880
6875
6900
6802
6924
6951
6975
6856
6791
6431
6480
6421
6454
6081
6173
6137
6259
6397
6594
6650
6733
6804
6775
6805
6648
6562
6501
6486
6632
6497
6675
6643
6598
6642
6624
6565
6659
6613
6443
6486
6315
6532
6412
6258
6081
6159
6038
6001
5976
6031
6177
6155
6059
5977
6031
5832
5852
5721
5557
5607
5854
5923
5869
5838
5702
5724
5567
5566
5618
5593
5738
5836
5949
5775
5992
6034
6092
6138
6252
6235
6436
6257
6277
6294
6203
6317
6195
6172
6117
6131
6090
5815
5753
5757
5896
6128
6204
6139
6157
6083
6008
5910
6015
6057
5944
5935
5772
5881
5869
5872
5789
5571
5704
5649
5799
5847
5705
5725
5760
5654
5405
5462
5429
5558
5735
5583
5650
5717
5777
5791
5911
6047
5970
5952
6037
5971
6175
6092
6045
5950
6019
6092
6127
6026
5958
5975
5977
6007
5974
6214
6159
6179
6394
6453
6548
6520
6517
6393
6371
6453
6381
6313
6289
6483
6395
6388
6391
6319
6363
6382
6244
6157
6075
5974
5979
5867
6103
5971
6148
6157
6073
6117
6343
6179
6027
5932
6115
6079
6066
6099
6049
6121
6270
6454
6476
6415
6249
6155
6298
6259
5959
6081
6105
6140
6098
6119
6120
6056
6168
6174
6184
6177
6293
6442
6653
6733
6918
6862
6860
7046
6851
6983
6861
6923
6773
6842
6851
6890
6964
7272
7185
7092
7118
7299
7179
7181
7162
7343
7422
7297
7469
7358
7218
7169
7129
7012
6991
7022
7027
6944
6918
6767
6756
6640
6849
6800
6797
6613
6451
6488
6530
6613
6897
7040
7190
7086
6980
6853
6943
7043
7315
7242
7119
7308
7428
7368
7116
6999
7017
6848
6815
6782
6738
6782
6585
6541
6475
6466
6696
6605
6638
6594
6405
6389
6575
6471
6254
6273
6159
6213
6205
5998
5732
5846
5762
5781
5911
5829
5896
5798
5871
5963
5961
5892
5789
5741
5841
5930
6039
6140
6016
5960
5761
5692
5744
5826
5880
5859
5802
5831
5771
5746
5822
5868
5883
5999
6066
6141
6224
6252
6268
6248
6326
6363
6422
6308
6379
6407
6266
6167
6196
6121
6131
6178
6203
6289
6488
6324
6194
6153
6251
6052
6003
6103
6083
6145
6425
6496
6534
6490
6524
6551
6435
6407
6283
6652
6545
6564
6719
6745
6642
6495
6571
6480
6416
6712
6710
6515
6549
6385
6398
6330
6312
6239
6265
6380
6129
6195
6101
6089
6042
5973
5923
5869
5694
5662
5542
5547
5502
5495
5474
5626
5672
5760
5828
5812
5864
5884
5713
5744
5851
5817
5684
5647
5710
5783
5817
5786
5769
5791
5863
6018
6038
6124
5979
6107
6146
6189
6178
6313
6448
6603
6727
6904
6799
6837
6734
6892
6930
6870
7003
7035
6883
6936
6710
6545
6491
6416
6342
6218
6084
6038
6075
6101
6120
6195
6221
6157
6196
6239
6458
6396
6487
6453
6485
6420
6530
6458
6516
6335
6268
6227
6281
6341
6256
6451
6354
6213
6328
6478
6419
6501
6332
6338
6235
6328
6334
6127
6103
6299
6169
6036
6023
5859
5879
5621
5592
5836
5798
5990
5901
5796
5704
5528
5506
5331
5444
5334
5285
5354
5329
5395
5459
5466
5537
5458
5375
5283
5330
5347
5252
5157
5278
5349
5208
5248
5283
5179
5025
5035
4929
4992
5063
5076
5118
5168
5150
5313
5363
5419
5447
5602
5538
5451
5663
5730
5780
5753
5716
5542
5570
5500
5526
5524
5584
5717
5830
5927
6003
5826
5669
5620
5680
5337
5419
5574
5696
5699
5748
5655
5699
5826
5839
5902
5752
5633
5710
5754
5476
5413
5312
5252
5126
5240
5207
5272
5118
5283
5217
5151
5180
5191
5167
5251
5039
4967
4972
5028
5078
5242
5288
5363
5237
5285
5199
5299
5320
5316
5387
5519
5618
5530
5603
5676
5845
5825
5801
5601
5563
5550
5553
5510
5521
5457
5475
5357
5302
5324
5204
5066
5048
4972
5116
5097
5213
5290
5353
5339
5503
5518
5589
5692
5734
5816
5390
5348
5273
5370
5400
5235
5293
5226
5301
5376
5401
5393
5442
5615
5645
5759
5665
5780
5986
5944
5931
5976
5991
5919
6020
6082
6075
5945
5940
5938
5950
5775
5570
5409
5457
5349
5475
5616
5548
5528
5380
5303
5275
5297
5201
5091
4947
4950
4897
4684
4690
4755
4683
4749
4702
4784
4701
4678
4800
4779
4719
4741
4664
4772
4695
4897
4857
5021
5098
5089
5132
5179
5125
5213
5145
5129
5165
5022
5071
5070
5128
5249
5313
5254
5333
5258
5173
5295
5322
5345
5259
5084
4949
5149
5137
5179
5172
5250
5302
5295
5219
5071
5205
5087
5023
4931
4909
5009
4843
4813
4884
4887
4992
5031
4933
4959
5005
5134
5118
5030
5074
5264
5229
5077
5036
5009
4813
4748
4832
4768
4928
4808
4611
4522
4650
4717
4721
4767
4868
5064
5169
5246
5262
5421
5425
5382
5380
5329
5486
5506
5764
5640
5917
5975
6136
5924
5957
6006
6148
6027
5996
6022
6011
5825
5875
5868
5922
5968
5961
6021
6199
6139
6345
6436
6373
6374
6204
6265
6239
6245
6135
5871
6143
6014
6203
6255
6408
6317
6258
6455
6419
6373
6424
6258
6188
6108
6078
6130
5954
6059
6031
6067
6013
6034
6155
6058
5955
5968
6076
6026
6202
6143
6102
6373
6143
5999
5949
5955
6010
5920
5793
5902
5906
5907
5834
5886
6032
6031
5992
5980
6011
5891
5992
5874
5900
5884
6013
6138
6020
6060
5880
5716
5747
5870
5739
5738
5668
5781
5632
5525
5564
5603
5421
5533
5593
5617
5592
5579
5585
5545
5480
5434
5369
5594
5710
5571
5617
5476
5321
5265
5279
5278
5418
5299
5488
5591
5430
5342
5482
5496
5522
5529
5669
5665
5704
5832
5993
5958
5895
5893
5855
5818
5802
5732
5873
5839
5818
5908
6007
5953
5901
6067
6035
6111
5987
6075
6174
6093
6115
6027
6144
5944
5983
6227
6135
6039
6110
6199
6265
6350
6388
6255
6315
6217
6139
6285
6235
6379
6415
6500
6547
6680
6580
6730
6862
6899
6895
6979
6971
7008
6901
6742
6726
6794
6835
6667
6644
6693
6803
6836
6815
6877
7010
6813
6795
6842
6902
6737
6797
6946
6962
6943
6765
6831
6790
6578
6504
6491
6682
6736
6804
6853
6874
7007
6800
6689
6542
6588
6598
6357
6414
6660
6630
6480
6339
6200
6415
6645
6584
6444
6566
6644
6867
6703
6763
6598
6703
6528
6352
6387
6252
6195
6029
6027
5986
5801
5720
5641
5671
5769
5754
5655
5621
5564
5365
5307
5245
5210
5328
5404
5373
5453
5432
5350
5526
5531
5564
5599
5574
5456
5444
5296
5325
5298
5332
5295
5426
5468
5477
5456
5491
5443
5314
5255
5260
5365
5380
5293
5252
5410
5345
5385
5379
5256
5190
5126
5279
5230
5232
5247
5144
5246
5330
5304
5452
5234
5347
5392
5483
5506
5608
5617
5626
5523
5618
5393
5307
5296
5291
5444
5393
5434
5384
5330
5383
5433
5517
5456
5421
5452
5407
5344
5419
5478
5406
5618
5556
5543
5430
5353
5403
5394
5454
5547
5586
5702
5738
5645
5478
5334
5521
5625
5692
5829
5730
5734
5788
5756
6051
6012
5983
6223
6144
6144
5883
5938
6087
6112
5886
5869
5700
5663
5748
5696
5806
5830
5865
5732
5770
5743
5793
5740
5629
5605
5529
5547
5561
5612
5548
5538
5519
5488
5658
5561
5448
5479
5436
5385
5467
5398
5522
5519
5419
5269
5306
5236
5123
5195
5282
5411
5229
5317
5236
5312
5222
5259
5261
5225
5260
5356
5301
5273
5309
5425
5153
5175
5302
5384
5378
5299
5473
5515
5421
5298
5303
5297
5174
5211
5196
5181
5274
5193
5220
5022
4968
5099
5013
5100
5014
4966
5143
4908
4896
4820
4732
4734
4687
4547
4634
4621
4732
4750
4891
4815
4852
5070
5050
5056
5056
5150
5281
5275
5463
5581
5567
5539
5433
5541
5579
5482
5419
5320
5477
5414
5552
5568
5297
5376
5316
5334
5172
5094
5173
5093
5161
5229
5177
5179
5034
5083
5129
5056
4877
4899
4995
5072
5108
4947
4873
4970
4866
4877
4969
4976
5026
4991
4832
4958
4885
4927
5032
5061
5091
5253
5347
5338
5327
5360
5427
5453
5390
5295
5341
5417
5340
5376
5322
5394
5255
5317
5451
5195
5346
5250
5216
5313
5417
5450
5371
5319
5144
5165
4972
4902
4899
5051
5199
5061
5107
5185
5213
5229
5361
5243
5238
5419
5462
5445
5390
5360
5304
5300
5351
5265
5223
5316
5265
5344
5426
5474
5563
5451
5411
5225
5167
5247
4991
4885
4877
4827
4864
5050
5175
5332
5403
5544
5379
5325
5350
5355
5409
5305
5176
5264
5143
5082
5048
5118
5150
5030
4903
