1005000
266609
173581
129167
103104
84801
72685
63189
55593
49658
45569
41262
37929
34989
32792
30714
28541
26559
24970
23746
22999
21897
21007
20256
19127
18064
17430
16461
16115
15339
14765
14317
13843
13461
13095
12739
12386
12131
11644
11404
11143
11023
10993
10670
10334
10118
9701
9466
9126
8949
8916
8924
8725
8293
8074
7950
7764
7769
7410
7319
7215
7272
7125
7040
6956
6909
6879
6692
6587
6315
6211
6213
6057
5943
5917
5843
5861
5875
5852
5738
5436
5421
5314
5106
5102
5033
4997
4865
4761
4691
4657
4565
4511
4325
4342
4356
4249
4341
4349
4288
4228
4287
4367
4449
4298
4384
4342
4360
4279
4094
3917
3875
3873
3890
3839
3911
3956
3881
3977
4086
4069
4023
4049
4075
4006
3995
3957
3997
3793
3807
3768
3776
3726
3592
3605
3576
3562
3618
3490
3537
3498
3619
3631
3610
3486
3595
3580
3555
3686
3673
3619
3631
3754
3833
3817
3693
3586
3583
3689
3797
3815
3879
3852
3753
3625
3750
3592
3527
3469
3433
3352
3420
3525
3487
3399
3264
3243
3192
3159
3258
3319
3391
3291
3293
3327
3371
3392
3333
3217
3332
3328
3246
3350
3286
3290
3391
3447
3446
3438
3383
3510
3390
3404
3401
3281
3344
3426
3450
3431
3417
3418
3335
3178
3144
3072
3124
3105
3313
3352
3283
3330
3487
3507
3429
3488
3539
3466
3344
3294
3249
3354
3337
3396
3381
3339
3484
3466
3560
3761
3722
3593
3607
3583
3558
3564
3533
3403
3517
3469
3466
3302
3074
2971
2925
2926
2888
2811
2858
2784
2867
2855
2992
2992
2773
2842
3038
3099
3037
3080
3048
2968
2947
2901
2893
3042
3033
2982
3118
3221
3097
3149
3003
3036
2976
2959
2945
2845
2849
2839
2838
2827
2868
2926
2864
2904
2962
2957
2997
2961
3043
3148
3164
3338
3378
3325
3370
3342
3350
3375
3319
3366
3399
3299
3309
3292
3306
3334
3265
3285
3309
3309
3213
3193
3278
3366
3415
3540
3317
3286
3304
3238
3296
3381
3561
3527
3500
3502
3460
3534
3538
3583
3589
3566
3637
3643
3613
3585
3550
3547
3403
3340
3102
3042
3016
3128
3250
3228
3352
3317
3420
3433
3331
3238
3233
3324
3184
3061
2929
2846
2719
2785
2777
2725
2706
2763
2860
2849
2770
2794
2874
2874
2930
2859
2665
2632
2558
2654
2622
2570
2626
2616
2472
2487
2344
2335
2274
2246
2203
2188
2221
2286
2305
2286
2311
2302
2337
2268
2353
2220
2049
2073
2155
2176
2278
2260
2253
2235
2281
2190
2244
2182
2260
2203
2217
2136
2047
2010
2023
2139
2037
2079
2157
2131
2263
2307
2373
2344
2484
2457
2315
2320
2313
2313
2389
2341
2457
2447
2453
2541
2509
2538
2541
2600
2556
2598
2636
2631
2695
2716
2637
2652
2660
2605
2578
2471
2311
2262
2192
2080
2202
2159
2242
2225
2270
2311
2302
2265
2184
2148
2149
2127
2176
2331
2349
2454
2550
2687
2785
2756
2772
2871
2886
3098
3225
3236
3335
3283
3238
3154
3269
3343
3280
3224
3052
2971
3013
3034
3096
3098
3160
3043
2942
2884
2993
3108
3051
3121
3217
3210
3264
3312
3372
3258
3317
3282
3287
3294
3205
3178
3216
3055
3036
3051
3000
2980
3041
2962
3055
3029
2965
2854
2942
2977
3000
3030
2985
3068
3071
3124
3112
3121
3109
3139
3207
3309
3421
3502
3678
3720
3722
3553
3485
3491
3479
3415
3551
3603
3642
3538
3691
3655
3711
3729
3774
3870
3813
3766
3682
3664
3664
3713
3651
3750
3778
3925
3858
3808
3925
3916
3888
3803
3762
3775
3764
3870
3798
3949
3941
4032
3975
3966
3724
3864
3976
4051
4109
4055
4276
4143
4165
4347
4439
4381
4424
4465
4475
4418
4441
4548
4544
4556
4542
4705
4670
4684
4797
4705
4586
4560
4563
4454
4462
4585
4573
4621
4683
4701
4823
4723
4627
4734
4763
4733
4596
4626
4746
4700
4606
4450
4589
4498
4443
4624
4570
4510
4471
4478
4397
4462
4604
4677
4612
4590
4483
4401
4304
4411
4400
4354
4427
4364
4408
4558
4649
4516
4464
4570
4549
4784
4815
5057
4988
4830
4762
4824
4805
4695
4587
4542
4484
4438
4302
4394
4345
4349
4513
4685
4570
4584
4617
4558
4670
4716
4626
4617
4682
4836
4695
4663
4643
4803
4875
4886
4865
4858
4902
4901
4867
4915
4805
4782
4995
4976
4942
4800
4815
4961
4941
5053
4880
4778
4880
4962
4831
4694
4772
4850
4882
4881
4820
4685
4639
4521
4544
4473
4408
4479
4484
4514
4682
4404
4256
4327
4370
4242
4327
4440
4533
4462
4490
4442
4418
4616
4615
4611
4490
4458
4545
4546
4679
4793
4749
4698
4762
4750
4779
4953
4935
4939
4955
4933
4959
4959
4919
4841
4721
4794
4897
5025
4937
4756
4765
4658
4659
4758
4760
4837
4813
4761
4855
4815
4846
4735
4895
5031
5008
5035
5018
4997
5062
4922
5048
5199
5335
5277
5308
5263
5230
5359
5568
5681
5702
5748
5670
5675
5589
5726
5613
5588
5597
5687
5719
5805
5650
5485
5415
5263
5321
5325
5352
5311
5469
5503
5535
5656
5491
5549
5616
5677
5543
5659
5585
5549
5472
5518
5395
5399
5323
5276
5367
5384
5346
5298
5395
5437
5422
5456
5694
5653
5628
5533
5640
5571
5475
5503
5615
5652
5780
5654
5727
5640
5598
5380
5433
5474
5384
5274
5197
5155
5016
4967
5227
5256
5333
5359
5422
5367
5246
5070
5044
4915
4962
4963
4984
5026
5093
4962
4907
4819
4801
5029
5080
5189
4942
4898
5008
5222
5342
5328
5310
5513
5366
5311
5105
5014
4991
4870
4887
4962
4926
4934
4874
4739
4848
4881
4912
4803
4822
4959
5246
5200
5163
5230
5147
5023
4917
4886
4963
4932
4952
4977
4992
4915
4851
4757
4602
4685
4803
4937
4812
4909
4942
4786
4721
4645
4606
4595
4485
4554
4682
4756
4864
4931
4851
4973
4923
4766
4767
4805
4663
4599
4800
4698
4707
4708
4676
4677
4648
4539
4561
4526
4648
4735
5138
5432
5162
5096
5037
5073
5084
5155
5169
5168
4925
4973
4927
5126
5116
5107
5046
5054
5125
5051
4993
5075
5112
5210
5274
5265
5283
5297
5442
5469
5622
5584
5617
5641
5679
5628
5644
5589
5747
5968
5955
5937
6021
6030
6037
6191
6221
6145
5983
5978
5955
5754
5920
5791
5850
5835
5793
5763
5667
5572
5469
5363
5488
5515
5588
5402
5353
5261
5053
4971
5035
5020
5036
4925
4791
4677
4695
4773
4881
4924
4854
4972
4907
4917
4869
4904
4705
4666
4471
4455
4428
4434
4356
4335
4615
4485
4482
4600
4663
4758
4645
4566
4650
4794
4801
4822
4852
4890
4890
5040
5032
5033
4998
4979
4916
4976
5182
5311
5546
5739
5683
5609
5540
5587
5758
5676
5594
5686
5583
5615
5806
5804
5871
5991
5939
5950
5867
5889
5851
5957
6072
6038
5955
5864
5700
5857
5745
5771
5750
5858
5771
5783
5796
5711
5913
5763
5565
5430
5384
5534
5579
5548
5532
5716
5624
5721
5652
5729
5829
5772
5744
5631
5433
5382
5305
5325
5308
5376
5503
5603
5697
5667
5629
5535
5480
5431
5473
5420
5555
5480
5450
5376
5457
5485
5546
5602
5437
5434
5373
5500
5376
5248
5277
5125
5114
4864
4828
4880
4883
4897
4799
4937
4929
4950
4942
5078
5030
5033
5046
5126
5133
5085
4914
4866
5025
5029
5061
5085
5017
4983
5111
5001
4897
4837
4878
4852
4940
4996
5040
5181
5060
5197
5164
5243
5357
5314
5391
5443
5445
5621
5672
5815
5867
5670
5798
5723
5804
5580
5595
5647
5548
5421
5232
5120
5035
4912
4952
5061
5098
5154
5147
5143
5259
5335
5515
5582
5592
5651
5602
5752
5784
5768
5911
5929
5863
5767
5791
5820
5889
5885
6001
6053
6208
6180
6182
6111
6182
6288
6231
6171
6037
6013
6071
6099
5853
5848
5766
5775
5822
5828
5807
5733
5749
5775
5620
5597
5701
5719
5873
5957
6058
6134
6096
6108
6091
6160
6134
6052
6091
6192
6316
6321
6267
6185
6153
6425
6619
6500
6455
6551
6490
6507
6652
6613
6488
6461
6721
6661
6734
6701
6648
6648
6470
6476
6628
6746
6677
6472
6290
6393
6484
6360
6269
6246
6397
6371
6268
6431
6323
6269
6145
6348
6407
6374
6284
6066
5990
6123
5923
6058
5995
6094
6052
6042
5919
5992
5790
5741
5840
5889
5772
5894
5943
5915
5863
5787
5555
5592
5623
5612
5492
5537
5418
5425
5315
5207
5176
5061
4989
4895
4996
4846
4755
4686
4542
4549
4552
4709
4596
4739
4869
4791
4779
4646
4611
4661
4800
4851
4880
5005
5110
5040
5282
5301
5328
5301
5332
5445
5181
5235
5439
5454
5410
5552
5594
5550
5554
5411
5528
5654
5648
5631
5632
5691
5533
5490
5370
5318
5252
5257
5228
5332
5434
5483
5451
5413
5441
5338
5432
5382
5456
5478
5587
5548
5456
5544
5685
5711
5659
5696
5555
5493
5438
5613
5562
5751
5828
5659
5547
5496
5501
5444
5612
5564
5467
5366
5480
5689
5541
5552
5596
5648
5711
5863
5787
5995
5950
5897
6047
6061
6027
6087
6223
6337
6314
6339
6304
6228
6235
6124
6033
6024
6033
6122
6167
6334
6393
6409
6364
6435
6426
6492
6523
6588
6553
6450
6494
6569
6750
6891
6835
6672
6490
6705
6763
6816
6887
7093
7096
7057
6942
7075
7104
7186
7378
7223
7087
6961
7015
6981
6941
6860
6772
6987
6897
7043
6873
6834
6672
6575
6623
6840
7013
7196
7210
7404
7506
7384
7432
7560
7693
7510
7448
7262
7332
7293
7163
7128
7014
7298
7098
7050
6867
6849
6853
6872
6804
6724
6818
6812
6836
6695
6727
6750
6786
6649
6737
6750
6635
6428
6512
6567
6723
6586
6482
6380
6489
6646
6702
6642
6757
6864
6930
6929
7179
7133
7129
7047
7013
6819
6798
7006
6769
6642
6602
6594
6531
6672
6687
6765
6831
6912
6823
6997
6965
7066
7101
7151
7169
7234
7166
7157
7421
7176
7060
7089
7240
7287
7323
7062
7010
6808
6820
6900
6811
6720
6478
6432
6413
6330
6202
6328
6231
6452
6379
6279
6106
6331
6412
6481
6477
6531
6514
6635
6724
6709
6738
6663
6495
6447
6559
6639
6769
6822
6643
6589
6608
6627
6511
6727
6916
6803
6608
6489
6404
6382
6340
6424
6474
6355
6384
6194
6168
6063
5933
5886
5750
5832
5908
5984
6074
6095
5971
5860
5871
6059
6104
6111
5988
6106
6189
6208
6285
6317
6266
6311
6150
6357
6407
6387
6192
6278
6061
6170
6107
6174
6162
6098
6051
5976
6136
6152
5906
5807
5908
5976
6018
5884
5825
5829
5731
5562
5469
5463
5666
5779
5930
5896
5777
5847
6035
6097
5977
5920
5952
5792
5841
5725
5814
5831
5874
5958
5968
5904
5961
5935
6087
5975
5944
5892
5914
5974
5890
5933
6050
6109
6094
5942
5873
5643
5482
5418
5559
5589
5569
5571
5555
5713
5664
5584
5620
5574
5596
5647
5766
5830
5886
5672
5927
5933
5937
5821
5819
5755
5752
5754
5712
5714
5804
5835
5925
5785
5617
5574
5503
5284
5389
5316
5376
5387
5428
5568
5685
5675
5703
5748
5781
5691
5537
5606
5451
5501
5488
5372
5386
5417
5402
5362
5363
5499
5480
5457
5370
5529
5441
5487
5561
5542
5646
5675
5737
5681
5621
5450
5533
5523
5662
5689
5709
5896
5862
5903
5784
5718
5704
5767
5853
5817
5873
5900
5766
5718
5661
5763
5795
5642
5591
5620
5561
5577
5427
5561
5600
5434
5438
5408
5438
5697
5749
5572
5482
5377
5238
5183
4970
4846
4947
5037
5028
5248
5167
5374
5268
5338
5250
5234
5308
5155
4976
5074
4967
5034
5067
5214
5169
5098
5218
5303
5256
5324
5371
5232
5274
5350
5400
5289
5443
5528
5364
5401
5285
5353
5310
5268
5202
5192
5055
4975
4922
4941
5043
5134
5175
5318
5038
5171
5210
5071
4922
4832
4761
4738
4711
5036
5043
5051
5303
5391
5496
5588
5685
5643
5782
5795
5675
5653
5769
5933
5972
5949
6004
5891
5798
5908
5992
5986
5959
5904
6054
6105
6113
6169
6228
6227
6141
6044
6161
6173
6274
6368
6298
6467
6456
6412
6337
6080
6053
5946
6055
5956
6042
5923
5968
5974
5999
5857
5898
5777
5780
5576
5472
5677
5615
5773
6006
5954
5861
5737
5484
5697
5769
5682
5521
5445
5284
5370
5423
5434
5374
5350
5209
5168
5279
5242
5187
5124
5356
5396
5509
5597
5624
5522
5455
5364
5473
5507
5404
5168
5210
5102
5090
5256
5238
5146
5356
5332
5374
5243
5382
5298
5256
5259
5315
5451
5538
5515
5403
5451
5499
5469
5476
5355
5601
5758
5655
5759
5584
5571
5540
5543
5449
5503
5471
5619
5484
5366
5322
5264
5372
5371
5301
5193
5239
5202
5108
4947
5136
5285
5206
5214
5212
5095
5216
5300
5168
5288
5396
5404
5454
5528
5640
5768
5810
5822
6013
5906
5952
6079
6131
6100
5835
5867
5887
5821
5765
5798
5816
6006
6011
5912
5942
6047
6060
6039
6027
5973
6129
6189
6164
6145
6040
6163
6276
6310
6331
6169
6261
6347
6488
6580
6708
6903
6916
6929
6795
6669
6668
6820
6750
6638
6717
6690
6620
6666
6736
6634
6436
6464
6720
6616
6708
6604
6626
6808
6918
7092
7121
7094
7233
7140
7167
7218
7013
6944
6853
6726
6782
6772
6954
6791
6826
7053
7048
6989
6972
6801
6860
6713
6847
7022
7324
7282
7325
7179
7281
7258
7316
7307
7309
7182
7076
7059
7147
7258
7093
7039
7064
7138
7017
6928
6907
6958
7134
6912
6846
6961
6772
6927
6873
7027
6942
7000
6987
6872
6787
6841
6818
6637
6597
6577
6623
6812
6950
7115
7061
7341
7319
7469
7545
7497
7688
7539
7377
7267
7117
7139
7088
7036
6982
6830
6877
6913
6961
6870
6982
7156
6931
6949
6908
6870
6793
6814
6545
6329
6270
6183
5909
6024
6044
6039
5899
5891
5827
5766
5573
5445
5539
5351
5501
5497
5503
5477
5271
5410
5398
5383
5362
5591
5726
5941
6047
6156
6181
6163
6152
5962
6123
5948
5836
5850
5639
5712
5756
5687
5768
6035
5913
5833
6010
5940
5941
5749
5660
5719
5820
5927
5993
5984
6164
6295
6144
6097
6178
6185
6331
6321
6323
6143
6225
6251
6107
5983
5808
5828
5902
5920
5834
5648
5472
5571
5464
5364
5184
5126
5007
5025
5096
5149
5138
5037
4864
4933
4925
5029
5232
5227
5188
5317
5206
5298
5220
5184
5141
5147
5154
5220
5156
5126
5292
5199
5338
5375
5458
5438
5471
5459
5420
5229
5184
5064
5262
5349
5285
5188
5151
5140
5043
4841
4950
4899
4929
5116
5038
4954
4956
4923
4938
4956
4893
4929
4929
4755
4607
4600
4641
4616
4614
4719
4694
4690
4653
4600
4596
4564
4603
4648
4970
5044
5043
5153
5364
5017
4951
4864
4901
4783
4893
4868
4638
4505
4613
4625
4654
4858
4783
4673
4738
4769
4818
4776
4909
5098
5211
5343
5373
5336
5337
5240
5341
5264
5246
5208
5208
5293
5360
5314
5253
5197
5263
5258
5263
5308
5495
5384
5349
5265
5400
5452
5380
5284
5269
5379
5466
5564
5493
5563
5425
5478
5272
5289
5248
5225
5388
5385
5377
5394
5473
5512
5547
5521
5507
5491
5442
5742
5721
5622
5755
5846
5891
5836
5748
5721
5798
6034
5974
5836
5716
5733
5669
5384
5304
5194
5146
4924
4969
4977
5018
4925
4915
5073
5216
5206
5193
5167
5287
5223
5212
5255
5153
5209
5175
5189
5179
5168
5380
5494
5504
5510
5421
5433
5457
5365
5417
5619
5744
5762
5720
5814
5870
5953
5964
5954
6098
6086
5954
5936
5899
5810
5820
5758
5824
5929
5907
5948
5968
6001
5841
5987
5965
5710
5849
5860
5884
5833
5719
5572
5512
5472
5421
5327
5354
5402
5535
5452
5327
5433
5387
5396
5228
5227
5175
5057
5014
4905
5172
5259
5204
5027
5146
5122
5202
5332
5447
5424
5606
5656
5573
5671
5799
5825
5727
5639
5609
5603
5623
5577
5650
5734
5833
5874
5926
6049
6079
6201
6267
6170
6264
5994
5995
6077
6031
6034
6037
6204
6283
6438
6325
6362
6468
6626
6375
6500
6337
6388
6363
6292
6064
6209
6110
6073
6013
6078
5882
5810
5953
5927
6071
6120
6085
6155
6186
6199
6159
6145
6029
5957
6101
6053
5984
6121
6103
5926
5987
5879
5922
6061
5978
5829
5750
5440
5734
5658
5616
5726
5563
5605
5340
5450
5257
4933
4781
4807
4697
4661
4616
4779
4556
4695
4781
4745
4824
4669
4735
4845
4700
4902
5034
4919
5028
5062
5056
5126
5203
5348
5261
5444
5683
5708
5702
5684
5597
5652
5612
5630
5657
5543
5493
5516
5597
5649
5793
5761
5730
5741
5678
5708
5801
5901
5939
6024
6014
6063
6071
6221
6309
6352
6364
6541
6413
6723
6703
6564
6613
6727
6737
6959
7096
6801
6975
6908
6997
6876
6910
6755
6705
6703
6784
6740
6788
6775
6597
6682
6672
6662
6658
6672
6477
6279
6362
6558
6488
6366
6458
6559
6400
6475
6509
6639
6600
6286
6320
6239
6180
6253
6448
6684
6586
6604
6508
6579
6749
6536
6628
6533
6238
6180
6234
6247
6203
6024
6031
5988
6009
6138
6402
6526
6472
6577
6555
6745
6813
6971
6872
6932
6758
6750
6776
6671
6581
6757
6608
6546
6408
6474
6444
6367
6069
6156
6078
5965
5902
6006
6017
6136
6139
6138
6107
6089
5912
5902
6039
6047
6058
6125
6152
6052
6070
5827
5798
5827
5786
5768
5641
5584
5499
5660
5657
5797
5775
5802
5936
5864
5850
5806
5952
6050
6133
5976
6092
6054
6179
6172
6200
6134
6435
6443
6378
6440
6477
6496
6593
6468
6383
6446
6466
6562
6481
6608
6464
6516
6409
6268
6225
6143
6135
6120
6094
6105
5982
6018
5894
5836
5914
5946
5799
5905
6023
5851
5890
5849
5938
6089
6198
6102
6086
5986
5977
6113
5934
5779
5721
5562
5645
5490
5507
5456
5428
5505
5680
5645
5698
5646
5565
5332
5327
5337
5425
5350
5506
5704
5854
5851
5913
6079
5912
5987
6054
6098
6153
5999
6059
6177
5965
5909
5820
5627
5511
5560
5533
5443
5457
5460
5588
5522
5512
5653
5596
5811
5785
5777
5561
5601
5457
5352
5478
5525
5475
5458
5437
5530
5564
5553
5722
5727
5578
5595
5540
5726
6117
6101
6118
6067
6091
6032
5988
5864
5997
6100
6043
6226
6265
6213
6195
6193
6412
6426
6410
6299
6308
6099
6017
6240
6331
6401
6368
6373
6476
6475
6503
6575
6463
6545
6436
6479
6464
6380
6586
6548
6621
6597
6366
6588
6676
6613
6659
6623
6674
6845
6860
6963
7117
7408
7627
7505
7511
7638
7697
7619
7662
7736
7796
7612
7368
7344
7427
7405
7340
7269
7269
7185
7058
6934
6941
6847
6846
6751
6775
6559
6486
6393
6361
6556
6601
6561
6466
6565
6612
6694
6618
6692
6648
6542
6426
6369
6370
6530
6529
6656
6694
6832
6738
6931
7138
7125
7125
7178
7234
7116
7095
7142
7084
7075
7029
7046
6996
7139
7098
7115
6896
6993
7119
6971
7017
7104
7147
7083
7114
7161
7290
7313
7339
7373
7375
7305
7264
7209
7269
7330
7355
7517
7351
7355
7241
7188
7224
7019
7042
7072
7210
7193
7247
7369
7365
7412
7235
7218
7271
7458
7554
7561
7529
7377
7508
7500
7201
7135
7328
7519
7411
7281
7179
7202
7312
7308
7486
7374
7238
7215
7245
7197
7231
7131
7096
7068
7086
6932
7045
6899
6803
6814
6971
7029
7096
7092
7179
7281
7307
7253
7105
6929
6856
6730
6703
6644
6783
6763
6647
6697
6676
6490
6634
6770
6834
6974
7054
7001
7088
6962
6885
7149
7118
7013
6941
6990
6656
6699
6713
6490
6522
6390
6363
6375
6359
6355
6277
6190
6333
6372
6344
6437
6221
6220
6255
6126
6069
6049
5970
6007
6159
6165
6028
5941
5904
5726
5703
5645
5780
5876
5730
5713
5794
5709
5919
5711
5760
5663
5480
5626
5669
5580
5654
5718
5693
5686
5539
5454
5643
5624
5743
6081
6150
6319
6156
6403
6633
6436
6437
6505
6559
6241
6267
6155
6146
5873
5785
5884
5860
5798
5815
5751
5651
5298
5220
5245
5325
5297
5420
5351
5411
5501
5574
5421
5464
5481
5558
5386
5543
5392
5319
5310
5231
5350
5492
5328
5508
5581
5521
5654
5683
5642
5545
5695
5769
5778
5743
5796
5878
5991
5997
6118
6142
6184
6273
6130
6297
6251
6042
6354
6306
6322
6385
6246
6198
6190
6051
6161
6274
5996
6018
5894
5886
5863
5851
5922
5896
6019
6136
6034
5893
5759
5817
5996
5965
5930
6013
6046
6113
6115
5986
6012
6241
6293
6453
6316
6370
6262
6075
6078
5965
5960
5866
5897
5735
5654
5598
5489
5361
5384
5269
5215
5151
5103
5218
5322
5253
5273
5308
5417
5481
5388
5357
5509
5576
5510
5481
5594
5694
5727
5668
5777
5611
5728
5799
5780
5792
5746
5545
5569
5510
5614
5518
5473
5430
5371
5289
5346
5380
5451
5541
5714
5797
5857
5821
5811
5816
5632
5717
5528
5625
5534
5547
5616
5722
5614
5460
5535
5531
5474
5496
5441
5571
5706
5831
5753
5708
5885
5821
5822
5854
5825
5869
5881
5948
5929
6050
5930
5868
5936
5945
5989
6030
6057
6120
6115
5962
6147
6099
5955
5959
5832
5734
5791
5664
5760
5871
5756
5560
5709
5701
5508
5457
5489
5479
5512
5527
5541
5509
5623
5668
5815
5638
5763
5687
5608
5621
5634
5581
5621
5664
5767
5631
5678
5750
5661
5562
5514
5363
5669
5631
5689
5682
5740
5580
5512
5662
5561
5709
5696
5650
5871
6004
6139
6068
6112
6134
5977
6014
5869
5755
5818
5865
5779
5622
5581
5577
5566
5551
5599
5521
5577
5487
5420
5293
5181
5119
5302
5486
5516
5465
5503
5672
5799
5712
5693
5689
5619
5442
5605
5585
5728
5859
5831
5848
5789
5611
5938
6199
6315
6221
6257
6220
6212
6108
6099
6136
6253
6200
6329
6267
6463
6417
6209
5970
5858
5833
5977
5861
5854
5989
5894
6070
6209
6332
6232
6233
6083
6169
6094
6188
6143
5825
6065
6080
6108
6310
6272
6426
6387
6524
6437
6393
6341
6358
6500
6523
6442
6588
6553
6427
6446
6661
6901
6771
6764
6520
6517
6487
6254
6215
6294
6493
6563
6639
6607
6758
6742
6988
6901
7055
7103
7309
7391
7299
7245
7455
7302
7231
7136
7068
7038
7212
7198
7280
7330
7226
7109
7309
7036
7048
7256
7217
7381
7270
7098
7103
7095
7032
6936
7025
6906
7062
7067
6862
6798
6943
7032
7001
6969
7004
6831
6863
6767
6630
6441
6378
6267
6320
5984
6019
6128
6033
6275
6167
6155
6075
6066
6031
6073
6201
6406
6581
6601
6751
6809
6617
6694
6671
6542
6642
6754
6566
6587
6573
6623
6616
6436
6417
6447
6441
6417
6553
6520
6660
6669
6452
6472
6476
6488
6357
6413
6575
6414
6558
6584
6453
6501
6448
6507
6339
6324
6464
6229
6222
6363
6334
6407
6422
6327
6267
6417
6319
6357
6410
6622
6719
6840
6840
6756
6666
6501
6715
6600
6713
6717
6606
6617
6532
6652
6506
6506
6749
6546
6498
6389
6445
6605
6232
6068
6184
6238
6155
6088
6251
6223
6220
6048
5955
5974
6020
6034
5986
5829
5729
5746
5816
5736
5728
5738
5598
5643
5573
5355
5091
5269
5367
5269
5402
5266
5331
5464
5648
5595
5635
5566
5459
5579
5616
5632
5585
5686
5712
5569
5387
5442
5386
5344
5413
5366
5402
5386
5442
5505
5594
5586
5666
5527
5421
5249
5182
5195
5058
5246
5367
5442
5379
5287
5429
5220
5480
5494
5798
5681
5530
5710
5712
5696
5800
5923
5875
5805
5646
5508
5253
5093
5054
5119
5111
5195
5235
5379
5340
5542
5565
5452
5486
5407
5233
5376
5198
5137
5132
5242
5238
5090
5106
5246
5092
5018
4948
5046
4834
4892
4961
5163
5157
5085
5065
5044
4989
4842
4939
4772
4757
4680
4742
4775
4831
4808
4684
4779
4650
4520
4564
4598
4500
4639
4579
4568
4531
4554
4739
4871
5014
5023
4985
5214
5145
5250
5345
5179
5132
5021
5056
5039
5054
4927
4915
5025
5177
5079
5318
5399
5350
5535
5356
5557
5513
5332
5380
5448
5443
5336
5234
5340
5375
5445
5385
5319
5243
5114
5188
5129
5346
5395
5390
5499
5420
5401
5543
5378
5582
5645
5731
5946
5978
5836
5650
5715
5590
5335
5418
5578
5547
5584
5592
5702
5990
5910
5877
5775
5866
5941
6052
5849
5739
5648
5689
5679
5670
5676
5811
6026
6160
6259
6413
6242
6204
6230
6292
6384
6233
6430
6378
6388
6421
6419
6504
6720
6593
6762
6717
6684
6637
6634
6596
6519
6401
6414
6561
6720
6460
6595
6625
6629
6694
6553
6476
6354
6120
6205
6122
6079
5924
5896
5744
5795
5864
5751
5822
5940
5965
6051
6209
6304
6375
6232
6278
6203
6146
6298
6324
6470
6472
6399
6481
6506
6503
6627
6703
6937
6884
6739
6587
6612
6726
6689
6644
6636
6688
7026
7108
7215
7158
6953
6895
6900
6795
6813
6743
6603
6866
6807
6749
6625
6838
6739
6885
6675
6763
6688
6729
6726
6488
6427
6621
6505
6446
6551
6381
6543
6403
6224
6167
6156
6305
6446
6247
6405
6364
6581
6619
6492
6370
6338
6373
6268
6185
6224
6210
6280
6128
6173
6414
6481
6475
6497
6484
6345
6488
6591
6605
6598
6554
6338
6484
6593
6614
6575
6348
6489
6563
6514
6419
6567
6558
6636
6639
6565
6677
6660
6787
6733
6822
6638
6535
6602
6423
6124
6213
6156
6243
6229
6393
6403
6555
6358
6283
6171
6031
5955
5963
5884
5977
5883
6023
5978
6017
5979
6121
6003
6010
6003
5830
5918
5987
6017
5977
6081
6133
6163
6152
6394
6511
6430
6459
6353
6410
6339
6460
6501
6370
6368
6270
6368
6459
6325
6282
6341
6200
6113
6145
6303
6365
6293
6225
6043
6027
6041
6054
6179
6080
6037
6179
6195
6210
6229
6147
6166
6200
6151
6222
6193
6134
6167
6208
6090
6107
6193
6117
6226
6398
6218
6056
6197
6143
5976
5954
6030
6016
6190
6267
6303
6295
6299
6123
6175
6224
6206
6266
6187
6157
6122
5972
5818
5750
5887
5792
5716
5698
5738
6022
5982
6037
6071
5840
5977
5989
5966
6006
5982
5839
5940
5786
5781
5849
5884
5930
6067
6062
6114
6126
6122
6318
6257
6330
6295
6180
6271
6299
6199
6322
6418
6474
6316
6468
6453
6603
6857
7038
7172
7281
7426
7281
7119
7067
7058
7244
7377
7323
7245
7419
7436
7367
7587
7454
7424
7486
7407
7417
7303
7227
7340
6999
7034
6924
6863
6823
6740
6796
6746
6515
6598
6858
6866
6871
6782
6601
6519
6563
6566
6513
6412
6278
6180
6275
6427
6343
6452
6494
6470
6512
6493
6761
6736
6636
6700
6698
6660
6904
6898
6775
6671
6760
6768
6810
6838
6958
7064
7284
7358
7497
7485
7318
7202
7110
7214
7197
7066
6986
6832
6795
6864
6881
7020
6929
7051
7060
7155
7152
7151
7317
7415
7571
7553
7713
7541
7469
7405
7352
7537
7516
7490
7339
7504
7579
7740
7853
7794
7982
7823
7824
7843
7773
7660
7709
7703
7656
7702
7411
7611
7538
7485
7328
7393
7398
7255
7152
7039
7068
6808
6764
6959
6933
7004
6865
6959
7198
7026
7224
7120
7084
7134
7039
7082
6988
6974
7050
7075
7066
7114
6965
6860
6739
6924
6799
6702
6714
6714
6771
6907
6799
6910
7037
6839
6846
7042
6986
7074
6947
6862
6865
6697
6789
6964
7008
7134
7037
7172
7225
7145
7143
7077
6940
7012
7027
7021
7131
7174
7021
6972
6987
6968
7096
6850
6886
6882
6920
6945
6999
6866
6907
6831
6777
6629
6514
6575
6686
6764
6741
6751
6812
6697
6691
6629
6655
6697
6671
6448
6651
6667
6594
6329
6288
6268
6192
6143
5920
6099
6113
6276
6314
6294
6253
6474
6522
6627
6862
6767
6801
6555
6734
6926
7078
7290
7394
7406
7503
7521
7543
7380
7520
7495
7734
7713
7662
7722
7679
7567
7407
7381
7537
7473
7552
7666
7609
7543
7359
7454
7399
7570
7800
7719
7960
7924
8112
8250
8077
8024
7860
7954
7917
7834
7806
7838
7625
7709
7950
8076
8038
7990
8120
8035
8030
8129
8297
8366
8384
8268
8195
7980
8271
8391
8247
8231
8451
8425
8515
8635
8764
8731
8500
8731
8867
8741
8640
8627
8484
8412
8569
8623
8634
8492
8549
8548
8564
8596
8635
8639
8553
8503
8362
8147
8360
8375
8565
8284
8209
8198
8099
8231
8382
8332
8415
8481
8501
8581
8715
8530
8686
8788
8896
8989
8925
8940
8612
8578
8441
8332
8153
8167
8071
8251
8085
8266
8170
7907
7903
8031
7871
7794
7625
7675
7628
7625
7631
7928
8005
7871
7905
8072
7988
7842
7833
7645
7879
7821
7814
7843
7879
8007
8018
7816
7446
7516
7458
7346
7266
7100
6908
6973
7127
7058
7061
7083
7135
7141
7039
7079
7202
7432
7398
7372
7354
7267
7210
7153
7043
7023
7016
7011
7139
7266
7291
7123
7141
7005
7044
6913
6795
6904
6876
6800
6681
6627
6646
6640
6502
6647
6576
6283
6229
6147
6228
6348
6377
6503
6577
6843
6896
6828
6932
6867
6954
7047
7043
7100
7037
6949
7014
6987
6780
6869
6907
6631
6618
6707
6835
6563
6682
6593
6638
6519
6507
6340
6277
6215
6114
6129
6088
5994
5828
5886
5967
5794
6018
5976
6094
6114
6264
6250
6195
6375
6356
6346
6255
6380
6415
6541
6504
6438
6540
6369
6314
6607
6667
6640
6569
6564
6537
6279
6204
6340
6274
6205
6272
6457
6497
6592
6839
6763
6683
6921
6809
6849
6926
6768
6703
6789
6792
6933
6983
7000
6891
6977
7048
7095
7034
6843
6774
6735
6749
6742
6684
6892
6988
6980
7026
7118
6942
6822
6723
6759
6816
6976
7018
7054
7063
7115
6940
6795
6743
6464
6494
6379
6462
6484
6365
6389
6309
6262
6201
6346
6281
6128
6024
6012
5876
5814
5905
5901
5841
6003
5900
6077
6098
6108
6123
6100
6161
6196
6282
6253
6263
6268
6199
6164
6227
6051
6022
5998
6004
6068
6219
6157
6095
6127
5932
6120
6193
6371
6378
6401
6351
6299
6271
6058
5964
5832
5897
5745
5530
5520
5640
5514
5623
5703
5723
5726
5693
5507
5396
5474
5404
5464
5643
5518
5439
5472
