1005000
267726
174000
128995
102647
84084
71689
62375
54976
48930
43528
39668
36931
34214
31972
29429
27815
26188
24745
23627
22543
21834
20624
19735
18842
18360
17803
17212
16696
16124
15288
14622
13952
13521
12981
12379
11879
11745
11593
11220
10716
10462
9926
9644
9463
9234
9160
8780
8598
8449
8305
8220
8125
8078
7989
7857
7779
7662
7612
7355
7478
7592
7456
7256
7308
7433
7364
7107
6640
6361
6416
6456
6525
6362
6334
6233
6098
5972
5910
5920
5774
5678
5552
5328
5320
5173
5061
5176
5201
5197
4980
4928
4950
4929
4902
5004
5026
5035
5109
5122
4947
4972
4763
4598
4478
4435
4389
4349
4288
4277
4186
4240
4289
4338
4256
4299
4357
4299
4365
4352
4245
4203
4323
4272
4361
4306
4097
4103
4176
4146
4112
3940
3879
3841
3820
3927
3830
3877
3855
3902
3845
3923
3937
3784
3790
3735
3833
3994
3854
3831
3843
3942
3956
3794
3726
3638
3617
3604
3623
3732
3615
3499
3519
3617
3646
3635
3589
3534
3570
3607
3391
3465
3340
3395
3426
3422
3437
3528
3425
3429
3368
3236
3289
3385
3380
3399
3319
3211
3258
3150
3137
3150
2899
3031
3189
3073
3062
3076
3010
3018
3108
3134
3307
3240
3282
3258
3307
3386
3274
3184
3181
3115
3047
3107
3040
3142
3088
3006
2863
2865
3006
3087
3097
3016
3028
2910
2818
2798
2722
2679
2760
2835
2723
2680
2623
2658
2589
2500
2403
2353
2354
2398
2454
2460
2445
2359
2322
2332
2338
2263
2285
2124
2128
2092
2085
2053
2106
2076
2032
2067
2040
2067
2080
2061
1968
1983
1969
2007
1971
1911
1911
1935
1924
1962
1927
1897
1806
1740
1742
1722
1758
1849
1819
1818
1859
1823
1839
1828
1858
1862
1826
1810
1795
1827
1750
1638
1575
1624
1720
1830
1714
1762
1932
1890
1938
1836
1813
1716
1695
1704
1642
1727
1798
1821
1887
1866
1974
1911
1893
1848
1854
1954
1989
1878
1893
1869
1911
1938
1872
1935
1975
1856
1785
1756
1818
1812
1896
1861
1854
1843
1849
1791
1810
1779
1767
1851
1803
1854
1915
2059
2039
2002
1992
2031
2074
2091
2223
2128
2150
2158
2137
2151
2189
2221
2185
2223
2194
2247
2415
2410
2312
2361
2329
2170
2142
2127
2140
2115
2136
2183
2257
2344
2415
2505
2421
2467
2490
2477
2394
2380
2430
2380
2325
2350
2239
2154
2132
2079
2119
2160
2088
2124
2076
2064
2093
2073
2044
2010
2043
1987
2043
2056
1995
2038
2053
2130
2258
2245
2280
2151
2084
2092
2112
2070
2098
2160
2151
2157
2205
2175
2163
2176
2253
2338
2464
2365
2521
2563
2698
2731
2684
2634
2652
2735
2735
2633
2698
2621
2612
2586
2464
2424
2323
2328
2225
2178
2159
2100
2004
1945
1911
1881
1848
1846
1852
1884
1840
1854
1774
1855
1842
1745
1759
1633
1651
1587
1644
1654
1663
1686
1623
1564
1504
1503
1455
1437
1522
1471
1414
1404
1507
1501
1536
1570
1503
1482
1437
1510
1605
1557
1551
1509
1537
1578
1522
1545
1624
1617
1770
1836
1822
1810
1914
1905
1895
1783
1843
1846
1791
1899
1945
1917
1846
1803
1678
1719
1662
1667
1633
1653
1614
1614
1675
1656
1687
1756
1773
1753
1735
1719
1650
1672
1704
1779
1832
1929
1983
1836
1839
1776
1792
1698
1731
1770
1788
1713
1674
1721
1663
1687
1662
1668
1470
1467
1566
1587
1509
1516
1488
1578
1644
1674
1752
1680
1684
1593
1521
1641
1591
1656
1668
1709
1666
1653
1704
1683
1741
1732
1814
1743
1773
1809
1818
1947
1923
1894
1879
1947
1882
1935
1959
1917
1956
1924
1959
1911
1897
1881
1842
1938
1894
1983
1962
1978
1924
1954
2005
2053
1948
1965
2004
2031
2047
2116
2142
2026
2068
1969
1927
1870
1858
1929
1882
1836
1837
1738
1747
1779
1931
1998
2046
2119
2196
2253
2283
2312
2337
2420
2505
2504
2577
2661
2694
2655
2614
2573
2571
2413
2381
2439
2348
2347
2361
2351
2366
2247
2202
2176
2189
2230
2284
2331
2301
2262
2310
2357
2205
2178
2162
2184
2107
2145
2067
2043
2101
2139
2230
2214
2214
2271
2339
2352
2295
2238
2172
2231
2156
2208
2145
2223
2214
2271
2358
2382
2309
2326
2307
2239
2256
2176
2147
2124
2202
2212
2121
2042
2020
2010
2025
2127
2084
2090
2121
2137
2184
2243
2202
2293
2316
2361
2257
2317
2399
2482
2493
2373
2310
2313
2284
2397
2352
2431
2464
2497
2481
2419
2416
2400
2522
2630
2683
2602
2650
2654
2702
2704
2630
2680
2724
2694
2691
2844
2812
2775
2736
2746
2801
2891
2859
2791
2898
2823
2829
2888
3001
3062
2919
3008
3052
3114
3072
2941
2993
2904
2920
2799
2879
2877
2888
2851
2913
2801
2868
2847
2871
2871
2912
3055
3216
3106
3188
3337
3334
3384
3511
3503
3590
3421
3398
3374
3528
3628
3578
3601
3475
3584
3470
3522
3442
3376
3384
3490
3439
3528
3632
3594
3662
3693
3707
3727
3636
3780
3701
3773
3802
3872
3805
3592
3576
3574
3493
3576
3588
3524
3601
3667
3618
3577
3641
3602
3545
3576
3615
3495
3591
3520
3520
3603
3496
3411
3528
3677
3585
3543
3666
3629
3782
3803
3824
3928
3999
4032
4119
4096
4079
4151
4000
3937
4025
4032
4057
4063
4002
3992
4018
3983
3958
3909
3914
3917
4091
4285
4353
4553
4569
4546
4657
4728
4838
4967
4814
4882
4864
4947
4973
5091
5189
5246
5253
5422
5371
5471
5579
5605
5564
5613
5603
5605
5714
5695
5574
5567
5578
5885
5848
5820
5804
5871
5809
5818
5806
5693
5545
5517
5390
5277
5219
5268
5223
5290
5342
5265
5107
5089
4945
5033
4841
4681
4653
4672
4740
4622
4690
4866
4866
4896
4969
5084
5085
5089
5132
5017
4961
4990
5017
4991
5010
5138
5180
5288
5297
5181
5220
5337
5271
5272
5224
5116
4877
4887
4928
5032
5140
5196
5354
5361
5324
5484
5517
5576
5589
5749
5774
6035
6068
6031
6170
6116
6177
6186
6304
6313
6371
6144
5976
6018
6089
5998
6164
6121
6096
6083
6067
6142
6272
6161
6139
6195
6539
6693
6663
6404
6264
6286
6165
6181
6345
6296
6430
6189
6277
6218
6221
6164
6047
6135
6175
6307
6106
6005
5968
5794
5813
5737
5865
5884
6076
6068
6014
6036
6139
6243
6287
6271
6321
6089
6028
5909
5918
5923
6000
6040
6042
6018
6030
5898
5914
5673
5495
5510
5534
5490
5398
5389
5380
5314
5317
5285
5311
5228
5258
5277
5141
4985
5109
5058
5148
5060
5091
5207
5303
5181
5192
5265
5148
5081
5077
5051
5016
4999
4864
4894
5020
5213
5114
5186
5351
5321
5187
5281
5367
5374
5465
5569
5422
5458
5632
5457
5554
5503
5348
5365
5338
5369
5243
5373
5355
5181
5294
5335
5353
5359
5322
5352
5318
5402
5457
5202
5194
5132
5269
5133
5032
5184
5377
5442
5324
5294
5328
5446
5660
5771
5712
5597
5663
5637
5542
5514
5544
5568
5687
5505
5541
5558
5489
5614
5480
5246
5358
5397
5360
5242
5142
5179
5234
5272
5196
5287
5419
5392
5215
5368
5311
5160
5189
5257
5180
5205
5071
5208
5241
5270
5442
5557
5661
5744
5820
5626
5489
5507
5445
5348
5562
5287
5180
5171
5272
5121
5164
5227
5101
5076
5229
5194
5161
5042
5083
5127
4972
4927
4999
4909
4985
4699
4697
4647
4626
4758
4762
4809
4992
4914
4887
4882
4897
4857
4914
4902
4860
4844
4931
4795
4896
4835
4802
5171
5343
5641
5417
5537
5567
5599
5669
5616
5617
5591
5553
5435
5234
5224
5365
5381
5515
5490
5547
5477
5643
5615
5745
5890
5891
5930
6001
6009
6012
5823
6031
6089
5957
5923
5952
6009
6132
6260
6268
6376
6249
6213
6136
6367
6447
6610
6483
6480
6538
6544
6637
6654
6567
6622
6764
6694
6414
6139
6030
6053
6152
6141
6337
6200
6205
6102
6058
6133
6214
6277
6380
6353
6242
6496
6610
6585
6523
6676
6424
6228
6067
6120
6088
6023
6073
6115
6022
5817
6045
6010
6092
6142
6081
5971
6057
6175
6077
6151
6071
6256
6296
6135
6134
6158
6277
6271
6327
6339
6331
6346
6328
6291
6225
6059
6067
6098
6105
6112
6024
5995
6039
5949
5989
5959
5828
5775
5605
5685
5431
5206
5103
5025
5137
5082
5108
5056
5167
5066
5188
5255
5160
5306
5305
5432
5400
5354
5160
5266
5291
5182
5165
5150
5244
5237
5086
5093
4968
5078
5092
5240
5149
5048
5003
5074
5004
5081
5010
4928
4952
5011
4945
5059
5044
5084
5062
5133
5208
5420
5284
5377
5396
5419
5442
5418
5167
5202
5235
5259
5170
4993
5101
5153
5176
5380
5527
5577
5267
5271
5326
5429
5549
5605
5392
5443
5543
5427
5407
5467
5483
5481
5586
5691
5673
5691
5618
5477
5591
5504
5530
5476
5567
5392
5455
5526
5749
5914
6048
6074
6051
6113
6397
6148
6216
6238
6201
6330
6336
6231
6183
6180
6028
5962
5985
6084
6041
6115
5982
6117
5995
6031
6117
6053
6125
5953
5930
6009
6008
6113
6089
6184
6251
6431
6649
6558
6366
6297
6405
6565
6691
6565
6645
6614
6720
6752
6769
6715
6694
6723
6845
7060
6893
6789
6746
6765
6849
6974
7007
6832
6795
6948
6861
6983
6976
7100
6958
6870
6918
6793
6862
7086
7009
7165
7064
6957
6799
6614
6677
6713
6701
6661
6894
6842
7108
6965
6887
7162
7202
7159
7088
7085
7333
7111
7338
7350
7293
7423
7446
7426
7522
7647
7517
7470
7452
7533
7493
7423
7576
7619
7669
7483
7534
7532
7557
7551
7588
7618
7668
7638
7548
7261
7307
7349
7192
7180
7193
7032
6923
6879
6907
6938
6881
6972
7044
7017
7005
6988
7067
7317
7477
7484
7193
7282
7261
7297
7211
7111
7076
7065
7166
7210
7302
7265
7163
7125
6927
7079
7089
7202
6955
6978
6907
6999
6999
7239
6965
6780
6527
6428
6526
6696
6879
6773
6799
6796
6586
6409
6423
6386
6395
6545
6360
6571
6610
6468
6483
6366
6480
6435
6433
6528
6506
6590
6632
6711
6828
6822
6761
6699
6633
6742
6639
6716
6485
6541
6622
6670
6786
6759
6743
6709
6683
6677
6642
6623
6497
6551
6630
6487
6623
6738
6681
6553
6521
6304
6387
6278
6325
6400
6472
6605
6889
7089
7084
7006
7098
7057
7179
6967
6994
7156
7076
7119
7200
7067
7169
7131
6961
6968
6961
6827
6899
6870
6986
7186
7490
7740
7726
7644
7702
7782
7768
7844
7701
7730
7873
7828
7773
7685
7593
7507
7484
7586
7571
7631
7629
7425
7455
7361
7216
7156
7316
7310
7253
7454
7516
7504
7336
7188
7162
7031
6939
6906
7022
6837
7070
6960
6740
6953
6785
6699
6801
6989
6967
6810
6915
7065
6971
6942
6993
6904
7005
7156
6991
6945
7163
7042
6850
6996
7025
6959
7007
7089
7018
6915
6973
7051
6940
6776
6841
6796
6749
6760
6641
6707
6697
6699
6790
6849
6819
6815
6910
6931
6964
6851
6950
7046
7270
7344
7468
7448
7315
7287
7295
7340
7342
7300
7167
7169
7329
7429
7457
7485
7574
7499
7529
7619
7418
7385
7436
7385
7243
7141
6992
6867
6754
6801
6705
6834
6749
6731
6808
6828
6762
6991
7001
7077
7174
7137
7091
7215
7202
7161
7252
7337
7349
7313
7181
7122
6979
6857
6839
6774
6764
6956
7046
7126
7084
7100
6866
6736
6509
6544
6508
6392
6277
6271
6157
6257
6263
6204
6279
6395
6355
6302
6284
6101
6134
6227
6146
6303
6438
6529
6427
6538
6537
6433
6397
6220
6008
5938
5962
6063
6038
5967
6025
5987
5967
6073
6047
5930
5999
5901
5932
5893
5800
5854
5844
5795
5889
5955
5739
5526
5490
5497
5443
5529
5509
5409
5407
5347
5439
5592
5708
5768
5899
5756
5773
5536
5647
5742
5717
5739
5891
5756
5769
5718
5476
5444
5409
5405
5346
5357
5281
5141
5132
5152
5202
5094
5107
5133
5102
5032
4856
4875
4796
4828
4898
4785
4792
4625
4720
4706
4665
4544
4647
4600
4543
4696
4557
4620
4589
4683
4907
4881
5037
5047
5098
5185
5170
5321
5341
5227
5133
5174
5145
5142
5204
5309
5281
5240
5130
5098
5263
5147
5340
5532
5571
5544
5524
5614
5800
5812
5796
5786
5851
5807
5850
5854
5916
5909
5765
5676
5703
5857
5814
5935
5830
5838
5711
5742
6094
6080
6062
6058
5989
5920
6040
6203
6076
5910
5727
5856
6029
6010
6012
6013
5981
5967
6063
5945
5804
5792
5815
5893
6040
6191
6353
6336
6333
6425
6565
6799
6781
6503
6758
6639
6621
6549
6253
6185
6209
6278
6402
6465
6408
6359
6287
6318
6488
6399
6290
6213
6069
6145
6036
6008
5894
6012
5784
5635
5658
5737
5721
5830
5872
5795
5794
5778
5576
5701
5470
5218
5280
5444
5460
5553
5518
5395
5528
5554
5564
5570
5647
5745
5716
5416
5443
5418
5560
5581
5485
5543
5430
5413
5374
5491
5465
5501
5508
5501
5522
5610
5644
5566
5601
5601
5477
5506
5506
5468
5493
5397
5332
5309
5551
5498
5317
5359
5334
5397
5439
5494
5457
5453
5348
5420
5214
5250
5267
5213
5308
5392
5298
5228
5336
5381
5311
5535
5388
5400
5402
5445
5408
5480
5576
5495
5449
5592
5674
5741
5877
5625
5575
5796
5897
5951
5850
5822
5624
5634
5535
5421
5560
5677
5537
5709
5731
5611
5599
5759
5751
5740
5739
5847
5913
5890
5885
5779
5975
6041
6209
6151
6165
6287
6374
6581
6527
6410
6295
6224
6012
5917
5852
5927
5851
5679
5882
5965
5690
5735
5711
5654
5570
5591
5503
5432
5612
5579
5602
5646
5698
5610
5690
5709
5723
5692
5587
5557
5490
5508
5621
5669
5623
5800
5675
5633
5677
5626
5750
5630
5954
6207
6120
6078
6181
6087
6039
6129
6072
6214
6030
5925
5878
5866
5838
5963
6257
6222
6274
6353
6235
5979
5836
5935
5838
5945
5840
6018
5994
5938
5971
5893
5986
5991
6202
6210
6308
6305
6446
6495
6587
6554
6477
6628
6681
6688
6691
6814
6688
6674
6841
6734
6696
6677
6583
6578
6659
6573
6581
6666
6811
6688
6734
6718
6658
6647
6731
6872
6789
6861
7089
6947
7157
7275
7328
7155
7319
7559
7676
7746
7944
7816
7911
7997
8252
8427
8480
8518
8508
8496
8543
8466
8374
8074
8230
8172
7876
7820
7802
7795
7849
7711
7482
7328
7117
7240
7176
7197
7109
7313
7450
7397
7476
7396
7309
7320
7480
7537
7594
7581
7462
7457
7388
7348
7377
7115
7130
6972
6897
6777
6805
6655
6551
6597
6577
6421
6483
6497
6502
6528
6565
6760
6960
6930
7188
7115
7171
7185
7372
7334
7501
7277
7313
7298
7321
7289
7271
7136
7119
6923
6863
6891
6813
6938
6886
6985
7066
6949
6829
6841
6482
6610
6554
6499
6392
6738
7085
7136
7266
7206
7349
7256
7229
7212
7117
7089
6764
6768
6793
6603
6652
6808
6642
6727
6646
6656
6503
6556
6598
6638
6744
6679
6789
6733
6590
6592
6689
6942
7124
7070
7217
7134
7061
6852
6585
6721
6770
6630
6511
6568
6637
6527
6730
6765
6945
6914
6841
6707
6633
6880
6980
6984
6915
6907
6823
6850
6553
6432
6458
6584
6829
6913
7056
6910
6841
6944
7034
7099
7108
7426
7444
7345
7418
7365
7411
7575
7587
7518
7497
7463
7467
7369
7305
7282
7084
6988
6824
6595
6683
6602
6501
6578
6384
6546
6686
6684
6560
6503
6502
6457
6358
6404
6473
6705
6608
6581
6586
6539
6382
6328
6233
6295
6303
6368
6286
6312
6196
6188
6346
6403
6348
6199
6105
6222
6026
5987
5849
5818
5747
5745
5463
5406
5250
5304
5337
5440
5529
5563
5561
5521
5657
5642
5503
5632
5678
5577
5489
5540
5491
5402
5471
5366
5240
5191
5051
4916
4886
4779
4929
4824
4797
4715
4792
4821
4960
4923
5014
4895
4949
4989
4945
5006
5134
4969
4792
4996
4959
4920
4848
4747
4861
4804
4758
4659
4436
4478
4525
4702
4631
4724
4964
4871
4776
4815
4678
4767
4831
5000
4972
4922
4785
4624
4508
4552
4531
4466
4468
4411
4361
4458
4639
4578
4697
4706
4719
4655
4621
4508
4398
4466
4393
4297
4098
4126
4237
4165
4320
4440
4379
4212
4283
4373
4502
4434
4458
4427
4399
4419
4382
4454
4469
4477
4639
4601
4642
4743
4754
4815
4805
4839
4940
4858
4796
4898
4908
4991
4910
4996
5092
5036
4884
4743
4571
4476
4458
4336
4487
4589
4621
4536
4644
4702
4714
4704
4697
4846
4881
4772
4785
4909
4656
4690
4804
4858
4906
4831
4762
4696
4623
4672
4862
4912
4831
4820
4861
4824
4779
4826
4594
4580
4560
4640
4647
4711
4901
5046
4976
5104
5028
4905
5018
5068
5100
5186
5345
5273
5185
5132
5004
4902
4852
4954
5043
5134
5335
5354
5265
5323
5161
5217
5071
4981
4983
4969
4807
4864
4773
4823
4859
4903
5138
5127
5018
5007
5084
5076
5230
5059
5099
5200
5300
5313
5422
5467
5544
5735
5852
5708
5750
5784
5760
5758
5879
5946
6155
6121
6099
6231
6273
6138
6314
6346
6179
6345
6540
6629
6736
6774
6836
6656
6555
6646
6555
6501
6338
6186
6016
5943
5852
5847
5598
5540
5481
5442
5438
5391
5447
5402
5179
5048
4739
4560
4540
4752
4828
4738
4586
4630
4565
4553
4481
4540
4449
4342
4398
4337
4441
4480
4508
4453
4434
4331
4292
4402
4397
4416
4502
4577
4634
4596
4558
4561
4634
4683
4871
4910
4792
4703
4703
4746
4793
4909
5057
5068
4999
5061
5039
5122
5006
5026
5017
5069
5108
5010
4996
5036
5049
5125
5274
5406
5364
5354
5349
5225
5369
5347
5256
5390
5303
5304
5319
5267
5387
5411
5293
5317
5236
5348
5395
5453
5347
5483
5622
5568
5598
5637
5498
5473
5460
5485
5338
5598
5756
5728
5740
5765
5854
5866
5970
6149
6043
6002
5915
5735
5479
5334
5246
5168
5150
5323
5320
5300
5186
5305
5290
5381
5427
5532
5492
5787
5900
5829
5724
5880
5884
5957
5974
5994
5842
5651
5509
5533
5507
5681
5624
5696
5613
5647
5684
5650
5807
5828
5786
5629
5647
5425
5548
5607
5458
5534
5558
5494
5645
5640
5656
5753
5839
5649
5783
5821
5888
5687
5643
5669
5638
5666
5675
5819
5711
5542
5538
5504
5460
5530
5492
5441
5498
5368
5482
5511
5463
5438
5400
5533
5430
5517
5532
5601
5722
5613
5569
5541
5627
5811
5723
5736
5811
5955
5944
6052
6029
5949
6172
6258
6096
5860
5768
5660
5592
5660
5670
5779
5746
5658
5534
5558
5452
5426
5684
5820
5811
5612
5565
5499
5610
5564
5796
5783
5629
5683
5776
5739
5915
5827
5793
5796
5574
5621
5723
6035
5872
5960
6074
6299
6255
6422
6348
6427
6323
6238
6180
6066
5933
6149
6041
6101
6074
6009
6214
6351
6246
6356
6414
6341
6133
6195
5937
6178
6270
6304
6383
6368
6498
6555
6626
6733
6574
6645
6565
6446
6409
6387
6251
6240
6182
6177
6083
6068
6089
5970
5970
6123
6109
6311
6332
6480
6297
6260
6474
6527
6615
6417
6448
6309
6425
6309
6314
6342
6187
5987
6298
6131
6053
6176
6154
6031
6044
5902
5802
5925
6063
6076
6171
6322
6217
6219
6128
6206
6120
5983
5952
6065
6075
6042
6065
5936
5712
5695
5518
5689
5573
5558
5701
5512
5502
5608
5533
5694
5708
5763
5863
5903
6023
6061
5874
5757
5763
5822
5774
5869
5829
5911
5866
5919
5882
5872
5875
5800
5892
5941
5856
6077
5990
6158
6113
5964
5938
6000
5875
6106
6342
6298
6371
6630
6881
6970
7110
7268
7175
7215
7161
7139
7005
6987
7170
7215
7189
7246
7265
7159
6852
7078
7034
6857
6879
6866
6834
7046
7034
7062
7193
7333
7331
7206
7286
7327
7657
7621
7475
7516
7600
7694
7505
7628
7537
7769
7812
7740
7710
7682
7641
7682
7596
7228
7189
7199
7270
7421
7622
7727
7787
7797
7876
7940
7827
7889
7808
7702
7627
7389
7268
7153
7112
7090
7039
6772
6600
6619
6676
6706
6742
6669
6777
6888
6829
6585
6529
6305
6349
6441
6440
6291
6065
5974
6118
6047
5991
6059
6148
6080
5989
5872
5607
5602
5516
5653
5693
5698
5776
5624
5660
5639
5586
5684
5664
5577
5515
5368
5319
5307
5262
5418
5646
5764
5656
5732
5816
5622
5637
5635
5805
5683
5662
5828
5818
5939
6060
5822
5960
6051
6027
6177
6185
5881
5940
5864
5920
6157
6217
6243
6054
6112
6203
6243
6106
6207
6127
6123
6046
6007
5963
5936
5983
5911
5937
6071
6099
6128
6141
6335
6319
6285
6349
6360
6280
6213
6394
6444
6478
6512
6493
6299
6281
6388
6310
6308
6136
6436
6421
6426
6332
6191
6136
6039
5965
5922
5942
5879
5868
6037
5943
5913
5937
5727
5650
5825
5915
6131
6283
6296
6123
5926
5903
5870
6046
6029
5828
5826
5949
5957
5959
5999
6028
6167
6149
5915
5921
5958
5792
5602
5859
6015
6137
6096
6031
6019
6064
5980
6030
6004
5991
6249
6148
6266
6306
6323
6464
6322
6203
6145
6027
6114
6186
6313
6373
6407
6321
6131
6183
6103
6245
6129
6039
6171
6093
6041
6001
6081
6023
6020
6159
6302
6333
6340
6374
6241
6196
5962
5909
5828
5762
5581
5600
5560
5505
5598
5671
5611
5525
5563
5479
5493
5345
5205
5275
5491
5640
5744
5733
5585
5637
5767
5753
5675
5514
5520
5413
5411
5407
5339
5304
5355
5428
5334
5313
5305
5347
5467
5417
5601
5588
5720
5815
5763
5720
5738
5648
5629
5628
5558
5562
5564
5757
5810
5892
5940
5864
5938
5927
5890
5781
5688
5577
5544
5375
5094
5043
5229
5320
5436
5381
5308
5263
5066
4990
5131
5207
5361
5445
5560
5466
5463
5357
5421
5421
5555
5665
5574
5484
5532
5451
5336
5507
5512
5450
5377
5444
5532
5657
5684
5875
5804
5751
5815
5705
5661
5758
5681
5708
5648
5902
5971
5866
6030
5958
6028
6252
6199
6158
6118
6068
5918
5762
5581
5795
5846
5856
5756
5809
5724
5789
5669
5641
5750
5689
5799
5857
5780
5862
5826
5867
6060
6069
6142
5999
6057
6031
6128
6045
6049
5970
6011
5999
5929
5970
5991
6015
5939
5806
5776
5731
5530
5497
5419
5516
5494
5416
5359
5448
5438
5491
5637
5757
5686
5622
5660
5752
5667
5490
5498
5421
5358
5412
5288
5558
5759
5852
5856
5809
5758
5591
5603
5639
5501
5204
5311
5217
5308
5382
5383
5564
5722
5709
5702
5857
5967
5929
6008
6041
6134
6172
6181
6152
6236
6238
6323
6363
6274
6282
6176
6288
6313
6328
6323
6152
6025
5911
5703
5793
5772
5795
5808
5935
5949
5864
5876
5924
6027
6244
6218
6043
5785
5751
5585
5467
5512
5581
5661
5672
5599
5496
5454
5314
5298
5432
5291
5231
4891
4849
4923
4788
4986
4870
4870
4930
4889
4850
4838
4974
4882
4763
4669
4521
4429
4500
4496
4594
4505
4579
4484
4495
4523
4496
4354
4389
4356
4357
4304
4325
4339
4436
4365
4372
4461
4330
4417
4531
4656
4645
4805
4744
4679
4568
4609
4776
4752
4694
4910
4936
5173
5139
5070
5168
5084
5043
5138
5122
5169
5194
5216
5195
5205
5191
5164
5019
4932
5008
4912
4805
4807
4818
4724
4588
4465
4552
4589
4776
4970
4887
4971
5021
5079
5140
4960
4817
4856
4846
4923
5079
5231
5184
5199
5251
5148
5127
5262
5441
5599
5623
5739
5795
5816
5749
5666
5564
5701
5641
5686
5759
5766
5913
5961
6127
5980
6107
6056
6190
6179
6332
6340
6357
6663
6761
6840
7026
6900
6935
6788
6737
6723
6793
6929
6758
6596
6563
6388
6650
6651
6603
6644
6530
6311
6280
6184
6128
6105
6090
5990
6038
5882
6047
5786
5639
5608
5671
5603
5727
5795
5795
5858
5815
5747
5593
5525
5427
5585
5469
5501
5527
5480
5334
5457
5387
5350
5291
5359
5054
5094
5059
5114
5127
4997
4836
5078
5155
5085
5141
5226
5165
5019
5166
5103
5243
5036
5043
4993
4989
4933
4995
4970
4918
4840
4881
4966
4946
5156
5173
5142
5152
5205
5081
5112
4955
5097
5013
5042
5119
5143
5165
5284
5378
5328
5323
5516
5476
5388
5424
5295
5251
5294
5252
5238
5312
5206
5177
5031
5030
5105
5161
5155
5130
5132
5144
4899
4991
5090
4974
4898
4832
4931
5076
5048
4911
4913
4985
5073
4969
5009
5052
5051
5048
4981
4997
4920
5143
5071
5192
5082
5059
5091
5130
5170
5184
5136
4999
5110
5123
5003
4975
4976
4907
4889
4884
4771
4608
4618
4760
4826
4710
4769
4822
4803
4776
4667
4661
4710
4539
4587
4614
4619
4753
4849
4934
4948
4886
4815
4914
4778
4891
5054
5045
4952
4776
4997
5038
4981
4864
4992
4915
4932
4996
5070
4970
5024
4877
4785
4769
4801
4833
4927
5015
5088
5084
5399
5361
5494
5485
5400
5288
5387
5472
5349
5165
5111
5049
5254
5454
5327
5327
5551
5690
5490
5699
5744
5885
5945
5935
5894
5821
5711
5771
5734
5690
5695
5708
5644
5688
5405
5478
5549
5539
5387
5404
5404
5388
5536
5623
5623
5518
5693
5713
5585
5480
5535
5581
5624
5492
5446
5327
5464
5463
5624
5565
5449
5370
5334
5508
5522
5414
5436
5587
5502
5526
5595
5692
5755
5508
5801
5693
5805
5992
6104
5924
5901
5911
6016
6179
6021
6096
6160
6146
6215
6122
6157
6104
5957
6038
6094
6165
5895
5933
6181
6172
6030
6055
6041
5848
5943
5955
6096
5981
5991
5934
5960
5961
5891
6039
5882
5793
5969
6167
6106
6012
5875
6011
5765
5627
5748
5758
5840
5702
5690
5477
5528
5274
5381
5253
5402
5221
5242
5276
5259
5066
5156
5182
5157
5122
4974
5088
5079
4878
4954
4980
5166
5171
5087
5024
4998
5085
5193
5139
4982
4997
5129
5035
5091
5120
5011
4975
4986
4991
4867
4752
4647
4716
4721
4879
4894
4891
4916
4912
4967
4889
4960
4976
5042
4971
4953
4966
4738
4691
4828
4749
4603
4608
4486
4523
4436
4415
4522
4508
4512
4464
4566
4510
4633
4751
4718
4806
4830
4911
4972
4988
5030
5202
5139
5339
5312
5110
5306
5382
5352
5313
5256
5152
5142
5082
4830
4856
4669
4614
4620
4723
4716
4755
4774
4890
4794
4843
4780
4730
4641
4680
4698
4820
4860
4812
4698
4779
4780
4853
5039
4965
5158
5065
5144
5193
5189
5191
5068
5051
5199
5365
5371
5255
5276
5328
5279
5304
5253
5072
4952
5033
4960
4997
5050
5037
4927
5009
4998
4945
5113
5190
5370
5279
5328
5254
5141
5156
5013
5193
5179
5271
5264
5242
5220
5288
5273
5123
4925
4898
5026
5160
5269
5240
5192
5206
5264
5121
5291
5410
5345
5441
5392
5310
5397
5698
5640
5460
5458
5344
5147
4750
4721
4698
4571
4604
4483
4497
4488
4561
4526
4571
4747
4735
4612
4627
4718
4606
4549
4601
4445
4399
4461
4311
4308
4255
4361
4312
4328
4198
4217
4259
4151
4147
4357
4301
4429
4420
4446
4463
4507
4419
4373
4460
4481
4483
4541
4644
4674
4653
4776
4629
4687
4709
4725
4685
4722
4485
4421
4447
4347
4345
4527
4487
4487
4610
4633
4791
4713
4595
4656
4553
4635
4724
4709
4638
4516
4511
4554
4597
4616
4665
4647
4658
4689
4677
4511
4540
4348
4296
4344
4322
4411
4580
4749
4793
5009
4984
5240
5457
5285
5454
5457
5347
5320
5432
5325
5449
5517
5759
5804
5730
5764
5779
5814
5790
5670
5757
5722
5676
5556
5621
5673
5614
5554
5694
5594
5468
5425
5329
5218
5166
5088
5088
5100
5108
5298
5220
5121
5121
5120
5102
5168
5020
5004
5038
5006
4856
4776
4834
4849
4690
4701
4758
4726
4708
4828
4936
4901
4928
4928
4944
5028
5016
4909
4639
4694
4688
4844
4849
4990
4916
4821
4724
4736
4619
4651
4727
4779
4878
4960
5035
5153
5088
5247
5419
5385
5364
5287
5245
5226
5136
5186
5475
5350
5366
5325
5386
5251
5262
5110
5180
5103
5247
5202
5340
5327
5527
5560
5479
5330
5326
5354
5134
5308
5300
5078
5059
4972
5038
5114
5060
5058
5052
5081
5153
5216
5152
5192
5116
5198
5258
5219
5022
4887
4735
4656
4573
4359
4474
4492
4382
4252
4258
4184
4241
4357
4197
4274
4229
4128
4116
4003
3932
3861
3842
3745
3800
3667
3694
3679
3718
3610
3644
3576
3675
3607
3663
3613
3678
3725
3818
3903
3842
3811
3731
3648
3596
3599
3681
3660
3606
3588
3732
3797
3849
3914
3858
3933
4003
3916
3875
4050
3983
4123
4157
4000
4211
4117
4158
4115
3995
3883
4099
4064
4102
4158
4017
4113
4248
4305
4326
4373
4399
4484
4437
4387
4279
4157
4097
4248
4312
4338
4282
4338
4394
4347
4400
4416
4543
4652
4810
4809
4828
4654
4578
4692
4537
4601
4624
4655
4702
4841
4748
4832
4858
4927
4983
4820
4802
4753
4824
4820
4742
4864
4907
4728
4846
4858
4958
4996
5059
5108
5355
5515
5535
5334
5486
5547
5496
5568
5500
5543
5556
5697
5712
5755
5613
5504
5515
5606
5630
5686
5713
5631
5761
5817
5603
5644
5625
5737
5615
5589
5665
5766
5881
5842
5919
5845
5720
5684
5657
5560
5629
5602
5608
5464
5493
5587
5585
5624
5412
5365
5255
5142
5164
5280
5270
5274
5389
5412
5477
5623
5511
5615
5655
5747
5778
5963
6000
6049
5884
5884
5792
5676
5648
5593
5507
5568
5494
5676
5685
5738
5852
5966
5942
6024
5989
6012
5897
5728
5614
5591
5590
5546
5828
5960
6025
5846
5795
5662
5558
5516
5504
5607
5530
5506
5492
5384
5354
5307
5262
5307
5545
5495
5519
5700
5761
5771
5818
5783
5756
5955
5901
6108
5941
5764
5626
5498
5422
5546
5588
5358
5344
5296
5268
5143
5046
4932
4789
4735
4774
4623
4604
4511
4515
4574
4416
4485
4577
4702
4830
4766
4814
4935
5030
4985
4915
5007
4960
4803
4798
4770
4897
4929
4911
4809
4748
4742
4752
4705
4709
4611
4675
4615
4548
4527
4420
4434
4386
4419
4287
4341
4239
4360
4295
4208
4178
4091
4032
4011
4043
4112
4012
4138
4064
4131
4105
3892
3919
3918
4004
4004
3956
4031
3978
4099
4273
4330
4416
4480
4536
4466
4584
