1005000
266345
173422
128289
101153
83710
71255
62582
55352
49346
44245
40385
36708
33900
31366
29048
27565
26151
24625
23418
22347
21410
19993
19374
18482
17938
17436
16961
16535
16329
15733
14840
14703
14236
13886
13359
13243
12956
12365
12202
12148
11731
11483
11012
10683
10443
10133
9858
9564
9103
8934
8746
8549
8030
7866
7692
7538
7402
7362
7517
7466
7391
7183
7025
6862
6960
7120
7066
6801
6611
6351
6092
5810
5731
5609
5437
5622
5575
5368
5139
5097
5046
5179
5122
4921
4743
4771
4537
4500
4479
4347
4163
4063
4161
4141
4210
4228
4233
4155
4192
4046
3990
4036
3978
3865
4052
4111
4303
4206
4179
4185
4272
4243
4133
4116
3981
3895
3977
3886
3879
3898
3795
3744
3657
3752
3775
3694
3576
3549
3555
3505
3538
3308
3244
3119
3099
3036
2923
3007
2947
2860
2682
2650
2731
2707
2638
2593
2561
2436
2365
2321
2362
2379
2352
2373
2350
2430
2356
2295
2288
2367
2466
2527
2582
2551
2590
2511
2523
2309
2221
2287
2295
2308
2287
2245
2314
2374
2324
2295
2360
2519
2442
2449
2451
2562
2458
2560
2521
2428
2402
2299
2472
2554
2618
2629
2601
2572
2534
2517
2415
2545
2593
2738
2719
2812
2727
2860
2885
2853
2900
2948
3033
3064
3110
3178
3259
3140
3152
3160
3209
3210
3280
3285
3359
3358
3191
3047
2970
3068
3169
3229
3279
3224
3183
3189
3334
3409
3497
3459
3607
3583
3731
3554
3370
3402
3486
3505
3666
3703
3694
3815
3767
3703
3736
3717
3704
3686
3557
3532
3425
3358
3319
3385
3359
3465
3458
3531
3542
3489
3527
3539
3470
3354
3286
3208
3210
3399
3511
3494
3358
3283
3319
3202
3140
3122
3055
3061
3058
3036
3021
3119
3182
3271
3245
3306
3319
3285
3320
3339
3340
3206
3070
3154
3098
3133
3064
2975
3139
3114
3278
3295
3294
3195
3269
3164
3112
3135
3116
3195
3236
3244
3248
3362
3417
3460
3501
3635
3635
3575
3521
3439
3464
3473
3463
3435
3481
3651
3585
3497
3388
3320
3262
3173
3147
3178
3216
3075
3036
3129
3184
3209
3197
3238
3189
3244
3194
3216
3089
3160
3132
3251
3286
3347
3456
3414
3429
3291
3247
3248
3207
3337
3223
3195
3087
3193
3235
3320
3385
3390
3282
3197
3143
3176
3171
3120
3097
3035
2938
2933
2849
2795
2731
2745
2698
2640
2539
2619
2624
2581
2637
2647
2736
2704
2684
2678
2683
2703
2838
2797
2851
2834
2932
2982
2922
2796
2851
2829
2749
2762
2778
2794
2689
2641
2557
2467
2493
2494
2580
2635
2663
2691
2744
2724
2663
2773
2824
2968
2922
2894
2844
2796
2817
2835
2861
2924
2830
2976
3024
2941
3011
2980
2916
2923
2971
2955
2913
2958
3065
3155
3123
2946
2971
2849
2837
2826
2793
2888
2952
3067
3160
3059
3061
3075
3048
3072
3161
3102
3115
3194
3226
3278
3309
3331
3354
3416
3488
3533
3391
3384
3333
3296
3321
3322
3267
3294
3337
3334
3301
3267
3178
3179
3227
3146
3215
3245
3286
3307
3398
3377
3256
3319
3253
3312
3324
3367
3225
3236
3214
3088
3175
3199
3177
3134
3144
3165
3193
3292
3287
3282
3441
3416
3399
3276
3367
3255
3374
3406
3354
3382
3360
3372
3507
3490
3483
3418
3339
3377
3419
3236
3193
3221
3212
3283
3313
3201
3133
3346
3164
3301
3377
3431
3446
3355
3404
3359
3203
3158
3204
3254
3386
3368
3434
3364
3417
3413
3319
3353
3400
3381
3492
3530
3506
3423
3451
3458
3527
3549
3536
3402
3334
3325
3339
3365
3379
3382
3364
3343
3256
3337
3395
3307
3297
3356
3432
3586
3631
3854
3820
3837
3823
3841
4078
3960
3904
3798
3790
3664
3683
3731
3677
3641
3603
3596
3596
3523
3594
3590
3575
3540
3635
3717
3656
3876
3909
4001
3906
3959
4055
4018
4161
4227
4209
4404
4380
4338
4328
4302
4208
4360
4504
4606
4646
4526
4626
4756
4679
4539
4877
4867
4778
4849
4821
4791
4940
5132
5056
5231
5203
5192
5151
5120
5243
5128
5047
5135
5119
5066
5110
5122
5334
5389
5488
5511
5415
5265
5212
5162
4948
4936
4912
5017
5007
4780
4755
4743
4878
4831
4764
4620
4615
4524
4569
4524
4530
4657
4644
4573
4792
4738
4849
4830
4867
4915
4904
4950
4899
4930
4791
4760
4724
4631
4475
4648
4723
4641
4854
4851
4986
5090
5043
5054
5089
5189
5091
5072
5005
4724
4663
4673
4839
4739
4784
4854
4781
4718
4587
4631
4538
4567
4445
4438
4555
4615
4782
4826
4772
4931
5004
4959
4823
4750
4756
4719
4792
4901
4922
5048
5114
5138
5114
5054
5175
5218
5283
5369
5345
5356
5464
5341
5539
5625
5684
5421
5478
5475
5441
5560
5520
5631
5390
5246
5124
5074
5141
4900
5022
4979
4950
4799
4909
4944
4990
4984
4994
4987
4824
4781
4874
4781
4891
4855
4899
4759
4689
4668
4724
4559
4654
4670
4714
4696
4783
4735
4725
4787
4817
4719
4796
4762
4995
4827
4744
4560
4378
4343
4348
4345
4295
4099
4106
4170
4195
4214
4165
4091
4038
3937
4025
3878
3945
3853
3706
3796
3794
3969
4052
4118
3986
3961
3899
3885
3904
3776
3726
3678
3816
3992
4019
3889
3851
3768
4081
4083
4216
4305
4334
4294
4467
4444
4458
4407
4503
4606
4687
4793
4656
4785
4697
4647
4766
4998
4971
5035
5059
5160
5047
4935
4959
5076
5151
4908
4933
4902
4902
4927
4781
4735
4832
4842
4672
4660
4871
4976
5070
4979
5026
5171
5161
5166
5039
5100
5219
5325
5537
5626
5520
5496
5456
5427
5566
5544
5516
5488
5405
5468
5568
5676
5564
5526
5541
5344
5323
5258
5294
5260
5474
5727
5764
5855
5615
5600
5609
5637
5560
5595
5786
5923
5902
5930
6040
6005
5825
5673
5833
5786
5856
5850
5803
5759
5616
5615
5589
5458
5315
5459
5480
5462
5353
5271
5227
5185
5224
5216
5347
5510
5630
5684
5672
5717
5897
6028
5965
5989
5825
5819
5698
5664
5557
5704
5603
5588
5504
5551
5602
5724
5453
5328
5352
5431
5459
5395
5309
5461
5314
5394
5380
5486
5387
5359
5466
5535
5522
5485
5674
5493
5567
5683
5517
5407
5415
5446
5541
5639
5726
5682
5585
5764
5820
5820
5676
5833
5833
5738
5947
6024
5976
6076
6147
6123
6128
6144
6324
6307
6322
6282
6441
6673
6746
6728
6862
7143
7120
7094
7098
7197
7263
7141
7311
7199
7120
6963
6953
6933
7164
7126
7070
6898
6860
6752
6630
6519
6637
6875
6869
6792
6734
6591
6635
6636
6731
6715
6777
7038
7010
7104
7145
7177
7116
7311
7272
7288
7383
7355
7375
7477
7475
7531
7513
7716
7879
7801
7797
8037
7902
8301
8457
8466
8431
8273
8274
8139
8235
8098
7943
7972
7959
8216
8109
8010
8053
7944
7996
7889
7929
7956
7971
7810
7805
7862
7583
7692
7648
7846
7737
7643
7477
7327
7119
7003
6946
6833
6926
6953
6888
6803
6596
6624
6545
6491
6449
6672
6689
6633
6706
6716
6692
6527
6517
6449
6397
6440
6283
6217
6279
6312
6396
6407
6393
6457
6188
6302
6176
6055
6069
6153
6239
6157
6126
6173
6387
6397
6378
6389
6439
6354
6416
6285
6227
6059
5908
5829
5823
5783
5722
5599
5412
5470
5567
5787
5939
5917
6000
5812
6035
6113
6237
6101
6195
6133
6023
5860
5647
5647
5682
5691
5555
5575
5671
5660
5653
5633
5624
5754
5659
5843
5603
5588
5762
5846
5967
6013
6081
6004
6088
5852
5822
5755
5908
5772
5814
5866
5771
5925
5782
5771
5692
5708
5784
5803
5794
5775
5808
5687
5761
5906
5766
5818
5784
5827
5815
5812
5840
5999
6177
6137
6069
6051
6136
6221
6175
6177
6095
6137
6037
6106
6068
6114
6244
5926
5856
5980
5891
5986
5851
5877
5923
5821
5754
5595
5674
5750
5840
5881
5894
5812
5744
5917
5971
5893
5887
5924
5658
5767
5665
5806
5817
5663
5500
5441
5393
5256
5285
5204
5046
5121
5140
5120
5113
4878
4793
4875
5023
4952
4988
5070
5101
5140
5210
5135
5185
5231
5007
5068
4915
4834
4941
4883
4704
4719
4798
4644
4725
4775
4901
4808
4708
4652
4629
4717
4686
4591
4475
4410
4339
4338
4264
4312
4222
4183
4185
4255
4081
3970
3940
3994
4105
4181
4365
4302
4279
4257
4252
4272
4141
4299
4493
4606
4665
4666
4614
4598
4701
4586
4671
4620
4498
4461
4539
4518
4546
4536
4594
4511
4593
4569
4509
4609
4743
4659
4591
4545
4538
4614
4633
4661
4735
4511
4436
4471
4564
4404
4444
4490
4227
4370
4269
4414
4385
4435
4407
4278
4131
4345
4370
4356
4466
4445
4650
4583
4591
4594
4414
4424
4315
4252
4312
4270
4346
4513
4465
4420
4414
4450
4454
4433
4413
4418
4288
4316
4474
4516
4551
4594
4459
4419
4403
4435
4575
4486
4452
4444
4418
4368
4424
4484
4401
4539
4490
4570
4603
4713
4619
4792
4692
4751
4582
4424
4407
4419
4559
4425
4416
4411
4342
4472
4498
4623
4553
4504
4597
4609
4649
4634
4744
4602
4687
4492
4373
4469
4477
4441
4503
4370
4503
4486
4474
4664
4601
4506
4516
4457
4490
4481
4502
4584
4717
4860
4938
4855
4957
5102
5247
5284
5237
5251
5409
5354
5192
5176
5222
5273
5276
5250
5345
5259
5237
5228
5270
5233
5359
5620
5602
5430
5639
5717
5637
5527
5552
5545
5591
5460
5446
5427
5523
5576
5419
5562
5589
5676
5674
5829
5709
5546
5506
5438
5418
5398
5204
5332
5393
5441
5473
5515
5491
5604
5532
5412
5289
5384
5392
5384
5444
5434
5471
5538
5620
5720
5708
5731
5679
5692
5788
5740
5766
5678
5763
5782
5742
5668
5656
5770
5635
5447
5398
5507
5583
5422
5535
5489
5502
5509
5429
5506
5535
5566
5396
5332
5536
5390
5379
5252
5460
5539
5652
5490
5413
5328
5465
5365
5226
5048
5223
5267
5195
5068
5381
5424
5433
5415
5357
5453
5501
5604
5763
5815
5835
5929
5984
5846
5676
5686
5513
5719
5510
5627
5668
5600
5555
5371
5401
5311
5198
5181
4948
4889
4784
4749
4816
4740
4687
4594
4674
4499
4440
4480
4442
4324
4360
4307
4307
4351
4276
4339
4321
4353
4443
4451
4468
4491
4640
4550
4625
4617
4915
4908
5156
5195
5058
4997
5073
5019
4831
5032
4990
5112
5053
5168
5226
5378
5238
5460
5469
5499
5370
5417
5614
5726
5836
5850
5720
5738
5893
6129
6094
6074
6123
6036
6006
5985
5890
5999
6103
5931
5880
5871
5828
5835
6078
5862
5924
6159
6258
6295
6587
6558
6570
6582
6643
6648
6754
6881
6876
7007
7154
7166
7251
7185
7062
7036
7056
7100
7035
7038
7242
7373
7307
7396
7412
7252
7298
7222
7242
7301
7308
7363
7128
6944
6726
6859
6809
6762
6856
6861
6997
7029
6898
6852
6745
6860
6940
6955
7003
7095
7124
7013
7108
7053
7111
7161
7221
7269
7365
7362
7097
7291
7333
7454
7620
7578
7456
7392
7445
7533
7689
7894
7771
7830
7625
7616
7568
7612
7510
7469
7276
7169
7121
7089
7129
6974
7105
7065
7043
7037
7177
7082
7224
7317
7453
7313
7137
7383
7228
7191
7178
7246
7105
7316
7480
7459
7541
7531
7434
7607
7529
7676
7289
7147
7233
7224
7389
7136
7126
7171
7214
7169
7146
7100
6974
7128
7108
7348
7200
7167
7225
7306
7379
7409
7427
7399
7293
7292
7345
7361
7447
7464
7397
7325
7414
7282
7106
7342
7324
7261
7314
7297
7166
6801
6536
6797
6580
6667
6527
6460
6554
6640
6576
6499
6506
6381
6430
6356
6385
6301
6222
6103
5996
5880
5679
5678
5683
5700
5686
5709
5902
5868
6066
6183
6271
6363
6248
6061
6078
6140
6022
6209
6243
6195
6164
6080
6085
6068
6058
6182
6176
6324
6396
6474
6380
6192
6269
6259
6266
6235
6140
6102
6314
6232
6402
6605
6616
6637
6572
6539
6385
6292
6273
6261
6294
6347
6333
6319
6248
6161
6183
6201
6231
6048
5925
6039
6175
6068
6073
6056
6234
6272
6342
6314
6246
6292
6309
6157
6130
5899
5915
5967
5956
5874
5712
5812
5895
5941
6028
5976
5886
5869
6007
5920
5913
5887
5921
5971
6015
5977
5973
6213
6195
6220
6262
6189
6247
6013
6051
6019
6022
5967
5973
6047
6343
6218
6280
6466
6447
6396
6454
6644
6836
6831
6945
7104
7227
7367
7409
7529
7505
7557
7570
7695
7823
7725
7516
7456
7370
7152
7137
7331
7303
7288
7290
7231
7357
7301
7260
7178
7282
7411
7559
7414
7382
7413
7178
7345
7224
7036
7002
6910
6800
6667
6566
6493
6468
6363
6389
6369
6270
6218
6171
6100
6070
6041
6153
6087
6017
5934
5765
5814
5744
5705
5584
5510
5667
5518
5425
5205
5289
5224
5232
5150
5199
5370
5379
5440
5517
5438
5405
5335
5211
5334
5421
5388
5179
5264
5270
5251
5276
5193
5293
5367
5390
5564
5438
5314
5383
5514
5451
5437
5450
5400
5394
5364
5353
5402
5351
5327
5375
5280
5444
5465
5664
5856
6069
6193
6333
6291
6275
6144
6082
5965
5807
5750
5803
5843
5855
5838
5939
6116
6218
6059
6054
6032
6084
6079
6096
5979
5959
5744
5692
5863
5812
5689
5807
5748
5842
5903
5857
5903
5836
5832
5701
5622
5511
5630
5585
5733
5906
5941
5838
6119
6037
5990
5986
5907
5897
5771
5714
5764
5727
5756
5826
5708
5847
5812
5912
5846
5841
5830
5834
5777
5690
5707
5755
5643
5590
5686
5742
5828
5509
5441
5448
5434
5419
5567
5608
5613
5559
5662
5705
5869
5708
5938
5955
5961
5968
5909
5939
6014
5998
6163
5942
5942
5834
5759
5752
5710
5915
5901
5986
5997
5972
6058
5821
5752
5819
5550
5389
5713
5819
5763
5809
5988
6061
5969
6029
5989
5876
5721
5640
5587
5813
5853
5870
5564
5550
5375
5382
5387
5486
5419
5533
5422
5493
5449
5392
5263
5448
5564
5707
5783
5665
5669
5725
5787
5837
5851
5881
5992
6077
5993
5998
6230
6150
6114
6084
6130
6051
6010
6201
6271
6302
6306
6421
6393
6359
6359
6459
6447
6383
6416
6573
6449
6603
6699
6766
6486
6534
6653
6681
6895
6914
7021
7060
7140
7207
7288
7382
7343
7434
7607
7437
7430
7431
7468
7494
7352
7496
7582
7527
7703
7889
7703
7449
7624
7642
7791
7633
7708
7639
7674
7635
7678
7620
7675
7663
7575
7426
7439
7412
7534
7422
7442
7583
7692
7688
7618
7536
7605
7549
7585
7415
7477
7510
7785
7856
7815
7940
8049
8011
8129
8162
8235
8273
8473
8235
8173
8289
8400
8513
8515
8416
8431
8487
8671
8635
8696
8513
8455
8250
8273
8000
8124
8016
8313
8385
8351
8594
8441
8297
8418
8267
8022
8158
8140
7911
7808
7779
7746
7521
7591
7537
7288
7545
7547
7497
7423
7219
7246
7358
7566
7437
7626
7554
7284
7264
7275
7241
7182
7190
7005
7093
7243
7239
7372
7340
7255
7104
6890
6882
6882
6690
6756
6575
6500
6489
6619
6647
6742
6727
6740
6818
6671
6662
6786
6788
6803
6934
6933
6871
7037
6967
7218
7244
7086
7088
6980
7028
7145
6922
7177
6958
6883
6877
6798
6868
6795
6737
6692
6686
6606
6572
6638
6702
6713
6692
6792
6704
6702
6727
6615
6597
6649
6591
6674
6572
6303
6233
6053
5993
5921
5977
6033
6132
5968
6154
6096
6019
5870
5817
5751
5889
6020
6219
6079
6047
6003
5996
6075
5968
6032
6019
6068
6111
5942
6058
6000
5996
5915
6060
5863
5917
5827
5655
5647
5732
5762
5640
5606
5550
5570
5725
5604
5726
5891
5959
5952
5872
5999
6061
5965
5689
5705
5796
5818
5968
5922
5947
6153
6320
6421
6542
6545
6338
6293
6373
6359
6351
6532
6576
6619
6723
6571
6749
6492
6352
6421
6184
6193
6068
6076
6066
6101
6113
5947
5839
5875
5997
5852
6016
5961
5762
5911
5625
5795
5856
5968
5849
6051
6069
6265
6110
6044
6110
6116
6080
6065
6082
6164
6491
6338
6301
6258
6251
6210
6203
6426
6409
6358
6406
6155
6304
6372
6470
6340
6051
6097
6199
6217
6190
6132
6085
6018
5987
5935
5909
5995
5930
5759
5733
5632
5493
5497
5491
5604
5643
5672
5722
5757
5756
5625
5668
5603
5576
5661
5645
5648
5516
5682
5619
5683
5757
5769
5988
6165
6315
6224
6325
6229
6254
6491
6491
6534
6434
6338
6420
6420
6463
6588
6504
6641
6610
6710
6608
6643
6677
6777
6852
6830
6713
6649
6520
6426
6457
6530
6426
6558
6307
6348
6362
6418
6396
6348
6343
6295
6254
6330
6369
6377
6300
6200
6092
6198
6272
6389
6330
6319
6467
6260
6072
6054
6015
5984
5906
5980
6139
6219
6427
6341
6183
6205
6143
6226
6207
6155
6382
6321
6487
6305
6388
6504
6474
6490
6362
6484
6600
6715
6663
6696
6668
6629
6917
7326
7348
7292
7130
7003
6961
6980
7068
6882
6941
6818
6999
6759
6753
6916
7231
7188
7109
7020
7022
7075
6873
6813
6689
6680
6568
6757
6632
6555
6627
6532
6342
6298
6221
6233
6243
6398
6451
6678
6721
6672
6848
6574
6712
6328
6299
6449
6361
6464
6425
6265
6432
6367
6081
6020
5762
5806
5811
5695
5665
5662
5769
5791
5553
5827
5800
5670
5619
5524
5670
5584
5697
5703
5760
5563
5645
5640
5723
5659
5731
5578
5490
5480
5621
5623
5559
5616
5624
5481
5321
5159
5320
5405
5511
5493
5386
5414
5285
5209
5212
5276
5263
5409
5413
5209
5161
5208
5144
5146
5248
5184
5300
5382
5426
5289
5328
5488
5353
5401
5531
5429
5353
5343
5277
5325
5320
5225
5288
5191
5450
5467
5298
5217
5380
5402
5575
5647
5604
5533
5603
5558
5468
5392
5231
5286
5270
5267
5169
5319
5302
5350
5530
5535
5475
5539
5382
5412
5476
5542
5597
5608
5605
5582
5452
5377
5290
5137
5066
4905
4953
5023
5012
4857
4915
4791
4737
4814
4810
4794
4765
4751
4663
4751
4775
4813
4880
4875
4989
4996
5020
5095
5200
5031
4992
4993
4905
4852
4819
4761
4685
4742
4773
4891
4851
4851
4885
5062
4895
4937
4971
4918
4982
5037
5007
5156
5319
5296
5394
5528
5535
5563
5644
5742
5787
5836
5899
5937
5948
5838
5650
5696
5704
5700
5609
5635
5413
5331
5383
5244
5331
5130
4989
5157
5068
5146
5155
5126
5158
4990
5029
5046
5024
5074
5155
5165
5235
5203
5341
5489
5570
5439
5414
5430
5496
5374
5544
5564
5512
5532
5563
5611
5605
5421
5584
5659
5639
5585
5568
5652
5740
5672
5712
5671
5554
5739
5664
5646
5636
5611
5630
5472
5491
5500
5489
5528
5579
5601
5504
5266
5207
5150
5187
5059
5137
5155
5269
5154
5171
5186
5114
5193
5064
5003
5091
5152
5200
5294
5207
5229
5269
5385
5313
5277
5519
5206
5192
5230
5311
5329
5423
5441
5438
5670
5720
5737
5667
5639
5717
5740
5689
5676
5575
5602
5586
5551
5505
5571
5635
5495
5408
5364
5378
5385
5421
5385
5416
5382
5347
5369
5417
5416
5421
5489
5465
5461
5613
5524
5747
5847
5798
5727
5731
5548
5750
5962
6024
6171
6171
6313
6441
6298
6434
6319
6241
6247
6343
6412
6531
6471
6445
6350
6165
6346
6240
6200
6270
6446
6585
6692
6810
6834
6771
6825
6964
6898
6985
6982
7053
6990
7015
6941
6911
6919
6805
6845
6765
6759
6815
6957
6827
6745
6535
6715
6733
6663
6564
6581
6680
6712
6644
6524
6309
6349
6410
6279
6287
6274
6201
6115
6111
5995
6136
6065
5784
5868
5979
5795
5674
5628
5476
5339
5264
5024
5008
5077
5191
5326
5449
5311
5277
5165
5094
5205
5115
5104
5196
5277
5263
5371
5341
5292
5363
5415
5486
5427
5499
5469
5455
5392
5228
5209
5355
5383
5252
5211
5180
5119
4989
5060
4938
4846
4898
4908
4837
4869
4863
4992
4953
4980
4793
4709
4644
4595
4605
4612
4423
4314
4511
4343
4384
4451
4646
4641
4544
4513
4686
4485
4681
4821
4649
4751
4738
4803
4914
4918
5012
4877
5045
5013
4859
4701
4744
4749
4533
4478
4479
4407
4389
4424
4362
4334
4467
4716
4711
4882
4848
4757
4707
4727
4787
4816
4775
4816
4874
4703
4603
4512
4420
4437
4407
4536
4554
4738
4744
4630
4587
4557
4469
4523
4464
4452
4430
4446
4429
4542
4438
4539
4596
4525
4549
4592
4692
4607
4556
4700
4623
4729
4695
4867
4965
4953
4847
4980
4852
4816
4796
4847
4715
4847
4847
4906
4853
4684
4691
4440
4329
4206
4192
4156
4230
4167
4128
4182
4207
4173
4310
4451
4488
4465
4606
4600
4687
4748
4757
4755
4769
4755
4744
4831
4951
4899
4876
5168
5216
5312
5312
5097
5034
4937
4923
4940
5026
5028
4854
4735
4829
4888
4826
4621
4422
4443
4407
4401
4429
4576
4617
4555
4598
4475
4299
4187
4354
4267
4489
4612
4645
4510
4428
4447
4567
4473
4419
4435
4414
4396
4412
4316
4472
4517
4557
4650
4837
4897
4895
4813
4969
5032
4972
5095
5126
5211
5254
5349
5341
5324
5358
5373
5466
5368
5581
5547
5526
5504
5529
5563
5597
5650
5555
5611
5541
5640
5665
5558
5522
5477
5624
5550
5476
5441
5565
5451
5418
5431
5439
5571
5726
5669
5535
5659
5704
5600
5615
5603
5654
5560
5555
5521
5546
5430
5468
5550
5747
5657
5790
5783
5696
5658
5554
5535
5515
5555
5598
5748
5614
5520
5511
5571
5520
5589
5521
5403
5269
5235
5312
5200
5293
5250
5276
5434
5485
5359
5347
5461
5651
5536
5498
5530
5519
5394
5468
5458
5557
5542
5706
5507
5348
5255
5342
5374
5536
5287
5359
5392
5276
5471
5460
5462
5421
5530
5487
5620
5393
5447
5386
5391
5411
5470
5571
5648
5669
5691
5682
5675
5819
5746
5904
6088
6203
6227
6455
6294
6289
6308
6451
6442
6652
6682
6742
6718
6618
6555
6471
6263
6203
6188
6369
6494
6563
6522
6515
6654
6739
6825
6892
6858
6970
6938
7022
6993
7049
6902
6739
6758
6822
6833
6824
6832
6876
6888
7073
7174
7106
7217
7107
7185
7208
7307
7046
6741
6649
6625
6461
6402
6481
6656
6769
6798
6890
6952
7008
7016
7126
7136
7096
7182
6941
6851
6886
6785
6893
6845
6805
6906
6958
7077
7048
6884
6760
6708
6731
6548
6512
6615
6725
6720
6844
6743
6859
6898
7076
7022
6650
6558
6468
6395
6422
6233
6112
6098
6163
6058
6047
5931
5792
5908
5744
5777
5920
6016
6010
5979
5959
5826
5891
5947
5968
5832
5839
5861
5643
5837
5889
5815
5698
5718
5788
5776
5823
5805
5832
5795
5861
6016
6025
6161
6356
6480
6332
6386
6360
6480
6416
6509
6501
6402
6414
6429
6504
6272
6364
6247
6295
6320
6297
6339
6302
6590
6297
6181
6146
6148
6217
6187
6265
6065
6104
6215
6199
6099
6203
6323
6404
6302
6292
6313
6202
6321
6379
6445
6478
6417
6246
6324
6105
6249
6194
6306
6210
6250
6355
6325
6244
6317
6289
6187
6232
6304
6340
6376
6206
6195
6171
6179
6180
6195
6321
6397
6287
6281
6242
6020
6139
6230
6291
6176
6190
6346
6124
6123
6032
6042
5946
6100
6044
6187
6015
5773
5842
5818
5739
5700
5560
5680
5607
5508
5513
5345
5387
5368
5583
5487
5627
5470
5421
5476
5514
5574
5694
5640
5790
5907
6145
6172
6075
6143
6081
5947
6067
5990
5967
5969
6055
6002
6098
5939
5972
6050
6069
6040
6056
6101
6091
6107
6009
5982
6040
6005
5959
5930
5854
5971
6172
6109
6093
6175
6155
6368
6474
6347
6282
6084
6132
6039
5963
6001
5938
5885
5912
5801
5850
5975
5989
6095
5944
5914
5977
5744
5863
5780
5760
5759
6008
6062
6162
6245
6082
6066
6057
6119
6150
5972
5953
5827
5878
5970
6091
5962
5917
5988
5966
6050
6218
6147
6293
6313
6166
6310
6281
6172
6246
6159
6095
6041
5849
5764
5757
5592
5765
5823
5829
5736
5789
5717
5696
5777
5606
5696
5510
5433
5406
5535
5397
5223
5180
5057
5025
5084
5168
5079
5268
5350
5415
5606
5613
5595
5739
5654
5630
5792
5931
5952
5995
6133
6096
6161
6177
6274
6174
6275
6152
6103
6084
6096
6090
6231
6149
6141
5844
5818
5811
5697
5909
5863
6114
6065
5940
5975
6100
6060
6012
6115
6263
6244
6163
6294
6327
6215
6256
6360
6589
6386
6318
6143
5975
5928
6071
5979
6007
5911
5959
5939
5786
5831
5936
6094
5873
5789
5781
5789
5711
5793
5778
5964
6029
6110
5995
6063
6197
6221
6296
6041
5886
5959
5938
6006
6036
6230
6045
6057
5908
5766
5829
5718
5854
5838
6054
6134
6208
6216
6347
6342
6592
6797
6663
6391
6393
6546
6562
6480
6360
6350
6471
6430
6486
6638
6457
6467
6585
6695
6789
6768
6670
6665
6677
6819
6918
6972
6930
6804
6774
6946
6815
6684
6694
6709
6693
6767
6717
6732
6711
6746
6658
6662
6612
6933
6829
6693
6634
6598
6539
6598
6780
6995
7000
6971
6996
7013
7131
7069
7326
7402
7360
7414
7255
7324
7225
7450
7278
7080
6959
7052
7027
7047
7145
7278
7498
7533
7735
7703
7543
7605
7742
7610
7610
7562
7582
7538
7392
7522
7684
7662
7570
7443
7375
7422
7519
7591
7716
7760
7568
7517
7545
7709
7741
7751
7816
7858
8146
8136
8224
8156
8305
8404
8261
8232
8461
8264
8375
8513
8348
8502
8258
8188
8310
8175
7981
7963
8025
7857
7584
7390
7540
7758
7623
7676
7727
7713
7625
7533
7506
7433
7509
7480
7506
7474
7609
7318
7426
7509
7745
7819
7966
8008
7978
7743
7813
7574
7478
7589
7554
7542
7324
7349
7440
7598
7521
7412
7329
7171
7251
7056
7102
7102
6989
7201
7217
7089
7306
7375
7257
7252
7403
7503
7626
7657
7863
7920
7713
7587
7816
7751
7637
7613
7604
7496
7522
7487
7505
7593
7553
7539
7705
7819
8108
7858
7873
7862
7895
8128
8052
8095
8099
7990
7961
7863
7754
7487
7447
7405
7441
7300
7422
7527
7508
7563
7626
7486
7374
7364
7350
7267
7211
7461
7703
7797
7748
7710
7860
7719
7746
7692
7691
7557
7779
7756
8124
8007
7811
7648
7698
7621
7570
7452
7461
7510
7664
7621
7768
7808
7754
7636
7722
7483
7593
7415
7449
7436
7446
7292
7258
7388
7417
7177
7157
7029
6887
6814
6732
6791
6741
6853
6691
6502
6471
6479
6520
6563
6849
7037
7292
7333
7240
7244
7222
7138
7006
6952
6883
6801
6807
6910
6693
6761
6773
6992
6987
7043
7333
7170
6979
6743
6591
6806
6765
6595
6613
6692
6581
6703
6709
6607
6575
6524
6530
6514
6350
6397
6543
6628
6361
6326
6411
6335
6435
6406
6497
6682
6692
6671
6511
6555
6676
6439
6356
6411
6457
6434
6307
6185
6154
6175
6260
6368
6322
6379
6240
6072
5760
5630
5649
5484
5238
5068
5267
5358
5384
5411
5364
5594
5735
5452
5641
5601
5620
5585
5386
5249
5198
5223
5238
5118
5163
5070
5212
5273
5310
5021
5129
4975
5004
4947
5184
5371
5659
5659
5645
5520
5352
5311
5240
5260
5347
5322
5265
5235
5180
5279
5431
5440
5430
5492
5559
5556
5645
5598
5533
5389
5455
5541
5468
5488
5742
5813
5963
5865
5858
6039
6000
5921
5867
5866
5932
5837
5687
5796
5781
5916
5884
5724
5629
5614
5703
5729
5937
6050
5890
6079
6070
6082
6203
6261
6026
6017
5940
5953
5863
5990
6253
6309
6216
6308
6398
6527
6511
6464
6582
6471
6565
6472
6381
6417
6399
6383
6330
6567
6571
6681
6698
6731
6597
6635
6622
6733
6737
6882
7030
6994
7276
7410
7659
7351
7283
7185
6873
6762
7002
6946
6802
6896
6753
6802
7009
6878
6702
6867
6788
6564
6484
6407
6485
6529
6611
6661
6750
6655
6610
6534
6634
6749
6515
6630
6541
6554
6320
6314
6175
6129
6105
6122
6148
6309
6423
6527
6528
6506
6677
6611
6689
6556
6519
6513
6532
6406
6393
6341
6441
6574
6224
6314
6043
6160
6218
6197
6216
6247
6181
6142
6022
5907
5879
5830
5917
5838
5743
5797
5767
5871
5918
5929
5968
5770
5648
5617
5502
5596
5626
5580
5611
5583
5532
5467
5382
5534
5689
5562
5433
5289
5490
5380
5123
5090
5018
4915
4852
4931
4949
4911
4997
4807
4728
4902
4958
4939
4887
4950
4935
5078
5049
5130
5032
4796
4734
4713
4709
4737
4667
4626
4701
4670
4626
4611
4790
4614
4623
4589
4686
4648
4578
4433
4241
4327
4522
4618
4561
4363
4321
4372
4420
4508
4347
4433
4559
4522
4745
4650
4601
4471
4442
4527
4397
4343
4254
4369
4185
4213
4111
4222
4375
4226
4072
4019
3987
4042
4085
4035
4090
4055
4051
4018
3961
3943
3822
3903
3969
4084
4139
4207
4114
4118
4069
4132
4149
4296
4314
4266
4319
4308
4186
4303
4473
4476
4592
4507
4499
4486
4467
4595
4718
4739
4701
4675
4618
4732
4711
4935
4930
4986
4976
4890
4643
4644
4707
4731
4849
4851
4824
4782
4778
4722
4712
4649
4523
4283
4287
4248
4256
4318
4214
4110
3983
3844
3857
3714
3695
3606
3601
3540
3565
3575
3619
3573
3663
3629
3512
3428
3511
3511
3650
3663
3878
3756
3829
3816
3817
3741
3590
3607
3627
3643
3721
3598
3826
3991
4048
3916
3858
3697
3752
3712
3944
3982
3993
4098
4262
4285
4397
4376
4324
4249
4240
4184
4168
4325
4387
4412
4477
4619
4903
4827
4736
4662
4827
4900
4834
4860
4785
4786
4603
4665
4593
4484
4414
4475
4485
4447
4288
4361
4534
4642
4500
4355
4366
4314
4235
4251
4141
4219
4327
4410
4402
4363
4394
4539
4630
4763
4916
4895
5055
4932
4846
4890
4800
4794
4712
4629
4568
4607
4664
4784
4681
4821
4931
4928
4921
4990
4955
4757
4774
4623
4598
4630
4681
4661
4666
4716
4602
4802
4879
4947
5022
5071
5078
5137
5266
5269
5273
5239
5403
5432
5410
5504
5424
5549
5438
5400
5212
5214
5133
5233
5228
5270
5362
5426
5543
5370
5213
5142
5074
4958
5042
4866
4774
4897
4849
5210
5179
5124
4993
4903
4862
4966
4897
4896
4960
4976
4910
5023
5115
5334
5219
5093
5185
5190
5315
5472
5546
5397
5691
5716
5538
5491
5268
5118
