1005000
268202
173326
129439
103457
85610
72386
63333
56134
49954
45390
41814
38325
35143
32951
30784
28375
27130
25213
24159
23267
22439
21739
20528
19572
19051
17920
17256
16469
15974
15451
14923
14392
14166
13776
13578
13097
12617
12368
12373
12178
12028
11675
11430
11032
10808
10808
10578
10292
10321
10396
10316
9968
9674
9611
9337
8959
8904
8800
8631
8506
8339
8009
7907
7624
7483
7240
7395
7500
7391
7439
7501
7460
7444
7340
7149
6926
6887
6791
6645
6845
6830
6832
6918
6921
6819
6967
6749
6544
6465
6474
6474
6467
6453
6354
6187
6141
6153
6278
6222
5945
5836
5910
5693
5402
5357
5356
5274
5204
5092
5110
5034
5056
4933
4982
4853
4804
4900
4730
4668
4754
4797
4642
4565
4489
4326
4180
4275
4264
4067
4149
4094
4217
4172
4114
4165
4153
4090
4188
4110
4097
4069
4028
4022
3994
4069
4003
3891
3990
3952
3968
3921
3741
3887
3728
3839
3751
3711
3600
3711
3732
3723
3660
3652
3594
3787
3758
3646
3500
3543
3481
3580
3607
3636
3673
3671
3619
3685
3690
3819
3650
3566
3496
3647
3442
3534
3597
3577
3693
3741
3844
3856
3856
3753
3731
3661
3516
3490
3461
3446
3393
3443
3489
3471
3452
3476
3508
3589
3494
3537
3536
3584
3551
3483
3481
3354
3334
3398
3573
3560
3640
3697
3868
3933
4091
4096
4232
4138
4167
4081
4027
3954
4027
3880
4013
4124
4234
4347
4252
4242
4123
3999
4055
4033
4190
4137
4190
4056
4090
4172
4225
4231
4302
4326
4272
4166
4228
4171
4148
4306
4311
4219
4281
4190
4271
4374
4297
4173
4160
4294
4394
4415
4440
4463
4460
4417
4322
4410
4297
4154
4183
4200
4101
4165
4220
4188
4212
4267
4371
4527
4603
4630
4710
4572
4592
4761
4709
4657
4512
4484
4572
4580
4350
4376
4514
4716
4705
4764
4652
4717
4761
4790
4982
4997
5101
5031
5167
5089
4983
4960
4925
4840
4907
4880
4955
4811
4827
4924
4928
5057
4986
5039
5070
5114
5075
5277
5123
5027
5129
5212
5309
5120
5244
5153
5112
4950
5064
5055
4943
4915
4991
5165
5291
5382
5234
5179
5282
5340
5426
5488
5435
5461
5366
5354
5482
5540
5509
5481
5515
5759
5637
5687
5720
5723
5657
5658
5609
5598
5550
5630
5497
5649
5535
5385
5457
5393
5199
5186
5277
5051
5070
4997
5042
4916
4895
5013
4990
4912
4844
4946
4826
4919
4986
5053
4934
4987
5005
5256
5282
5355
5475
5508
5475
5415
5323
5335
5257
5385
5382
5219
5307
5432
5450
5545
5550
5462
5615
5584
5572
5609
5733
5588
5615
5624
5658
5608
5548
5393
5392
5378
5306
5291
5362
5378
5437
5682
5620
5661
5676
5607
5561
5473
5494
5370
5327
5425
5474
5372
5251
5352
5427
5533
5548
5619
5604
5538
5483
5359
5345
5350
5244
5418
5108
5065
4858
4919
4912
4943
4961
4953
5013
5092
4969
5018
5048
5125
5035
5044
4982
5054
5360
5375
5457
5464
5567
5813
5598
5432
5321
5190
5376
5426
5347
5369
5407
5275
5287
5343
5240
5277
5378
5394
5360
5492
5719
5856
5963
5849
5884
5902
5874
5810
5862
5906
5837
5902
5897
5899
5820
5872
5833
5851
6030
6056
5965
6029
6070
6190
6135
6015
6000
5845
5784
5813
5774
5800
5884
5829
5938
5890
5615
5649
5762
5707
5670
5669
5735
5761
5807
5791
5704
5715
5679
5642
5585
5580
5460
5477
5408
5360
5309
5435
5347
5511
5391
5587
5695
5724
5762
5717
5626
5533
5664
5683
5661
5690
5609
5545
5607
5476
5475
5488
5505
5642
5742
5828
5958
6321
6235
6026
6049
6013
6220
6196
6053
6199
6302
6284
6140
6165
6174
6090
6194
6059
6090
6194
6095
6109
6005
5975
5861
5920
5975
5960
5806
6014
5888
5835
5891
5933
5834
5661
5536
5688
5835
5915
6120
6004
5898
5877
5785
5857
5897
5889
5665
5701
5769
5851
5650
5714
5558
5520
5573
5452
5404
5363
5425
5520
5449
5364
5415
5331
5332
5483
5618
5705
5840
5934
5994
6018
5973
6224
6266
6377
6320
6135
6144
6136
6006
5941
5941
5779
6012
5951
5968
5736
5691
5664
5675
5750
5719
5824
5760
5657
5645
5731
5939
5937
5886
5813
5702
5646
5579
5403
5475
5544
5486
5312
5351
5324
5168
5014
5023
5055
5075
5228
5274
5326
5506
5562
5344
5238
5160
5206
5229
5336
5472
5434
5306
5250
5256
5277
5227
5206
5267
5449
5377
5393
5409
5482
5288
5278
5308
5363
5206
5137
5090
5094
5248
5281
5552
5478
5625
5736
5688
5674
5861
5937
6044
5990
5920
5908
6101
6208
6122
6182
6271
6362
6403
6606
6581
6650
6861
6831
6844
6904
6736
6926
7013
6968
6892
6586
6670
6891
6883
6795
6987
6980
7121
6893
6826
6744
6501
6443
6445
6719
6786
6601
6385
6243
6194
6162
6314
6203
6284
6151
6133
6306
6426
6394
6346
6432
6362
6361
6248
6220
6110
6087
6133
6207
6253
6404
6329
6168
6197
6199
6067
6010
5853
5930
6108
6036
6120
6255
6398
6285
6297
6183
6256
6273
6320
6147
6122
5963
5832
5830
5947
6095
6135
6144
6181
6168
6021
6043
5921
5886
5822
5707
5842
5942
5837
5916
5881
5848
5871
5825
5774
5796
5846
5769
5486
5610
5553
5496
5562
5750
5452
5377
5447
5575
5455
5406
5489
5428
5530
5497
5541
5582
5461
5329
5332
5344
5319
5207
5315
5247
5291
5212
5186
5301
5480
5475
5495
5503
5449
5314
5232
5051
5068
5063
4879
4784
4675
4739
4983
5001
5007
4963
5174
5092
5081
5190
5278
5331
5299
5372
5289
5214
5246
5222
5416
5480
5269
5250
5279
5150
5122
5040
5132
5178
5108
4984
4964
4944
4967
4754
4754
4875
5143
4993
5006
4975
4946
4855
4788
4807
4733
4708
4528
4561
4513
4474
4355
4405
4243
4231
4405
4417
4381
4386
4375
4290
4326
4347
4481
4421
4285
4292
4259
4242
4256
4381
4485
4386
4226
4200
4150
4197
4171
4181
4271
4296
4428
4573
4559
4694
4628
4791
4674
4742
4744
4800
4917
4884
5028
5215
5224
5253
5161
5148
5259
5325
5405
5538
5362
5335
5312
5278
5249
5380
5444
5516
5521
5470
5488
5444
5499
5551
5661
5534
5441
5368
5366
5452
5374
5279
5377
5329
5317
5381
5514
5593
5639
5539
5364
5309
5286
5424
5503
5342
5100
5173
5146
5339
5272
5238
5323
5117
5197
5283
5288
5364
5359
5423
5458
5570
5607
5777
5793
5783
5781
5884
5895
5831
5998
6145
6222
6230
6000
5952
5981
5982
6385
6332
6543
6676
6813
6751
6631
6860
6762
6586
6526
6490
6557
6504
6578
6798
6830
6777
6803
6969
6876
6883
6846
6919
6929
7007
6872
6657
6786
6774
7006
7093
7231
7368
7536
7431
7492
7356
7310
7224
7264
7319
7287
7223
7097
7074
6844
6906
7056
7145
7259
7165
7303
7471
7383
7460
7551
7419
7434
7592
7318
7211
7241
7097
7212
7126
7159
7046
6886
6946
7118
7042
7132
7089
6968
7047
6976
7014
6942
7025
7065
7070
7087
7082
7240
7296
7114
7295
7354
7524
7354
7362
7455
7482
7458
7388
7187
6944
6777
6632
6595
6727
6739
6765
6611
6715
6852
6703
6709
6737
6694
6690
6667
6694
6820
6616
6653
6812
6611
6402
6379
6257
6359
6476
6430
6387
6414
6573
6570
6564
6618
6475
6413
6290
6262
6594
6460
6353
6438
6331
6348
6091
6258
6358
6403
6452
6417
6375
6427
6408
6411
6668
6420
6643
6675
6598
6503
6478
6536
6656
6715
6762
6684
6823
6896
6709
6730
6532
6543
6490
6439
6292
6413
6258
6321
6410
6502
6436
6513
6561
6617
6678
6953
6883
6867
6774
6711
6707
6631
6551
6486
6512
6479
6619
6687
6819
6680
6710
6739
6760
6901
6779
6878
7086
7130
6988
7052
7023
6847
7064
6978
7128
6831
6843
6879
6978
6946
7094
7054
7024
7128
7086
6937
6886
6825
6853
6949
6870
6961
7051
6808
6778
6863
6903
6852
6860
7043
7133
7314
7289
7082
7039
7224
7180
7157
7027
7229
7240
7195
7097
7202
7264
7080
7160
7262
7136
7176
7180
7307
7204
7166
7210
7042
7007
6983
7153
6871
7042
7184
7088
7114
6944
6839
6969
6901
6823
6869
6804
6732
6839
6916
6974
7028
7073
7079
6943
7055
7024
7159
7292
7289
7263
7084
7036
7058
7085
6744
6866
6807
6738
6658
6657
6702
6528
6751
6744
6674
6831
6748
6805
6881
6783
6774
6834
7007
7061
6936
7007
7046
7076
7244
7279
7166
7135
7020
6975
7036
7150
7092
6912
6832
6958
6918
6974
6775
6880
7056
7228
7254
7129
7076
7182
7401
7339
7469
7602
7589
7575
7671
7732
7798
7640
7639
7708
7707
7771
8054
7902
7657
7640
7688
7571
7842
7699
7378
7538
7577
7464
7547
7371
7415
7390
7082
7028
7093
7021
6832
6757
6737
6691
6710
6707
6697
6660
6569
6574
6579
6460
6489
6585
6750
6854
6948
6893
6904
6939
6968
6933
6821
6730
6693
6480
6487
6461
6435
6459
6387
6493
6342
6336
6379
6436
6497
6506
6484
6623
6671
6690
6614
6661
6693
6556
6576
6614
6592
6580
6575
6596
6526
6551
6505
6609
6544
6609
6757
6638
6423
6500
6242
6177
6101
6160
6183
6246
6231
6233
6186
6178
6171
6229
6268
6055
5979
5928
5949
6047
6064
6010
6030
6036
5954
6028
6242
6214
6250
6258
6442
6325
6299
6394
6374
6290
6164
6248
5976
6048
5811
5627
5417
5446
5647
5698
5695
5701
5636
5476
5609
5522
5619
5352
5291
5228
5227
5240
5264
5213
5070
4973
4907
4923
4940
4957
4858
4859
4726
4787
4746
4777
4814
4756
4760
4846
4849
4845
4686
4752
4867
4903
5001
5218
5265
5156
5099
5184
5009
4930
5165
5280
5249
5343
5328
5305
5321
5339
5456
5424
5355
5299
5299
5413
5389
5314
5148
5113
5138
5226
5293
5242
5290
5299
5319
5363
5304
5302
5297
5348
5520
5622
5525
5699
5527
5488
5480
5621
5587
5495
5566
5679
5763
5714
5595
5555
5625
5566
5515
5394
5556
5574
5541
5480
5544
5572
5475
5537
5483
5320
5395
5320
5383
5437
5286
5242
5299
5329
5279
5230
5116
5201
5122
5025
5066
4966
4964
4986
4924
4781
4758
4575
4571
4438
4497
4550
4658
4732
4645
4792
4965
4837
4792
4734
4558
4536
4451
4496
4332
4322
4320
4430
4541
4601
4640
4796
4803
4911
5148
5273
5211
5108
5148
5080
5106
5159
5005
5191
5123
5314
5393
5469
5398
5506
5225
5169
5294
5155
5135
5093
5299
5345
5200
5186
5278
5345
5430
5593
5634
5851
6064
6169
6091
6173
6038
6140
6159
6087
6095
6152
6135
5980
5985
6150
6072
6219
6193
6165
5937
5941
5997
6069
6088
6170
6011
6021
6302
6176
6443
6484
6715
6776
6533
6452
6438
6408
6429
6516
6454
6485
6583
6558
6361
6475
6503
6424
6558
6566
6574
6521
6582
6771
6642
6672
6673
6745
6829
6811
6866
6840
6881
6788
6722
6812
6659
6650
6556
6438
6309
6304
6173
6317
6427
6456
6458
6423
6327
6523
6590
6531
6377
6257
6385
6415
6410
6457
6366
6449
6563
6536
6517
6602
6614
6568
6572
6473
6344
6278
6104
6199
6324
6494
6409
6425
6170
6200
6330
6286
6393
6275
6350
6269
6201
6057
6208
6374
6424
6467
6460
6430
6306
6321
6497
6534
6613
6682
6551
6591
6660
6732
6871
6819
6772
6895
6932
6751
6761
6765
6613
6640
6661
6704
6706
6821
6826
6774
6594
6584
6498
6525
6857
6800
6949
6653
6590
6616
6454
6531
6608
6738
6508
6533
6638
6629
6534
6458
6430
6514
6568
6615
6612
6530
6470
6559
6623
6726
6763
6529
6628
6765
6707
6667
6453
6498
6581
6464
6259
6254
6102
6397
6553
6602
6743
6882
7140
7095
7153
7245
7348
7436
7409
7344
7442
7425
7574
7828
7965
7938
7915
7839
7908
7910
8136
8162
8035
7905
7963
7872
7556
7354
7388
7378
7481
7602
7673
7711
7431
7463
7430
7379
7414
7276
7296
7193
6985
6989
6943
6729
6568
6593
6362
6430
6456
6525
6650
6631
6643
6771
6782
6761
6769
6750
6679
6584
6480
6504
6446
6470
6213
6223
6273
6200
6098
6112
6036
6301
6525
6592
6671
6651
6680
6540
6587
6840
6708
6627
6610
6593
6816
6867
6806
6839
6551
6450
6559
6573
6277
6302
6203
6258
6224
6348
6283
6307
6047
6072
5968
6150
6094
6105
6094
6142
6332
6201
6159
6445
6528
6698
6552
6385
6300
6232
6077
5860
5817
5890
5746
5645
5712
5532
5669
5785
5819
5871
5905
5842
5804
5913
5957
5964
6046
6001
6040
6030
6124
6171
5980
6097
5977
5946
5817
6034
6148
6038
5930
5862
5877
5882
5998
5974
6158
6271
6166
6246
6357
6326
6400
6373
6318
6305
6326
6527
6378
6428
6307
6186
6342
6300
6130
6093
5984
6046
6030
5797
5837
5971
5926
6026
6004
5825
5670
5956
6103
6162
6367
6302
6072
6233
6303
6417
6313
6231
6061
5989
6127
6127
6305
6406
6262
6386
6292
6008
5993
5978
6062
6010
5819
5883
5647
5613
5546
5394
5505
5432
5444
5417
5388
5303
5401
5379
5447
5560
5477
5462
5243
5028
5017
5013
5074
5132
5121
5123
5075
4948
4983
4982
5055
5082
5267
5368
5490
5393
5499
5382
5226
5320
5370
5170
5095
5134
5116
5075
5126
5030
5032
5043
5258
5272
5260
5216
5247
5174
5092
4939
5146
5158
5129
5190
5212
5011
4918
4908
4897
5062
5125
5189
5150
5227
5409
5312
5323
5401
5452
5431
5382
5154
5144
5218
5263
5252
5135
5180
5123
5230
5163
5317
5470
5503
5783
5639
5705
5574
5606
5602
5568
5656
5769
5558
5548
5631
5642
5649
5707
5567
5519
5464
5352
5411
5199
5305
5408
5493
5566
5689
5529
5479
5332
5391
5466
5424
5626
5703
5609
5637
5544
5554
5531
5728
5794
5829
5877
6007
5962
6110
6121
6280
6258
6398
6587
6729
6776
6799
6806
6821
6722
6562
6811
6923
6802
6746
6548
6575
6381
6188
6118
6217
6121
6129
5856
5957
5860
5562
5616
5696
5871
5718
5794
5879
5976
6012
6080
6023
5944
5887
5875
5837
5856
5971
5803
5690
5729
5513
5526
5420
5466
5486
5426
5450
5532
5590
5682
5567
5505
5713
5775
5772
5840
5646
5565
5595
5807
5729
5745
5813
5728
5768
5727
5772
5916
5726
5860
6028
5937
6099
6078
6262
6200
6099
6242
6157
6125
6192
6400
6518
6505
6355
6366
6257
6394
6616
6518
6434
6580
6479
6558
6448
6424
6510
6659
6562
6626
6570
6450
6515
6343
6342
6293
6142
6200
6261
6478
6598
6831
6794
6858
6852
6836
6709
6604
6840
6828
6686
6776
6827
6906
6734
6775
6726
6509
6351
6290
6277
6380
6435
6418
6257
6090
6094
6259
6244
6336
6227
6281
6126
6065
6128
6109
6129
6212
6314
6307
6254
6193
6189
6214
6210
6092
6246
6196
6160
6217
6314
6041
6183
6076
5897
6002
5976
5956
6067
6195
6044
6113
5985
5897
5941
6090
6128
6035
6052
6239
6259
6301
6438
6359
6176
6123
6043
6096
5877
5905
5959
5916
5889
5873
5976
5887
6012
6075
6185
6189
6477
6679
6570
6536
6499
6440
6313
6267
6285
6623
6429
6515
6602
6448
6460
6527
6409
6364
6433
6361
6297
6494
6528
6784
6876
6765
6652
6615
6482
6432
6122
6010
6127
6060
6133
5971
5996
5875
5771
5683
5732
5972
6151
6190
6175
6506
6615
6554
6480
6566
6386
6341
6174
6143
6103
6021
6152
6259
6309
6298
6166
6084
6139
6067
6018
6004
6021
6180
6254
6190
6231
6243
6138
5967
5888
5905
5867
5872
5758
5890
5901
5818
5796
5729
5954
6058
6066
6174
6056
6029
5833
5703
5462
5425
5438
5415
5457
5456
5485
5509
5626
5728
5528
5443
5516
5571
5725
5789
5792
5717
5624
5776
5701
5604
5403
5178
5011
5284
5405
5261
5256
5199
5154
5056
4950
5067
5045
5052
5150
5284
5298
5460
5408
5282
5122
5120
5277
5194
4987
4813
4757
4813
4708
4616
4455
4500
4626
4668
4738
4754
4741
4703
4708
4764
4819
4969
4812
4884
4900
4996
4851
4764
4811
4768
4480
4441
4413
4617
4701
4604
4482
4382
4185
4199
4193
4306
4425
4632
4638
4544
4645
4543
4630
4632
4525
4407
4536
4451
4513
4544
4515
4504
4586
4501
4343
4381
4308
4156
4185
4162
4081
4019
4013
3958
3946
3946
3998
4129
4163
4015
3960
3909
4087
4052
4114
4186
4192
4341
4364
4285
4292
4355
4346
4522
4420
4360
4584
4570
4640
4794
4903
4919
4817
4830
4699
4761
4817
4859
4877
4984
5021
4854
4938
5013
5155
5182
5128
5023
5017
4953
4879
4896
5025
5053
5082
5146
5323
5302
5236
5187
5289
5281
5466
5458
5577
5482
5464
5627
5654
5484
5480
5369
5208
5304
5395
5319
5321
5357
5275
5255
5309
5445
5525
5405
5323
5387
5308
5477
5461
5590
5447
5485
5443
5726
5744
5699
5777
5828
5689
5613
5454
5432
5399
5363
5193
5419
5467
5537
5588
5473
5568
5377
5166
5178
5143
5219
5273
5263
5325
5448
5513
5373
5333
5380
5377
5335
5264
5323
5356
5401
5344
5511
5308
5289
5094
4994
5119
5244
5444
5263
5205
5199
5248
5212
5124
5178
5140
5268
5333
5345
5369
5541
5607
5589
5480
5319
5477
5550
5583
5415
5251
5270
5243
5383
5335
5577
5562
5486
5547
5588
5618
5686
5827
5802
5701
5596
5491
5616
5404
5382
5303
5373
5286
5415
5411
5348
5366
5557
5519
5746
5869
6020
5984
6202
6264
6344
6381
6458
6426
6375
6349
6423
6508
6449
6621
6728
6685
6708
6653
6688
6727
6776
6745
6622
6596
6629
6679
6682
6482
6418
6264
6287
6488
6517
6689
6591
6668
6648
6662
6637
6537
6405
6389
6545
6643
6785
6572
6575
6659
6657
6679
6793
6744
6800
6716
6733
6835
6647
6552
6588
6629
6755
6669
6626
6619
6580
6593
6623
6706
6995
6985
6793
6641
6430
6359
6591
6763
6806
6990
7042
6825
6831
6786
6679
6641
6708
6824
6785
6912
6920
6823
6864
6793
6636
6676
6668
6589
6616
6477
6331
6390
6403
6656
6650
6705
6602
6556
6736
6873
6776
6514
6761
6721
6930
6770
6824
6778
6607
6534
6351
6176
6101
6044
6048
6035
6123
6069
6056
6026
6152
6219
6247
6187
5942
5951
6014
5926
5709
5473
5518
5655
5724
5723
5894
5826
5959
5983
5989
6043
5984
6033
5856
5926
5837
5893
5849
5937
5889
5934
5910
5918
5894
5986
5982
5921
5770
5586
5645
5606
5560
5802
5734
5686
5764
5680
5736
5777
5718
5804
5857
5771
5835
5949
6080
5982
6094
6109
6280
6476
6455
6514
6568
6671
6567
6456
6430
6339
6212
6180
6479
6521
6465
6419
6544
6572
6674
6802
6967
7052
7044
7033
7127
7115
6847
6825
6841
6849
6925
6871
6977
6857
6912
6808
6862
6903
6897
6840
6815
6823
6633
6480
6559
6598
6486
6500
6700
6620
6789
6878
6903
6950
7212
7378
7195
7093
7044
7077
6935
6942
6977
7296
7294
7256
7125
7240
7415
7332
7293
7256
7198
7285
7316
7442
7278
7208
7097
7005
7034
7029
6878
6910
7054
7202
7375
7373
7520
7481
7381
7319
7483
7332
7272
7283
7414
7164
7057
6883
6861
6809
6868
7075
7337
7132
7177
7212
7174
7124
7322
7263
7174
7006
6890
6774
6814
6882
7208
7184
7015
6846
6708
6638
6808
6774
6699
6645
6696
6696
6763
6683
6623
6619
6692
6526
6511
6636
6684
6740
6605
6680
6602
6627
6445
6410
6337
6378
6317
6357
6316
6431
6570
6540
6678
6617
6714
6688
6615
6602
6342
6456
6578
6505
6546
6504
6504
6306
6418
6493
6547
6383
6409
6479
6520
6431
6564
6638
6621
6656
6584
6394
6429
6186
6273
6220
6212
6141
6064
6163
6339
6314
6356
6365
6402
6332
6345
6415
6541
6744
6909
6964
7188
7121
7173
7119
7048
7052
6888
6730
6630
6534
6455
6398
6376
6004
6091
6022
6027
5913
5807
5907
5753
5700
5830
5818
5834
5836
6097
6335
6235
6371
6363
6244
6190
6147
6245
6196
6038
6104
5976
5923
5931
5830
5738
5691
5823
5703
5608
5559
5580
5655
5799
5717
5586
5806
5678
5736
5733
5727
5844
5660
5689
5809
5676
5651
5643
5576
5737
5896
5980
5879
5856
5992
5984
6131
6291
6362
6574
6514
6626
6502
6350
6308
6329
6245
6263
6297
6232
6151
6065
6282
6430
6454
6580
6663
6762
6805
6751
6838
6888
7049
6917
7030
7005
6730
6744
6835
6992
6776
7075
6994
6904
7058
7171
7298
7050
6650
6775
6649
6598
6543
6443
6412
6318
6309
6335
6224
6028
6085
6008
5893
6027
5969
6027
6015
6043
5987
5894
5644
5634
5675
5818
5818
5863
5838
5928
6011
6043
6119
6072
6105
6211
6155
6270
6250
6182
6170
6354
6250
6259
6189
6141
6149
6152
6190
6186
6128
6040
5879
5753
5854
5760
5610
5624
5827
5916
5811
5871
5822
5826
5909
5770
5697
5949
5817
5734
5592
5616
5600
5576
5620
5622
5489
5563
5650
5668
5535
5281
5322
5139
5304
5254
5230
5204
5183
5186
5178
5214
5109
5211
5264
5544
5653
5657
5552
5633
5841
5975
6074
5989
5782
5849
5879
5730
5618
5751
5636
5594
5569
5601
5560
5639
5741
5847
5745
5820
5860
5710
5872
5741
5795
5822
5734
5601
5656
5674
5719
5777
5590
5679
5782
5809
5577
5526
5418
5300
5521
5436
5411
5467
5427
5347
5405
5512
5545
5543
5549
5479
5575
5566
5574
5488
5477
5604
5464
5603
5329
5410
5413
5433
5541
5640
5691
5485
5672
5800
5789
5929
6007
6162
6201
6092
6160
6178
6161
6021
6015
6299
6276
6286
6468
6549
6452
6676
6599
6547
6533
6744
6826
6848
6936
7138
7082
7056
6944
6703
6814
6684
6880
7024
6888
6881
6928
6742
6603
6647
6601
6649
6625
6666
6773
6886
6974
7021
7242
7198
6934
7022
7240
7474
7608
7550
7569
7458
7570
7564
7613
7633
7484
7562
7535
7372
7406
7533
7594
7445
7404
7399
7362
7267
7349
7195
7241
7034
7215
7172
7218
7232
7074
7057
7149
7036
7297
7268
7307
6951
6894
6777
6774
6816
6734
6386
6465
6464
6659
6578
6504
6529
6326
6312
6312
6277
6274
6202
6207
6306
6464
6525
6254
6084
6117
6253
6160
6310
6288
6311
6276
6295
6363
6366
6633
6589
6535
6583
6351
6414
6681
6426
6430
6455
6211
6260
6297
6248
6043
6163
6240
6115
6097
6076
6118
6192
6064
6048
5980
5790
5662
5739
5768
5611
5596
5464
5586
5765
5711
5523
5553
5683
5759
5686
5612
5540
5547
5396
5521
5500
5556
5583
5560
5641
5736
5599
5455
5509
5533
5602
5547
5559
5441
5492
5435
5359
5477
5549
5593
5701
5699
5565
5755
5672
5731
5744
5785
5729
5818
5807
5705
5763
5616
5616
5798
5690
5617
5590
5639
5564
5501
5550
5511
5352
5051
5081
5133
5248
5226
5130
5281
5341
5377
5261
5235
5309
5271
5217
5172
5151
5004
4944
4737
4742
4843
4827
4756
4894
4795
4769
4881
5111
5135
5065
5067
5008
4850
4895
4885
4884
4954
4969
4865
4912
4975
5084
4996
5128
5119
5043
5054
5084
5171
5047
5094
5172
5122
5151
4949
4871
4752
4948
4871
4919
4716
4937
4830
4741
4938
4836
4900
4863
4920
5017
4898
4827
4742
4817
4832
4873
4781
4758
4816
4924
4789
4788
4813
4863
4899
4714
4902
4922
4945
4985
5030
5035
5092
5188
5126
5080
5085
4962
5033
5077
5186
5132
5022
5184
5275
5186
5165
5059
4992
5000
4994
4931
4843
4807
4782
4928
4871
4822
4890
4838
4944
4890
5007
4854
5013
4899
4923
5059
5195
5092
5014
5034
5011
5016
4996
5083
5184
5145
5117
5156
5231
5283
5150
5241
5241
5246
5192
5287
5316
5205
5207
5116
5089
5000
5140
4954
5041
5169
5196
5335
5398
5485
5448
5496
5500
5466
5423
5364
5360
5207
5267
5495
5618
5597
5587
5546
5515
5325
5487
5639
5607
5757
5769
5552
5763
5720
5649
5401
5434
5438
5368
5137
5165
5291
5313
5360
5314
5437
5468
5396
5635
5600
5529
5526
5453
5437
5437
5497
5433
5490
5428
5349
5384
5337
5408
5377
5398
5479
5505
5427
5392
5452
5335
5450
5487
5455
5440
5275
5391
5477
5522
5358
5430
5507
5726
5641
5548
5467
5536
5306
5104
5143
4947
4768
4833
4825
4939
4868
4805
4837
4874
4870
4737
4734
4704
4620
4645
4709
4779
4775
4772
4826
4837
4938
4978
5296
5328
5207
5172
5115
5163
5407
5477
5405
5348
5451
5529
5410
5316
5238
5366
5447
5340
5252
5563
5489
5528
5640
5715
5622
5638
5600
5667
5864
5771
5591
5631
5718
5596
5617
5567
5630
5721
5577
5458
5553
5569
5597
5540
5589
5655
5753
5786
5804
5753
5716
5743
5824
5896
5990
5937
6154
6257
6280
6269
6118
6160
6283
6051
6006
5919
6004
6002
6050
6097
5925
5843
5965
5863
5719
5723
5508
5434
5383
5302
5203
5184
4978
5023
5070
4999
5182
5073
4942
5047
4974
4924
4910
4903
4976
5102
5268
5397
5407
5299
5366
5447
5653
5807
5896
5675
5436
5608
5632
5632
5621
5829
6038
6215
6164
6131
6224
6180
6115
6030
6079
6034
5949
5942
5857
5937
5887
5924
6090
6342
6505
6434
6497
6338
6370
6297
6385
6394
6435
6436
6546
6496
6389
6576
6521
6383
6555
6674
6741
6814
6747
6713
6503
6544
6691
6817
6935
6639
6580
6782
6890
6904
6967
6926
6757
6813
6816
7065
6961
6872
6859
6781
6798
6833
6925
6741
6780
6881
6880
6924
6949
6845
6808
6786
6797
6839
6736
6734
7008
6939
6827
6826
6981
6868
6824
6844
6682
6732
6824
6895
6938
6935
7018
7131
7091
7100
6900
6928
6814
6799
6917
6808
6685
6577
6619
6553
6515
6674
6583
6578
6363
6645
6608
6568
6575
6372
6455
6588
6572
6627
6593
6647
6648
6610
6606
6555
6499
6633
6694
6445
6465
6481
6368
6341
6172
6120
6309
6463
6567
6548
6683
6718
6787
6760
6792
7043
7032
7155
7035
7114
7134
7369
7288
7236
6987
6907
6925
6953
7050
7022
6944
7036
6923
7031
6907
7111
7078
7190
7183
7390
7285
7129
7022
7234
7201
7428
7564
7698
7629
7635
7532
7669
7799
7755
7663
7718
7485
7472
7487
7574
7813
7688
7612
7695
7827
7848
7723
7861
7884
7574
7599
7706
7563
7406
7346
7269
7258
7145
7228
6997
6977
7086
6972
6946
7072
6948
6698
6728
7073
6998
7052
7042
7037
7017
7078
7047
7006
6996
7121
7172
7058
6801
6592
6355
6503
6392
6425
6426
6542
6638
6565
6576
6525
6590
6620
6474
6389
6297
6367
6517
6504
6430
6426
6594
6710
6722
6780
6776
6815
6674
6732
6764
6766
6715
6701
6886
6903
6963
6887
6926
6847
6740
6901
6906
6846
6726
6697
6642
6678
6712
6593
6641
6696
6701
6783
6914
6902
7036
7046
7057
6874
6891
6811
6924
7028
6836
6592
6640
6456
6524
6420
6295
6440
6170
6150
6068
6267
6188
6001
5996
6136
6132
6188
6230
6223
6393
6286
6324
6271
6245
6183
6150
6042
5892
6011
5886
6032
5808
5820
5826
5740
5859
5803
5924
5839
5962
6130
6065
6137
6108
6140
5839
5996
5723
5750
5713
5757
5837
5724
5743
5738
5602
5525
5446
5520
5411
5293
5380
5339
5405
5342
5290
5417
5399
5612
5479
5577
5481
5568
5577
5653
5576
5596
5724
5616
5702
5782
5914
5880
5830
5794
5739
5658
5539
5532
5529
5492
5372
5524
5596
5403
5437
5428
5284
5344
5438
5418
5292
5018
5063
5239
5136
5116
5151
5237
5163
5101
5160
5084
4898
4933
4992
5010
4842
4735
4653
4710
4731
4661
4720
4573
4592
4651
4599
4629
4467
4404
4350
4331
4132
4155
4143
4332
4388
4406
4408
4453
4488
4486
4465
4344
4441
4411
4447
4362
4392
4420
4489
4523
4542
4696
4572
4731
4776
4796
4750
4770
4572
4617
4569
4598
4616
4778
4765
4752
4603
4509
4705
4839
4769
4716
4574
4431
4536
4363
4380
4435
4465
4503
4524
4517
4657
4500
4372
4325
4448
4346
4270
4125
4135
4124
4158
4139
4198
4244
4331
4259
4090
4218
4352
4266
4160
3984
3987
3999
4125
4169
4195
4324
4314
4293
4367
4274
4272
4175
4225
4072
4169
4114
4034
3964
3924
3915
4057
4119
4075
4095
4131
4230
4308
4392
4426
4498
4490
4581
4519
4423
4349
4388
4480
4474
4446
4644
4712
4705
4620
4575
4458
4533
4489
4456
4459
4397
4500
4334
4410
4317
4220
4163
4020
3967
4079
4046
4032
4070
4121
4077
4080
4009
4149
4283
4201
4220
4384
4345
4430
4508
4572
4582
4548
4398
4457
4479
4530
4483
4653
4712
4726
4781
4767
4720
4817
4877
4705
4699
4835
4863
4580
4612
4744
4838
4857
4750
4755
4817
4964
4976
4863
4775
4668
4704
4836
4852
4757
4713
4674
4617
4765
4590
4607
4709
4685
4674
4836
4978
5092
5194
5238
5146
5061
4962
5095
5138
5112
5117
5105
5044
5054
4824
4811
4717
4505
4411
4294
4353
4191
4289
4286
4375
4353
4343
4434
4510
4500
4363
4368
4322
4531
4582
4687
4554
4630
4514
4658
4820
4780
4663
4618
4634
4542
4508
4590
4568
4612
4413
4245
4322
4248
4183
4185
4367
4473
4607
4542
4445
4444
4495
4621
4779
4729
4729
4502
4644
4820
4629
4698
4735
4838
4961
4823
4555
4466
4558
4546
4572
4461
4541
4458
4446
4517
4497
4375
4273
4311
4279
4448
4522
4570
4516
4547
4378
4245
4347
4239
4302
4197
4278
4276
4194
4181
4184
4083
4171
4052
4129
4124
4215
4275
4490
4488
4608
4593
4609
4540
4536
4536
4549
4485
4490
4539
4454
4526
4639
4565
4643
4777
4765
4702
4791
4736
4763
4776
4931
4801
4883
4836
4778
4852
4960
5087
5111
4987
4919
4927
5014
4938
4835
4841
4887
4913
4896
4875
4737
4782
4647
4517
4573
4721
4722
4762
4720
4904
4825
4829
4696
4653
4733
4894
5142
5128
5256
5301
5210
5354
5474
5662
5579
5716
5614
5502
5361
5355
5405
5550
5603
5704
5562
5574
5522
5784
5580
5640
5656
5582
5556
5373
5131
5024
4974
4938
4829
4906
4876
4684
4787
4646
4769
4775
4672
4598
4530
4623
4595
4791
4898
4968
4910
4803
4889
