1005000
268007
174038
129635
102552
84638
73122
63195
55981
50303
44706
41277
37687
34995
32388
30564
28700
26800
25356
24074
22655
21682
20577
19523
18659
17823
17177
16132
15603
15176
14558
14118
13393
13215
13102
12824
12260
11874
11468
11403
11178
10777
10629
10249
9728
9496
9176
8927
8857
8652
8542
8326
8175
8189
7925
7666
7559
7543
7398
7394
7438
7346
7349
7171
7048
7174
7024
6963
6510
6433
6291
6349
6173
6216
6335
6162
6251
6021
5931
5761
5616
5526
5482
5478
5392
5378
5330
5339
5226
5150
5218
5170
5145
5296
5207
5180
5060
4813
4774
4743
4716
4592
4449
4273
4330
4336
4288
4324
4156
4047
4002
4104
4055
4072
4198
4065
4009
4031
3985
3900
3924
3957
4089
3795
3766
3693
3689
3646
3568
3609
3627
3803
3701
3708
3619
3577
3500
3490
3348
3333
3245
3173
2993
2878
2958
2956
2802
2807
2655
2631
2605
2549
2516
2583
2483
2434
2298
2334
2418
2417
2391
2363
2404
2358
2367
2461
2470
2544
2448
2426
2479
2374
2346
2370
2296
2295
2305
2407
2346
2205
2214
2191
2263
2209
2226
2312
2380
2362
2408
2376
2447
2386
2419
2488
2430
2477
2599
2580
2511
2665
2709
2808
2926
2835
2929
2899
2974
2908
2951
3019
2944
2980
2986
2985
2928
3004
2938
2996
2853
2981
2875
2763
2873
2917
2949
2904
3127
3042
2982
2868
2821
2817
2893
3005
2977
2936
2999
2976
3022
3167
3135
2973
2798
2788
2811
2883
2815
2709
2506
2536
2492
2417
2582
2655
2690
2781
2839
2953
2943
2827
2726
2651
2716
2712
2714
2851
2744
2717
2762
2682
2708
2608
2646
2730
2731
2635
2587
2679
2746
2619
2674
2661
2736
2673
2740
2692
2697
2652
2635
2565
2598
2545
2566
2599
2625
2651
2751
2667
2722
2740
2694
2726
2776
2788
2900
2771
2713
2664
2591
2554
2533
2592
2635
2615
2819
2914
2838
2878
2946
3129
3181
3273
3186
3069
3069
3025
2937
2928
2971
3093
3066
3141
3129
2998
3072
3065
3012
2952
2939
2988
3104
3227
3244
3309
3309
3423
3360
3584
3663
3675
3642
3540
3542
3619
3589
3641
3600
3746
3766
3538
3461
3496
3432
3453
3375
3500
3653
3711
3577
3673
3643
3537
3622
3511
3487
3571
3586
3507
3394
3320
3485
3447
3382
3435
3387
3370
3325
3314
3457
3528
3598
3576
3586
3802
3911
3958
3981
4047
3922
3885
3842
3821
3868
4014
4009
3932
3976
3971
3800
3745
3681
3648
3690
3643
3520
3353
3186
3091
3244
3288
3183
3073
3107
2962
3046
3174
3204
3142
3057
3182
3209
3210
3338
3352
3381
3184
3235
3133
3089
3188
3160
3259
3311
3232
3194
3195
3116
3121
3006
3049
3002
2854
2861
2876
2951
2993
2990
2902
2896
2917
2911
2853
2909
3012
2973
2871
2865
2894
2917
2908
2949
2992
2971
2953
2980
3026
3108
3060
3014
3053
2988
3028
2985
2851
2792
2822
2829
2923
2929
2982
3034
2983
3054
2907
3031
2904
2969
2941
2892
2916
2829
2863
2823
2796
2678
2569
2520
2537
2444
2454
2528
2532
2536
2660
2649
2662
2707
2654
2642
2566
2479
2612
2760
2815
2893
2866
2868
2794
2835
2787
2875
2839
2894
2872
2886
2887
2925
2843
2912
2867
2901
2856
2865
2891
2919
2921
2961
2943
2999
3017
3100
3031
3040
3064
3198
3297
3171
3162
3277
3270
3125
3277
3235
3192
3196
3249
3229
3249
3321
3427
3376
3334
3316
3181
3444
3510
3427
3523
3527
3667
3740
3799
3791
3821
3886
3846
3764
3868
3800
3752
3786
3837
3792
3667
3509
3411
3484
3564
3577
3501
3494
3495
3367
3247
3162
2999
2953
2877
2890
2831
3041
3139
3203
3142
3167
3093
2950
3173
3153
3119
3167
3160
3211
3318
3313
3323
3443
3470
3493
3469
3453
3471
3464
3465
3514
3397
3451
3360
3564
3477
3512
3514
3572
3463
3465
3441
3519
3523
3464
3490
3518
3467
3481
3578
3658
3511
3417
3477
3474
3490
3524
3520
3589
3579
3569
3610
3610
3612
3748
3717
3787
3847
3817
3746
3795
3716
3696
3765
3778
3690
3686
3582
3510
3574
3586
3519
3522
3388
3325
3304
3196
3143
3164
3202
3164
3094
3150
3108
3150
3063
3201
3227
3301
3206
3232
3184
3087
3145
3304
3245
3307
3286
3239
3419
3425
3334
3360
3414
3469
3504
3343
3244
3346
3268
3289
3315
3413
3445
3523
3704
3706
3679
3765
3715
3614
3512
3512
3464
3473
3487
3404
3366
3230
3221
3199
3200
3204
3195
3126
3160
3270
3308
3251
3146
3114
2905
2827
2761
2690
2695
2701
2740
2789
2861
2878
2778
2828
2794
2921
3111
2980
3093
3186
3171
3258
3222
3224
3228
3201
3096
3042
3115
3126
3068
3030
3059
3169
3310
3223
3197
3113
3045
3176
3173
3114
3089
3036
3109
3218
3111
3071
3133
3272
3292
3199
3289
3290
3294
3261
3388
3453
3249
3211
3105
3217
3136
3235
3172
3139
2949
2868
2956
2957
2968
3040
3201
3161
3160
3201
3180
3228
3331
3329
3289
3428
3511
3397
3451
3432
3317
3292
3341
3489
3553
3436
3501
3493
3667
3785
3706
3599
3581
3667
3662
3637
3679
3569
3529
3505
3493
3617
3550
3560
3648
3733
3822
3957
4048
3976
4003
4069
4038
3998
4060
4037
3926
3946
4017
3947
3975
3895
3824
3741
3756
3818
4002
3911
4012
3895
3931
3888
3737
3656
3560
3662
3602
3627
3626
3418
3519
3596
3489
3663
3646
3579
3665
3617
3661
3517
3558
3542
3654
3587
3611
3556
3588
3613
3618
3543
3509
3455
3460
3513
3530
3477
3543
3577
3528
3607
3592
3670
3673
3794
3746
3810
3658
3676
3660
3665
3604
3643
3745
3774
3755
3628
3669
3651
3637
3656
3658
3911
3842
3835
3742
3789
3829
3835
3710
3789
3644
3561
3650
3680
3691
3654
3702
3852
3849
3631
3650
3400
3574
3621
3762
3873
3879
3946
3970
3864
3759
3827
3862
3738
3822
3770
3812
3837
3870
3950
4047
4051
4107
4252
4112
4104
4274
4268
4279
4330
4440
4332
4428
4456
4562
4572
4599
4623
4651
4552
4548
4591
4667
4658
4707
4733
4899
5021
5074
5063
5080
5096
5134
5118
5126
5291
5205
5300
5299
5291
5465
5430
5396
5367
5441
5394
5472
5293
5259
5352
5197
5175
5248
5469
5686
5761
5853
5887
5683
5655
5612
5578
5716
5827
5837
5792
5868
5833
5770
5707
5743
5754
6011
5984
5953
5876
5883
5754
5789
5720
5615
5629
5543
5588
5731
5781
5627
5466
5466
5305
5279
5170
5277
5191
5246
5303
5222
5373
5259
5440
5504
5550
5474
5474
5330
5408
5701
5509
5534
5502
5749
5763
5674
5727
5771
5779
5884
5990
5948
6052
6012
5950
6036
5939
6108
6178
6316
6269
6368
6432
6440
6366
6291
6281
6433
6452
6470
6503
6455
6561
6537
6483
6580
6461
6651
6864
6734
6761
6676
6718
6760
6628
6814
6769
6848
7046
7018
6714
6594
6405
6212
6088
6052
5833
5731
5809
5902
5878
5810
5820
5819
5828
5880
5902
5955
5963
5995
6060
5979
5880
6029
5918
5936
6026
6076
6087
6120
6119
6175
6134
6149
6058
5880
5738
5798
5836
5728
5687
5594
5617
5537
5664
5736
5590
5701
5568
5682
5563
5514
5361
5366
5339
5290
5174
5299
5370
5328
5356
5360
5299
5288
5443
5199
5130
5282
5251
5275
5198
5405
5335
5130
5153
5110
5318
5351
5383
5215
5293
5436
5524
5491
5506
5637
5683
5747
5728
5631
5747
5536
5603
5427
5475
5670
5568
5647
5777
5604
5626
5723
5648
5746
5586
5747
5768
5764
5832
5834
5980
5857
5916
5897
6098
6110
6105
5999
5922
6039
6081
6104
6050
6251
6113
6131
6040
6240
6275
6477
6384
6296
6266
6325
6323
6265
6162
6124
6183
6184
6034
6034
6055
6151
6120
6010
5881
5883
5918
6089
6238
6393
6365
6182
6133
6186
6104
5967
6043
5971
5993
6055
6216
6146
6220
6267
6279
6401
6265
6280
6266
6276
6320
6260
6271
6347
6136
6191
6032
5952
5835
5873
5895
5983
6018
6007
6089
6170
6211
6021
6142
6022
6056
6100
6107
6224
6299
6330
6170
6216
6002
5998
6041
5868
5810
5757
5753
5560
5434
5324
5160
5053
4893
4849
4854
4825
4786
4866
4824
4881
4881
4862
5063
5106
5054
4906
4846
4840
5039
5143
5311
5395
5344
5421
5548
5574
5553
5641
5807
5938
6063
6100
6167
6085
6105
6108
6279
6235
6272
6418
6485
6382
6484
6357
6284
6025
5979
6103
6139
6274
6341
6286
6176
6322
6253
6479
6364
6401
6416
6451
6332
6372
6371
6451
6526
6521
6617
6660
6424
6435
6284
6213
6197
6033
6109
6101
6097
6306
6234
6184
6264
6403
6398
6364
6354
6411
6321
6409
6274
6244
6226
6334
6415
6482
6498
6286
6349
6392
6258
6274
6501
6523
6415
6387
6507
6625
6549
6316
6230
6347
6357
6505
6452
6557
6500
6443
6542
6564
6507
6519
6569
6461
6106
5913
5889
6138
6129
6202
6056
6155
6159
5963
6034
6041
6031
6100
6162
6132
6277
6164
6106
5967
6016
5928
5839
5869
5844
5959
6059
6019
6086
6145
6115
6244
6393
6391
6274
6277
6198
6279
6350
6244
6296
6163
6053
5998
5978
5964
6089
6049
6153
6271
6379
6434
6569
6660
6779
6832
6680
6829
6715
6801
6709
6742
6633
6559
6290
6317
6195
6311
6299
6422
6402
6377
6539
6682
6832
6954
7017
6829
6874
6922
6649
6668
6613
6662
6590
6579
6561
6481
6259
6356
6173
6061
6041
6191
6335
6382
6471
6572
6496
6310
6256
6420
6375
6155
6140
5874
5828
5800
5822
5876
5826
5766
5654
5640
5871
5686
5767
5790
5896
5912
5951
6080
6279
6183
6115
5998
5849
5845
5708
5622
5733
5617
5682
5791
5720
5648
5702
5767
5694
5797
5873
5986
6149
6206
6146
6112
5950
6166
6124
6297
6217
6288
6401
6533
6425
6213
6335
6362
6301
6206
6238
6379
6264
6236
6214
6156
5965
5816
5794
5829
5842
6109
6165
6227
6403
6324
6191
6199
6327
6306
6300
6497
6645
6684
6700
6875
6901
7021
6863
6778
6497
6623
6361
6321
6444
6553
6710
6897
6854
6680
6749
6631
6648
6694
6689
6670
7011
6977
6991
6910
6987
6924
7022
7052
6951
6683
6759
6769
6918
7202
7385
7396
7242
7406
7349
7314
7261
7103
6970
6980
6972
7215
7157
7115
7125
7177
7159
7210
7261
7367
7203
7349
7321
7518
7366
7380
7306
7235
7097
7278
7288
7402
7384
7398
7404
7531
7413
7560
7478
7540
7493
7336
7244
7286
7272
7382
7254
7302
7383
7406
7463
7158
7153
7043
6762
6905
6811
6744
6594
6432
6516
6502
6333
6172
6384
6466
6443
6410
6291
6180
6387
6199
6022
6137
5993
5889
5728
5699
5694
5946
5880
5816
5813
5719
5510
5642
5760
5541
5500
5636
5769
5765
5873
5814
5882
6014
6072
6074
6121
6108
5912
5913
6060
6056
6074
6051
6150
6022
6104
5931
5880
5930
5672
5803
5895
5922
5844
5719
5812
5795
5649
5477
5569
5572
5685
5778
5805
5740
5843
5801
5671
5751
5700
5481
5449
5384
5443
5563
5631
5684
5656
5433
5382
5442
5365
5340
5398
5297
5309
5240
5255
5291
5210
5228
5143
5098
5082
5057
5066
5147
5220
5235
5160
5149
5200
5252
5367
5335
5372
5358
5296
5358
5178
5270
5460
5401
5435
5396
5422
5314
5365
5312
5314
5130
5286
5233
5231
5165
5245
5243
5244
5381
5220
5011
5118
5272
5124
5186
5155
4959
4948
5027
5046
5133
5110
5141
5159
5338
5412
5319
5527
5390
5390
5338
5420
5268
5270
5315
5231
5254
5255
5232
5332
5427
5358
5384
5436
5407
5236
5067
4919
4914
4749
4668
4615
4566
4680
4724
4731
4629
4688
4808
4894
4921
4920
4889
4826
4832
4811
4866
4901
4878
4937
5008
4934
4954
4828
4720
4814
4810
4865
4873
4815
4778
4701
4577
4573
4471
4444
4482
4471
4564
4675
4720
4716
4714
4816
4872
4991
5027
4942
4837
4713
4593
4548
4620
4676
4777
4900
4760
4636
4419
4486
4426
4672
4878
4929
5118
5263
5024
4974
4905
4949
5013
4861
4860
4897
4994
4949
4672
4799
4798
4834
5009
5190
5081
5147
4948
4979
4813
4941
5076
5087
5013
4926
4857
4693
4500
4392
4440
4459
4636
4591
4623
4657
4703
4981
4906
4956
4918
5087
5006
4932
4906
4844
4765
4872
4855
4855
4794
4790
4828
4824
4956
5018
5076
5183
5167
5246
5290
5048
5207
5087
5291
5338
5340
5345
5436
5475
5404
5407
5497
5634
5640
5575
5503
5398
5338
5309
5397
5475
5298
5359
5383
5448
5396
5485
5268
5282
5311
5441
5546
5670
5783
5722
5857
5853
5819
5791
5856
5787
5622
5593
5673
5689
5644
5617
5549
5627
5807
5832
5780
5936
6041
6262
6386
6358
6493
6465
6564
6467
6303
6303
6385
6222
6149
6137
6178
6183
6166
6011
6086
5992
5975
6018
5929
5824
5558
5535
5625
5529
5552
5669
5581
5717
5699
5842
5812
5959
5828
5819
5915
5899
6067
6199
6239
6197
6047
5960
5963
5982
6070
5950
5922
6035
6087
6345
6374
6349
6363
6364
6333
6397
6458
6544
6623
6702
6673
6457
6320
6418
6479
6519
6615
6723
6681
6712
6737
6658
6825
6863
6677
6664
6664
6610
6570
6478
6554
6697
6802
6813
6789
6602
6227
6329
6285
6287
6221
6441
6407
6399
6246
6348
6409
6379
6363
6458
6549
6634
6517
6500
6487
6501
6507
6486
6460
6706
6736
6761
6679
6564
6704
6718
6709
6748
6731
6500
6516
6726
6718
6756
6651
6538
6401
6275
6398
6238
6298
6198
6220
6110
6026
6072
6079
5958
5954
5999
5980
5932
5899
5879
5784
5849
5704
5714
5632
5673
5731
5833
5701
5726
5773
5789
5879
5782
5716
5703
5655
5641
5627
5576
5651
5782
5852
5854
5889
5757
5790
5742
5735
5768
5598
5791
5905
5837
5877
5958
6039
6290
6194
6125
6143
6305
6122
6237
6153
6249
6148
6276
6087
6093
6114
6176
6170
6021
6247
6071
5943
5845
5985
6222
6149
6167
6150
6039
5974
5914
5957
5977
5991
6129
6132
6218
6254
6292
6380
6281
6547
6546
6634
6615
6733
6799
6584
6708
6527
6605
6468
6379
6191
6018
5854
5747
5703
5540
5550
5650
5710
5654
5707
5728
5724
5821
6045
5986
6101
6170
6129
6005
5837
5814
5888
6022
6017
5982
6161
6309
6318
6140
6074
5950
5906
5887
5727
5701
5839
5827
5847
6012
5817
5802
5571
5462
5294
5253
5361
5303
5214
5204
5202
5260
5202
5267
5407
5353
5199
5087
5102
5171
5036
5000
4879
4782
4911
4973
4926
4976
4858
4692
4808
4817
4728
4806
4909
4783
4769
4905
4965
4930
4926
5246
5317
5297
5236
5307
5260
5234
5255
5321
5329
5359
5339
5422
5602
5633
5672
5571
5603
5630
5669
5812
5985
5990
5981
5939
5870
5771
5831
5860
5863
5859
5802
5943
5915
6055
6102
6368
6209
6329
6348
6448
6448
6560
6618
6522
6488
6439
6424
6603
6397
6348
6417
6326
6320
6453
6575
6587
6841
6867
6950
6715
6771
6860
6872
6837
6517
6528
6594
6320
6266
6407
6320
6160
5970
5947
5890
5858
5894
5780
5533
5577
5589
5562
5616
5584
5809
5881
5933
5954
5887
5784
5843
5727
5834
5960
5694
5772
5835
5882
5924
5931
6151
6052
5944
6080
6223
6203
6213
6289
6123
6252
6406
6398
6401
6357
6400
6189
6234
6278
6384
6447
6392
6415
6405
6529
6354
6469
6425
6470
6529
6674
6692
6706
6790
6694
6655
6650
6751
6942
6938
7131
7079
7016
6920
6851
6822
7050
7054
7153
7076
6991
6957
6630
6509
6414
6426
6281
6255
6369
6430
6500
6515
6587
6575
6775
6963
6926
6924
6803
6746
6645
6736
6771
6744
6765
6857
6630
6509
6529
6434
6415
6499
6478
6369
6488
6342
6218
6186
6362
6352
6263
6428
6408
6451
6494
6507
6478
6314
6298
6336
6338
6438
6483
6533
6545
6742
6642
6636
6651
6420
6496
6580
6603
6562
6746
6664
6688
6759
6699
6551
6581
6419
6483
6508
6549
6501
6369
6689
6770
6722
6624
6728
6765
6741
6640
6512
6640
6539
6295
6602
6554
6541
6580
6805
6947
7217
7183
7060
7035
7008
6973
6877
6850
6804
6739
6927
7074
7157
7298
7244
7207
7149
7294
7381
7299
7069
7030
6866
6820
6785
6773
6624
6475
6336
6286
6366
6272
6197
6254
6298
6436
6581
6749
6783
6813
6748
6913
6978
7123
7084
7169
7182
7275
7234
6943
6952
6681
6651
6575
6508
6447
6407
6379
6394
6472
6482
6409
6379
6327
6582
6400
6526
6626
6564
6539
6509
6494
6589
6661
6743
6641
6563
6538
6365
6461
6382
6387
6235
6258
6217
6284
6234
6349
6318
6342
6397
6372
6357
6384
6444
6512
6627
6514
6488
6546
6401
6472
6676
6679
6750
6772
6589
6635
6509
6538
6453
6630
6816
6749
6681
6685
6805
6907
6955
7004
6930
7058
7056
6825
6796
6840
7052
6816
6851
6860
6812
6650
6541
6409
6311
6494
6484
6506
6363
6249
6236
6201
6201
6083
6238
6257
6377
6335
6264
6368
6336
6219
6480
6365
6495
6295
6243
6250
6306
6295
6298
6377
6365
6163
6103
6004
6114
6060
6067
6137
6009
5980
5911
5943
6056
6229
6423
6382
6336
6496
6846
6711
6666
6609
6720
6818
6834
6857
6944
6778
6846
6701
6738
6830
6759
6862
6854
6859
6915
6986
6891
7059
7110
7109
7100
7071
6960
6923
6881
6902
7006
7190
7254
7319
7249
7147
7116
7327
7240
7203
7129
7253
7174
7179
7127
7032
7076
6956
6877
6982
7183
7090
7277
7296
7391
7395
7340
7440
7617
7500
7658
7304
7231
7429
7239
7317
7524
7571
7535
7389
7201
7302
7315
7221
7170
7039
7184
7270
7095
7248
7273
7268
7285
7323
7323
7167
7369
7541
7419
7405
7278
7166
7115
7010
6952
6922
7053
7062
7050
6865
6733
6882
6968
6954
6833
6605
6698
6782
6898
6759
6710
6736
6565
6556
6574
6662
6576
6597
6634
6622
6593
6538
6391
6564
6374
6316
6244
6230
6291
6167
6012
5944
5638
5790
5789
5971
5868
5749
5746
5768
5739
5862
5829
5853
5855
5911
5975
5875
5793
5737
5883
5788
5663
5443
5394
5237
5175
5327
5477
5421
5579
5693
5583
5540
5429
5550
5549
5722
5781
5749
5682
5693
5871
5998
5772
5658
5498
5642
5586
5626
5766
5575
5652
5688
5782
5806
5777
5764
5767
5770
5583
5561
5566
5489
5492
5411
5143
5279
5233
5131
5268
5258
5425
5356
5389
5478
5679
5737
5776
5725
5560
5599
5614
5727
5785
5939
5875
5795
5832
5913
6024
5985
5863
5936
5847
6118
6079
6056
6041
6122
6024
6043
5992
6080
6162
6158
6072
6234
6327
6320
6260
6135
6414
6641
6606
6565
6464
6545
6548
6347
6222
6134
6218
6343
6344
6304
6358
6286
6454
6404
6457
6560
6676
6690
6768
6604
6616
6385
6212
6246
6199
6123
6296
6120
6058
5932
6001
6132
6086
6253
6395
6443
6533
6435
6625
6501
6678
6647
6452
6410
6451
6324
6420
6475
6556
6511
6535
6610
6486
6371
6303
6285
6277
6100
5871
5606
5564
5565
5563
5625
5741
5890
5964
6176
6127
6100
6159
6312
6275
6248
6233
6277
6268
6346
6347
6406
6281
6251
6376
6187
6289
6305
6121
6230
6070
6085
6124
6088
6069
6017
5964
6060
6192
6155
6124
6114
6178
6024
5770
5902
5970
6221
6159
5983
6012
6027
6125
6120
5870
5858
5961
5991
5982
6067
6087
6322
6310
6295
6315
6113
6023
5952
6066
6113
6140
5767
5858
5894
5798
6061
6069
6069
6067
6296
6310
6183
6297
6382
6535
6680
6781
6797
6779
6666
6388
6461
6540
6346
6214
6217
6251
6409
6480
6268
6162
6094
5904
5707
5746
5788
5724
5723
5710
5667
5547
5585
5486
5343
5375
5308
5364
5227
5394
5208
5189
5200
5280
5250
5386
5303
5452
5532
5174
5379
5406
5456
5487
5590
5581
5473
5497
5419
5392
5412
5365
5345
5320
5196
5233
5181
5351
5284
5209
5246
5169
5168
5234
5103
5094
5107
5035
5033
4907
4978
4877
4948
4894
4831
4805
4662
4747
4608
4509
4396
4391
4298
4325
4394
4481
4585
4651
4674
4550
4493
4439
4306
4338
4383
4599
4674
4722
4879
5010
5018
5029
4930
4887
4898
4725
4719
4793
4928
4870
4730
4756
4711
4714
4770
4903
5128
5050
5058
5074
5128
4945
4904
4945
4849
4873
4831
4853
4815
4745
4765
4834
4904
4852
4827
4889
4971
5050
5072
5121
5103
5094
5086
5072
5015
5068
5184
5221
5265
5262
5395
5471
5268
5214
5116
5005
5057
5069
5059
5027
5338
5249
5289
5224
5237
5370
5181
5160
5112
5252
5140
5240
5273
5295
5422
5478
5364
5279
5212
5511
5429
5294
5354
5445
5380
5384
5494
5675
5711
5717
5668
5741
5741
5709
5669
5677
5714
5788
5873
5999
6028
6241
6073
6071
6058
5896
6018
6055
6301
6170
6222
6455
6580
6665
6646
6768
6767
6727
6827
6875
6839
6882
6785
6558
6693
6393
6374
6424
6579
6561
6454
6466
6402
6292
6351
6261
6305
6410
6047
6047
5994
6169
6238
6006
5833
5799
5906
5995
6120
6075
6184
6219
6247
6129
6196
6322
6293
6078
6187
6134
6076
6069
6236
6101
6061
5882
5916
5936
5742
5714
5742
5738
5823
5794
5793
5748
5952
5965
6010
6074
6113
6080
5985
5842
5655
5827
5601
5583
5458
5593
5565
5477
5366
5482
5399
5491
5458
5437
5445
5424
5394
5495
5514
5358
5321
5378
5292
5309
5258
5409
5438
5565
5631
5722
5656
5676
5666
5750
5910
6008
6082
5986
6109
6097
6264
6218
6379
6334
6218
6464
6567
6779
6656
6625
6536
6496
6617
6617
6627
6621
6474
6427
6388
6205
6189
6112
6025
6212
6207
6223
6229
6092
6081
6267
6441
6569
6561
6474
6506
6361
6343
6317
6337
6360
6162
6203
6021
5919
5746
5819
5776
5982
6005
6085
6097
6148
6132
6007
5967
5745
5870
5907
5777
5816
5903
5823
5714
5676
5622
5542
5610
5656
5645
5517
5627
5793
5833
5965
5961
5902
5989
5933
5964
6011
5990
5827
5747
5823
5803
5688
5887
5883
6112
6072
6061
6013
6076
6004
6142
6202
6245
6386
6482
6405
6643
6633
6732
6961
6759
6677
6596
6633
6522
6666
6766
6541
6604
6664
6662
6646
6692
6769
6924
6955
6930
7115
6942
6836
6615
6732
6915
7031
7058
7170
7258
7424
7589
7545
7385
7286
7352
7535
7454
7490
7617
7233
6936
7021
7061
7075
7078
6993
7088
6935
6758
6616
6663
6602
6708
6609
6629
6671
6616
6805
6758
6764
6783
6689
6614
6723
6702
6553
6378
6459
6454
6508
6383
6596
6514
6495
6581
6318
6134
6242
6124
6113
6119
5874
5904
5935
6093
5965
6137
6100
6001
5875
5722
5873
5923
5984
5980
5926
5906
6080
6005
6080
5976
5965
5869
5879
5922
5827
5768
5743
5835
5885
5888
5816
5690
5709
5932
5903
5783
5880
5857
6075
5895
5968
6010
5659
5724
5762
5722
5657
5690
5862
5846
5835
5890
5840
5972
6118
6007
5931
6002
6116
6352
6416
6354
6191
6294
6382
6316
6074
5994
5971
5895
5928
6059
6022
6095
6214
6207
6290
6234
6116
5980
6020
6071
6033
6111
6416
6299
6311
6406
6402
6275
6526
6564
6692
6798
6755
6754
6732
6740
6703
6674
6716
6443
6330
6270
6118
6006
6118
6057
6089
6081
6018
6123
6210
6040
6064
6111
6077
6033
6076
6197
6236
6291
6103
5959
5980
6082
6387
6390
6423
6500
6633
6622
6630
6723
6620
6676
6746
6470
6366
6300
6370
6344
6267
6217
6297
6331
6341
6452
6533
6546
6585
6603
6556
6593
6550
6630
6609
6668
6410
6333
6357
6158
6202
6200
6263
6350
6307
6153
6073
6213
6199
6047
6017
5903
5987
6174
6084
6105
6125
6140
6031
6029
5924
5984
6027
6076
5941
5992
6064
6138
6102
6299
6203
6228
6217
6209
6311
6253
6381
6269
6234
6188
5964
5953
6000
5972
6040
5933
6024
6124
5972
6032
5773
5905
5974
6101
6005
5691
5678
5604
5689
5676
5876
5753
5641
5663
5806
5886
6020
6028
6113
6009
6078
6147
6194
6205
6186
5973
5918
6104
6106
6101
6023
5911
5810
5770
5705
5681
5666
5683
5614
5724
5876
5782
5747
5796
5586
5578
5493
5352
5513
5612
5659
5592
5645
5489
5362
5416
5540
5689
5748
5752
5669
5673
5820
5912
6089
5930
6038
6168
6244
6347
6600
6727
6706
6691
6558
6643
6632
6555
6541
6508
6631
6567
6733
6485
6467
6395
6638
6635
6726
6628
6704
6609
6603
6522
6680
6665
6413
6398
6456
6570
6783
6757
6717
6592
6593
6517
6409
6394
6201
6139
6407
6341
6238
6157
6136
6165
6115
6190
6246
6248
6190
6264
6435
6538
6261
6190
6226
6438
6403
6395
6570
6548
6333
6255
6381
6299
6468
6432
6465
6346
6138
6137
6445
6486
6341
6541
6591
6511
6556
6582
6581
6450
6511
6340
6224
6239
6364
6524
6507
6569
6689
6749
6757
6754
6644
6623
6683
6584
6593
6494
6564
6463
6546
6520
6713
6806
6796
6666
6812
6788
6856
6900
6872
6962
7038
7057
6958
6922
6913
6899
7037
7181
7192
6953
6852
6790
6651
6737
6699
6795
6810
6815
6865
6793
6916
7049
7054
6970
7063
7045
7157
7051
6993
7120
7038
7053
6732
6716
6702
6855
6850
6733
6797
6695
6674
6457
6698
6659
6786
6667
6761
6869
6825
6679
6691
6548
6613
6428
6232
6268
6309
6212
6046
5923
5799
5714
5687
5737
5737
5634
5655
5734
5579
5534
5755
5818
5713
5739
5827
5660
5603
5543
5520
5670
5714
5593
5502
5688
5742
5701
5609
5602
5701
5769
5907
5948
6027
5937
5896
5751
5616
5738
5823
5690
5750
5839
5821
5728
5530
5747
5888
6082
6033
6155
6287
6293
6077
6133
6023
5984
5837
5912
5888
5993
5972
6188
6485
6777
6712
6775
6794
6771
6874
6810
6551
6462
6400
6456
6570
6507
6386
6434
6450
6289
6553
6221
6292
6337
6294
6304
6205
6281
6263
6232
6176
6230
6172
6038
5866
5725
5705
5677
5643
5717
5508
5489
5589
5525
5573
5774
5622
5850
5848
6076
6266
6288
6288
6253
6283
6240
6046
5980
5927
5928
5930
5802
5834
5837
5749
5649
5665
5675
5374
5474
5585
5552
5521
5597
5473
5550
5537
5683
5647
5705
5817
5706
5670
5854
5814
5728
5776
5688
5570
5706
5763
5593
5602
5731
5744
5594
5716
5438
5375
5261
5339
5278
5200
5130
5124
5235
5208
5396
5444
5375
5480
5739
5901
5939
5822
6122
6183
6213
6280
6290
6148
6149
6222
6242
6166
6062
6028
5925
5808
5870
5846
5901
5740
5565
5738
5533
5715
5706
5664
5808
5816
5957
5955
5963
6020
5936
5929
5908
5879
5877
5792
5990
5927
5953
5925
5838
6010
6028
6027
5939
5874
5986
5975
5892
5756
5869
5863
5745
5748
5781
5761
5736
5911
5910
6051
6016
6155
6154
6159
5972
5856
5969
6009
6027
5819
5762
5697
5733
5701
5569
5584
5641
5604
5514
5278
5135
5107
5231
5339
5318
5292
5329
5301
5264
5208
5379
5449
5521
5470
5585
5529
5489
5460
5444
5505
5537
5427
5484
5496
5547
5553
5344
5513
5613
5783
5921
5861
5840
5845
5833
6004
5940
5841
5824
5693
5745
5875
5978
5878
5754
5673
5784
5752
5823
5793
5887
6071
6042
5878
5961
5986
5746
5817
5851
5887
6008
6025
5935
5984
5919
6021
5944
6002
6041
6115
6125
6291
6239
6191
6348
6481
6277
6284
6376
6430
6412
6497
6419
6339
6419
6420
6496
6569
6724
6859
6762
6712
6559
6564
6474
6579
6602
6548
6387
6371
6312
6306
6294
6208
6165
6314
6395
6364
6425
6564
6484
6386
6209
6138
6241
6402
6247
6184
6064
6152
6075
6266
6275
6235
6251
6233
6205
6028
6105
6101
6022
6029
5946
5724
5595
5697
5684
5548
5590
5751
5706
5669
5702
5707
5662
5909
5956
5961
6082
6110
6235
6219
6242
6338
6272
6312
6311
6339
6545
6545
6738
6763
6692
6672
6571
6352
6347
6409
6451
6335
6378
6497
6527
6546
6758
6719
6664
6650
6662
6790
6610
6494
6505
6566
6548
6665
6839
6659
6549
6470
6595
6652
6813
6932
6934
6887
6883
6892
6855
6636
6601
6586
6799
6655
6766
6734
6583
6573
6653
6774
6996
6895
6914
6923
6697
6639
6760
6624
6626
6616
6593
6533
6555
6655
6619
6558
6448
6470
6259
6392
6385
6449
6362
6333
6411
6457
6413
6610
6702
6791
6723
6804
6688
6637
6460
6445
6586
6298
6146
6116
6263
6329
6421
6372
6320
6287
6180
5952
5871
5746
5791
5743
5721
5735
5794
5860
5805
5640
5957
5962
5959
5828
5794
5788
5667
5622
5737
5730
5630
5589
5744
5870
5812
5745
5873
5945
5724
5522
5562
5426
5391
5418
5484
5485
5515
5457
5421
5525
5411
5341
5320
5285
5357
5265
5244
5344
5279
5200
4987
4797
4790
4973
4930
4998
4903
4807
4931
5033
4867
4871
4934
4955
4846
4891
4784
4828
4911
4788
4798
4736
4680
4811
4754
4714
4570
4470
4720
4824
4845
4805
4739
4629
4764
4678
4519
4450
4413
4499
4520
4786
4742
4767
4926
4901
5090
5047
5017
4959
5039
5097
5275
5223
5229
5216
5237
5168
5350
5280
5164
5309
5099
5117
5165
5088
5158
5139
5155
5407
5445
5727
5791
5985
5912
6008
5851
5822
5814
5841
5823
6032
5890
5796
5881
6058
6170
6287
6222
6047
6059
6249
6262
6407
6461
6311
6302
5979
6132
6237
6567
6715
6630
6554
6479
6491
6657
6451
6388
6393
6369
6367
6448
6628
6773
6798
6568
6501
6347
6301
6317
6204
6289
6413
6368
6181
6165
6173
6241
6334
6480
6473
6454
6586
6645
6772
6480
6529
6643
6601
6612
6376
6531
6402
6353
6324
6439
6637
6732
6767
6763
6876
6788
6789
6881
6871
6880
6740
6797
6548
6581
6721
6897
6925
6794
6891
6843
6851
7007
6869
6887
6848
6759
6827
6685
6715
6593
6700
6738
6812
6767
6840
6932
6971
7065
7094
6955
6786
6882
6677
6556
6705
6636
6544
6465
6384
6386
6426
6525
6685
6631
6746
6858
6867
6945
6831
6946
7140
7168
6964
6864
6870
7004
7096
7078
7243
7178
7225
7190
7271
7198
7234
7173
7066
7092
7013
6953
6845
6708
