1005000
267872
174141
129200
102198
84936
73009
64147
56375
50149
45037
41034
37521
34612
31906
29866
28047
26459
25084
23573
22379
20968
19942
18927
17856
17177
16486
15992
15431
14751
14259
13572
13039
12801
12584
12202
11894
11705
11436
11037
10664
10291
9905
9644
9487
9009
8836
8575
8360
8252
8109
8030
7676
7796
7824
7727
7761
7645
7692
7716
7372
7264
7068
6985
6978
6825
6683
6493
6519
6629
6377
6404
6253
6075
6209
6208
6013
5863
5881
5855
5890
5882
5718
5702
5744
5668
5431
5215
5263
5178
5103
5152
5056
4858
4858
4818
4816
4795
4711
4690
4777
4832
4764
4730
4685
4582
4651
4501
4260
4167
4276
4302
4295
4052
3951
3905
3887
3868
3801
3694
3621
3635
3703
3554
3502
3473
3389
3438
3480
3494
3435
3305
3153
3258
3154
3126
3089
3095
3183
3122
2966
2839
2823
2862
2845
2831
2796
2742
2787
2794
2847
2793
2746
2815
2794
2805
2856
2971
2981
2926
2931
2895
2907
2873
2896
2841
2877
2738
2827
2868
2889
2877
2869
2710
2686
2764
2580
2570
2506
2419
2404
2314
2278
2277
2341
2260
2398
2338
2522
2557
2472
2463
2460
2492
2500
2532
2623
2638
2617
2635
2622
2609
2668
2812
2838
2669
2568
2712
2617
2509
2510
2514
2557
2620
2739
2636
2590
2766
2969
3003
3010
3011
2915
2763
2751
2819
2794
2709
2785
2787
2761
2717
2675
2690
2664
2643
2736
2667
2679
2713
2677
2753
2780
2761
2752
2703
2946
2927
2933
2976
2938
2972
2990
2897
2744
2727
2743
2712
2701
2554
2571
2559
2589
2536
2569
2616
2514
2546
2590
2659
2701
2740
2707
2671
2610
2466
2520
2423
2266
2281
2349
2347
2303
2278
2318
2284
2322
2371
2361
2385
2370
2427
2539
2495
2529
2621
2551
2557
2519
2446
2483
2521
2529
2550
2430
2481
2507
2473
2436
2528
2464
2394
2359
2330
2237
2263
2194
2229
2306
2335
2316
2349
2333
2479
2464
2516
2450
2436
2265
2164
2185
2239
2368
2376
2440
2558
2536
2616
2612
2587
2646
2653
2707
2814
2768
2790
2866
2857
2911
2851
2814
2617
2608
2608
2490
2644
2516
2527
2616
2614
2568
2589
2530
2565
2663
2503
2440
2451
2516
2482
2475
2547
2407
2394
2454
2465
2581
2655
2678
2681
2638
2608
2650
2536
2562
2565
2608
2548
2536
2554
2530
2549
2542
2430
2473
2544
2610
2481
2618
2727
2874
2859
2820
2742
2715
2692
2675
2545
2379
2361
2428
2462
2470
2610
2692
2860
2961
2921
2826
2749
2820
2974
2992
3050
2939
2817
2917
2920
2974
2985
2919
3038
3066
3045
3107
3157
3098
3040
3253
3216
3101
3121
3217
3079
3051
3029
3139
3131
3100
3064
3131
3178
3098
3036
3015
2909
2875
2897
2882
2968
2913
2770
2732
2804
2818
2748
2601
2697
2641
2501
2421
2493
2454
2278
2293
2311
2327
2243
2293
2349
2475
2524
2474
2449
2513
2561
2593
2608
2657
2751
2833
2822
2757
2766
2770
2631
2658
2698
2704
2675
2615
2732
2646
2600
2589
2664
2796
2902
2745
2788
2797
2733
2772
2689
2787
2725
2744
2749
2668
2691
2743
2796
2936
2904
2953
2926
2927
2982
2906
2931
3011
2941
3021
3018
2989
3076
3158
3377
3346
3340
3187
3250
3440
3487
3629
3406
3401
3319
3340
3299
3264
3287
3342
3409
3297
3175
3102
2972
2887
2909
2927
2970
3127
3037
3061
3184
3273
3276
3306
3210
3165
3149
3019
3096
3051
3105
3107
3124
3083
3052
3098
3150
3211
3412
3595
3529
3521
3537
3549
3533
3501
3520
3494
3681
3679
3679
3675
3522
3500
3567
3532
3511
3549
3634
3784
3806
3870
3737
3707
3775
3722
3727
3585
3651
3487
3620
3530
3366
3332
3304
3395
3394
3415
3492
3465
3542
3649
3634
3485
3531
3546
3568
3678
3594
3554
3587
3518
3583
3625
3457
3553
3637
3780
3792
3890
3881
4001
4147
4114
4173
4140
4147
4129
4004
3962
3856
3862
3717
3897
3916
4013
3949
4056
4075
3998
4087
4141
3951
3850
3844
3844
3734
3738
3653
3553
3514
3457
3571
3538
3631
3565
3502
3368
3441
3497
3586
3587
3733
3742
3663
3803
3668
3682
3763
3621
3633
3680
3681
3728
3785
3867
3824
3723
3823
3903
3741
3806
3943
4005
3931
3966
3944
3952
3845
3804
3871
3920
3967
3863
3834
3767
3768
3701
3740
3650
3749
3778
3859
3898
4078
4107
4051
4053
4183
4204
4197
4327
4362
4463
4690
4643
4573
4616
4681
4691
4887
4993
5091
5147
5182
5208
5282
5319
5407
5267
5223
5047
4965
4922
4888
5025
5230
5192
5055
5070
5162
4998
4970
4826
4718
4856
4883
4996
5094
5119
5259
5162
5062
4996
5174
5247
5294
5433
5288
5311
5246
5326
5383
5551
5493
5442
5312
5490
5549
5451
5570
5476
5415
5607
5402
5329
5431
5441
5756
5739
5918
5913
5956
5890
5855
5812
5865
5897
5899
5929
5846
5708
5626
5514
5588
5570
5765
5697
5764
5937
5819
5797
5905
5920
5972
5981
5998
6099
6221
6291
6316
6433
6542
6539
6787
7138
6947
6800
6656
6734
6825
6844
6728
6804
6849
6808
6911
6922
6947
6643
6690
6670
6619
6503
6459
6548
6459
6451
6592
6571
6605
6716
6792
6744
6632
6779
6738
6749
6724
6644
6615
6593
6660
6630
6669
6524
6379
6382
6389
6546
6461
6544
6429
6544
6725
6669
6674
6554
6518
6401
6460
6665
6612
6538
6598
6641
6707
6463
6448
6586
6605
6624
6681
6407
6572
6555
6613
6789
6732
6830
6947
6973
7100
6981
7135
7242
7256
7206
7165
7191
7075
7069
7051
6905
7028
6955
6833
6980
7003
6983
6855
6925
6763
6949
6880
6810
6731
6871
6769
6722
6665
6540
6743
6657
6689
6573
6468
6246
6299
6247
6354
6286
6375
6452
6620
6394
6394
6360
6412
6482
6377
6510
6685
6687
6541
6354
6324
6316
6276
6146
6298
6435
6551
6534
6663
6684
6549
6638
6659
6706
6739
6677
6679
6590
6701
6587
6735
6817
7017
7016
7207
7076
7078
7041
6971
6778
6802
6829
6760
6839
6812
6970
7001
6926
6780
6939
6881
6842
6992
7149
7247
7275
7288
7252
7133
6981
6944
6945
6776
6516
6646
6720
6645
6724
6696
6888
6975
6989
6944
6950
6820
6703
6717
6672
6718
6600
6793
6960
6936
6832
6964
6885
6875
6900
6997
6923
6829
6805
6747
6708
6795
6757
7038
7066
7165
7264
7014
7222
7198
7163
6954
6993
7043
7197
7357
7309
7088
7059
7195
7240
7107
7085
7012
7036
6799
6653
6716
6815
6705
6738
6778
6892
7029
7190
7180
7095
7250
7199
7151
7077
6992
7052
7002
6798
6624
6644
6507
6506
6541
6687
6782
6787
6639
6516
6582
6556
6644
6657
6655
6707
6678
6459
6340
6145
6254
6145
6182
6134
6075
6251
6320
6231
6186
6356
6298
6249
6251
6376
6390
6524
6699
6746
6902
6915
7109
7231
7143
7017
7108
7145
7117
6985
7114
6957
6894
6768
6718
6619
6766
6704
6723
6728
6695
6779
6703
6916
7026
6937
6732
6781
6823
6763
6623
6680
6695
6823
6709
6681
6790
6934
7042
6979
6936
6934
6860
7148
7357
7338
7286
7355
7362
7476
7476
7444
7529
7243
6889
6831
6699
6712
6849
6608
6570
6496
6554
6419
6240
6454
6281
6080
5917
5882
5844
5759
6020
6168
6215
6283
6467
6644
6420
6392
6414
6484
6464
6533
6578
6434
6495
6446
6401
6345
6454
6801
6772
6549
6602
6618
6665
6511
6337
6256
6462
6478
6488
6564
6541
6539
6745
6486
6339
6372
6170
6216
6215
5957
6187
6188
6315
6228
6281
6199
6112
6044
5989
5962
6156
6121
6106
6075
5932
5842
5907
5903
5878
5842
5564
5587
5646
5616
5590
5407
5362
5440
5491
5554
5358
5336
5397
5271
5312
5177
5126
5318
5329
5324
5359
5386
5457
5448
5338
5421
5336
5347
5340
5441
5542
5696
5491
5490
5378
5464
5453
5190
5074
5025
5253
5387
5231
5278
5394
5320
5398
5486
5518
5553
5429
5557
5549
5682
5725
5751
5768
5800
5796
5740
5737
5719
5840
5748
5767
5676
5679
5795
5715
5629
5460
5490
5330
5219
5220
5294
5300
5261
5099
4963
4874
4963
4865
4993
5239
5184
5381
5444
5339
5236
5229
5269
5133
5144
5262
5282
5226
5166
5160
5115
5040
5154
5134
5120
5230
5203
5382
5484
5406
5424
5650
5597
5355
5419
5431
5669
5519
5525
5522
5395
5111
5233
5250
5202
5333
5379
5238
5162
5078
5069
5117
5102
5228
5269
5233
5205
5251
5276
5311
5388
5469
5400
5431
5563
5775
5807
5877
5959
5975
6150
6250
6285
6477
6471
6406
6410
6409
6455
6569
6559
6624
6608
6713
6648
6574
6646
6740
6809
6693
6639
6555
6563
6442
6392
6176
6339
6375
6394
6288
6305
6399
6325
6368
6348
6359
6362
6646
6642
6743
6909
6855
6825
6816
6999
7003
6972
6748
6491
6633
6654
6777
6800
6779
6718
6880
6960
6945
7106
6669
6457
6628
6716
6417
6350
6462
6385
6290
6292
6072
6066
6304
6461
6527
6481
6288
6332
6219
6181
6246
6014
6078
6007
5854
5714
5485
5416
5459
5411
5173
5182
5140
5067
5123
5244
5183
5306
5306
5362
5438
5370
5476
5425
5341
5428
5520
5585
5665
5677
5502
5349
5332
5450
5468
5347
5125
5175
5201
5221
5062
5006
4972
5087
5103
5174
5065
4923
4980
4757
4703
4821
4764
4499
4627
4805
4859
4958
4844
4805
4818
4935
4865
4800
4897
4771
4835
5056
5176
5178
5220
5335
5426
5583
5589
5672
5539
5637
5493
5491
5414
5361
5368
5451
5226
5107
4991
5093
5132
5017
4790
4961
4855
4981
5046
5143
4978
4799
4730
4723
4738
4888
4851
4819
4739
4664
4587
4610
4530
4635
4719
4585
4571
4477
4514
4712
4774
4866
4909
4958
4961
5147
5168
5226
5301
5168
5263
5142
5100
5182
5129
5060
5041
5018
5104
5089
5035
5019
5078
4882
4847
4880
4712
4764
4896
4941
4999
5053
5243
5318
5337
5160
5191
5061
5185
5244
5143
5233
5330
5292
5263
5408
5346
5260
5409
5406
5384
5435
5396
5487
5523
5592
5563
5425
5529
5645
5564
5571
5588
5631
5590
5688
5661
5835
5799
5905
5751
5760
5730
5576
5451
5551
5630
5597
5596
5524
5473
5544
5722
5842
5848
5869
5926
5847
5863
5753
5807
5602
5574
5664
5752
5691
5596
5608
5632
5761
5840
5813
6010
5864
5791
5815
5992
6123
6141
6178
6086
6123
6239
6148
6169
6169
6057
6248
6465
6312
6272
6275
6435
6394
6325
6047
5889
5999
5986
5962
5988
5990
5915
5820
5971
6043
6105
5889
5773
5930
5944
5922
5891
5792
5844
5960
5938
5851
5747
5856
5744
5817
5733
5891
5866
5717
5567
5717
5605
5414
5370
5260
5103
5334
5402
5526
5542
5613
5694
5598
5496
5447
5487
5306
5322
5372
5124
4974
5090
5225
5195
5324
5318
5231
5165
5229
5305
5248
5213
5263
5137
5027
4936
4944
4890
4876
4934
4831
4812
4735
4779
4622
4632
4632
4650
4855
4983
4943
4945
5138
5015
5058
5189
4911
5032
5113
5161
5213
5259
5354
5294
5264
5297
5343
5357
5481
5490
5354
5273
5216
5162
5302
5309
5285
5193
5217
5186
5283
5322
5220
5159
5276
5372
5308
5139
5076
4786
4774
4584
4442
4533
4417
4313
4386
4495
4580
4634
4561
4493
4406
4465
4571
4519
4532
4499
4530
4640
4710
4695
4675
4761
4833
4831
4985
5050
4931
5028
5084
5034
5019
5059
5233
5238
5327
5102
5078
5245
5314
5438
5649
5621
5683
5748
5843
5637
5486
5414
5491
5306
5343
5311
5325
5506
5592
5423
5422
5493
5412
5578
5561
5655
5957
5779
5922
5935
6110
6190
6183
6246
6177
6124
6022
6052
5958
5931
6018
6117
6298
6287
6141
6316
6341
6175
6285
6450
6554
6499
6415
6456
6536
6458
6656
6575
6589
6416
6615
6733
6686
6648
6725
6722
6888
6747
6611
6687
6735
6662
6868
7001
6754
6721
6718
6806
6852
6809
7000
7173
7276
7272
7408
7266
7347
7303
7151
7210
7181
7395
7420
7544
7597
7605
7742
7827
7881
7822
7832
7992
7961
7774
7666
7600
7562
7402
7548
7512
7568
7499
7652
7806
7745
7769
7760
7835
7981
7802
7686
7777
7689
7747
7495
7444
7373
7211
7124
7261
7345
7320
7343
7228
7156
7011
6849
6742
6725
6740
6699
6619
6684
6834
6766
6803
6866
6788
6781
6798
6759
6601
6582
6535
6709
6807
6850
6993
7191
7099
6981
7159
7271
7285
7234
7382
7287
7201
7294
7250
7256
7363
7422
7426
7315
7369
7337
7333
7309
7274
7185
7141
6906
6926
6955
7266
7235
7071
7071
6929
7017
6896
6802
6651
6591
6671
6710
6832
6618
6616
6435
6325
6090
5963
5972
5832
5569
5675
5559
5607
5699
5716
5981
6016
5860
6011
6021
5951
6075
6116
6178
6138
6213
6088
6070
6049
6028
6097
6171
6224
6205
6189
6170
6240
6269
6037
5845
6012
5926
6153
6249
6307
6302
6413
6348
6470
6537
6516
6381
6375
6421
6419
6408
6729
6671
6773
6678
6527
6611
6657
6872
6896
6875
6877
7008
6774
6620
6604
6484
6413
6249
6412
6390
6404
6456
6573
6618
6756
6597
6558
6547
6703
6618
6357
6294
6253
6247
6148
6079
6044
6063
5948
6093
6094
6074
5848
5851
5942
5895
5875
5919
6032
6060
6119
6275
6291
6452
6504
6454
6510
6330
6288
6311
6464
6352
6342
6553
6489
6428
6352
6427
6441
6639
6501
6568
6410
6255
6121
6033
6090
6127
6063
6040
6053
6221
6288
6451
6495
6430
6525
6552
6292
6321
6399
6430
6458
6470
6445
6690
6454
6405
6256
6215
6178
5945
6123
6215
6186
6275
6187
6136
6003
6246
6101
6130
6120
6036
6090
6211
6075
6178
6274
6300
6035
6159
6144
6289
6169
6093
6141
6277
6462
6366
6543
6476
6365
6256
6160
6235
6352
6315
6165
6192
6269
6254
6489
6428
6502
6568
6619
6636
6595
6607
6648
6728
6911
6919
6816
6627
6577
6432
6313
6288
6318
6342
6255
6225
6077
6146
6166
6186
6280
6186
6320
6436
6284
6228
6269
6328
6253
6034
6058
5936
5986
6173
6176
6220
6189
6087
6155
6062
6015
6076
5917
5859
5812
5905
5688
5737
5685
5592
5666
5711
5737
5735
5685
5740
5720
5660
5620
5571
5600
5597
5513
5460
5442
5474
5535
5335
5343
5318
5354
5404
5490
5444
5426
5487
5188
5361
5318
5401
5421
5494
5422
5476
5512
5611
5648
5499
5524
5463
5339
5267
5233
5094
5039
5006
5068
5088
4985
4901
4832
4834
4829
4970
4985
5013
4889
5042
4998
5133
5038
5103
5153
5139
5309
5348
5303
5244
5217
5307
5272
5316
5327
5331
5239
5183
5357
5383
5202
5328
5301
5253
5311
5250
5373
5371
5244
5315
5397
5426
5467
5588
5617
5716
5742
5752
5671
5563
5692
5524
5496
5498
5369
5269
5179
5160
5325
5451
5483
5352
5361
5405
5488
5562
5531
5672
5695
5781
5933
5943
6100
6021
6086
6145
6282
6445
6481
6405
6359
6353
6156
6204
6244
6240
6254
6231
6305
6299
6336
6505
6312
6228
6085
6144
6195
6377
6577
6670
6824
6919
6931
6780
6977
6896
7041
6865
6796
6721
6839
6758
6999
7109
7016
7273
7296
7229
7398
7243
7238
7243
7341
7220
7396
7421
7803
7874
7794
7991
8017
8089
8053
8078
8130
8123
8266
8314
8048
8110
8129
8180
8132
8050
8050
7997
8068
8235
8472
8533
8345
8415
8314
8161
8185
8079
8098
8171
8336
8238
8109
8220
8196
8231
8275
8022
8001
7964
8098
8108
7913
7644
7509
7438
7370
7428
7511
7595
7526
7400
7360
7317
7310
7173
7159
7288
7447
7387
7429
7409
7428
7478
7222
7126
6997
6861
6964
6967
6796
6669
6589
6765
6854
6509
6662
6529
6599
6657
6713
6813
6927
6687
6703
6576
6597
6722
6792
6849
6839
6765
6692
6738
6714
6764
6639
6773
6642
6582
6491
6472
6552
6687
6525
6659
6563
6506
6367
6184
6128
6028
5973
5913
5942
6054
6158
6112
6232
5969
5926
6077
6193
6255
6157
5963
6192
6143
6268
6331
6264
6217
6425
6331
6454
6690
6767
6942
6890
6854
6796
6734
6713
6604
6726
6716
6859
6660
6509
6543
6736
6723
6697
6627
6482
6298
6407
6449
6337
6395
6325
6335
6393
6302
6289
6307
6166
5945
5799
5773
5737
5695
5887
5930
5993
6188
5975
6087
5937
6106
6280
6225
6068
6067
5993
6168
6250
6320
6296
6355
6196
6003
5833
5972
5808
5830
5986
6004
6005
5901
5970
5988
6041
6096
6263
6211
6182
6247
6172
6093
6036
6011
6087
6182
6052
6228
6091
5911
5927
6035
5967
5977
6169
6008
5941
6086
6069
5940
6038
6027
5782
5932
5868
5919
6026
5879
5902
5923
5967
5958
6069
6141
6299
6438
6395
6382
6515
6489
6502
6489
6379
6376
6316
6452
6442
6704
6758
6774
7031
7177
7133
7253
7265
7217
7091
7238
7222
7429
7261
7168
7108
7085
7182
7214
7109
6920
7000
6865
6879
6965
7025
6796
6704
6693
6641
6409
6458
6476
6518
6671
6945
6809
6956
6801
6821
6794
6905
7085
7056
6959
6842
6942
7077
7081
7105
7176
7080
6952
6836
6877
6872
6970
6904
6676
6629
6599
6528
6522
6448
6510
6620
6521
6355
6370
6173
6161
6079
6005
5844
6104
6044
5914
6186
6165
6056
6093
6216
6302
6393
6467
6436
6287
6243
6284
6302
6491
6526
6551
6526
6629
6485
6581
6393
6286
6407
6365
6424
6391
6380
6291
6254
6395
6254
6041
5969
5997
5855
5664
5689
5607
5414
5382
5380
5331
5255
5158
5121
5385
5251
5255
5242
5477
5507
5612
5487
5314
5241
5311
5304
5321
5340
5244
5350
5338
5376
5287
5175
5318
5481
5450
5543
5663
5804
5820
5930
5950
5965
6047
6127
6078
6200
6170
6192
6254
6459
6411
6439
6530
6539
6494
6342
6356
6536
6659
6771
6892
6820
6879
6703
6819
6915
6816
6604
6720
6755
6813
6630
6729
6689
6756
6695
6727
6588
6504
6632
6680
6515
6697
6748
6675
6827
6900
6778
6652
6640
6725
6697
6621
6543
6517
6639
6545
6684
6613
6761
7012
7041
6982
6955
7266
7107
6843
6787
6705
6788
6812
6827
6823
6845
6771
6720
6877
7011
7087
7008
7065
7072
7081
7179
7189
7156
7199
7015
6980
7270
7335
7306
7280
7321
7222
7351
7181
7379
7563
7669
7637
7597
7618
7552
7632
7651
7757
7941
8018
8243
8066
7847
7807
7627
7582
7630
7474
7572
7515
7408
7400
7175
7044
6993
7019
6943
6955
6957
7086
7173
7283
7238
7373
7518
7620
7424
7536
7571
7696
7651
7461
7459
7317
7328
7322
7336
7167
7147
7177
7102
7053
6887
7127
6883
7022
7097
6778
6716
6571
6685
6751
6756
6572
6652
6843
6726
6529
6642
6496
6468
6215
6204
6048
6065
5977
5957
5747
5890
5689
5761
5691
5752
5877
6073
6042
6100
6157
5949
5849
5725
5731
5754
5927
6026
6078
6151
6159
6067
5886
5776
5836
5834
5860
5792
5790
5849
5768
5817
5788
5834
5873
5803
6020
6069
6090
6124
6225
6380
6457
6262
6270
6022
5908
5970
6015
5997
5949
5932
6041
5982
6053
6125
6190
6273
6436
6338
6244
6149
6091
6065
6098
5998
5983
5933
5917
5825
5864
5899
6058
6043
5959
6108
6233
6094
6073
6169
6142
6122
6216
6148
6126
6059
5962
5967
6014
6116
6133
6290
6259
6403
6543
6590
6616
6451
6236
6076
5938
5983
6027
6062
5943
5954
6018
6206
6172
6227
6329
6458
6536
6613
6728
6792
6796
6671
6654
6530
6524
6440
6607
6571
6576
6487
6389
6325
6531
6748
6867
6872
6775
6846
6979
7110
6982
6956
6812
6903
6902
6950
6996
6964
6857
6936
7038
6908
6872
6705
6791
6685
6669
6704
6724
6607
6746
6790
6639
6643
6832
6850
6878
6847
6845
6777
6624
6545
6716
6952
7093
7035
7036
7233
7225
7077
7160
7306
7399
7269
7233
7387
7456
7465
7405
7312
7072
7109
6876
6999
6982
6936
6875
6961
6972
6649
6727
6792
6903
6928
6869
6761
6683
6538
6588
6675
6818
6947
6879
6776
6750
6827
6814
6786
6920
6968
7135
7161
7140
7175
7087
7015
6711
6671
6508
6391
6378
6284
6235
6189
6166
6252
6438
6310
6436
6510
6624
6425
6365
6500
6438
6481
6457
6475
6386
6492
6571
6585
6690
6605
6564
6416
6248
6196
6093
5929
6039
6097
6045
6225
6169
6259
6253
6281
6272
6242
6387
6201
6121
6243
6123
6190
6174
5990
6122
6087
6066
5972
5936
5944
5631
5767
5726
5675
5665
5876
5844
5847
5944
5914
6034
5981
5908
6042
6168
6168
5964
5895
6138
6026
6079
6144
6150
6208
6318
6415
6411
6272
6261
6393
6494
6456
6326
6153
6207
6114
6063
6110
6179
6146
6265
6380
6281
6350
6429
6444
6352
6247
6166
6138
6173
6165
6204
6176
6123
6378
6505
6323
6213
6302
6434
6490
6756
6713
6610
6730
6610
6841
6884
6810
6919
7055
6971
6861
6940
7129
6897
6961
6885
6743
6653
6622
6707
6712
6807
6735
6571
6379
6319
6417
6416
6104
6207
6209
6064
6204
6261
6398
6431
6499
6663
6530
6743
6662
6651
6681
6621
6592
6675
6913
6839
6900
6884
6800
6781
6951
6683
6810
6648
6724
6772
6942
6535
6450
6423
6570
6449
6371
6250
6398
6434
6424
6434
6371
6364
6355
6381
6534
6622
6415
6378
6327
6438
6347
6336
6339
6255
6317
6193
6293
6207
6238
6091
6374
6491
6143
5995
6057
6005
6046
6225
6204
6051
6033
6188
5991
6031
6124
5859
5927
5927
5888
5867
6027
5945
5970
5965
5905
5969
5845
5939
5894
6042
5937
5935
5980
6000
6296
6159
6192
6110
5963
6008
5985
5996
5743
5695
5606
5777
5657
5790
5819
5892
5982
5903
5871
5733
5800
5852
5711
5847
5949
5861
5915
6205
6118
6132
6171
6189
6376
6321
6447
6473
6617
6510
6417
6271
6150
5924
5864
5963
5806
6037
6080
5862
6032
5949
5991
6064
6031
6121
6138
6400
6443
6363
6487
6404
6450
6489
6675
6768
6891
6845
7071
6892
7262
7371
7446
7197
7466
7424
7434
7358
7359
7254
7214
6933
6973
7013
6893
6824
6969
7152
7016
6924
6929
6865
6636
6561
6567
6339
6194
6183
6169
6058
6103
6148
6005
6001
5961
5862
6012
5967
6075
5994
5835
5789
5717
5650
5727
5512
5417
5451
5428
5334
5447
5403
5465
5481
5602
5567
5613
5536
5471
5488
5543
5563
5435
5396
5321
5464
5203
5209
5266
5273
5180
4999
5004
5066
5106
4903
4772
4772
4858
4967
4960
4942
5048
4823
4816
4809
4917
4988
4872
5018
5027
5136
5117
5287
5394
5148
5151
5197
5203
5296
5190
5224
5076
5130
5035
5233
5085
5021
5079
5034
5155
5278
5296
5149
5093
5050
4942
4957
5065
4945
4860
5042
4929
4799
4730
4620
4671
4416
4489
4506
4662
4700
4532
4533
4487
4541
4592
4638
4828
4937
5039
5024
5053
5050
4922
4974
4955
4928
4925
4935
4876
4872
4809
4880
4857
4877
4877
4855
4717
4785
4936
5136
5058
4928
5021
5046
5002
5016
5014
4980
4867
4854
4756
4809
4662
4553
4610
4456
4372
4381
4526
4512
4638
4639
4529
4440
4634
4515
4600
4549
4748
4657
4583
4573
4557
4443
4401
4479
4395
4221
4244
4199
4223
4020
3936
4030
4007
3956
3865
3886
3885
3873
3858
3887
3826
3794
3891
4043
4021
4165
4298
4349
4341
4320
4483
4642
4925
4822
4834
4764
4879
4920
4959
4975
4940
4963
4946
4824
5019
5084
5075
5259
5141
5297
5090
5124
5072
5127
5129
5137
5126
5299
5284
5279
5391
5478
5612
5609
5617
5663
5516
5357
5424
5401
5355
5393
5562
5627
5496
5495
5650
5673
5726
5645
5711
5897
6064
6066
6218
6197
6186
6208
6199
6179
5947
5887
5729
5706
5703
5772
5783
5885
5725
5804
5858
5852
5874
5668
5710
5796
5751
5743
5630
5642
5714
5821
5861
5779
5998
6217
5860
6027
6084
6019
5954
5901
5813
5844
5780
5699
5654
5807
5823
5772
5829
5728
5543
5605
5589
5545
5504
5181
5183
5133
4952
4997
5100
5035
5051
5146
5233
5123
5337
5398
5533
5485
5545
5430
5457
5456
5368
5415
5508
5353
5374
5372
5399
5231
5270
5041
4942
4907
4973
4915
4795
4886
4815
4900
4689
4767
4706
4754
4643
4583
4549
4642
4808
4844
4894
4842
4633
4780
4939
4998
5147
5019
5045
4933
4972
5004
5184
5198
5395
5537
5453
5354
5457
5473
5551
5592
5701
5711
5830
5990
5870
5992
6029
6076
5989
6138
6100
5989
6168
6237
6188
6092
6046
6150
6247
6105
6068
6163
6206
6179
6101
6161
6113
6201
6151
5982
6064
5986
6084
6049
6002
5884
6023
5958
6007
6014
6024
5980
6081
6154
6210
6082
6100
6135
6397
6417
6630
6513
6499
6462
6468
6468
6539
6695
6587
6672
6642
6671
6487
6543
6450
6413
6450
6571
6587
6694
6646
6522
6297
6211
6316
6172
5906
5969
6090
5976
6055
6120
5987
6079
6044
5998
5994
6055
5963
5641
5780
5800
5642
5493
5616
5537
5596
5650
5620
5685
5487
5440
5381
5340
5405
5323
5345
5417
5516
5563
5642
5709
5663
5597
5588
5684
5619
5668
5751
5735
5640
5669
5673
5646
5688
5702
5782
5770
5614
5610
5702
5691
5551
5698
5663
5732
5618
5611
5633
5655
5849
5832
5977
5953
5905
5786
5753
5748
5731
5783
5615
5699
5880
5994
5898
5951
5986
5959
5922
5784
5869
5691
5649
5726
5812
5722
5595
5527
5564
5551
5391
5423
5363
5411
5459
5522
5312
5138
5177
5034
5122
5205
5260
5179
5054
4923
4919
5000
5079
4909
4845
4732
4681
4799
4738
4767
4958
4911
4877
4865
4862
4774
4742
4673
4743
4591
4629
4523
4443
4351
4285
4291
4192
4141
4170
4255
4457
4245
4303
4359
4437
4328
4140
4131
4166
4234
4167
4213
4108
4146
4174
4153
4102
4104
4125
4188
4038
4093
4090
4146
4203
4201
4304
4334
4588
4738
4736
4791
4780
4793
4652
4807
4738
4742
4912
4794
5008
4964
4921
4920
4969
5118
5065
5137
5058
4932
5073
4968
5136
5074
5111
5176
5191
5101
5119
5236
5198
5231
5210
5236
5115
4822
4850
5038
5032
5093
5007
5043
5087
5370
5299
5382
5470
5481
5559
5534
5523
5391
5435
5488
5372
5221
5370
5390
5435
5463
5492
5535
5431
5616
5660
5733
5701
5701
5811
5647
5821
5767
5725
5694
5492
5508
5480
5503
5427
5508
5643
5873
5849
5848
5782
5778
5733
5675
5866
5982
5882
5907
5840
5892
5949
6270
6427
6428
6511
6422
6531
6443
6365
6494
6420
6605
6465
6474
6518
6571
6642
6748
6749
6775
6823
6941
7090
6976
6762
6891
6972
6869
6940
7069
7172
7043
6948
6929
6847
6944
6967
6871
6768
6789
6743
6763
6843
6692
6713
6683
6765
6703
6699
6524
6394
6330
6321
6381
6417
6529
6258
6479
6413
6444
6351
6334
6365
6166
6184
6338
6358
6356
6391
6176
5881
5800
5805
5676
5794
5855
5979
5994
6078
5995
6068
6038
6014
6210
6189
6226
6307
6324
6307
6390
6247
6155
6202
6243
6384
6304
6499
6494
6374
6485
6605
6561
6500
6614
6599
6281
6339
6293
6317
6354
6355
6487
6364
6358
6255
6379
6514
6612
6506
6482
6473
6425
6508
6632
6558
6468
6369
6398
6234
6264
6291
6189
6274
6223
6199
6168
6169
6153
6165
6314
6242
6250
6072
6165
5986
6152
6157
6095
6328
6406
6294
6387
6426
6425
6370
6347
6414
6579
6642
6493
6553
6714
6885
6963
7087
6995
7150
7189
7073
7198
7115
7025
7068
7047
6975
6913
6542
6581
6658
6651
7000
7238
7092
7010
7177
7229
7160
7263
7312
7272
7334
7435
7469
7591
7528
7568
7642
7609
7686
7823
7925
7657
7759
7631
7469
7462
7517
7675
7455
7494
7280
7414
7251
7117
7007
6864
6620
6672
6811
7017
6930
7029
7039
6941
6985
6989
6989
6997
6852
6778
6830
6813
6934
6759
6890
7117
7302
7260
7414
7413
7447
7390
7478
7457
7632
7676
7695
7731
7852
7906
7670
7760
7668
7747
7765
7901
7998
7890
7869
8094
8003
7934
7991
8016
8174
8121
8304
8305
8404
8321
8102
8270
8139
8076
8097
8021
8150
7901
7860
7962
7879
7917
7710
7585
7417
7452
7366
7505
7449
7379
7460
7526
7476
7668
7794
7630
7607
7578
7611
7537
7683
7871
7824
7728
7722
7519
7606
7602
7498
7591
7857
7913
8018
7943
8095
8162
8251
8282
8161
8168
8425
8224
8303
8251
8207
8216
8406
8183
8256
8187
8298
8319
8358
8149
7948
7950
7949
8109
8146
8203
8136
8016
8109
8153
8036
7972
7844
7942
7818
7796
7765
7679
7715
7704
7578
7742
7646
7530
7597
7607
7573
7582
7475
7429
7502
7301
7281
7182
7083
6850
6773
6685
6499
6654
6616
6631
6384
6383
6122
5983
5876
5730
5662
5901
5874
5843
5866
5818
5909
5944
6033
5794
5881
5919
5976
5890
5856
5827
5805
5827
5766
5619
5714
5701
5762
5734
5804
5642
5647
5630
5894
5984
6124
6015
5804
5653
5610
5609
5462
5507
5539
5519
5398
5420
5504
5443
5648
5728
5812
5808
5713
5781
5710
5527
5556
5555
5597
5633
5555
5537
5675
5876
5994
6092
6122
6082
6151
6129
6054
6026
5995
6143
6176
6226
6198
6293
6332
6133
6147
5953
5952
5920
5820
5910
5904
5986
6077
6015
6038
6222
6228
6054
6001
6012
5974
6031
5953
5987
6127
6204
6289
6190
6075
6134
6191
6306
6198
6203
6423
6426
6354
6251
6115
6307
6291
6403
6255
6255
6361
6341
6387
6282
6415
6467
6429
6517
6441
6307
6298
6409
6559
6693
6717
6697
6663
6631
6518
6609
6712
6912
6805
6740
6611
6501
6422
6380
6405
6448
6574
6559
6537
6478
6685
6561
6541
6323
6387
6228
6300
6363
6340
6438
6425
6471
6303
6387
6186
6246
6194
6141
6046
6172
6184
6387
6512
6389
6439
6456
6206
6318
6448
6570
6663
6471
6511
6457
6580
6512
6597
6604
6791
6839
6940
6951
7151
7237
7161
7040
7132
7089
7194
7140
7004
7147
7205
7579
7475
7309
7313
7336
7458
7367
7196
7025
6988
7160
7210
7120
7172
7426
7349
7421
7408
7443
7380
7284
7246
7329
7251
7290
7376
7236
7287
7386
7454
7351
7361
7420
