1005000
268015
174357
129930
103311
85201
72393
63757
56418
50096
46191
42359
38985
35747
33445
31019
28596
27006
25331
23967
23023
21974
20937
19905
19157
18316
17356
16590
15770
15294
14740
14284
13678
13326
12899
12617
12369
11895
11677
11224
10922
10643
10586
10115
9858
9566
9203
9050
8899
8501
8440
8167
7983
7800
7784
7695
7590
7515
7487
7166
7034
6744
6559
6472
6345
6185
6160
5940
5929
5707
5857
5878
5714
5601
5520
5288
5045
4994
5007
4892
5007
4909
4842
4878
4916
4746
4736
4657
4577
4577
4698
4620
4388
4263
4288
4040
4002
4072
4082
4046
4129
4092
3992
3963
4002
3968
4063
4031
4016
3936
3844
3850
3804
3764
3723
3851
3934
3910
3772
3834
3983
3925
3907
3981
4013
4108
4028
3980
3931
4070
3978
3870
3938
3929
3857
3768
3612
3553
3490
3444
3372
3408
3333
3308
3409
3440
3395
3255
3258
3232
3072
2953
3031
3056
3112
3211
3331
3413
3402
3426
3452
3347
3355
3349
3398
3405
3366
3341
3349
3285
3356
3462
3467
3390
3460
3347
3361
3361
3303
3340
3256
3184
3121
3105
3037
2914
2895
2760
2825
2674
2682
2632
2697
2693
2828
2856
2879
2952
2949
2902
2893
2923
2932
2871
2810
2839
2862
2834
2791
2703
2656
2623
2641
2601
2580
2616
2709
2718
2745
2742
2765
2776
2832
2935
3013
3023
3142
3143
3304
3299
3262
3354
3378
3279
3230
3235
3235
3349
3438
3369
3204
3206
3193
3326
3394
3430
3423
3368
3336
3304
3249
3427
3499
3449
3431
3377
3427
3431
3585
3583
3553
3436
3496
3498
3391
3495
3397
3361
3279
3167
3313
3265
3164
3161
3301
3075
3053
3063
3013
2965
2987
3050
3112
2987
2896
2826
2847
2815
2802
2735
2684
2602
2544
2584
2552
2473
2319
2427
2403
2367
2391
2332
2325
2310
2275
2287
2389
2356
2326
2292
2319
2235
2208
2133
2070
2091
2148
2064
2156
2155
2053
2051
2031
2062
2064
2079
2017
2013
1864
1893
1845
1900
1901
1929
1884
1893
1938
2035
2068
2082
2124
2235
2226
2115
2138
2142
2079
2076
2022
2081
2082
2046
2032
1975
1962
1911
1890
1866
1956
1878
1797
1666
1587
1560
1479
1524
1531
1530
1558
1569
1575
1566
1608
1560
1630
1585
1521
1401
1392
1380
1353
1437
1431
1333
1428
1476
1434
1399
1366
1305
1347
1416
1490
1498
1497
1482
1572
1588
1516
1566
1530
1489
1440
1383
1353
1359
1293
1386
1446
1404
1299
1372
1273
1158
1131
1119
1215
1140
1194
1228
1191
1170
1141
1209
1215
1155
1222
1161
1152
1093
1093
1165
1165
1164
1161
1201
1251
1221
1156
1198
1266
1245
1317
1276
1239
1263
1300
1299
1284
1320
1224
1173
1167
1176
1170
1176
1227
1227
1257
1308
1410
1399
1402
1359
1296
1215
1236
1323
1290
1293
1251
1230
1254
1294
1300
1226
1260
1299
1305
1260
1263
1320
1394
1263
1276
1272
1308
1263
1215
1270
1225
1332
1431
1474
1410
1407
1444
1452
1482
1518
1569
1558
1666
1650
1606
1671
1677
1671
1665
1743
1737
1719
1753
1891
1980
1908
1963
2040
2120
2110
2083
2010
1983
1941
1890
1924
1964
1977
2014
2163
2203
2233
2304
2313
2280
2352
2268
2219
2200
2195
2314
2361
2472
2392
2378
2289
2412
2589
2541
2605
2649
2647
2543
2548
2412
2407
2306
2260
2259
2245
2191
2287
2203
2208
2172
2118
2238
2148
2132
2145
2160
2281
2343
2497
2468
2569
2478
2582
2596
2590
2586
2682
2676
2694
2771
2792
2849
2863
2989
2933
3043
3029
3031
2913
2911
2951
2896
2937
2932
3011
3033
2962
3025
2991
2991
3045
3015
3079
3046
3039
2939
2944
3015
2991
3061
3143
3054
2993
2970
2901
2797
2744
2737
2688
2613
2736
2638
2685
2692
2670
2679
2739
2827
2907
2904
3025
3049
3136
3243
3281
3293
3286
3311
3293
3175
3094
3115
3171
3177
3111
3095
3139
3147
3177
3174
3154
3100
3180
3211
3356
3401
3453
3597
3437
3518
3419
3376
3299
3237
3290
3234
3215
3092
3156
3195
3123
3154
3227
3265
3182
3076
3175
3136
3066
3004
3020
2961
2910
2884
3011
3145
3073
2886
2805
2865
2757
2735
2808
2717
2643
2694
2772
2761
2748
2686
2647
2655
2535
2529
2471
2546
2542
2592
2594
2658
2629
2657
2763
2767
2728
2699
2722
2737
2723
2860
2947
3017
3064
3019
3032
3017
2866
2851
2887
2921
2939
2963
2948
3010
3029
3084
3231
3313
3247
3168
3142
3180
3106
3071
3067
3025
3062
2954
2992
3082
3069
3094
3013
2912
2902
2857
2815
2843
2851
2905
2994
3048
3142
3189
3096
3216
3222
3261
3281
3228
3256
3299
3298
3165
3154
3285
3196
3371
3265
3181
3194
3013
3121
3265
3334
3349
3252
3346
3402
3391
3378
3318
3276
3269
3331
3463
3258
3455
3405
3364
3322
3222
3112
3099
3089
3109
3190
2933
2968
3052
3147
3142
3123
2998
2997
2923
2988
3082
3059
3193
3235
3268
3310
3413
3401
3461
3551
3480
3341
3382
3489
3471
3462
3548
3521
3540
3603
3433
3553
3371
3462
3342
3332
3365
3505
3557
3561
3643
3621
3778
3751
3853
3858
3656
3575
3587
3559
3586
3467
3370
3458
3418
3444
3457
3462
3521
3687
3837
3981
3972
3940
3907
3857
3914
3863
3875
3924
3942
3959
4098
4071
3987
4130
4257
4291
4213
4174
4041
4228
4368
4533
4537
4447
4425
4465
4439
4430
4610
4657
4559
4563
4618
4711
4820
4905
4957
4902
4961
4952
5100
5215
5073
5066
5055
4882
4912
5064
4894
4750
4782
4727
4633
4673
4673
4575
4523
4655
4762
4720
4697
4797
4644
4722
4895
4820
4858
5013
5023
4984
5077
5185
5163
5237
5192
5227
5045
4966
5093
4980
4937
4981
5163
5083
5038
5038
5045
5025
5015
4920
4946
4943
4957
5107
5034
4834
4873
4989
5083
4973
4997
5097
5301
5344
5426
5507
5607
5611
5617
5697
5712
5741
5643
5577
5710
5858
5793
5663
5806
5635
5639
5674
5701
5693
5764
5872
6089
6094
6194
6200
6012
6333
6200
6252
6220
6203
6191
6175
6151
6108
6005
6099
5843
5904
6103
6264
6261
5969
6085
6036
5994
5862
5987
5994
6079
6112
6117
6239
6276
6097
6181
6195
6403
6560
6599
6640
6597
6512
6481
6334
6313
6274
6382
6383
6295
6426
6472
6695
6695
6631
6444
6655
6647
6558
6567
6594
6456
6521
6574
6640
6595
6546
6741
6716
6769
6837
6826
6695
6661
6684
6527
6557
6685
6631
6619
6650
6627
6681
6723
6886
7056
6944
7019
6861
6911
6851
6837
6837
6828
6625
6470
6659
6506
6474
6535
6621
6676
6660
6677
6558
6504
6678
6668
6504
6547
6540
6430
6523
6342
6344
6565
6367
6338
6072
6033
6122
6283
6278
6192
6203
6289
6254
6100
5862
5789
5746
5947
5860
5888
5640
5914
5845
5977
5910
6109
6047
6037
6202
6109
6146
6108
6128
6047
5992
5755
5707
5521
5482
5458
5368
5269
5241
5266
5311
5124
5028
4956
4956
5184
5306
5183
5264
5315
5194
5261
4983
4968
4968
4898
4834
4704
4652
4601
4778
4896
4999
5094
5181
5154
5084
5330
5591
5693
5786
5784
5912
5909
5864
5933
6021
6188
6295
6232
6363
6369
6446
6436
6321
6423
6346
6311
6326
6222
6173
6061
6073
6093
6165
6204
6112
6145
6152
5993
5986
5970
5912
5983
5864
5922
6030
5989
6051
5855
5680
5763
5633
5764
5709
5678
5672
5668
5836
5789
5626
5669
5591
5524
5507
5601
5685
5731
5642
5696
5921
5928
6213
6021
6056
6293
6465
6539
6551
6351
6396
6471
6502
6619
6699
6773
6490
6572
6462
6535
6462
6553
6605
6541
6525
6664
6584
6463
6424
6395
6368
6431
6424
6314
6212
6328
6401
6431
6375
6362
6160
6180
6425
6428
6461
6450
6330
6280
6232
6401
6402
6451
6356
6283
6259
6302
6380
6396
6481
6440
6622
6873
6796
6695
6750
6669
6601
6694
6882
6804
6795
6755
6726
6718
6823
6632
6703
6632
6770
6807
6980
7165
7218
7093
7034
7046
7128
7145
7056
7237
7115
7212
7327
7357
7360
7574
7593
7555
7550
7693
7443
7519
7362
7203
7315
7294
7389
7515
7403
7389
7350
7179
7008
7129
7141
7171
7266
7097
7110
7019
7088
6974
6946
6881
6973
6731
6552
6514
6368
6384
6309
6204
6459
6792
6737
6723
6838
6902
6885
6781
6811
6793
6987
6967
7088
6855
6807
6696
6662
6613
6468
6574
6548
6396
6449
6443
6685
6661
6569
6620
6636
6674
6874
6942
6872
6978
7088
7055
7021
7185
7005
6921
6923
6670
6717
6748
6834
6633
6712
6695
6718
6790
6696
6751
6831
6906
6810
6683
6549
6412
6422
6434
6483
6436
6414
6365
6422
6373
6457
6536
6556
6699
6957
6720
6619
6651
6596
6556
6779
6608
6539
6708
6908
7069
7122
7063
6960
7008
6823
6666
6746
6622
6677
6880
6780
6703
6583
6613
6788
6884
6576
6683
6460
6479
6453
6556
6549
6504
6624
6650
6716
6726
6558
6461
6696
6694
6824
6856
6769
6676
6643
6834
7003
7034
6917
7088
6976
6973
6954
7061
7037
7064
7244
7206
6975
7156
7125
7050
7083
7002
7094
7167
7071
6965
7075
7063
7147
6993
6963
6872
6982
6956
6766
6777
6967
6877
6733
6665
6473
6364
6344
6170
6212
6249
6442
6520
6577
6452
6532
6488
6678
6490
6337
6080
5933
6120
6164
6099
6148
6410
6164
6149
6367
6473
6474
6590
6599
6645
6500
6371
6347
6323
6268
6332
6252
6274
6145
6073
6115
6341
6160
6244
6295
6139
5950
5928
5869
5833
5832
5630
5701
5531
5449
5499
5441
5407
5544
5520
5435
5419
5559
5724
5727
5676
5626
5617
5624
5433
5325
5391
5416
5426
5464
5444
5450
5214
5116
5052
5236
5283
5397
5215
5122
5202
5168
5170
5385
5521
5556
5526
5605
5580
5589
5612
5745
5749
5649
5434
5483
5487
5424
5483
5451
5446
5382
5287
5343
5417
5347
5355
5332
5277
5244
5162
5137
5142
5033
5026
5096
5009
4993
4998
4784
4768
4793
4816
4807
4748
4792
4863
4919
4912
4884
4899
4915
4826
4904
4856
4741
4825
4559
4610
4542
4518
4636
4538
4622
4592
4581
4598
4488
4381
4368
4441
4384
4445
4397
4556
4628
4763
4779
4803
4861
4973
4920
5193
5272
5270
5357
5263
5293
5220
5225
5179
5285
5326
5265
5315
5461
5433
5411
5526
5468
5522
5539
5496
5666
5899
6033
6077
6086
6241
6077
5988
5772
5669
5553
5417
5384
5434
5475
5339
5346
5418
5385
5395
5334
5322
5297
5381
5468
5381
5098
5077
5069
5182
5178
5416
5598
5695
5871
5825
5795
5724
5971
5878
5731
5398
5489
5641
5470
5524
5633
5529
5593
5705
5701
5834
5696
5698
5847
5949
5977
5987
5944
5901
5918
5842
5834
5840
5799
6012
6024
5879
6033
6217
6430
6289
6397
6553
6443
6516
6572
6630
6374
6591
6697
6606
6564
6375
6251
6211
6153
6180
6291
6357
6390
6488
6401
6278
6325
6487
6441
6451
6436
6370
6404
6289
6259
6173
6517
6445
6417
6290
6299
6265
6291
6183
6100
6111
6243
6057
6151
6011
6163
6031
5929
6165
6372
6213
6065
6128
6254
6077
6173
6340
6173
6160
6084
6107
5977
6041
5971
5930
5826
5758
5615
5712
5830
5608
5614
5529
5625
5609
5643
5885
5954
5905
6078
5969
5973
5872
5955
5751
5667
5667
5766
5559
5452
5647
5579
5451
5372
5403
5303
5239
5146
5397
5539
5468
5413
5581
5541
5661
5613
5722
5676
5595
5372
5419
5414
5412
5412
5518
5565
5673
5946
5982
5888
5828
6033
6128
5972
6101
6188
6073
5932
5786
5772
5707
5718
5451
5615
5392
5459
5471
5632
5572
5487
5497
5516
5655
5544
5621
5593
5739
5857
5766
5952
5985
6155
6030
5983
5936
5902
5827
5821
6077
6010
5903
6096
6018
5928
5974
6083
6054
6082
6123
6083
6005
5951
5912
6004
5936
5813
5718
5695
5709
5567
5529
5526
5570
5599
5833
5811
5843
5889
5958
5876
5838
5743
5570
5706
5648
5630
5593
5726
5629
5613
5716
5789
5826
5989
5848
5937
5810
5713
5546
5518
5558
5570
5564
5642
5556
5518
5536
5476
5442
5589
5630
5577
5528
5595
5630
5729
5693
5773
5743
5791
5861
5950
6002
5945
5825
5765
5880
5869
5910
5962
5998
5795
5662
5906
5812
5955
6081
6035
6124
6048
6100
6270
6199
6217
6315
6274
6166
6140
6240
6333
6507
6318
6400
6401
6501
6480
6559
6545
6622
6678
6508
6539
6409
6342
6334
6166
6255
6263
6274
6291
6288
6347
6251
6301
6365
6322
6453
6576
6579
6657
6595
6607
6655
6722
6756
6357
6136
5995
5929
5899
5973
5822
5578
5536
5441
5372
5270
5155
5242
5419
5513
5453
5531
5440
5399
5525
5486
5431
5480
5342
5426
5241
5241
5233
5230
5239
5223
5331
5396
5481
5430
5498
5370
5585
5552
5507
5535
5681
5654
5758
5869
5941
5803
5983
5856
5826
5987
6032
5880
5751
5759
5921
5893
5796
5970
6116
6007
6022
5816
5820
6063
6016
5787
5920
5893
5684
5578
5472
5484
5406
5359
5456
5504
5655
5653
5601
5599
5588
5574
5493
5269
5339
5337
5272
5425
5308
5342
5387
5352
5339
5461
5300
5241
5204
4919
4928
4953
5158
5144
5123
5214
5162
5084
4999
5206
5313
5430
5344
5352
5264
5471
5621
5545
5526
5577
5505
5610
5664
5790
5849
5906
5840
5750
5630
5663
5636
5742
5710
5776
5615
5660
5568
5611
5511
5637
5654
5565
5512
5427
5612
5600
5466
5407
5172
5085
5136
5324
5340
5513
5532
5590
5428
5270
5051
4836
4766
4679
4810
4576
4535
4704
4762
4873
4881
4933
4935
4849
4954
4879
4675
4619
4564
4546
4753
4747
4878
4835
4840
4949
5136
5125
5231
5363
5415
5465
5383
5487
5463
5695
5590
5647
5585
5494
5494
5418
5559
5487
5551
5606
5447
5473
5480
5531
5506
5384
5349
5418
5410
5279
5313
5277
5150
5230
5260
5316
5404
5355
5359
5307
5396
5046
4935
4868
4945
4871
4675
4637
4791
4802
4795
4761
4834
4670
4719
4829
4896
4891
5009
5002
5038
4958
4846
4784
4873
4806
4869
4999
5078
5015
4902
4880
5058
5096
5270
5371
5343
5431
5407
5389
5443
5192
5345
5428
5455
5505
5592
5677
5602
5768
5864
5817
5869
5658
5558
5595
5430
5467
5772
5775
5664
5739
5566
5490
5464
5483
5283
5201
5147
5173
5183
5163
5356
5464
5322
5437
5346
5355
5223
5099
5092
4873
4833
4855
4836
4842
4973
5205
5228
5406
5392
5341
5253
5151
5074
5139
5080
5093
5136
5067
5198
5264
5284
5132
5166
5171
5169
5152
5041
5011
5147
5150
5266
5374
5306
5390
5469
5322
5175
5306
5189
5328
5259
5346
5290
5259
5233
5204
5288
5141
5083
5055
5084
5213
5321
5388
5365
5473
5394
5416
5417
5376
5361
5177
5169
5345
5283
5145
5195
5110
5167
5093
4994
5074
5277
5248
5096
5243
5315
5193
5160
5089
5215
5190
5318
5118
5300
5369
5409
5545
5314
5264
5256
5352
5395
5457
5414
5289
5109
5117
5171
5081
5313
5361
5372
5384
5475
5390
5493
5469
5489
5557
5617
5607
5486
5403
5663
5832
5838
5938
5984
6031
6107
6126
6221
6121
5948
5938
5677
5532
5480
5507
5504
5588
5711
5921
5877
5997
6041
6202
6193
6190
6116
6130
5959
5833
5955
5830
5935
5923
6073
6188
6084
6103
5860
5815
5794
5979
6034
6048
6067
5854
5818
5669
5697
5612
5477
5385
5322
5296
5347
5508
5420
5340
5398
5277
5412
5328
5459
5724
5675
5729
5735
5540
5595
5441
5443
5477
5449
5303
5145
5231
5273
5216
5218
5228
5221
5309
5251
5159
5002
5220
5222
5087
5105
5148
5171
5126
5204
5199
5194
5237
5316
5206
5227
5259
5223
5246
5204
5242
5259
5182
5276
5252
5126
5160
5265
5277
5330
5592
5639
5567
5526
5660
5596
5502
5518
5622
5720
5761
5734
5738
5488
5644
5594
5557
5595
5456
5577
5775
5817
5728
5859
5916
5773
5795
5742
5819
5800
5781
5731
5737
5922
6048
6165
6160
6269
6189
6275
6351
6365
6446
6549
6419
6577
6542
6690
6663
6606
6786
6720
6740
6737
6753
6609
6504
6685
6936
6715
6665
6617
6709
6606
6670
6866
6693
6678
6483
6894
6887
6960
6973
6999
6967
7129
6882
6855
6576
6646
6614
6725
6895
6838
6821
6741
6784
6712
6646
6644
6716
6881
6731
6542
6728
6877
6753
6874
6897
6845
6981
6942
6938
6982
6990
6829
6901
6915
6814
6599
6419
6468
6523
6585
6491
6653
6495
6440
6350
6429
6418
6368
6520
6377
6196
6194
6221
6000
6061
5765
5862
5608
5602
5549
5483
5481
5372
5453
5526
5319
5317
5452
5297
5274
5117
5286
5332
5246
5240
5117
5054
5158
5332
5331
5498
5511
5566
5545
5576
5565
5523
5348
5355
5486
5409
5345
5440
5550
5405
5360
5352
5195
5378
5437
5530
5523
5672
5632
5561
5627
5774
5798
5948
5937
6041
6131
6140
6249
6391
6186
6126
6101
6014
6122
6110
6139
5918
6169
6135
6157
6262
6342
6199
6007
6090
6146
6024
6043
5951
6042
5870
5903
5856
5828
5899
5875
6083
6207
5948
5977
5913
5936
6057
6178
6098
6173
6156
6300
6224
6326
6275
6211
6195
6147
6122
6135
6233
6195
6219
6182
6143
6096
6052
5924
6027
6050
6013
6066
6148
6132
5793
5754
5874
5802
5757
5704
5831
5987
6156
6021
6129
6196
6130
6004
5905
5807
5958
5880
5773
5662
5828
5912
5721
5615
5363
5450
5421
5398
5383
5400
5474
5537
5527
5539
5661
5806
5964
5774
5663
5492
5643
5780
6060
6057
6117
6128
6169
6313
6265
6416
6172
6360
6545
6583
6324
6447
6498
6675
6560
6482
6345
6379
6304
6511
6633
6780
6678
6415
6331
6490
6540
6445
6519
6550
6669
6598
6450
6408
6506
6479
6528
6673
6562
6557
6444
6246
6125
6227
6106
6131
6154
5903
5902
5905
5777
5574
5668
5613
5486
5420
5574
5542
5633
5743
5663
5699
5617
5619
5666
5573
5653
5595
5748
5704
5620
5386
5481
5540
5672
5763
5883
5801
5794
5602
5532
5424
5563
5545
5361
5674
5600
5667
5594
5686
5825
5656
5595
5830
5829
5898
5918
6088
6151
6056
6026
6017
6091
6198
6209
6234
6070
6090
6198
6215
6170
6000
6016
5969
5881
5955
6061
6178
6312
6396
6265
6288
6261
6346
6275
6144
6155
5989
5933
5995
5849
5884
5916
5925
5956
5733
5582
5526
5597
5585
5617
5524
5487
5503
5606
5774
5706
5813
5559
5559
5557
5581
5774
5735
5697
5688
5790
5896
5934
5969
6066
6136
6049
6158
6146
6054
6190
6174
6032
6211
6379
6107
5996
6123
6034
5937
5933
5930
5911
5758
5806
5770
5707
5955
5919
6123
6056
6268
6255
6186
6156
6105
6132
6016
5861
6005
5976
6067
5992
5960
5767
5757
5877
5997
5939
5931
5987
5977
6020
5683
5780
5731
5840
5896
6126
6045
6180
6067
6117
6239
6229
6244
6370
6259
6244
6332
6324
6386
6306
6174
6141
6111
6194
6094
6168
6242
6240
6227
6321
6492
6779
6697
6709
6793
6780
6881
6869
6729
6785
6832
6928
6700
6547
6483
6381
6548
6593
6733
6772
6581
6500
6534
6523
6567
6605
6426
6344
6229
6359
6345
6125
6272
6161
6283
6207
6176
6243
6292
6387
6471
6490
6649
6388
6347
6303
6380
6541
6545
6320
6386
6369
6255
6308
6351
6457
6645
6570
6535
6411
6428
6449
6485
6448
6597
6593
6509
6456
6434
6526
6633
6574
6654
6865
7123
7126
7392
7418
7221
7313
7308
7254
7282
7236
7154
7163
7145
7291
7229
7052
6900
6901
7070
7052
7169
7121
7214
7391
7463
7409
7394
7445
7472
7517
7486
7340
7103
6927
6623
6773
6623
6458
6440
6497
6507
6463
6447
6371
6279
6308
6293
6359
6466
6580
6649
6616
6469
6513
6487
6587
6501
6410
6390
6495
6403
6278
6248
6191
6159
6171
6185
6213
6156
6122
6031
6077
6017
6078
6064
6138
6424
6379
6333
6343
6170
6277
6257
6168
6243
6255
6196
6197
6160
6245
6226
6249
6190
6221
6221
6184
6194
6272
6149
6113
5983
6120
5965
6020
6051
5928
5956
5834
5841
5805
5677
5647
5957
6050
5930
5790
5694
5659
5565
5649
5645
5637
5853
5837
5766
5811
5778
5766
5624
5446
5307
5036
5016
5082
4970
5112
5091
5044
5045
4983
5162
5077
5088
5175
5421
5412
5201
5294
5133
5213
5134
5077
5071
5104
5071
5129
5112
5230
5253
5246
4991
4848
4777
4926
4985
4953
4966
4927
4847
4830
4734
4731
4827
4725
4483
4450
4520
4424
4352
4166
4148
4032
4108
4383
4600
4518
4488
4419
4383
4533
4581
4592
4617
4692
4938
5099
5117
5036
4984
4835
4926
4814
4929
4762
4913
5016
5071
4955
4906
4900
4828
4939
4924
4865
4942
5037
4977
4900
4828
4873
4915
5063
4915
4821
4872
4640
4620
4787
4697
4550
4758
4779
4849
4750
4714
4800
4719
4779
4888
4800
4796
4661
4749
4630
4432
4428
4539
4419
4296
4329
4239
4276
4327
4398
4314
4256
4286
4259
4266
4235
4278
4137
4179
4172
4047
4076
4089
4063
4114
4110
4178
4223
4212
4216
4045
4082
4169
4257
4154
4165
4225
4330
4348
4335
4502
4397
4477
4559
4487
4546
4629
4530
4615
4566
4547
4586
4596
4728
4968
5053
5014
5036
4940
5072
5143
5065
5023
4966
5000
5034
5118
5170
4993
4855
4760
4768
4782
4769
4861
4920
5071
5232
5211
5100
5185
5110
5189
5133
5087
5131
5061
5030
5087
5155
5191
5099
5085
5031
4979
5032
4974
4998
5026
5074
4933
5088
5316
5383
5447
5527
5544
5526
5463
5475
5586
5684
5761
5579
5451
5566
5609
5667
5477
5497
5509
5534
5521
5454
5370
5205
5250
5140
5219
5311
5395
5574
5583
5572
5419
5261
5130
5098
5055
5052
5112
5049
5114
5074
5174
5190
5324
5157
5037
5083
4887
4795
4820
4901
4844
4893
4972
5080
5123
5149
5149
5106
5268
5222
5338
5426
5387
5313
5363
5373
5435
5660
5983
6059
6048
6337
6262
6311
6261
6203
6400
6345
6107
6001
5643
5655
5827
5874
5843
6087
6004
6093
5987
5946
5846
5808
5607
5592
5549
5476
5432
5460
5287
5199
5332
5577
5494
5652
5467
5323
5400
5306
5416
5488
5376
5390
5353
5338
5458
5398
5451
5498
5382
5379
5401
5518
5568
5575
5594
5526
5460
5484
5488
5479
5406
5488
5313
5406
5521
5358
5468
5575
5489
5484
5296
5326
5314
5389
5261
5339
5338
5383
5583
5436
5535
5438
5326
5234
5239
5298
5348
5240
5276
5338
5422
5540
5687
5750
5678
5680
5784
5701
5694
5503
5304
5389
5332
5264
5312
5346
5376
5459
5513
5503
5563
5559
5526
5741
5829
5880
5846
5919
5822
5660
5569
5650
5586
5589
5608
5583
5600
5643
5528
5533
5340
5244
5331
5155
5307
5465
5273
5178
5039
5219
5348
5297
5308
5312
5368
5404
5498
5455
5328
5229
5328
5340
5278
5265
5476
5283
5300
5112
5180
5282
5288
5188
5168
5137
5251
5326
5375
5237
5125
5126
5079
4944
4898
5046
5092
5173
5432
5554
5650
5636
5812
5905
5784
5742
5837
5716
5769
5642
5649
5587
5653
5517
5409
5456
5521
5608
5667
5599
5487
5492
5419
5442
5569
5595
5454
5333
5192
5140
5046
5125
5019
4920
4937
5017
4996
5108
5168
5178
5305
5100
5238
5265
5334
5398
5323
5314
5392
5412
5255
5240
5237
5185
5211
5145
5327
5396
5200
5284
5117
5164
4984
4897
4916
4821
4680
4725
4739
4843
4802
4722
4821
4852
4651
4822
4818
4882
5080
5182
5103
5096
5063
4965
5086
5188
5067
5339
5216
5205
5219
5252
5393
5323
5384
5440
5420
5436
5382
5569
5559
5637
5615
5760
5550
5537
5580
5552
5666
5600
5605
5613
5687
5812
5860
5641
5683
5818
5844
5846
5778
5760
5675
5630
5657
5729
5710
5625
5611
5486
5591
5549
5491
5521
5573
5545
5504
5737
5712
5716
5786
5874
5786
5789
5850
5869
5719
5622
5518
5361
5338
5310
5330
5399
5457
5586
5608
5733
5868
5830
5757
5640
5584
5672
5905
5853
5819
5903
6003
5956
5801
5756
5773
6076
5956
5943
5940
6099
6111
6003
6097
6172
6253
6349
6243
6115
6328
6479
6406
6445
6632
6599
6815
6764
6584
6689
6749
6719
6913
6971
6976
7088
7172
7406
7460
7507
7739
7911
7761
7706
7638
7637
7700
7671
7507
7461
7512
7465
7269
7385
7349
7427
7281
7201
7458
7578
7626
7601
7540
7448
7494
7378
7244
7207
7065
7193
7082
7001
7200
7174
7358
7273
7323
7374
7327
7293
7535
7680
7693
7411
7416
7449
7717
7854
7614
7758
7792
7747
7798
7590
7561
7500
7564
7662
7282
7210
7223
7211
7238
7251
7173
7223
7508
7225
6912
6816
6715
6823
7140
6923
7014
6957
7059
6919
6752
6908
6984
6907
6871
7014
6913
7025
7419
7321
7301
7229
7318
7286
7240
7159
7152
6972
6668
6479
6639
6831
6684
6535
6558
6541
6411
6391
6536
6593
6343
6478
6560
6656
6585
6602
6582
6572
6461
6440
6711
6877
6760
6878
6772
6965
6914
6820
6893
6768
6617
6448
6306
6300
6327
6364
6275
6153
6112
6165
6107
5866
5896
5956
5951
6127
6038
6066
5903
5976
6038
6015
5878
5870
5853
5792
5818
5681
5785
5793
5862
5944
6059
6038
6089
6037
5904
5840
5886
5857
5809
5818
5927
5893
5946
5914
5940
5854
6057
6041
5763
5848
5673
5717
5787
5804
5785
5699
5756
5911
5856
5826
5876
5634
5507
5623
5862
5943
5971
6010
6140
6093
6268
6326
6472
6433
6480
6331
6276
6260
6255
6144
6221
6441
6336
6329
6384
6419
6287
6288
6372
6452
6589
6450
6392
6433
6352
6456
6363
6312
6308
6126
6165
6172
6242
6167
6165
6220
6098
6061
5969
5985
6026
6128
6102
6107
6237
6274
6129
6258
6160
5937
6082
6166
6193
6231
6162
6175
6150
6279
6177
6233
6047
6158
6058
5924
5821
6080
6165
6164
6274
6314
6329
6343
6495
6610
6799
6874
7013
7168
7262
7217
7083
7111
7184
7162
7246
7088
7223
7418
7251
7356
7328
7384
7357
7218
7264
7076
7154
7312
7244
7332
7260
7338
7266
7164
7136
7036
6796
6532
6543
6520
6542
6580
6752
6469
6514
6326
6463
6283
6338
6241
6125
6063
6258
6296
6087
6192
6192
6080
6166
6207
6372
6502
6535
6621
6744
6808
6707
6616
6614
6685
6672
6643
6729
6658
6522
6494
6643
6714
6706
6761
6813
6727
6820
6843
6624
6462
6246
6210
6245
6216
6125
6100
6065
5991
5993
6025
5881
5688
5783
5888
6014
5902
6018
5986
5687
5681
5816
5678
5546
5699
5668
5853
5821
5528
5727
5755
5669
5676
5792
5711
5602
5587
5393
5424
5383
5304
5084
5034
5025
5076
4995
5290
5187
5196
5086
5121
5151
5245
5241
5006
5095
5130
5130
5131
5146
5137
5226
5334
5385
5255
5255
5476
5457
5694
5537
5364
5458
5465
5408
5363
5400
5318
5562
5615
5485
5521
5456
5585
5672
5509
5277
5378
5494
5460
5483
5619
5501
5417
5374
5323
5129
5100
5083
5167
5171
5343
5440
5434
5543
5688
5664
5595
5638
5665
5733
5861
6164
6130
6050
6122
6097
6178
6145
6209
6038
5920
5922
5852
5853
5815
5786
5745
5616
5538
5478
5641
5526
5462
5425
5315
5377
5580
5792
5821
5620
5599
5737
5579
5501
5541
5338
5299
5504
5580
5525
5327
5384
5436
5425
5679
5513
5324
5222
5340
5116
5163
5141
5217
5242
5111
5300
5300
5282
5244
5227
5267
4997
4899
4935
4950
4969
4842
4883
4854
4831
4831
4866
4863
4898
4931
4879
4885
4951
4854
4754
4845
4876
4933
4986
5023
4952
4940
4827
4746
4835
4807
4937
4960
4872
4726
4795
4727
4616
4561
4537
4541
4614
4695
4770
4760
4778
4964
5002
4995
4939
5082
5086
5244
5358
5242
5264
5414
5379
5236
5320
5078
5273
5336
5264
5270
5431
5432
5512
5519
5497
5500
5330
5463
5504
5510
5604
5539
5687
5850
5796
5878
6012
6211
6192
6170
6239
6427
6231
6322
6229
6298
6253
6230
6506
6643
6745
6642
6650
6555
6512
6316
6203
6183
6165
6295
6240
6301
6139
5957
5907
5824
5776
5765
5637
5627
5641
5750
5861
5830
5898
5975
5845
5854
5986
5914
5932
5837
5820
5995
6005
5983
5891
6086
5951
5912
5835
5793
5920
5769
5479
5489
5338
5414
5286
5192
5384
5340
5162
5119
5178
5208
5172
5183
5117
5209
5151
5144
5074
5232
5143
5030
5162
5180
5161
5288
5285
5433
5342
5439
5608
5666
5725
5619
5632
5623
5702
5791
5814
5868
5960
5863
5933
6173
6146
6227
6131
5929
6041
6187
6195
6278
6278
6389
6380
6504
6496
6519
6617
6641
6672
6663
6623
6459
6391
6412
6426
6248
6335
6349
6579
6554
6462
6491
6753
6789
6981
7078
6997
6618
6639
6544
6635
6380
6280
6300
6366
6294
6394
6438
6294
6413
6306
6302
6383
6594
6670
6604
6615
6603
6674
6567
6625
6624
6746
6895
6837
6952
6936
6885
7033
7131
6969
6920
7053
6989
6954
6838
6841
6994
7049
7082
7065
7127
7384
7494
7562
7497
7694
7735
7626
7538
7609
7626
7632
7682
7717
7546
7586
7528
7631
7674
7597
7858
7629
7659
7701
7638
7220
7143
7245
7362
7454
7336
7304
7218
7156
7310
7289
7334
7380
7174
7372
7386
7353
7390
7186
7207
7141
7149
6914
6873
6773
6745
6824
7139
7135
7180
7235
7230
7201
7134
7234
7328
7244
7310
7177
7111
6866
6820
6785
6834
6706
6667
6756
6834
6615
6728
6701
6538
6773
6756
6739
6738
6567
6311
6395
6081
6061
5972
5730
5584
5605
5718
5648
5664
5831
5908
6027
5882
5742
5813
5884
5802
5731
5823
5746
5644
5597
5640
5697
5569
5650
5641
5725
5695
5712
5810
5705
5608
5618
5733
5769
5733
5797
6063
5996
5981
6096
6011
5931
5838
5883
5836
5904
6085
6106
6103
6265
6339
6400
6415
6384
6246
6357
6263
6290
6331
6200
6221
5999
5869
5948
5815
5754
5683
5695
5856
6077
6067
6252
6330
6287
6455
6787
6770
6651
6644
6712
6466
6469
6446
6477
6330
6234
6206
6030
6113
6187
6127
6126
6250
6401
6565
