1005000
267463
173569
129011
102405
85150
72580
63166
55958
50225
45123
41392
38169
35496
32987
30614
28533
27020
25667
24472
23644
22590
21680
20923
20176
19553
18917
18191
17412
16799
16396
15701
15135
14597
14121
13480
13138
12856
12558
12386
12345
11878
11466
11123
10876
10835
10796
10548
10393
10148
10032
9970
9602
9378
9332
9268
8997
8733
8609
8258
8188
7924
7861
7634
7498
7404
7268
7144
6942
6957
6820
6749
6462
6177
5914
5819
5871
5715
5492
5452
5500
5218
5111
5128
5040
4978
4991
4954
4825
4711
4791
4765
4787
4806
4952
4919
4935
4893
4974
5116
5204
5054
4991
5063
4903
4768
4892
4868
4875
4711
4672
4661
4742
4717
4529
4528
4310
4274
4241
4249
4323
4295
4259
4267
4147
3910
3876
3896
3944
4013
3909
3938
4039
4100
4090
4366
4215
4190
4271
4284
4174
3834
3724
3671
3640
3644
3570
3487
3646
3646
3601
3734
3758
3633
3634
3675
3588
3538
3587
3596
3415
3291
3294
3284
3147
3093
3000
3079
3109
3089
3202
3125
3110
3055
3049
3199
3237
3308
3369
3436
3472
3545
3535
3461
3344
3470
3494
3584
3549
3678
3869
3869
3668
3634
3803
3733
3704
3643
3700
3617
3701
3762
3595
3581
3593
3600
3649
3690
3749
3965
4017
3849
3873
4002
4054
4010
4065
3983
3952
4010
4031
4019
4023
3915
3800
3843
3877
3890
3889
4000
4145
4134
4095
4059
4088
4004
3955
3991
3927
3915
3803
3825
3923
3893
3918
3883
3968
3914
3894
3927
4027
4158
4029
3935
3943
3894
3821
3848
3778
3903
3728
3671
3611
3460
3559
3584
3565
3566
3441
3520
3446
3532
3610
3617
3508
3542
3560
3564
3507
3410
3336
3495
3633
3574
3465
3512
3336
3243
3160
3187
3008
3014
3153
3291
3213
3190
3260
3379
3330
3359
3223
3163
3062
3052
2915
2983
2949
3036
3069
3062
3142
3180
3219
3167
3184
3155
3271
3183
3282
3374
3303
3148
3156
3074
3200
3226
3224
3203
3189
3097
3034
3205
3299
3197
3149
3314
3405
3326
3402
3248
3164
3064
3122
2935
2871
2845
2843
2999
2880
2870
2848
2824
2861
2865
2802
2903
2915
2916
2969
2899
2924
2860
2969
3051
2907
3120
3100
3042
3031
3094
3090
3047
3163
3126
3127
3233
3395
3333
3346
3337
3409
3369
3471
3436
3545
3600
3694
3726
3682
3722
3707
3724
3722
3678
3709
3813
3805
3935
3989
3983
3972
4143
4189
4005
4035
4223
4292
4271
4422
4448
4499
4486
4547
4538
4522
4626
4649
4510
4554
4631
4843
4837
4842
4884
4813
4802
4842
4927
4758
4781
4673
4725
4787
4864
4737
4731
4582
4546
4501
4457
4415
4519
4514
4484
4635
4551
4659
4747
4931
5054
5166
5024
4959
5114
5026
5040
4938
4828
4789
4711
4715
4472
4505
4420
4364
4367
4438
4515
4549
4599
4582
4684
4618
4467
4421
4436
4550
4417
4566
4608
4740
4557
4610
4655
4721
4714
4563
4605
4770
4723
4807
4792
4805
4587
4484
4531
4498
4544
4662
4830
4724
4899
4981
4821
4901
4888
4836
4762
4664
4622
4609
4691
4672
4413
4502
4531
4389
4298
4312
4314
4324
4316
4435
4426
4329
4309
4378
4205
4205
4190
4157
4256
4188
4351
4371
4336
4359
4475
4629
4727
4751
4745
4677
4602
4436
4438
4586
4415
4337
4238
4241
4207
4157
4241
4109
4000
4010
4019
3997
3997
4054
4050
3964
4118
4159
4251
4209
4240
4122
4010
3958
3962
3963
4092
4064
4110
4208
4463
4468
4464
4518
4461
4521
4681
4538
4700
4562
4522
4619
4729
4593
4493
4583
4670
4864
4883
5075
5037
5061
5005
4991
4971
4985
4999
5017
4769
4719
4884
4917
5009
4983
4992
4958
4786
4845
4945
4850
4843
4949
4810
4835
4636
4562
4590
4606
4493
4505
4364
4427
4488
4474
4529
4424
4197
4222
4085
3892
3977
4122
4149
4191
4090
3925
3883
3762
3774
3813
3801
3843
3733
3817
3931
4106
4014
4046
4152
4148
4244
4315
4312
4292
4297
4362
4256
4179
3979
3955
3890
3811
3701
3713
3631
3688
3687
3762
3877
3699
3707
3709
3565
3618
3487
3390
3508
3444
3493
3522
3595
3582
3527
3552
3458
3271
3255
3171
3164
3123
3106
3020
3098
2999
3042
3250
3238
3144
3220
3167
3138
3026
3025
3069
3069
3179
3162
3133
3160
3319
3353
3245
3201
3244
3139
3198
3173
3197
3285
3375
3354
3445
3717
3658
3797
3832
3993
3897
3994
3972
4041
3989
4005
4000
3964
4012
4046
3880
3774
3764
3769
3787
3917
3930
3838
3670
3691
3738
3955
3917
3955
3923
4120
4025
3974
3892
3847
3701
3740
3800
3761
3784
3684
3828
4023
4288
4461
4619
4698
4742
4808
4743
4653
4538
4473
4482
4656
4677
4813
4837
4951
4879
4900
4779
4759
4616
4555
4617
4634
4697
4644
4385
4229
4185
4218
4297
4229
4014
3899
3848
3826
3869
3836
3945
3978
3820
3562
3579
3510
3534
3598
3635
3631
3558
3679
3617
3576
3540
3498
3394
3436
3519
3459
3643
3614
3626
3767
3773
3673
3708
3590
3656
3715
3701
3580
3601
3667
3533
3519
3554
3596
3598
3570
3538
3640
3667
3762
3772
3823
3775
3761
3720
3848
3848
3841
3814
3993
3894
4089
4123
4138
4074
3826
3867
3865
3985
3916
4004
4181
4287
4242
4198
4299
4387
4466
4382
4536
4542
4566
4658
4653
4650
4805
4744
4576
4498
4381
4355
4239
4441
4524
4492
4533
4563
4471
4465
4506
4575
4563
4497
4505
4624
4459
4339
4436
4401
4386
4387
4287
4258
4247
4259
4171
4261
4246
4374
4305
4145
4165
4413
4337
4461
4549
4499
4560
4680
4601
4697
4666
4744
4753
4850
4821
4839
4862
4956
5126
5015
5150
5129
5183
5100
5164
5094
5092
5080
4945
5004
5131
5226
5113
5039
4995
4790
4834
4774
4719
4932
4940
5017
5075
5070
5060
5026
4982
4915
5002
4938
4836
4897
4982
4936
4958
5031
5216
5350
5315
5338
5358
5408
5483
5311
5328
5567
5613
5686
5632
5696
5667
5761
5831
5815
5760
5732
5764
5884
5890
5805
5817
5802
5951
6098
6158
6188
6249
6136
6082
6048
5831
5867
5706
5759
5581
5738
5948
6014
5814
5598
5471
5700
5712
5633
5452
5352
5398
5653
5730
5752
5571
5606
5385
5326
5371
5393
5338
5241
5175
5097
5107
5034
4982
4919
4939
5032
5209
4997
4956
5133
5166
5299
5125
5139
5115
5175
5272
5214
5318
5385
5409
5340
5357
5539
5680
5608
5637
5639
5639
5652
5757
5697
5644
5756
5636
5663
5649
5718
5620
5691
5554
5614
5603
5653
5650
5730
5628
5326
5299
5171
5272
5205
5321
5481
5609
5483
5373
5196
5127
5214
5333
5275
5222
5245
5145
5362
5331
5365
5399
5292
5423
5385
5570
5508
5414
5358
5279
5351
5209
5193
5400
5473
5466
5458
5649
5663
5480
5485
5542
5452
5385
5400
5420
5399
5388
5281
5318
5354
5354
5436
5422
5406
5560
5777
5784
5961
5931
5709
5688
5768
5753
5615
5620
5624
5718
5605
5548
5541
5469
5361
5298
5392
5414
5260
5428
5327
5188
5068
5150
5088
5113
5117
5047
5210
5270
5360
5371
5562
5654
5505
5501
5511
5579
5355
5388
5444
5513
5742
5651
5555
5427
5423
5257
5229
5164
5021
5158
5156
5155
5189
5049
5070
5104
5094
4907
5001
4948
5001
5232
5134
5209
5133
5089
4991
4980
5015
5005
5034
4984
5013
5091
5058
5139
5229
5117
5053
5237
5225
4927
4983
4935
5136
5173
5087
5046
5087
4984
5032
4907
4817
4692
4780
4833
4714
4679
4666
4554
4598
4573
4680
4756
4807
4733
4868
4837
4735
4684
4665
4729
4755
4885
5006
5097
5243
5038
5075
5104
5123
5101
5173
5061
5003
4990
4890
4869
4926
4863
4862
4975
4990
4945
5076
5092
5218
5392
5501
5510
5533
5454
5535
5537
5640
5590
5702
5580
5473
5560
5680
5594
5811
5757
5695
5675
5649
5543
5520
5592
5532
5633
5587
5577
5480
5565
5829
5808
5775
5846
5683
5579
5646
5754
5743
5690
5737
5751
5712
5685
5743
5790
5752
5791
5749
5756
5647
5532
5496
5679
5532
5592
5733
5684
5607
5494
5501
5361
5423
5448
5583
5726
5804
5620
5598
5655
5682
5667
5561
5488
5421
5444
5470
5521
5655
5874
5959
6010
6204
6292
6169
6079
6038
6171
6128
6231
6297
6202
6307
6170
6123
6143
6089
6021
6209
6236
6167
6173
5998
5878
6001
6016
6013
6138
6182
6278
6376
6431
6417
6662
6736
6595
6813
6927
6836
6747
6787
6904
7178
6940
6888
6919
6989
6887
7073
6959
6924
7020
7092
7044
7068
7056
6950
6968
6770
6888
7001
6857
6630
6654
6466
6401
6344
6505
6645
6634
6745
6707
6516
6558
6604
6658
6542
6516
6474
6773
6813
6897
7033
7136
7254
7052
7082
7191
7126
7098
7130
7349
7290
7245
7244
7087
7179
7133
7196
7125
7042
7002
6898
6632
6536
6382
6240
6165
6130
6172
6408
6476
6534
6468
6627
6717
6488
6379
6401
6460
6551
6423
6421
6302
6340
6306
6441
6406
6265
6236
6066
6211
6345
6441
6310
6205
6179
6172
6315
6131
6208
6213
6210
6146
6135
6164
6339
6387
6274
6235
6335
6369
6319
6488
6429
6514
6494
6437
6629
6582
6323
6298
6379
6222
6152
6177
6292
6468
6465
6401
6219
6298
6301
6192
6387
6340
6451
6469
6287
6249
6261
6210
6194
6361
6225
6122
6081
6163
6047
6091
6162
6155
6434
6139
5987
5832
5976
6004
6062
6033
6153
6044
6219
6310
6301
6391
6013
6149
6156
5957
6026
5994
5991
6123
6076
6035
5886
5897
5848
5871
5752
5752
5703
5731
5682
5624
5597
5579
5563
5570
5764
5816
5721
5565
5498
5504
5589
5744
5787
5832
5683
5798
5645
5647
5748
5628
5689
5541
5717
5947
5873
5724
5786
5804
5834
5722
5941
5989
6101
6153
6366
6392
6304
6287
6159
5968
6019
6101
5978
5892
6021
5944
5754
5761
5785
5797
5800
5897
5904
5930
5882
6097
6049
5979
6089
6309
6379
6385
6266
6340
6470
6428
6598
6696
6835
6883
6920
7025
7194
7274
7373
7267
7161
7067
7196
7305
7389
7428
7427
7514
7489
7601
7479
7413
7559
7525
7386
7409
7299
7304
7117
7217
7147
7273
7311
7282
7282
7338
7597
7482
7507
7528
7486
7295
7325
7310
7535
7209
7374
7436
7431
7370
7399
7431
7326
7314
7226
7070
6888
6681
6554
6451
6445
6357
6418
6288
6209
6320
6424
6448
6449
6270
6246
6293
6398
6481
6487
6530
6209
6243
6277
6218
6326
6458
6357
6351
6254
6148
6188
6360
6266
6399
6140
6090
6094
6060
6095
5971
5973
5902
5943
5870
5897
5835
5920
5814
5756
5672
5692
5847
5721
5835
5896
6007
5803
5817
5832
5826
5882
5817
5956
5727
5755
5700
5767
5664
5638
5535
5668
5820
5798
5830
5853
5892
5739
5697
5682
5712
5608
5711
5780
5895
5876
5867
6020
6136
6032
6177
6236
6116
6211
6230
6256
6160
6253
6282
6015
5924
5947
6046
5833
5709
5669
5565
5668
5582
5607
5552
5550
5585
5692
5534
5501
5404
5440
5503
5463
5566
5545
5620
5673
5577
5781
5924
6018
6092
6112
6118
5977
5948
5865
6038
6012
6111
6091
6182
6193
6181
6238
6130
6246
6327
6599
6601
6445
6481
6615
6681
6571
6465
6538
6546
6479
6345
6571
6611
6552
6509
6716
6765
6846
7136
7125
6901
6772
6743
6707
6787
6807
6806
6779
6807
6847
6923
6888
7046
6982
7155
7070
7197
7178
7004
7224
7122
7094
7030
7209
7026
7129
7311
7363
7386
7445
7354
7237
7198
6836
6808
6955
6890
6916
6956
6847
6830
6885
6798
6628
6600
6538
6617
6433
6402
6317
6486
6529
6539
6504
6566
6447
6367
6501
6368
6340
6251
6212
6029
6081
5992
5782
5877
5925
5905
5947
6016
5953
5905
5854
5909
5996
6050
6099
6124
5960
6028
6004
6131
6251
6192
6242
6111
5944
5771
5902
5804
5703
5699
5923
6003
6004
5826
5790
5841
5868
5909
6010
6067
6017
5937
5967
5888
5930
5683
5553
5486
5391
5381
5489
5560
5612
5684
5636
5797
5882
5878
6000
5998
6040
5969
5860
5853
5979
5986
6220
6170
6148
6037
6186
6222
6371
6472
6251
6203
6099
6360
6237
6410
6470
6305
6124
5890
5770
5777
5679
5533
5543
5599
5488
5522
5512
5571
5620
5639
5417
5296
5194
5292
5303
5483
5504
5372
5503
5453
5376
5332
5294
5280
5341
5349
5429
5360
5307
5333
5412
5370
5336
5253
5558
5691
5612
5639
5607
5631
5682
5647
5602
5459
5421
5359
5217
5168
5159
5250
5263
5419
5428
5357
5442
5391
5292
5232
5270
5329
5346
5337
5465
5501
5632
5624
5647
5553
5655
5569
5665
5681
5713
5746
5561
5689
5829
5968
6006
5920
5908
6047
6073
6197
6288
6396
6227
6463
6478
6454
6398
6397
6517
6551
6514
6558
6610
6447
6516
6440
6585
6556
6474
6352
6465
6456
6621
6494
6500
6442
6527
6686
6554
6392
6449
6207
6333
6319
6261
6257
6243
6270
6290
6291
6401
6385
6450
6440
6661
6738
6570
6598
6567
6345
6386
6040
6114
5879
5989
5929
5796
5819
5745
5614
5716
5806
5911
5867
5950
5989
6056
6068
6083
6171
6109
6245
6340
6166
6135
6165
6206
6175
6092
6294
6498
6187
6096
6186
6223
6405
6364
6463
6490
6469
6436
6424
6377
6346
6248
6228
6183
6174
6260
6412
6196
6179
6179
6096
5939
5997
6012
5801
5771
5855
5947
5975
6031
6172
6027
6091
6244
6285
6415
6428
6490
6731
6571
6575
6530
6663
6580
6567
6819
6658
6719
6649
6710
6690
6704
6653
6656
6722
6532
6748
6588
6384
6488
6650
6630
6642
6614
6732
6624
6474
6466
6477
6576
6579
6685
6815
6611
6449
6457
6519
6354
6206
6163
6310
6302
6270
6247
6179
5996
5980
6014
5902
5929
5891
5659
5729
5710
5877
5814
5850
5699
5740
5939
5885
5883
5835
5781
5677
5690
5598
5591
5555
5557
5568
5568
5478
5414
5472
5604
5624
5659
5503
5578
5543
5593
5551
5412
5468
5501
5245
5033
5125
5084
5022
5133
4829
4836
4865
4789
4901
4854
4779
4638
4455
4380
4352
4546
4473
4388
4308
4262
4244
4314
4265
4263
4293
4287
4279
4288
4299
4183
4228
4134
4225
4276
4255
4186
4296
4311
4365
4228
4254
4374
4404
4299
4259
4367
4473
4541
4576
4659
4573
4505
4348
4237
4206
4159
4271
4284
4395
4294
4220
4193
4115
4270
4246
4239
4095
4028
4259
4315
4249
4178
4125
4094
4089
4063
4049
4168
4143
4060
4113
4093
4034
3977
4029
4086
4205
4263
4099
4247
4280
4479
4479
4384
4374
4337
4241
4292
4440
4478
4410
4285
4096
4143
4199
4244
4282
4372
4337
4483
4513
4451
4572
4688
4436
4417
4302
4208
4114
4081
3938
3958
4053
4094
4128
4277
4353
4560
4616
4455
4261
4088
4117
4107
4064
4089
4133
4254
4223
4290
4221
4363
4261
4135
4054
4052
4128
4196
4104
4074
4043
4157
4112
4111
4267
4543
4401
4364
4330
4477
4376
4288
4290
4330
4386
4370
4398
4468
4390
4285
4338
4287
4245
4266
4317
4531
4587
4610
4591
4504
4497
4404
4466
4495
4524
4646
4762
4759
4740
4696
4814
4847
4706
4765
4941
4827
4762
4868
4887
5004
4955
4895
4948
4802
4663
4598
4494
4390
4241
4296
4320
4290
4484
4272
4297
4338
4416
4425
4477
4380
4309
4222
4348
4401
4365
4484
4453
4263
4252
4071
3944
3899
4005
4009
4093
4179
4126
4174
4060
3803
3771
3771
3753
3706
3681
3757
3840
3992
3980
3939
4029
4105
4203
4120
4248
4282
4351
4185
4203
4091
4037
3996
4212
4096
4082
4109
4033
4170
4091
4192
4219
4400
4309
4363
4391
4474
4457
4504
4592
4536
4475
4499
4669
4687
4546
4504
4411
4432
4320
4330
4190
4079
4120
4030
3947
3696
3786
3733
3722
3753
3778
3830
3852
3917
3772
3701
3831
3875
3959
4067
4213
4187
4227
4210
4103
4156
4405
4474
4434
4384
4496
4355
4317
4303
4270
4230
4136
4145
4225
4310
4206
4320
4219
4283
4295
4277
4445
4417
4445
4351
4336
4389
4288
4283
4319
4243
4138
4159
4056
4110
4132
4251
4296
4236
4179
4138
4128
3998
3987
4000
4016
4041
4033
3988
4162
4049
3939
3849
3820
3852
3807
3733
3709
3654
3772
3682
3672
3622
3657
3669
3740
3667
3659
3691
3745
3808
3751
3641
3770
3783
3691
3664
3700
3849
3727
3725
3707
3854
3888
3786
3661
3756
3762
3737
3772
3606
3487
3441
3406
3424
3495
3569
3720
3623
3767
3808
3769
3787
3779
3694
3641
3710
3709
3667
3698
3761
3800
3717
3899
3939
3884
3924
3879
4064
4033
4003
4046
4028
3991
4091
4241
4272
4314
4308
4202
4297
4360
4402
4475
4508
4532
4651
4542
4622
4660
4724
4768
4829
4774
4919
4948
4946
4851
4764
4796
4669
4577
4603
4495
4556
4652
4664
4573
4594
4581
4626
4536
4514
4831
4799
4718
4755
4693
4577
4792
4663
4808
4713
4616
4857
4971
4871
4987
4988
5064
5047
4935
4974
4896
4857
4882
4887
4857
4773
4905
4954
5086
4963
4826
4807
4744
4831
4907
5024
5024
5145
5201
5027
5055
5002
4875
4934
5087
5022
5182
5294
5067
4820
4870
4790
4776
4661
4805
4998
4923
4897
4950
5019
5002
5006
5054
5255
5172
5028
4927
4926
5020
4937
5069
4976
5016
5144
5180
5241
5237
5189
5080
4950
5059
5116
4999
5059
5070
5181
5193
5126
5129
5120
5109
5099
5053
4916
4943
5099
5085
5094
5161
5086
4978
4938
4708
4648
4732
4890
4865
4873
4739
4771
4716
4688
4652
4540
4602
4443
4308
4456
4268
4341
4373
4355
4318
4511
4429
4480
4587
4702
4672
4648
4585
4531
4700
4650
4724
4804
4929
4880
5135
4900
4865
4890
5039
4993
4939
4998
5106
5105
5059
4781
4738
4784
4859
4904
5030
5181
5205
5221
5351
5228
5027
5075
5312
5421
5433
5540
5563
5532
5391
5539
5443
5333
5262
5158
5121
5284
5264
5293
5247
5248
5236
5138
5119
4874
4956
4879
4924
5099
5112
4983
4851
4677
4633
4623
4747
4806
4752
4794
4822
4797
4759
4941
4726
4703
4627
4685
4707
4956
5004
5076
5177
5296
5166
5210
5330
5375
5423
5554
5419
5527
5592
5579
5683
5543
5658
5395
5523
5577
5622
5536
5490
5578
5392
5215
5245
5185
5189
5140
5090
5188
5314
5218
5445
5301
5328
5065
5123
5194
5324
5128
5258
5471
5557
5547
5523
5594
5509
5463
5412
5307
5129
5000
4960
5045
5113
5081
4907
4822
4863
4752
4754
4637
4656
4690
4705
4856
4760
4698
4735
4715
4683
4661
4540
4536
4598
4749
4859
4948
4861
4999
5019
4827
4877
4782
4754
4827
4802
4685
4771
4650
4578
4548
4373
4395
4373
4466
4643
4809
4816
4783
4780
4756
4895
4977
5118
4984
4886
4981
4966
5184
5132
5088
4953
5042
5049
5255
5190
5280
5331
5299
5250
5370
5424
5269
5242
5298
5361
5404
5425
5429
5329
5301
5237
5277
5408
5494
5475
5586
5513
5619
5722
5795
5899
5788
5621
5732
5640
5706
5683
5689
6006
5927
5806
5720
5653
5590
5756
5825
5946
5868
5799
5909
5837
5676
5574
5783
5840
5943
5816
5743
5769
5887
5837
5830
5779
5829
5730
5637
5774
5591
5624
5612
5694
5878
5698
5852
5855
5747
5805
5683
5502
5405
5371
5550
5594
5531
5581
5496
5608
5669
5713
5843
5848
6027
6030
6005
5938
6027
6074
6295
6409
6489
6486
6369
6292
6082
6060
5940
5757
5566
5787
5696
5764
5759
5746
5880
5564
5531
5788
5820
5831
5790
5950
5773
5638
5733
5714
5913
5795
5837
5747
5919
5874
5840
5756
5825
5917
5870
5935
5782
5776
5363
5542
5377
5323
5471
5515
5484
5326
5411
5564
5579
5551
5525
5473
5509
5546
5432
5441
5549
5566
5611
5761
5785
5891
6075
6006
5883
5738
5930
5969
5966
5921
6018
6200
6320
6400
6338
6446
6356
6326
6332
6301
6411
6572
6505
6365
6226
6214
6115
6040
6314
6241
6432
6336
6405
6272
6328
6241
6275
6303
6298
6274
6109
5993
5857
5883
6023
6050
5765
5817
5921
5984
5769
5638
5576
5585
5685
5672
5660
5701
5797
5801
5682
5675
5519
5686
5734
5845
5847
5687
5489
5226
5187
5214
5056
4991
4942
4840
4770
4841
4829
4880
4756
4719
4734
4627
4680
4581
4394
4373
4392
4472
4444
4285
4365
4458
4594
4636
4697
4605
4535
4619
4564
4599
4708
4779
4861
4865
4952
4874
4859
4843
4823
4788
4648
4741
4706
4578
4574
4637
4682
4828
4755
4672
4762
4755
4705
4827
4836
4819
4962
5030
5017
5023
5141
5226
5239
5265
5316
5349
5350
5405
5409
5457
5469
5625
5586
5726
5636
5632
5861
5955
5883
6084
6207
6151
6044
6103
6175
6128
5920
5896
6006
6032
6121
6077
6119
6148
6019
5975
6024
6144
6265
6082
6118
6015
5965
5925
6108
6071
5982
6054
6197
6183
6046
6022
5961
5985
6048
5970
6013
6075
5953
5893
5865
5906
5895
5986
6068
6059
5999
5971
5847
6019
5925
5961
6026
5942
5861
5745
5830
5857
5791
5930
5961
5941
6067
5982
5999
5926
6106
5966
5969
5937
5899
5883
5802
5805
5956
5936
6041
5960
6022
5897
5816
5769
5744
5909
5990
5829
5840
5878
6013
6103
6189
6183
6328
6367
6393
6360
6346
6383
6375
6298
6274
6204
6079
6074
6094
5975
5995
5916
5940
6009
5967
5947
6077
6191
6254
6283
6375
6153
6209
6190
6224
6114
6124
6122
6026
6115
6137
6077
6048
6169
6173
6298
6445
6520
6647
6783
6863
6867
6756
6677
6606
6589
6717
6722
6853
6835
6647
6703
6743
6607
6799
6975
6728
6662
6744
6642
6612
6608
6629
6592
6591
6466
6453
6654
6647
6688
6508
6399
6373
6232
6246
6375
6396
6341
6233
6322
6061
5911
5852
5839
5864
5672
5802
5561
5519
5486
5629
5736
5947
5818
5760
5876
5964
5845
5871
5852
5833
5802
5831
5705
5736
5738
5788
5606
5552
5585
5575
5589
5724
5802
6039
6146
6184
6229
6077
6159
6291
6377
6429
6229
6069
6068
6123
6263
6298
6241
6393
6298
6237
6042
6059
5931
5898
5967
6131
6186
6105
6091
6200
6237
6180
6080
6029
6012
5959
5858
5979
5949
6094
6039
6105
6301
6251
6379
6324
6520
6472
6555
6458
6424
6317
6504
6564
6660
6666
6759
6663
6683
6557
6495
6594
6648
6728
6674
6717
6672
6635
6675
6589
6520
6556
6677
6671
6798
6831
6873
6593
6481
6586
6683
6779
6809
6924
6789
6884
6873
6872
6757
6726
6784
6607
6613
6620
6440
6579
6462
6599
6598
6668
6784
6571
6323
6064
6171
6290
6157
6137
6368
6372
6304
6273
6174
5872
6116
6182
6260
6370
6199
6236
6431
6331
6402
6162
6326
6245
6134
6113
6105
6064
6192
6013
5943
6093
5924
5969
5948
5829
5539
5706
5598
5750
5635
5474
5674
5573
5477
5457
5427
5562
5536
5649
5679
5621
5502
5490
5561
5563
5495
5402
5491
5567
5462
5443
5555
5571
5508
5487
5548
5597
5550
5649
5558
5656
5701
5515
5440
5508
5640
5715
5683
5770
5822
6040
5857
5735
5763
5640
5647
5668
5768
5753
5797
5927
5866
5813
5874
5648
5726
5942
5928
5871
5785
6009
5882
5949
6033
5851
5824
5781
5852
5939
6147
6124
6102
6087
6174
6166
6211
6204
6222
6348
6242
6336
6411
6280
6275
6488
6314
6441
6416
6396
6407
6342
6497
6444
6340
6153
6101
6302
6204
6137
6248
6255
6305
6351
6475
6268
6362
6460
6460
6394
6422
6501
6491
6492
6443
6396
6272
6244
6343
6413
6383
6463
6306
6443
6507
6507
6673
6629
6545
6497
6493
6442
6464
6701
6522
6491
6380
6420
6400
6417
6398
6378
6368
6304
6172
6254
6254
6191
6075
6067
6106
6037
6179
6176
6219
6240
6378
6351
6446
6308
6196
6123
6265
6118
6122
5909
5833
5834
6057
5929
5950
5815
5906
6034
5991
5923
5637
5561
5502
5319
5410
5353
5439
5609
5544
5650
5609
5632
5585
5540
5487
5393
5396
5374
5484
5478
5469
5541
5298
5338
5306
5186
5135
5131
5281
5156
5071
5156
5027
4893
4977
5011
5148
5264
5371
5387
5400
5332
5270
5347
5307
5325
5188
5218
5292
5238
5269
5096
5239
5257
5217
5422
5386
5185
5116
5166
5118
5258
5263
5250
5079
5110
5087
4854
4959
5093
5088
5098
5016
4994
4941
4653
4723
4630
4677
4754
4783
4748
4845
4938
5200
4984
4779
4885
4738
4656
4672
4782
4890
4921
4952
4768
4741
4937
4757
4666
4559
4547
4482
4510
4572
4475
4347
4479
4355
4379
4339
4298
4324
4333
4508
4467
4605
4630
4846
4624
4647
4564
4660
4472
4462
4508
4521
4605
4681
4705
4681
4680
4652
4643
4596
4735
4850
4923
4819
4845
4819
4838
5024
4902
4925
4813
4777
4764
4757
4824
4700
4722
4664
4445
4414
4532
4609
4619
4617
4737
4834
4919
4876
4870
4782
4731
4625
4598
4494
4499
4494
4517
4583
4570
4719
4683
4524
4449
4615
4638
4555
4394
4530
4508
4603
4539
4481
4517
4603
4615
4447
4490
4566
4564
4524
4330
4283
4366
4161
4272
4311
4220
4328
4316
4203
4253
4314
4389
4437
4463
4359
4352
4313
4323
4372
4444
4334
4380
4368
4419
4430
4344
4352
4463
4229
4080
4028
4068
4095
4240
4371
4325
4248
4207
4091
4134
4208
4248
4171
4177
4363
4343
4294
4450
4588
4587
4573
4413
4396
4419
4248
4180
4186
4177
4161
4172
4224
4325
4295
4169
4193
4265
4273
4420
4451
4458
4433
4307
4260
4146
4244
4178
4247
4102
4272
4235
4161
4223
4135
4237
4264
4199
4121
4037
4099
4297
4385
4416
4499
4458
4484
4502
4619
4603
4755
4750
4872
4931
4905
4963
4946
4827
4746
4804
4841
4841
4928
4837
4796
4785
4739
4736
4904
5037
5189
5230
5421
5518
5413
5415
5234
5134
5245
5213
5136
5193
5239
5316
5258
5413
5458
5508
5539
5551
5389
5543
5717
5638
5522
5563
5683
5897
5826
5670
5687
5889
5867
5984
5914
6010
6116
6029
6103
6174
6066
5867
5901
5842
5960
5848
5863
5824
5860
6113
6125
6111
5926
5803
5824
5819
5937
5932
6011
5997
5994
5949
5930
6006
5991
6072
6176
5995
5891
5990
6076
6209
6148
6099
6052
5960
5874
5779
5674
5729
5737
5662
5830
5881
5768
5848
5885
6112
6165
6105
6113
6289
6275
6253
6174
6034
5974
5890
5844
5914
6104
6053
6084
6257
6223
6398
6344
6369
6488
6558
6450
6398
6359
6256
6337
6354
6355
6409
6641
6717
6565
6639
6632
6714
6698
6809
6816
7049
6756
6717
6713
6548
6509
6591
6469
6243
6117
6003
6173
6217
6207
6444
6395
6363
6230
6177
6249
6215
6193
6097
6054
5971
6069
6078
6192
6151
6201
6006
5955
5998
5985
6021
5930
5950
6014
6039
5961
6058
6036
6041
6186
6342
6297
6266
6186
6011
6030
6064
6055
5776
5904
5816
5611
5488
5267
5269
5222
5205
5130
5095
5001
5130
5082
4961
4900
4996
4991
4784
4724
4851
4680
4774
4822
4735
4972
4854
4764
4844
4865
4742
4830
4909
4989
5016
4906
4907
4888
4874
4843
4929
5120
5303
5425
5447
5307
5313
5350
5246
5314
5345
5279
5363
5562
5687
5800
5745
5582
5560
5648
5598
5608
5638
5614
5532
5668
6004
5946
5872
5898
5722
5793
5751
5892
5962
6065
6099
6101
6246
5986
5952
5908
5855
5799
5819
5837
5650
5563
5558
5520
5528
5452
5383
5392
5315
5391
5359
5226
5152
5276
5279
5344
5214
5259
5199
5400
5602
5498
5567
5673
5489
5433
5467
5588
5701
5941
5906
5868
6051
5831
5688
5806
5907
5740
5585
5512
5513
5509
5553
5764
5670
5874
5879
5818
5830
5919
5854
5864
5789
5842
5795
5805
5970
5837
6001
6037
6178
6157
6181
6176
6144
6096
6199
6326
6567
6445
6369
6371
6340
6164
6145
6046
6073
6123
6073
6036
5917
5986
5982
5841
5728
5803
5704
5696
5600
5620
5620
5563
5607
5476
5469
5419
5533
5365
5365
5306
5342
5307
5204
5483
5430
5455
5291
5126
5229
5241
5129
5117
5345
5403
5594
5845
5839
5725
5698
5928
5678
5628
5508
5487
5544
5396
5357
5562
5535
5572
5469
5296
5407
5351
5277
5312
5369
5431
5382
5462
5349
5276
5408
5539
5477
5470
5389
5252
5191
5184
5133
5114
5179
5183
5263
5213
5212
5267
5074
4980
5041
5133
5164
5121
5138
5327
5446
5426
5471
5501
5626
5606
5786
5802
5843
5907
6043
6131
6016
6123
6069
6033
6034
5922
6035
6138
6264
6144
6289
6337
6366
6453
6207
6187
6219
6295
6342
6180
6188
6100
6208
6176
6215
6200
6240
6201
6175
5959
5987
5915
6045
6069
6003
5930
6030
6025
6015
5979
5794
5893
5812
5799
5775
5849
5640
5618
5701
5701
5728
5690
5644
5740
5727
5644
5645
5702
5842
5624
5769
5630
5749
5641
5671
5754
5908
6166
6015
6033
6102
6132
6197
6187
6269
6300
6414
6476
6574
6346
6303
6336
6445
6603
6687
6661
6565
6568
6593
6771
7032
6942
6929
7056
6989
6985
7153
7151
7309
7184
7170
6953
7084
7065
7034
7143
7145
7080
7217
7248
7120
6950
7222
7058
6907
6883
6879
6820
6800
6888
6928
6583
6729
6757
6836
6943
6721
6710
6685
6708
6515
6370
6354
6295
6329
6535
6608
6616
6555
6576
6588
6425
6448
6599
6549
6490
6278
6125
5805
5780
5862
5919
5926
5987
5948
6279
6503
6423
6526
6634
6838
6821
7054
7134
7092
6973
7042
6872
6889
6700
6767
6823
6959
7106
7168
7349
7251
7323
7179
7268
7093
7010
7049
7118
7003
7095
7087
7037
6919
7085
7023
7150
7093
7013
7020
6881
6932
6922
6935
6831
6758
6881
6909
6850
6765
6855
6831
7069
6982
6965
6985
6897
7213
7138
7178
6986
6956
7073
6998
7216
7234
7408
7526
7465
7353
7427
7328
7416
7597
7407
7311
7216
7161
7263
7381
7345
7417
7277
7375
7361
7368
7165
7350
7259
7050
7073
7096
6943
6768
6753
6719
6537
6448
6418
6456
6544
6470
6409
6523
6501
6530
6489
6496
6369
6446
6576
6585
6572
6259
6448
6346
6440
6484
6253
6136
6089
5983
6077
5818
