1005000
267669
174775
129938
103584
85266
72550
62886
56263
50838
45737
41332
38175
35719
33022
30752
28671
26854
25340
23775
22361
21157
20167
19405
18581
17401
16605
16114
15557
15490
15416
14822
13788
13311
12859
12514
12174
11948
11475
11096
10986
10686
10436
10159
10085
9947
9665
9521
9526
9211
8859
8740
8652
8434
8353
8208
8069
7846
7743
7581
7134
7317
7148
7122
7048
6965
6812
6779
6697
6542
6323
6343
6339
6173
6139
6067
6146
6118
5934
5715
5604
5658
5521
5586
5586
5329
5271
5425
5298
5391
5156
5239
5103
4939
5023
5077
5058
5060
5008
5055
4837
4884
4828
5031
4866
4826
4973
4964
4969
4765
4671
4550
4561
4618
4681
4609
4580
4617
4769
4816
4734
4791
4842
4824
4942
4880
4878
4891
4880
4847
4715
4573
4640
4661
4687
4759
4926
4891
4686
4544
4685
4695
4489
4572
4492
4464
4449
4341
4253
4214
4283
4316
4307
4226
4068
4131
3998
3873
3783
3793
3771
3706
3806
3796
3738
3619
3595
3641
3638
3669
3606
3503
3438
3453
3425
3498
3459
3401
3404
3331
3252
3172
3129
3038
3051
3069
3012
2931
2953
2934
2963
2894
2902
2827
2890
2891
3010
2878
2872
2752
2805
2843
2776
2720
2761
2704
2577
2724
2647
2640
2588
2560
2630
2638
2643
2655
2686
2700
2677
2647
2720
2777
2901
2982
2865
2921
2925
2887
2916
2950
2930
2841
3025
3004
2961
2988
2879
2928
2907
2766
2710
2694
2800
2914
2725
2580
2591
2606
2691
2730
2731
2712
2603
2689
2670
2692
2632
2603
2694
2707
2779
2755
2816
2827
2766
2745
2721
2746
2745
2662
2736
2665
2664
2635
2581
2652
2628
2562
2641
2615
2629
2709
2839
2736
2670
2529
2530
2364
2329
2376
2355
2359
2411
2338
2246
2235
2215
2284
2205
2225
2229
2323
2397
2470
2464
2583
2633
2543
2591
2622
2632
2724
2827
2692
2654
2650
2703
2529
2529
2556
2631
2657
2782
2770
2793
2777
2764
2836
2875
2935
2839
2953
3051
2949
2859
2890
2965
3017
2980
2983
3011
2977
3156
3114
3192
3225
3234
3200
3240
3130
3185
3180
3086
3000
2969
2981
3042
3036
2983
3043
3005
2974
2902
2945
2807
2793
2736
2815
2765
2714
2734
2715
2750
2752
2854
2859
2931
3093
2939
2916
2911
3043
3112
3113
3167
3134
3187
3214
3027
3031
3097
3076
3086
3045
2975
2975
2941
2916
2793
2830
2863
2931
2985
3034
3005
3081
3228
3275
3353
3400
3318
3326
3448
3420
3367
3399
3488
3618
3615
3810
3889
4073
4228
4308
4199
4197
4159
4157
4225
4198
4246
4147
4086
4148
4089
4095
4067
3979
3929
3976
3904
3941
4199
4254
4268
4269
4467
4542
4659
4735
4830
4876
4787
4731
4824
4905
5048
5055
5019
5039
4935
4948
4965
4901
4825
4831
4865
5030
4925
4982
5135
4979
4923
4873
4861
4906
4949
4990
5162
5065
5001
5009
5079
5080
4879
4853
4805
4830
4844
4793
4625
4606
4555
4425
4588
4448
4381
4485
4663
4616
4591
4643
4713
4856
4753
4865
4907
4896
4732
4674
4736
4722
4862
4780
4892
4660
4740
4805
4802
4843
4712
4667
4669
4693
4706
4761
4882
4859
4930
4882
4864
4975
5009
5047
5060
5063
5160
4944
4902
4990
5187
5257
5252
5239
5159
5221
5316
5268
5479
5513
5464
5722
5726
5685
5634
5814
5813
5671
5693
5785
5873
5809
5809
5838
5945
6054
6010
5955
6057
6014
5956
5930
6086
6064
6104
6109
6086
6216
6256
6120
6144
6063
6116
6082
5999
5899
5983
6169
6164
6096
6149
5946
5981
6118
6190
6177
6134
6270
6400
6485
6572
6655
6722
6939
6976
6780
6814
6628
6678
6809
6947
6805
6737
6887
7008
6952
6782
6826
6719
6810
6848
6668
6573
6473
6644
6468
6494
6579
6718
6796
6862
6945
6752
6702
6653
6543
6424
6340
6446
6523
6403
6369
6309
6367
6382
6463
6344
6316
6229
6487
6557
6569
6441
6396
6500
6497
6182
6084
6123
6234
6349
6497
6365
6391
6336
6104
6296
6385
6226
6226
6023
5890
6111
6178
5988
5951
6197
6135
5968
6126
6342
6394
6293
6307
6390
6257
6290
6552
6594
6451
6562
6580
6701
6739
6653
6676
6754
6729
6974
7150
7130
7040
7142
6916
6826
6811
6904
6938
6911
6738
6772
6705
6676
6597
6512
6492
6343
6483
6381
6347
6209
6028
5998
6111
6127
6089
6010
6129
6209
6290
6262
6189
6166
6147
6165
6133
6212
6341
6413
6391
6293
6277
6198
5989
5973
6078
5803
5737
5758
5738
5915
5966
5913
5925
5912
5905
5847
5811
5726
5786
5695
5707
5692
5763
5744
5706
5748
5446
5266
5017
5004
5017
4982
4933
4812
4640
4644
4681
4726
4748
4565
4644
4440
4315
4205
4201
4292
4319
4542
4737
4649
4525
4526
4546
4504
4761
4782
4781
4775
4759
4729
4850
4822
4980
4920
4877
4895
4786
4772
4728
4688
4792
4828
4864
4753
4729
4566
4638
4777
4931
4979
5007
5121
5273
5318
5203
5422
5390
5346
5324
5332
5421
5486
5459
5507
5511
5306
5479
5573
5482
5172
5127
5097
5139
5204
5222
5341
5389
5323
5240
5327
5335
5247
5304
5251
5281
5100
5133
5164
5169
5134
5306
5258
5181
5145
5140
4966
4829
4895
4977
4992
4970
4990
5099
5170
5210
5262
5214
5250
5213
5309
5475
5473
5478
5645
5629
5786
5779
5752
5916
5913
6052
5990
6114
6223
6267
6262
6153
6020
6186
6210
6251
6217
6182
6245
6279
6245
6387
6298
6424
6552
6545
6648
6742
6726
6866
6984
7213
7300
7305
7485
7345
7265
7255
7303
7207
7247
7103
7239
7235
7376
7622
7688
7575
7791
7720
7649
7336
7385
7297
7296
7194
7281
7469
7415
7448
7334
7342
7480
7459
7484
7464
7387
7352
7423
7465
7550
7670
7786
7852
8013
8202
8254
8218
8378
8336
8373
8458
8414
8429
8585
8342
8340
8200
8398
8468
8434
8192
8035
8076
7974
7922
8026
8094
7837
7924
8069
8013
7810
7613
7393
7535
7618
7532
7585
7563
7773
7853
7635
7715
7765
7762
7694
7713
7774
7692
7655
7567
7466
7719
7760
7638
7630
7477
7665
7663
7586
7630
7447
7447
7479
7414
7120
7080
7101
7220
7246
7376
7211
7210
7149
7115
6903
6813
6861
6799
6774
6563
6528
6579
6553
6699
6734
6911
6768
6757
6654
6554
6451
6474
6658
6592
6691
6562
6440
6373
6393
6434
6395
6412
6392
6307
6502
6409
6343
6533
6556
6570
6539
6495
6726
6692
6675
6667
6736
6736
6924
7170
7243
7160
7182
7284
7377
7297
7343
7151
7021
7003
6928
6923
7054
7078
6907
6876
7055
7101
7074
7077
7138
7077
7093
6917
6750
6878
6966
6744
6813
6803
6896
6924
6955
6896
6874
6782
6702
6896
6948
6783
6764
6930
6900
7019
6874
6895
7142
6995
7189
7371
7392
7393
7345
7246
7226
7344
7224
7240
7382
7268
7254
7215
7326
7357
7392
7263
7304
7279
7285
7296
7368
7410
7472
7358
7477
7494
7386
7362
7496
7297
7225
7223
7263
6956
7004
6799
6721
6520
6431
6411
6490
6458
6530
6704
6539
6555
6596
6549
6559
6410
6466
6516
6518
6503
6345
6264
6286
6278
6255
6274
6218
6191
6149
6300
6369
6528
6449
6536
6608
6443
6174
6139
6236
6072
5996
6006
5979
6236
6416
6516
6639
6436
6457
6489
6554
6652
6541
6546
6513
6398
6289
6334
6356
6404
6352
6351
6348
6260
6191
6254
6377
6368
6365
6386
6493
6273
6449
6194
6324
6365
6377
6436
6427
6403
6351
6414
6412
6392
6349
6261
6290
6141
6168
6415
6409
6393
6280
6310
6539
6533
6462
6205
6150
6064
6204
6240
6284
6230
6274
6411
6398
6510
6486
6499
6442
6341
6285
6302
6198
6185
6053
6037
6283
6224
6203
6068
6040
5956
6233
6207
6022
5866
5837
5831
5725
5870
5819
5841
5811
5731
5639
5672
5583
5589
5578
5508
5517
5580
5524
5379
5439
5515
5468
5289
5461
5461
5451
5481
5527
5584
5514
5520
5514
5574
5572
5581
5737
5670
5740
5932
6043
6102
6110
6051
6003
6166
6058
5870
5829
5908
6053
6112
6180
6227
6264
6223
6196
6092
6256
6252
6085
6003
6061
6109
6258
6220
6335
6361
6301
6240
6407
6426
6541
6688
6652
6577
6500
6469
6648
6534
6460
6166
6290
6203
6284
6081
6140
6040
6258
6520
6654
6655
6575
6514
6618
6756
6922
6972
7186
7315
7408
7480
7416
7323
7475
7467
7580
7688
7679
7621
7561
7561
7309
7125
7301
7197
7167
7263
7218
6996
6981
6926
6919
6980
6991
7171
7210
7151
7062
7062
6928
6962
7072
7154
7031
6962
6857
6814
6625
6614
6376
6335
6381
6535
6557
6501
6554
6723
6702
6445
6365
6289
6356
6319
6259
6324
6402
6284
6245
6209
6208
6126
6170
6334
6432
6367
6341
6283
6313
6334
6266
6383
6426
6527
6550
6639
6678
6670
6672
6628
6797
6970
6894
6832
6573
6717
6610
6552
6604
6632
6477
6510
6542
6606
6605
6417
6097
6141
6127
6020
6117
6319
6293
6244
6344
6536
6455
6537
6444
6436
6543
6453
6245
6446
6462
6235
6316
6286
6430
6496
6394
6495
6473
6513
6720
6680
6716
6682
6526
6502
6541
6462
6530
6509
6403
6475
6717
6473
6315
6569
6638
6595
6266
6279
6283
6253
6296
6265
6323
6685
6700
6673
6738
6491
6488
6339
6400
6415
6461
6294
6419
6499
6740
6648
6625
6499
6542
6441
6439
6414
6333
6458
6488
6859
6592
6602
6539
6575
6440
6534
6546
6598
6535
6447
6294
6469
6288
6304
6495
6413
6604
6584
6534
6662
6510
6408
6537
6436
6374
6367
6251
6400
6379
6321
6224
6268
6308
6314
6365
6337
6313
6343
6358
6154
6173
6101
6088
5931
5986
5919
5893
5684
5530
5522
5493
5336
5459
5378
5478
5549
5401
5433
5497
5386
5377
5353
5385
5353
5282
5383
5397
5465
5375
5332
5416
5435
5586
5570
5593
5668
5651
5531
5464
5522
5529
5547
5597
5614
5531
5569
5449
5716
5679
5480
5414
5611
5677
5676
5658
5633
5826
5851
5863
5979
6103
6007
5823
5883
5955
5989
6021
6337
6249
6344
6283
6316
6447
6443
6407
6461
6444
6503
6524
6531
6765
6908
7053
6924
7129
7148
7052
7241
7205
7381
7258
7106
7018
7219
7096
6972
6908
6690
6737
6720
6723
6763
6864
6924
7009
7015
7045
7080
6970
7198
7249
7278
7359
7410
7130
7073
7167
7390
7357
7507
7610
7641
7511
7352
7410
7155
7264
7363
7258
7412
7432
7369
7374
7295
7435
7495
7504
7410
7542
7615
7572
7505
7435
7357
7511
7450
7609
7797
7969
7969
7937
7962
7957
7893
7991
7997
8135
8330
8371
8589
8697
8822
8683
8533
8624
8857
8953
8777
8594
8641
8758
8814
8808
8679
8480
8521
8734
8452
8369
8339
8282
8071
8166
8150
7886
7960
8115
8383
8164
7763
7700
7638
7777
7765
7701
7718
7462
7506
7446
7443
7443
7384
7391
7528
7702
7579
7545
7366
7383
7266
7300
7188
6961
7041
7135
7030
6751
6797
6885
6934
6853
6803
6741
6654
6791
6703
6792
6653
6624
6643
6568
6730
6699
6604
6715
6675
6793
6925
6734
6718
6757
6784
6805
6782
6444
6360
6512
6542
6540
6583
6657
6786
6695
6494
6529
6486
6437
6277
6152
6106
6205
6273
6313
6195
6124
6148
6109
6081
5945
6137
6070
6090
6047
6183
6114
5939
5821
5849
5973
5980
5891
5860
5942
5980
6030
5803
5668
5743
5788
5841
5926
5838
5711
5651
5729
5556
5506
5471
5659
5744
5657
5717
5617
5529
5631
5957
6057
6242
6330
6315
6150
6080
5835
5716
5712
5703
5684
5811
5636
5645
5502
5576
5675
5609
5720
5716
5632
5550
5530
5283
5349
5112
5105
5126
5247
5196
5325
5331
5220
5060
4902
4887
4689
4728
4824
4792
4668
4738
4767
4753
4879
4834
4829
4772
4860
4879
4963
5041
4931
4754
4760
4797
4736
4723
4721
4821
4702
4643
4695
4780
4712
4736
4733
4756
4692
4720
4747
4796
4859
4917
4848
4768
4672
4596
4505
4508
4574
4560
4570
4548
4698
4705
4630
4713
4554
4658
4529
4562
4506
4562
4526
4475
4559
4468
4368
4479
4671
4775
4717
4663
4765
4727
4692
4769
4950
4973
4972
5090
5068
4907
5080
5083
5172
5178
5399
5265
5256
5201
5356
5311
5424
5478
5601
5502
5627
5666
5716
5737
5544
5449
5340
5328
5322
5372
5248
5173
5144
5277
5314
5281
5571
5644
5704
5844
5746
5675
5544
5429
5418
5396
5325
5371
5213
5211
5193
5156
5053
4819
4863
4857
5000
5022
5170
5269
5275
5078
4996
4883
4898
4880
4830
5028
5057
5091
4831
4797
4760
4757
4866
4880
4934
4891
4978
5038
5101
5035
5184
5220
5237
5208
5159
5195
5057
4901
4949
5115
5176
5269
5343
5471
5416
5601
5458
5337
5453
5431
5596
5561
5422
5619
5704
5624
5740
5614
5720
5634
5763
5706
5819
5886
5910
5857
5790
5733
5784
5890
5833
5834
5836
5826
5863
5929
5957
6042
6172
6064
6208
6186
6074
5946
5942
6174
6184
6188
6322
6239
5898
5934
5930
5710
5840
5866
5698
5737
5583
5501
5392
5193
5271
5262
5191
5297
5239
5200
5253
5274
5252
5161
5075
5013
5062
5296
5371
5237
5164
4931
4880
4950
4941
4900
4845
4884
4899
4990
5072
4909
4768
4869
4805
4860
4852
4903
5043
5015
5024
4993
5084
5173
5266
5234
5290
5273
5280
5235
5247
5480
5491
5312
5389
5500
5639
5714
5544
5507
5398
5322
5417
5390
5282
5228
5244
5247
5217
5273
5286
5112
5119
5169
5218
5183
5150
5180
5126
5186
5178
5002
5030
5020
5054
5121
5164
5151
5043
4943
4947
4939
4732
4742
4748
4732
4801
4842
4881
4863
4871
4712
4721
4634
4465
4317
4317
4323
4259
4507
4502
4461
4629
4589
4651
4696
4661
4719
4751
4708
4692
4702
4758
4841
4999
5051
4877
4857
4821
4954
4959
5146
5123
5106
5151
5019
4978
4994
4959
5121
5203
5178
5195
5243
5370
5372
5282
5255
5109
5120
5081
4956
4892
4688
4859
4778
4806
4898
4944
4997
5052
5073
4967
5218
5146
5157
5186
5124
4973
4975
4902
4751
4965
4913
4937
4922
4794
4792
4800
4785
4975
5052
5107
5332
5235
5219
5148
5360
5410
5352
5462
5497
5459
5534
5528
5491
5499
5489
5596
5486
5631
5708
5800
5817
5777
5751
5732
5681
5652
5859
5806
5576
5500
5260
5443
5412
5620
5711
5666
5552
5507
5553
5732
5738
5811
5732
5807
5694
5803
5957
5977
5952
5885
5878
5924
5917
5681
5619
5533
5407
5385
5460
5346
5423
5454
5349
5221
5140
5270
5276
5214
5140
5281
5333
5138
5146
5199
5280
5328
5178
5302
5388
5426
5405
5318
5345
5580
5522
5458
5481
5529
5351
5308
5275
5278
5180
5037
4923
4889
5017
5149
5140
5136
4880
4956
4894
4961
5094
5044
5140
5368
5442
5421
5339
5265
5149
5190
5386
5345
5235
5215
5075
5115
5090
5091
5072
5093
5127
5270
5296
5251
5367
5288
5247
5252
5357
5227
5268
5372
5387
5448
5497
5380
5516
5482
5698
5653
5576
5529
5537
5460
5584
5539
5565
5620
5599
5584
5399
5415
5598
5478
5391
5270
5242
5353
5448
5247
5159
5219
5090
5134
5077
5039
5076
5227
5150
5169
5140
5061
5112
5192
5226
5141
5048
5148
5135
5075
4993
4925
4935
5057
5102
5000
4956
5100
5048
5113
5224
5254
5356
5419
5543
5672
5724
5856
5853
5807
5797
5790
5825
5950
5952
5957
6065
6128
6047
6069
6071
6135
5978
6164
6084
6109
6081
5842
5709
5725
5717
5827
5876
5678
5757
5547
5492
5438
5668
5620
5540
5551
5414
5481
5411
5495
5469
5566
5564
5568
5516
5526
5292
5329
5231
5205
5196
5332
5232
5189
5146
5133
4908
4996
4933
4989
5046
5104
5142
5174
5216
5222
5301
5191
5088
5125
5264
5285
5421
5318
5290
5305
5361
5521
5415
5374
5382
5336
5336
5181
5211
5349
5495
5535
5571
5736
5926
5970
5818
5884
5929
5913
5980
5789
5833
5832
5942
5972
6002
5942
6168
6287
6200
6128
6009
6069
6062
6172
6112
6055
6042
5963
6038
5972
6133
6324
6434
6498
6429
6331
6533
6780
6751
6724
6720
6736
6769
6766
6643
6545
6561
6478
6553
6458
6333
6238
6198
6392
6390
6565
6615
6514
6404
6560
6758
6751
6640
6574
6422
6482
6533
6613
6426
6337
6241
6093
5943
6026
5938
5917
5889
6088
5982
5982
5979
5971
6160
6047
6281
6315
6306
6440
6452
6409
6415
6167
6150
6043
6097
6144
6158
6329
6080
6029
5837
5722
5686
5496
5699
5694
5578
5529
5550
5692
5578
5710
5725
5892
5821
5954
6011
6306
6218
6284
6215
6251
6364
6547
6635
6696
6527
6657
6665
6591
6607
6549
6542
6705
6926
6952
6937
6832
6591
6535
6720
6815
6880
6574
6467
6390
6322
6293
6062
5955
5772
5722
5837
5773
5726
5805
6010
5924
5713
5759
5756
5599
5607
5589
5617
5579
5522
5448
5343
5445
5540
5777
5719
5677
5724
5780
5786
5924
5951
6021
6184
6214
6189
6179
6176
6175
6256
6375
6493
6472
6277
6244
6215
6213
6328
6519
6728
6627
6587
6629
6296
6218
6237
6235
6361
6645
6425
6588
6644
6642
6610
6452
6365
6318
6362
6478
6559
6491
6490
6486
6425
6295
6424
6414
6387
6327
6216
6111
6035
6030
6015
5968
5917
5960
5868
6010
6124
6211
6265
6449
6405
6319
6290
6450
6406
6483
6488
6513
6483
6316
6354
6560
6378
6346
6070
5961
6050
6132
6102
6019
5969
5856
5959
5851
5811
5663
5910
5823
5869
5971
5889
6001
6102
6103
6110
6003
6029
6003
5977
5904
5754
5862
5831
5640
5622
5578
5512
5416
5249
5523
5595
5367
5402
5298
5195
5096
5051
5011
5018
5001
4925
4877
4868
4847
5023
5038
5077
5006
4977
5070
4993
5078
5057
5044
4950
4936
4929
4938
4893
4879
4989
4985
4962
4938
5096
5078
5098
4941
4900
4979
5013
4965
5008
5179
5000
5011
4915
5020
5046
4951
4956
4902
5001
4983
5056
5214
5210
5173
5125
5046
5051
5043
4927
4883
4724
4888
4881
4664
4593
4692
4683
4751
4849
4811
4833
4820
4778
4960
5089
5107
5220
5141
5094
5287
5282
5399
5482
5351
5348
5407
5468
5224
5287
5479
5425
5436
5471
5583
5529
5548
5512
5548
5542
5489
5473
5415
5490
5546
5652
5600
5646
5723
5697
5646
5572
5556
5539
5602
5554
5718
5584
5630
5501
5337
5172
5241
5252
5415
5415
5506
5578
5520
5529
5682
5633
5629
5721
5755
5715
5684
5675
5696
5685
5486
5580
5464
5405
5351
5315
5406
5423
5419
5360
5311
5428
5463
5207
5249
5224
5273
5207
5156
5252
5160
5031
5051
5082
5262
5114
5023
5062
4999
4933
4869
4754
4714
4813
4767
4535
4464
4447
4438
4471
4444
4357
4310
4276
4382
4318
4352
4434
4424
4408
4350
4604
4513
4442
4483
4505
4444
4441
4525
4508
4404
4399
4479
4416
4417
4473
4476
4427
4566
4606
4664
4619
4720
4702
4794
4861
4870
4807
4974
4939
4987
5014
5134
5163
5050
4941
5090
5204
5106
5145
5412
5418
5447
5391
5139
5204
5326
5169
5222
5376
5546
5727
5563
5766
5566
5647
5892
5750
5850
5785
5721
5602
5618
5736
5752
5656
5729
5722
5597
5532
5402
5361
5181
5186
5136
4936
4986
5222
5277
5384
5256
5347
5486
5338
5353
5324
5449
5454
5483
5439
5355
5423
5504
5618
5634
5532
5513
5692
5552
5612
5589
5750
5662
5530
5445
5477
5365
5335
5452
5390
5330
5408
5459
5461
5505
5621
5441
5416
5306
5179
5073
4913
4705
4703
4844
4808
4794
4900
5043
5043
4994
5219
5120
5080
5005
5020
5034
4993
4952
5053
4973
4970
4920
4855
4800
4899
4970
4886
4850
5007
4994
5003
5050
5081
5132
5259
5238
5258
5272
5038
4856
4925
4797
4917
4818
4917
4896
5038
5195
5087
5207
5394
5480
5362
5410
5449
5201
5193
5110
5120
5129
5100
5001
4954
4920
4820
4713
4699
4756
4718
4742
4541
4691
4681
4804
4728
4691
4700
4680
4829
4767
4937
4968
5024
5071
5165
5137
5102
5135
5176
5285
5321
5351
5438
5260
5124
5126
5056
5163
5218
5216
5023
4844
4818
4874
4912
5010
5123
5056
4963
5022
4943
4960
4852
4771
4695
4729
4768
4789
4781
5078
5134
5217
5281
5424
5420
5541
5555
5534
5400
5325
5151
5100
5138
5046
4914
4905
4898
4867
4792
4721
4553
4697
4580
4527
4419
4394
4385
4440
4567
4535
4539
4617
4600
4710
4723
4704
4596
4529
4676
4750
4860
4733
4850
4785
4822
4883
4786
4874
4843
4931
4849
4860
4973
4898
4993
5148
5060
5046
4928
5119
5127
5031
4945
4959
4726
4729
4778
5024
5156
5159
5060
5136
5008
5066
4971
4916
4939
4822
4848
4799
4661
4772
4996
5026
5013
4937
4970
4853
4998
5063
5091
4908
5057
5048
5127
5227
5124
5152
5412
5405
5553
5699
5899
5820
6025
6063
5973
6189
6081
6048
6029
6073
6022
5876
5968
6022
6170
6257
6348
6140
6078
6366
6381
6373
6312
6314
6291
6329
6628
6709
6707
6600
6524
6544
6608
6402
6290
6285
6352
6283
6221
6284
6297
6320
6141
6318
6113
6084
6055
6228
6243
6242
6366
6468
6541
6412
6387
6500
6559
6604
6682
6521
6684
6812
6759
6773
6672
6668
6756
6710
6668
6790
6998
6982
7043
7127
7012
7035
6937
6888
6828
7051
6995
6913
6930
6915
6770
6416
6488
6482
6346
6329
6260
6228
6250
6237
6286
6436
6485
6424
6487
6482
6534
6434
6372
6622
6423
6322
6137
5976
5989
6003
5959
6026
5949
5837
6116
5985
6085
6154
6132
6095
6143
6359
6174
6169
6288
6323
6437
6423
6503
6610
6394
6258
6265
6380
6521
6530
6616
6654
6746
6454
6421
6474
6375
6291
6328
6722
6932
6974
6920
6741
6938
7082
7014
7108
7056
7025
6982
7101
7108
7156
7068
6979
6964
7070
6983
7125
7265
7499
7559
7403
7362
7396
7285
7223
7025
6851
6892
6843
6822
6967
7060
7260
7452
7380
7583
7646
7624
7529
7292
7323
7243
7329
7240
7347
7343
7265
7473
7557
7585
7588
7483
7676
7318
7241
7137
7128
7133
7352
7497
7610
7612
7576
7493
7440
7350
7385
7570
7430
7448
7043
6964
6843
6971
6922
7024
7066
7319
7388
7377
7280
7383
7534
7433
7493
7479
7465
7549
7429
7425
7664
7693
7766
7607
7502
7620
7585
7218
7049
6932
7039
7048
7013
7159
7324
7132
7175
7315
7412
7408
7684
7689
7684
7807
7751
7972
7830
7821
7846
8029
7898
7927
7992
7998
8065
8118
8127
8017
8007
8018
7672
7834
7895
7886
7856
7683
7765
7950
7750
7642
7736
7576
7608
7540
7660
7504
7360
7313
7309
7398
7435
7492
7573
7559
7510
7675
7619
7698
7675
7685
7610
7508
7655
7617
7837
7757
7688
7623
7736
7780
7752
7788
7473
7367
7242
7460
7670
7752
7849
7658
7888
7922
7664
7595
7407
7431
7224
7212
7275
7128
7105
6906
7048
7085
7110
7270
7223
7155
7160
7014
6933
7034
7095
6910
6774
6649
6883
6776
6777
6683
6772
6746
6773
6880
6867
6607
6552
6639
6897
7095
7084
7063
7225
7334
7230
7356
7278
7441
7317
7281
7161
7236
7031
7112
7155
7288
7568
7751
7697
7543
7644
7672
7455
7379
7260
7342
7398
7385
7169
7022
6883
6938
6864
7019
6974
6877
6700
6568
6597
6687
6720
6689
6600
6561
6615
6699
6684
6662
6489
6420
6386
6613
6815
6707
6874
6888
6806
6803
6946
6990
6926
7034
7051
7199
7319
7235
7190
7458
7639
7720
7553
7425
7531
7396
7497
7573
7508
7556
7710
7819
7967
7842
7965
7804
7627
7922
7936
7987
8144
8095
7884
7926
7917
7927
8024
7803
7774
7872
7616
7453
7473
7491
7456
7450
7450
7663
7681
7848
7925
8129
8265
8264
8012
8167
8238
8189
8123
8042
8100
8114
8254
8250
8173
8107
7980
7909
7896
7752
7646
7515
7367
7395
7398
7353
7269
7347
7240
7342
7415
7095
7202
7082
7047
7173
7163
7030
6913
6798
6713
6580
6686
6554
6489
6456
6549
6690
6402
6440
6450
6401
6335
6307
6090
6167
6117
6176
6119
6199
6092
6153
6081
6176
6171
6111
6266
6290
6309
6202
6146
6178
6174
6086
6015
6189
6299
6161
6023
6200
6241
6313
6413
6229
6148
5975
6075
6043
6022
5658
5602
5586
5556
5444
5336
5377
5474
5395
5275
5286
5188
5224
5207
5227
5253
5248
5247
5230
5244
5218
5346
5541
5350
5388
5445
5452
5288
5198
5196
5262
5495
5533
5557
5675
5799
5940
6012
6021
5820
5701
5660
5752
5667
5716
5880
5704
5758
5709
5671
5543
5430
5314
5272
5314
5305
5405
5253
5265
5298
5348
5376
5119
4952
5078
5207
5118
5195
5231
5258
5213
5216
5352
5416
5311
5334
5303
5287
5409
5291
5375
5409
5364
5492
5542
5563
5735
5792
5702
5684
5736
5857
5999
6049
6109
6012
6144
6108
6266
6424
6345
6260
6475
6523
6418
6276
6231
6330
6366
6559
6620
6583
6488
6304
6251
6222
6119
6266
6178
6117
6113
5985
5987
6167
6308
6388
6308
6195
6124
6011
5979
5924
5964
5806
5983
6144
6099
6205
6272
6393
6292
6455
6414
6561
6580
6619
6585
6615
6542
6329
6257
6490
6483
6444
6472
6578
6447
6402
6296
6411
6248
6238
6146
6336
6497
6490
6448
6414
6662
6768
6563
6839
6740
6834
6774
6832
6895
6815
6849
6957
6985
6792
6747
6820
6961
6963
7131
7061
7122
7006
6894
6824
6907
6812
6805
6624
6504
6699
6715
6643
6532
6552
6530
6572
6560
6386
6472
6413
6594
6681
6480
6301
6340
6271
6213
6144
6140
6100
6185
6018
5960
5877
5791
5831
5978
5995
6023
6000
5942
5884
5947
6159
6056
5795
5879
5895
6020
6043
6115
6150
6149
6093
5946
6012
6029
6106
6083
6027
5988
5888
6103
6071
6080
6031
6113
6145
6133
5965
6051
6064
6157
6153
6313
6424
6275
6239
6317
6461
6556
6436
6331
6383
6373
6538
6532
6553
6607
6525
6400
6441
6575
6478
6550
6604
6738
6772
6852
6741
6692
6941
7051
7034
7239
7308
7407
7408
7432
7315
7164
7059
7041
7071
7195
7160
7142
7072
7030
6962
7023
6881
6976
6911
6860
6771
6890
6996
6832
6868
6913
6766
6738
6750
6796
6690
6687
6761
6551
6586
6558
6530
6396
6501
6340
6194
6211
6461
6476
6579
6671
6690
6768
6813
6696
6883
6739
6695
6565
6387
6361
6401
6578
6513
6506
6573
6514
6593
6545
6692
6520
6608
6491
6607
6557
6599
6588
6671
6674
6553
6742
6783
6722
6923
6868
6739
6633
6640
6600
6571
6654
6650
6586
6597
6489
6406
6320
6373
6233
6315
6412
6388
6319
6343
6478
6502
6467
6558
6549
6370
6520
6306
6381
6414
6319
6375
6382
6616
6730
6676
6822
6769
6921
7127
7142
7153
7112
7244
7200
7192
7144
7058
7015
7174
7133
7130
7093
6868
7028
7097
7185
7207
7133
7084
7039
7074
7012
7094
7124
6977
6904
6677
6396
6412
6433
6642
6663
6556
6558
6783
6767
6675
6513
6592
6577
6541
6506
6658
6787
6737
6885
7076
7073
7315
7249
7416
7404
7560
7606
7634
7443
7476
7530
7594
7537
7255
7272
6987
6799
6749
6716
6702
6808
6994
7061
7138
7233
7295
7142
7013
6851
6808
6819
7014
7014
6958
6996
6900
6788
6896
6727
6710
6732
6726
6800
6915
6956
6864
6681
6689
6765
6760
6635
6585
6632
6699
6909
6733
6695
6575
6406
6365
6312
6298
6184
6358
6387
6517
6641
6631
6778
6812
6963
7007
7049
7065
7122
7003
6729
6655
6620
6667
6616
6716
6820
6878
7081
7175
7341
7270
7210
7174
7261
7130
6938
6726
6830
6802
6858
6861
6871
6907
6854
7041
6965
6955
6897
6902
6951
6769
6721
6682
6742
6613
6607
6600
6606
6834
6757
6821
6796
6785
6627
6575
6568
6492
6423
6520
6641
6618
6519
6475
6542
6787
6830
6901
6590
6566
6574
6505
6601
6548
6811
6921
6910
6954
6747
6818
6809
6798
6804
6782
6735
6903
6799
7042
7151
7270
7216
7145
7066
6878
7196
7222
7105
7017
6933
7044
7043
7111
7175
7272
7123
7185
7045
6826
6735
6747
6904
6981
7168
7055
7251
7202
7299
7370
7551
7543
7303
7214
7364
7427
7552
7482
7451
7365
7394
7286
7448
7411
7347
7222
7168
6894
6805
6802
6938
7076
7024
7289
7116
7007
6944
6895
6903
6836
6595
6778
6751
6804
6830
6998
7007
7017
6981
7001
6999
7068
6929
6752
6686
6675
6771
6820
6719
6907
6995
7096
6959
6935
6876
6817
6967
6970
6609
6547
6420
6361
6396
6385
6489
6685
6510
6693
6442
6495
6384
6295
6206
6216
6206
6118
6147
6060
6082
6262
6332
6322
6346
6274
6330
6032
6067
6091
6071
6096
6232
6225
6014
6122
6204
6276
6230
6260
6300
6403
6189
6181
6017
6079
5862
5846
5878
5682
5710
5800
5990
6035
6139
6272
6310
6149
6248
6204
6031
6009
6069
6158
6245
6052
6130
6236
6209
6138
5963
5895
5913
6068
6234
6161
6397
6161
6259
6435
6469
6329
6310
6414
6426
6478
6594
6766
6802
6735
6655
6852
6886
6646
6519
6538
6576
6615
6669
6652
6688
6536
6606
6693
6581
6812
6946
7034
7102
7133
7282
7257
7507
7483
7589
7651
7590
7420
7533
7586
7837
7776
7651
7623
7571
7428
7407
7593
7403
7371
7371
7432
7440
7220
7291
7261
7262
7267
7718
7560
7655
7582
7707
7661
7648
7692
7728
7849
7911
7893
7969
7984
8120
8175
8268
8310
8155
8202
8255
8188
8138
8049
7996
8085
8428
8181
8160
8113
8227
8155
8136
8074
7873
7668
7835
7722
7901
7873
7650
7646
7540
7503
7548
7518
7585
7643
7585
7393
7440
7454
7386
7277
7101
6871
6860
6901
7067
6984
7037
6987
6838
6750
6924
7016
7044
6954
6842
6953
7126
7200
7222
6932
6851
6834
6643
6727
6586
6669
6745
6711
6650
6703
6809
6931
6984
7167
7413
7565
7752
7778
7959
8020
8104
8014
8032
8381
8296
8378
8266
8058
7879
7997
7928
7936
7697
7810
7739
7596
7469
7462
7430
7419
7566
7593
7502
7778
7944
7855
7828
7633
7504
7495
7500
7548
7286
7305
7242
7189
7222
7218
