1005000
266380
173091
129102
102059
84446
72237
62673
55140
49428
44284
39957
36631
34391
31927
29872
27852
25936
24604
23334
21920
21011
19632
18813
18113
17129
16552
15653
15468
15049
14997
14497
13913
13515
13013
12593
12166
11908
11658
11418
11055
10614
10299
9895
9564
9222
9127
8897
8865
8615
8311
8069
8081
7803
7768
7679
7412
7270
7122
7049
6968
6953
6933
6837
6681
6692
6903
6861
6686
6450
6424
6313
6178
6196
6046
5927
5928
5982
6025
5981
5927
5901
5780
5729
5575
5573
5515
5494
5452
5535
5447
5332
5276
5219
5433
5688
5722
5681
5741
5781
5863
5620
5591
5511
5482
5364
5246
5283
5157
5121
4985
4840
4679
4613
4429
4334
4204
4210
4292
4345
4331
4224
4158
3967
4051
4060
4056
4265
4277
4202
4333
4277
4520
4539
4297
4206
4323
4249
4127
3907
3886
3781
3778
3700
3774
3767
3805
3839
3756
3561
3459
3490
3427
3504
3496
3660
3651
3672
3692
3592
3559
3601
3617
3503
3511
3390
3471
3460
3365
3413
3370
3376
3209
3184
3036
3152
3178
3219
3189
3246
3203
3149
3189
3153
3255
3294
3260
3311
3399
3432
3403
3290
3185
3163
3112
3030
3136
3048
3060
2961
2836
2827
2803
2797
2849
2747
2810
2896
2855
2874
2886
2865
2902
2924
2865
2824
2909
2934
2821
2744
2680
2760
2774
2903
3004
3127
3177
3124
3131
3145
3097
3108
3141
3247
3187
3190
3171
3127
3220
3106
3019
3072
3125
3216
3216
3275
3328
3319
3249
3218
3259
3319
3418
3405
3369
3431
3449
3403
3374
3235
3366
3448
3575
3520
3499
3516
3383
3421
3333
3435
3550
3574
3664
3675
3547
3598
3631
3490
3596
3615
3676
3733
3852
3888
3975
4066
4010
3944
3960
3871
4050
4047
3925
3940
3940
4005
3987
3960
3921
3988
3989
4021
4223
4200
4120
4117
3992
3753
3652
3591
3590
3518
3426
3386
3325
3357
3343
3335
3200
3017
2989
3135
3157
3129
3212
3156
3112
3053
3091
3088
3152
3120
3161
3327
3284
3341
3312
3362
3386
3367
3186
3263
3313
3136
3299
3288
3255
3335
3254
3396
3492
3326
3262
3301
3167
3232
3144
3308
3301
3240
3278
3232
3213
3314
3383
3328
3409
3447
3426
3462
3624
3625
3697
3731
3781
3731
3757
3682
3651
3698
3615
3660
3777
3829
4015
3967
4008
3949
3917
4116
4261
4319
4251
4256
4366
4387
4319
4221
4130
4258
4418
4417
4461
4615
4534
4456
4461
4455
4415
4346
4111
4189
4306
4476
4573
4596
4487
4542
4577
4468
4507
4632
4661
4639
4806
4719
4642
4596
4562
4549
4567
4654
4639
4594
4644
4744
4636
4627
4570
4525
4528
4532
4540
4492
4495
4374
4423
4416
4337
4290
4291
4206
4230
4135
4049
3973
3961
3939
4088
4058
4068
4078
4147
4197
4285
4358
4427
4468
4324
4352
4427
4541
4636
4470
4545
4477
4472
4439
4454
4503
4532
4652
4715
4825
4931
4892
4972
4911
4973
5055
5084
5063
5004
4959
4974
5166
5390
5363
5252
5262
5191
5227
5174
5174
5129
5214
5355
5399
5472
5490
5538
5498
5553
5697
5567
5576
5499
5496
5710
5425
5464
5484
5451
5612
5620
5603
5712
5742
5698
5720
5628
5755
5798
5887
5845
5813
5635
5546
5457
5326
5308
5354
5436
5326
5308
5362
5297
5277
5237
5228
5139
5078
5108
5234
5444
5579
5655
5755
5555
5418
5213
5112
5152
5237
5331
5411
5433
5612
5637
5630
5651
5461
5391
5450
5709
5790
5728
5949
5918
5978
5941
5942
6025
6111
6053
6008
6274
6365
6170
5994
6075
5948
6017
6164
6224
6221
6099
6123
6114
6089
5842
5824
5865
5759
5833
5762
5697
5749
5698
5699
5774
5969
5979
6091
5901
6040
6007
6096
6094
5951
6095
6097
6207
6233
6134
6034
6168
5984
6119
6021
6083
6102
6080
5786
5725
5821
5851
5834
5885
5828
5804
5878
5748
5655
5573
5684
5751
5779
5839
5759
5725
5606
5648
5847
5971
6026
6208
6174
6192
6147
6224
6259
6355
6367
6592
6554
6705
6611
6607
6493
6497
6531
6454
6433
6647
6429
6262
6304
6307
6196
6160
6285
6319
6219
6219
6139
6251
6135
6171
6123
5979
6187
6214
6268
6127
5994
5990
5968
6090
6203
6363
6256
6212
6424
6213
5975
5909
5969
5874
5822
5974
5951
5966
5970
6093
6107
5983
5991
5970
5990
6023
5884
5872
5849
5635
5615
5645
5672
5694
5897
5836
5781
5945
5803
5922
5814
5689
5698
5711
5959
5856
5833
5951
5989
5941
5904
5897
5999
5898
5925
5940
5823
5802
5763
5881
5732
5665
5408
5465
5621
5507
5496
5497
5623
5536
5544
5540
5402
5377
5436
5364
5221
5103
5183
5278
5194
5094
5352
5340
5335
5297
5197
5309
5126
5121
5143
5191
5304
5219
5270
5219
4924
4839
4975
4871
4641
4454
4411
4446
4424
4596
4693
4583
4666
4746
4773
4583
4517
4348
4402
4400
4491
4538
4475
4460
4572
4550
4613
4689
4542
4728
4910
4784
4906
4751
4911
4836
4867
4820
4885
4815
4818
4872
4979
5045
5211
5085
5197
5119
4973
5164
5203
5328
5330
5306
5302
5175
5020
5080
4898
4811
4806
4797
4610
4574
4616
4499
4585
4689
4715
4845
4785
4932
5053
5018
4948
4974
4880
4837
4817
4810
4923
4982
5044
4904
4888
4870
4787
4765
4730
4732
4856
4894
4848
4905
4855
4835
4950
4996
5055
5147
5272
5267
5285
5275
5165
5266
5215
5424
5380
5541
5527
5517
5583
5440
5537
5517
5623
5597
5477
5579
5524
5561
5463
5416
5525
5584
5685
5569
5523
5472
5625
5566
5629
5691
5784
5906
5973
6010
5890
6069
5895
5818
5830
5811
5677
5816
5947
6006
6188
6438
6441
6312
6433
6550
6448
6421
6310
6308
6302
6260
6316
6427
6123
6157
6202
6141
6324
6415
6559
6370
6324
6455
6484
6560
6737
7092
7005
6856
6747
6689
6430
6354
6244
6385
6358
6341
6305
6408
6263
6107
5949
5978
5911
5842
5769
5831
5939
5807
5904
5869
5715
5623
5600
5543
5583
5709
5843
5853
5719
5684
5609
5485
5428
5427
5144
5219
5190
5079
4990
5078
4962
4969
5007
5053
5106
5039
5004
4955
5016
4928
5010
4831
4843
4736
4795
4945
5032
4948
5105
5119
5143
5092
4746
4907
4781
4844
4909
5059
5087
5056
5178
5293
5341
5493
5381
5321
5489
5490
5590
5661
5697
5668
5730
5686
5771
5747
5833
5763
5731
5832
5789
5909
5909
5834
5780
5818
5765
5747
5633
5743
5692
5716
5787
5797
5803
5762
5779
5825
5889
5835
5825
5803
5850
5804
5820
5894
5804
5809
5620
5679
5749
5742
5901
6054
5903
5911
5856
5902
5885
5861
5886
5781
5853
5770
5707
5842
5912
6046
6026
6098
6255
6257
6248
6192
6177
6129
6043
6089
6027
6082
5910
5848
5868
5969
5906
5960
5982
5976
5899
5925
5905
5884
6056
6082
6134
6221
6238
6336
6381
6444
6443
6523
6564
6601
6580
6601
6452
6482
6478
6462
6328
6311
6045
6021
6190
6145
5986
6129
6236
6122
6035
6096
5901
5989
5774
5600
5484
5492
5594
5581
5535
5367
5312
5357
5345
5375
5399
5436
5569
5388
5367
5155
5130
5124
5401
5308
5250
5499
5462
5637
5516
5625
5614
5683
5554
5840
5914
5912
6026
5950
5955
5938
6202
6136
6140
6015
6043
6029
6004
6033
6253
6345
6284
6167
6332
6366
6383
6608
6562
6570
6478
6455
6513
6391
6368
6368
6742
6805
6812
6744
6769
6670
6757
6733
6915
6824
6755
6688
6767
6662
6642
6721
6764
6902
6839
7013
6727
6656
6638
6530
6539
6394
6472
6676
6759
6611
6747
6825
6752
6772
6765
6846
6595
6606
6686
6726
6845
6754
6793
6707
6548
6650
6782
6824
7055
6917
6888
6938
6912
7050
6999
6772
6499
6310
6200
6174
6224
6413
6578
6556
6468
6467
6365
6439
6362
6268
6315
6118
6142
6129
5999
5854
6001
5921
5878
6093
6065
5986
6201
6306
6192
6158
6216
6133
6195
6252
6485
6613
6668
6723
6583
6561
6610
6514
6593
6510
6550
6473
6490
6574
6481
6512
6523
6658
6756
6808
6872
7094
6994
6925
6743
6817
6825
7061
7111
7248
7404
7428
7340
7534
7487
7623
7568
7514
7395
7317
7317
7300
7232
7334
7301
7373
7461
7416
7450
7666
7902
7808
7786
7640
7591
7793
8003
8013
7935
7878
7963
7758
7647
7571
7576
7500
7472
7422
7482
7462
7323
7338
7093
7014
7088
7047
6865
7016
6863
6605
6724
6639
6839
6894
6816
6728
6978
6910
7036
6892
6971
6948
7020
7037
6895
6837
6793
6911
6833
6880
6808
6862
6834
6959
6909
6812
6801
6713
6711
6613
6731
6855
6651
6705
6858
6876
7008
6962
6766
6844
6823
6750
6483
6274
6213
6314
6153
6100
5879
6038
6115
6290
6530
6701
6630
6634
6596
6964
7258
7224
7081
6959
7052
7114
7131
6999
6810
6992
7071
6987
7052
6977
7264
7165
7028
7070
7151
7127
7193
7102
7070
6925
6922
7007
6970
6826
6972
7070
6956
6724
6503
6473
6562
6611
6656
6645
6603
6719
6790
6680
6604
6726
6663
6534
6647
6818
7019
7074
7004
6951
7145
7101
7114
7116
7197
7190
7280
7337
7295
7318
7348
7432
7499
7182
6985
7094
7173
7186
7283
7370
7203
7182
7154
6969
7011
7022
6918
7102
7041
7137
7052
7089
7092
6867
6915
6888
6975
6986
7107
7047
7254
7357
7412
7308
7462
7591
7944
8122
8183
7939
7887
7737
7625
7714
7662
7555
7669
7599
7472
7325
7493
7438
7491
7416
7552
7518
7458
7560
7615
7488
7687
7641
7444
7349
7344
7312
7289
7444
7481
7398
7370
7450
7522
7513
7541
7659
7639
7525
7314
7512
7336
7255
7202
7049
7027
6960
6979
7088
6777
6875
6662
6681
6733
6704
6678
6766
6841
6752
6750
6768
6757
6879
7045
6972
7077
7080
7242
7316
7344
7263
7213
7060
7045
7123
7170
7033
7194
7186
6961
6698
6685
6706
6653
6728
6752
6849
6877
6975
6846
6970
6819
6838
6722
6822
6943
7109
7003
7129
7240
7109
7253
7276
7146
7397
7463
7635
7698
7742
7728
7855
7955
7857
7899
7873
7868
8092
8028
8081
8263
8319
8481
8516
8408
8175
8245
8479
8306
8389
8319
8358
8217
8502
8498
8241
8488
8621
8426
8361
8344
8349
8429
8409
8442
8583
8806
8792
8967
8954
8707
8652
8760
8642
8524
8607
8485
8491
8232
8088
8067
8203
8292
8094
8113
8172
8026
7894
7750
7950
8011
7988
8038
7863
7944
7960
7772
7845
7827
7557
7505
7484
7713
7608
7610
7725
7727
7589
7720
7792
7616
7392
7421
7262
7202
7189
7184
7167
7198
7338
7224
7280
7365
7163
7314
7409
7499
7634
7426
7350
7176
7140
7480
7620
7669
7582
7453
7481
7408
7343
7220
7059
7015
7066
7132
7218
7210
6958
7055
7156
7087
7006
6972
7090
7166
7200
7168
7069
6989
6903
6983
7316
7327
7327
7335
7327
7318
7234
7311
7386
7342
7248
7160
7012
6918
6849
6993
7035
6977
7069
7054
6879
6783
6649
6517
6662
6640
6556
6657
6450
6579
6628
6448
6406
6252
6382
6542
6529
6292
6287
6143
6138
6148
6149
5961
6041
6056
5944
5860
5944
5889
6031
6002
5905
5793
5897
5701
5674
5729
5704
5797
5777
5777
5943
6001
5914
5913
5836
5942
5828
5984
5958
5992
5956
5974
5894
5955
5948
5918
5938
5892
5888
6056
5920
5830
6054
5965
6179
6061
6139
6039
6028
5891
5788
5792
5683
5526
5361
5329
5397
5353
5338
5474
5471
5517
5524
5647
5600
5587
5466
5552
5505
5631
5767
5921
5877
5805
5728
5846
5770
5950
6036
6078
6055
6144
6215
6267
6254
6100
6222
6204
6156
6210
6372
6340
6402
6378
6470
6405
6718
6872
7010
6972
7154
7081
7015
6955
7065
6900
6654
6683
6765
6885
6963
6785
6895
6637
6948
6824
6740
6762
6806
6568
6572
6422
6652
6428
6223
6205
6116
6143
5820
5654
5737
5672
5443
5363
5400
5372
5392
5440
5291
5142
5141
5197
5008
4947
4697
4673
4661
4724
4740
4736
4649
4438
4484
4556
4679
4691
4677
4662
4689
4766
4692
4676
4751
4838
4696
4697
4684
4753
4825
4831
4909
4921
5098
5004
5179
5198
5023
4958
4931
4810
4854
4638
4606
4484
4562
4422
4547
4427
4450
4384
4235
4269
4280
4169
3989
4062
4030
4185
4168
4104
4166
4380
4312
4373
4333
4397
4584
4650
4772
4652
4521
4506
4460
4621
4639
4543
4440
4365
4517
4425
4399
4496
4356
4320
4464
4480
4376
4290
4438
4384
4332
4110
4187
4180
4355
4242
4380
4460
4426
4286
4355
4378
4440
4586
4606
4598
4561
4459
4547
4600
4783
4888
5025
4926
4971
4924
4919
5074
4987
4989
4967
4979
5003
4994
5012
5084
5207
5194
5165
5164
5201
5426
5521
5523
5696
5654
5700
5859
5872
5941
6109
6067
5984
6193
6202
6080
6017
6122
6222
6107
6241
6257
6412
6609
6485
6411
6357
6282
6104
6229
6190
6004
5935
5990
5999
5661
5476
5454
5384
5213
5106
5185
5262
5301
5587
5566
5529
5501
5449
5615
5726
5686
5782
5831
5759
5849
6017
6000
6086
6070
6108
5916
6008
6119
6005
5949
5723
5834
5823
5816
5752
5751
5735
5836
5769
5892
5861
5720
5691
5788
5767
5748
5831
5887
5916
5906
5997
5929
5715
5727
5494
5393
5444
5549
5624
5617
5565
5741
5755
5660
5681
5710
5550
5738
5848
5994
6096
6185
6376
6428
6426
6615
6446
6461
6599
6576
6585
6313
6405
6499
6333
6416
6441
6450
6433
6280
6123
6285
6277
6443
6515
6511
6393
6165
6078
6111
6110
6098
6010
5821
5903
5943
5829
5716
5666
5921
6132
5996
6168
6009
5907
6037
5964
5847
5734
5561
5519
5378
5412
5350
5276
5355
5477
5565
5491
5529
5539
5543
5523
5584
5661
5601
5600
5633
5686
5813
5709
5846
5843
5889
5952
5899
5925
5904
5948
5926
5909
5730
5728
5700
5623
5695
5592
5629
5598
5420
5516
5487
5479
5495
5448
5565
5463
5494
5435
5550
5557
5542
5417
5506
5600
5552
5449
5540
5408
5589
5716
5642
5464
5545
5620
5647
5492
5325
5232
5121
5131
5270
5226
5178
5065
5063
4869
4924
4828
4918
4946
5055
5168
5309
5319
5154
5037
4882
4751
4739
4683
4633
4542
4667
4568
4646
4654
4813
4791
4861
5003
5017
5118
5314
5331
5237
5228
5231
5049
5098
5194
5159
5124
5039
5175
5111
5185
5032
5007
5036
4908
5101
5373
5478
5402
5330
5247
5367
5103
5085
5144
5031
4871
4769
4641
4607
4512
4483
4410
4315
4391
4330
4419
4295
4264
4230
4330
4477
4370
4324
4337
4436
4455
4392
4416
4388
4458
4409
4527
4540
4475
4395
4328
4392
4404
4538
4633
4653
4777
4737
4676
4736
4811
4725
4902
5067
4904
4875
5106
5158
5111
5149
5234
5457
5545
5671
5771
5671
5698
5667
5621
5548
5780
5880
5919
5795
5762
5710
5823
5855
5900
6121
6176
6207
6272
6308
6376
6211
6092
5999
5953
6032
6200
6320
6310
6224
6472
6463
6390
6159
6122
6325
6465
6480
6569
6694
6653
6546
6358
6320
6314
6265
6249
6076
6166
6138
6186
6275
6248
6125
6110
6215
6252
6289
6367
6358
6453
6465
6579
6483
6396
6633
6659
6695
6695
6788
6839
6733
6708
6698
6901
6744
6728
6713
6716
6854
6842
6689
6788
6689
6678
6710
6505
6398
6510
6629
6710
6640
6653
6441
6672
6664
6612
6615
6607
6691
6846
6910
6826
6789
7034
7100
7385
7477
7344
7299
7574
7683
7634
7455
7584
7451
7206
7284
7328
7189
7047
7009
6904
6705
6905
6729
6887
7039
7068
7047
6989
6928
7107
7182
7122
6854
7004
7022
6991
7072
7108
7110
7099
7171
7139
7030
6867
6911
6833
6872
6953
6909
6827
6623
6603
6351
6462
6514
6315
6269
6223
6109
5949
5832
5731
5699
5652
5893
5820
5833
5630
5609
5411
5416
5425
5378
5486
5281
5613
5469
5681
5703
5677
5827
5904
5921
5819
5787
5736
5889
5771
5832
5939
5851
5884
5742
5720
5721
5634
5543
5644
5492
5475
5550
5635
5740
5772
5718
5792
5929
5945
5782
5808
5835
5659
5617
5481
5420
5151
5278
5259
5426
5215
5331
5242
5241
5234
5255
5296
5352
5180
5046
5122
5096
5088
5252
5375
5268
5314
5244
5101
5010
5144
5125
5035
4976
5045
4945
4973
5007
5034
5153
5062
4868
4610
4477
4526
4613
4639
4683
4757
4812
4928
4903
4763
4875
4805
4807
4783
4535
4546
4493
4328
4556
4466
4415
4391
4553
4543
4505
4406
4330
4262
4159
4079
4136
4034
4259
4189
4008
4036
4040
3931
3895
3943
3876
3866
3709
3732
3746
3881
3811
3761
3863
3894
4059
4012
3866
3731
3671
3675
3551
3540
3571
3630
3605
3609
3545
3461
3426
3529
3588
3413
3260
3156
3245
3299
3208
3375
3475
3543
3407
3346
3234
3311
3358
3380
3331
3295
3351
3421
3415
3455
3495
3523
3583
3622
3654
3635
3648
3565
3419
3397
3452
3459
3604
3597
3657
3521
3648
3551
3449
3346
3399
3420
3430
3502
3591
3706
3740
3760
3846
3720
3812
3915
3819
4070
4102
4149
4211
4279
4406
4408
4431
4449
4382
4361
4373
4319
4294
4342
4286
4149
4284
4252
4288
4419
4419
4462
4389
4342
4366
4437
4475
4626
4616
4596
4760
4932
4934
5020
4989
5117
5422
5435
5335
5286
5354
5585
5798
5813
5816
5617
5714
5692
5707
5878
5690
5770
5805
5757
5660
5547
5707
5854
5950
5903
5941
5839
5577
5481
5438
5698
5733
5825
5798
5701
5741
5726
5684
5524
5681
5752
5938
5897
5795
5676
5594
5491
5605
5613
5640
5583
5534
5486
5690
5827
5965
5913
5887
5840
5950
5955
6012
6026
6058
5855
5741
5630
5627
5685
5651
5522
5462
5495
5778
5824
5849
5898
5766
5837
5754
5720
5729
5828
5693
5706
5705
5742
5725
5922
5814
5765
5695
5612
5686
5717
5842
5851
5996
6073
6020
5846
5794
5815
5778
5906
5901
5841
5766
5807
5775
5733
5729
5692
5715
5685
5576
5673
5694
5953
6152
6364
6179
6285
6368
6473
6624
6425
6303
6329
6161
6030
6107
6162
6185
6170
6117
5949
6079
5999
5931
5865
5760
5805
5817
5869
5849
5813
5867
5840
5959
5828
5768
5812
5917
5970
6075
6059
6036
6195
6107
6186
6131
6153
6182
6276
6139
6135
6222
6268
6272
6269
6391
6417
6605
6655
6583
6691
6838
6947
7029
6979
6764
6794
6795
6738
6784
6406
6562
6623
6581
6430
6519
6468
6436
6299
6374
6288
6400
6183
6248
6306
6432
6533
6291
6303
6494
6625
6685
6653
6644
6716
6742
6537
6550
6597
6596
6486
6439
6400
6392
6688
6698
6926
6912
6830
6835
6883
6987
6860
6807
6760
6715
6977
6938
6877
7070
7242
7230
7291
7102
6949
6824
6851
7073
6893
6847
6849
6800
6954
7019
7107
7196
7513
7670
7632
7583
7604
7624
7657
7637
7720
7757
7895
7957
7843
7765
7811
7775
7519
7490
7598
7606
7660
7774
7764
7633
7543
7540
7347
7298
7257
7343
7429
7504
7593
7677
7620
7627
7722
7807
7622
7833
7837
7931
7851
7961
7834
7866
7766
7841
8093
8033
7982
8009
7976
8014
8099
8010
7918
7951
7842
7826
7872
7741
7765
7642
7664
7439
7482
7524
7480
7553
7643
7770
7770
7871
7964
7822
7752
7917
8027
8016
8054
8233
8077
8033
8099
8107
8164
7912
7936
7926
8117
7918
7975
7960
7924
8078
7970
7896
7925
7841
7785
7844
7891
7630
7520
7551
7669
7793
7654
7703
7575
7782
7680
7753
7626
7702
7674
7720
7944
7744
7888
7928
7856
7746
7739
7905
7962
7885
7692
7718
7767
7779
7587
7501
7440
7528
7582
7466
7531
7581
7379
7482
7467
7611
7537
7464
7386
7418
7378
7572
7466
7394
7384
7259
7092
6912
7026
6941
6992
6957
6929
6798
6701
6829
6808
6796
6658
6723
6467
6520
6397
6383
6447
6395
6257
6224
6243
6046
6111
6162
6113
6123
5983
6045
5959
5865
5815
5812
5635
5631
5746
5719
5670
5680
5629
5650
5593
5760
5805
5885
5937
5904
5737
5661
5716
5779
5935
6015
6009
6121
6039
6221
6076
6095
5978
5899
6025
6090
6132
6173
6295
6217
6261
6135
6117
6289
6575
6559
6500
6544
6540
6412
6560
6563
6525
6727
6680
6698
6789
6724
6831
6914
6695
6648
6740
6644
6766
6848
6874
6757
6919
7014
7159
7187
7092
7133
7258
7322
7324
7254
7344
7447
7367
7167
7145
7165
7030
7120
6980
6973
6847
6830
6864
6734
6879
7117
7265
7418
7264
7285
7241
7381
7409
7349
7238
7255
7232
6958
6808
6776
6493
6669
6743
6861
6843
6893
6809
6927
7101
7142
6833
6692
6801
6815
6920
6725
6737
6794
6835
6858
6935
6839
6825
6670
6649
6641
6572
6458
6390
6295
6177
6316
6270
6190
6269
6357
6355
6479
6308
6493
6428
6414
6522
6370
6379
6261
6271
6421
6261
6155
6237
6387
6443
6486
6628
6602
6545
6624
6557
6544
6569
6669
6780
6873
7011
6963
7065
6968
6800
6776
6899
6922
6657
6669
6593
6650
6803
6634
6839
6738
6765
6854
6750
6727
6759
6963
7149
7316
7459
7681
7783
7763
7758
7679
7561
7565
7591
7435
7501
7367
7243
7251
7385
7426
7442
7457
7656
7800
7865
7774
7911
7941
8070
8164
7967
8000
7801
7913
7826
7941
7970
7995
8255
8172
7999
7950
7925
7933
7786
7597
7547
7648
7693
7794
7668
7794
7760
7734
7848
7833
7731
7632
7554
7618
7821
7780
7766
7827
7918
7900
7921
7696
7661
7687
7494
7423
7381
7348
7454
7579
7560
7423
7253
7191
7249
7378
7458
7761
7561
7435
7319
7242
7221
7461
7599
7406
7534
7585
7662
7589
7513
7602
7471
7508
7451
7421
7267
7091
7162
7221
7013
7138
7159
7221
7247
7396
7331
7302
7117
6977
6892
6640
6517
6513
6560
6610
6580
6632
6521
6435
6527
6732
6650
6418
6368
6458
6595
6576
6543
6796
6723
6817
6793
6691
6624
6624
6519
6443
6484
6671
6470
6558
6551
6511
6568
6631
6688
6759
6596
6578
6482
6426
6741
6681
6649
6642
6671
6618
6744
6820
6879
6848
6910
6775
6500
6511
6472
6447
6267
6370
6305
6205
6375
6377
6387
6477
6544
6609
6748
6763
6953
6914
6718
6728
6649
6748
6712
6679
6763
6791
6743
6663
6714
6729
6689
6696
6687
6774
6593
6533
6492
6354
6089
5972
5852
5783
5957
6033
6102
6042
5915
5995
5976
5882
5851
5857
5932
5656
5665
5631
5561
5650
5581
5528
5606
5674
5594
5522
5488
5359
5284
5095
4986
4952
5054
5058
5007
5023
5135
5024
4989
5119
5219
5247
5139
5237
5299
5324
5272
5304
5465
5406
5388
5364
5210
5380
5370
5372
5425
5288
5272
5104
5228
5294
5277
5206
5451
5482
5577
5555
5601
5627
5872
5991
5943
5948
5868
5895
6025
6178
6032
6021
5917
5943
5956
5938
6055
5798
5731
5854
5859
5769
5639
5588
5453
5462
5517
5496
5546
5696
5535
5472
5419
5414
5195
4995
5109
5242
5383
5495
5674
5637
5481
5394
5406
5308
5322
5246
5337
5311
5435
5531
5627
5634
5768
5783
5849
5747
5671
5746
5721
5486
5455
5491
5695
5422
5437
5515
5532
5433
5365
5594
5409
5566
5521
5361
5497
5564
5699
5761
5793
5836
5694
5715
5624
5480
5533
5569
5481
5478
5651
5496
5657
5440
5494
5611
5593
5636
5694
5862
5912
6068
6022
6068
5845
5953
5948
6007
6098
6231
6168
6207
6242
6280
6309
6321
6372
6298
6357
6158
6103
6238
6193
6081
6180
5878
5914
5985
6118
5984
5952
5925
6166
6271
6266
6271
6232
6175
6163
6319
6350
6368
6208
6474
6485
6418
6510
6419
6477
6350
6184
6124
6111
6034
5991
6053
6055
6116
6089
6031
6167
6161
6168
6293
6255
6305
6274
6191
6132
6067
5973
5992
5870
6000
5867
5969
5808
5934
6022
6114
6021
5819
5834
6015
6063
6286
6210
6369
6270
6246
6131
6111
5898
5897
5942
5888
5802
5766
5719
5892
6003
5989
5930
5943
5931
6019
6072
6129
6254
6313
6322
6239
6169
6046
6066
6116
5941
6070
5980
6060
6069
6082
5980
6072
6039
6127
6318
6306
6436
6423
6321
6390
6270
6342
6452
6433
6390
6294
6442
6403
6440
6311
6315
6174
6180
6239
6114
6057
5919
5999
5915
6037
6278
6160
6164
6273
6196
6258
6102
6162
6056
6026
6044
6055
6161
6167
6176
6144
6152
6121
6072
6067
6225
6249
6390
6322
6324
6205
6252
6229
6272
6045
6150
6045
6005
6127
6068
6102
6068
6091
6057
6181
6071
6134
6126
6121
6080
6220
6282
6386
6336
6185
6107
5934
5906
5989
5882
5919
5817
5723
5571
5497
5442
5388
5248
5166
5230
5257
5235
5120
5058
5066
5287
5433
5347
5493
5546
5505
5666
5525
5525
5532
5630
5610
5748
5755
5577
5638
5716
5869
5964
6031
6165
6457
6398
6410
6224
6276
6093
5987
6199
6201
6310
6312
6185
6280
6327
6453
6497
6489
6603
6722
6758
6762
6809
6793
6795
6864
6942
6882
6808
6705
6978
7070
7098
7228
7072
7151
7256
7353
7415
7380
7433
7516
7417
7328
7404
7411
7431
7660
7829
7884
7922
7880
7897
7742
7781
7814
7744
7685
7713
7765
7690
7549
7562
7598
7817
7780
7839
7813
7722
7698
7736
7709
7658
7826
7525
7615
7595
7877
7704
7776
7669
7792
7865
7739
7928
7916
8025
7856
7925
7722
7534
7644
7591
7531
7408
7417
7194
7085
6973
7046
7074
6826
6957
7002
7047
6873
6627
6432
6460
6607
6787
6534
6568
6651
6855
6595
6695
6678
6741
6540
6512
6392
6413
6664
6717
6718
6740
6662
6756
6600
6456
6375
6735
6629
6597
6783
6832
6720
6610
6863
6821
6983
6882
6878
6771
6822
6749
6750
6733
6728
6842
6764
6834
6984
6682
6589
6464
6366
6346
6369
6458
6492
6530
6502
6409
6447
6509
6448
6460
6538
6456
6466
6443
6521
6452
6403
6344
6488
6490
6642
6631
6538
6576
6295
6335
6578
6569
6318
6193
6341
6421
6416
6396
6508
6552
6627
6620
6739
6633
6633
6714
6690
6634
6623
6386
6479
6484
6512
6432
6343
6392
6229
6282
6319
6403
6459
6573
6728
6865
6911
6855
6962
7030
6792
6551
6449
6417
6508
6450
6259
6282
6455
6366
6276
6208
6074
6100
6163
6352
6451
6474
6344
6248
6654
6535
6558
6533
6528
6470
6635
6724
6599
6813
6861
6798
7061
7068
7184
7141
7120
7229
7244
7078
7036
7066
6992
7039
7031
7091
7249
7181
7069
7037
6999
6979
6868
6848
6703
6635
6614
6337
6509
6738
6626
6635
6451
6432
6584
6530
6540
6480
6582
6591
6678
6731
6535
6456
6286
6195
6173
6293
6306
6339
6281
6266
6283
6325
6403
6430
6487
6392
6594
6656
6611
6642
6706
6630
6586
6587
6754
6601
6606
6734
6644
6643
6789
6657
6584
6705
6777
6736
6745
6626
6619
6497
6584
6692
6764
6740
6693
6554
6449
6425
6443
6508
6496
6302
6388
6327
6273
6402
6306
6477
6432
6416
6407
6279
6313
6258
6381
6526
6435
6501
6588
6652
6614
6728
6693
6627
6631
6575
6500
6444
6367
6433
6364
6442
6343
6291
6197
6357
6198
5972
6069
5907
5956
5964
6005
6231
6132
6084
5902
6038
5825
5894
5872
5970
5943
5920
5979
5806
5586
5491
5518
5540
5411
5566
5447
5493
5529
5630
5651
5598
5513
5566
5678
5559
5368
5472
5393
5421
5610
5598
5484
5595
5579
5567
5578
5616
5631
5710
5578
5768
5786
5796
5606
5507
5486
5648
5584
5669
5886
5948
5919
5986
6163
6109
6126
6124
5999
5959
5935
6111
6079
6004
6075
6146
6025
6346
6198
6278
6171
6121
6250
6313
6146
6209
6119
6188
5946
6006
5888
5799
5858
5845
5706
5731
5915
5949
5711
5751
5833
5673
5529
5568
5497
5551
5582
5488
5444
5506
5398
5363
5345
5372
5431
5387
5533
5705
5626
5543
5425
5357
5436
5379
5352
5144
5201
5055
5032
5167
5324
5323
5411
5359
5343
5314
5277
5307
5232
5033
5032
5088
5103
5128
5053
5028
4953
5017
5061
5124
5039
5075
5080
5035
5109
5147
5156
5085
5005
4927
4912
4941
5081
5051
5051
5130
5168
5395
5444
5630
5604
5590
5617
5663
5680
5694
5885
5953
5924
5984
6164
6075
6010
6180
6211
6095
6167
6137
6291
6240
6190
6241
6288
6375
6267
6389
6379
6401
6399
6331
6367
6329
6299
6421
6245
6360
6516
6490
6619
6578
6687
6657
6893
6675
6711
6858
6912
7010
7204
7040
7029
6936
6951
6733
6663
6829
7031
6806
6772
6899
6734
6635
6570
6496
6445
6500
6395
6267
6422
6306
6232
6291
6417
6504
6461
6546
6751
6808
6687
6773
6947
6932
6890
6931
6890
6710
6773
6750
6831
6862
6925
6869
6978
7044
7051
7326
7301
7370
7126
7246
7330
7446
7529
7408
7317
7301
7110
6876
6900
7000
6698
6648
6527
6409
6360
6429
6412
6469
6549
6440
6363
6376
6390
6589
6598
6640
6882
6942
6907
6868
6825
6893
6881
6808
6727
6967
6954
6975
6997
6930
7170
7126
7046
7010
7056
6990
6828
6817
6937
6949
6891
6970
6975
7089
7077
7120
7136
7056
7258
7236
7243
7197
6992
6843
6803
6788
6962
7050
6902
6982
6947
6916
6937
7017
7013
6914
7033
7062
7023
7156
7001
7043
7056
6960
6943
6995
7117
6927
6872
6745
6633
6682
6918
6962
6735
6729
6823
6749
6922
7095
6918
6908
7062
7042
7012
6922
6818
6910
6904
6777
6989
7016
7145
6985
7068
7119
6891
6833
6791
6710
6555
6393
6167
6211
6118
6192
6024
6115
6044
6046
6071
5949
5980
5824
5856
5964
5860
5977
5902
5731
5829
5799
5895
5822
5771
5855
5879
5864
5797
5693
5586
5641
5638
5676
5723
5615
5675
5877
5866
5822
5943
5963
5885
5963
6221
6135
6112
6298
6438
6398
6428
6323
6175
6103
6131
6168
6115
6105
6033
6027
5820
5789
5894
5915
5957
5824
5773
5681
5678
5708
5774
5724
5707
5780
5715
5628
5616
5778
5789
5933
6113
6089
5985
5982
5999
6138
6194
6271
6271
6300
6337
6268
6197
6370
6365
6268
6475
6514
6652
6634
6737
6839
6907
6734
6796
6892
6944
6812
6779
6393
6390
6512
6531
6429
6464
6659
6655
6733
6742
6648
6462
6318
6229
6381
