1005000
267486
174330
130405
103557
85487
72975
63002
55499
49762
44592
40576
37552
35245
32693
30503
28725
26895
25567
23762
22678
21669
20585
19168
18200
17476
17062
16904
16500
15706
15156
14817
14180
14030
13630
13160
13039
12620
12556
12448
12004
11694
11446
10849
10521
10224
9953
9522
9102
8954
8778
8649
8576
8309
8112
7986
7991
8093
8026
8134
7858
7801
7790
7768
7608
7779
7770
7447
7464
7532
7359
7399
7362
7332
7204
7008
6846
6727
6536
6442
6472
6359
6349
6096
6124
5954
5803
5617
5484
5549
5483
5158
5081
4982
4863
4796
4805
4842
4851
4733
4732
4490
4267
4230
4438
4440
4477
4504
4437
4382
4340
4415
4415
4391
4311
4234
4211
4170
4140
3999
3954
4009
3984
3928
3870
3836
3894
3940
3975
3960
3881
3899
3985
4065
4017
4065
4079
4135
3965
4097
4030
3918
3895
3697
3797
3863
3781
3827
3726
3596
3777
3652
3551
3443
3182
3118
3246
3123
3193
3200
3275
3320
3411
3457
3453
3445
3322
3355
3168
3096
3055
2965
2974
2785
2805
2830
2746
2730
2757
2646
2663
2694
2860
2943
3019
2892
2727
2652
2718
2805
2803
2753
2665
2683
2581
2733
2814
2792
2739
2646
2692
2683
2835
2818
2778
2883
2811
2761
2824
2854
2847
2848
2899
3003
3053
3028
3064
2964
3092
3274
3334
3260
3205
3279
3150
2992
2917
2931
2911
2840
2785
2691
2650
2712
2599
2610
2557
2569
2611
2550
2581
2456
2472
2437
2568
2601
2632
2676
2696
2692
2696
2781
2871
2785
2775
2874
2924
2926
2987
2965
2826
2826
2923
2905
3034
2833
2844
2863
2892
2956
2908
2861
2896
2952
3007
2880
2923
2907
2907
2865
2712
2820
2853
2758
2762
2753
2739
2682
2727
2560
2573
2478
2551
2497
2539
2479
2347
2397
2454
2500
2643
2497
2362
2469
2549
2491
2427
2304
2302
2262
2193
2063
2077
2067
2020
2022
2084
2085
2117
2100
2000
2157
2146
2027
2025
1992
2016
2047
2073
2025
1912
1927
1984
2042
2073
2137
2217
2245
2136
2241
2259
2110
2118
2094
2049
2112
2062
2079
2034
2131
2236
2178
2337
2312
2356
2205
2098
2073
2082
1974
2033
2010
1965
1936
1947
2017
2064
2082
1920
1873
1857
1830
1770
1691
1639
1637
1638
1683
1624
1680
1707
1590
1631
1649
1600
1651
1670
1668
1746
1752
1866
1920
1989
1971
2083
2085
2092
2109
2161
2232
2221
2221
2263
2362
2436
2482
2487
2472
2540
2533
2554
2626
2514
2537
2475
2526
2574
2673
2579
2727
2718
2833
2828
2872
2847
2757
2826
2794
2842
2716
2563
2541
2472
2488
2450
2523
2517
2518
2604
2559
2621
2699
2662
2683
2567
2554
2620
2653
2706
2613
2658
2671
2563
2654
2808
2871
2842
2658
2549
2515
2482
2528
2547
2622
2507
2524
2550
2613
2551
2511
2482
2478
2518
2506
2561
2559
2562
2674
2515
2515
2457
2604
2685
2621
2604
2603
2671
2785
2751
2701
2672
2775
2892
2693
2662
2613
2673
2626
2633
2724
2702
2712
2747
2852
2858
2977
3072
3099
3127
3108
3133
3134
3145
3074
2983
3032
3072
3135
3133
3217
3304
3386
3529
3513
3653
3687
3628
3659
3477
3453
3595
3547
3465
3666
3715
3632
3573
3609
3610
3692
3703
3727
3669
3644
3722
3754
3901
3907
4078
4111
4168
4193
4346
4300
4401
4399
4468
4347
4388
4423
4368
4352
4388
4382
4549
4549
4544
4635
4581
4616
4691
4544
4473
4297
4311
4223
4143
4211
4405
4335
4285
4207
4192
4318
4411
4455
4531
4434
4518
4475
4547
4711
4777
4941
4952
4789
4718
4777
4728
4639
4645
4607
4471
4481
4554
4558
4470
4466
4523
4560
4508
4706
4831
4769
4871
4861
4694
4642
4677
4568
4594
4705
4784
4869
4957
4681
4656
4426
4280
4242
4243
4214
4262
4211
4277
4195
4220
4360
4459
4333
4315
4207
4305
4302
4348
4315
4327
4402
4396
4477
4458
4447
4462
4499
4563
4639
4678
4434
4513
4579
4571
4562
4460
4527
4739
4630
4580
4633
4602
4500
4697
4679
4715
4699
4752
4629
4716
4691
4846
4937
4957
4974
5171
5343
5239
5243
5277
5410
5309
5353
5420
5457
5381
5525
5387
5372
5437
5215
5224
5178
5105
5158
5242
5234
5426
5346
5453
5589
5588
5539
5636
5498
5476
5412
5496
5584
5620
5581
5741
5808
5802
5963
5951
5953
5742
5837
5846
5816
5905
5980
6075
6149
6110
6272
6386
6492
6505
6397
6085
6011
6016
5826
5966
6193
6330
6404
6466
6424
6480
6349
6419
6367
6277
6244
6157
6104
6171
6448
6397
6514
6446
6519
6408
6196
6352
6298
6157
6221
6304
6144
6010
6008
6114
6078
6059
6136
6141
6007
5959
5995
5999
5990
5834
5862
5818
5850
5947
5991
6181
6535
6695
6626
6637
6573
6471
6325
6379
6442
6492
6598
6709
6702
6797
6689
6566
6664
6642
6725
6734
6806
6822
6861
6859
6951
7022
6842
6809
6498
6343
6308
6273
6450
6415
6500
6476
6622
6401
6599
6528
6430
6288
6347
6289
6182
6070
6217
6223
6129
6229
6304
6370
6277
6208
6180
6051
5934
5944
5872
5675
5627
5684
5774
5674
5560
5591
5621
5768
5756
5825
5988
5894
5789
5610
5608
5579
5726
5746
5804
5886
5922
5733
5660
5742
5797
5668
5767
5703
5659
5689
5850
5716
5751
5814
5920
5974
5942
5948
5859
5733
5504
5461
5337
5520
5448
5404
5497
5549
5419
5570
5670
5688
5534
5621
5653
5564
5584
5696
5702
5536
5630
5495
5430
5283
5337
5398
5425
5535
5392
5454
5341
5299
5247
5058
4935
4822
4767
4787
4880
4826
4670
4871
5138
5073
5208
5192
5227
5361
5307
5329
5412
5401
5363
5570
5525
5440
5199
5179
5299
5087
4937
4951
5074
5232
5298
5297
5325
5288
5388
5225
5266
5166
5348
5260
5216
5158
5135
5022
4920
4917
4797
4936
4957
4929
4919
4961
4860
4835
4691
4710
4701
4888
4835
4751
4837
4824
5082
5087
4994
5010
4983
5009
5071
5145
4927
4954
5121
5153
5129
5122
5294
5201
5230
5244
5246
5091
5044
4911
4961
5153
5128
5167
5323
5201
5063
5098
5089
5061
5009
5008
5021
4900
5094
5077
5130
5175
5190
5286
5290
5193
5198
5238
5170
5129
4982
5115
5218
5159
5213
5367
5318
5213
5268
5056
5190
5149
5295
5309
5055
5086
4939
4763
4755
4871
4816
4832
4907
4649
4795
4801
4603
4591
4725
4549
4537
4487
4501
4404
4307
4092
4101
4247
4084
4077
4059
3936
3892
3955
4023
4091
4149
4065
4098
4199
4203
4289
4293
4240
4226
4304
4374
4213
4237
4275
4177
4087
4159
4084
4131
4246
4216
4203
4252
4253
4241
4285
4341
4259
4255
4197
4332
4444
4299
4513
4313
4304
4266
4217
4225
4185
4271
4168
4247
4315
4524
4480
4561
4609
4552
4869
4810
4718
4741
4860
4819
4720
4917
4730
4722
4630
4513
4652
4694
4708
4685
4675
4765
4817
4699
4843
4854
5020
4974
5141
5139
5148
5064
5131
5281
5088
5148
5104
5093
5134
5202
4934
5041
4925
4958
4873
4864
4843
5010
5115
5154
5102
5250
5205
5001
4996
4930
5054
5237
5192
5170
5284
5431
5466
5361
5345
5446
5505
5526
5581
5256
5436
5440
5384
5393
5314
5381
5262
5191
5060
4970
4825
4760
4831
4837
4688
4777
4799
4935
5000
4977
4973
4834
4872
4836
4764
4764
4758
4748
4815
4884
4782
4751
4958
5011
4951
5039
5040
5005
4791
4794
4706
4716
4633
4662
4736
4872
4863
4880
4807
4748
4847
4779
4800
4770
4867
4743
4751
4733
4836
4773
4887
4939
5064
5077
5193
5098
5232
5181
5315
5260
5069
4993
5106
5138
4994
4887
4761
4661
4662
4670
4553
4687
4710
4757
4697
4620
4727
4702
4766
4883
4822
4869
4742
4681
4682
4637
4478
4497
4620
4578
4438
4452
4489
4479
4383
4371
4274
4317
4156
4024
4127
4180
4188
4274
4282
4173
4293
4360
4340
4441
4515
4450
4684
4610
4542
4395
4314
4299
4340
4374
4378
4457
4644
4594
4473
4551
4590
4610
4568
4563
4478
4445
4575
4593
4579
4688
4595
4639
4450
4582
4489
4442
4440
4494
4506
4556
4702
4682
4708
4558
4469
4566
4432
4316
4429
4521
4628
4549
4586
4633
4564
4638
4638
4585
4688
4653
4635
4677
4637
4656
4624
4658
4620
4734
4757
4826
4870
4742
4689
4807
4985
4971
5020
5067
5075
4959
5159
5170
5370
5412
5387
5453
5565
5392
5385
5391
5409
5566
5459
5560
5568
5609
5637
5704
5902
5923
6004
5985
5982
5866
5895
5934
5875
5906
5954
6170
6348
6330
6446
6364
6217
6105
6290
6251
6123
6052
6068
5914
5924
5885
5900
5856
5929
5936
6084
6142
5958
6051
6026
6290
6390
6227
6170
6218
6123
6129
6339
6245
6123
6084
6212
6208
6249
6197
6192
6200
6279
6519
6633
6604
6681
6744
6669
6733
6864
6883
6744
6753
6731
6581
6664
6622
6571
6518
6583
6641
6684
6781
6863
6979
7037
6993
7031
7047
7125
7257
7203
7397
7566
7523
7595
7681
7641
7647
7891
8004
7794
7712
7678
7709
7598
7553
7590
7454
7261
7171
7300
7290
7267
7379
7414
7340
7378
7576
7598
7468
7557
7565
7630
7559
7724
7658
7719
7655
7626
7598
7535
7314
7247
7296
7095
7169
7024
7005
6774
6721
6801
6951
7148
7105
7079
7100
7028
7176
7238
7245
7241
7334
7184
7025
6949
7076
6984
6805
6788
6675
6692
6587
6580
6445
6265
6074
5925
5819
5967
5815
5818
5684
5771
5806
5837
6027
6227
6178
6278
6286
6115
6236
6114
6383
6457
6574
6357
6246
6367
6442
6330
6312
6187
6387
6281
6408
6323
6247
6265
6201
6049
5973
5659
5586
5766
5794
5938
5897
6052
5862
5864
5731
5806
5893
5677
5642
5575
5703
5870
5780
5708
5788
5653
5527
5403
5355
5510
5411
5407
5419
5491
5627
5752
5667
5734
5686
5694
5762
5663
5654
5658
5726
5783
5794
5766
5781
5680
5634
5576
5608
5370
5457
5444
5524
5483
5376
5350
5508
5332
5329
5258
5145
5269
5395
5345
5608
5733
5750
5748
5656
5760
5593
5677
5742
5726
5798
5899
5945
6036
5988
6055
6090
6227
6404
6373
6228
6317
6306
6024
6007
5906
6079
6179
6053
6023
6070
6099
5933
5821
5919
6030
6064
5996
6040
5986
6017
6204
6099
5939
5829
5859
5922
5896
5856
5931
5915
5910
5872
5923
6024
6066
5835
5976
5909
5848
5980
5885
5891
5813
5830
5569
5666
5779
5862
5991
5923
5978
5999
5857
5894
5818
5858
5916
6009
5882
5845
5814
5807
5613
5597
5381
5416
5363
5429
5535
5615
5491
5698
5702
5711
5780
5950
5985
6251
6214
6218
6460
6622
6439
6378
6372
6419
6504
6437
6351
6240
6237
6222
6121
6312
6365
6401
6359
6136
6046
5922
6039
5944
5808
5914
6054
5963
5937
5971
6104
6251
6313
6159
6117
6050
5967
5869
5937
5980
6021
6097
6012
6094
6147
6137
6051
6100
6103
6107
6051
6128
6137
6174
6157
6229
6171
6219
6132
6026
6080
5907
5947
5764
5641
5609
5732
5922
5804
5871
5827
5778
5948
5796
5617
5734
5722
5691
5864
6022
6063
6189
6209
6213
6181
6274
6457
6408
6384
6264
6196
5988
5911
5840
5851
5861
5964
5903
5818
5867
5804
5694
5825
5920
5854
5761
5824
5844
5881
6061
5954
5930
5901
5923
6076
6066
6142
6196
6194
6169
5950
5873
5790
5724
5835
5734
5854
6174
6074
6004
5886
6060
5931
5813
5750
5725
5792
5936
5839
5886
5903
5895
5954
6093
6043
6147
6108
6030
5785
5660
5623
5591
5683
5597
5780
5741
5671
5503
5506
5587
5472
5355
5252
5229
5286
5368
5473
5393
5444
5344
5452
5427
5372
5430
5405
5158
5184
5236
5114
5072
5157
5081
4982
4891
5034
5019
5053
5230
5092
5010
4872
5033
5141
5065
5150
5022
5096
5078
5002
5072
5216
5197
5148
5158
5309
5427
5399
5174
5145
5138
5293
5328
5236
5257
5370
5326
5443
5347
5463
5629
5723
5719
5668
5840
5854
5857
5887
5954
5944
5961
6025
6084
6002
5873
5753
5732
5812
5807
5676
5848
5969
5921
5810
5794
6083
6071
5962
6198
6021
6054
5911
5813
5778
5838
5877
5836
5601
5469
5450
5445
5332
5321
5421
5601
5497
5576
5594
5444
5509
5518
5258
5171
5322
5316
5350
5430
5351
5247
5229
5070
5100
5036
4996
4962
4917
5020
5157
5218
5151
5290
5140
4978
4780
4828
4733
4702
4793
4933
4975
4834
4714
4738
4635
4662
4825
4852
5040
4980
4828
4687
4676
4646
4693
4758
4779
4934
4927
4945
4843
4882
4644
4616
4654
4687
4752
4787
4688
4775
4668
4620
4746
4779
4743
4798
4874
4782
5044
5035
5023
5148
5064
5090
5091
5221
5261
5309
5296
5284
5183
5166
5186
5360
5421
5504
5536
5516
5332
5572
5654
5665
5640
5547
5458
5610
5668
5654
5717
5658
5707
5578
5578
5468
5555
5804
5835
5876
5764
5677
5792
5895
5931
6040
6146
6115
5981
5936
5821
5917
5921
5947
5852
5818
5894
5849
5711
5548
5562
5570
5786
5613
5661
5617
5583
5619
5581
5637
5506
5727
5832
5776
5713
5554
5480
5486
5577
5695
5659
5795
5599
5646
5688
5889
5816
5739
5907
5924
6149
6169
6182
6068
6141
5961
5955
5938
5905
6056
6072
5994
5857
5854
5856
5864
5831
5788
5702
5577
5673
5569
5454
5655
5469
5416
5426
5559
5566
5596
5552
5545
5409
5259
5205
5302
5302
5444
5503
5489
5455
5543
5638
5779
5726
5616
5549
5601
5473
5459
5493
5452
5346
5468
5438
5380
5418
5379
5657
5825
5973
5953
6027
6087
6057
6106
6172
5973
5786
5770
5489
5392
5305
5414
5601
5698
5920
5971
6107
6229
6098
6113
6340
6451
6362
6520
6385
6225
6264
6302
6518
6688
6583
6524
6373
6302
6232
6288
6467
6659
6800
6987
7104
7302
7152
7253
7298
7378
7597
7479
7708
7786
7863
7963
8068
7859
7899
7954
7801
8005
7836
7520
7689
7810
7956
8044
8066
8014
7977
7896
7874
7752
7878
7906
7943
7760
7905
7883
7678
7773
7716
7604
7609
7769
7515
7508
7562
7615
7487
7244
6937
6772
6889
6996
6971
6876
7002
6977
7081
7115
7015
7105
7286
7212
7450
7564
7562
7369
7429
7480
7435
7430
7680
7602
7654
7775
7677
7491
7302
7416
7600
7598
7648
7475
7593
7459
7344
7312
7233
7276
7328
7224
7235
7399
7228
7410
7346
7262
7458
7461
7302
7272
7097
6923
6980
7110
7165
7135
7251
7237
7118
6858
7026
6926
7002
7009
7097
7133
7101
7142
7041
7089
7171
7011
7136
6990
7040
7057
7123
6989
7265
7208
7107
7123
7087
7371
7140
7361
7222
7323
7355
7420
7317
7372
7332
7310
7218
7317
7315
7179
7370
7341
7344
7523
7412
7429
7433
7363
7551
7410
7670
7495
7528
7499
7592
7572
7398
7528
7424
7277
7531
7735
7902
7785
7809
7799
7757
7855
8043
8151
8116
8194
8267
8156
7966
7840
7665
7478
7541
7630
7739
7671
7654
7536
7704
7692
7539
7470
7372
7304
7113
7076
7080
7190
7079
7153
7112
7020
6984
6869
7029
6998
7007
6978
6967
7076
7061
7025
6737
6805
6949
7016
7057
6970
6831
6753
6702
6593
6632
6566
6377
6429
6382
6393
6523
6707
6803
6698
6652
6686
6668
6580
6563
6329
6326
6271
6254
6094
6033
5842
5764
5890
5733
5694
5635
5583
5419
5515
5477
5427
5466
5507
5635
5824
5964
5982
5948
5958
5830
5774
5537
5623
5564
5595
5671
5686
5629
5696
5782
5727
5813
5876
5813
5760
5694
5784
5665
5729
5711
5588
5650
5732
5697
5787
5686
5669
5767
5593
5633
5600
5698
5611
5882
5837
5885
5968
5772
5690
5726
5466
5316
5264
5314
5329
5586
5716
5823
5984
5823
5794
5742
5923
5663
5454
5350
5493
5566
5483
5502
5584
5791
5645
5585
5570
5657
5596
5677
5736
5772
5758
5706
5653
5727
5661
5734
5759
5720
5800
5793
6003
5926
5763
5792
5723
5807
5787
5995
5850
5851
5923
5795
5936
5863
5718
5981
5936
5984
5988
6017
5882
5717
5704
5743
5767
5730
5712
5727
5605
5555
5379
5274
5211
5107
4989
5063
5118
5232
5363
5628
5648
5594
5635
5532
5435
5582
5693
5631
5597
5564
5477
5246
5263
5298
5316
5382
5191
5107
5258
5391
5462
5559
5742
5947
5875
5888
5954
5907
6026
6122
6180
6191
6307
6378
6479
6394
6417
6283
6288
6353
6407
6511
6435
6508
6488
6506
6538
6583
6472
6463
6622
6637
6649
6775
6879
6970
7032
7024
7151
7117
7100
7000
7050
7035
7246
7322
7348
7377
7520
7472
7345
7251
7465
7724
7686
7751
7704
7711
7701
7554
7641
7692
7560
7475
7437
7493
7405
7389
7210
7070
7232
7203
7033
7143
7125
7127
7089
6988
7084
7153
7173
7087
7094
7161
7287
7537
7439
7282
7410
7554
7585
7784
7766
7547
7533
7596
7754
7578
7668
7866
7785
7762
7824
7956
7985
8294
8211
8188
8395
8003
8213
8192
8083
8292
8342
8427
8552
8611
8355
8321
8292
8367
8218
8258
7982
8051
8007
7928
7784
7697
7695
7633
7724
7720
7555
7515
7575
7766
7898
7793
7838
7880
7910
7859
7679
7673
7736
7677
7615
7669
7782
7826
7572
7374
7396
7543
7654
7640
7686
7628
7572
7495
7444
7356
7405
7533
7634
7583
7755
7882
7842
7755
7729
7743
7599
7513
7520
7549
7542
7535
7473
7544
7596
7598
7619
7518
7568
7601
7456
7391
7338
7279
7358
7452
7156
7205
7253
7020
6892
6783
6586
6581
6645
6721
6698
6885
6745
6822
6831
6815
6809
6851
6717
6752
6744
6858
6682
6880
6806
6891
7015
6958
6993
6879
6893
6830
6785
6646
6812
6773
6728
6744
6616
6734
6821
6731
6639
6399
6493
6454
6295
6315
6267
6468
6510
6436
6294
6318
6365
6211
6285
6242
6036
6249
6294
6262
6305
6237
6251
6175
6277
5951
6030
6048
5866
5771
5684
5544
5532
5400
5369
5392
5405
5489
5407
5443
5591
5502
5489
5520
5530
5566
5504
5534
5449
5650
5625
5693
5743
5761
5661
5608
5609
5573
5532
5504
5395
5482
5397
5397
5553
5370
5362
5324
5196
5143
5190
5192
5166
5170
5251
5280
5331
5420
5346
5503
5430
5581
5603
5543
5439
5407
5325
5242
5470
5507
5464
5262
5154
5192
5211
5326
5402
5381
5417
5522
5606
5847
6058
6098
6210
6256
6297
6255
6181
6072
6212
6261
6207
6196
5985
5929
5931
5858
6074
6135
6149
6102
6176
6159
6262
6187
6106
6015
6139
6241
6156
6238
6028
6100
6062
6119
6302
6325
6194
6135
6221
6230
6159
6051
6006
6023
5953
5715
5624
5405
5427
5450
5496
5410
5571
5586
5476
5508
5576
5520
5610
5686
5725
5497
5435
5322
5401
5357
5229
5062
5047
4753
4817
4888
4828
4847
4921
4999
4933
4998
5019
5124
5229
5156
5032
5109
5149
5173
5070
5141
5001
5084
5170
5084
5346
5472
5575
5490
5549
5534
5633
5513
5495
5526
5529
5296
5460
5613
5650
5387
5211
5292
5133
5294
5316
5305
5425
5559
5543
5499
5534
5373
5251
5201
5029
4840
4856
5134
5197
5087
5059
5122
5291
5228
5226
5188
5060
5052
5026
4962
4935
4881
4830
4828
4835
5001
4914
4951
4792
4866
4675
4668
4428
4503
4427
4408
4427
4391
4291
4495
4539
4558
4534
4493
4488
4504
4621
4511
4518
4595
4647
4833
5014
5094
5093
5230
5214
5250
5230
5187
5307
5380
5359
5511
5598
5716
5823
5827
5743
5615
5540
5452
5333
5286
4963
5131
5258
5360
5565
5426
5356
5427
5335
5201
5301
5307
5311
5281
5187
5170
4966
4844
4788
4793
4773
4710
4621
4488
4586
4680
4707
4777
4752
4510
4574
4555
4773
4717
4800
4679
4740
4800
4687
4834
4660
4537
4388
4286
4478
4399
4421
4416
4342
4465
4449
4580
4468
4537
4526
4569
4657
4704
4707
4573
4508
4397
4585
4623
4672
4553
4499
4474
4525
4530
4473
4468
4394
4360
4342
4387
4390
4374
4197
4117
4204
4261
4515
4486
4496
4583
4530
4512
4665
4694
4612
4606
4656
4702
4827
4826
4820
4762
4620
4617
4477
4510
4501
4521
4734
4597
4609
4569
4623
4601
4768
4832
4804
5024
5015
4996
4961
5042
4879
4760
4686
4628
4856
4858
4980
5039
5086
5096
5110
5232
5263
5312
5498
5566
5315
5341
5322
5361
5469
5376
5257
5281
5323
5298
5385
5270
5268
5252
5368
5440
5535
5548
5565
5502
5603
5637
5665
5566
5549
5605
5543
5559
5413
5502
5691
5686
5685
5771
5747
5535
5427
5283
5327
5306
5240
5351
5406
5323
5291
5337
5366
5419
5550
5661
5734
5772
5832
5904
5860
5807
5891
5989
6047
6119
5978
5938
6050
5937
5970
5941
5820
5957
5892
5802
5855
5776
5755
5883
5942
5916
5896
5712
5667
5673
5710
5765
5768
5667
5729
5547
5598
5552
5680
5674
5671
5668
5877
5878
5960
5998
6060
6322
6298
6213
6464
6517
6514
6557
6619
6422
6464
6510
6494
6455
6408
6581
6534
6573
6628
6309
6230
6113
6079
5932
6013
6058
5917
5922
5794
5793
5729
5634
5732
5872
5937
5937
5935
5970
6011
6057
6152
5943
5839
5951
5972
6042
6007
6034
6081
6164
6223
6239
6263
6332
6144
6131
6114
6171
6172
6224
6232
6315
6394
6609
6535
6511
6498
6364
6390
6550
6456
6384
6244
6283
6209
6339
6287
6095
6171
6279
6305
6322
6341
6139
6119
6103
6069
6254
6247
6261
6106
6230
6123
6136
6153
5949
6029
6063
6236
6185
6258
6311
6391
6265
6271
6521
6407
6358
6466
6407
6463
6558
6571
6455
6441
6366
6395
6232
6189
6244
6321
6239
6289
6255
6250
6074
5998
5950
5992
5948
5966
5930
5831
5966
5960
5925
5917
5763
5701
5609
5501
5515
5429
5374
5477
5668
5532
5501
5378
5338
5593
5564
5595
5585
5532
5674
5744
5807
5933
5918
6059
6079
6085
6034
6056
6132
6042
6034
6105
6051
6181
6082
6220
6215
6097
6099
5978
5965
5902
5936
6055
6050
6005
5917
5807
6074
6083
5996
5937
5956
5756
5682
5586
5617
5744
5772
5659
5472
5509
5310
5398
5399
5487
5323
5235
5194
5122
5021
4841
4946
4994
5238
5142
5136
5087
5179
5141
5214
5387
5465
5498
5617
5789
5751
5867
5904
6044
5953
5903
5990
5948
5967
6166
6077
6022
5851
5797
5867
5829
5826
5755
5774
5727
5676
5619
5768
5719
5804
5725
5658
5543
5458
5483
5417
5390
5556
5599
5608
5626
5560
5717
5870
5919
5931
5972
6150
6138
6180
6075
6198
6303
6327
6537
6334
6302
6249
6319
6422
6248
6183
6090
5948
5922
5997
6176
6337
6129
6005
5802
5854
5665
5516
5533
5525
5486
5515
5455
5448
5415
5287
5049
5106
5118
5122
5058
5110
5186
5263
5207
5339
5263
5328
5212
5055
5033
4997
4978
4918
4956
5014
4890
4911
4888
4956
5093
5111
5151
5243
5310
5416
5521
5502
5379
5203
5083
5190
5207
5305
5408
5575
5607
5666
5640
5662
5761
5894
5815
5911
5932
5965
6038
5994
5994
5743
5802
5482
5406
5414
5545
5595
5609
5537
5504
5623
5705
5738
5732
5752
5708
5685
5736
5761
5769
5789
5720
5722
5819
5925
5719
5702
5732
5723
5904
5977
5957
5878
5876
5834
5815
5933
5918
5999
6158
6216
6254
6036
6048
6145
6108
6109
6311
6190
6271
6456
6493
6528
6578
6538
6606
6658
6817
6751
6784
6770
6765
6792
6938
7011
6916
6799
6875
6762
6615
6660
6735
6740
6748
6601
6685
6711
6551
6714
6737
6782
6658
6449
6403
6445
6411
6433
6425
6417
6322
6478
6449
6151
6201
6018
5885
5914
5670
5691
5406
5409
5428
5376
5293
5200
5185
5138
5196
5268
5390
5289
5209
5064
4995
4947
5045
5128
5019
4953
4784
4731
4877
4897
5045
5163
5079
4937
5063
5232
5026
4999
5014
5085
5077
5193
5026
4991
5086
5177
5105
5070
5165
4906
4845
4815
4728
4643
4578
4566
4576
4479
4531
4546
4546
4641
4581
4619
4549
4676
4891
4822
4812
4860
4780
4770
4666
4607
4758
4664
4833
4756
4906
4944
4942
4972
4929
4916
4767
4687
4641
4397
4262
4200
4086
3981
3923
3918
3804
3741
3825
3848
3859
3942
4033
4206
4096
4156
4267
4191
4160
4312
4236
4265
4520
4608
4623
4639
4643
4609
4462
4470
4480
4571
4489
4608
4878
4931
4994
5037
5102
5112
5041
5118
4965
5081
5159
5087
5059
5055
4978
5075
4992
4871
4742
4707
4701
4576
4531
4400
4440
4518
4513
4743
4871
4850
4900
4892
5060
5088
5002
5007
4850
4981
4903
4887
4853
4934
4940
5044
4853
4812
4707
4864
4850
4814
4568
4394
4420
4474
4526
4507
4701
4713
4703
4749
4835
4924
4924
4850
4820
4643
4662
4671
4751
4661
4647
4757
4658
4508
4535
4551
4716
4700
4687
4677
4751
4726
4511
4599
4663
4598
4574
4554
4472
4436
4358
4178
4146
4140
4123
4165
4108
4108
4215
4253
4291
4359
4327
4421
4427
4331
4285
4262
4243
4308
4384
4232
4264
4285
4274
4238
4145
4323
4357
4489
4507
4398
4491
4591
4624
4505
4471
4441
4526
4420
4472
4389
4345
4202
4257
4199
4197
4181
4246
4371
4486
4558
4479
4436
4455
4563
4509
4531
4614
4867
4712
4701
4501
4597
4581
4726
4773
4845
5011
5209
5147
5045
5041
5005
5058
5147
4993
4995
5049
5238
5084
5135
5113
4982
5079
5011
5015
5035
4928
4874
4891
4790
4841
4986
4954
5191
5250
5224
5223
5440
5378
5411
5427
5320
5429
5293
5383
5358
5419
5593
5403
5258
5318
5337
5073
5043
4926
5015
5084
5030
4972
5071
5263
5220
5258
5269
5293
5064
5070
5172
5109
5098
4981
4996
4979
4956
4808
4862
4800
4747
4808
4863
4725
4730
4563
4528
4576
4494
4454
4563
4711
4679
4699
4861
4933
5176
5137
5125
5216
5220
5235
5351
5357
5517
5533
5628
5649
5687
5822
5607
5636
5591
5693
5604
5528
5631
5667
5634
5664
5771
5808
5863
5928
5840
5912
5944
5833
5848
5939
5855
5888
5734
5669
5694
5789
6006
5948
6103
6032
6064
6146
6029
5870
5663
5700
5846
5854
5780
5796
5660
5664
5715
5737
5553
5298
5165
5082
5153
5296
5451
5519
5724
5728
5826
5883
6010
5838
5846
5820
5791
5854
5725
5751
5817
5840
5939
5880
5739
5591
5661
5688
5716
5784
5557
5651
5495
5426
5515
5450
5601
5614
5710
5806
5728
5785
5795
5945
5956
5929
5985
6136
5920
5890
5981
5934
5848
5750
5792
5776
5824
5817
5789
5838
5704
5736
5628
5658
5678
5592
5526
5462
5453
5549
5573
5623
5689
5744
5660
5702
5723
5786
5647
5565
5716
5875
5829
5867
5790
5865
5747
5454
5418
5444
5465
5495
5625
5555
5481
5733
5788
5807
6014
6006
6064
5880
5988
5966
5923
5872
5912
5962
6110
6174
6147
6334
6273
6234
6032
5890
5853
5805
5847
5783
5780
5747
5813
5824
5711
5598
5455
5532
5550
5634
5426
5350
5412
5520
5509
5398
5450
5386
5257
5282
5306
5086
5277
5193
5456
5502
5662
5799
5816
6084
6029
6043
5944
5920
6051
6079
6033
6011
5920
5812
5914
5910
6184
6102
6063
6093
5859
5667
5550
5681
5723
5793
5718
5814
5888
6048
6210
6402
6462
6390
6302
6297
6506
6528
6196
6094
6085
6255
6055
6041
6036
6156
6094
6129
6024
6059
5846
5785
5877
5805
5639
5709
5804
5730
5718
5836
5818
5772
5986
5982
5970
5953
5898
5853
5947
5798
5886
5775
5758
5776
5872
6080
6083
6034
6015
5984
6085
5848
5880
5771
5819
5837
5832
5937
5974
5753
5632
5639
5533
5494
5427
5347
5298
5395
5488
5361
5397
5422
5520
5616
5651
5554
5757
5646
5697
5710
5758
5661
5528
5524
5614
5499
5548
5463
5541
5509
5386
5400
5309
5164
5278
5268
5338
5355
5392
5343
5395
5507
5435
5383
5435
5419
5396
5667
5689
5664
5768
5880
5840
5680
5902
5879
6050
6033
6212
6094
6225
6237
6355
6285
6330
6054
6085
5981
5996
5936
5894
5881
5846
5771
5882
5892
5893
5939
5895
5874
5892
5842
5767
6061
5962
6015
6233
6208
6107
6002
6171
6238
6229
6292
6361
6363
6291
6085
6105
6086
6091
6215
6315
6463
6414
6578
6548
6467
6656
6849
6711
6768
6684
6497
6427
6336
6331
6346
6331
6326
6429
6375
6368
6445
6447
6247
6215
6516
6501
6478
6511
6278
6265
6246
6277
6284
6197
6301
6395
6258
6137
5870
5682
5512
5420
5325
5365
5416
5369
5189
5202
5311
5248
5264
5231
5078
5094
4963
5242
5135
5116
5172
5218
5347
5428
5458
5491
5402
5619
5619
5527
5502
5403
5294
5300
5121
5039
5206
5333
5205
5369
5273
5297
5269
5162
5436
5336
5507
5557
5456
5600
5546
5545
5523
5419
5364
5418
5285
5253
5302
5467
5561
5646
5649
5649
5785
5915
6144
6371
6544
6569
6491
6438
6205
6361
6104
6106
6205
6180
6122
6042
6231
6254
6331
6256
6246
6288
6328
6297
6402
6515
6565
6593
6495
6492
6449
6372
6253
6302
6607
6553
6719
6809
6752
6837
6656
6686
6800
6544
6578
6527
6495
6427
6202
6122
5947
5908
6047
6144
6285
6311
6281
6502
6348
6132
6028
6093
6187
6028
6139
6211
6286
5906
5925
5930
5712
5512
5492
5564
5713
5719
5669
5519
5574
5502
5502
5492
5592
5537
5730
5777
5848
5730
5796
5775
5621
5626
5708
5502
5427
5582
5540
5413
5280
5437
5488
5532
5531
5711
5661
5626
5551
5505
5549
5579
5504
5414
5443
5530
5555
5705
5600
5512
5499
5378
5290
5423
5346
5367
5419
5382
5333
5309
5245
5395
5458
5509
5352
5294
5344
5262
5156
5144
5050
5119
5072
4927
4902
4833
4901
4950
5160
5225
5443
5329
5396
5425
5709
5641
5785
5884
5828
5963
5950
5914
5938
5923
6135
6237
6270
6182
6271
6136
6322
6229
6357
6422
6396
6575
6475
6489
6667
6700
6335
6217
6166
6245
6405
6564
6423
6379
6497
6637
6560
6256
6136
5952
5981
5887
5833
5806
5829
5924
5818
5829
5822
5848
5828
5987
6030
6031
6281
6217
6144
6027
6088
6243
6132
5979
5928
6224
6163
6406
6431
6335
6431
6510
6565
6677
6548
6307
6282
6193
6214
6093
