1005000
267153
172730
128822
102410
84728
72020
63015
55614
49409
44662
41020
37851
35170
32911
30747
29262
27930
26183
24724
23381
22336
21012
19959
19152
18494
17864
16754
16340
15887
15170
14571
13927
13356
13030
12774
12103
11774
11462
11064
10653
10502
10217
10034
9981
9648
9613
9397
9273
8971
8779
8456
8167
7880
7799
7754
7562
7373
7406
7354
7038
6910
6817
6773
6664
6522
6255
6154
5993
6122
6132
6105
6044
6062
5799
5775
5756
5664
5374
5411
5419
5277
5184
5049
4912
4934
4961
4919
4937
4925
4715
4822
4689
4732
4695
4806
4751
4641
4488
4517
4538
4514
4585
4506
4501
4535
4332
4184
4087
4199
3940
3835
3823
3975
4052
3843
3902
3813
3798
3811
3754
3862
3788
3754
3841
3876
3862
3806
3664
3661
3725
3760
3806
3866
3831
3864
3821
3661
3545
3518
3486
3439
3326
3366
3329
3327
3268
3316
3215
3199
3185
3163
3171
3115
3113
3079
3051
3042
2980
2898
2997
2929
2932
2838
2708
2725
2640
2616
2614
2668
2590
2553
2496
2399
2393
2254
2230
2365
2370
2327
2350
2299
2337
2324
2380
2429
2426
2395
2384
2424
2467
2617
2564
2525
2703
2666
2678
2831
2870
2868
2951
2896
2793
2837
2895
2854
2849
2792
2785
2781
2762
2748
2611
2622
2476
2614
2571
2530
2448
2558
2559
2580
2607
2700
2596
2509
2434
2470
2427
2551
2473
2541
2625
2608
2610
2626
2509
2564
2521
2603
2737
2702
2738
2606
2655
2740
2691
2640
2709
2660
2600
2652
2577
2493
2626
2659
2665
2540
2600
2493
2541
2462
2420
2369
2325
2245
2169
2195
2149
2151
2129
1972
1927
1957
1956
1926
1974
1935
1941
2002
1980
2022
2030
1959
1954
2013
2119
2121
2161
2101
2097
2062
1972
1953
1954
1965
2080
2043
2175
2091
2034
1992
2007
1929
1863
1915
1968
1968
2043
2121
2143
2103
2065
2025
2014
2063
2098
2074
2085
2013
1993
2097
2176
2049
1929
1983
1824
1776
1876
1899
1917
1833
1842
1782
1618
1626
1585
1521
1476
1491
1476
1450
1482
1431
1446
1455
1335
1309
1332
1350
1374
1374
1444
1521
1515
1539
1517
1432
1371
1389
1389
1432
1475
1449
1494
1506
1533
1500
1575
1446
1419
1404
1381
1449
1441
1530
1497
1551
1585
1618
1695
1656
1623
1636
1600
1676
1630
1596
1492
1557
1552
1593
1620
1610
1563
1593
1563
1552
1557
1603
1618
1534
1497
1462
1455
1378
1395
1477
1488
1518
1500
1471
1512
1512
1563
1563
1554
1618
1653
1614
1723
1667
1608
1647
1662
1607
1626
1574
1635
1650
1533
1497
1569
1601
1464
1510
1537
1548
1410
1339
1326
1362
1356
1353
1308
1362
1311
1306
1327
1305
1281
1300
1312
1353
1359
1363
1326
1318
1335
1425
1332
1376
1416
1430
1387
1461
1500
1488
1506
1522
1557
1501
1434
1332
1386
1297
1326
1359
1356
1390
1417
1362
1417
1515
1567
1570
1521
1572
1744
1695
1665
1713
1699
1725
1789
1863
1867
2026
2101
2037
2228
2247
2218
2127
2102
2134
2151
2133
2211
2182
2282
2359
2209
2244
2192
2202
2211
2058
2140
2218
2190
2247
2310
2259
2229
2200
2148
2178
2124
2178
2180
2151
2083
2089
1981
1927
1984
1932
1935
1998
1875
1789
1707
1788
1747
1688
1695
1673
1539
1596
1539
1575
1578
1602
1597
1590
1658
1536
1488
1399
1395
1410
1587
1560
1527
1552
1647
1732
1725
1674
1585
1626
1593
1537
1617
1632
1749
1734
1746
1758
1815
1833
1767
1818
1822
1834
1845
1833
1915
1786
1803
1821
1885
1843
1888
1783
1740
1720
1689
1774
1842
1899
1809
1872
1833
1860
1830
1858
1872
1818
1831
1806
1876
1914
1884
1945
2005
2023
1953
1969
2034
2095
2193
2152
2121
2076
2025
2046
2052
1899
1893
2007
1887
1951
1860
1878
1872
1873
1827
1870
1898
1960
2037
2056
1987
1948
1957
1979
1932
2017
2129
2148
2175
2209
2219
2202
2362
2417
2373
2417
2397
2399
2510
2526
2560
2555
2463
2385
2317
2305
2268
2250
2179
2146
2232
2208
2250
2354
2500
2705
2683
2695
2804
2804
2884
2849
2857
2842
2843
2917
3045
2947
2824
2829
2899
2963
2976
2928
3029
2984
3031
3126
3086
3124
3099
3225
3036
2990
2977
2881
2826
2902
2965
2933
2873
2976
2906
2948
2971
2930
2876
2895
3079
3132
3137
3084
2952
3138
3124
3103
3119
3060
3127
3078
2965
2957
2902
2937
2956
2974
3001
3083
3070
3170
3224
3221
3273
3255
3415
3342
3373
3545
3607
3762
3728
3756
3851
3879
3834
3887
4041
3950
4010
4029
3929
3916
3849
4034
4114
4121
4025
4188
4171
4037
4042
3978
3938
4041
4101
4046
4093
4257
4095
4134
4149
4167
4143
4171
4160
4256
4368
4333
4425
4650
4682
4702
4722
4857
4867
4929
4933
5043
5093
5122
5098
4875
4762
4885
4959
4915
4890
4930
5153
5100
5176
5271
5144
5378
5340
5385
5343
5272
5370
5591
5604
5359
5437
5493
5312
5246
5254
5166
5277
5213
5262
5225
5265
5206
5154
5208
5110
5007
5015
4990
4996
4871
4817
4812
4775
4746
4789
4858
4924
4843
4877
4880
4913
4946
4759
4781
4730
4774
4696
4654
4649
4610
4451
4471
4493
4403
4472
4390
4409
4372
4293
4287
4201
4168
4107
3907
4042
3877
3891
3897
3906
3894
3845
3782
3816
3926
3807
3843
3943
3957
4072
4003
4131
4128
4104
4174
4122
4132
4261
4246
4449
4586
4468
4528
4445
4425
4605
4501
4471
4553
4622
4406
4172
4117
4034
3989
3901
3869
3862
3916
3935
4024
4020
4086
4150
4222
4334
4359
4253
4178
4031
3898
4070
3988
4023
3923
3948
3970
4096
4241
4211
4234
4289
4195
4163
4229
4234
4185
4290
4375
4649
4749
4630
4607
4525
4499
4551
4501
4439
4338
4420
4465
4376
4375
4375
4320
4316
4239
4066
4050
4037
4302
4431
4370
4390
4562
4549
4544
4531
4685
4752
4701
4672
4685
4699
4718
4732
4639
4680
4716
4784
4826
4959
4978
5031
5204
5198
5155
5206
5369
5439
5414
5369
5447
5189
5158
5277
5395
5261
5160
5469
5437
5434
5570
5505
5746
5609
5667
5691
5789
5826
5729
5679
5730
5968
5838
5715
5769
5699
5833
5869
5882
5855
5915
5840
5765
5694
5721
5627
5616
5602
5538
5636
5533
5522
5410
5540
5452
5375
5310
5360
5357
5367
5427
5253
5285
5395
5449
5432
5303
5375
5219
5053
5127
5031
5076
5120
5205
5194
5227
5023
5043
5159
5000
4985
4791
4824
4792
4878
4954
4757
4667
4549
4580
4736
4811
4843
4908
4988
5179
4984
5171
5252
5286
5254
5325
5218
5113
5250
5048
5056
4963
4841
4701
4636
4925
4996
5059
4989
4996
5141
5185
5337
5230
5200
5358
5392
5320
5434
5500
5322
5097
5218
5234
5401
5515
5670
5634
5684
5745
5708
5631
5698
5756
5590
5628
5606
5663
5696
5648
5616
5383
5236
5330
5306
5332
5270
5181
5049
4949
4848
4766
4768
4811
4858
4799
4906
4792
4751
4941
5078
5093
5107
5005
4935
4914
5015
5025
5139
5218
5148
5192
5100
5173
5314
5325
5240
5345
5250
5311
5309
5314
5407
5450
5614
5559
5462
5586
5553
5422
5424
5629
5686
5814
5542
5412
5451
5388
5221
5176
5189
5002
5055
5182
5033
4964
5058
5061
5154
5034
5208
5183
5075
5244
5136
5244
5183
5006
5001
5011
4919
4884
4844
4921
5059
4906
4913
4960
5020
5088
4971
5073
5084
5260
5129
5041
5027
4930
5027
4984
5011
4971
5084
5144
5188
5186
5189
5154
5216
5160
5217
5405
5301
5396
5415
5461
5337
5506
5610
5823
5907
5719
5701
5733
5682
5807
5790
5652
5635
5678
5639
5686
5815
5958
5995
6089
5936
6076
6139
6080
6042
5973
5976
5935
6167
6022
5941
6067
5937
6012
6013
5988
6151
6148
6010
6112
6035
6033
6082
6027
6067
6119
6047
5943
5942
5849
5943
5747
5640
5634
5599
5775
5589
5536
5546
5525
5532
5735
5684
5608
5665
5677
5573
5421
5423
5475
5453
5473
5494
5398
5105
5279
5297
5242
5315
5379
5354
5306
5350
5427
5345
5391
5512
5486
5543
5551
5353
5304
5280
5212
5156
5255
5213
5352
5356
5387
5222
5390
5429
5669
5695
5499
5386
5378
5672
5783
5698
5935
5914
5841
5886
5921
5862
6084
6107
6043
5837
5706
5558
5417
5512
5520
5689
5529
5540
5539
5575
5583
5537
5531
5613
5667
5625
5668
5615
5455
5505
5498
5607
5638
5591
5647
5538
5516
5466
5208
5223
5171
5259
5126
5060
5153
4978
5070
4968
4864
4822
4842
4898
4833
4808
4922
5108
5165
5251
5179
5169
5312
5391
5311
5355
5510
5453
5382
5470
5433
5578
5600
5564
5414
5576
5757
5662
5585
5511
5308
5358
5350
5405
5423
5403
5308
5411
5390
5404
5511
5596
5622
5651
5749
5661
5700
5619
5809
5796
5683
5616
5627
5571
5519
5525
5572
5596
5520
5404
5477
5608
5614
5770
5658
5567
5295
5239
5269
5247
5179
5419
5534
5501
5689
5467
5404
5519
5471
5596
5812
5799
5912
5844
5833
5851
5962
5768
5831
5948
5989
5927
5889
5714
5872
5813
5752
5798
5781
5877
5837
5805
5717
5608
5671
5777
5529
5561
5519
5502
5460
5571
5389
5392
5234
5170
5285
5207
5120
5149
5190
5138
4984
4934
4684
4578
4594
4524
4693
4951
5021
5007
5040
5080
5012
4948
4790
4833
4863
4733
4861
4980
4861
4736
4623
4773
4754
4637
4459
4389
4386
4318
4317
4393
4385
4548
4594
4522
4494
4638
4549
4646
4588
4522
4315
4355
4572
4592
4595
4591
4566
4517
4459
4396
4386
4418
4361
4575
4534
4500
4437
4530
4388
4173
4263
4256
4381
4457
4600
4604
4704
4667
4678
4695
4907
5140
5089
5049
5184
5182
5085
5101
5117
5078
5017
5120
5088
5086
4916
4868
4739
4678
4730
4758
4808
4800
5028
5020
4981
4879
4949
4939
4999
5134
5216
5255
5166
5133
5139
5286
5292
5057
5087
5212
5382
5306
5442
5515
5425
5363
5231
5175
5153
5117
5250
5401
5381
5418
5392
5290
5246
5154
5162
5085
5024
5021
5031
5116
5084
5117
5165
5174
5223
5062
5088
4981
4880
4989
5029
4999
4880
4832
4826
4984
5093
5089
5104
5036
5157
5155
5068
4990
5027
4965
4920
4831
4687
4638
4695
4595
4550
4603
4646
4724
4686
4566
4577
4601
4616
4563
4392
4294
4224
4182
4062
4126
4168
4189
4136
4083
4177
4193
4119
3997
4180
4130
4080
4039
4118
4082
4237
4363
4374
4403
4518
4421
4256
4253
4251
4162
4044
4222
4252
4416
4380
4456
4488
4600
4619
4538
4540
4558
4550
4597
4643
4821
4920
4863
4864
4860
5049
5065
5017
5016
4890
4935
5035
4892
4810
4899
4789
4904
4868
4759
4719
4821
4790
4884
5013
5092
5159
5220
5280
5269
5261
5237
5203
5207
5117
5078
5095
5268
5211
5296
5109
5054
5216
5412
5419
5388
5149
5094
4985
5041
5113
4951
4948
4979
4809
4725
4699
4656
4617
4596
4463
4396
4489
4519
4473
4629
4712
4806
4737
4828
5096
5193
5113
5174
5168
5235
5212
5337
5236
5458
5470
5519
5611
5657
5804
5813
5701
5761
5597
5790
5978
6045
6079
6119
6260
6338
6309
6301
6048
6069
5985
5807
5859
5904
5945
5927
5915
6012
6128
6131
6333
6560
6482
6589
6768
6989
7058
7003
6904
6798
6561
6468
6420
6510
6681
6720
6717
6669
6478
6417
6400
6327
6436
6337
6341
6386
6615
6661
6328
6372
6277
6192
6191
6119
6114
6131
6007
6087
6262
6268
6294
6232
6135
6092
6028
6166
6182
6280
6235
6370
6491
6346
6223
6137
6317
6335
6427
6213
6358
6375
6424
6402
6262
6387
6503
6505
6498
6378
6328
6204
6112
6061
6216
6295
6228
6362
6579
6430
6557
6390
6468
6403
6285
6275
6490
6473
6420
6385
6494
6393
6341
6365
6357
6379
6147
6014
5949
6058
6130
6055
6145
6220
6182
6184
6143
6088
6115
6339
6390
6493
6383
6471
6518
6569
6322
6195
6200
6353
6285
6293
6326
6339
6286
6204
6231
6090
6208
6310
6386
6324
6231
6257
6370
6328
6357
6280
6400
6492
6690
6554
6673
6740
6715
6867
6827
6725
6738
6680
6333
6584
6501
6404
6314
6375
6058
6049
5949
5916
5926
5941
6015
5931
5705
5652
5492
5533
5623
5573
5417
5469
5627
5540
5385
5463
5423
5465
5506
5382
5162
4912
4868
4788
4850
4775
4753
4738
4912
4824
4850
4783
4770
4739
4714
4747
4668
4741
4715
4793
4868
4908
4916
4821
4622
4545
4432
4466
4416
4443
4362
4392
4291
4372
4538
4500
4456
4409
4360
4347
4258
4281
4411
4318
4314
4214
4112
4257
4161
4228
4207
4173
4234
4300
4330
4237
4257
4421
4306
4306
4369
4337
4409
4492
4544
4592
4458
4336
4489
4340
4114
4150
4116
4350
4510
4529
4496
4494
4282
4319
4365
4265
4299
4403
4248
4111
4146
4188
4229
4270
4407
4345
4356
4425
4510
4576
4501
4522
4387
4393
4533
4618
4642
4582
4500
4522
4625
4615
4555
4601
4598
4651
4729
4789
4805
4964
4978
5004
4937
5004
5244
5185
5176
5171
5099
5223
5297
5212
5301
5309
5282
5365
5242
5325
5276
5109
5205
5257
5339
5236
5199
5181
5256
5367
5453
5466
5538
5597
5663
5657
5646
5686
5790
5947
5853
5907
5768
5782
5736
5703
5558
5562
5562
5401
5401
5353
5319
5487
5426
5615
5589
5554
5760
5668
5624
5578
5635
5685
5782
5781
5519
5579
5575
5478
5464
5597
5630
5659
5752
5774
5715
5870
5813
5916
5894
5957
5930
5768
6026
6021
6257
6306
6160
6136
6248
6277
6403
6421
6594
6598
6552
6536
6408
6383
6396
6421
6406
6278
6285
6239
6457
6518
6610
6680
6749
6656
6467
6401
6653
6639
6544
6413
6296
6234
6172
6232
6156
6118
5925
5778
5928
6013
6058
6216
6121
6196
6406
6465
6430
6380
6474
6498
6590
6608
6638
6542
6516
6438
6250
6405
6553
6399
6356
6291
6301
6353
6372
6352
6365
6197
6160
6108
6286
6586
6564
6781
6747
6778
6670
6933
6994
7074
7246
7323
7181
7086
7129
7257
7124
7243
7129
6971
7043
7148
7118
6915
6820
6779
6841
6614
6561
6478
6635
6604
6711
6839
6852
6960
6864
6646
6521
6564
6407
6275
6237
6310
6407
6334
6363
6408
6537
6522
6812
6690
6728
6737
6765
6483
6361
6255
6094
6066
6202
6193
6054
6146
6281
6495
6555
6474
6322
6301
6381
6413
6453
6303
6210
6289
6130
6134
6014
6180
6295
6355
6458
6527
6472
6430
6448
6322
6349
6495
6454
6566
6453
6368
6384
6572
6694
6735
6697
6746
6596
6497
6522
6612
6550
6591
6485
6532
6390
6297
6398
6414
6499
6547
6580
6469
6469
6508
6545
6387
6480
6459
6620
6712
6773
6808
6795
6966
7056
7170
6971
7123
7176
7151
7166
7199
7243
7312
7174
7206
7401
7357
7439
7641
7634
7802
7855
7853
7858
7783
7678
7622
7353
7400
7340
7353
7288
7267
7317
7193
7162
7357
7376
7473
7500
7459
7506
7384
7180
7420
7433
7369
7472
7687
7828
7919
7806
7750
7793
7758
7760
7702
7525
7417
7334
7115
7247
7283
7381
7280
7479
7449
7563
7641
7492
7608
7686
7726
7560
7463
7628
7683
7680
7549
7618
7540
7540
7453
7759
7715
7196
7350
7413
7691
7586
7439
7455
7315
7184
7256
7328
7282
7213
7237
7062
7041
6913
6820
6693
6573
6484
6642
6443
6636
6723
6641
6632
6514
6430
6326
6374
6261
6429
6509
6516
6398
6445
6407
6467
6290
6146
6298
6280
6247
6341
6514
6429
6254
6295
6327
6302
6229
6019
6050
6127
6143
6358
6183
6250
6262
6182
6096
6223
5914
5943
5950
5786
5991
6160
5919
6064
6143
6150
6105
6221
6270
6153
5970
6010
6020
6021
5917
6031
6046
5999
5982
5997
6132
5903
6098
6017
5993
6046
5910
5977
6070
6120
6011
6032
6017
5860
5972
5946
6097
6181
6219
6119
5973
6078
6098
6138
5955
5957
6062
6041
6102
6074
6226
6338
6381
6390
6504
6697
6767
6892
6961
7172
7263
7353
7272
7340
7359
7327
7252
7276
7253
7344
7049
7053
7291
7396
7442
7298
7285
7001
7097
6809
6936
6799
6872
6901
6891
6956
6634
6789
6775
6886
6830
6817
6726
6611
6395
6557
6639
6757
6816
6973
6997
7039
6934
6929
6990
7038
7125
7062
7091
7184
7121
7137
7168
7190
7320
7148
7319
7172
7260
7245
7261
6903
6822
6580
6307
6201
6349
6239
6099
6050
6188
6191
6138
6190
6271
6327
6287
6141
6213
6249
6257
6294
6342
6429
6483
6463
6467
6345
6358
6461
6315
6287
6407
6294
6360
6583
6385
6251
5961
5922
5927
5848
5771
5835
5852
5841
5840
5847
5884
5737
5466
5457
5512
5573
5410
5460
5526
5568
5618
5692
5729
5822
5906
5923
6006
6211
5920
5992
5982
5884
6094
6062
6122
6093
6135
6232
6283
6300
6129
6121
6205
6183
6201
5994
5865
6012
6092
5964
6026
6083
5974
5957
5986
6124
6229
6135
6140
6217
6094
6138
6154
6332
6278
6142
6203
6121
5938
5715
5615
5535
5550
5499
5339
5440
5417
5428
5433
5377
5373
5463
5493
5348
5342
5266
5223
5199
5046
5262
5409
5268
5113
5224
5334
5322
5342
5351
5337
5352
5367
5213
5209
5163
5136
5156
5022
5063
4952
4893
4933
5011
5159
5139
5247
5234
5236
5267
5515
5480
5460
5411
5333
5548
5442
5348
5443
5451
5156
5103
4829
4946
4985
5055
4980
4933
5035
5133
5133
5213
5403
5220
5183
5190
5193
5210
5394
5137
5097
4928
4853
4902
4959
4881
4938
4967
5024
5190
5431
5627
5679
5433
5350
5210
5285
5332
5410
5324
5448
5421
5416
5523
5501
5476
5433
5494
5466
5504
5670
5760
5744
5754
5953
6097
5902
6018
5952
6019
5894
5842
5800
5726
5694
5854
5776
5805
5843
5993
6018
5977
5870
5891
5981
6063
6261
6294
6268
6318
6070
5992
5965
5877
5799
5831
6149
6143
6161
6079
6141
6053
6037
6064
6010
5954
6026
6048
6013
6072
5954
5943
6051
6059
5962
5977
5894
5844
5684
5669
5792
5701
5586
5606
5705
5729
5680
5756
5745
5538
5340
5487
5584
5518
5429
5388
5429
5331
5399
5416
5405
5540
5487
5505
5415
5339
5235
5151
5033
4859
4923
4714
4652
4657
4635
4543
4541
4542
4609
4625
4497
4477
4515
4452
4509
4452
4544
4453
4635
4655
4776
4685
4758
4768
4768
4640
4509
4335
4411
4490
4434
4365
4287
4288
4223
4132
3918
3914
3944
4030
3972
3976
3856
3873
3921
3998
3990
4040
4242
4129
4125
4153
4135
4054
4100
4043
4044
4008
4022
4054
4101
4235
4213
4089
4051
4118
4171
4039
4060
4043
3880
3824
3836
3870
3784
3762
3772
3769
3741
3959
3931
3766
3653
3650
3632
3678
3708
3838
3824
3889
3974
3980
4094
4096
3920
4026
3904
3862
3838
3798
3839
3862
3884
4031
3983
4127
4095
4185
4263
4088
4078
4153
4185
4276
4291
4243
4319
4224
4182
4155
4167
4021
3959
4046
3903
4164
4120
4296
4232
4191
4064
4006
3998
4021
4121
4303
4280
4228
4090
3943
3847
3970
4009
3958
3899
3887
3860
3928
4058
4040
4212
4263
4184
4113
4085
4102
4031
4056
4111
4201
4222
4216
4156
4173
4325
4279
4279
4257
4207
4182
4151
4036
4102
4129
4196
4070
4031
4013
3879
3795
3863
3763
3824
3803
3792
3736
3775
3836
3846
3824
4033
4239
4344
4262
4138
4111
4165
4055
4082
4088
4073
4120
4050
3923
3951
3996
3882
4101
4161
4148
4068
4099
4199
4268
4252
4307
4300
4459
4453
4434
4532
4498
4611
4553
4560
4598
4599
4599
4437
4428
4378
4471
4463
4297
4286
4351
4427
4341
4429
4482
4560
4486
4571
4534
4533
4499
4579
4566
4552
4517
4572
4525
4607
4591
4266
4235
4104
4103
4092
4149
4331
4399
4481
4487
4487
4457
4467
4478
4638
4709
4670
4858
4793
4621
4571
4570
4535
4425
4436
4505
4425
4300
4457
4493
4401
4475
4677
4756
4625
4672
4635
4697
4807
4876
4820
4852
4823
4923
5146
5357
5348
5445
5454
5488
5509
5519
5611
5539
5778
5857
5726
5800
5869
5884
5964
5992
5974
5965
5779
5878
5996
6045
6049
6026
5863
5879
5686
5709
5632
5552
5458
5300
5287
5271
5202
5302
5306
5437
5238
5408
5533
5716
5797
5860
5794
5889
6051
5984
6193
6109
5997
5774
5987
5790
5750
5838
5849
5820
5786
5791
5822
5877
5882
5789
5737
5531
5572
5688
5626
5477
5474
5498
5521
5568
5462
5446
5415
5655
5549
5564
5613
5734
5494
5509
5379
5505
5581
5807
5912
5762
5711
5727
5756
5702
5606
5604
5732
5646
5543
5755
5701
5844
5969
6096
5968
5967
6014
5972
5841
5909
5866
5833
5987
6031
6072
6036
6194
6442
6663
6752
6630
6583
6412
6600
6575
6799
6885
6814
6987
7204
7227
7305
7302
7378
7427
7374
7404
7522
7602
7369
7408
7442
7528
7459
7442
7396
7427
7660
7731
7663
7799
7601
7607
7562
7471
7407
7268
7262
7154
7321
7271
7027
7015
7076
7054
7159
7217
7181
7290
7241
7312
7302
7202
6937
6956
6878
6869
6828
7113
7188
7259
7157
7163
7380
7377
7279
7455
7477
7374
7529
7266
7375
7224
7288
7171
7195
7250
7335
7153
7275
7169
7009
6946
6921
6964
6970
6815
6986
7059
7183
7181
6968
7032
7013
7126
6979
6828
7105
6843
6733
6835
6774
6705
6730
6684
6625
6644
6515
6483
6578
6518
6512
6326
6248
6300
6436
6392
6440
6653
6588
6496
6348
6241
6333
6051
6133
6183
6041
6113
6146
5993
5922
6040
6078
6187
6103
6129
5967
5887
5773
5776
5662
5831
5845
5808
5777
5752
5690
5723
5745
5769
5870
5781
5681
5639
5868
5860
5757
5785
5764
5627
5734
5853
5877
5757
5872
5749
5730
5819
5761
5893
5814
5998
5921
6040
6227
6133
5961
5899
5821
5898
5910
5745
5615
5490
5615
5629
5723
5700
5746
5639
5279
4999
5072
5175
5204
5182
5200
5226
5203
5215
5148
5242
5251
5229
5502
5557
5509
5656
5740
5799
5735
5806
5860
5757
5748
5688
5736
5545
5430
5355
5342
5339
5322
5186
5116
5299
5272
5230
5116
5062
4911
4784
4700
4773
4851
4788
4904
4911
4901
4850
4926
4880
4854
4665
4516
4268
4288
4324
4382
4336
4333
4150
4022
4014
3802
3770
3731
3834
3679
3728
3717
3866
3874
3784
3909
3885
3917
3876
3882
3851
3883
3961
3821
3937
4018
4093
4121
4170
4073
3967
3980
3931
3824
3662
3565
3653
3784
3730
3667
3779
3850
4001
4114
4109
4058
4000
4072
4061
4104
4204
4257
4103
4129
4130
4117
4094
4142
4082
4014
3986
3968
4075
4114
4136
4296
4400
4363
4263
4256
4173
4184
4218
4290
4316
4415
4393
4448
4558
4536
4558
4378
4325
4345
4393
4446
4497
4548
4462
4242
4336
4339
4279
4370
4402
4469
4319
4268
4281
4397
4332
4372
4289
4427
4367
4379
4189
4181
4152
4177
4257
4233
4241
4300
4216
4138
4132
4073
3924
3936
3949
4006
4134
4197
4179
4226
4248
4234
4290
4137
4022
4112
4201
4293
4451
4464
4512
4487
4426
4429
4510
4391
4210
4296
4297
4260
4229
4193
4370
4379
4359
4521
4580
4443
4434
4503
4537
4760
4847
4706
4612
4706
4719
4653
4619
4656
4609
4457
4429
4350
4395
4453
4456
4448
4515
4362
4509
4364
4426
4397
4422
4425
4375
4440
4371
4331
4285
4232
3991
3993
3919
3900
3830
3715
3701
3731
3721
3829
3877
3877
3789
3873
3772
3737
3906
3956
4008
4094
4044
4010
4068
4007
4096
4213
4166
4305
4312
4319
4335
4402
4327
4369
4301
4427
4359
4398
4428
4618
4505
4568
4362
4398
4227
4326
4396
4181
4221
4261
4290
4304
4181
4215
4110
4080
4117
4162
4006
4036
3998
4060
4084
4054
4106
4188
4435
4394
4308
4269
4343
4341
4427
4426
4426
4509
4578
4665
4632
4560
4658
4641
4667
4823
4987
4767
4921
4935
4899
4883
4999
5067
4978
4954
4997
5070
4872
5035
5132
5070
5085
4964
4856
4882
4946
4858
4833
4817
4850
4894
4910
4935
4823
4738
4793
4929
4877
4908
4952
5141
5191
5193
5087
5000
5027
5016
4891
4838
4752
4712
4873
4931
4958
4896
4798
4861
4854
4827
4891
4914
4861
4852
4997
4963
4876
4780
4765
4863
4727
4556
4498
4429
4577
4703
4747
4607
4706
4398
4442
4293
4286
4264
4361
4135
4124
4155
4074
4168
4293
4273
4133
4141
4170
4251
4316
4243
4126
4151
4205
4135
4106
4025
4100
4087
4131
4187
4184
4303
4437
4479
4334
4405
4226
4296
4396
4096
4237
4135
4237
4299
4366
4519
4462
4479
4554
4359
4309
4225
4384
4573
4526
4438
4524
4470
4443
4413
4568
4475
4400
4483
4403
4248
4299
4391
4368
4335
4320
4495
4463
4457
4368
4468
4528
4579
4572
4629
4858
4818
4683
4525
4491
4468
4461
4524
4616
4688
4831
4849
5021
4854
4830
4715
4648
4643
4593
4673
4765
4803
4772
4801
4896
4879
4678
4680
4752
4841
4771
4866
4973
4891
5051
4959
5078
5061
5088
5201
5157
5164
5274
5320
5351
5509
5549
5592
5531
5474
5538
5540
5596
5571
5530
5490
5541
5590
5650
5670
5577
5733
5719
5625
5757
5692
5770
5817
5811
5807
5968
5934
6176
5983
6028
6033
6073
6076
6354
6379
6613
6618
6783
6691
6747
6794
6680
6751
6735
6707
6633
6483
6436
6312
6330
6367
6523
6576
6441
6371
6332
6447
6486
6493
6390
6517
6559
6554
6593
6637
6661
6375
6428
6378
6511
6770
6945
7092
7078
6968
6870
6783
6959
7227
7198
7095
7162
7089
6872
6927
6799
6600
6604
6607
6631
6885
6817
6679
6560
6585
6544
6503
6504
6480
6566
6818
6786
6619
6587
6532
6644
6687
6601
6466
6469
6582
6565
6467
6535
6503
6272
6526
6566
6552
6552
6628
6710
6745
6771
6595
6487
6443
6526
6503
6479
6618
6514
6529
6484
6624
6575
6576
6625
6664
6685
6690
6707
6899
6875
6908
6945
6956
6916
6863
6878
6834
6819
6569
6709
6871
6846
6687
6775
6913
6802
6713
6541
6535
6439
6630
6603
6443
6555
6668
6577
6651
6591
6620
6523
6552
6390
6404
6504
6681
6592
6576
6476
6609
6707
6806
6625
6492
6328
6382
6433
6655
6704
6539
6545
6419
6464
6446
6396
6482
6482
6302
6486
6510
6495
6364
6344
6165
6174
6175
6132
6016
5982
5895
5848
5951
5932
5800
5649
5610
5666
5823
5967
5850
6021
5936
5779
5683
5842
5803
5770
5852
5810
5847
5850
5940
5832
6090
6070
6040
5930
6047
6223
6027
5975
6006
6090
6049
6021
6032
6104
6042
5928
6039
6094
6113
6208
6270
6253
6136
6161
6164
6058
6221
6266
6280
6284
6307
6309
6341
6163
6128
5998
5969
6052
6059
6113
5965
6162
6111
6046
6020
5956
5842
5907
5860
5772
5618
5649
5407
5377
5402
5405
5464
5481
5381
5298
5406
5422
5510
5630
5619
5501
5400
5364
5515
5508
5477
5574
5573
5417
5432
5223
5195
5254
5368
5398
5373
5333
5378
5286
5411
5302
5548
5403
5318
5395
5429
5400
5360
5362
5356
5135
5252
5211
5260
5451
5553
5570
5497
5615
5488
5549
5328
5239
5180
5170
5167
5094
5157
5125
5076
5007
5128
5175
5281
5234
5158
5130
5036
5006
5029
5104
5193
5231
5167
5196
5145
5074
4981
4856
4803
4754
4772
4822
5088
4925
4896
4785
4639
4884
4949
4871
4706
4754
4663
4692
4734
4657
4539
4641
4888
4825
4637
4616
4646
4594
4579
4629
4542
4510
4567
4517
4436
4461
4466
4555
4371
4493
4558
4542
4655
4770
4799
4871
4888
4950
4905
4787
4699
4627
4489
4204
4224
4247
4350
4263
4055
4018
4047
3948
3760
3882
3755
3908
4017
3961
4134
4010
4014
4158
4228
4311
4219
4151
4262
4311
4349
4403
4237
4332
4539
4407
4339
4426
4316
4464
4747
4801
4853
4809
4987
5003
4841
4736
4819
4791
4695
4693
4684
4756
4572
4785
4842
4838
4873
4970
4970
5115
5293
5381
5267
5151
5222
5208
5324
5138
5300
5379
5501
5472
5623
5478
5463
5338
5373
5465
5502
5540
5633
5716
5746
5693
5840
6108
5952
5855
5933
6020
6004
6037
6005
5908
5886
5715
5662
5764
5805
5671
5659
5698
5612
5612
5775
5915
5968
6065
6185
6221
6068
6054
6069
6002
6205
6170
6237
6253
6342
6194
6094
6105
6179
6144
6172
6046
6065
5880
5746
5755
5708
5663
5638
5756
5785
5688
5983
5913
5859
5933
5757
5804
5709
5807
5881
5963
5767
5804
5778
5606
5862
5771
5760
5857
5749
5918
5878
5733
5709
5614
5640
5851
5990
6048
5990
5972
6132
6237
6295
6262
6224
6443
6421
6395
6435
6669
6708
6722
6838
6771
6672
6522
6170
6158
6152
6296
6349
6294
6385
6568
6347
6260
6227
6118
6203
6341
6217
6282
6431
6433
6371
6373
6437
6423
6503
6414
6438
6278
6117
6007
5823
5683
5700
5802
5889
5870
6053
5824
5781
5751
5757
5651
5538
5528
5637
5548
5428
5439
5338
5385
5227
5204
5154
5202
5377
5335
5470
5624
5699
5376
5373
5573
5601
5707
5591
5614
5749
5945
5812
5901
6207
6090
5838
5660
5678
5724
5653
5634
5841
5686
5777
5762
5746
5794
5804
5848
5758
5687
5875
5783
5603
5647
5759
5443
5706
5620
5491
5476
5365
5380
5279
5365
5362
5370
5391
5305
5314
5392
5488
5345
5251
5149
5059
5216
5276
5157
5183
5047
5083
5087
5008
5061
5044
5201
5329
5151
5254
5049
5020
5096
5202
5146
5150
5090
5039
4962
4905
4772
4750
4985
4968
5112
5222
4990
4953
4987
4953
4999
4994
4797
4759
4796
4623
4517
4429
4361
4392
4374
4413
4374
4361
4403
4252
4384
4353
4362
4529
4687
4776
4662
4621
4564
4520
4660
4584
4600
4596
4709
4634
4567
4562
4817
4721
4721
4708
4670
4842
4827
4738
4836
4778
5024
5008
4982
4963
4935
5004
4975
4981
5142
5154
5304
5358
5457
5538
5369
5471
5480
5380
5394
5405
5399
5546
5544
5295
5132
4970
5089
5013
5228
5179
5142
5108
5143
5018
5041
5134
5284
5201
5393
5045
5171
5258
5191
5304
5156
5324
5210
