1005000
266959
172930
129427
103740
85662
72015
63058
55532
50089
44900
41314
38282
35074
32370
30269
28439
27112
25465
24312
22745
21413
20399
19328
18853
18017
17430
16822
16097
15596
14940
14640
14175
14021
13806
13849
13492
13019
12527
12149
11751
11565
10940
10608
9911
9688
9330
9071
8796
8753
8673
8730
8570
8217
7989
7812
7579
7564
7386
7158
7068
7145
6924
6902
7028
6999
6979
6839
6742
6625
6658
6377
6136
6111
6063
5880
5828
5710
5859
5715
5767
5857
5834
5743
5605
5477
5546
5452
5365
5324
5322
5176
5204
5318
5250
5258
5375
5489
5441
5485
5503
5557
5618
5549
5532
5315
5206
5192
5103
5084
5184
4967
4838
4825
5032
4935
4877
5048
4918
5032
5016
4999
4725
4676
4660
4605
4729
4853
4736
4768
4747
4758
4720
4687
4650
4727
4709
4657
4617
4623
4718
4745
4921
4739
4848
4879
4831
4758
4748
4741
4588
4400
4429
4402
4409
4513
4436
4266
4148
4024
4000
4111
4035
3881
3837
3677
3586
3430
3442
3430
3288
3286
3306
3240
3302
3281
3216
3104
2998
2944
2776
2778
2749
2712
2753
2838
2787
2686
2719
2727
2579
2642
2627
2587
2533
2596
2433
2449
2511
2475
2455
2481
2458
2438
2383
2446
2446
2437
2353
2382
2377
2301
2286
2196
2254
2205
2314
2296
2293
2277
2192
2148
2049
2097
2076
2041
2020
2136
2131
2025
2052
2019
2062
2016
2017
1984
1995
1980
1839
1887
1848
1875
1848
1879
1888
1848
1800
1794
1863
1875
1833
1777
1774
1650
1685
1701
1648
1704
1641
1660
1573
1604
1597
1689
1707
1776
1794
1906
1865
1779
1902
1839
1791
1810
1841
1830
1919
1999
2056
2073
1997
2011
1971
1885
1956
2028
2013
2029
1962
1967
1973
1987
1926
1974
1965
1987
1899
1977
1979
1949
1906
1905
1842
1840
1890
1936
1977
1837
1878
1846
1849
1841
1792
1827
1851
1887
1896
1806
1819
1728
1786
1839
1830
1887
1887
1933
1930
1948
1953
1934
1965
2040
2055
1954
1968
2004
2061
2091
2121
1991
2062
2068
2127
2127
2251
2310
2240
2278
2256
2289
2268
2305
2213
2118
1996
1984
1936
1958
2100
2110
2175
2187
2233
2269
2341
2335
2383
2372
2334
2382
2362
2424
2506
2590
2642
2767
2656
2684
2651
2640
2747
2753
2665
2608
2672
2669
2568
2580
2590
2478
2371
2336
2442
2416
2424
2482
2451
2338
2231
2368
2283
2295
2178
2100
2079
1959
1923
1789
1819
1863
1822
1903
1884
1891
1911
2034
2007
2107
2140
2095
2119
2118
2010
1963
1951
1972
2014
2067
2064
2092
2190
2220
2144
2124
2097
2131
2107
2086
2152
2162
2166
2118
2107
1983
2152
2130
2157
2166
2164
2185
2271
2220
2063
2083
2058
2046
2172
2124
2061
2169
2164
2125
2132
2052
2032
1928
1812
1819
1775
1764
1752
1760
1759
1752
1810
1779
1761
1812
1701
1661
1662
1627
1617
1639
1647
1695
1797
1816
1908
1843
1749
1906
1866
1869
1791
1833
1734
1797
1662
1746
1707
1698
1743
1722
1647
1542
1476
1525
1572
1640
1698
1855
1811
1788
1821
1836
1906
1936
1969
2071
2166
2210
2153
2170
2151
2103
1951
2034
1956
1914
1929
1807
1771
1830
1932
1939
1819
1906
1903
1867
1858
1785
1813
1895
1968
2028
2089
2067
2223
2196
2139
2193
2227
2193
2280
2202
2127
2169
2085
2110
2136
2158
2091
2136
2227
2244
2187
2241
2229
2337
2406
2530
2502
2614
2642
2617
2630
2662
2714
2734
2728
2770
2828
2959
2971
2940
2971
2874
2823
2845
2906
2991
2925
2879
2908
2895
2839
2834
2880
2904
2925
2971
3141
3163
3208
3288
3255
3277
3338
3429
3271
3349
3367
3388
3479
3460
3357
3192
3364
3232
3172
3121
3169
3148
3023
3036
3059
3123
3126
3128
3138
3291
3414
3492
3474
3440
3481
3432
3446
3488
3579
3534
3663
3741
3799
3679
3793
3794
3762
3718
3734
3662
3598
3514
3428
3281
3322
3313
3348
3309
3251
3292
3246
3318
3456
3541
3666
3653
3741
3647
3731
3711
3821
3776
3622
3573
3613
3619
3632
3675
3675
3707
3556
3571
3545
3487
3520
3592
3595
3576
3677
3718
3759
3859
3950
3852
3803
3807
3748
3826
3825
3734
3717
3672
3689
3636
3563
3718
3771
3914
3949
3867
3824
3919
3813
3791
3827
3906
3981
4091
4182
4258
4162
4205
4309
4477
4390
4451
4453
4448
4512
4689
4789
4881
4955
5113
5088
5182
5246
5101
5232
5296
5282
5290
5061
5076
5161
5170
5197
5260
5227
5172
5108
5016
4981
5005
5084
5192
5227
5112
5114
5101
5013
5154
5343
5259
5339
5262
5130
4988
5122
5294
5384
5613
5492
5311
5496
5454
5397
5148
5056
5009
5216
5135
5173
5268
5244
5211
5209
5219
5215
5250
5430
5474
5727
5761
5752
5770
5777
5779
5773
5816
5859
5924
5974
5982
6017
6024
5905
5894
5966
5928
5788
5880
5919
5871
5867
5599
5557
5609
5586
5678
5721
5689
5741
5694
5626
5405
5325
5201
5074
5261
5354
5298
5253
5193
5180
5096
5045
5031
5095
5068
5132
5125
5118
5159
5099
4969
5115
5142
5255
5396
5349
5324
5237
5295
5270
5126
5195
5275
5171
5222
5131
5045
5038
5050
5012
4840
4743
4846
4869
4911
4797
4835
4749
4722
4627
4529
4627
4720
4758
4789
4839
4898
5032
5016
4943
4896
5011
5022
5049
5098
5091
4982
4803
5045
5054
4964
4867
5037
5052
4981
4995
5069
5096
5152
4985
5025
5133
5149
5228
5276
5366
5491
5611
5555
5612
5686
5652
5755
5814
5776
5726
5642
5708
5836
5809
5815
5787
5858
5951
5964
6244
6238
6169
6212
6180
6143
6026
5930
6119
6165
6248
6370
6231
6338
6609
6459
6279
5901
6159
6096
6055
6133
6282
6330
6543
6476
6447
6373
6493
6536
6536
6435
6516
6790
6769
6885
6804
6821
6692
6565
6559
6445
6496
6498
6336
6270
6280
6094
5912
5810
5760
5647
5544
5498
5564
5655
5639
5674
5745
5602
5597
5865
5793
5628
5535
5495
5599
5712
5724
5752
5861
5707
5505
5517
5736
5708
5547
5606
5535
5658
5652
5842
5830
6051
6126
6131
6143
5919
5812
5751
5592
5600
5399
5269
5208
5260
5303
5266
5291
5287
5418
5483
5424
5594
5548
5554
5692
5786
5787
5797
5569
5386
5409
5414
5276
5116
5154
5192
5242
5102
4987
5071
5108
5035
5043
5196
5301
5316
5154
5049
5175
5218
5185
5260
5355
5050
5010
5048
5049
5085
5189
5205
5391
5676
5663
5650
5367
5559
5603
5602
5551
5736
5803
5898
6052
6026
5968
5992
6123
6239
6006
5966
5945
6053
5952
5936
5871
5699
5780
5845
5972
6275
6295
6403
6274
6240
6247
6365
6317
6282
6537
6355
6296
6478
6339
6211
6115
5981
6143
6261
6109
6180
6238
6332
6235
6354
6582
6490
6497
6357
6433
6507
6606
6605
6778
6924
7008
6838
6983
6976
6937
7072
6954
6814
6913
7005
6856
6925
7059
6969
6804
6926
6862
6840
6690
6749
6685
6736
6695
6720
6796
6827
6514
6403
6608
6818
7078
7042
7032
6927
6775
6772
6829
6685
6607
6684
6670
6729
6572
6764
6778
6656
6785
6710
6803
6714
6592
6739
6794
6656
6740
6867
6703
6773
6717
6668
6749
6813
6680
6827
6958
7108
7118
6939
6921
7037
7122
7311
7243
7242
7161
7356
7390
7481
7558
7489
7493
7392
7440
7493
7524
7579
7605
7442
7399
7351
7290
7481
7593
7590
7532
7522
7877
7796
7819
7808
7583
7464
7609
7645
7431
7563
7723
7798
7877
7828
7739
7823
7655
7587
7805
7936
7863
7606
7726
7445
7321
7216
7078
7165
7174
7163
7132
6984
7002
7032
6815
6923
6857
6951
7059
7114
7152
7315
7243
7250
7166
7243
7257
7397
7314
7089
7141
7169
7266
7149
7361
7447
7477
7211
7257
7164
7120
7204
7133
7099
6999
6941
6752
6503
6593
6587
6642
6368
6436
6376
6509
6417
6251
6217
6264
6166
6168
6161
6086
6082
6211
6227
6116
6194
6363
6477
6306
6213
6245
6115
6191
6146
6145
6141
6000
6161
6247
6078
6043
5887
5924
6037
6057
6180
6129
6013
6116
5979
6047
6175
6193
6278
6249
6012
6090
6043
6083
6141
6085
5934
6024
6000
5873
5937
5898
5841
5834
5878
5909
5809
5725
5924
6090
6269
6456
6482
6586
6651
6638
6659
6722
6594
6652
6806
6887
6608
6617
6601
6477
6218
6095
6090
6040
6111
6145
6152
6296
6315
6222
6288
6251
6184
6367
6347
6435
6329
6486
6482
6522
6510
6519
6356
6410
6446
6415
6323
6380
6440
6614
6639
6584
6628
6707
6827
6801
6958
6910
6880
6815
6870
7051
7247
7274
7337
7303
7276
7345
7444
7619
7695
7623
7688
7728
7657
7484
7467
7345
7361
7284
7269
7142
7063
6711
6733
6629
6427
6326
6254
6305
6441
6479
6516
6592
6701
6608
6649
6625
6708
6519
6478
6536
6465
6498
6504
6573
6503
6218
6229
6117
5945
5891
5822
5923
6015
5983
5801
5869
6047
5921
5832
6019
5935
5987
5987
5956
6005
5995
5985
5895
6036
5902
5953
6052
5979
6252
6388
6405
6379
6378
6484
6442
6600
6826
6812
6695
6797
6903
6786
6816
6912
6942
6794
6776
6961
7007
6881
6884
6935
7046
7261
7257
7213
7062
6870
6966
6882
6936
6782
6867
6802
6944
6932
6763
6764
6711
6661
6640
6503
6531
6633
6731
6728
6757
6872
6986
6951
7162
7337
7468
7655
7818
7733
7915
8071
7994
8136
8172
7916
7868
7940
7854
7829
7714
7817
7744
7903
8029
7960
8029
8064
8359
8363
8420
8279
8205
8311
8237
8108
8255
8252
8223
8381
8422
8472
8511
8232
8228
8365
8285
8301
8397
8284
8216
8164
8043
7849
7785
7908
7953
7935
7852
8013
8066
7971
7940
7861
7847
8083
7980
7915
7966
8105
8153
7991
7907
7892
7861
7922
7781
7561
7586
7397
7419
7275
7373
7126
6909
6894
6862
6758
6809
6730
6851
6885
6918
6721
6729
6635
6841
6866
6980
6904
6892
6912
6979
6863
6704
6644
6670
6295
6240
6390
6383
6486
6648
6668
6552
6563
6466
6237
6161
6106
6129
6052
6050
6080
6006
5801
5573
5497
5539
5554
5234
5168
5140
5225
5242
5104
4987
5029
4893
4820
4871
4810
4782
4756
4812
4726
4832
4821
4718
4531
4593
4617
4696
4723
4488
4525
4315
4389
4410
4440
4425
4448
4456
4561
4571
4597
4713
4892
4898
4911
4906
4974
5015
5165
5163
5371
5400
5458
5663
5738
5731
5605
5562
5638
5863
5885
5667
5667
5606
5611
5636
5523
5502
5311
5435
5382
5413
5231
5249
5342
5404
5297
5210
5224
5214
5176
5121
5172
5246
5219
4976
4988
4942
5023
4902
4847
4861
4853
4827
4731
4489
4405
4374
4374
4371
4311
4317
4279
4310
4307
4260
4292
4218
4109
4008
4166
4216
4221
4316
4386
4308
4347
4331
4300
4330
4416
4309
4325
4283
4390
4405
4468
4489
4390
4325
4380
4536
4379
4617
4621
4691
4650
4516
4473
4755
4789
4888
4937
5066
4894
4929
4944
5036
5032
5142
5180
5023
4984
5002
5101
5034
5033
4889
4983
5076
5114
5086
5034
5025
4900
5008
5140
5079
5152
5181
5022
4950
4969
4922
4968
4962
4928
4998
5076
4967
5147
5326
5367
5295
5312
5424
5453
5406
5330
5191
5273
5074
5020
5042
5030
5033
5077
5241
5224
5241
5150
5052
4898
4836
4975
4994
5039
5077
5052
5172
5054
4949
4898
4975
5224
5231
5190
5152
4936
4886
4926
5003
4941
4860
4892
4843
4872
4657
4757
4735
4749
4930
4814
4825
4852
4818
4860
5008
5040
5047
4832
4840
4940
4906
4806
4823
4724
4892
4874
4948
5128
5110
5205
5356
5509
5275
5295
5232
5428
5385
5466
5362
5192
5203
5203
5240
5375
5393
5534
5631
5539
5597
5648
5598
5577
5221
5393
5242
5105
5148
5266
5410
5393
5486
5319
5354
5403
5474
5293
5385
5591
5822
5829
5888
5873
5947
6045
5920
5921
5932
5826
5961
5844
5727
5756
5964
5991
5825
5527
5447
5635
5754
5811
5841
5778
5770
5873
5924
5729
5749
5526
5292
5336
5345
5457
5395
5363
5367
5487
5435
5528
5408
5463
5408
5240
5325
5374
5388
5319
5392
5333
5422
5637
5698
5917
6166
6200
6274
6225
6170
6200
6110
6268
6192
6094
5987
6008
5897
5990
6032
6119
6104
5990
5894
5927
5897
5782
5752
5702
5786
5861
5858
5727
6036
6135
6042
6145
6111
5981
5808
5905
5831
5878
5850
5709
5816
5879
5907
5887
5880
5909
6014
6022
5872
5883
5910
5859
5617
5567
5631
5511
5484
5319
5348
5545
5443
5474
5731
5855
5715
5860
5743
5636
5754
5878
6026
5967
5952
5939
5943
6001
6159
6196
6098
6011
6086
5990
6032
6091
6126
6242
6155
6260
6324
6284
6332
6440
6431
6366
6239
6267
6386
6401
6394
6397
6435
6546
6535
6467
6562
6668
6587
6538
6545
6456
6451
6296
6296
6239
5959
6035
6103
6182
6250
6303
6377
6647
6484
6421
6446
6648
6494
6428
6330
6580
6429
6492
6582
6490
6393
6519
6558
6435
6341
6209
6456
6308
6302
6383
6372
6215
6162
5910
5978
5956
5954
6031
6239
6354
6216
6302
6222
6261
6203
6140
6141
6247
6277
6331
6341
6403
6188
6169
5937
5938
6009
5968
5826
5853
5746
5848
5932
5814
5766
5597
5695
5770
5843
5900
6009
6027
6082
6167
6288
6216
6249
6305
6158
6102
6360
6324
6468
6530
6579
6520
6678
6502
6587
6379
6432
6256
6408
6386
6340
6266
6262
6268
6041
5877
5839
5772
5904
5662
5732
5552
5592
5614
5641
5596
5687
5768
5766
5977
5945
5863
6043
6039
6009
5867
5866
5999
5885
5883
5792
5737
5829
5811
6022
6076
6101
5945
6023
5820
5744
5658
5674
5715
5917
5887
5877
5778
5828
5940
5922
5932
5822
5868
5965
6075
6218
6210
6164
6210
6244
6237
6185
6165
6161
6150
6054
5977
6092
6077
6024
5976
6092
6061
6000
6028
6006
5894
6086
6166
6021
5861
5834
5946
5974
6076
6067
6004
6033
6009
6156
5985
5937
6006
5966
5996
6093
6050
6087
6110
6084
6091
6140
6231
6281
6191
6116
5752
5665
5535
5447
5483
5715
5775
5757
5703
5619
5729
5615
5770
5793
5833
5763
5815
5912
6133
6054
5951
6058
6038
6241
6082
6033
6132
6105
5993
5923
5970
6186
6015
5880
5903
5921
5880
5908
5899
5905
5882
5950
5836
5893
5956
6074
6034
6134
6375
6225
6119
6136
6037
5912
5686
5514
5543
5497
5637
5379
5438
5461
5292
5167
5210
5125
5053
5204
5186
5226
5252
5122
5075
4843
4872
4773
4747
4801
4865
4815
4823
4781
4759
4823
4732
4645
4716
4782
4687
4550
4729
4762
4761
4641
4565
4542
4655
4553
4653
4744
4718
4728
4743
4625
4524
4517
4683
4778
4805
4822
4798
4702
4698
4657
4639
4629
4640
4786
4798
4781
5050
5026
4985
5126
5136
5172
5031
5123
5090
5073
4999
4939
4995
4953
4982
4966
4940
4873
4731
4622
4560
4587
4567
4385
4391
4496
4657
4489
4482
4426
4667
4564
4581
4798
4686
4708
4943
4906
4849
4903
4932
4985
5008
4838
4881
4898
4976
5080
4957
4818
4922
4976
5091
5153
5143
5205
5274
5263
5253
5203
5405
5350
5414
5546
5660
5500
5536
5473
5507
5586
5661
5645
5388
5362
5217
5266
5067
5193
5465
5192
5099
5119
5145
5237
5429
5238
5260
5329
5372
5631
5662
5780
5770
5672
5678
5854
5779
5622
5783
5751
5613
5640
5655
5774
5863
5789
5683
5710
5611
5389
5582
5740
5642
5566
5578
5667
5799
5670
5780
5729
5598
5668
5739
5781
5901
5851
5938
5938
5905
5861
5831
6032
6045
6165
6140
6000
5966
6099
6088
6105
6191
6336
6335
6332
6444
6662
6556
6650
6654
6627
6639
6581
6837
7027
6968
7037
6928
6892
6914
6829
6902
6915
6792
6857
6795
6634
6674
6534
6476
6528
6453
6387
6433
6530
6665
6677
6755
6810
6834
6955
6995
7025
6924
7099
7125
7037
6831
6892
6979
7008
6958
6943
7113
6946
7032
7255
7164
7282
7222
7352
7333
7279
7199
7026
6898
7164
6969
7128
7125
7184
6969
6823
6732
6732
6637
6695
6716
6705
6691
6679
6810
6820
7079
7058
6859
7014
6918
7196
7450
7427
7133
7031
6875
6930
6847
6901
6696
6635
6799
6773
6819
6790
6812
7079
7242
7056
7003
7003
6948
7037
6868
6999
6870
6884
6839
6673
6757
6685
6404
6508
6799
6774
6891
6992
7092
7021
7159
7166
7099
7060
7026
6817
6703
6531
6511
6634
6548
6735
6740
6720
6762
6700
6738
6622
6481
6310
6208
6227
6201
6210
6206
6269
6293
6285
6235
6273
6036
6064
6130
5988
5954
5955
5863
5771
5789
5886
5972
5850
5884
5832
5841
5885
5727
5821
5852
5901
5961
5904
5821
5864
5965
5913
5994
6068
6122
6366
6365
6516
6551
6606
6523
6474
6460
6324
6445
6242
6185
6227
6092
6076
6034
6157
6060
6040
6051
6183
6078
5898
6049
6244
6206
6304
6353
6150
6190
6203
6132
6139
6115
6074
6102
6038
6191
6191
6251
6375
6404
6381
6490
6570
6647
6627
6527
6382
6181
6270
6341
6408
6312
6269
6350
6434
6558
6636
6685
6748
6779
6735
6693
6737
6850
6882
7016
7100
7131
7234
7075
7110
7179
7199
7325
7321
7190
7043
6951
6918
6823
6778
6861
6853
6896
7075
7104
7153
7053
7030
6927
6897
6798
6742
6701
6835
6817
6861
7168
7176
7114
7010
7112
7055
7195
6943
7031
6828
6764
6882
6879
6815
6892
6876
6816
6796
6645
6806
6762
6724
6820
6787
6979
6994
6806
6813
6761
6741
6673
6657
6682
6556
6665
6647
6692
6886
7105
7010
6840
6833
6888
7017
7060
7087
7354
7323
7160
6899
6951
6920
7075
7265
7206
7261
7331
7092
6998
6903
6789
6732
6578
6685
6561
6355
6387
6219
6144
6040
6221
6273
6272
6344
6359
6451
6648
6728
6538
6497
6584
6415
6142
6047
6130
5987
6055
6132
5896
5912
5889
5695
5755
5881
6011
5980
5846
5712
5769
5940
6074
6213
6304
6302
6148
6087
6079
6003
6091
5881
5869
5913
5728
5614
5598
5486
5361
5525
5513
5466
5646
5679
5705
5592
5498
5504
5531
5552
5662
5625
5584
5528
5634
5657
5560
5725
5763
5759
5865
5852
5830
5717
5761
5822
5730
5822
6016
5932
5893
5834
5996
5971
6068
5984
6185
6266
6222
6215
6298
6445
6567
6540
6584
6412
6527
6482
6647
6581
6679
6541
6510
6387
6358
6212
6186
6155
6095
6187
6157
6094
5958
6203
5946
6079
6030
6031
6133
6172
6200
6139
6248
6457
6599
6696
6816
6798
6852
6775
6683
6667
6929
6950
6907
6933
6751
6617
6587
6610
6585
6589
6607
6859
6790
6965
6800
6944
6863
7011
6748
6803
6910
6914
6999
7267
7158
7280
7100
7072
6956
6852
7089
7083
7301
7239
7274
7279
7487
7498
7397
7388
7419
7480
7511
7447
7457
7392
7407
7224
7217
7368
7187
7207
7226
7261
7257
7263
7336
7243
7273
7635
7464
7519
7618
7657
7650
7732
7733
7868
7852
8031
8268
8204
8061
8145
8354
8556
8737
8639
8544
8495
8653
8465
8368
8258
8297
8363
8052
8088
8230
8385
8336
8413
8605
8535
8382
8256
8339
8069
8038
7834
7763
7726
7743
7693
7913
7887
8173
7974
8108
8214
8027
7972
7891
7701
7719
7682
7627
7469
7541
7513
7490
7525
7604
7593
7767
7623
7563
7649
7644
7663
7628
7365
7583
7330
7334
7607
7808
7765
7793
7771
7732
7782
7715
7744
7826
7533
7676
7582
7706
7532
7332
7385
7350
7392
7625
7412
7432
7190
7218
7196
7191
7218
6925
6865
6726
6747
6730
6712
6665
6751
6634
6776
6698
6426
6313
6417
6259
6241
5992
6081
5970
6005
5951
5974
6027
6075
6163
6124
6260
6172
6196
6188
6392
6295
6223
6170
6062
5796
5789
5814
5993
5944
5965
5910
5947
5918
6004
6008
5843
5866
5790
5877
5767
5825
5790
5627
5646
5556
5587
5574
5556
5537
5468
5515
5488
5580
5713
5592
5533
5461
5421
5435
5415
5336
5217
5162
5152
5459
5359
5420
5262
5321
5434
5503
5413
5548
5562
5431
5482
5598
5556
5461
5487
5552
5663
5460
5460
5425
5339
5293
5212
5159
5376
5464
5656
5731
5654
5589
5639
5586
5522
5630
5626
5431
5506
5526
5588
5511
5512
5711
5677
5812
5582
5525
5536
5442
5242
5160
5113
5081
5000
5226
5022
5083
5065
5035
5104
5061
5080
5057
5030
4973
5062
4808
4899
4844
4677
4695
4662
4464
4585
4550
4664
4723
4606
4466
4372
4377
4462
4390
4428
4436
4444
4523
4510
4421
4394
4394
4319
4197
4289
4210
4230
4120
3978
4069
4095
4112
4242
4307
4413
4149
4085
4071
4021
3937
3944
3905
3884
3861
3965
4076
4177
4176
4280
4384
4379
4273
4541
4535
4540
4580
4653
4703
4774
4825
4758
4850
4677
4687
4577
4695
4347
4372
4583
4653
4771
4851
4806
4661
4573
4846
4837
4867
4988
4927
5047
5052
5000
4920
4942
5048
5256
5319
5505
5571
5427
5555
5540
5627
5641
5674
5740
5725
5509
5451
5431
5247
5063
5182
5330
5238
5282
5236
5294
5232
5150
5022
5135
5202
5145
4983
4845
4787
4949
4904
4935
4997
4968
4955
5062
5274
5304
5475
5579
5677
5569
5499
5520
5785
5889
5913
5959
5827
5800
5719
5539
5844
5997
6026
6110
6048
6123
6079
6007
5789
5882
5952
5770
5799
5828
5732
5759
5743
5694
5461
5497
5481
5436
5458
5431
5348
5289
5178
5217
5253
5319
5439
5489
5590
5603
5554
5641
5765
5922
5829
5913
5777
5797
5856
5868
5963
6100
6132
6182
6000
6075
5943
5899
5990
5757
5538
5508
5352
5271
5434
5538
5439
5498
5540
5576
5533
5697
5677
5640
5691
5530
5594
5665
5685
5678
5722
5817
5965
5849
5821
5648
5696
5777
5629
5478
5642
5955
6113
5954
6076
5942
5709
5848
5800
5786
5766
5896
5619
5637
5556
5714
5585
5579
5638
5525
5385
5304
5230
5231
5136
4993
4845
4957
4983
5084
5127
5096
5243
5150
5121
5062
5171
5120
5114
5019
4980
4956
4808
4779
4739
4554
4709
4707
4516
4491
4475
4332
4423
4426
4389
4444
4487
4579
4644
4608
4701
4917
5003
4968
5053
4853
4782
4859
5020
5003
4994
4961
4834
4909
5008
4970
5025
5257
5191
5131
5215
5259
5327
5457
5242
5331
5272
5261
5141
5049
5045
5076
5037
5055
5128
5127
4993
4893
4889
4880
4731
4738
4791
4896
4836
4838
5005
4840
5030
5080
5200
5015
5007
4866
4751
4672
4546
4507
4467
4439
4384
4397
4340
4342
4354
3981
4087
4141
4163
4146
4259
4305
4346
4380
4487
4587
4571
4740
4975
4993
5035
5078
5052
5070
5217
5057
5018
4932
4939
4915
4818
4965
4914
4940
5033
4943
4935
4925
5026
5128
5057
5182
5122
5217
5205
5189
5174
5238
5244
5175
5217
5447
5526
5508
5454
5621
5645
5411
5408
5335
5278
5246
5497
5560
5631
5559
5569
5712
5783
5789
5710
5840
5742
5880
5745
5851
5751
5778
5496
5682
5664
5687
5667
5688
5778
5690
5863
5919
5862
5993
5963
5831
5705
5770
5772
5703
5486
5471
5433
5583
5616
5668
5736
5661
5546
5460
5454
5501
5437
5518
5462
5333
5470
5451
5494
5614
5699
5637
5593
5659
5491
5317
5383
5292
5223
5247
5266
5309
5399
5413
5302
5348
5364
5257
5115
4956
4976
4768
4662
4607
4522
4540
4576
4606
4723
4767
4869
4903
4781
4838
4704
4775
4846
4964
4859
4849
4921
4906
4943
4804
4798
5002
5039
5153
5104
4989
4878
4920
4921
4994
4790
4823
4647
4565
4579
4606
4522
4524
4561
4659
4677
4569
4615
4789
5012
4969
4991
4928
4840
4717
4609
4589
4573
4763
4883
5010
5070
5019
4952
4908
4887
4769
4755
4878
4913
4982
4952
4964
4974
5096
5373
5414
5599
5477
5336
5390
5425
5400
5450
5206
5283
5304
5414
5249
5228
5094
5185
5281
5229
5266
5313
5282
5132
5236
5170
5189
5258
5226
5411
5296
5339
5368
5607
5712
5730
5752
5756
5913
6215
6068
5890
5858
5799
5820
5857
5903
5904
5835
5947
5966
6036
5890
5815
5663
5535
5575
5597
5794
5651
5623
5519
5652
5699
5650
5643
5567
5481
5557
5462
5426
5498
5468
5268
5382
5338
5431
5500
5268
5359
5442
5397
5608
5571
5474
5397
5544
5499
5397
5496
5462
5546
5705
5494
5437
5512
5615
5493
5427
5152
5256
5330
5357
5477
5544
5598
5538
5640
5541
5523
5479
5363
5413
5485
5418
5598
5591
5589
5576
5545
5616
5598
5661
5635
5713
5647
5673
5622
5527
5466
5577
5620
5534
5463
5487
5384
5551
5606
5556
5309
5454
5240
5259
5303
5286
5337
5130
5166
4982
4884
5041
5015
5142
4987
5031
5117
5019
5075
4957
4856
4856
4868
4942
4753
4624
4575
4622
4686
4649
4620
4568
4543
4455
4439
4361
4303
4408
4377
4493
4434
4420
4498
4485
4400
4428
4596
4658
4839
4806
4783
4868
4977
4828
4753
4857
4750
4695
4791
4945
4854
4668
4810
4903
4907
4996
5015
4837
4735
4783
4747
4716
4680
4700
4648
4604
4684
4770
4541
4600
4738
4762
4868
4787
4746
4945
4967
5013
5037
5014
5034
5054
4967
4889
4681
4607
4504
4509
4485
4393
4296
4276
4270
4360
4264
4208
4211
4176
4212
4140
4266
4351
4384
4376
4373
4460
4412
4403
4390
4333
4344
4317
4216
4238
4188
4135
4198
4237
4290
4349
4456
4412
4547
4483
4553
4511
4394
4364
4255
4180
4223
4156
4037
3898
3887
3885
3870
3730
3607
3747
3712
3719
3823
3699
3738
3702
3793
3923
3915
3874
3763
3864
3890
3868
4037
4078
4241
4187
4152
4125
4168
4294
4299
4444
4660
4767
4871
5016
5054
4988
5105
5063
5069
5028
5109
4964
4896
5086
5162
5155
5088
5193
5332
5440
5512
5561
5695
5618
5662
5539
5484
5348
5211
5151
5181
5216
5120
5186
5266
5414
5440
5566
5510
5377
5368
5300
5562
5543
5440
5359
5213
5224
5128
5037
5030
4950
5102
5368
5506
5600
5557
5569
5342
5275
5203
5061
5003
4934
4840
4909
4759
4952
4752
4812
4812
4901
4906
4974
4958
4944
4968
5022
5014
4886
5030
4894
4733
4719
4655
4707
4568
4495
4494
4542
4685
4687
4708
4783
4721
4817
4950
5137
5029
5151
5120
5016
5032
4992
4967
4954
4891
5031
4969
4994
5019
5040
4952
5187
5149
5338
5241
5193
5255
5227
5306
5282
5314
5350
5244
5133
5111
5154
5242
5244
5270
5294
5386
5467
5601
5519
5528
5536
5585
5483
5286
5353
5524
5551
5520
5647
5504
5274
5281
5194
5174
5146
5082
5210
5172
5366
5396
5302
5436
5575
5501
5513
5483
5565
5706
5647
5659
5606
5503
5516
5493
5523
5362
5302
5278
5304
5419
5470
5426
5198
5054
5118
5200
5305
5338
5118
4914
4915
4975
4964
5028
4977
4912
4838
4870
4907
4792
4809
4786
4633
4610
4662
4484
4306
4331
4233
4363
4166
4230
4040
4080
4114
4289
4141
4108
4126
4101
4030
3933
3960
4064
4214
4368
4583
4432
4429
4508
4490
4519
4467
4209
4272
4405
4450
4500
4545
4439
4442
4444
4450
4461
4349
4451
4494
4407
4319
4364
4321
4405
4290
4285
4159
4233
4390
4427
4264
4214
4202
4227
4292
4379
4633
4501
4479
4487
4605
4656
4771
4747
4831
5000
5049
5038
4969
4837
4982
4819
5066
5129
5295
5561
5477
5480
5687
5696
5733
5769
5738
5805
5724
5743
5705
5688
5578
5715
5661
5782
5749
5580
5468
5457
5270
5276
5240
5107
5025
5038
5192
5160
5230
5164
5174
5171
5213
5294
5296
5455
5542
5411
5413
5629
5504
5361
5412
5572
5522
5463
5553
5518
5430
5385
5322
5178
5166
5052
5171
5238
5281
5237
5279
5252
5198
5309
5393
5452
5602
5418
5330
5359
5550
5613
5657
5668
5623
5588
5696
5796
5791
5908
6046
5989
5989
5881
5937
6104
6216
6390
6439
6500
6538
6669
6534
6662
6696
6701
6607
6560
6426
6527
6395
6536
6412
6390
6382
6256
6259
6247
6281
6264
6381
6405
6370
6405
6659
6562
6583
6492
6647
6700
6668
6816
6684
6594
6327
6243
6171
6165
6091
6129
6177
6240
6267
6270
6107
6076
6047
6111
6222
6461
6633
6468
6682
6582
6695
6676
6922
6944
6830
6759
6652
6643
6837
6871
6846
6734
6664
6474
6598
6493
6404
6525
6409
6253
6388
6514
6600
6466
6460
6655
6542
6430
6382
6343
6453
6515
6368
6224
6246
6301
6416
6387
6330
6288
6223
6216
6374
6349
6217
6298
6452
6479
6399
6360
6390
6375
6287
6333
6401
6326
6349
6319
6167
6240
6188
6004
5951
6153
6090
6165
6134
6258
6343
6498
6513
6357
6384
6497
6349
6358
6260
6205
6110
6211
6325
6420
6411
6442
6574
6711
6628
6567
6597
6772
6705
6672
6567
6517
6538
6470
6464
6247
6210
6243
6269
6363
6225
6116
6104
6120
6187
6122
6108
6060
6019
6056
6161
6256
6297
6165
6116
5967
5963
5841
5912
6113
6169
6205
6124
6032
6092
6085
5969
6123
6249
6279
6306
6274
6119
6325
6376
6510
6582
6542
6454
6354
6434
6320
6504
6618
6597
6476
6359
6481
6514
6617
6708
6731
6744
6692
6643
6609
6663
6669
6648
6544
6471
6360
6478
6689
6556
6439
6517
6592
6702
6697
6730
6824
7008
7085
6996
6887
6859
6794
6890
6952
6772
6868
6911
7106
7004
6975
6865
6896
6823
6880
6818
6859
6895
6676
6642
6721
6600
6692
6594
6497
6435
6445
6290
6185
6335
6297
6084
6071
6195
6194
6132
6164
5848
5705
5635
5566
5619
5464
5363
5407
5519
5724
5719
5718
5665
5610
5487
5631
5794
5941
6071
6089
6030
6187
6144
6004
6054
5934
5992
6159
6316
6437
6285
6214
6290
6372
6242
6114
5884
5805
5942
5916
5792
5765
5815
5934
5868
5972
6010
6040
5797
5719
5789
5908
5991
6021
5982
5946
5895
5924
5903
5808
5783
5691
5716
5705
5714
5852
5962
5985
6170
6364
6219
6179
6209
6264
6402
6281
6194
6114
6173
6074
5976
5967
6126
6028
6048
5962
5722
5900
5758
5776
5713
5661
5492
5615
5522
5402
5453
5515
5607
5734
5847
5780
5860
5786
5727
5620
5809
5939
5940
5983
6023
5937
