1005000
267825
173606
128782
102384
83978
72109
62924
55709
49897
45496
42011
38340
35090
32793
31023
29447
27865
26366
25069
23548
22369
21158
20249
19712
18421
17609
16655
16041
15802
14900
14393
13900
13488
13057
12825
12566
12095
11761
11535
11267
10918
10616
10700
10384
9933
9584
9060
8958
8792
8534
8252
8192
7862
7708
7356
7364
7163
7137
7105
7030
6985
6899
6866
6756
6638
6426
6361
6343
6150
6174
5999
6070
6137
5888
5982
6049
6049
6021
6032
6053
6021
6056
6019
6146
6079
6040
5943
5753
5853
5996
5891
5879
5981
5819
5666
5655
5638
5685
5574
5427
5504
5700
5511
5499
5576
5447
5370
5588
5435
5371
5372
5220
5016
4922
4926
4809
4558
4717
4549
4386
4324
4309
4314
4369
4510
4499
4635
4720
4741
4532
4598
4532
4463
4605
4629
4574
4477
4505
4433
4477
4533
4587
4774
4796
4840
4801
4904
4808
4705
4649
4703
4661
4541
4573
4650
4558
4373
4402
4331
4275
4306
4322
4232
4330
4247
4241
4120
4047
4111
4200
4230
4288
4292
4139
4176
4219
4247
4127
4101
4205
4310
4280
4249
4176
4211
4310
4296
4385
4320
4395
4434
4453
4452
4404
4534
4709
4794
4845
4710
4674
4516
4545
4623
4544
4493
4286
4313
4316
4394
4543
4292
4073
3972
3980
4033
4013
4020
4022
3936
3916
3783
3803
3751
3821
3888
3895
3848
3844
3942
3850
4003
3909
3810
3831
3886
3859
3853
3787
3838
3799
3737
3861
3800
3805
3699
3774
3716
3809
3932
3859
3900
3926
4004
4126
4175
4247
4235
4207
4387
4293
4181
4207
4268
4402
4296
4264
4258
4225
4494
4494
4559
4615
4626
4689
4744
4816
4868
4758
4815
4654
4542
4645
4609
4550
4551
4661
4726
4808
4881
4967
4981
5023
5083
5190
5371
5361
5281
5128
5029
5070
5028
4943
5006
5140
5099
5119
5198
5070
5128
5068
5138
5240
5281
5291
5464
5618
5425
5180
5232
5258
5355
5226
5438
5318
5331
5313
5180
5303
5396
5491
5552
5573
5518
5641
5552
5646
5517
5462
5464
5467
5487
5652
5716
5711
5838
5833
5852
5926
5815
5807
5941
5627
5425
5465
5453
5304
5302
5155
5093
5287
5330
5209
5140
5098
5020
4997
4990
5241
5116
5096
5100
5040
5129
5157
5423
5415
5468
5691
5443
5381
5357
5267
5329
5336
5153
5214
5369
5429
5485
5481
5579
5789
5609
5475
5577
5657
5693
5622
5621
5649
5758
5677
5591
5298
5243
5143
5199
5143
5217
5329
5527
5495
5570
5548
5606
5564
5485
5630
5552
5511
5502
5320
5228
5094
5129
5024
4930
5098
4996
5049
5007
5003
4838
4846
4884
4956
4963
4776
4825
4991
5125
5250
5207
5049
5081
4990
4912
4821
4713
4724
4797
4884
4973
4975
5035
5098
5248
5288
5214
5218
5279
5270
5245
5167
5148
5120
5071
5300
5214
5357
5177
5143
5126
5237
5084
5202
5056
5137
5222
5126
5146
5266
5166
4995
5049
4996
5059
5262
5095
5097
5162
5140
5164
5322
5353
5300
5263
5237
5180
5087
4960
4980
5003
4954
4921
4989
5128
5274
5188
5080
4920
5053
4905
5002
5132
5266
5177
5144
5096
5093
5176
5151
5203
5203
5163
5307
5301
5300
5212
5353
5278
5157
5259
5368
5236
5377
5506
5513
5536
5482
5453
5470
5469
5584
5533
5664
5658
5678
5819
5900
5980
6084
6027
6035
5934
5896
5976
5900
5929
5897
5880
5872
6015
5926
5922
5890
5869
5976
6002
6153
6192
6366
6374
6424
6361
6333
6399
6258
6238
6079
6152
6173
5961
5841
5817
5778
5895
6031
6137
6134
6140
6121
6093
6150
6119
5935
6005
5965
5915
5917
5877
5970
5955
6017
5824
5845
5869
5650
5757
5681
5698
5778
5973
6072
6129
6036
5910
5940
5949
5921
5992
6108
6004
5930
5979
6146
6149
6344
6406
6147
5955
5833
5693
5591
5616
5537
5586
5578
5592
5652
5551
5688
5655
5646
5658
5685
5707
5724
5695
5933
6030
6131
6103
6154
6064
5976
5875
5789
5792
5769
5608
5696
5798
5874
5791
5799
5749
5732
5724
5730
5805
5790
5739
5697
5610
5618
5498
5610
5496
5698
5700
5728
5737
5775
5808
5983
6043
6035
6028
6181
6366
6380
6403
6433
6319
6329
6174
6180
6165
6092
6199
6115
6162
6206
6244
6234
6355
6350
6272
6330
6346
6403
6429
6459
6465
6551
6664
6641
6503
6481
6518
6604
6818
6858
7168
7224
7177
7260
7206
6968
6937
6975
6771
6765
6886
6769
6675
6901
6775
6622
6809
6713
6483
6705
6605
6593
6606
6604
6710
6770
6801
6805
6760
6744
6693
6949
6721
6773
6699
6520
6598
6559
6461
6471
6478
6407
6563
6493
6664
6674
6753
6724
6970
6998
7085
7076
6879
6862
6964
7064
7000
7045
7087
7274
7211
7088
7081
7241
7048
7137
7036
7093
7074
7014
6917
6910
7079
7121
7310
7371
7249
6930
6830
6773
6708
6622
6664
6589
6796
6827
6874
6878
6956
6896
6886
6646
6790
6866
6829
6822
6920
6702
6771
6692
6803
6913
6759
6839
6740
6668
6614
6711
6665
6800
6979
7024
7017
6963
6935
6862
6708
6522
6630
6724
6648
6608
6726
6739
6836
6594
6909
7102
7060
6949
6865
6752
6797
6861
6764
6831
6784
6703
6572
6809
6922
6644
6489
6609
6750
6718
6440
6468
6417
6492
6419
6408
6364
6324
6159
6141
6095
6227
6247
6157
6055
6032
6105
6098
6055
5944
5799
5764
5781
6089
6434
6438
6327
6307
6364
6397
6412
6470
6413
6368
6222
6045
5990
6003
6077
6116
6164
6173
6157
6294
6338
6264
6253
6069
5973
6120
6061
6031
6150
6391
6298
6347
6555
6429
6225
6084
5791
5901
5856
5847
5845
5791
5746
5826
5656
5617
5753
5624
5763
5959
5773
5717
5722
5750
5709
5797
5944
6038
5862
5910
5732
5755
5742
5699
5571
5579
5495
5384
5377
5238
5276
5223
5218
5342
5279
5454
5405
5541
5399
5468
5367
5361
5431
5376
5312
5201
5183
5121
5115
5211
5337
5462
5434
5309
5399
5293
5141
5111
5113
5113
5052
5042
5129
5119
5087
4951
4819
4904
4919
4933
5140
5035
4992
5018
5127
4943
4886
4869
4876
4986
5068
4950
5111
5167
5272
5187
5105
4917
5023
5026
5308
5323
5348
5305
5443
5485
5514
5492
5758
5726
5805
5829
5896
5852
5990
6029
6077
5757
5636
5547
5487
5522
5655
5451
5552
5533
5322
5367
5469
5410
5438
5443
5447
5514
5392
5478
5533
5629
5762
5645
5707
5715
5565
5741
5695
5732
5689
5816
5937
5822
6011
5831
6033
6002
5904
5913
5953
5935
6002
6009
6037
6202
6216
6075
6112
6075
6061
6016
6105
6228
6351
6433
6615
6574
6613
6507
6752
6858
6832
6778
6723
6947
6839
7035
7138
7103
6866
6873
6759
6802
6767
6560
6513
6495
6580
6688
6683
6690
6676
6714
6448
6177
6301
6443
6507
6450
6391
6453
6337
6311
6257
6290
6375
6519
6434
6486
6268
6288
6408
6340
6525
6426
6285
6356
6233
6389
6445
6404
6156
6254
6372
6181
6241
6203
6073
5989
6143
6409
6385
6253
6068
6068
6035
5897
5827
5704
5682
5598
5595
5532
5501
5476
5327
5352
5287
5280
5203
5227
5147
5263
5400
5293
5173
5080
5007
5115
5093
5240
5319
5398
5320
5248
5056
4999
5054
5047
4944
5035
5013
5332
5180
5181
5124
5101
4937
5083
5144
5164
5072
4999
5037
5107
5133
5048
5128
5124
4985
4982
5050
5157
5105
5108
5039
5037
4906
5024
4892
4801
4929
4935
5044
5136
5102
5071
4885
4792
4772
4624
4572
4508
4411
4363
4557
4753
4902
5021
5044
5058
4952
4954
4914
4732
4692
4697
4662
4588
4571
4565
4633
4748
4681
4931
4904
4848
4822
4951
4880
4713
4590
4724
4682
4500
4506
4696
4644
4647
4592
4719
4768
4863
4990
5014
5204
5228
5239
5205
5192
5187
5201
5233
5375
5363
5396
5479
5246
5295
5189
5172
5044
5075
5196
5134
5119
5106
5114
5128
5185
5091
5279
5323
5329
5219
5010
5009
5003
4836
5004
5061
4961
4859
4935
4898
4889
4723
4790
4882
4761
4664
4703
4740
4643
4609
4466
4430
4366
4473
4521
4498
4670
4849
4972
5087
5023
5142
5111
4953
4976
4975
4829
4961
4865
4864
4877
5014
5067
5090
5098
4885
4913
4968
4924
4894
4965
4983
4981
5045
5237
5305
5361
5288
5300
5282
5355
5409
5192
5150
5134
4945
5088
4975
4938
4923
4792
4873
4718
4656
4733
4762
4751
4737
4952
4895
4820
4988
5098
4957
4856
4997
5020
5145
5302
5221
5051
5270
5192
5268
5010
5024
5008
5207
5301
5189
5208
5139
5254
5222
5203
5273
5316
5370
5322
5286
5261
5335
5340
5461
5384
5499
5682
5692
5636
5654
5668
5687
5709
5879
5730
5791
5884
5890
5953
5940
5920
6033
6078
6121
6117
6228
6211
6349
6395
6360
6456
6370
6413
6283
6392
6330
6175
6111
6234
6091
6229
6116
6107
6056
6217
6170
6167
6069
5978
5854
5842
5837
5897
5820
5764
5840
5867
5948
6029
6099
5977
6072
6251
6240
6052
6152
6093
6063
6118
6136
6128
6238
6139
5939
5904
6071
6004
6066
6104
6198
6170
6406
6400
6330
6330
6210
6206
5958
6042
6073
6226
6142
6065
6130
6190
6340
6290
6237
6252
6136
6162
6149
6227
6218
6218
6262
6348
6374
6099
6035
6027
6000
5980
6023
6018
6159
6168
6240
6286
6228
6259
6131
6032
5880
5870
6031
5955
5995
6077
5968
5781
5756
5814
5900
5973
5921
5752
5816
5815
5794
5774
5762
5763
5914
5708
5641
5558
5617
5584
5851
5846
5659
5622
5675
5625
5621
5755
5662
5647
5716
5722
5812
5777
5804
5723
5678
5843
5844
5725
5682
5665
5648
5809
5858
5937
5706
5653
5706
5876
5845
5744
5834
5946
5740
5730
5670
5601
5651
5644
5699
5571
5622
5728
5731
5832
5862
5793
6008
6156
6107
6147
6247
6307
6296
6228
5896
5799
5811
5928
5801
5835
5920
5986
5881
5838
5947
5861
6098
6253
6270
6471
6498
6561
6760
6742
6824
6954
6977
6835
6720
6850
6997
6993
6916
6819
6878
6982
6993
6978
6993
6792
6825
6724
6702
6942
6862
6821
6666
6716
6811
6758
6754
6736
6833
6900
6939
6814
6874
6880
6888
6944
6733
6793
6622
6699
6683
6594
6723
6646
6584
6692
6779
6737
6709
6705
6751
6820
6706
6683
6686
6747
6831
6670
6840
6737
6607
6733
6651
6616
6499
6693
6853
6824
6717
6604
6653
6589
6601
6575
6640
6723
6367
6243
6138
6109
6011
5943
5868
5998
5927
5804
5773
5639
5644
5716
5761
5793
5835
5870
5967
5890
5937
5880
5930
5848
5801
5652
5659
5657
5704
5734
5713
5731
5815
5711
5725
5565
5563
5512
5614
5823
5676
5495
5449
5482
5454
5302
5259
5385
5294
5204
5173
5293
5199
5254
5096
5068
5077
5000
4949
5021
4891
4868
4973
5047
5050
5045
4932
4962
4869
4957
4903
4862
4802
4881
4921
5036
5130
5167
5238
5139
5059
5068
5187
5162
5291
5302
5296
5314
5229
5188
5132
5137
5205
5197
5102
5221
5473
5363
5281
5344
5313
5410
5269
5182
5094
5202
5239
5145
5024
4947
4933
4914
4873
5093
4994
5053
4960
4967
4997
5133
5195
5290
5194
5185
5062
5049
5012
5032
5026
5009
4919
4849
4776
4847
4827
4805
4955
4915
4815
4958
4980
5166
5103
5004
4968
4816
4914
4861
4920
4907
4811
4726
4766
4684
4847
4811
4796
4784
4761
4792
4758
4846
4830
4857
4764
4781
4976
5044
5021
5129
5167
5077
4906
4548
4587
4517
4660
4688
4731
4910
4738
4783
4706
4731
4666
4786
4804
4692
4912
4931
4986
4677
4768
4922
5092
5065
5051
5040
5198
5229
5319
5096
5112
5086
5279
5243
5303
5315
5315
5266
5266
5379
5328
5423
5515
5754
5725
5668
5521
5317
5212
5296
5287
5294
4969
5077
5024
4950
5046
5043
4990
4786
4950
4946
4965
5066
5102
4977
4977
4926
4950
4796
4718
4670
4596
4719
4738
4718
4821
4765
4669
4548
4365
4393
4477
4543
4495
4555
4502
4460
4513
4584
4769
4701
4811
4908
4897
4855
5027
5127
5000
5011
5046
4813
4793
4896
4780
4852
4794
4788
4810
4747
4846
4848
4949
5165
5183
5135
5147
4998
5057
4992
4910
4796
4972
5062
5186
5079
5245
5287
5266
5229
5308
5257
5285
5232
5359
5351
5311
5252
5166
4965
5008
4892
4805
4713
4563
4580
4625
4406
4461
4350
4400
4462
4586
4528
4487
4476
4540
4787
4568
4617
4721
4726
4659
4722
4535
4637
4798
4833
4893
4881
5110
4975
4899
4989
5017
5052
5089
5240
5174
5258
5265
5272
5232
5224
5193
5185
5107
5193
5261
5297
5305
5451
5447
5489
5458
5555
5545
5511
5737
5694
5691
5635
5698
5876
5926
5913
5882
5950
6043
5998
5932
5813
5862
5922
5980
6104
6086
6071
6094
5960
5913
6056
6161
5974
5911
5748
5873
5822
5832
5836
6071
6223
6263
6225
6321
6476
6615
6570
6630
6738
6875
6791
6841
6864
6958
7103
7233
7460
7442
7432
7646
7794
7645
7534
7395
7340
7465
7416
7446
7524
7536
7463
7270
7224
7390
7242
7336
7378
7384
7487
7360
7356
7345
7536
7314
7311
7419
7538
7433
7515
7593
7697
7822
7888
7955
8167
8246
8333
8263
8134
8033
7955
8044
7984
7919
7962
7882
7877
8067
7787
7864
7925
7919
8091
8242
8021
8111
8194
8313
8221
8317
8407
8343
8275
8306
8294
8389
8371
8221
8259
8343
8234
8186
8041
7890
7896
7846
7683
7544
7548
7542
7611
7655
7596
7537
7603
7394
7594
7470
7444
7251
7329
7374
7087
7175
7378
7248
7191
7080
7037
6920
6966
6922
6942
6838
6529
6584
6482
6498
6425
6336
6206
6104
6156
6078
6175
6285
6191
6403
6414
6356
6454
6576
6554
6566
6495
6356
6234
6204
6271
6230
6141
6133
6265
6174
6107
5883
5810
5874
5779
5809
5742
5772
5768
5689
5671
5546
5647
5686
5784
5867
6001
6024
5948
6087
6080
5891
5987
5932
5959
5976
5963
5825
5966
5975
6055
6168
6069
5995
5923
5892
6031
6003
6071
6017
6082
6215
6318
6249
6069
6024
5888
5783
5843
5973
5992
5886
5747
5750
5699
5719
5787
5738
5532
5312
5159
5296
5334
5258
5385
5389
5338
5324
5450
5294
5424
5402
5195
5125
4911
4842
4793
4911
5024
5154
5137
5003
5179
5057
5186
5250
5332
5383
5307
5417
5461
5428
5514
5535
5519
5568
5591
5828
5798
5747
5702
5658
5502
5465
5586
5590
5504
5533
5383
5370
5409
5380
5380
5470
5481
5672
5607
5592
5568
5551
5656
5788
5603
5495
5590
5564
5355
5277
5293
5143
5012
4804
4836
4663
4681
4710
4704
4764
4740
4752
4698
4557
4619
4532
4460
4443
4519
4657
4681
4776
4632
4563
4739
4837
4763
4776
4878
4896
4941
5036
4901
4930
4812
4761
4707
4920
4759
4800
4938
4813
4785
4818
4922
4927
4813
4807
4857
5016
5071
5003
4934
4951
4932
5143
5015
4801
4811
4838
4784
4655
4749
4690
4726
4811
4792
4845
4862
4687
4574
4473
4590
4540
4427
4298
4126
4089
4154
4276
4298
4275
4333
4274
4263
4261
4179
4273
4196
4427
4596
4533
4654
4761
4738
4803
4807
4841
4849
4838
4852
4768
4661
4690
4640
4826
4817
4656
4647
4489
4531
4404
4531
4428
4162
4290
4239
4260
4233
4277
4390
4336
4476
4526
4435
4262
4320
4359
4148
4107
4236
4497
4538
4461
4404
4325
4325
4276
4424
4484
4339
4162
4217
4102
4147
4167
4271
4303
4222
4145
4007
3945
3781
3735
3767
3820
3687
3820
3742
3616
3574
3636
3701
3611
3625
3657
3577
3670
3676
3781
3932
3976
4026
4026
4106
4238
4350
4301
4303
4358
4378
4320
4372
4370
4416
4416
4485
4452
4585
4575
4461
4601
4561
4607
4684
4654
4512
4459
4569
4623
4426
4408
4471
4360
4394
4431
4520
4534
4720
4675
4582
4652
4607
4541
4489
4408
4503
4719
4660
4749
4846
4979
4881
5032
5017
5043
5038
4983
5033
4949
4984
4885
4869
4882
4777
4719
4649
4540
4663
4647
4484
4614
4675
4761
4611
4676
4620
4524
4629
4622
4578
4531
4454
4478
4319
4515
4428
4447
4701
4629
4506
4439
4612
4636
4690
4671
4523
4400
4240
4332
4172
4083
4239
4226
4246
4177
4163
4239
4210
4187
4369
4471
4538
4473
4467
4615
4660
4631
4753
4634
4614
4633
4673
4661
4644
4523
4476
4562
4621
4746
4583
4430
4302
4212
4279
4343
4362
4318
4264
4313
4301
4394
4423
4520
4634
4560
4500
4541
4478
4607
4645
4671
4717
4567
4564
4676
4559
4417
4416
4377
4380
4261
4323
4496
4597
4585
4598
4785
4884
4735
4632
4715
4844
4697
4901
4854
4967
4904
4985
4942
4861
4883
4802
4979
4885
5039
5096
4967
4845
4830
4861
4736
4826
4693
4659
4726
4725
4902
4833
4865
4934
5009
5078
4948
4864
4753
4811
4788
4904
5014
5000
4810
4837
4918
4961
4937
5038
5062
5052
5261
5315
5326
5348
5385
5458
5614
5573
5615
5555
5481
5263
5312
5273
5274
5336
5367
5528
5498
5673
5645
5598
5547
5601
5764
5646
5682
5702
5627
5680
5650
5660
5410
5449
5411
5200
5114
5087
5045
5019
5259
5190
5223
5378
5249
5275
5257
5187
5026
4898
4959
4835
4754
4734
4867
4693
4795
4865
4857
4673
4786
4877
4943
5047
5097
5124
5113
5187
5178
5117
5077
5059
5131
5177
4974
5042
5058
5200
5169
5165
5233
5130
5073
5151
5182
5326
5467
5378
5436
5482
5476
5414
5281
5370
5324
5337
5353
5377
5331
4964
5058
5195
5264
5354
5434
5502
5557
5550
5404
5397
5311
5422
5375
5398
5272
5259
5352
5235
5239
5149
5116
5086
5139
5468
5593
5571
5640
5674
5778
5874
5803
5850
5870
5679
5530
5474
5492
5551
5411
5307
5121
5087
5084
4977
5107
5155
4982
5073
5128
5007
5094
5064
5027
5040
4934
4700
4587
4735
4748
4802
4707
4753
4647
4645
4720
4631
4635
4570
4462
4303
4311
4279
4292
4353
4395
4284
4195
4280
4389
4364
4234
4277
4251
4203
4050
4108
4018
3888
3928
4042
4131
4276
4202
4247
4194
4200
4203
4212
4187
4195
4353
4274
4413
4387
4382
4394
4593
4460
4551
4644
4686
4773
4781
4656
4707
4914
4945
5160
5245
5306
5435
5345
5341
5191
5225
5452
5605
5764
5853
6001
6091
6338
6319
6388
6301
6175
6172
6062
6043
6052
6177
6189
6042
6071
6066
5881
5815
5953
6003
5874
5833
5966
5824
5862
5844
5980
5931
5886
5645
5428
5347
5483
5672
5644
5859
5769
5719
5603
5640
5706
5571
5503
5640
5738
5814
5703
5711
5798
5645
5593
5570
5729
5760
5654
5742
5754
5861
5758
5827
5907
5887
5744
5753
5951
5798
5756
5602
5516
5588
5761
5958
6168
6241
6134
6424
6354
6545
6601
6615
6413
6450
6468
6383
6422
6541
6606
6662
6705
7096
7054
6925
6971
6953
7083
6785
7029
7164
7200
7011
6989
6899
6811
6715
6671
6603
6669
6886
6892
6770
6673
6705
6785
6623
6540
6527
6436
6411
6185
6070
6248
6304
6502
6474
6469
6383
6337
6249
6295
6132
6002
6076
6063
5998
6033
6242
6294
6330
6217
6393
6169
5912
5891
5840
5796
5930
6081
6237
6257
6231
6389
6468
6441
6202
6131
6193
6267
6243
6181
6251
6206
6155
6302
6285
6235
6248
6286
6431
6562
6803
6798
6568
6726
6675
6568
6793
6753
6643
6654
6658
6689
6560
6631
6706
6775
6584
6668
6751
6661
6633
6726
6661
6669
6742
6654
6414
6286
6364
6436
6540
6492
6561
6608
6624
6523
6401
6410
6295
6265
6298
6293
6310
6186
6218
6147
6208
6144
6109
6029
5870
5892
5971
6107
6141
5778
5824
5719
5684
5687
5657
5687
5566
5376
5279
5165
5270
5180
5243
5122
4969
4888
4938
5106
5175
5098
5128
5185
5264
5157
5140
4979
4980
4990
4945
4688
4752
4762
4625
4601
4556
4660
4708
4657
4523
4413
4487
4417
4529
4624
4833
4796
4820
5043
5113
4963
4723
4583
4741
4648
4681
4673
4700
4627
4690
4761
4764
4692
4667
4780
4702
4749
4860
4863
4894
4868
4886
4920
4941
4897
4997
4934
4843
4816
4632
4709
4718
4639
4574
4568
4498
4492
4327
4252
4091
4090
4066
4185
4276
4399
4491
4388
4339
4297
4286
4095
4257
4265
4216
4337
4322
4400
4340
4421
4477
4607
4680
4641
4753
4907
4966
5074
5070
5184
5158
5130
5206
5030
5169
5023
4736
4886
4793
4731
4693
4707
4727
4686
4782
4880
4830
4789
4839
4726
4707
4724
4674
4758
4634
4742
4758
4864
4839
4791
4741
4562
4592
4690
4704
4765
4968
5116
4946
4920
5007
5089
5153
5233
5103
5209
5066
5098
5196
5164
5087
5210
5307
5624
5830
5899
5839
5933
6005
6040
5976
5977
6098
6121
6165
6142
6081
6080
6021
5994
6090
6209
6456
6352
6377
6322
6270
6111
6087
6047
6048
6037
6237
6257
6288
6227
6129
6045
6009
5934
5750
5798
5789
5785
5644
5746
5829
6125
6048
5947
5991
5935
5879
6003
6137
5982
5857
5781
5642
5648
5500
5443
5483
5735
5838
5953
5955
5961
6002
5831
5732
5655
5726
5745
5720
5738
5656
5679
5713
5620
5634
5752
5604
5454
5447
5586
5576
5518
5365
5297
5185
5145
5008
5125
5119
5109
5088
5141
5136
5260
5284
5323
5307
5232
5321
5337
5333
5485
5374
5239
5200
5151
5084
5042
5007
4931
4990
4764
4707
4730
4690
4755
4757
4673
4775
4804
4776
4758
4872
4750
4698
4679
4674
4614
4624
4663
4814
4708
4691
4736
4846
4867
4904
4887
4901
4960
5141
5110
5257
5120
5048
5153
5152
5174
5232
5093
5157
5292
5188
5267
5060
5075
5120
5133
5204
5190
5228
5245
5241
5235
5362
5204
5245
5226
5133
5187
5224
5370
5374
5423
5519
5605
5493
5410
5231
5253
5284
5369
5330
5404
5661
5693
5620
5451
5443
5258
5425
5628
5690
5784
5766
5588
5560
5478
5365
5470
5335
5448
5306
5211
5078
5003
5005
5043
5080
5115
5168
5159
4936
4796
4699
4733
4916
4902
4865
4891
4792
4693
4551
4481
4579
4754
4818
4737
4677
4677
4689
4673
4688
4665
4648
4659
4618
4696
4675
4786
4870
4772
4753
4655
4719
4748
4622
4583
4544
4742
4934
5009
5027
4995
5045
4978
4859
5014
5025
5184
5150
5236
5424
5301
5129
5139
5256
5287
5249
5197
5317
5371
5384
5366
5282
5394
5292
5239
5034
5079
4897
4733
4683
4590
4681
4748
4845
4632
4669
4650
4743
4621
4689
4694
4729
4793
4929
4827
4811
4805
4791
4737
4859
4880
4854
4918
5075
5035
5036
5000
5160
5121
5206
5011
4929
4942
5082
4976
4826
4967
5123
5070
4961
5061
5108
5236
5173
5287
5518
5769
5728
5541
5441
5406
5390
5336
5619
5732
5790
5964
6007
5997
5876
5812
5713
5821
5791
5607
5708
5546
5607
5620
5556
5593
5740
5814
5727
5852
5745
5783
5856
5845
5941
5878
5986
5798
5680
5807
5817
5720
5729
5722
5671
5477
5200
5187
5265
5193
5275
5258
5267
5198
5247
5099
4907
4767
5024
4939
4653
4800
4612
4600
4693
4736
4736
4726
4636
4605
4846
4855
4926
4783
4898
4945
5026
5007
5012
4918
4918
4948
4844
4643
4705
4892
4893
4950
4894
4759
4646
4531
4666
4696
4816
4964
4989
5063
5074
5155
5162
5058
4973
5028
5022
4833
4827
4725
4763
4951
4856
4857
4896
5030
5276
5287
5273
5195
5207
5102
5045
5058
5008
5109
4990
4956
5012
5110
5068
5178
5265
5282
5321
5273
5272
5284
5311
5411
5419
5361
5389
5367
5419
5417
5278
5219
5109
4961
4836
4858
4872
4915
4908
5116
5120
5279
5246
5282
5416
5536
5613
5539
5775
5727
5829
5906
5854
5864
5797
5817
5689
5781
5843
5800
5850
5953
6065
6190
6067
6026
6088
6195
6260
6406
6367
6317
6443
6429
6342
6311
6487
6537
6604
6595
6777
6778
6779
6685
6699
6748
6726
6690
6471
6577
6509
6577
6903
6817
6981
7043
7043
7177
7132
7228
7112
6914
6832
6797
7085
7044
6992
6930
6872
6884
6736
6756
6653
6560
6423
6288
6319
6546
6394
6362
6346
6294
6347
6304
6302
6298
6247
6137
6017
5816
5785
5778
5769
5709
5535
5502
5438
5449
5478
5491
5639
5763
5597
5765
5781
5864
5755
5573
5667
5746
5771
5818
5806
5762
5882
5961
5953
5938
5739
5693
5789
5890
5882
5799
5833
5698
5788
5546
5699
5630
5808
5766
5747
5734
6050
5992
5985
6032
6014
6176
6196
6183
6157
6081
5859
6005
6031
5929
6062
6056
6012
5909
6063
6002
6005
6089
6166
6209
6373
6443
6413
6628
6510
6480
6551
6644
6546
6538
6575
6480
6403
6296
6298
6239
6341
6259
6084
6252
6302
6307
6226
6359
6189
6159
6132
6060
6103
6096
6157
6034
6054
6110
6049
5993
5948
5996
6061
6200
6011
6046
6049
6053
5956
6060
5914
5963
5925
6089
5994
5850
5669
5700
5761
5730
5930
5918
5888
5862
6034
6085
6048
5938
5973
5839
5877
5917
5945
5944
5950
6036
6048
5787
5839
5894
5981
5867
5933
5890
5987
6059
5905
5907
5856
5789
5905
5895
5825
5885
5924
5940
5955
6047
6132
6075
6278
6289
6402
6416
6358
6555
6474
6467
6554
6660
6553
6530
6573
6465
6430
6345
6356
6255
6184
6076
5954
6067
6198
6312
6100
6050
5979
5839
5644
5621
5654
5550
5528
5491
5485
5333
5410
5431
5343
5396
5455
5400
5365
5355
5412
5434
5378
5457
5339
5701
5739
5693
5626
5594
5664
5766
5673
5869
5861
5861
5852
5933
6006
5801
5765
5723
5821
5773
5798
5878
5884
5983
6029
6254
6191
6252
6087
6081
6111
6160
6257
6357
6160
6298
6367
6392
6258
6382
6458
6581
6514
6318
6373
6233
6202
6015
5996
5985
6088
6122
6128
6017
6147
6152
5919
5971
5859
5804
5683
5627
5581
5655
5716
5588
5605
5643
5565
5704
5739
5852
5881
5908
6154
6170
6063
5908
6195
6297
6367
6412
6447
6555
6660
6871
6904
6702
6685
6566
6914
6841
6677
6598
6524
6609
6668
6822
6880
6719
6945
6792
6725
6623
6547
6573
6673
6779
6733
6485
6419
6424
6395
6252
6400
6457
6549
6674
6477
6611
6683
6793
6761
6756
6772
6754
6713
6830
6968
6958
7027
7307
7269
7449
7357
7297
7362
7615
7629
7554
7604
7388
7360
7427
7434
7591
7589
7662
7685
7616
7797
7786
8074
8207
8177
8238
8287
8186
8117
8020
8148
8063
7934
7925
7753
7855
7961
7883
7894
7892
7916
7873
7767
8106
7989
8004
8200
8268
8259
8191
8125
8117
8278
8198
8181
8268
8097
7836
8132
8250
8139
8224
8199
8051
8110
8237
8289
8189
8193
8082
7958
7984
7891
7988
8045
7864
8079
7948
7812
7850
7826
7684
7659
7578
7585
7739
7613
7732
7785
7781
7730
7645
7805
7674
7505
7521
7482
7720
7770
7707
7643
7456
7510
7332
7194
7299
7079
7177
7276
7260
7211
7338
7320
7234
7138
7101
7141
7142
7233
7161
7370
7183
7247
7250
7115
7343
7216
7172
7065
6948
7059
6988
6807
6940
6727
6637
6971
7029
7074
6935
6710
6604
6569
6480
6395
6624
6530
6498
6666
6736
6723
6514
6486
6458
6479
6474
6491
6409
6406
6379
6276
6211
6258
6240
6077
6042
6068
5980
5979
5981
5739
5650
5796
5704
5774
5720
5765
5571
5533
5633
5640
5460
5273
5226
5002
5132
4992
5058
5062
4899
4842
4842
4788
4740
4657
4644
4605
4545
4299
4270
4284
4224
4176
4179
4145
4258
4302
4307
4511
4579
4635
4640
4722
4695
4927
4924
4898
5004
5054
5058
5130
5193
5119
5043
5192
5121
5054
5059
5159
5124
4947
5032
4868
4754
4912
4788
4802
4713
4741
4832
4805
4804
4838
4844
4972
5054
4951
5008
5131
5330
5463
5369
5460
5414
5439
5444
5425
5225
5204
5224
5214
5334
5216
5125
5280
5337
5351
5253
5247
5320
5167
5145
5121
5143
5365
5272
5268
5121
5038
4865
4801
4868
4876
4783
4828
4880
4873
5023
5087
5180
5169
5091
5226
5173
5262
5290
5265
5213
5222
5135
5222
5266
5436
5581
5607
5728
5871
5801
5888
5921
5901
5738
5688
5665
5599
5711
5693
5778
5789
5935
5949
6075
6184
6227
6061
6195
6213
6208
6440
6567
6530
6553
6525
6390
6393
6457
6338
6317
6309
6143
6155
6245
6320
6295
6359
6326
6184
5954
6087
6244
6319
6305
6119
6161
6157
6029
6139
6051
6152
6242
6136
6186
6178
6241
6331
6245
6302
6112
6196
6237
6374
6162
6252
6288
6249
6290
6419
6512
6655
6679
6754
6782
6741
6607
6735
6716
6501
6714
6712
6891
6696
6716
6809
6630
6544
6621
6715
6829
6831
6780
6880
6913
6898
6940
6911
6767
6778
6769
6829
6962
6796
6871
6907
6980
6891
7086
7123
7008
7187
7277
7163
7182
7307
7414
7575
7561
7743
7505
7696
7621
7703
7552
7695
7899
7887
8029
8002
7873
7909
7969
7980
7884
7845
7933
7868
7825
7809
7544
7449
7268
7237
7095
7106
7018
6936
7100
7088
7199
7238
7182
7214
7234
7063
7127
7378
7542
7310
7481
7352
7237
7199
7132
7198
7134
6914
6951
7011
7013
7079
7187
7270
7034
6977
6886
6909
6966
6788
6849
6689
6767
6699
6551
6473
6503
6540
6661
6420
6363
6303
6300
6391
6251
6391
6318
6309
6236
6422
6604
6546
6528
6488
6473
6424
6394
6410
6324
6218
6196
6177
6164
6172
5960
5970
6029
6172
6228
6081
5981
5958
5955
5912
5845
5799
5635
5622
5784
5466
5316
5219
5386
5384
5354
5014
4969
4910
4877
4945
5080
5107
5046
4893
4801
4587
4740
4898
4815
4987
5032
5130
5001
5071
5141
5161
5224
5250
5226
5325
5443
5524
5671
5620
5681
5729
5514
5662
5743
5647
5728
5836
5906
5634
5642
5626
5481
5499
5486
5308
5364
5385
5349
5269
5298
5377
5445
5590
5553
5645
5635
5718
5772
5872
6075
6012
5891
5938
6005
6221
6262
6123
6065
6094
6227
6356
6260
6194
6161
6202
6242
6199
6263
6187
6073
6033
6026
6076
6185
6180
6218
6308
6325
6461
6487
6419
6731
6721
6878
7078
7300
7193
7306
7594
7742
7953
7888
7851
7603
7713
7882
7692
7566
7427
7208
7252
7006
7193
7294
7410
