1005000
267770
174179
128931
102588
84839
72935
63613
56177
51068
45925
41513
37765
35033
32765
30469
28468
26375
24847
23530
22436
21337
20362
19520
18598
17889
17207
16594
15742
15195
14811
14295
13697
13162
12622
12704
12312
12334
12031
11680
11331
11119
11058
10963
10810
10481
10246
10099
9608
9239
9061
8606
8461
8223
8091
8030
8016
7903
7841
7751
7589
7577
7280
7199
6924
6615
6562
6520
6365
6231
6053
5999
5913
5825
5793
5667
5649
5386
5291
5299
5303
5438
5457
5308
5136
4989
5075
4814
4796
4715
4784
4644
4722
4573
4469
4571
4696
4637
4770
4606
4793
4786
4639
4504
4357
4315
4355
4461
4362
4275
4190
4078
4196
4152
4232
4017
4048
3924
3833
3724
3773
3773
3551
3611
3732
3704
3672
3673
3711
3591
3491
3448
3486
3472
3336
3262
3284
3222
3069
3172
3254
3178
3190
3206
3295
3379
3462
3474
3337
3344
3245
3313
3541
3467
3463
3480
3348
3366
3165
3122
3155
3109
2964
2974
3008
3157
3100
2926
2794
2811
2800
2800
2627
2481
2512
2365
2338
2430
2415
2277
2098
2130
2146
2173
2140
2214
2227
2122
2061
1989
2082
2097
2208
2188
2112
2065
2104
2200
2112
2162
2198
2238
2320
2279
2381
2337
2268
2250
2262
2170
2286
2305
2152
2247
2295
2256
2202
2178
2115
2179
2256
2271
2209
2229
2212
2192
2288
2220
2289
2199
2211
2111
2052
2061
1976
1879
1863
1894
1993
1972
1962
2013
2016
2032
2124
2154
2067
2050
2142
2092
2046
1980
1971
1989
1932
1927
1910
1929
1861
1917
2031
2151
2007
1933
1975
2103
2106
2100
2191
2181
2110
2109
2133
2127
2080
2043
2025
1969
2076
2092
2050
2001
2058
2057
2028
2097
2113
1900
1866
1869
1858
1833
1908
1892
1854
1863
2001
2094
2083
2128
2146
2057
2067
2061
2036
1920
1890
1912
1876
1881
1852
1828
1803
1707
1804
1804
1866
1828
1811
1784
1791
1872
1896
1890
1822
1941
1903
1943
1954
2040
2097
2186
2086
2014
2025
2038
2100
2034
2100
2029
2098
2127
2133
2131
2146
2072
2148
2199
2186
2163
2170
2119
2020
1987
2005
1935
2004
2086
2167
2138
2110
2147
2133
2127
2100
2166
2145
1953
2005
2001
2002
2110
2188
2241
2202
2151
2290
2296
2304
2314
2294
2402
2385
2331
2311
2314
2464
2401
2419
2385
2408
2413
2361
2383
2392
2407
2396
2377
2388
2511
2425
2586
2594
2641
2650
2588
2542
2489
2473
2632
2606
2703
2733
2770
2696
2744
2660
2703
2773
2808
2849
2893
2836
2817
2893
2891
2999
2996
3151
3241
3257
3157
3136
3226
3233
3241
3177
3258
3147
3276
3237
3093
3007
3022
2993
3151
3130
3183
3283
3260
3395
3495
3485
3493
3305
3342
3263
3163
3238
3330
3400
3484
3297
3221
3084
3142
3161
3001
3094
3005
3013
3037
2937
2917
2927
3016
3150
3304
3342
3304
3328
3277
3326
3500
3386
3308
3396
3443
3495
3379
3522
3426
3369
3391
3377
3372
3391
3424
3638
3763
3906
3874
3875
3794
3879
4003
4028
3912
3899
3879
3734
3835
3704
3642
3564
3652
3659
3660
3780
3689
3678
3586
3408
3439
3553
3591
3700
3777
3744
3627
3757
3877
3975
4103
4165
4140
4054
3977
3949
4042
4047
4090
4028
3980
3930
3897
3719
3704
3662
3540
3731
3787
3618
3646
3648
3511
3448
3454
3507
3519
3700
3666
3710
3587
3549
3534
3596
3742
3747
3816
3886
3822
3819
3791
3824
3890
3954
3916
3930
3832
3733
3795
3792
3807
3920
4046
4157
4145
4205
4139
4143
4159
4166
4439
4353
4445
4350
4255
4218
4204
4307
4363
4357
4410
4448
4566
4506
4441
4475
4578
4468
4411
4433
4472
4287
4328
4225
4034
3903
3880
3803
3713
3769
3900
3916
3890
3960
3927
3992
3909
3907
4028
3952
3940
4120
4268
4230
4187
4177
4137
4156
4052
4012
4118
4220
4301
4309
4269
4133
4130
3984
3965
4024
4074
4001
3994
4069
4211
4223
4217
4329
4308
4385
4397
4218
4140
4256
4188
4272
4327
4243
4344
4373
4324
4392
4391
4344
4224
4087
4170
4187
4222
4222
4352
4316
4367
4299
4291
4241
4246
4224
4185
4488
4538
4431
4471
4596
4661
4846
4813
4736
4803
4747
4804
4770
4891
4796
4940
4861
4930
4830
4762
4706
4730
4657
4689
4629
4753
4913
4970
4743
4726
4874
4814
4740
4675
4446
4321
4480
4472
4576
4666
4723
4661
4590
4606
4783
4747
4858
4928
4960
5193
5423
5344
5334
5417
5350
5178
5059
5102
5077
5002
5020
4941
4914
5013
5181
5157
5048
4957
5002
4890
5000
4952
4954
4955
4981
4897
4945
4987
4931
4939
4928
4918
4954
4739
4729
4685
4679
4768
4708
4718
4841
4838
4699
4648
4499
4596
4705
4945
4954
4854
4813
4690
4676
4631
4619
4582
4400
4268
4345
4439
4660
4584
4554
4615
4515
4510
4639
4661
4709
4548
4502
4537
4478
4480
4438
4487
4562
4473
4484
4296
4315
4223
4383
4456
4496
4620
4669
4597
4487
4419
4642
4537
4577
4509
4752
4917
5058
5106
5206
5182
5282
5227
5222
5081
5136
4973
4731
4745
4763
4844
4802
4787
4728
4837
4960
5039
5081
5042
5168
5150
5246
5394
5367
5465
5546
5500
5474
5488
5540
5499
5601
5523
5632
5808
5699
5639
5819
5832
5845
5910
6085
6147
6164
6051
6202
6138
6081
6043
6002
6033
6151
6204
6372
6383
6441
6615
6747
6697
6734
6761
6584
6566
6536
6604
6611
6551
6544
6681
6821
6619
6639
6466
6688
6574
6576
6676
6562
6625
6703
6530
6587
6526
6377
6448
6599
6612
6780
6999
7053
6845
6762
6790
6816
6696
6718
6384
6309
6282
6230
6072
6052
6214
6240
6194
6281
6269
6310
6155
5978
6031
6169
6474
6596
6680
6528
6404
6604
6752
6746
6666
6790
6745
6677
6531
6533
6392
6368
6488
6515
6650
6553
6539
6501
6447
6458
6481
6312
6290
6421
6411
6378
6370
6331
6201
6171
6400
6207
6357
6410
6415
6376
6428
6361
6234
6282
6402
6496
6430
6239
6154
6194
6135
6157
6093
6203
6038
5968
5817
5820
5626
5613
5585
5656
5710
5565
5521
5382
5485
5539
5421
5546
5439
5487
5473
5427
5595
5723
5742
5559
5595
5472
5450
5420
5333
5265
5187
5149
5219
5365
5542
5738
5728
5696
5658
5584
5561
5604
5694
5522
5688
5455
5542
5601
5599
5767
5686
5646
5582
5655
5655
5698
5676
5547
5572
5608
5432
5441
5391
5521
5391
5368
5403
5490
5450
5399
5548
5598
5611
5599
5568
5589
5699
5606
5571
5661
5626
5652
5757
5687
5721
5728
5857
5898
6051
6023
6053
6017
5897
6094
6017
6060
6033
5911
6125
6248
6227
6248
6312
6217
6258
6329
6343
6194
6095
6078
6273
6363
6497
6550
6621
6876
6934
6880
6955
7014
7142
7203
7339
7110
6984
6843
6808
6711
6774
6724
6845
6913
6994
7104
7242
7236
7139
7174
7219
7181
7097
7049
7163
6955
6877
6883
6813
6596
6552
6492
6618
6672
6657
6767
6568
6421
6367
6262
6288
6228
6075
6200
6140
6101
6168
6154
6206
6266
6430
6266
6321
6089
5885
5979
5990
6034
6070
6002
6226
6240
6225
6061
6088
6023
5750
5565
5924
5979
5937
6037
6174
6157
6153
6286
6345
6187
6052
6022
5936
5973
5984
5960
5877
5882
6011
6108
6298
6092
5960
6151
6321
6535
6555
6345
6224
6064
6165
5929
5899
5836
5868
5856
6002
6031
6093
6092
5868
6015
5904
5856
5950
6022
6174
6294
6225
6121
6121
6012
5983
5934
5977
5948
5898
5821
5909
5847
5903
5906
6102
6046
5953
6000
6014
6061
6012
5993
5927
5950
5825
5698
5697
5590
5453
5694
5738
5695
5789
5624
5717
5781
5759
5836
5767
5818
5987
5897
5875
5847
6001
6051
5896
5909
5767
5584
5648
5892
5805
5906
5926
5858
5873
5750
5845
5758
5689
5578
5540
5594
5409
5308
5354
5389
5427
5413
5381
5302
5356
5266
5242
5212
5125
5079
4976
5109
5096
5071
4991
4989
4993
4906
4771
4745
4547
4375
4447
4464
4523
4409
4307
4268
4287
4309
4449
4241
4254
4231
4452
4174
4168
4297
4314
4383
4430
4415
4298
4284
4184
4143
4140
4005
3965
3907
3894
3875
3949
4008
3979
3795
3819
3845
3920
3876
3812
3854
4041
4059
4047
3991
3874
3840
3777
3710
3587
3600
3534
3432
3466
3525
3493
3565
3643
3498
3528
3568
3491
3620
3628
3710
3692
3763
3857
3832
3977
4085
3927
3914
4026
3992
4156
4050
3948
3953
3967
4030
3903
3974
4107
4197
4270
4183
4074
4176
4258
4195
4264
4329
4303
4329
4371
4515
4410
4502
4444
4377
4453
4484
4439
4525
4620
4703
4476
4375
4384
4384
4518
4715
4947
4917
4881
4932
4933
4992
4929
4862
4942
4746
4648
4732
4751
4954
5116
5321
5311
5429
5419
5465
5558
5655
5679
5660
5625
5636
5670
5773
5806
5845
5843
5895
5847
5958
6107
5976
5989
5737
5703
5739
5665
5502
5453
5431
5559
5572
5435
5255
5297
5268
5293
5318
5011
5087
5072
5066
5049
5210
5307
5316
5323
5493
5744
5793
5952
5977
6066
6152
6076
5925
6080
6101
6147
6195
6171
6222
6257
6319
6351
6502
6437
6433
6309
6093
6070
6046
6155
6094
6095
6285
6432
6418
6420
6386
6466
6554
6633
6536
6497
6602
6602
6633
6579
6444
6541
6491
6457
6329
6398
6212
6051
5958
5963
5896
5869
5782
5959
5782
5702
5560
5493
5433
5574
5465
5466
5439
5656
5693
5804
6048
6244
6145
6114
6110
6024
5940
5839
5833
5801
5716
5825
5837
5978
6023
6008
6066
6052
6153
6254
6240
6184
6086
6012
5882
5615
5767
5761
5814
5942
5877
6009
5939
6194
6122
6147
6241
6284
6262
6252
6440
6319
6263
6250
6055
5929
5723
5786
5603
5595
5616
5533
5504
5434
5414
5584
5534
5346
5387
5350
5364
5380
5293
5361
5396
5283
5265
5209
5333
5226
5377
5396
5307
5341
5165
5205
5174
5108
5058
5081
5118
5046
5200
5208
5061
5086
5057
4990
4987
4900
4931
5132
5246
5225
5267
5231
5185
5051
4923
5004
4807
4948
4893
4888
4772
4888
4833
4760
4861
4760
4912
4843
4832
4883
4811
4726
4765
4914
4840
4633
4775
4927
4836
4718
4795
4738
4852
4837
4986
5127
5289
5390
5461
5458
5445
5559
5637
5707
5713
5617
5559
5543
5703
5716
5782
5721
5654
5818
5853
5690
5689
5757
5925
5965
6062
6097
6049
6045
6014
6000
6117
6092
6316
6310
6107
6324
6284
6498
6409
6341
6358
6312
6326
6370
6292
6364
6464
6590
6700
6575
6505
6609
6737
6725
6628
6638
6569
6596
6425
6241
6375
6206
6223
6298
6257
6035
6092
6180
6175
6226
6252
6245
6191
6158
6408
6545
6410
6212
6230
6247
6375
6395
6415
6302
6244
6394
6322
6353
6500
6299
6383
6249
6167
6162
6404
6418
6131
6103
6100
6100
6159
6322
6317
6396
6476
6526
6623
6654
6626
6680
6503
6668
6692
6748
6751
6814
6966
6898
6729
6904
6885
6874
6984
6871
6967
6877
6972
7048
7175
6854
6770
6836
6980
6923
7067
7077
7013
6953
7016
7030
7046
7195
7230
7019
7175
7405
7299
7432
7473
7570
7423
7343
7386
7114
7152
6940
6631
6660
6667
6775
7061
7024
7041
7003
7016
7036
7058
7044
7125
7071
7218
7281
7175
7253
7183
7276
7407
7311
7392
7335
7225
7141
7248
7168
7080
7289
7197
7135
6980
6903
6927
6917
6916
6879
6856
6799
6615
6585
6557
6537
6552
6679
6707
6564
6654
6764
6759
6678
6715
6815
6950
6921
6952
6805
6904
6915
6945
7064
7112
7154
6921
6982
7023
7007
7106
7035
6869
6653
6960
6936
6904
6999
6953
6934
6881
6835
6846
7103
7153
7082
7203
7193
7219
6992
7011
6895
6954
6924
6758
6746
6775
6612
6554
6660
6440
6421
6283
6203
6222
6101
6208
6403
6438
6534
6497
6383
6494
6460
6386
6444
6367
6455
6561
6561
6523
6376
6453
6640
6526
6572
6626
6527
6516
6703
6501
6581
6410
6321
6284
6149
6073
5952
5891
5986
6046
5940
6038
5954
6116
6073
6160
6174
6331
6117
6160
6008
5980
6029
6078
6192
6287
6125
6189
6038
5809
5692
5506
5333
5293
5079
5165
5110
5048
5048
5180
5234
5273
5278
5255
5311
5573
5597
5624
5541
5480
5441
5542
5690
5791
5722
5638
5493
5576
5520
5739
5805
5795
5794
5764
5828
5790
5838
5921
5845
5974
6020
5982
5890
5641
5473
5575
5562
5615
5682
5662
5525
5462
5444
5530
5622
5580
5324
5335
5575
5785
5815
6031
6094
6161
6393
6265
6170
6211
6307
6363
6438
6395
6267
6327
6664
6479
6507
6591
6563
6521
6477
6521
6515
6608
6765
6770
6869
6869
6834
7152
7107
7079
7272
7118
7121
7238
7309
7318
7315
7438
7490
7548
7309
7150
7220
7188
7214
7300
7337
7369
7498
7648
7551
7698
7537
7606
7486
7182
7063
7056
7155
6936
6853
6782
6651
6737
6830
7000
6651
6535
6615
6720
6626
6699
6648
6605
6488
6370
6252
6333
6529
6583
6559
6705
6687
6673
6626
6707
6611
6440
6409
6440
6371
6270
6379
6404
6431
6300
6351
6418
6439
6607
6687
6684
6480
6536
6578
6520
6633
6753
6651
6464
6696
6648
6772
6719
6663
6509
6540
6617
6568
6543
6658
6571
6577
6639
6806
6978
7158
7096
7191
7203
7149
7371
7185
7258
7334
7390
7459
7474
7330
7342
7300
7299
7160
7145
7051
7180
7269
7233
7218
7132
7067
7207
7257
7194
7212
7144
7233
7310
7309
7415
7308
7223
7138
7098
7254
7302
7253
7093
7236
7319
7441
7524
7564
7549
7472
7334
7284
7331
7175
7071
7071
7146
7078
7189
7052
6946
7086
7103
7032
6958
6682
6688
6880
7001
7170
7169
7151
7100
7132
7161
7071
6974
7049
6973
7015
6845
6613
6783
6826
6945
6829
6868
7096
7203
7239
7312
7187
7271
7228
7258
7135
7100
6957
7056
6949
6838
6932
7145
7123
6911
6999
7076
6846
6821
6775
6726
6820
6837
6915
6882
6811
6833
6788
6839
6994
6861
6815
6815
6920
7197
7053
7081
7201
7225
7134
7236
7134
7309
7273
7126
7249
7292
7057
7253
7055
7246
7254
7250
7257
7373
7501
7512
6947
7114
7216
7308
7201
7322
7085
7135
7128
6930
7011
6881
6759
6765
6705
6830
7015
7007
7080
6948
7106
6983
6890
6969
6840
6702
6616
6750
6659
6680
6578
6667
6708
6632
6511
6444
6511
6368
6270
6166
5990
6185
6209
6267
6131
6179
6066
5900
5790
5789
5685
5733
5882
5814
5859
5767
5656
5655
5562
5579
5413
5458
5561
5611
5792
5737
5919
5700
5554
5593
5643
5718
5775
5796
5644
5601
5648
5814
5881
5964
5827
5976
6134
6340
6311
6364
6263
6271
6345
6190
6224
6353
6324
6475
6329
6382
6587
6631
6597
6487
6591
6725
6683
6762
6618
6620
6632
6324
6257
6324
6309
6338
6471
6431
6542
6638
6638
6720
6797
6775
6672
6622
6669
6712
6713
6755
6972
7067
7082
7013
6905
6973
6798
6547
6722
6703
6656
6539
6303
6256
6182
6047
6114
6281
6277
6397
6351
6235
6299
6358
6491
6421
6421
6419
6373
6289
5983
5956
5935
5923
6040
5856
5821
6022
5820
5711
5751
5699
5618
5717
5831
5776
5827
5996
6050
6037
5990
5882
5749
5643
5599
5667
5615
5624
5681
5629
5782
5645
5843
5734
5589
5646
5708
5630
5859
5795
5824
5733
5835
5882
5618
5513
5393
5357
5396
5203
4966
5055
5208
5382
5324
5186
5279
5457
5516
5482
5454
5401
5456
5522
5762
5792
5731
5761
5779
5767
5557
5795
5634
5657
5544
5733
6169
6248
6320
6287
6117
6125
6098
6059
6036
6143
6202
6222
6327
6229
6081
6219
6235
6048
5915
5916
6110
6037
6134
5976
6049
6202
6284
6283
6312
6288
6022
6111
6026
5999
6095
6154
6411
6431
6415
6327
6263
6249
6234
6264
6327
6394
6384
6365
6317
6465
6513
6369
6400
6251
6221
6453
6398
6378
6245
6191
6165
6173
6023
6037
6057
6002
6065
6133
6115
6066
6115
6197
5888
5903
5760
5498
5386
5481
5462
5566
5415
5484
5619
5645
5817
5930
6125
6074
6144
6186
6222
6146
6253
6102
5984
6030
5934
6044
6010
5997
6150
6231
6274
6216
6204
6148
6230
6293
6370
6116
6293
6323
6391
6350
6218
6287
6309
6102
6000
5866
5868
5832
5855
5856
5618
5655
5558
5362
5408
5534
5681
5668
5712
5618
5550
5461
5444
5414
5333
5478
5507
5482
5467
5236
5107
5139
5052
4920
4837
4959
4977
5007
4999
4933
4884
4932
4875
4819
4921
5097
5118
5245
5226
5089
5085
4947
4937
4907
4953
4979
5121
5026
5083
5200
5206
5103
5298
5209
5324
5291
5455
5292
5188
5287
5161
5059
5163
5252
5280
5308
5239
5191
5043
5200
5238
5269
5334
5412
5320
5233
5196
5165
4990
4975
4793
4847
4822
4801
4883
5016
5093
4932
4959
5018
4993
5005
4952
4924
4751
4767
4651
4693
4649
4594
4541
4680
4732
4673
4905
4875
4830
4816
4992
5032
5024
4948
5080
5115
5171
5197
5147
4916
4887
4973
5009
5026
5141
5153
4977
4912
4873
4908
4918
4840
4832
4797
4852
4869
4734
4719
4802
4868
4973
5084
5073
5013
5057
4898
4933
4867
4763
4635
4717
4872
4828
4817
4819
4855
4835
4910
4867
5076
5142
5058
5189
5152
4986
4990
4908
4807
4808
4545
4512
4443
4511
4757
4774
4749
4815
4770
4485
4295
4382
4516
4555
4593
4514
4505
4542
4548
4500
4588
4500
4360
4314
4239
4146
4322
4392
4308
4258
4212
4222
4304
4530
4394
4324
4418
4462
4442
4503
4605
4621
4692
4740
4886
4914
4973
5105
5129
5045
5089
5296
5330
5400
5347
5421
5528
5722
5591
5757
5705
5634
5500
5523
5268
5176
5244
5290
5400
5447
5435
5422
5550
5541
5328
5465
5324
5400
5276
5180
5080
5149
5066
5109
5216
5354
5405
5476
5423
5521
5559
5645
5653
5721
5639
5676
5598
5597
5819
5780
5694
5689
5806
5816
5625
5572
5428
5428
5392
5490
5672
5714
5784
6058
6212
6181
6193
6229
6402
6461
6638
6483
6482
6491
6722
6713
6563
6553
6651
6578
6371
6397
6219
5891
5775
5783
5647
5540
5447
5391
5260
5072
5072
5190
5298
5462
5412
5492
5380
5256
5108
5171
5174
5023
4982
5082
5078
5060
5097
5096
5105
5400
5616
5460
5412
5339
5343
5376
5287
5433
5407
5513
5513
5483
5378
5398
5393
5486
5512
5657
5637
5723
5712
5742
5771
5769
5811
5991
6064
5909
5833
5885
5955
5956
5950
6015
5968
6082
6266
6107
5992
5754
5861
5982
6065
6105
6281
6387
6425
6529
6494
6271
6375
6433
6539
6525
6612
6675
6806
6849
6786
6904
6940
7162
7232
7315
7230
7401
7201
7111
7313
7324
7327
7233
7498
7339
7071
6993
6849
6921
6935
7039
7105
6947
6805
6951
6734
6907
6806
6844
6841
6837
6712
6748
6832
6920
6976
7190
7259
7329
7158
7048
7117
7310
7569
7505
7467
7619
7645
7676
7581
7579
7599
7437
7404
7279
7314
7261
7108
7022
7036
6875
7011
7049
6917
6681
6684
6635
6753
6625
6508
6450
6538
6675
6803
6876
6847
6763
6750
6581
6449
6482
6526
6430
6456
6569
6535
6228
6330
6416
6306
6112
5960
6180
6215
6063
6023
6022
5941
5830
5828
5738
5931
5823
5906
5777
5766
5896
5743
5762
6001
5953
5974
5962
5763
5669
5823
5749
5760
5757
5869
5943
5884
6006
5833
5862
5846
5861
5808
5782
5762
5760
5810
5871
5907
5733
5571
5571
5426
5575
5571
5596
5600
5672
5736
5614
5407
5416
5385
5519
5406
5300
5271
5397
5382
5554
5588
5635
5710
5594
5487
5655
5620
5646
5699
5830
5824
5931
5959
5893
5907
6105
6112
6155
6149
5986
5989
6028
5925
5751
5657
5368
5223
5250
5240
5350
5350
5215
5352
5323
5340
5366
5383
5398
5511
5694
5483
5426
5420
5478
5508
5510
5366
5290
5397
5418
5331
5086
5002
5082
5042
4959
4914
4919
5069
5029
4985
5074
5028
4897
5037
5081
4952
4916
5184
5332
5460
5324
5290
5193
5314
5294
5375
5358
5393
5231
5215
5095
5100
5095
4980
5019
5004
5012
4980
4940
5083
5160
5132
5083
4865
4890
4746
4685
4758
4884
4863
4841
4928
4878
4891
4942
4793
4772
4766
4706
4477
4352
4345
4319
4303
4302
4331
4384
4668
4541
4483
4439
4612
4623
4605
4638
4650
4471
4516
4774
4695
4777
4898
4829
4620
4697
4821
4832
4789
4803
4857
4931
4872
4878
5042
5005
4989
5017
5175
5134
5283
5364
5343
5360
5386
5445
5490
5521
5423
5377
5300
5414
5600
5860
5893
5843
5709
5624
5537
5515
5486
5520
5348
5349
5354
5325
5344
5267
5371
5326
5402
5439
5367
5246
5118
5262
5173
5220
5071
5203
5135
5161
5153
5100
5057
5077
5232
5154
5288
5321
5459
5602
5465
5447
5339
5274
5220
5353
5211
5250
5100
4939
5001
5036
5135
4943
5020
5071
5114
5237
5191
5276
5365
5587
5599
5443
5618
5753
5584
5616
5707
5650
5618
5803
5804
5758
5785
5733
5830
5742
5832
5875
5796
5709
5740
5700
5601
5609
5750
5761
5620
5593
5697
5668
5710
5912
5819
5753
5634
5675
5714
5875
5828
5745
5732
5794
5713
5706
5703
5796
5789
5904
5904
5893
5971
6011
6038
6033
6100
6059
5982
6022
6137
6097
6114
6136
6202
6236
6406
6351
6251
6309
6351
6369
6267
6202
6106
6168
6199
6027
5938
5921
6157
6191
6073
6020
6012
6100
6020
6053
6000
6116
5866
5796
5800
5667
5705
5827
5868
5808
5843
5709
5708
5785
5815
5764
5962
5813
5731
5667
5530
5518
5604
5529
5598
5717
5827
5878
5766
5834
5802
5670
5811
5850
5805
5668
5698
5774
5711
5620
5648
5776
5771
5591
5599
5508
5674
5615
5626
5620
5553
5539
5519
5446
5403
5436
5480
5277
5288
5423
5262
5023
5101
5067
5049
5087
5137
5270
5284
5288
5361
5366
5384
5383
5245
5258
5145
5044
5083
5126
5198
5072
5006
5001
5094
5092
5176
5096
5030
4972
4894
4940
4953
4891
4843
4998
4869
4985
4918
5072
4946
4890
4823
4778
4796
4697
4756
4794
4691
4645
4657
4654
4534
4316
4443
4478
4374
4455
4570
4672
4678
4677
4816
4772
4838
4861
4907
4974
4903
4948
4971
5133
5264
5162
5127
5097
5177
5147
5200
5249
5298
5176
5083
5016
5041
5164
5115
5131
5057
4926
5000
5000
4957
5077
5273
5136
5405
5430
5280
5403
5419
5422
5277
5221
5241
5239
5188
5312
5398
5380
5463
5467
5532
5674
5626
5565
5635
5577
5664
5610
5423
5621
5615
5696
5623
5598
5448
5621
5446
5499
5400
5621
5604
5465
5409
5560
5668
5725
5619
5763
5744
5818
5769
5813
5637
5824
5762
5764
5848
5838
6070
6235
6284
6330
6168
6045
5934
6103
6391
6431
6418
6581
6581
6607
6658
6754
6712
6860
6933
6978
7050
7113
7155
7055
6971
6985
7051
6908
6974
6944
6919
7018
6810
6831
6709
6611
6569
6645
6840
6850
6818
6930
6941
6986
6915
6909
6979
7060
7150
7190
7219
7298
7222
7126
7148
6993
7186
7227
7271
7223
7340
7181
7098
7086
7115
7107
7232
7293
7332
7394
7238
7237
7103
7115
6995
6965
6911
6945
6997
7344
7378
7227
7306
7265
7294
7316
7311
7464
7571
7506
7377
7465
7393
7438
7466
7402
7306
7322
7421
7596
7685
7717
7648
7465
7364
7334
7409
7135
7106
6988
7105
7013
7161
7207
7160
6999
7165
7152
7165
7206
7350
7313
7549
7440
7648
7669
7559
7574
7442
7217
7084
7074
7127
7232
7144
7196
7268
7280
7177
7232
7274
7182
7203
7034
7053
6886
6989
6953
7033
7002
7008
7156
7030
7040
6889
6944
7038
6673
6862
6820
6634
6849
6899
6850
6839
6891
6927
6736
6740
6851
6715
6602
6534
6522
6541
6416
6339
6383
6350
6487
6621
6635
6603
6562
6740
6743
6905
6950
6817
6691
6636
6579
6564
6452
6322
6401
6306
6360
6419
6274
6267
6124
6147
6168
6176
6031
6136
6262
6196
6267
6256
6219
6128
6146
6214
6165
6078
6256
6400
6447
6254
6049
6201
6194
6441
6449
6454
6521
6622
6610
6560
6620
6491
6356
6528
6463
6427
6645
6586
6546
6443
6352
6619
6552
6552
6698
6646
6578
6488
6470
6342
6241
6218
6097
6196
6307
6359
6448
6589
6420
6545
6478
6424
6351
6474
6465
6560
6954
6786
6735
6599
6689
6645
6435
6420
6133
6144
6067
5836
5786
5755
5635
5653
5613
5678
5652
5690
5565
5570
5643
5526
5375
5288
5215
5210
5259
5202
5232
5206
5260
5242
5237
5243
5271
5287
5293
5428
5512
5400
5445
5321
5290
5131
5211
5156
5132
5120
5058
4923
4830
4822
4804
4711
4771
4753
4852
4787
4793
4976
5137
5288
5284
5110
4933
4801
4813
4911
5005
4924
4954
4964
4976
4900
5020
4972
4840
4930
4944
4875
4796
4727
4669
4752
4833
5000
5143
4946
5052
5038
4968
5102
5166
5175
5147
5281
5266
5332
5180
5130
5065
5136
5006
5064
5173
5253
5361
5485
5598
5694
5586
5645
5633
5998
5785
5753
5564
5588
5605
5781
6079
6184
6013
5958
5921
5907
6093
5958
5890
5864
6031
6139
6033
5948
5908
5833
5892
5951
6124
6123
6303
6362
6308
6575
6690
6857
6754
6810
6805
6990
7153
7202
7022
7093
7087
7344
7068
7240
7059
7004
6974
7143
7136
6902
6880
6926
7061
7166
7073
6948
6903
6969
6840
6844
6765
6761
6804
6766
6903
6958
7093
6800
6903
7045
7142
7173
7094
6960
7080
7044
6940
6954
7013
7151
7340
7314
7334
7336
7300
7235
7461
7507
7269
7171
7306
7400
7122
7082
7046
6993
6857
7177
7149
7179
7040
6914
7088
7114
7030
6981
6993
7016
6998
6905
6934
6938
6715
6760
6815
6888
7002
6910
6931
6835
6967
6874
6926
6877
6932
6604
6650
6718
6610
6728
6907
6898
6928
6836
6850
6802
6669
6583
6655
6691
6530
6542
6486
6461
6256
6135
6145
6196
6187
6147
6186
6210
6411
6372
6503
6436
6417
6381
6154
6198
6299
6386
6505
6604
6514
6589
6723
6587
6470
6510
6618
6462
6687
6656
6448
6505
6767
6820
6505
6591
6533
6433
6221
6164
6297
6441
6481
6473
6638
6699
6751
6671
6783
6752
6911
6769
6950
6987
6889
6865
7020
7142
7186
7065
7155
7065
6895
6788
6675
6697
6596
6454
6470
6538
6324
6248
6078
6024
6005
5881
6017
6006
6048
6147
6148
6181
6118
5979
5897
5806
5783
5885
5936
5888
6073
6095
6249
6401
6195
6074
5843
5737
5754
5898
5773
5715
5521
5497
5524
5473
5430
5349
5366
5270
5439
5329
5467
5545
5641
5793
5795
5810
5784
5681
5726
5604
5376
5289
5219
5201
5209
5351
5316
5360
5457
5370
5357
5367
5301
5317
5338
5326
5227
5277
5256
5296
5261
5243
5285
5174
5159
5016
4937
4820
4753
4862
4945
5081
5171
5153
5076
4972
4880
5002
5036
5070
5191
5233
5196
5215
5302
5339
5301
5267
5337
5327
5356
5361
5380
5433
5468
5691
5809
6067
6043
5934
5862
5948
6028
6080
6114
5971
6039
6127
6163
6184
5894
5911
6047
6114
6098
5913
5940
5824
5662
5729
5603
5584
5676
5788
5737
5660
5661
5617
5676
5706
5642
5535
5553
5550
5453
5513
5351
5352
5365
5293
5561
5720
5795
5689
5713
5593
5630
5623
5594
5409
5240
5195
5240
5258
5181
5071
5121
5038
5106
4787
4810
4784
4877
4977
5069
5109
5135
5115
5234
5251
5182
5148
4986
5030
5112
5236
5281
5201
5355
5454
5492
5467
5557
5525
5559
5600
5723
5748
5735
5682
5875
5818
5897
5914
6016
6234
6234
6272
6138
6099
6200
6283
6295
6196
6167
6018
6013
5929
5994
5977
6028
5987
6056
6135
6031
5940
5991
5932
5840
5693
5646
5658
5766
5734
5717
5718
5590
5497
5551
5646
5713
5704
5798
5723
5579
5623
5560
5559
5608
5585
5604
5523
5698
5879
5969
5964
5917
5809
5630
5717
5611
5467
5693
5649
5640
5611
5490
5427
5587
5646
5620
5645
5643
5804
5770
5753
5813
6002
6026
5903
6087
6193
6156
6130
6273
6095
5968
5881
5957
5911
5834
5899
5871
5996
6051
6125
6242
6434
6574
6387
6421
6431
6324
6120
6327
6440
6414
6587
6515
6545
6490
6673
6867
6832
6892
7049
6913
6897
6891
6971
6986
6865
6865
6955
6840
6908
6916
6874
6804
6855
6719
6628
6403
6263
6218
6064
6067
6026
6171
6215
6276
6268
6308
6423
6442
6464
6311
6223
6065
6236
6128
6218
6330
6221
6296
6131
6075
6153
6220
6336
6388
6427
6545
6456
6572
6401
6376
6313
6386
6441
6576
6537
6404
6298
6212
6113
5969
6037
6061
6325
6181
6097
6117
6152
6072
5933
5980
6038
5991
6039
5987
5910
5929
6142
6177
6289
6333
6362
6277
6316
6411
6515
6712
6781
6812
6646
6646
6716
6661
6554
6541
6600
6565
6643
6759
6572
6280
6405
6455
6524
6600
6633
6678
6692
6665
6613
6725
6693
6902
6900
6931
6809
6802
6812
6729
6507
6542
6650
6635
6672
6760
6819
6984
6964
7038
7071
7338
7113
6942
6860
6901
6889
6988
6742
6541
6595
6616
6552
6641
6593
6593
6526
6295
6294
6370
6439
6568
6737
6760
6742
6564
6562
6588
6654
6693
6616
6642
6555
6561
6655
6641
6746
6774
6595
6530
6774
6756
6633
6659
6746
6692
6714
6579
6702
6654
6736
6770
6672
6648
6679
6736
6777
6769
6769
6893
6868
7047
6970
7027
6997
6852
6826
6839
6746
6589
6558
6274
6333
6341
6364
6308
6378
6454
6302
6192
5994
5977
5847
5637
5719
5713
5659
5512
5627
5653
5595
5580
5456
5407
5401
5442
5346
5480
5625
5549
5567
5612
5812
5682
5809
5810
5936
6135
6072
6016
6045
5952
6026
6165
6257
6373
6347
6428
6460
6208
6248
6374
6313
6261
6312
6592
6514
6664
6680
6792
6683
6449
6419
6380
6520
6293
6230
6221
6196
6295
6247
6351
6449
6379
6334
6412
6509
6428
6219
6288
6383
6392
6215
6334
6394
6195
6247
6246
6101
6224
6056
6012
5903
5850
5739
5695
5697
5521
5568
5578
5571
5507
5430
5383
5343
5380
5283
5251
5063
5063
5140
5144
5307
5404
5404
5454
5390
