1005000
266523
174139
128892
102126
84315
71810
62910
55438
49967
45043
40837
37962
35213
32622
30746
28706
26793
25090
23614
22297
21470
20663
19728
18859
18075
17134
16663
16244
15666
15128
14714
14115
13830
13307
12815
12277
12082
12120
11448
11170
10983
10795
10569
10281
10329
10031
9715
9246
9127
8909
8605
8416
8212
8001
8008
7656
7486
7534
7471
7428
7456
7276
7204
7021
6735
6486
6426
6351
6262
6056
5795
5767
5933
5821
5864
5914
5880
5600
5339
5294
5033
4855
4737
4727
4770
4809
4696
4748
4534
4500
4403
4375
4442
4209
4019
4103
4157
4068
4004
3875
3982
3905
3753
3690
3793
3759
3694
3751
3806
3838
3745
3753
3679
3574
3709
3729
3676
3582
3483
3421
3360
3308
3348
3272
3181
3316
3382
3367
3518
3613
3716
3797
3808
3665
3649
3762
3805
3910
3889
4019
3977
3924
3901
3850
3860
3866
3858
3869
3864
3839
3875
3854
3766
3854
3791
3858
3883
3858
3854
3714
3704
3798
3730
3718
3826
3931
4044
4102
4061
4015
4065
4038
4059
3961
3898
3988
4010
4127
4086
3943
3836
3930
4147
4148
4166
4180
4046
4013
3891
3964
3870
3909
4050
4045
3859
3733
3725
3702
3684
3639
3632
3759
3733
3623
3562
3588
3727
3614
3643
3673
3709
3629
3607
3535
3580
3339
3350
3375
3337
3286
3341
3376
3273
3354
3268
3129
3184
3118
3226
3393
3274
3229
3121
3086
3147
3244
3267
3310
3185
3065
3094
3156
3149
3011
3123
3135
3190
3136
3085
3244
3303
3190
3104
3010
2856
2887
2925
2887
2960
2987
2968
2949
3005
3047
3046
3007
3093
3081
3199
3249
3188
3229
3262
3308
3363
3508
3436
3347
3316
3428
3422
3483
3492
3491
3508
3496
3437
3426
3493
3480
3482
3341
3336
3195
3281
3331
3338
3416
3416
3301
3313
3316
3306
3285
3355
3349
3473
3273
3227
3144
3152
3269
3334
3352
3427
3501
3520
3668
3549
3488
3395
3323
3349
3303
3442
3477
3350
3354
3591
3569
3559
3438
3326
3326
3263
3415
3546
3597
3579
3804
3934
3942
3939
3884
3783
3884
3948
3733
3754
3697
3646
3633
3644
3685
3688
3774
3918
4061
4034
3990
3984
3858
3868
3760
3846
3908
3962
3994
4075
4115
4061
3851
3949
3851
3893
3822
3865
3717
3768
3702
3816
3798
3844
3767
3724
3789
3818
3817
3872
3872
3927
3748
3898
3876
3901
3750
3749
3752
3625
3586
3685
3713
3789
3874
3766
3791
3841
3904
3877
3934
3936
3953
3858
3800
3693
3663
3796
3758
3589
3776
3829
3834
3833
3895
3887
3897
3875
3878
3910
3851
3880
3893
4096
4112
4049
4221
4305
4320
4189
4288
4259
4074
4078
4100
4201
4323
4301
4356
4445
4364
4382
4255
4338
4308
4181
4089
4223
4235
4003
4019
3996
3996
4009
3923
3867
3905
4011
3985
3987
4134
4206
4227
4215
4211
4256
4376
4107
4028
3978
3780
3851
3930
4041
4233
4209
4152
4123
4089
4021
4077
4246
4239
4223
4470
4319
4326
4306
4259
4299
4239
4265
4168
4270
4116
4217
4125
3952
4004
3925
3826
3744
3822
3765
3665
3663
3835
3764
3776
3808
3960
3987
3974
4088
4144
4064
4087
4196
4283
4292
4348
4447
4385
4194
4079
4028
4126
4151
4305
4169
4184
4152
4112
3991
3973
4031
4046
4335
4294
4268
4299
4331
4365
4331
4497
4535
4701
4760
4727
4751
4709
4610
4665
4805
4829
4678
4644
4774
4890
4870
4736
4857
4977
4879
4788
4986
4971
4867
4809
4751
4693
4880
4949
4951
4987
5138
5142
5269
5162
5187
5317
5326
5101
5130
5056
5134
5276
5292
5221
5282
5444
5348
5437
5483
5449
5361
5266
5215
5326
5363
5195
4989
4867
5062
5046
5057
5012
5117
5053
5133
5146
5077
5197
5292
5361
5437
5526
5301
5153
5168
5221
5296
5444
5440
5473
5553
5639
5627
5593
5560
5682
5729
5805
5783
5920
5868
5792
5907
5719
5741
5797
5673
5640
5731
5700
5825
5840
5885
5990
6049
5914
5923
6118
6114
6175
6042
6019
5801
5851
5920
5864
5848
5793
5755
5780
5692
5723
5513
5484
5457
5527
5468
5406
5391
5398
5389
5522
5336
5370
5482
5260
5270
5239
5122
5196
5271
5363
5332
5346
5656
5850
5874
5861
5805
5763
5649
5709
5851
5852
5923
5987
6134
6003
6006
5971
6079
5914
5888
5905
5916
5910
5853
5878
5951
5961
5990
6065
6121
6218
6302
6427
6590
6650
6758
6969
6776
6792
6773
6752
6919
6907
6824
6885
6814
6757
6857
6823
6920
6823
6863
6827
6509
6357
6341
6388
6176
6145
6165
5961
5930
5862
5993
5905
6044
5998
6079
5917
5732
5749
5657
5558
5312
5376
5298
5286
5281
5375
5290
5260
5269
5397
5402
5423
5350
5236
5234
5189
5193
5172
5218
5170
5144
5278
5374
5431
5369
5350
5260
5130
4956
4918
4957
4984
4965
5138
5228
5216
5108
5142
5072
5319
5193
5303
5458
5381
5524
5469
5556
5315
5371
5393
5318
5371
5291
5213
5191
5356
5365
5225
5157
5334
5337
5303
5292
5278
5420
5516
5729
5770
5858
5679
5612
5582
5313
5327
5254
5344
5200
5047
4942
5075
5166
5274
5267
5325
5428
5467
5346
5396
5634
5510
5567
5428
5373
5548
5453
5559
5635
5666
5564
5513
5507
5480
5299
5198
5089
5127
5172
5168
5136
5091
4972
4951
4940
5027
5182
5248
5109
5052
4945
5058
5125
5201
5190
5200
5206
5316
5304
5149
5097
5181
5169
5112
5110
4939
4941
4918
4895
4897
4804
4928
4884
4939
4983
4917
4915
5115
5057
5178
5213
5313
5275
5318
5416
5480
5397
5358
5347
5495
5628
5624
5763
5710
5622
5760
5800
5950
6115
6290
6338
6137
6398
6436
6480
6522
6450
6478
6356
6403
6579
6557
6496
6429
6527
6620
6530
6525
6276
6332
6244
6144
6262
6213
6410
6386
6250
6239
6204
6191
6295
6393
6468
6435
6305
6423
6436
6324
6535
6490
6345
6528
6344
6082
6138
5890
5962
6018
6103
6011
5945
5923
5986
5873
5869
5940
5923
5897
5878
5881
5757
5799
5944
5776
5816
5654
5892
6096
5989
5933
5933
5934
6042
6095
6014
6026
6128
6168
6298
6282
6319
6374
6262
6302
6225
6105
6072
5990
5842
5722
5612
5784
5758
5827
5793
5802
5888
5873
5775
5680
5928
5870
5921
6053
6087
6092
6057
6041
6031
6126
6250
6191
6106
6011
5954
5862
5708
5595
5562
5631
5496
5521
5541
5528
5481
5372
5528
5513
5352
5303
5354
5363
5458
5565
5601
5562
5489
5465
5411
5288
5160
5179
5302
5200
5088
5082
5208
5179
5222
5201
5208
5219
5116
5131
5185
5133
5260
5195
5176
5018
4951
4842
4874
4865
4908
4889
4869
4959
4870
4829
4785
4807
4782
4842
4713
4734
4777
4996
5003
4842
4829
4907
4840
4863
4751
4787
4913
4830
5059
5207
5216
5390
5244
5396
5438
5648
5629
5913
5932
5968
6110
6113
6304
6351
6474
6443
6418
6551
6681
6744
6822
6924
7154
7037
6857
6812
6581
6632
6566
6642
6684
6548
6479
6488
6284
6180
6042
5973
6132
5948
5910
5897
5856
5959
5966
5805
5769
5752
5862
5973
5881
5888
5787
6000
6058
5971
6037
6099
5952
5895
6048
5943
5818
5544
5482
5438
5500
5458
5459
5653
5459
5482
5306
5252
5301
5337
5436
5420
5350
5370
5379
5279
5346
5309
5219
5216
5302
5331
5272
5210
5366
5233
5276
5373
5688
5608
5564
5610
5591
5825
5787
5901
5933
5901
5975
5882
5841
5995
5948
6011
6000
5963
5999
6093
6235
6286
6351
6452
6467
6451
6533
6492
6583
6436
6626
6467
6656
6788
6891
6787
6655
6708
6594
6643
6601
6586
6555
6569
6566
6428
6301
6395
6228
6100
6280
6211
6336
6448
6327
6145
6099
6194
6257
6259
6102
6293
6304
6369
6466
6581
6530
6544
6517
6508
6579
6378
6556
6280
6339
6367
6217
6257
6257
6072
5932
5851
5771
5616
5539
5541
5494
5515
5531
5517
5531
5522
5470
5513
5376
5467
5617
5699
5753
5760
5866
5908
5850
5930
5902
6066
5878
6060
6129
6232
6374
6378
6329
6422
6435
6553
6508
6513
6462
6514
6498
6524
6629
6711
6505
6542
6393
6310
6315
6399
6454
6541
6451
6353
6274
6157
6175
6301
6308
6428
6673
6721
6560
6504
6638
6538
6450
6445
6452
6381
6364
6177
6103
6203
6196
6138
5983
5933
5890
6189
6174
6094
6063
6005
5934
5935
5869
5901
5958
5819
5780
5791
5876
5930
6046
6026
5971
6022
6211
6242
6136
6206
6184
6145
6285
6087
6036
5960
6052
6130
6146
6333
6277
6155
6329
6136
6265
6273
6305
6326
6488
6667
6490
6569
6649
6532
6449
6437
6441
6463
6508
6486
6288
6375
6287
6125
5916
5743
5772
5740
5684
5865
5933
5698
5699
5650
5631
5638
5766
5644
5679
5606
5530
5568
5553
5554
5591
5587
5491
5512
5539
5596
5661
5800
5902
5761
5718
5685
5720
5573
5490
5351
5426
5274
5180
4961
5044
5096
5059
5275
5045
4935
4942
5058
5194
5312
5385
5343
5236
5266
5151
5306
5522
5672
5745
5701
5669
5712
5676
5517
5419
5391
5369
5257
5261
5135
4923
4861
4864
4873
4804
4857
4855
4766
4831
4706
4806
4998
4962
4818
4904
4784
4784
4800
4557
4625
4607
4478
4443
4561
4566
4604
4524
4476
4502
4556
4465
4353
4471
4405
4438
4403
4304
4235
4204
4283
4245
4186
4213
4347
4293
4261
4326
4297
4287
4261
4367
4499
4559
4718
4685
4725
4635
4651
4763
4645
4690
4680
4546
4516
4533
4589
4669
4802
4883
4750
4836
4987
5004
4930
4989
5133
4981
4955
4845
4765
4928
4912
4758
4731
4794
4768
4533
4564
4621
4729
4865
4854
4885
4944
5106
4993
5011
4996
4922
4853
4983
4950
4947
4803
4783
4781
4957
5021
5016
5086
5229
5220
5207
5102
5028
5084
4982
5008
4923
4983
5121
5161
5119
5114
5050
5015
5005
4931
5005
5239
5343
5364
5476
5367
5339
5456
5357
5367
5398
5138
5272
5220
5158
5257
5166
5237
5161
5036
4979
5011
5048
5115
4957
4961
4880
4850
4822
4962
5047
5019
5138
4966
5001
5090
5197
5219
5158
5205
5308
5345
5283
5327
5504
5623
5833
5864
6061
6101
6143
6080
6208
6025
6057
6019
6110
6310
6312
6185
6204
6132
6179
6131
6261
6300
6299
6087
6083
6016
5923
6071
6020
6077
6023
6311
6191
6314
6405
6247
6305
6430
6457
6658
6810
6671
6447
6412
6466
6500
6420
6469
6480
6657
6821
6881
6780
6877
6949
6948
6906
7202
7599
7698
7592
7691
7637
7748
7767
7807
7888
7891
7793
7744
7792
7781
7902
7702
7700
7710
7526
7538
7515
7491
7448
7523
7586
7651
7610
7551
7755
7709
7667
7594
7567
7459
7515
7563
7503
7553
7451
7529
7552
7506
7604
7437
7440
7254
7227
7102
6959
7000
7015
6841
6770
6779
6677
6697
6548
6579
6629
6610
6539
6529
6412
6364
6322
6402
6196
6164
6250
6118
6113
5992
5875
5930
5906
5878
5804
5814
5821
5750
5834
5772
5864
5702
5762
5801
5685
5665
5577
5530
5628
5508
5418
5433
5387
5377
5259
5291
5385
5476
5519
5529
5519
5559
5476
5477
5530
5432
5514
5226
5182
5179
5223
5265
5326
5246
5150
4907
4890
4829
4646
4654
4726
4792
4611
4505
4510
4643
4730
4847
4801
4762
4921
5104
5046
5218
5233
5236
5274
5300
5518
5332
5278
5211
5321
5450
5558
5508
5364
5471
5510
5616
5531
5703
5586
5592
5424
5452
5546
5631
5447
5394
5347
5213
5238
5198
5154
5264
5150
5109
5044
5110
4964
4822
4776
4795
4779
4929
5100
5024
5002
5045
4991
5070
4975
4846
4748
4744
4595
4673
4534
4520
4476
4381
4292
4496
4620
4727
4750
4692
4502
4407
4440
4520
4457
4538
4626
4567
4571
4514
4485
4392
4267
4264
4280
4317
4165
4177
4145
4335
4254
4366
4328
4520
4464
4373
4430
4347
4348
4182
4295
4315
4327
4362
4486
4572
4647
4693
4532
4686
4631
4596
4365
4388
4442
4487
4568
4732
4755
4848
4872
4925
4889
4854
4785
4645
4639
4616
4755
4861
5011
4957
4940
4987
5117
5106
5192
5428
5475
5525
5660
5821
5736
5901
5867
5714
5677
5712
5774
5781
5920
5862
5991
5761
5825
5883
5803
5575
5553
5574
5629
5666
5707
5709
5706
5770
5938
5884
5733
5887
5957
6036
5957
5855
5868
5895
5945
6016
5932
5937
5962
5877
5906
5934
6051
5940
5904
6081
6272
6287
6245
6016
6250
6002
6085
6174
6124
5967
6003
6045
5872
5939
6004
6028
6022
6023
6097
6060
6161
6085
5975
5916
5832
5802
5952
6124
6189
6263
6428
6370
6494
6432
6326
6347
6371
6236
6318
6433
6372
6288
6328
6392
6424
6475
6397
6362
6356
6331
6373
6458
6517
6507
6395
6247
6413
6464
6361
6318
6109
6404
6427
6374
6449
6300
6433
6216
6244
6190
6128
6314
6334
6229
6324
6373
6354
6426
6231
6162
6151
6227
6338
6262
6276
6185
6051
5916
5984
6004
5845
5917
5870
5795
5744
5813
5759
5668
5600
5607
5514
5456
5546
5528
5586
5605
5785
5923
5928
6081
6042
5754
5726
5738
5896
6159
6186
6064
6077
6237
6246
6224
6259
6309
6418
6557
6624
6564
6390
6345
6481
6569
6532
6429
6534
6688
6669
6572
6563
6493
6504
6423
6364
6386
6331
6416
6415
6469
6305
6285
6416
6535
6687
6720
6884
6843
6773
6843
6909
6855
6958
6979
7037
6862
6937
7000
6995
7024
7047
7107
6797
6936
6969
6944
6700
6840
6728
6820
7000
6777
6837
6850
6997
6923
6759
6664
6723
6445
6539
6436
6417
6393
6347
6358
6364
6319
6418
6231
6283
6374
6496
6528
6492
6664
6535
6617
6467
6516
6599
6536
6600
6628
6598
6573
6687
6676
6628
6760
6873
6755
6731
6610
6537
6465
6653
6386
6455
6603
6451
6458
6301
6351
6338
6257
6158
6453
6473
6503
6285
6384
6433
6500
6522
6541
6626
6771
6840
6777
6780
6686
6798
6755
6733
6753
6720
6627
6528
6393
6307
6449
6508
6636
6879
6982
6978
7066
7316
7161
7154
7066
7039
6977
6774
6663
6772
6624
6610
6582
6522
6444
6292
6278
6150
6174
6261
6233
6117
6285
6083
6074
6127
6140
6143
6022
6085
5904
5912
5919
6046
5933
6001
5908
5829
6015
6212
6233
6393
6590
6567
6545
6466
6319
6073
6200
6428
6552
6494
6588
6362
6257
6125
6207
6043
6119
6102
5966
5814
6027
5834
5853
5910
6006
6151
6083
6217
6056
6091
6145
6053
5897
5805
5917
5920
5902
5935
5841
5942
6014
6262
6193
6461
6389
6344
6361
6361
6604
6264
6285
6045
6008
6222
6120
6237
6203
6314
6135
6144
6253
6204
6263
6250
6514
6508
6434
6355
6243
6158
6341
6253
6310
6264
6250
6297
6454
6343
6262
6186
6015
5918
5897
5816
5862
5844
5854
5904
5954
6001
5992
5947
5679
5764
5682
5701
5728
5625
5623
5786
5826
5885
5891
5995
5872
5890
5812
5829
5844
5777
5718
5670
5493
5499
5461
5498
5419
5278
5469
5512
5289
5408
5370
5415
5365
5458
5460
5459
5449
5520
5485
5509
5369
5314
5436
5383
5291
5239
5341
5333
5530
5465
5230
5295
5167
5133
5271
5115
5005
5035
5015
4967
4907
4728
4789
4746
4713
4613
4708
4710
4858
4851
4820
4796
4827
4903
4986
4834
4844
4842
4729
4617
4547
4452
4356
4385
4385
4249
4349
4442
4451
4412
4200
4083
4139
4083
4248
4309
4378
4355
4320
4386
4565
4582
4664
4789
4782
4697
4774
4692
4705
4733
4776
4940
4931
4892
4940
5029
4923
4857
4899
4912
4886
5067
5023
5047
4745
4837
5051
5040
5113
5142
5022
5091
5060
5209
5358
5310
5289
5357
5384
5344
5271
5316
5351
5193
5168
5172
5327
5431
5463
5548
5446
5614
5582
5388
5248
5252
5276
5249
5028
5051
5004
5073
5074
5250
5209
5318
5417
5556
5626
5631
5624
5713
5690
5615
5573
5504
5487
5637
5700
5654
5684
5535
5494
5350
5304
5372
5326
5396
5206
5061
5116
5053
5135
5244
5340
5471
5670
5694
5557
5538
5583
5499
5396
5356
5373
5607
5389
5474
5396
5485
5400
5475
5322
5282
5195
5291
5384
5418
5408
5457
5455
5375
5223
5272
5182
5244
5111
4986
5062
4981
5206
5429
5505
5493
5584
5751
5683
5780
5872
5862
5907
6047
6208
6238
6057
5995
5956
5962
5958
5927
5892
5938
5931
5858
5868
5756
5604
5546
5570
5662
5795
5871
5898
5709
5815
5581
5489
5532
5530
5546
5628
5587
5593
5727
5693
5794
5613
5661
5622
5580
5627
5815
5980
5937
5905
6056
5962
5925
5847
5952
5835
5857
5857
6011
6124
6016
6115
6251
6244
6007
5921
6011
6032
5929
6078
5999
6267
6204
6270
6113
6258
6198
6176
6194
6150
6061
6114
6040
6218
6329
6167
6245
6494
6764
6721
6676
6679
6668
6634
6756
6760
6692
6638
6587
6373
6427
6390
6301
6328
6202
6256
6363
6451
6436
6298
6172
6144
6225
6325
6383
6343
6307
6495
6522
6490
6629
6552
6555
6647
6629
6589
6647
6688
6538
6347
6331
6375
6438
6396
6351
6402
6240
6157
6191
6001
6045
5973
6217
6138
6056
6114
6142
6192
6062
6142
6005
5874
5844
6026
6003
5896
5850
5821
5866
5987
5870
5745
5774
5670
5717
5663
5532
5644
5639
5618
5555
5529
5572
5538
5274
5434
5555
5649
5737
5655
5500
5769
5765
5878
5769
5905
6018
6100
6078
6091
6055
6009
6151
6200
6341
6547
6611
6673
6673
6759
6693
6384
6290
6209
6257
6336
6231
6138
6094
6021
5858
6025
5795
5820
5908
5972
6069
6281
6167
6116
6074
6169
5996
5892
5642
5685
5619
5530
5656
5797
5786
5995
5885
5996
6049
6307
6256
6093
6133
6182
6179
6150
6206
6286
6288
6239
6317
6276
6265
6157
6097
5980
6019
6087
6241
6148
6128
6179
6104
6196
6216
6145
6086
6198
6033
6143
6224
6310
6325
6358
6431
6378
6313
6219
6175
6259
6270
6212
6115
6107
6162
5999
6090
6078
6029
6046
6174
6154
5953
5981
5789
5601
5535
5468
5390
5211
5318
5325
5388
5576
5641
5705
5812
5897
5889
5686
5716
5778
5896
6023
6168
6170
5978
5633
5633
5522
5527
5479
5376
5297
5312
5296
5298
5305
5192
5287
5500
5766
5919
5831
5985
5929
6010
6052
5951
5994
6068
6051
5984
6079
5980
6005
5949
5985
5729
5593
5647
5733
5724
5565
5578
5771
5869
5951
5769
5638
5558
5495
5425
5305
5406
5399
5365
5512
5581
5575
5718
5755
5870
5960
5881
5689
5467
5310
5324
5457
5521
5465
5370
5313
5232
5204
5210
5132
5235
5235
5190
5269
5190
5165
5022
5016
4995
4949
5069
5053
5011
4931
4820
4684
4647
4714
4605
4812
4712
4618
4692
4658
4819
4760
4722
4572
4635
4772
4696
4654
4658
4752
4665
4637
4577
4648
4745
4789
4790
4791
4870
4955
4947
5028
5174
5298
5434
5450
5465
5376
5385
5421
5452
5336
5396
5454
5414
5314
5256
5311
5086
5026
4972
4953
4903
4910
4941
4912
4840
5003
5104
5210
5275
5417
5441
5572
5668
5573
5433
5530
5314
5334
5224
5167
5218
5262
5326
5522
5468
5554
5549
5292
5223
5191
5112
5135
4987
4680
4908
4855
4857
4849
4810
5081
5251
5209
5142
4972
5024
5010
5159
5334
5266
5244
5372
5214
5396
5376
5225
5242
5307
5262
5355
5340
5232
5166
4976
5109
5165
4964
5075
5011
5143
5252
5290
5182
5319
5279
5230
5376
5157
5226
5352
5344
5266
5220
5228
5308
5240
5329
5184
5290
5300
5231
5212
5064
5114
5137
5223
5112
5045
4870
4999
5068
5028
5046
5204
5176
5247
5329
5290
5161
5125
5137
5245
5317
5111
5025
4982
4866
4827
5074
5254
5416
5363
5252
5185
5233
5255
5345
5352
5405
5543
5602
5607
5618
5563
5623
5419
5544
5648
5719
5693
5703
5752
5726
5719
5820
6098
6025
6069
6212
6306
6347
6194
6291
6240
6224
6397
6353
6178
6007
6128
6002
6228
6300
6436
6232
6084
6178
6232
5972
6022
5967
6100
6124
6151
6097
6051
5937
5897
5977
5907
5970
5863
5807
5796
5706
5701
5795
5779
5832
5727
5923
5765
5919
5875
5760
5939
5868
5878
5943
5947
5732
5770
5622
5684
5709
5505
5276
5304
5178
5139
5154
4910
4953
5041
5106
5132
5010
5043
5069
5159
5171
5100
5055
5090
5154
5258
5281
5233
5285
5064
5135
5193
5333
5147
5292
5254
5327
5309
5241
5114
5229
5353
5524
5622
5905
5883
5993
6048
6140
6011
5893
5841
5984
6086
6027
5951
5992
5894
5806
5904
5783
5892
5886
5855
5846
5763
5804
5806
6003
6063
6192
6090
6174
6172
6321
6320
6349
6573
6549
6624
6771
6960
6883
6735
6523
6296
6389
6268
6370
6304
6408
6418
6374
6406
6576
6611
6707
6545
6643
6694
6784
6867
6918
6951
6963
7022
6898
6809
6684
6747
6856
6905
7056
7029
6978
6868
6726
6665
6328
6499
6572
6496
6597
6533
6401
6429
6443
6573
6765
6845
6695
6663
6623
6527
6667
6492
6601
6532
6591
6613
6803
6962
6835
6700
6833
6864
6780
6691
6851
6846
6627
6544
6375
6303
6176
6199
6100
6084
6004
5982
6031
5880
5963
5845
5861
6074
6055
5931
6004
5873
5906
6010
6084
5953
5940
5782
5761
5802
5827
5896
5767
5799
5568
5545
5621
5551
5484
5398
5267
5198
5092
5164
5311
5217
5102
5165
5195
5413
5591
5553
5475
5497
5533
5537
5597
5563
5631
5733
5905
6214
6173
6127
6402
6342
6368
6233
6175
6214
6078
6243
6293
6400
6357
6315
6542
6625
6797
6765
6722
6570
6690
6697
6782
6866
6704
6667
6768
7061
6947
6949
7124
7033
6951
6854
6909
6975
7012
6861
6963
7036
7291
7313
7282
7032
6943
7021
7187
7163
7022
6958
6941
6848
6989
7201
7116
7164
6808
6802
6713
6577
6566
6682
6868
6835
6820
6896
7017
7177
7197
7092
7025
6844
6789
6792
6890
6897
6616
6391
6503
6613
6695
6747
6810
6877
6966
6778
6830
6734
6696
6620
6698
6645
6500
6402
6434
6577
6554
6453
6398
6373
6322
6458
6337
6460
6415
6443
6474
6470
6502
6324
6397
6432
6342
6468
6543
6351
6428
6339
6320
6247
6546
6304
6271
6159
6188
6319
6209
6016
6244
6331
6043
6326
6313
6390
6405
6382
6161
6050
6056
6026
5967
5990
6134
6173
6180
6290
6369
6506
6582
6522
6566
6346
6388
6453
6343
6240
6092
6064
6177
6197
6159
6260
6203
6236
6212
6270
6102
6169
6222
6122
6218
6084
6113
6021
5676
5503
5372
5325
5190
5160
5225
5031
5105
5103
5119
4937
4842
4883
4812
4834
4842
4979
4953
4963
5044
4863
4881
4741
5046
5022
5084
5045
4973
4990
4912
4942
4865
4925
4912
4918
4896
4939
4856
4771
4782
4723
4685
4601
4442
4473
4495
4556
4487
4384
4532
4443
4562
4598
4625
4579
4617
4710
4615
4453
4413
4432
4446
4580
4646
4549
4695
4561
4511
4518
4695
4594
4574
4474
4390
4204
4274
4311
4182
4169
4132
4034
4171
4129
4227
4302
4367
4425
4519
4467
4475
4421
4413
4313
4371
4471
4760
4719
4772
4693
4665
4600
4719
4739
4750
4707
4711
4769
4932
4844
4910
5078
4913
4786
4724
4675
4541
4665
4498
4612
4462
4590
4567
4676
4663
4704
4723
4696
4713
4714
4926
4813
4682
4599
4753
4894
4881
4897
5040
5001
4984
4924
4993
5058
5028
4966
5073
5020
5022
4949
5069
5143
5348
5252
5141
5050
5076
5210
5351
5315
5348
5388
5275
5226
5272
5230
5093
5159
5160
5187
5244
5152
5277
5460
5550
5502
5492
5620
5468
5365
5434
5456
5286
5246
5163
5171
5287
5168
5131
5020
4931
5107
5087
5045
5066
5161
5262
5367
5286
5329
5571
5653
5741
5727
5839
5978
6149
6163
6339
6259
6232
6037
5875
5926
5917
5978
5980
6021
6025
6007
6055
6090
6176
6044
5962
5911
5879
5785
5767
5829
5871
5712
5603
5513
5440
5528
5440
5532
5648
5557
5657
5570
5583
5605
5570
5641
5615
5874
5747
5747
5836
5893
5949
5790
5936
5820
5947
5886
5869
5818
5738
5752
5671
5537
5652
5496
5159
5141
5190
5176
5128
5071
5233
5190
5230
5309
5241
5142
5087
5011
5049
4904
4925
4940
5005
5110
4962
5047
5103
5006
4968
4938
4949
4930
4934
4926
4882
5004
4980
5126
5292
5407
5507
5583
5489
5448
5414
5458
5641
5901
5940
5879
6000
6046
5951
6019
6030
5832
5848
5825
5825
5783
5667
5408
5235
5238
5130
5162
5159
5227
5287
5218
5195
5526
5345
5414
5445
5279
5243
5205
5123
5040
5054
4990
5021
4849
5015
5087
5121
5225
5346
5351
5329
5583
5522
5583
5697
5715
5814
5895
5953
6104
6035
6113
5852
5847
5681
5789
5980
6134
6181
6070
5902
5809
5796
5692
5730
5650
5684
5646
5697
5769
5646
5689
5690
5622
5726
5776
5769
5840
5873
6058
6012
5902
5968
6137
5923
5918
5967
5936
6047
6008
5908
6033
5957
5842
5646
5633
5517
5478
5449
5537
5484
5471
5483
5548
5491
5507
5698
5745
5989
6002
5907
5880
5846
5940
5729
5731
5864
5861
5909
5690
5705
5793
5882
5965
5881
6046
5951
5924
6089
5919
5885
5871
5952
5836
5766
5712
5819
5674
5533
5573
5559
5397
5551
5638
5556
5382
5460
5370
5271
5387
5310
5372
5290
5183
5127
5087
5089
5057
5075
4922
4909
5100
4991
5019
5127
5234
5205
5219
5208
5229
5298
5583
5633
5686
5763
5727
5934
5835
5803
5717
5807
5648
5853
5955
5992
6034
6108
5953
5755
5772
5865
5992
6015
6093
6184
6261
6184
6012
5970
6044
6085
5994
6125
6190
6307
6245
6288
6239
6062
6058
6146
6274
6291
6209
6362
6277
6362
6438
6464
6450
6356
6561
6228
6230
6273
6125
6169
6102
6050
6021
6161
5987
5877
5989
6050
5924
6120
5950
5987
5968
5864
6006
6058
5982
5994
5891
5989
5979
6018
5885
5879
5717
5915
5946
6058
5981
5920
5926
5730
5765
5812
5737
5872
5871
5854
5992
6052
6031
5996
6016
6119
6107
5973
6068
5927
6008
6045
5888
5972
6060
5927
6180
6152
6132
6231
6332
6285
6444
6371
6471
6374
6325
6506
6636
6467
6580
6682
6581
6412
6603
6626
6662
6533
6400
6542
6579
6627
6572
6754
6671
6608
6648
6557
6563
6502
6487
6624
6554
6407
6256
6424
6318
6323
6496
6296
6386
6442
6496
6633
6698
6592
6655
6800
6758
6637
6341
6414
6446
6672
6488
6410
6266
6208
6343
6552
6595
6574
6689
6799
6959
7081
7060
7169
7304
7210
7253
7322
7249
7300
7310
7122
7203
7234
7098
7076
7073
7192
7097
7089
7181
7503
7475
7464
7506
7577
7486
7598
7676
7553
7418
7241
7155
7181
7090
7196
7178
7221
7386
7339
7168
6913
6761
6608
6566
6744
6831
6686
6631
6498
6392
6446
6504
6555
6580
6497
6606
6479
6370
6558
6387
6173
6206
6198
5970
6064
6000
6243
6274
6303
6139
6262
6331
6028
5874
5933
5867
6011
6096
5849
5927
6052
6063
5953
6004
5882
5991
5999
6092
6136
6014
6064
6077
6254
6326
6109
5937
5864
5823
5828
5833
5782
6005
5927
5964
5821
5892
5988
5856
5890
5865
5888
5773
5896
5925
5814
5905
6148
6194
6105
6036
6053
6033
5941
5963
6050
5986
5995
5891
5771
5799
5861
6028
5913
5935
5873
5862
5913
6068
6002
5969
5994
5996
6139
6315
6236
6156
6299
6480
6525
6678
6709
6838
7002
7047
6959
6998
6947
6945
6839
6809
6727
6730
6780
6763
6736
6681
6607
6608
6566
6563
6567
6542
6396
6185
6202
6274
6332
6038
6133
6206
6188
6098
6004
6058
6000
6116
5965
5846
5818
5698
5600
5686
5820
5841
5912
5882
5759
5728
5587
5536
5463
5218
5198
5120
5133
5155
5006
5032
5180
5054
4982
5136
5197
5125
5101
5126
5117
5209
5276
5253
5246
5201
5132
5169
5073
5171
5234
5126
5117
4967
4885
4966
5018
4983
4785
4854
4746
4895
4862
4896
4986
5176
4933
4866
4908
4875
4850
4834
5001
4950
5044
5012
5178
5220
5133
5124
5132
5150
5317
5488
5644
5463
5477
5473
5431
5599
5612
5565
5496
5505
5375
5182
5287
5061
5111
5007
4986
4992
5035
5086
5137
4941
4920
5019
4981
5075
5021
4957
4941
4874
4834
4901
4897
4739
4705
4704
4870
4977
4969
4944
4893
5209
5001
5178
5154
5212
5124
5090
5095
4968
4969
5020
5154
5291
5398
5571
5600
5548
5474
5358
5191
5360
5342
5328
5199
5272
5320
5250
5102
5139
5055
5295
5290
5388
5385
5435
5588
5627
5666
5732
5624
5581
5713
5881
5776
5614
5697
5577
5640
5541
5747
5657
5601
5694
5833
5732
5661
5500
5411
5337
5429
5488
5517
5676
5771
5610
5625
5676
5677
5528
5493
5440
5246
5360
5405
5557
5392
5417
5372
5321
5382
5338
5316
5344
5347
5329
5509
5483
5563
5625
5449
5293
5403
5262
5258
5070
5031
5082
5136
5234
5426
5290
5483
5550
5514
5537
5507
5599
5539
5331
5263
5258
5321
5204
5310
5241
5279
5138
5116
5262
5252
5260
5490
5465
5663
5692
5679
5783
5836
5947
5919
5887
6194
6069
6263
6134
6154
6060
5862
6029
5980
5923
5891
5813
5910
5880
5924
5782
6037
5974
6124
5985
6057
5959
5903
5870
6008
6167
6289
6297
6277
6508
6678
6664
6735
6765
6807
7056
6887
7179
7139
7096
6888
6877
6883
7002
7029
6894
6892
6848
6758
6887
6950
6816
6862
6860
6913
6829
6769
6713
6884
6783
6732
6757
6632
6595
6562
6659
6678
6598
6691
6802
6802
6580
6491
6480
6387
6503
6570
6465
6569
6526
6465
6159
6039
6158
6229
6370
6415
6631
6616
6534
6620
6741
6796
6701
6755
6738
6725
6448
6465
6370
6505
6677
6612
6573
6587
6616
6521
6444
6411
6357
6443
6175
6284
6187
6156
6126
6148
6058
6105
6196
6175
6076
6013
6106
6045
6121
6057
5937
5934
6038
5787
5765
5817
5869
5879
5669
5763
5750
5677
5716
5701
5660
5788
5847
5898
5746
5638
5707
5644
5644
5478
5434
5382
5522
5444
5633
5602
5652
5656
5736
5794
5622
5658
5562
5711
5660
5738
5928
5780
5938
5933
6126
6072
6038
6137
6147
6031
6098
6000
6096
6155
6123
6204
