1005000
266816
172813
128897
101780
84333
72228
63087
56056
50328
45928
42014
38418
35612
32791
30125
28471
26828
25472
23907
22585
21668
20801
20078
19211
18538
17485
16850
15924
15295
14728
14255
13499
13166
12658
12321
12162
11771
11385
11056
10821
10574
10398
10472
10297
10053
9825
9592
9428
9333
9281
9146
9149
8960
8777
8620
8517
8535
8326
8222
8120
8044
7786
7440
7325
7165
7019
6849
6702
6590
6469
6314
6195
6199
5907
5736
5863
5876
5960
5819
5778
5763
5827
5859
5711
5518
5683
5641
5510
5293
5371
5404
5359
5311
5354
5351
5429
5351
5303
5411
5549
5557
5533
5459
5534
5344
5390
5242
5279
5486
5613
5432
5509
5509
5301
5515
5761
5778
5809
5817
5951
6190
6309
6316
6099
6018
6110
6004
6060
6047
5890
5757
5710
5791
5809
5782
5758
5698
5626
5568
5772
5640
5705
5649
5540
5656
5647
5666
5620
5742
5836
5819
5842
5927
5820
5816
5960
5866
5781
5658
5516
5512
5599
5498
5405
5384
5482
5244
4993
4950
4990
5060
4965
4926
5055
5047
5025
4951
4741
4607
4667
4590
4618
4573
4531
4399
4582
4530
4605
4664
4560
4401
4432
4209
4175
4267
4337
4427
4574
4582
4557
4568
4511
4450
4392
4341
4248
4246
4242
4175
4239
4358
4260
4311
4237
4209
4217
4310
4493
4518
4488
4501
4392
4380
4470
4366
4443
4477
4484
4572
4509
4626
4547
4349
4349
4315
4443
4326
4183
4177
4190
4384
4465
4442
4343
4375
4465
4552
4560
4478
4517
4374
4323
4457
4374
4344
4343
4292
4327
4612
4771
4920
4773
4722
4746
4755
4583
4517
4501
4535
4560
4459
4531
4537
4448
4349
4410
4522
4447
4371
4471
4487
4621
4466
4604
4530
4532
4489
4572
4552
4484
4531
4517
4362
4390
4193
4266
4179
4050
4008
4065
4153
4135
4049
3903
3922
3945
4079
3966
4063
4083
4127
4046
4227
4204
4295
4215
4261
4376
4253
4383
4431
4434
4456
4491
4471
4505
4470
4466
4350
4446
4410
4495
4558
4476
4307
4250
4243
4188
4198
4350
4234
4341
4512
4551
4514
4479
4548
4620
4702
4745
4897
4752
4658
4624
4758
4773
4861
5024
4907
4866
4747
4744
4726
4588
4721
4785
4702
4628
4665
4631
4585
4454
4336
4497
4529
4537
4380
4478
4420
4510
4675
4677
4613
4517
4438
4570
4650
4596
4551
4613
4529
4450
4616
4472
4390
4329
4270
4280
4341
4196
4164
4100
4145
4017
3928
3944
4063
4125
4142
4300
4216
4129
4099
4214
4093
4059
4188
4441
4473
4637
4611
4631
4664
4714
4783
4860
4792
4798
4781
5046
5087
5094
5094
5302
5206
5297
5488
5506
5551
5659
5510
5590
5560
5484
5247
5154
5303
5204
5147
5234
5116
5170
5141
5225
5280
5274
5301
5366
5389
5385
5322
5266
5239
5169
5226
5373
5478
5497
5634
5576
5690
5640
5707
5657
5684
5661
5803
5947
5873
5731
5750
5669
5832
5717
5729
5725
5737
5788
5651
5534
5471
5472
5433
5533
5575
5439
5623
5568
5586
5627
5617
5626
5582
5613
5552
5733
5786
5888
5851
5705
5753
5835
5749
5688
5764
5631
5812
5787
5705
5752
5788
5684
5700
5766
5683
5769
5871
5769
5777
5792
5766
5772
5976
6172
6057
6012
6139
6256
6233
6205
6072
6003
5941
5996
5941
5934
5848
5989
6126
6326
6307
6079
6203
6117
6253
6468
6635
6701
6669
6630
6698
6840
6664
6823
6841
6835
6921
6767
6803
6901
6785
6877
6942
6868
6835
6907
6692
6644
6609
6708
6709
6538
6525
6515
6630
6545
6557
6530
6353
6321
6413
6304
6051
6135
6149
6228
6451
6393
6224
6254
6100
6095
6190
5886
5804
5829
5914
5868
5922
5874
5853
5795
5780
5705
5536
5480
5586
5487
5376
5377
5383
5359
5481
5404
5412
5379
5084
4948
4955
4816
4845
4965
4965
5113
5330
5283
5213
5316
5252
5332
5384
5550
5641
5579
5636
5532
5697
5690
5750
5772
5683
5520
5480
5606
5551
5438
5373
5398
5377
5468
5555
5549
5478
5487
5462
5349
5199
5108
5144
5163
5107
5224
5294
5311
5550
5707
5542
5670
5645
5392
5214
5192
5191
5274
5335
5453
5476
5505
5425
5486
5522
5685
5610
5646
5738
5666
5656
5596
5695
5750
5685
5768
5851
6000
5852
5692
5667
5693
5820
5729
5831
5889
6090
6166
6085
6192
6229
6215
6164
6030
5902
5985
6067
5913
5875
5794
5867
5949
5903
5728
5863
5978
5915
6130
6304
6381
6363
6444
6529
6328
6326
6401
6357
6330
6247
6192
6088
6148
6169
6167
5977
6121
6151
6056
6094
5945
6000
6102
6113
5938
6153
6025
6151
6144
6316
6385
6384
6385
6406
6303
6207
6090
6147
6041
6101
6223
6279
6217
6192
6199
6401
6449
6261
6560
6473
6554
6644
6686
6841
6860
7065
7037
7191
7184
7240
7196
7215
7266
7304
7346
7291
7517
7493
7555
7489
7419
7243
7182
7182
7210
7376
7421
7423
7331
7298
7287
7092
7062
7135
7164
7125
7143
7081
6839
6855
6813
6731
6784
6723
6812
6677
6682
6605
6712
6749
6809
6839
7011
6988
6769
6538
6597
6508
6702
6616
6751
6603
6505
6605
6594
6473
6465
6561
6515
6825
6761
6576
6483
6460
6440
6489
6575
6527
6595
6466
6385
6367
6376
6290
6258
6376
6564
6387
6420
6586
6529
6576
6446
6458
6484
6461
6615
6615
6493
6742
6577
6533
6410
6566
6521
6576
6674
6638
6655
6478
6306
6237
6370
6312
6453
6381
6164
6235
6160
6250
6216
6192
6081
5971
6073
5930
5998
6004
5939
6029
6147
6122
6204
6298
6206
6190
6045
5884
6090
6013
6084
6468
6393
6513
6440
6379
6308
6574
6529
6424
6589
6719
6360
6404
6504
6647
6553
6509
6530
6630
6572
6712
6735
6667
6607
6553
6459
6564
6619
6403
6253
6317
6277
6316
6524
6521
6585
6594
6504
6563
6541
6510
6392
6406
6452
6494
6342
6302
6385
6308
6199
5872
5766
5656
5682
5550
5508
5643
5660
5659
5682
5674
5785
5840
5825
5763
5529
5690
5592
5796
5903
5923
5911
5847
5923
5913
5957
5901
5760
5726
5787
5692
5584
5720
5645
5859
6030
6015
6034
6112
6197
6238
6187
6323
6253
6245
6125
6072
5971
5930
6029
5992
6086
5935
5943
6032
6023
6129
6012
6103
6006
6120
6229
6296
6300
6364
6351
6416
6560
6691
6574
6485
6451
6291
6233
6108
6243
6084
5981
6003
5931
5890
5926
5886
5962
6043
6165
6192
6202
6302
6289
6225
6497
6492
6559
6470
6576
6564
6474
6462
6618
6559
6769
6920
7111
7203
6829
7003
7027
6789
6851
6865
6966
7095
7183
7191
7073
7034
6877
6902
6775
6737
6569
6783
6887
6909
6844
6676
6886
6866
6859
6715
6611
6551
6465
6511
6353
6308
6331
6528
6540
6692
6557
6671
6682
6713
6735
6606
6367
6236
6163
6038
6049
6180
6306
6196
6494
6448
6559
6415
6634
6560
6527
6470
6331
6388
6402
6463
6525
6611
6713
6694
6563
6623
6485
6486
6378
6217
6235
6206
6128
6194
6146
6077
6168
6287
6161
6293
6285
6304
6153
6112
6051
6064
6203
6202
6203
6280
6418
6218
5966
5858
5567
5801
5807
5821
5951
5765
5696
5729
5841
5845
5723
5709
5770
5634
5634
5596
5546
5738
5565
5599
5630
5614
5403
5407
5402
5304
5333
5261
5144
5016
5061
5144
5167
5132
4974
5109
5204
5218
5262
5407
5313
5422
5295
5224
5177
5228
5076
5140
5269
5436
5382
5426
5280
5170
5171
5301
5328
5472
5462
5380
5262
5305
5323
5415
5260
5261
5357
5297
5215
5339
5527
5540
5500
5488
5529
5694
5576
5532
5537
5487
5591
5427
5403
5575
5839
5833
6100
6206
6302
6380
6641
6513
6370
6475
6473
6561
6773
6866
6995
6983
6970
7117
7093
6892
6857
6732
6680
6715
6789
6600
6436
6373
6347
6425
6283
6307
6330
6315
6374
6176
6159
6266
6167
6150
6047
5969
5860
5808
5988
5981
6149
6298
6378
6391
6426
6388
6482
6537
6505
6730
6661
6698
6734
6663
6688
6681
6595
6583
6717
6661
6691
6622
6595
6620
6446
6381
6296
6224
6205
6151
6366
6718
6728
6682
6753
6884
6865
6869
6846
6829
6802
6703
6568
6558
6509
6418
6415
6409
6281
6240
6161
6276
6320
6329
6137
6273
6243
6305
6294
6389
6265
6185
6082
6328
6484
6498
6455
6459
6406
6439
6376
6366
6495
6184
6148
6124
6173
6175
6109
6071
6081
6005
6033
6110
6286
6337
6264
6270
6263
6229
6261
6286
6311
6239
6296
6383
6282
6364
6423
6502
6408
6492
6152
6116
5990
6035
5937
5774
5851
5914
5932
5909
5886
5922
5798
5778
5728
5739
5785
5787
5893
5691
5643
5751
5740
5667
5660
5753
5490
5354
5388
5295
5295
5339
5253
5195
5140
5073
5230
5261
5155
5295
5238
5372
5381
5545
5713
5777
5741
5624
5672
5623
5624
5781
5626
5513
5515
5609
5726
5664
5643
5707
5703
5898
5878
5662
5852
6058
6156
6371
6311
6318
6119
6071
5963
5973
5921
5860
5747
5386
5298
5238
5147
5165
5315
5297
5270
5408
5342
5462
5324
5246
5149
5129
5162
5222
5226
5144
5470
5430
5343
5537
5516
5293
5274
5265
5303
5386
5239
5219
5318
5536
5435
5326
5220
5343
5418
5411
5451
5416
5553
5546
5512
5641
5566
5529
5374
5528
5545
5561
5659
5665
5731
5823
5901
5994
5983
6123
6144
6280
6349
6293
6238
6235
6182
6223
6227
6261
6322
6354
6440
6281
6248
6174
6160
6175
6079
5881
5984
6088
5766
5764
5737
5611
5595
5533
5393
5155
4980
5129
5095
5036
4800
4828
5011
5304
5231
5183
5026
5069
4923
4656
4701
4706
4715
4720
4688
4746
4717
4683
4540
4515
4496
4726
4683
4843
4896
4678
4562
4420
4401
4419
4400
4268
4388
4316
4256
4215
4126
4296
4252
4232
4249
4199
4188
4208
4225
4167
4207
4071
4044
3997
3964
3978
4038
4033
3977
4037
3903
3825
3820
3729
3729
3702
3728
3731
3771
3736
3635
3701
3673
3567
3537
3672
3686
3742
3781
3909
3826
3725
3626
3640
3568
3531
3498
3467
3511
3593
3702
3742
3795
3963
3927
3932
3936
3956
3928
3788
3830
3852
3812
3737
3809
3710
3742
3792
3718
3692
3691
3843
3842
3858
3919
3799
3685
3734
3749
3555
3551
3751
3908
3839
3834
3858
3946
3937
3818
3675
3549
3574
3579
3639
3657
3691
3803
3661
3784
3681
3901
3904
3859
3814
3853
3812
3914
3834
3857
3943
3940
3882
3816
3905
3879
3713
3781
3712
3830
3885
3980
4126
3994
4130
4138
4209
4259
4338
4416
4417
4331
4277
4268
4310
4273
4316
4373
4231
4311
4434
4437
4451
4414
4315
4290
4423
4459
4479
4488
4386
4566
4691
4757
4755
4813
4953
4944
4995
5035
4879
4915
4853
4929
4987
5089
5243
5088
5112
5095
5102
4975
4983
5038
5249
5409
5463
5593
5635
5652
5731
5706
5547
5512
5520
5456
5446
5560
5536
5571
5469
5575
5708
5680
5927
5798
5772
5811
5927
5851
5995
5868
5900
5983
5961
5909
5831
5850
5933
5764
5770
5728
5985
6037
5914
6030
6071
6125
6372
6398
6330
6308
6201
6281
6331
6320
6430
6375
6537
6740
6507
6388
6464
6460
6488
6294
6142
6191
6197
6201
6170
6389
6289
6366
6386
6036
5822
5907
6029
6112
6013
6185
6378
6489
6541
6640
6783
6717
6728
6613
6645
6655
6684
6575
6490
6637
6590
6545
6517
6435
6456
6483
6628
6731
6722
6621
6636
6674
6621
6730
6381
6267
6315
6224
6243
6431
6397
6414
6223
6403
6402
6343
6451
6431
6520
6607
6266
6180
5970
6147
6263
6380
6275
6270
6257
6338
6196
6283
6193
6262
6275
6225
6215
6084
6052
6080
6022
5995
5991
5889
6031
5862
5804
5860
5995
6222
6100
6173
6034
6030
5952
5920
5945
6068
5953
5845
5962
5956
6087
5982
6152
6201
6437
6501
6596
6559
6688
6528
6477
6349
6371
6290
6238
6392
6521
6681
6550
6380
6343
6259
6276
6227
6242
6191
6201
6190
6045
5911
5817
5628
5717
5702
5677
5683
5801
5906
6021
6024
5893
5840
5964
5980
6020
6122
6066
5839
5850
5892
6019
6075
5985
5959
5938
5807
5767
5569
5333
5281
5237
5286
5315
5288
5256
5344
5413
5353
5277
5360
5522
5631
5750
5822
5798
5767
5872
5834
5755
5752
5656
5700
5636
5782
5878
5884
6045
6115
6117
6054
6131
6083
6128
5907
5910
5935
5879
6093
5925
5849
5807
5806
5743
5698
5774
5586
5879
5959
6011
6012
5915
5880
6048
6169
6164
6143
6194
6048
6068
6052
6129
6110
6186
6151
6050
6088
6351
6300
6473
6520
6396
6263
6259
6230
6204
6184
5963
5905
5927
5926
6052
6190
6156
6072
5827
6078
6075
6128
5900
5852
5742
5720
5784
5720
5735
5436
5355
5328
5288
5307
5377
5199
5251
5314
5251
5145
5215
5234
5083
5013
5071
4860
4798
4943
4921
4827
4849
4961
4948
4935
4875
4858
4857
4772
4775
4826
4834
4854
4846
4919
4991
5223
5106
5202
5336
5301
5169
5221
5162
5067
5225
5102
5062
5260
5504
5525
5626
5765
5760
5851
5930
5923
6004
6050
6048
6061
6164
5935
5974
6033
6017
5950
5883
5667
5586
5582
5673
5633
5571
5745
5721
5644
5598
5445
5232
5267
5196
5406
5518
5634
5644
5525
5457
5349
5317
5473
5436
5390
5402
5458
5496
5614
5666
5612
5560
5299
5348
5461
5519
5448
5403
5447
5454
5620
5693
5843
5808
5681
5733
5918
5969
6061
6151
6112
6155
6123
5996
5815
5900
5920
6040
5976
5883
5993
6038
6050
6046
6011
6084
6128
6088
6071
6045
6038
6058
6190
6179
6362
6190
6325
6330
6301
6404
6451
6304
6059
6071
6210
6217
5970
5806
5764
5786
5615
5619
5508
5416
5342
5499
5603
5464
5543
5604
5412
5392
5280
5441
5528
5500
5622
5666
5791
5734
5714
5701
5957
5902
5970
5951
5983
6010
6100
6209
6382
6288
6390
6401
6290
6127
6204
6510
6690
6264
6303
6353
6397
6292
6234
6259
6327
6396
6398
6365
6471
6556
6438
6303
6509
6502
6473
6395
6412
6331
6298
6173
5917
5908
5648
5604
5489
5558
5522
5351
5404
5341
5280
5263
5090
5060
5013
4995
5043
5057
5028
4761
4672
4549
4551
4595
4556
4578
4639
4769
4787
4650
4638
4596
4529
4544
4610
4585
4581
4641
4730
4697
4651
4598
4486
4419
4309
4256
4254
4344
4390
4513
4610
4396
4467
4360
4424
4426
4297
4227
4321
4321
4339
4366
4344
4307
4306
4137
4241
4241
4398
4490
4588
4686
4693
4663
4713
4717
4623
4625
4602
4447
4658
4683
4697
4449
4537
4424
4492
4484
4471
4517
4657
4704
4689
4699
4560
4564
4653
4607
4587
4691
4798
4701
4600
4562
4695
4918
4875
4888
4825
4845
4777
4713
4628
4591
4516
4560
4537
4592
4645
4524
4670
4523
4611
4525
4554
4623
4817
4768
4753
4753
4889
4862
4883
4857
4836
4745
4656
4706
4733
4611
4637
4771
4765
4582
4470
4414
4497
4506
4478
4545
4775
4745
4789
4899
5042
5191
5124
5201
5385
5370
5273
5427
5488
5408
5301
5365
5226
5055
5011
4849
4962
4982
4991
4993
4893
4875
4808
4804
4734
4809
4732
4916
4930
4919
4740
4797
4906
4848
4751
4691
4983
5161
5274
5145
4887
4781
4737
4734
4743
4683
4576
4573
4527
4514
4601
4497
4514
4550
4706
4829
4669
4627
4708
4577
4634
4560
4413
4396
4349
4302
4249
4372
4323
4217
4324
4360
4380
4605
4788
4764
4829
4902
4851
4892
5016
4992
5054
4925
5033
5003
5015
5247
5251
5198
5082
4988
5118
5071
5176
5524
5610
5519
5521
5529
5634
5675
5703
5662
5622
5697
5729
5614
5483
5458
5399
5435
5436
5413
5373
5526
5684
5552
5590
5663
5628
5572
5633
5533
5408
5560
5414
5329
5316
5374
5405
5373
5477
5410
5378
5412
5406
5339
5272
5314
5236
5365
5254
5309
5262
5397
5334
5258
5274
5347
5496
5436
5581
5721
5840
5710
5668
5580
5479
5644
5821
5828
5971
5957
5826
6043
6022
6001
5950
5970
6085
6141
6101
6049
6119
6420
6404
6345
5996
6126
6127
5903
6007
5800
5671
5666
5674
5693
5467
5438
5452
5501
5651
5809
5758
5797
5766
5602
5477
5403
5187
5378
5514
5533
5445
5312
5081
5000
4963
4959
4884
4972
5076
5210
5287
5321
5460
5445
5519
5473
5531
5322
5193
5109
4959
4890
4762
4522
4497
4468
4312
4209
4206
4081
4097
4354
4386
4487
4539
4576
4614
4545
4624
4627
4852
4795
4777
4844
4659
4718
4743
4851
5043
5088
5146
5235
5315
5490
5633
5770
5923
5911
5874
6031
6110
6054
6055
6119
6198
6305
6264
6320
6130
6081
6136
6144
6133
6104
6030
5844
5776
5594
5602
5724
5533
5674
5683
5704
5705
5547
5446
5431
5513
5770
5672
5618
5409
5495
5760
5868
5870
5844
6057
6001
5957
6014
6061
6104
6230
6134
6119
6236
6227
6418
6276
6151
6249
6458
6573
6495
6272
6193
6206
6246
6302
6078
6095
5907
5803
5902
5995
5920
5923
5883
5740
5739
5863
5981
5925
5986
6027
6268
6006
5863
5756
5705
5765
5816
5776
5750
5673
5629
5525
5505
5407
5356
5299
5344
5341
5181
5243
5207
5239
5280
5331
5363
5189
5119
5149
5136
5107
4983
5045
5014
4954
5056
5090
5072
5257
5266
5001
5064
4895
4873
4919
4873
4914
5137
5092
4920
4841
4920
4791
4743
4714
4659
4664
4609
4611
4589
4579
4698
4384
4199
4187
4096
4035
4208
4267
4218
4297
4256
4197
4214
4109
4013
4028
4129
4187
4360
4335
4300
4325
4369
4302
4058
4183
4091
3926
4093
4009
4138
4250
4179
4264
4406
4354
4266
4280
4285
4313
4390
4352
4183
4211
4290
4390
4446
4535
4643
4574
4562
4519
4425
4381
4454
4477
4597
4532
4610
4616
4651
4424
4364
4437
4409
4363
4377
4466
4624
4537
4600
4502
4393
4507
4542
4583
4585
4580
4519
4693
4705
4616
4574
4571
4553
4570
4591
4543
4516
4529
4593
4682
4720
4861
4935
4995
5042
5278
5129
5040
5090
4841
4622
4541
4500
4568
4543
4621
4744
4716
4787
4867
4940
4907
4753
4793
4774
4711
4787
4734
4653
4950
4949
4900
4983
4901
4941
4755
4861
4804
4741
4791
4748
4953
4795
4865
4780
4813
4652
4644
4587
4562
4445
4350
4361
4340
4453
4410
4408
4518
4720
4907
4806
4740
4572
4617
4593
4620
4545
4653
4669
4610
4679
4659
4686
4875
4847
4843
4939
4982
5025
4999
4991
4868
4840
4833
4834
4797
4924
5016
5151
5053
4975
5009
4918
4936
4850
4797
4751
4615
4645
4530
4462
4524
4587
4533
4581
4547
4392
4492
4394
4315
4393
4493
4454
4397
4411
4354
4469
4588
4683
4633
4647
4574
4395
4501
4575
4695
4516
4425
4546
4504
4554
4598
4483
4447
4514
4328
4338
4224
4307
4292
4241
4386
4436
4363
4315
4363
4390
4557
4480
4480
4498
4492
4570
4345
4107
4023
4146
4353
4406
4396
4422
4495
4520
4666
4765
4688
4681
4790
4989
5030
4859
4812
4763
4795
4987
5047
5129
5038
5001
4991
4883
4879
4870
4798
4636
4569
4589
4669
4702
4770
4765
4819
4844
4755
4709
4706
4583
4623
4766
4828
4790
4778
4874
5020
5130
5174
5055
5134
5073
5136
5174
5112
4997
5080
5167
5111
5261
5277
5168
5225
5245
5380
5608
5684
5553
5373
5369
5413
5425
5553
5661
5679
5635
5769
5656
5626
5730
5673
5657
5632
5636
5788
5721
5857
5687
5696
5686
5832
5823
5633
5631
5704
5555
5522
5483
5545
5450
5585
5588
5650
5537
5417
5422
5424
5325
5315
5114
5022
5049
5171
5240
5168
5194
5262
5252
5181
5189
5287
5227
5250
5352
5350
5247
5300
5282
5423
5343
5240
5209
5223
5255
5236
5241
5232
5147
5085
5005
5095
5233
5226
5266
5353
5520
5341
5329
5316
5439
5570
5591
5455
5440
5380
5387
5308
5400
5393
5396
5295
5353
5443
5502
5590
5396
5410
5412
5367
5431
5447
5465
5484
5561
5495
5295
5308
5366
5371
5537
5576
5535
5570
5522
5692
5734
5530
5648
5556
5636
5767
5693
5737
5887
5977
5859
5814
5691
5745
5769
5869
5769
5698
5798
5897
5936
5962
5867
5875
5898
5807
5799
5916
5955
5904
5738
5872
5938
5858
5954
5993
6195
6315
6207
6328
6238
6235
6338
6322
6372
6263
6191
6140
6007
5922
5975
5968
5847
5913
5988
5760
5730
5753
5805
5727
5636
5785
5874
5892
5843
5753
5744
5802
5860
5791
5842
5981
6094
6172
6254
6284
6433
6737
6651
6600
6600
6591
6507
6596
6600
6537
6432
6493
6765
6711
6604
6652
6597
6556
6676
6657
6488
6497
6462
6553
6579
6613
6512
6675
6780
6967
6890
6947
6934
6792
6693
6814
6640
6589
6491
6452
6206
6360
6412
6033
6421
6444
6605
6501
6310
6288
6236
6012
5800
5574
5576
5614
5473
5439
5354
5342
5525
5522
5484
5535
5636
5632
5822
5825
5701
5674
5699
5617
5870
5876
5869
5936
5939
5983
6122
6073
6221
6115
6145
6063
6377
6344
6421
6448
6127
6018
5652
5637
5596
5723
5833
5707
5588
5547
5651
5498
5480
5537
5577
5389
5198
5345
5178
5179
5340
5438
5431
5420
5588
5655
5664
5907
6095
6250
6188
6066
5927
5977
6066
5961
5908
5809
5854
5889
5887
5780
5816
5590
5606
5658
5535
5464
5429
5374
5408
5268
5110
4944
4802
4801
4717
4775
4938
4958
5167
4974
4839
5037
5092
4990
4981
4993
5095
5058
5175
5081
5103
5120
5361
5420
5395
5390
5317
5386
5332
5536
5447
5323
5294
5168
5174
5064
5093
5076
4991
4949
5050
5055
5111
5069
5015
5109
5053
4951
4974
5025
5117
5093
4961
4988
5013
5024
4986
5008
4963
4979
5004
4980
5007
4860
4704
4842
4851
4963
4902
4733
4793
4697
4776
4802
4828
5003
4907
4936
5004
5021
4857
4986
4967
4915
5031
5157
5256
5446
5448
5378
5442
5378
5308
5445
5354
5181
5271
5107
5180
5265
5242
5292
5302
5421
5350
5362
5379
5461
5298
5257
5489
5320
5184
5236
5005
5009
4822
4613
4573
4490
4511
4429
4402
4407
4398
4356
4451
4469
4508
4511
4497
4343
4420
4483
4494
4566
4479
4580
4669
4638
4739
4669
4778
4667
4669
4753
4753
4739
4812
5029
5085
5066
5014
5168
5249
5247
5164
5184
5214
5291
5286
5243
5175
5288
5326
5230
5387
5389
5357
5518
5660
5732
5752
5792
5790
5654
5665
5652
5816
5951
5878
5885
5978
6028
5884
5886
5855
5833
5666
5668
5467
5508
5504
5687
5745
5620
5469
5429
5480
5477
5426
5528
5738
5616
5717
5610
5514
5405
5449
5537
5522
5437
5602
5440
5429
5261
5349
5384
5303
5309
5199
5373
5437
5567
5543
5808
5828
5915
5913
5705
5844
5841
5988
5963
5982
5916
5861
5695
5774
5820
5686
5865
5759
5694
5582
5640
5560
5497
5325
5381
5506
5573
5619
5656
5655
5687
5567
5536
5585
5533
5509
5589
5540
5580
5679
5694
5823
5934
5890
5785
5707
5800
5860
5939
6036
6121
6020
6001
5881
5991
6181
6049
5929
5888
5981
6020
5853
5768
5889
6113
6049
6170
6194
6231
6183
6366
6299
6325
6352
6229
6334
6303
6360
6460
6376
6378
6412
6516
6564
6619
6684
6657
6555
6544
6475
6411
6322
6484
6623
6719
6606
6491
6401
6224
6163
6216
6379
6320
6352
6334
6279
6329
6454
6335
6169
6138
6150
6190
6237
6327
6437
6408
6230
6485
6485
6765
6948
6908
6813
6864
6848
7018
6918
7082
6928
6808
6811
6649
6634
6727
6543
6471
6357
6288
6251
6416
6338
6253
6270
6097
6118
6187
6283
6445
6699
6746
6920
6768
6745
6780
6753
6651
6810
6835
6943
7060
7285
7268
7191
7300
7268
7390
7461
7636
7358
7356
7305
7529
7537
7634
7806
7862
7710
7701
7760
7802
7813
7930
8171
8182
8145
8000
7938
7896
7880
7799
8006
7886
7900
8077
7975
7806
7644
7740
7584
7376
7293
7214
7111
7310
7426
7437
7445
7222
7189
7266
7173
7214
7111
7143
6940
6973
6934
7009
7076
6906
6720
6767
6717
6798
6720
6668
6409
6455
6367
6276
6453
6674
6651
6543
6368
6469
6447
6437
6402
6496
6603
6778
6901
7010
6918
6939
7061
7104
7024
6993
7116
7289
7277
7497
7310
7472
7565
7395
7047
7016
7154
6999
6789
6817
6834
6952
6985
6867
6691
6642
6741
6788
6726
6666
6608
6673
6574
6626
6576
6486
6330
6447
6732
6967
6933
6921
6904
6962
6760
6812
6792
6876
6940
6828
6748
6646
6751
6827
6595
6625
6779
6639
6624
6636
6707
6588
6568
6571
6445
6435
6360
6466
6388
6530
6947
7091
6818
6695
6629
6514
6518
6464
6469
6508
6686
7001
6901
6922
7094
7051
7099
6974
7312
7606
7621
7580
7691
7620
7862
7712
7732
7848
7850
7658
7632
7572
7485
7316
7223
7169
7311
7080
6990
6851
7024
7051
6820
6743
6806
6824
6921
6859
6931
7084
7168
7301
7142
7195
7227
7217
7164
7125
7225
7251
7259
7242
7287
7294
7169
7344
7408
7691
7686
7850
7717
7867
7739
7642
7552
7694
7782
7928
7933
7979
7978
7936
8006
8068
8141
8236
8192
8122
8085
8139
8414
8261
8389
8325
8128
7919
8121
7858
7827
7855
7797
7887
7679
7600
7485
7130
7141
6930
7208
7414
7299
7434
7520
7516
7355
7756
7841
7942
8095
8015
8081
8105
7936
8015
7886
7882
7932
7985
8084
7985
8100
8030
8135
7908
8115
8064
8089
7889
8087
8087
7877
7620
7487
7378
7371
7164
7369
7414
7511
7641
7642
7616
7676
7623
7684
7693
7681
7501
7296
7293
7151
7005
7251
7394
7331
7120
7127
6887
6961
7017
6965
6899
6815
6897
6883
6845
6652
6562
6381
6363
6458
6323
6435
6188
6222
6116
6202
6137
6008
6041
6034
6020
5919
5838
6073
6242
6183
6174
6247
6431
6394
6449
6414
6447
6342
6355
6341
6327
6218
6337
6280
6336
6262
6350
6419
6296
6425
6508
6520
6450
6527
6423
6600
6439
6305
6283
6167
6371
6572
6448
6436
6375
6375
6439
6327
6302
6302
6436
6229
6437
6483
6478
6626
6612
6517
6460
6321
6392
6460
6439
6429
6453
6433
6509
6535
6660
6622
6604
6665
6713
6726
6682
6566
6665
6779
6704
6552
6586
6582
6637
6767
6854
6858
6946
6959
6736
6565
6463
6322
6263
6227
6010
5969
5940
5913
5708
5452
5415
5512
5610
5735
5678
5544
5600
5690
5738
5987
5890
5998
6019
5882
5840
5854
5880
5952
6126
6070
6271
6449
6286
6255
6381
6395
6372
6634
6569
6566
6285
6214
6091
6031
6079
6100
6084
6193
6205
6156
6092
5993
6028
5909
6038
6187
6327
6196
6145
6119
6196
6347
6470
6479
6421
6238
6326
6154
6239
6304
6452
6591
6441
6473
6540
6481
6516
6492
6580
6759
6729
6582
6489
6321
6358
6330
6302
6411
6387
6395
6244
6222
6268
6149
6116
6036
6155
6158
6295
6048
5943
6179
6204
6177
6110
6099
5892
6074
6129
6203
6232
5954
5887
5994
6006
6034
5982
5796
5850
5793
5660
5616
5626
5513
5573
5591
5640
5623
5451
5412
5271
5293
5366
5416
5341
5302
5325
5180
5140
5055
5232
5234
5394
5389
5249
5174
5160
4948
4811
5060
4938
4858
4790
4580
4614
4524
4555
4536
4486
4485
4538
4571
4426
4360
4464
4568
4711
4697
4689
4750
4661
4768
4898
4905
4889
4757
4792
4762
4754
4850
4834
4739
4552
4576
4665
4629
4710
4662
4707
4560
4375
4514
4494
4419
4303
4478
4568
4503
4282
4383
4407
4350
4367
4381
4531
4646
4704
4729
4881
4855
4894
4804
4745
4761
4905
4765
4649
4698
4817
4904
4868
4851
4789
4812
4967
5073
5036
4865
4908
4891
4825
4707
4653
4766
4768
4907
4886
4930
5113
5249
5367
5472
5446
5409
5443
5401
5385
5571
5576
5474
5627
5656
5754
5779
5679
5762
5778
5967
6101
5879
5838
5821
5865
5738
5831
5852
5823
5992
6043
6102
5878
5940
5878
5697
5599
5599
5714
5803
5744
5818
5780
5767
5689
5751
5755
5674
5695
5551
5558
5514
5648
5597
5442
5455
5460
5480
5327
5160
5217
5259
5325
5234
5174
5356
5202
5422
5363
5374
5354
5316
5252
4994
5039
4914
5061
5006
4855
5049
4908
4964
4987
4793
4895
4871
4767
4573
4588
4481
4387
4478
4228
4200
4158
4068
4011
4065
4177
4139
4072
4063
4116
4114
4069
4032
4064
4111
3942
3835
3788
3822
3827
3931
3860
3888
3860
3950
3905
3870
3824
3749
3644
3736
3936
3846
3869
3863
3882
3668
3798
3870
3777
3680
3720
3862
3934
4077
4106
4081
4103
4134
4117
4175
4182
4276
4305
4349
4325
4316
4294
4284
4278
4280
4339
4560
4577
4646
4577
4530
4417
4489
4630
4708
4762
4751
4709
4643
4558
4618
4609
4521
4424
4663
4752
4648
4690
4700
4748
4734
4728
4722
4677
4701
4826
4718
4559
4576
4440
4453
4369
4552
4739
4813
4818
4822
4861
4983
4985
4899
4912
4789
4634
4774
4883
4961
4861
4867
4924
4804
4668
4494
4366
4366
4401
4374
4372
4233
4092
4062
4044
4164
4217
4304
4232
4160
4079
4012
4052
4175
4160
4200
4294
4297
4338
4320
4245
4311
4355
4521
4577
4527
4568
4483
4335
4365
4418
4441
4552
4517
4470
4551
4728
4590
4723
4491
4456
4506
4424
4424
4388
4304
4226
4187
4125
4277
4170
4129
4174
4181
3891
3876
3764
3724
3850
3846
3960
4177
4200
4090
4056
4185
4232
4236
4361
4306
4240
4385
4426
4372
4199
4133
4284
4319
4291
4262
4243
4209
4261
4257
4339
4396
4433
4374
4273
4241
4041
4109
4160
4088
4232
4380
4333
4427
4419
4499
4483
4331
4307
4346
4174
4085
4079
4162
4142
3952
4022
4131
3951
4038
3943
3889
3968
3902
3976
4046
4077
4061
4078
4068
4146
4141
4318
4509
4567
4612
4672
4797
4710
4671
4670
4850
4837
4954
5075
5101
5249
5349
5226
5266
5510
5559
5422
5536
5462
5373
5384
5333
5205
5161
5158
5176
5299
5074
4959
5002
5117
5186
5155
5171
5162
5209
5200
5338
5341
5257
5350
5338
5241
5249
5462
5645
5454
5350
5231
5304
5412
5336
5423
5472
5600
5756
5643
5683
5720
5607
5582
5566
5440
5426
5483
5679
5720
