1005000
266333
173590
129516
103186
86314
73793
64115
56476
50704
46125
42136
38682
35620
33324
31002
28790
27524
25727
24536
23097
22176
21264
20327
19563
18833
17900
17124
16489
16168
15357
14894
14542
14115
13900
13315
12958
12725
12229
11711
11644
11375
10851
10474
10408
9806
9635
9248
8988
8841
8734
8554
8505
8396
8670
8584
8388
8158
7877
7710
7473
7195
6996
7064
6879
6800
6883
6766
6698
6510
6583
6544
6536
6465
6473
6336
6394
6242
6126
6157
5987
6086
6211
5906
5791
5653
5522
5400
5544
5461
5407
5397
5401
5482
5402
5476
5457
5308
5138
5015
5162
5046
5177
5239
5062
4976
4941
4909
4956
4824
4839
4803
4642
4686
4657
4600
4503
4503
4671
4798
4698
4430
4498
4492
4646
4649
4578
4629
4341
4448
4293
4256
4254
4249
4087
4163
4135
4299
4286
4045
3960
4076
4019
4152
3950
3910
4010
4163
4176
4318
4228
4235
4182
4236
4369
4300
4264
4245
4186
4334
4159
4175
4059
4169
4026
3953
3973
3815
3939
4079
4128
4177
4170
4109
4106
4074
4001
3961
3850
3704
3733
3775
3652
3719
3688
3770
3684
3859
4021
3940
3948
3914
3843
3782
3759
3743
3645
3573
3532
3377
3460
3402
3413
3456
3495
3434
3503
3426
3363
3408
3405
3502
3529
3530
3495
3601
3569
3665
3697
3580
3561
3731
3709
3792
3642
3529
3453
3364
3202
3233
3289
3287
3366
3334
3307
3304
3309
3372
3366
3328
3374
3394
3380
3498
3572
3537
3532
3399
3410
3476
3367
3262
3193
3088
3002
2971
3043
2973
3183
3298
3293
3209
3181
3184
3067
3080
3129
3157
3280
3331
3193
3010
2851
2895
2833
2790
2743
2743
2704
2608
2538
2484
2430
2407
2428
2382
2339
2331
2337
2316
2256
2206
2233
2220
2278
2263
2217
2325
2285
2331
2245
2182
2153
2148
2047
2049
1909
2023
2052
2121
2079
2074
2055
2024
1993
1989
2007
2036
1914
1887
1882
1869
1875
1904
1894
1952
1926
1857
1984
1933
1993
2034
1952
1902
1939
1980
2062
2107
2116
2113
2199
2170
2112
2290
2257
2196
2151
2154
2124
2145
2123
2115
2141
2064
2142
2172
2128
2064
2049
2028
2026
2106
2109
2083
2149
2158
2052
2064
2097
2109
2007
2043
2041
2178
2197
2295
2188
2159
2162
2147
2079
2164
2190
2146
2139
2074
1986
2028
2172
2046
2185
2122
2094
2131
2222
2251
2222
2200
2151
2058
2067
2114
2047
1945
1973
1944
1983
1971
1995
1966
2092
2127
2103
2215
2140
2058
2016
2011
1946
1947
1989
1941
2025
1990
1969
2080
1986
2046
2034
2010
2040
2045
2139
2278
2367
2376
2289
2173
2128
2233
2232
2184
2191
2221
2303
2294
2285
2250
2259
2125
2037
1912
1962
1954
1964
1893
1915
1934
2065
2050
2115
2053
2085
1987
2041
2052
2004
2075
2067
2069
2094
2155
2218
2289
2278
2341
2330
2341
2295
2308
2340
2290
2352
2392
2318
2378
2310
2137
2240
2293
2296
2283
2238
2307
2310
2235
2256
2264
2278
2314
2352
2363
2416
2426
2344
2395
2265
2249
2239
2194
2313
2321
2526
2518
2617
2580
2396
2396
2427
2396
2268
2331
2305
2307
2190
2204
2194
2200
2289
2304
2290
2380
2448
2385
2339
2409
2449
2537
2560
2510
2591
2701
2692
2660
2776
2805
2896
2952
3078
3014
2991
3032
3121
3025
2980
3036
3017
3042
3077
3111
3173
3069
3126
3111
3151
3122
3057
3003
3162
3205
3286
3259
3240
3337
3388
3369
3369
3466
3472
3415
3522
3513
3485
3495
3520
3510
3531
3579
3675
3741
3705
3616
3652
3687
3824
3856
3818
3812
3832
3738
3708
3909
3906
3989
4040
4134
4168
4304
4422
4463
4604
4622
4462
4338
4413
4411
4459
4512
4501
4510
4620
4649
4718
4791
4827
4860
4763
4823
4762
4464
4456
4511
4458
4441
4249
4298
4146
4066
4015
4020
4073
3926
3831
3853
3931
3846
3841
3784
3720
3681
3719
3893
3744
3636
3616
3662
3668
3659
3545
3569
3539
3465
3476
3573
3505
3418
3351
3353
3421
3407
3455
3519
3486
3469
3494
3393
3360
3443
3445
3490
3558
3493
3350
3365
3461
3478
3508
3493
3496
3623
3648
3670
3555
3575
3515
3673
3640
3590
3582
3662
3564
3764
3712
3765
3845
3816
3893
3872
3731
3742
3637
3601
3682
3603
3664
3511
3536
3592
3519
3485
3440
3501
3460
3616
3650
3884
3815
3968
4166
4171
4127
4035
4046
4097
4328
4487
4365
4372
4406
4287
4217
4076
4080
3908
3928
3965
3909
3868
3787
3660
3651
3775
3831
3876
3862
3976
3918
3862
3760
3910
3888
3906
3989
3909
3884
3770
3848
3867
3713
3732
3748
3715
3615
3712
3675
3700
3730
3673
3731
3774
3940
3989
3891
3761
3811
3887
3951
3994
4164
4023
4060
4126
4118
4164
4080
3962
3994
4041
3967
4051
4175
4231
4335
4231
4213
4079
3977
3850
3892
3827
3856
3891
3763
3693
3732
3816
3929
3871
3786
3790
3672
3707
3680
3778
3904
3811
3890
3894
3829
3901
3840
3713
3644
3693
3614
3668
3715
3675
3648
3744
3725
3830
3900
3763
3764
3955
3881
3842
3670
3744
3729
3728
3784
3668
3671
3560
3657
3872
3869
3959
3726
3653
3746
3739
3913
3904
3929
3969
4027
3963
3871
4088
3979
3928
3908
3974
4062
4046
3837
3906
3919
3942
3752
3717
3867
3781
3621
3654
3584
3543
3457
3401
3332
3336
3477
3442
3690
3700
3660
3695
3639
3683
3757
3895
4010
4228
4178
4288
4152
4141
4084
4007
3918
3933
3972
3934
3944
3956
3959
3924
3913
3809
3882
3932
3934
3906
3998
4056
4002
3980
4071
4068
4231
4345
4318
4297
4226
4364
4300
4337
4244
4173
4113
4280
4337
4424
4539
4522
4569
4636
4539
4476
4408
4307
4268
4360
4399
4418
4463
4480
4519
4561
4475
4413
4365
4287
4202
4238
4176
4217
4162
4139
4158
4234
4255
4414
4482
4574
4521
4604
4573
4606
4745
4610
4587
4481
4413
4336
4345
4448
4368
4313
4270
4179
4091
4198
4234
4334
4357
4297
4486
4363
4284
4251
4189
4119
4010
3914
4083
4039
3989
3851
3769
3660
3682
3580
3511
3423
3371
3484
3606
3531
3628
3706
3683
3626
3736
3667
3682
3710
3731
3737
3636
3637
3691
3656
3713
3670
3654
3687
3743
3686
3803
3892
3899
3742
3826
3733
3645
3718
3789
3793
3704
3853
3720
3705
3727
3579
3636
3749
3672
3743
3855
3943
3964
4006
4021
4014
4092
4156
4102
4024
4011
4004
4109
4030
3921
3920
3879
4021
3934
4029
4066
4070
4055
4066
4177
3976
3953
3896
3757
3851
3722
3728
3855
3922
4012
4130
4015
4026
3942
3832
3945
3994
4031
3960
4036
4113
4220
4067
3904
3974
3964
3888
3991
4000
3993
3954
4162
4262
4173
4167
4158
4194
4176
4218
4233
4103
4044
3987
4052
4021
3802
3813
3843
3805
3892
3918
3965
3949
3913
3782
3788
3766
3728
3858
3812
3775
4028
3942
4036
4033
4050
4012
3978
3898
3871
3795
3615
3771
3824
3818
3763
3750
3861
3821
3889
3934
3878
3832
3710
3651
3734
3830
3805
3740
3754
3791
3749
3766
3696
3728
3645
3669
3639
3654
3624
3625
3731
3742
3813
3952
4105
4205
4125
4177
4217
4422
4417
4427
4372
4340
4238
4259
4067
4030
4034
3973
3880
3808
3898
4092
4168
4036
4127
4187
4175
4094
4203
4209
4234
4152
4084
4124
4107
4323
4425
4640
4737
4759
4768
4623
4525
4564
4675
4668
4611
4714
4766
4697
4796
4814
4749
4757
4799
4920
4928
4855
4673
4727
4811
4969
4987
5134
5090
5072
5084
5277
5053
4962
4848
4852
4832
4730
4565
4472
4566
4402
4340
4401
4313
4445
4320
4284
4377
4448
4375
4519
4514
4663
4559
4594
4719
4829
4694
4695
4674
4768
4829
4841
4849
4600
4591
4522
4653
4613
4753
4751
4795
4780
4844
4902
4921
5031
5091
5190
5065
5211
5356
5373
5320
5255
5329
5204
5212
5389
5411
5453
5496
5406
5226
5408
5269
5240
5265
5120
5240
5104
5009
5043
5126
5238
5472
5447
5392
5356
5397
5185
5157
5160
5170
5076
5076
5175
5051
5090
5063
5098
5098
5120
5162
5231
5029
4946
4972
5023
5214
5338
5374
5743
5772
5770
5635
5594
5358
5248
5123
5251
5158
5331
5267
5266
5274
5297
5259
5189
4960
5009
5053
5173
5285
5239
5276
5251
5104
5155
5297
5306
5311
5292
5370
5234
5262
5272
5354
5581
5882
5876
5837
5704
5654
5672
5671
5885
5776
5754
5693
5781
5936
5903
5760
5778
5502
5475
5235
5242
5261
5160
5181
5094
5145
5281
5220
5272
5292
5328
5396
5314
5405
5348
5458
5331
5176
5197
5139
5006
5270
5268
5446
5369
5401
5475
5305
5343
5488
5563
5303
5373
5349
5220
5319
5384
5545
5422
5679
5377
5214
5079
5138
5111
5125
5271
5270
5095
5140
5028
5033
5169
5229
5217
5396
5254
5239
5081
5187
5061
5015
4957
5020
4847
4958
4916
5012
4961
4996
4830
4954
5030
4922
5079
4985
4978
4962
5005
4953
4884
4909
4844
4868
4944
4886
4903
4814
4970
4862
4846
4847
4917
4892
4867
4807
4744
4775
4856
4862
4926
4819
4772
4680
4623
4679
4588
4563
4447
4435
4472
4671
4821
4751
4838
5085
5150
5248
5196
5083
4915
5114
5093
4951
4906
4836
4822
4748
4654
4529
4630
4530
4360
4420
4378
4315
4354
4294
4310
4345
4370
4317
4285
4099
4148
4127
4054
4141
4222
4248
4249
4227
4179
4185
4130
4126
4114
4110
4153
4131
4218
4256
4304
4280
4286
4420
4326
4451
4349
4242
4343
4392
4431
4485
4523
4531
4698
4561
4652
4653
4619
4538
4541
4431
4553
4578
4673
4701
4723
4803
4865
4857
4774
4718
4806
4859
4843
5018
4985
4975
5050
4985
5000
5059
4850
5139
5073
5118
5259
5367
5363
5249
5407
5367
5375
5531
5453
5463
5471
5462
5392
5212
5279
5434
5561
5515
5510
5349
5177
5038
5087
4970
4989
5000
4979
4924
4787
4870
4914
4932
5026
5135
5062
5083
5261
5095
4907
4834
4794
4614
4492
4364
4306
4305
4369
4252
4252
4207
4199
4239
4399
4324
4393
4278
4419
4630
4567
4470
4573
4720
4820
4974
5031
4717
4822
4808
5019
4878
4926
5101
5049
5130
5189
5347
5333
5240
5205
5312
5311
5471
5518
5686
5631
5354
5457
5380
5474
5504
5616
5680
5722
5926
6069
6075
6136
6145
6206
6213
6170
6237
6176
6396
6361
6327
6355
6482
6450
6319
5957
5868
5907
5885
5994
6064
6085
5982
6109
6144
6361
6403
6511
6443
6456
6428
6460
6414
6434
6540
6599
6422
6448
6364
6293
6078
6077
6108
5909
5950
6061
6111
6037
6026
6121
6024
5950
6014
5870
5986
5815
5753
5667
5664
5763
5551
5618
5734
5844
5840
6008
6062
5881
6108
6166
6314
6314
6330
6233
6220
6101
6031
5997
6175
6085
6191
6373
6160
6250
6295
6170
6172
6093
6085
6148
6225
6282
6206
6130
6098
5911
5965
6015
5978
5912
5933
5839
5773
5642
5601
5582
5579
5555
5676
5726
5777
5693
5695
5740
5890
5733
5721
5661
5541
5525
5435
5625
5531
5568
5712
5457
5405
5392
5339
5206
5252
5358
5264
5387
5414
5386
5325
5298
5329
5322
5237
5130
5218
5097
5050
5180
5159
5166
5227
5188
5232
5296
5485
5400
5430
5476
5369
5497
5429
5428
5668
5729
5849
5692
5560
5571
5624
5513
5646
5877
5832
5813
6092
6042
6178
6213
6123
6241
6234
6152
6092
6115
5983
6045
6101
5933
5934
5988
5990
6045
5953
5886
5806
5974
6019
5951
5951
5984
6041
6088
6036
6135
6121
5996
6021
5797
5908
5947
5953
5913
6152
6195
6302
6406
6308
6260
6150
6129
6011
6046
5960
5804
5765
5752
5658
5786
5956
5954
6081
6032
6189
6160
6276
6278
6350
6377
6509
6346
6231
6326
6412
6544
6715
6792
6692
6493
6270
6244
6402
6490
6457
6386
6470
6580
6645
6579
6646
6367
6272
6239
6262
6309
6340
6381
6491
6522
6383
6057
6137
6177
6162
6044
6038
6141
6214
6235
6220
6302
6355
6540
6719
6786
6735
6832
6720
6471
6331
6522
6627
6414
6316
6403
6398
6230
6275
6336
6365
6268
6330
6317
6033
5864
5946
5937
5776
5831
5867
5835
5746
5703
5912
5849
6026
6180
6175
6132
6189
6358
6443
6495
6596
6639
6590
6720
6974
6943
6608
6600
6759
6708
6550
6639
6638
6845
6820
6690
6963
6804
6767
6826
6907
7050
6952
6883
6794
6793
6812
6734
6559
6639
6480
6228
6156
6132
6121
6231
6236
6121
6142
5977
5860
5983
5914
5900
5979
6113
6097
6212
6127
6088
6106
6037
5835
6031
6289
6100
6199
6314
6221
6249
6295
6358
6317
6394
6452
6453
6432
6422
6469
6365
6333
6432
6421
6484
6553
6904
6887
6532
6345
6370
6329
6414
6328
6354
6463
6465
6328
6359
6439
6508
6445
6418
6381
6411
6387
6442
6658
6868
6967
6984
7045
7254
7385
7369
7461
7377
7333
7357
7302
7176
7206
7528
7449
7444
7576
7661
7421
7540
7795
7661
7666
7873
7915
7771
7598
7595
7478
7465
7597
7577
7551
7763
7675
7642
7662
7862
7822
7872
7881
7799
7763
7697
7874
7780
7569
7804
7634
7186
6961
6811
6738
6777
6707
6712
6775
6751
6616
6516
6374
6331
6281
6262
6374
6320
6373
6390
6399
6652
6694
6832
6758
6799
6568
6500
6369
6225
5997
5948
5943
5993
5933
5837
5788
5910
5945
5805
5746
5766
5913
5875
5639
5495
5687
5607
5650
5695
5749
5568
5410
5464
5311
5301
5441
5532
5542
5506
5541
5593
5547
5419
5435
5516
5624
5549
5575
5523
5495
5478
5547
5592
5455
5391
5406
5365
5483
5321
5336
5298
5346
5467
5443
5454
5453
5370
5380
5389
5605
5651
5613
5640
5635
5583
5708
5712
5708
5797
5533
5730
5548
5436
5567
5673
5795
5893
5889
5867
5840
5619
5633
5721
5832
5743
5803
5779
5728
5765
5787
5755
6014
5933
6116
5993
5988
5906
6147
6332
6340
6467
6606
6587
6558
6439
6567
6498
6460
6496
6454
6359
6303
6153
6207
6097
6008
6201
6261
6258
6231
6243
6325
6335
6374
6415
6480
6549
6495
6479
6506
6470
6471
6471
6389
6497
6376
6341
6396
6415
6313
6182
6153
6069
6109
5976
5992
5967
5892
5947
5844
5871
5935
5926
6128
6131
6325
6381
6319
6516
6576
6649
7042
7164
7138
7278
7141
7436
7223
7240
7312
7236
7339
7348
7193
7172
7184
7306
7322
7331
7373
7228
7242
7050
7198
7267
7155
7171
7057
7152
7192
7238
7220
7268
7305
7305
7231
7169
6939
6975
6905
6890
6550
6729
6618
6729
6759
6539
6548
6549
6560
6636
6675
6591
6567
6602
6574
6622
6393
6492
6471
6303
6422
6245
6186
6129
6136
5983
6070
6066
5787
5687
5430
5501
5410
5332
5433
5503
5441
5441
5498
5356
5504
5510
5464
5323
5254
5075
5063
5034
5209
5260
5082
5046
5120
5191
5323
5325
5442
5311
5148
5197
5169
5008
5012
5108
4987
4931
4888
4969
4949
4966
4726
4664
4745
4823
4926
4935
4861
4866
4899
4886
4928
4932
5063
5167
5175
4957
5011
4899
4859
4722
4868
5044
5074
5023
4911
4928
4901
4930
4857
4841
4802
4709
4619
4567
4665
4753
4791
4805
4764
4816
4796
4933
4928
4999
4930
4852
4802
4762
4846
4772
4863
4802
4763
4799
4784
4885
4845
4955
4935
4969
5136
5195
5243
5192
5324
5197
5205
5260
5080
5061
4993
5110
4983
5130
5169
5165
5227
5332
5303
5489
5525
5434
5268
5194
5190
5336
5577
5431
5389
5254
5151
5104
5109
4922
4963
4948
5005
4923
4726
4625
4551
4603
4546
4697
4618
4559
4545
4424
4391
4596
4583
4548
4543
4503
4583
4703
4739
4734
4765
4930
5000
5084
5087
5111
5186
5016
5031
4889
4767
4672
4618
4526
4476
4422
4366
4440
4461
4566
4620
4441
4364
4404
4332
4279
4208
4380
4377
4438
4416
4352
4235
4171
4412
4570
4553
4510
4489
4480
4594
4840
4760
5005
4980
5068
4952
5011
5062
5221
5114
5028
5190
5205
5282
5297
5213
5384
5514
5500
5380
5348
5276
5233
5206
5316
5363
5515
5557
5606
5448
5611
5620
5557
5649
5676
5760
5655
5597
5684
5710
5704
5579
5665
5676
5663
5813
5800
5768
5656
5645
5566
5681
5558
5532
5536
5560
5408
5344
5358
5279
5302
5317
5323
5245
5025
4917
4938
5017
4894
4913
4894
4940
4763
4683
4676
4798
4729
4678
4564
4599
4568
4652
4645
4589
4449
4414
4404
4285
4181
4210
4163
4335
4309
4298
4319
4450
4331
4425
4462
4370
4324
4321
4184
3960
4025
4106
4139
4135
4158
4096
4116
4152
4096
4095
4098
4091
4093
4022
4247
4217
4148
4209
4092
4133
4273
4405
4454
4623
4672
4676
4666
4924
4925
5088
4994
4913
4929
4903
4816
4914
4925
4753
4954
4946
5159
5203
5199
5175
5123
4960
4810
4861
5082
5091
4929
5004
5133
5063
5252
5260
5188
5154
5176
5150
5168
5224
5420
5501
5319
5192
5298
5299
5422
5283
5261
5297
5340
5279
5500
5423
5449
5458
5284
5228
5360
5530
5662
5548
5671
5656
5481
5484
5531
5497
5722
5746
5700
5914
6108
6107
6172
6154
6060
6053
5955
5985
5951
5950
5883
6035
6088
6168
6193
6127
6067
6179
6054
6185
5936
5859
5794
5678
5733
5585
5739
5721
5823
5701
5627
5476
5622
5731
5714
5712
5694
5712
5639
5712
5665
5449
5516
5486
5525
5374
5348
5354
5376
5605
5822
5691
5731
5671
5685
5714
5717
5620
5658
5719
5875
5788
5761
5805
5864
5974
5945
5700
5733
5846
5833
5977
5863
5862
5836
5771
5790
5852
5847
5841
6112
6256
6294
6403
6461
6408
6690
6746
6947
6804
6822
6886
6887
7016
6841
6877
6956
7099
7381
7414
7511
7402
7365
7069
7138
7102
6989
6916
7000
6922
6898
6933
6952
7022
6935
6989
7075
7131
7171
7024
7034
6817
6812
6606
6561
6583
6531
6592
6648
6583
6428
6519
6502
6417
6377
6464
6422
6448
6315
6171
6007
6189
6327
6424
6437
6551
6425
6432
6509
6742
6601
6624
6580
6545
6449
6483
6635
6613
6499
6534
6503
6487
6474
6410
6464
6729
7057
6961
6915
6788
6839
6707
6655
6587
6591
6770
6743
6757
6728
6615
6618
6510
6529
6697
6651
6692
6733
6847
6786
6860
7064
7303
7154
7268
7425
7151
7113
7201
7045
7109
7332
7207
7363
7441
7576
7588
7267
7403
7316
7242
7016
6856
6848
6849
6793
6824
7064
6834
6850
6882
6840
6866
6774
6840
6840
7042
7156
7267
7417
7343
7692
7780
7839
7964
7917
8077
8090
8180
8034
7793
7854
7715
7672
7695
7741
7886
7895
7861
7980
8066
8231
8262
8275
8203
8158
8066
7917
7916
7782
7708
7770
7634
7742
7699
7366
7310
7171
7098
7102
7215
7383
7395
7404
7331
7081
7222
7134
7087
7007
7071
7227
7178
7179
7045
7095
7270
7119
7093
6858
7018
7070
7210
7163
6975
7056
7166
7239
7163
7153
7235
7184
7158
6986
7093
7047
7009
7134
7028
6937
7079
6898
6877
6692
6723
6964
6815
6810
6741
6662
6645
6706
6660
6696
6759
6849
6677
6694
6819
6913
6803
6872
6937
6909
7108
7047
7027
6882
6804
6636
6634
6602
6536
6527
6508
6391
6550
6455
6360
6210
6447
6355
6252
6052
5839
5867
5953
5942
5928
5844
5904
5858
5892
5803
5715
5612
5553
5539
5631
5758
5744
5852
5615
5621
5709
5643
5713
5612
5546
5315
5266
5308
5377
5250
5168
5189
5387
5291
5305
5354
5384
5348
5356
5243
5186
5028
5126
5211
5073
5140
5230
5291
5343
5421
5371
5297
5322
5285
5222
5046
5186
5005
5093
5209
5212
5005
4900
4874
4941
4800
4712
4666
4716
4845
4822
4833
4945
4848
4767
4725
4789
4830
4885
4897
4869
4757
4776
4782
4731
4813
4690
4591
4505
4594
4601
4751
4797
4787
4835
4905
4849
4800
5014
5159
5079
5001
5163
5203
5311
5277
5471
5450
5539
5686
5739
5694
5727
5561
5633
5660
5667
5645
5581
5581
5540
5391
5463
5432
5462
5327
5326
5467
5425
5393
5368
5119
5148
5106
5104
5104
5182
5050
4931
5079
5126
5263
5129
5034
4896
5100
5208
5223
5190
5233
5105
5092
5088
5102
5180
5258
5176
5254
5222
5121
5155
5156
5206
5123
4869
5028
5166
5096
5165
5309
5297
5310
5347
5457
5418
5429
5496
5433
5454
5422
5444
5083
5058
5060
5085
5112
4937
4793
4818
5061
5005
4949
4914
4859
5004
5035
5177
5068
4991
4990
5123
5138
5111
5206
5203
5230
5332
5339
5488
5332
5181
5299
5202
5135
5183
5240
5154
5315
5529
5308
5337
5636
5344
5301
5494
5447
5488
5410
5450
5584
5544
5609
5543
5648
5474
5365
5401
5216
5246
5202
5434
5483
5631
5633
5514
5456
5361
5437
5337
5364
5480
5572
5544
5556
5482
5476
5493
5575
5588
5652
5562
5436
5485
5515
5337
5271
5334
5319
5519
5452
5512
5652
5540
5863
5970
5853
5812
5939
5869
5876
5916
5880
5690
5724
5857
5752
5695
5760
5819
5686
5765
5608
5524
5569
5359
5423
5440
5481
5330
5295
5436
5406
5450
5494
5552
5750
5990
5974
5966
5910
5869
5746
5706
5790
5790
5970
5924
5960
5892
5904
5829
5769
5657
5742
5826
5679
5716
5691
5818
5727
5803
5897
6098
6025
5992
6075
6153
5961
5929
6021
5945
5790
5802
5842
5771
5799
5880
5855
5944
5918
6145
6206
6241
6175
6410
6549
6580
6721
6748
6566
6467
6585
6506
6605
6566
6736
6700
6739
6638
6789
6877
7017
7085
6939
6820
6978
6791
6680
6583
6746
6821
6912
6758
6892
6911
6936
6876
7115
7353
7475
7420
7512
7367
7487
7393
7458
7447
7467
7509
7469
7561
7388
7493
7513
7585
7750
7892
7862
7768
7890
7898
7932
7917
7730
7619
7613
7688
7573
7411
7311
7327
7403
7380
7110
7193
7267
7239
7241
7358
7286
7440
7436
7428
7582
7571
7494
7617
7597
7692
7757
7787
7933
8040
8050
8040
8046
7981
7981
7991
8152
8135
8230
8085
7859
7934
7982
7996
7975
7898
7949
7993
7860
7750
7502
7628
7350
7410
7476
7638
7496
7520
7376
7473
7346
7157
7031
7076
7018
6924
6752
6882
6986
6861
6665
6740
6723
6795
6764
6682
6910
6903
7068
6983
6844
6842
6791
6927
6935
6893
6870
6839
6842
6871
6808
7048
7258
7258
7235
7230
7300
7167
7069
7196
7364
7614
7659
7819
7690
7728
7703
7607
7569
7541
7603
7681
7789
7814
7704
7775
7800
7650
7567
7496
7532
7323
7388
7491
7425
7255
7339
7286
7220
7315
7253
7528
7321
7439
7392
7213
7196
7146
7060
7268
7291
7155
7153
6909
6895
6822
6732
6674
6535
6512
6552
6734
6759
6692
6649
6480
6533
6470
6621
6563
6499
6651
6639
6527
6460
6668
6638
6581
6719
6779
6886
6907
7023
6985
6823
6993
7143
6944
6972
7079
7284
7237
7219
7421
7371
7329
7283
7193
7075
7057
7249
7230
7240
7414
7413
7343
7419
7384
7124
7184
7307
7328
7424
7430
7352
7437
7327
7296
7088
7190
6958
7071
6947
7056
6925
6927
7085
6916
6930
6931
6893
6983
6623
6651
6653
6688
6545
6397
6560
6537
6527
6447
6421
6232
6355
6315
6281
6329
6120
6010
6158
6013
6056
6155
6378
6467
6328
6362
6302
6460
6457
6575
6737
6674
6550
6617
6479
6464
6541
6533
6667
6675
6681
6721
6561
6407
6327
6217
6208
6118
6305
6341
6273
6140
6118
6094
6158
6247
6213
6242
6234
6152
6252
6322
6246
6227
6286
6090
6140
6101
6275
6191
6149
6175
6226
6281
6271
6337
6430
6491
6437
6342
6427
6368
6434
6450
6521
6601
6639
6571
6360
6334
6323
6228
6276
6432
6429
6451
6468
6495
6592
6623
6627
6595
6634
6406
6435
6383
6443
6536
6586
6690
6767
6804
6915
6999
6981
7082
6938
6664
6789
6844
6606
6700
6725
6764
6744
6774
6959
6782
6726
6777
6801
6860
6699
6677
6786
6763
6911
6781
6740
6508
6507
6422
6411
6197
6308
6464
6470
6387
6374
6483
6432
6351
6256
6291
6141
6086
6015
5890
5966
6044
5945
5820
6101
6154
5999
6159
6118
6146
6117
6401
6143
6214
6086
5915
5891
5727
5660
5622
5608
5582
5587
5490
5551
5707
5726
5650
5808
5839
5924
5801
5947
6025
5866
5843
5896
5828
5715
5719
5786
5869
5886
5818
5736
5723
5694
5723
5579
5812
5950
6079
6270
6254
5984
6031
6135
6072
6064
5978
5960
5900
5782
5852
5877
5999
5941
5859
5972
6016
6033
6124
6302
6211
6375
6457
6343
6269
6031
6063
6146
6066
6193
6219
6219
6251
6263
6220
6174
6109
6014
5896
5818
5790
5819
5932
5953
6085
6087
6085
6331
6084
6245
6378
6315
6452
6478
6511
6685
6476
6254
6198
6322
6237
6096
6101
6266
6185
6163
6115
6206
6193
6180
6148
6014
5859
5952
5823
5785
5727
5896
6029
6024
6131
6292
6425
6503
6441
6563
6688
6614
6628
6714
6569
6427
6488
6432
6500
6655
6828
6765
6794
6818
6783
6491
6388
6399
6272
6361
6401
6378
6421
6325
6180
5975
5890
5967
5743
5771
5765
5877
5914
6176
6295
6043
6079
6119
6117
6203
6288
6637
6601
6599
6389
6526
6608
6671
6461
6578
6427
6396
6194
6360
6399
6590
6386
6477
6313
6327
6063
6064
5903
5964
6003
6007
6037
6038
6069
6144
6135
6149
6044
6160
6203
6224
6219
6202
6115
6134
6143
6060
5978
5888
5951
5808
5840
5861
5683
5884
5895
5769
5768
6067
6201
6149
6034
6065
6174
6099
6111
6006
5980
6028
6190
6187
6031
5982
5999
5901
5775
5835
5926
5987
6045
5882
5983
5988
5940
5976
5873
5817
5785
5917
5955
5943
5858
5830
5646
5629
5552
5601
5589
5640
5764
5887
5976
6007
6027
5914
5726
5745
5724
5865
5803
5794
5663
5628
5711
5745
5753
5757
5649
5606
5756
5923
5936
6157
6181
5964
5769
5832
5950
5844
5795
5875
6033
6034
6151
6069
6184
5870
5753
5726
5793
5864
5732
5773
6023
5964
5914
5740
5711
5711
5856
6049
5928
5963
6066
6157
6049
5951
6009
5987
5902
5624
5653
5550
5696
5814
5921
5936
6051
6103
6065
6061
6079
6166
6179
6114
6077
6056
6088
6196
6196
6312
6321
6155
5987
5990
6103
6131
6194
6384
6261
6468
6683
6585
6600
6758
6704
6569
6756
6740
6624
6605
6762
6642
6580
6740
6788
6700
6633
6586
6670
6768
6918
6812
6924
6825
6802
6851
6756
6793
6794
6830
6930
6986
6992
7022
6794
6727
6685
6626
6688
6573
6549
6724
6845
6791
6798
7032
7071
7008
6786
6893
7020
6919
6888
6831
6782
6836
6905
6765
6575
6614
6648
6783
6562
6530
6563
6492
6404
6348
6233
6225
6102
6055
6103
6149
6178
6171
6180
6359
6311
6468
6376
6320
6384
6404
6328
6293
6380
6323
6657
6495
6512
6613
6412
6460
6579
6650
6624
6606
6564
6477
6612
6445
6539
6487
6546
6610
6607
6603
6576
6451
6465
6587
6581
6523
6447
6631
6671
6658
6499
6491
6577
6705
6591
6646
6488
6563
6664
6565
6522
6567
6585
6643
6870
7005
6893
6819
6750
6638
6618
6730
6698
6725
6811
6808
6662
6720
6895
6825
6883
6998
7040
6874
6661
6756
6814
6591
6753
6698
6733
6814
6883
6929
7010
6949
6778
6630
6449
6381
6385
6408
6230
6305
6447
6333
6339
6355
6354
6489
6488
6630
6551
6474
6233
6180
6044
6022
6042
6007
6011
6073
6047
5914
5842
5905
6060
5934
6015
6111
6060
6079
6183
5979
6089
6038
5935
5958
5938
5806
5797
5824
5897
5837
5822
5904
5961
6074
6115
5922
5996
5939
6132
6115
6078
6282
6341
6302
6253
6296
6204
6253
6179
6125
6145
6218
6108
6119
6024
5937
6004
6043
5885
5805
5885
5974
5793
5764
5778
5861
5870
5838
5987
5972
5895
5941
5801
5922
6145
5949
5944
5980
6187
5980
5931
6027
5986
6043
6113
6100
6039
5910
5859
5801
5809
5861
5862
5814
5931
5896
5828
5703
6016
6060
6176
6184
6129
6148
6246
6257
6146
6025
6033
6034
5973
6215
6331
6280
6207
6116
6233
6140
6002
6124
6246
6294
6487
6600
6628
6681
6756
6759
6928
6992
7102
6967
6948
6800
6725
6819
6631
6747
7002
6793
7036
6969
7147
7324
7112
7140
7009
6985
7060
6973
6952
6896
6972
6930
6929
6790
6808
6597
6590
6627
6507
6615
6777
6787
6697
6549
6561
6510
6445
6478
6756
6830
6774
6970
7025
6926
6858
6765
6493
6502
6669
6781
6889
6832
6688
6808
6706
6821
6741
6864
6680
6934
6824
6687
6634
6549
6642
6728
6763
6761
6719
6753
6877
6877
6784
6771
6730
6876
6878
6815
6687
6518
6407
6315
6478
6609
6476
6558
6516
6506
6444
6226
6117
6151
6259
6229
6392
6419
6325
6358
6245
6332
6297
6489
6412
6545
6557
6570
6598
6734
6755
6756
6824
6890
6801
6688
6843
6900
6880
7005
6989
6884
7003
7037
7105
7342
7389
7432
7657
7709
7658
7837
7652
7471
7403
7272
7277
7461
7349
7141
6882
6883
6781
6706
6748
6857
6926
6965
7107
7151
7048
7095
7226
7114
7043
7159
6837
6836
6972
6876
6927
6914
6953
6973
7000
7179
7297
7253
7277
7062
7232
7301
7327
7181
7116
6967
6888
6812
6687
6668
6648
6471
6383
6209
6200
6271
6163
6069
5846
5833
5768
5718
5536
5491
5597
5527
5548
5271
5207
5294
5390
5456
5468
5469
5615
5598
5575
5549
5798
5706
5516
5395
5389
5328
5310
5236
5174
5179
5112
5020
5232
5244
5254
5305
5343
5298
5277
5508
5511
5561
5498
5371
5386
5506
5251
5200
5244
5146
4884
4795
4615
4803
4964
4846
4832
4874
4745
4647
4608
4533
4498
4570
4424
4409
4167
4119
4116
4168
4336
4299
4482
4312
4276
4325
4332
4326
4374
4439
4478
4376
4433
4436
4504
4398
4335
4394
4562
4470
4498
4330
4297
4574
4607
4689
4741
4935
4934
4985
5112
5216
5248
5294
5203
5240
5204
5270
5253
5193
5242
5155
5164
5099
5198
4981
5050
5139
5121
5054
5010
5207
5137
5227
5324
5243
5301
5270
5258
5202
5382
5453
5491
5468
5594
5524
5465
5303
5266
5228
5311
5280
5242
5307
5280
5422
5365
