1005000
266097
173790
128645
102162
84301
72568
62855
55549
49691
44888
40353
37223
34589
32277
29892
28295
26766
25203
24318
23009
22209
20734
19758
19216
18456
17661
16727
16143
15561
14840
14242
13724
12781
12215
11750
11255
10964
10410
10346
9890
9789
9543
9293
9288
9068
8948
8654
8491
8160
8065
7756
7730
7627
7267
7198
7137
6912
6949
6781
6490
6371
6216
5981
5890
5853
5953
5924
5981
5883
5786
5696
5629
5464
5269
5219
5172
5025
4881
4829
4832
4668
4753
4418
4239
4167
4124
4129
4124
4060
3888
3835
3710
3606
3527
3471
3475
3483
3433
3355
3219
3259
3249
3139
2908
2878
2844
2801
2862
2927
3019
2864
2976
3124
3243
3046
2946
3020
2922
2869
2718
2632
2602
2567
2633
2660
2616
2664
2659
2557
2587
2539
2481
2412
2286
2331
2142
2136
2118
2094
1937
1867
1898
1963
1836
1776
1776
1716
1683
1662
1728
1725
1554
1638
1683
1719
1605
1789
1688
1674
1593
1518
1485
1407
1491
1518
1571
1608
1590
1567
1581
1606
1585
1566
1588
1468
1503
1610
1623
1578
1671
1726
1752
1842
1869
1848
1899
1944
1956
1816
1791
1705
1686
1653
1752
1887
1722
1692
1710
1765
1839
1848
1815
1788
1804
1789
1797
1699
1695
1606
1573
1555
1560
1553
1551
1546
1521
1524
1500
1575
1497
1521
1536
1500
1530
1543
1562
1615
1682
1635
1668
1643
1611
1521
1554
1567
1503
1455
1377
1372
1323
1372
1353
1312
1305
1231
1234
1203
1191
1209
1224
1227
1241
1197
1173
1138
1134
1053
948
999
963
996
993
1023
1053
1027
1047
1005
951
993
993
991
1044
1005
1023
1057
1020
1041
978
927
930
858
930
1009
1017
960
1009
1077
1093
1080
1035
1026
1110
1116
1200
1289
1266
1263
1242
1192
1173
1180
1164
1185
1137
1141
1206
1170
1114
1141
1101
1173
1212
1164
1111
1059
1071
1050
1134
1170
1134
1203
1170
1224
1221
1260
1335
1311
1368
1410
1344
1281
1260
1216
1207
1164
1119
1146
1113
1131
1179
1212
1206
1215
1185
1176
1191
1213
1179
1140
1122
1098
1148
1141
1078
1008
990
936
945
948
996
1023
996
1041
1071
987
996
1029
1047
1059
1143
1122
1095
1113
1206
1134
1117
1149
1086
1161
1152
1195
1161
1161
1134
1221
1206
1173
1182
1297
1302
1329
1354
1409
1402
1383
1404
1407
1383
1319
1321
1302
1341
1345
1428
1431
1455
1548
1635
1771
1753
1620
1566
1530
1530
1594
1617
1608
1489
1441
1506
1479
1507
1510
1473
1377
1290
1281
1167
1146
1191
1146
1227
1338
1378
1371
1287
1266
1233
1287
1290
1383
1356
1371
1456
1477
1489
1570
1608
1671
1659
1684
1789
1733
1769
1758
1845
1939
1951
1914
1949
1914
1978
1954
1946
2045
2019
2037
2001
2049
2067
2072
2116
2205
2146
2046
2113
2104
2058
2049
2159
2293
2307
2285
2230
2416
2439
2470
2589
2536
2577
2535
2479
2461
2445
2478
2528
2502
2459
2486
2340
2269
2221
2257
2217
2130
2160
2191
2146
2159
2331
2307
2316
2380
2356
2404
2237
2272
2253
2264
2287
2176
2238
2293
2266
2151
2125
2194
2159
2241
2278
2232
2184
2202
2259
2187
2221
2211
2287
2196
2207
2229
2248
2343
2417
2423
2492
2415
2246
2313
2334
2347
2467
2419
2505
2524
2629
2618
2553
2441
2499
2467
2434
2424
2476
2545
2513
2482
2521
2408
2484
2503
2547
2505
2416
2355
2262
2305
2381
2424
2613
2626
2508
2576
2541
2511
2438
2319
2321
2210
2175
2205
2292
2377
2470
2382
2437
2545
2634
2481
2415
2482
2487
2551
2570
2547
2617
2711
2786
2742
2739
2741
2787
2882
3031
3083
3164
3266
3126
3086
2957
2907
3017
3040
3041
3193
3350
3364
3408
3388
3396
3292
3429
3400
3396
3207
3084
3050
2879
2926
2908
2872
2997
3074
3171
3184
3330
3382
3261
3282
3234
3221
3265
3271
3260
3245
3189
3167
3090
3164
3112
3198
3180
3062
3161
3196
3219
3178
3270
3322
3364
3323
3235
3214
3303
3281
3287
3302
3328
3404
3367
3426
3512
3383
3357
3327
3290
3315
3289
3256
3273
3301
3427
3373
3386
3451
3492
3573
3502
3501
3479
3433
3522
3471
3394
3437
3378
3485
3539
3528
3521
3544
3456
3385
3404
3403
3429
3437
3410
3388
3537
3689
3667
3624
3567
3565
3591
3689
3722
3834
3894
4066
4117
3998
3884
3813
3862
3771
3650
3585
3476
3325
3272
3325
3441
3547
3496
3435
3436
3405
3452
3545
3565
3565
3672
3655
3739
3790
3782
3665
3531
3713
3745
3564
3499
3459
3528
3559
3507
3645
3821
3747
3702
3868
3850
4100
4045
4078
4206
4202
4295
4373
4467
4521
4579
4731
4680
4792
4725
4806
4712
4832
4885
4843
4888
4935
4938
5063
4959
4871
4929
5005
5087
5134
5046
5221
5333
5376
5367
5383
5313
5415
5466
5517
5372
5353
5164
5197
5314
5432
5519
5507
5541
5677
5853
5784
5815
5921
5819
5751
5695
5591
5628
5719
5806
5787
5804
5710
5698
5907
6090
6145
6091
5993
6135
5987
5938
6179
6149
6256
6315
6412
6389
6280
6081
6069
6192
6329
6348
6360
6260
6313
6398
6451
6535
6801
6842
7163
7144
6954
7038
7051
6966
6919
6700
6642
6574
6484
6649
6685
6518
6445
6345
6324
6257
6337
6304
6424
6533
6361
6317
6245
6414
6447
6557
6495
6495
6688
6677
6726
6806
6843
6718
6893
6710
6547
6704
6710
6786
6992
6933
6924
6941
6696
6676
6857
6755
6697
6813
6909
6968
6948
7011
7012
7176
7190
7067
6956
6853
7121
7056
7038
7167
7107
7117
7156
7108
7241
7158
6948
6801
6578
6736
6805
6890
7104
7094
7188
7236
7119
7317
7473
7326
7374
7451
7444
7421
7257
7431
7327
7283
7160
7111
7107
7046
7014
7094
7161
7243
7120
7085
6986
6973
6709
6725
6819
6917
6868
6900
6755
6681
6831
6886
6992
6964
6984
7072
7020
7105
7010
6949
6827
6735
6550
6696
6607
6734
6863
6793
6742
6804
6595
6601
6596
6559
6697
6541
6492
6483
6347
6353
6574
6578
6657
6668
6456
6711
6688
6769
6599
6538
6237
6117
6035
6006
6014
5977
5824
5776
5937
5741
5733
5960
5771
5909
5783
5940
5896
6035
5888
5934
5931
5747
5807
5842
5668
5639
5655
5452
5473
5654
5568
5578
5582
5709
5544
5371
5289
5275
5154
5376
5235
5228
5174
5168
5150
5308
5459
5642
5761
5718
5756
5802
5806
5824
5911
5872
5934
5781
5728
5525
5431
5392
5401
5473
5445
5538
5311
5175
5250
5215
5176
5222
5194
5123
5042
5196
5073
5122
4973
4895
4875
4959
4706
4637
4726
4670
4662
4682
4568
4595
4806
4720
4860
4749
4792
4733
4761
4654
4607
4682
4547
4368
4283
4319
4396
4443
4495
4633
4707
4881
4884
4900
4735
4763
4715
4773
4891
5001
5103
5083
5051
5172
5027
5128
5066
5054
5164
5211
5306
5341
5368
5435
5177
5406
5398
5453
5465
5557
5573
5621
5620
5630
5656
5910
5891
5858
5861
5976
6101
6114
5771
5629
5604
5697
5612
5513
5514
5494
5457
5479
5453
5388
5518
5431
5472
5322
5251
5309
5258
5448
5408
5365
5457
5482
5594
5650
5509
5556
5406
5389
5408
5426
5377
5484
5455
5570
5304
5246
5193
5489
5548
5372
5547
5504
5683
5580
5658
5644
5606
5741
5804
5807
5868
5918
5928
6041
6050
5975
5933
5733
5572
5323
5216
5293
5281
5276
5510
5450
5572
5752
5826
5844
5928
5985
6108
6019
6140
6196
6004
6017
6106
5921
6128
5859
5926
6077
6097
6002
6219
6236
6374
6411
6366
6178
6208
6179
6072
6185
6402
6463
6652
6851
7029
6913
6968
7026
7037
7110
7035
7118
7101
7153
6958
6843
6707
6775
6900
6741
6714
6712
6664
6389
6372
6475
6548
6486
6405
6485
6422
6350
6275
6341
6604
6636
6788
6753
6887
6905
6931
7046
6852
6901
6896
7007
7160
7100
7395
7296
7469
7586
7486
7388
7382
7309
7247
7245
6904
6784
6833
6850
6720
6849
6905
6846
6904
6954
6904
6946
6864
6699
6774
6773
6668
6567
6599
6757
6611
6466
6466
6456
6444
6541
6582
6541
6699
6829
6864
7032
6819
6852
6846
6959
7071
7092
6894
6875
6903
6964
6939
6874
6828
6826
6803
6989
7013
7014
7216
7086
6958
6855
6877
6905
6795
6901
6931
6819
6707
6643
6557
6663
6706
6539
6676
6723
6773
6854
6943
6669
6578
6463
6434
6449
6200
6203
6251
6177
6379
6247
6319
6351
6221
6098
6261
6125
6166
6053
6065
6013
6135
6229
6009
5884
5972
6083
5915
6009
6216
6387
6360
6462
6444
6632
6771
6688
6619
6639
6675
6608
6661
6812
6948
7128
7156
6990
6875
6813
6621
6569
6469
6420
6469
6449
6303
6276
6098
6167
6166
6128
6242
6110
6032
5933
5947
5839
5857
5887
5852
5929
5905
5998
5919
5812
5799
5662
5662
5813
5689
5759
5924
5982
6051
6047
5853
6023
6214
5955
6045
5958
5744
5807
6002
6045
5874
5867
5804
5986
5955
5970
6004
5947
5711
5442
5509
5498
5358
5398
5451
5671
5691
5651
5570
5764
5639
5687
5636
5533
5555
5535
5553
5750
5741
5593
5372
5374
5408
5532
5401
5454
5390
5520
5470
5477
5531
5650
5580
5689
5710
5699
6006
5953
5892
5751
5862
5842
5986
5989
5981
5808
5873
5756
5763
5847
5883
5908
5655
5662
5565
5366
5509
5351
5537
5496
5575
5539
5437
5559
5551
5566
5524
5504
5461
5327
5259
5358
5263
5072
4993
5137
5202
5374
5235
5126
5100
5116
5165
5257
5243
5303
5195
5246
5364
5463
5364
5315
5346
5296
5184
5396
5250
5295
5477
5399
5458
5530
5389
5365
5376
5415
5437
5363
5341
5198
5107
5185
5142
5233
5143
5149
5178
5167
5264
5344
5423
5170
5164
5352
5176
5209
5343
5521
5530
5667
5586
5519
5533
5662
5757
5751
5846
5784
5806
5788
5548
5521
5552
5589
5795
5926
5929
5948
5966
6057
6018
5841
5740
5745
5792
5789
5966
5911
5862
6032
6022
5910
5841
5866
5719
5702
5704
5663
5737
5738
5767
5878
5946
6041
5848
5880
5679
5579
5314
5333
5245
5252
5209
5283
5359
5366
5328
5435
5420
5381
5531
5629
5621
5647
5638
5588
5614
5642
5606
5597
5619
5596
5529
5587
5525
5568
5592
5517
5549
5518
5636
5715
5732
5728
5737
5462
5230
5147
5051
5000
4971
5158
5167
5141
5102
5020
5157
4980
4993
4845
4768
4766
4805
4750
4783
4781
4741
4767
4824
4627
4596
4377
4204
4260
4253
4452
4755
4728
4775
4750
4576
4593
4608
4774
4783
4792
4646
4614
4594
4472
4486
4416
4361
4411
4317
4278
4262
4484
4504
4515
4483
4403
4363
4433
4549
4527
4590
4515
4544
4411
4591
4747
4542
4635
4685
4511
4540
4518
4471
4616
4606
4442
4454
4481
4476
4484
4605
4645
4573
4544
4630
4493
4422
4475
4530
4591
4736
4731
4789
4754
4807
4785
4625
4540
4496
4500
4459
4426
4356
4409
4327
4450
4478
4531
4356
4289
4345
4354
4537
4606
4515
4508
4447
4402
4128
4158
4340
4353
4429
4468
4577
4595
4559
4667
4394
4435
4609
4693
4494
4476
4478
4515
4484
4664
4556
4494
4419
4482
4415
4442
4435
4433
4372
4394
4294
4415
4469
4436
4531
4550
4561
4705
4667
4710
4528
4576
4595
4601
4588
4362
4408
4357
4255
4468
4458
4476
4672
4641
4630
4624
4651
4652
4633
4651
4771
4702
4574
4400
4332
4392
4490
4335
4278
4344
4254
4416
4283
4432
4425
4630
4728
4833
4876
4966
4881
4893
4872
4739
4743
4802
4946
4839
4792
4628
4755
4621
4628
4456
4503
4537
4594
4642
4593
4575
4655
4651
4610
4553
4527
4551
4602
4648
4681
4560
4465
4517
4455
4539
4397
4364
4161
4146
4156
4264
4242
4247
4346
4436
4306
4298
4269
4190
4286
4246
4293
4330
4418
4477
4532
4532
4619
4598
4532
4694
4621
4857
4694
4753
4881
4928
5060
5302
5336
5350
5115
5238
5275
5328
5511
5693
5707
5738
5721
5742
5780
5811
5806
5802
5799
5800
5870
5950
5845
5946
5982
5967
6053
6004
5822
5671
5395
5339
5330
5291
5195
5104
5361
5295
5275
5436
5342
5324
5496
5431
5570
5459
5463
5657
5644
5660
5555
5447
5268
5314
5408
5432
5445
5512
5636
5785
5831
5740
5724
5835
5899
6010
6083
5860
5979
6032
5756
5597
5634
5873
5879
6006
6025
6040
5966
5840
5751
5748
5674
5560
5587
5748
5580
5789
5843
5990
6062
6182
6262
6242
5938
6031
6024
5897
6042
5853
5964
5937
5968
5994
5932
6149
6074
6133
6235
6189
6258
6176
6294
6099
6175
6128
6303
6273
6199
6311
6270
6138
6263
6437
6376
6465
6278
6166
6237
6296
6525
6589
6476
6618
6821
6925
7005
7124
7013
7055
7133
7236
7123
6901
6916
6915
7021
6928
7104
7043
6922
6955
6982
6985
7042
6901
7039
7011
7235
7124
7098
7111
7141
6977
6860
6868
6958
6854
6784
6636
6786
6887
6908
7049
6872
6895
6911
7008
6835
6840
6776
6786
6728
6513
6461
6593
6611
6603
6626
6669
6578
6544
6509
6496
6390
6292
6297
6149
6118
6217
6028
6045
6115
5969
6014
6212
6229
6341
6261
6422
6421
6386
6478
6390
6397
6441
6502
6503
6438
6404
6427
6398
6451
6596
6577
6656
6735
6741
6851
6939
6694
6843
7098
6918
6774
6806
6874
6764
6821
7039
6987
7213
7196
6982
7003
6984
7041
7254
7270
7412
7560
7685
7589
7638
7527
7636
7734
7730
7761
8028
8191
8237
8062
8096
8025
7995
7788
7916
8056
7814
7839
7942
7844
7817
7866
7834
7843
7937
7999
7891
7910
7733
7580
7777
7697
7750
7696
7463
7308
7115
7187
7112
6981
7000
6967
7037
6963
7003
6869
6837
6919
6757
6577
6664
6416
6398
6238
6101
6106
6137
6093
6061
6062
6003
5903
5772
5679
5766
5767
5799
5864
5906
5909
5730
5635
5764
5906
5980
6069
6329
6286
6460
6567
6620
6931
7113
7087
7201
7135
6987
7005
7002
6832
6902
6997
7022
6828
6870
6918
6776
6828
6747
6568
6540
6431
6451
6390
6485
6653
6794
6921
6941
7152
7286
7172
6949
7021
7269
7105
6851
6844
6776
6813
6694
6669
6797
6735
6747
6666
6701
6475
6366
6326
6146
6089
6117
6238
6210
6300
6289
6368
6283
6099
6318
6234
6102
5943
5992
5947
6016
5997
6097
6082
6066
6182
6139
6091
6003
6173
6159
6197
6024
6185
6177
6093
5985
6037
5955
5954
5995
5973
5995
6153
6063
5951
5967
6047
6050
6110
6135
5934
5731
5734
5719
5791
5937
5894
5816
5741
5588
5641
5710
5546
5635
5451
5470
5420
5397
5489
5472
5666
5729
5446
5485
5536
5607
5702
5745
5684
5664
5835
5820
5837
5798
5775
5836
5828
5755
5782
5984
6002
6043
6145
6050
6221
6093
6084
6206
6153
6242
6233
6077
6151
6054
6022
5954
5868
5728
5778
5738
5740
5839
5828
5750
5835
5877
5896
6034
5776
5802
5832
5928
6006
6063
6100
6121
6266
6041
6107
6090
6026
5904
5962
5938
5927
5930
5872
5671
5674
5805
5832
5743
5853
5671
5645
5782
5843
5839
6035
6010
5895
6014
6118
6031
6176
6190
6223
6403
6213
6361
6337
6289
6265
6210
6102
6151
6204
6333
6412
6427
6357
6436
6517
6453
6552
6558
6682
6740
6839
6846
6805
6803
6896
6942
6912
6872
6836
6912
7091
7256
7371
7225
7292
7192
6929
6928
7056
6953
7113
7014
6866
6879
6749
6668
6597
6541
6416
6342
6293
6177
6082
6052
5853
5829
5717
5694
5847
5955
5772
5914
6116
6292
6371
6201
6218
6107
6217
6010
5913
5920
5857
5725
5728
5803
5787
5766
5615
5732
5651
5712
5817
5724
5785
5908
5842
5907
5903
5869
5876
5894
5905
6007
5871
5928
5941
5935
6100
6232
6301
6492
6484
6522
6574
6651
6589
6671
6576
6511
6566
6493
6332
6363
6190
6222
6179
6370
6389
6427
6338
6313
6278
6098
6203
6349
6345
6425
6326
6308
6256
6228
5978
5729
5647
5562
5320
5346
5336
5395
5402
5411
5486
5417
5446
5348
5362
5290
5411
5539
5561
5507
5491
5251
5129
5171
5273
5239
5236
5085
5086
5026
5224
5282
5440
5544
5708
5605
5559
5398
5345
5301
5393
5454
5458
5373
5230
5157
5031
5017
5064
5092
4962
5060
5007
4894
4886
4943
4799
4867
4866
4992
5069
5051
5014
4835
4839
4976
4898
4979
4987
4817
4760
4778
4736
4881
4999
4840
4825
4936
4727
4704
4689
4605
4627
4664
4555
4543
4669
4663
4776
4852
4786
4726
4748
4910
4829
4742
4794
4998
5091
5206
4990
5074
5033
4828
4839
4737
4600
4603
4581
4573
4795
4891
4809
4678
4772
4841
4874
4991
4889
4827
4807
4587
4578
4662
4563
4623
4666
4651
4852
4666
4785
4951
5096
5234
5199
5125
5110
5101
5097
4964
4860
4884
4892
4809
4731
4741
4869
4869
4974
4926
4719
4666
4680
4514
4454
4486
4512
4697
4934
4899
4936
4972
5017
5010
5073
4927
4856
4818
4857
4765
4790
4800
4716
4901
4909
5001
5125
5280
5243
5219
5282
5296
5352
5317
5400
5390
5279
5232
5282
5331
5417
5451
5303
5316
5389
5322
5171
5169
5040
5069
5128
4922
4973
4775
4853
4716
4512
4654
4679
4820
4681
4712
4686
4756
4861
5057
5101
5134
5025
5033
5000
4815
4875
4924
4937
5069
4989
4965
4897
4769
4636
4617
4553
4449
4548
4467
4405
4423
4431
4425
4431
4332
4550
4507
4549
4369
4256
4280
4371
4495
4553
4609
4721
4850
4960
5042
4958
5082
5187
5270
5363
5159
5001
4970
5150
5010
5087
4961
5040
4852
5052
5176
5129
5163
4995
4855
4704
4857
4813
4883
4876
4839
4970
4969
4932
5015
5103
5074
5219
5154
5052
5160
5131
4995
4965
4936
4892
4865
4990
5048
5021
5203
5371
5213
5103
5045
5203
5076
5208
5228
5203
5162
5412
5392
5449
5472
5483
5399
5414
5359
5462
5491
5558
5644
5672
5621
5482
5466
5384
5386
5256
5325
5157
5351
5174
5266
5506
5500
5387
5387
5390
5295
5166
5149
4977
4970
4952
5014
5103
5033
4932
5024
5179
5071
5124
5119
5161
5021
4966
4867
4831
4880
4813
4700
4749
4721
4648
4616
4614
4661
4650
4780
4789
4719
4686
4722
4771
4773
4748
4748
4746
4839
4706
4613
4625
4697
4607
4579
4505
4440
4401
4474
4679
4851
4765
4888
4854
4788
4998
5071
5115
5206
5257
5351
5343
5619
5426
5354
5146
5095
5003
4988
5043
5227
5394
5474
5430
5538
5467
5515
5597
5733
5678
5776
5797
5829
5955
5800
5730
5576
5623
5632
5861
5682
5792
5837
5710
5845
6070
5988
5874
5887
5645
5716
5659
5589
5467
5360
5290
5099
5108
5215
5212
5487
5473
5499
5543
5560
5430
5407
5319
5199
5110
5085
5148
5196
5277
5274
5237
5455
5484
5450
5446
5583
5578
5549
5716
5527
5471
5484
5439
5476
5815
5842
6004
5991
5952
5889
5835
5862
5893
5910
6049
6025
6090
6147
6070
5959
5874
5757
5876
5940
5825
5834
5929
5908
6018
6006
6101
6142
6053
6075
6082
5980
6108
6147
6201
6166
6205
6020
6137
6229
6212
6296
6320
6268
6202
6188
6327
6303
6372
6478
6312
6321
6390
6285
6249
6372
6256
6224
6202
6346
6301
6287
6363
6230
6287
6315
6398
6496
6463
6256
6203
6362
6378
6337
6137
6083
6049
6118
6162
6193
6165
6150
6064
6244
6316
6322
6254
6261
6384
6215
6214
6168
5995
5890
5652
5539
5529
5620
5598
5444
5516
5481
5410
5336
5276
5330
5331
5502
5516
5489
5552
5571
5591
5698
5665
5823
5901
5933
5800
6123
6057
5795
5837
5746
5512
5560
5460
5446
5520
5429
5395
5406
5395
5244
5188
5191
5012
5009
5141
5172
5100
4927
4853
4949
4845
4828
4790
4926
4835
4733
4571
4600
4577
4772
4675
4749
4916
5027
4950
5057
5188
5245
5277
5297
5245
5279
5079
5159
5214
5204
4957
5042
4956
4824
4712
4803
4854
4927
4839
4859
4790
4791
4866
4725
4833
4777
4645
4611
4642
4527
4480
4421
4366
4387
4279
4242
4370
4375
4459
4732
4737
4899
4936
4916
4979
4996
4947
4832
4757
4658
4667
4645
4506
4523
4572
4634
4498
4640
4785
4870
4764
4860
4790
4867
4834
4837
5045
5106
5144
5168
5223
5235
5182
5270
5269
5349
5320
5300
5240
5189
5095
5168
5349
5356
5360
5515
5685
5676
5667
5564
5499
5583
5412
5391
5263
5262
5376
5326
5353
5363
5483
5366
5326
5325
5240
5181
5265
5388
5237
5312
5230
5441
5514
5529
5491
5564
5787
5741
5761
5653
5517
5577
5621
5524
5425
5199
5295
5363
5295
5397
5493
5566
5390
5483
5571
5580
5756
5934
5897
5835
5702
5721
5753
5629
5460
5481
5503
5474
5417
5357
5474
5594
5540
5473
5589
5770
6019
6160
6110
6139
5920
5997
6045
6118
6123
6338
6425
6333
6399
6466
6684
6830
6883
6896
6768
6696
6730
6602
6675
6552
6556
6509
6669
6495
6577
6587
6567
6414
6445
6289
6420
6534
6572
6574
6754
6709
6699
6846
6817
6730
6914
7004
6972
7203
7207
7308
7414
7297
7184
7212
7116
7103
7035
6880
6831
6964
6941
6963
6996
7047
7062
7147
7366
7181
7360
7508
7436
7436
7524
7675
7407
7197
7115
7054
6993
6913
6881
6687
6674
6663
6655
6620
6645
6653
6827
6849
6755
6795
6649
6719
6537
6563
6430
6217
6304
6453
6506
6360
6418
6586
6570
6582
6477
6434
6294
6313
6197
6162
5988
5932
5849
5814
5897
6043
6192
6405
6341
6158
6079
6052
6121
6099
6000
6072
6170
6166
6271
6169
6039
6064
6083
5943
6011
6025
6118
5970
5837
5976
6066
6187
6484
6639
6639
6769
6941
6820
6725
6661
6609
6605
6559
6510
6355
6366
6438
6313
6360
6507
6390
6481
6399
6439
6498
6540
6507
6412
6605
6511
6641
6597
6635
6621
6715
6574
6625
6466
6279
6262
6133
6035
5923
5878
5815
5943
5970
6103
6254
6214
6067
6076
6057
5920
5851
5860
5961
5759
5906
5952
5872
5934
5845
5948
5919
5755
5760
5958
6064
6154
6170
6261
6294
6272
6185
5979
5909
5740
5727
5725
5615
5510
5633
5697
5621
5490
5329
5485
5350
5641
5822
5611
5696
5759
5682
5815
5996
6073
6121
6284
6241
6191
6002
5983
5916
6001
6054
6037
6001
5809
5802
5837
5919
5786
5801
5709
5703
5694
5663
5668
5648
5506
5580
5583
5454
5458
5557
5490
5451
5294
5276
5477
5498
5571
5462
5447
5547
5443
5420
5412
5390
5402
5597
5562
5607
5568
5719
5678
5750
6041
6223
6422
6336
6210
6216
6180
6284
6344
6342
6342
6542
6686
6859
6955
7003
6995
7066
7056
6953
6766
6798
6982
6801
6892
6594
6550
6781
6959
7032
7031
7151
7066
7205
7316
7204
7161
6880
6820
6897
6886
6841
6680
6568
6737
7037
6921
6989
7055
7014
7068
7149
6848
6812
6734
6559
6596
6653
6576
6491
6519
6545
6273
6424
6327
6516
6299
6261
6185
6027
6063
6132
6146
6250
6276
6303
6197
6144
6106
6079
6133
5951
5833
5762
5463
5507
5329
5322
5258
5117
4917
4998
5055
5082
4940
4863
4870
4862
4732
4711
4588
4425
4264
4429
4443
4607
4662
4684
4723
4895
4975
5114
5182
5177
5198
5071
5153
5143
5250
5249
5178
5052
4972
5022
5065
4843
4932
4791
4797
4966
5008
5267
5144
5126
5053
5263
5339
5312
5318
5231
5274
5429
5419
5120
5108
5084
5173
5242
5300
5308
5264
5169
5091
5203
5276
5349
5439
5400
5370
5331
5421
5388
5317
5463
5567
5453
5361
5261
5238
5186
5176
5120
5181
5449
5491
5511
5428
5489
5560
5246
5323
5338
5264
5352
5442
5392
5386
5387
5557
5586
5568
5635
5755
5906
5836
5622
5551
5659
5609
5512
5361
5211
5375
5442
5540
5436
5107
5282
5267
5401
5278
5099
4902
4969
4792
4947
4944
4886
4962
5056
4889
4810
4772
4853
4778
4855
4714
4923
4825
4925
5039
5007
4926
4674
4727
4830
4863
4811
4760
4817
4775
4786
4765
4495
4538
4525
4409
4373
4395
4398
4512
4531
4598
4509
4510
4401
4313
4390
4341
4261
4091
3987
3928
3984
3974
3909
3857
4010
3895
3906
4010
4104
4106
4171
4109
4080
4080
4148
4075
4210
4233
4402
4328
4303
4178
4018
4025
3924
3957
3957
4056
4148
4130
4087
3987
3839
3811
3716
3708
3594
3638
3620
3609
3627
3696
3664
3688
3547
3670
3688
3568
3518
3450
3591
3706
3850
3905
3930
3913
3736
3646
3723
3717
3920
3949
4116
4174
4217
4333
4302
4317
4443
4447
4260
4162
4085
3907
3771
3701
3803
3770
3735
3792
3667
3699
3623
3660
3566
3704
3685
3585
3559
3533
3461
3376
3278
3301
3389
3483
3577
3594
3636
3630
3498
3613
3486
3572
3487
3238
3149
3249
3153
3344
3496
3592
3749
3719
3714
3831
3898
3950
3971
4069
4012
3899
3905
3983
3966
4079
4089
4043
4132
4246
4403
4372
4291
4253
4199
4153
4030
3991
4019
3913
3735
3857
3965
3826
3869
3934
3954
3813
3673
3563
3655
3703
3696
3692
3679
3777
3668
3590
3607
3746
3770
3865
3800
3942
3997
4074
4212
4197
4274
4278
4213
4315
4413
4486
4616
4652
4715
4766
4966
4998
4977
4862
4886
4888
4832
4820
4830
4975
4895
4844
4873
4887
4894
4826
4862
4982
5026
5089
5169
5202
5243
5305
5256
5335
5391
5515
5584
5757
5655
5651
5892
5874
5745
5639
5794
5930
5938
5836
5995
6011
6030
6016
6022
5920
5728
5785
5609
5514
5463
5324
5231
5426
5299
5368
5360
5462
5330
5329
5286
5298
5299
5168
5152
5147
5191
5334
5358
5228
5066
5114
5036
5111
5089
5150
4840
4941
4948
4938
4815
4797
4616
4610
4664
4598
4621
4642
4502
4397
4286
4410
4363
4405
4381
4366
4421
4398
4394
4485
4530
4554
4337
4338
4475
4499
4321
4466
4580
4722
4541
4604
4651
4754
4738
4507
4502
4490
4545
4688
4768
4872
4771
4653
4609
4755
4609
4781
4611
4781
4841
4827
4862
4786
4549
4569
4641
4616
4592
4800
4848
4802
4788
4693
4622
4690
4532
4416
4404
4462
4309
4219
3990
3984
3996
4036
4034
4013
4057
4087
4031
3985
4039
4065
4052
4057
4098
4093
4319
4495
4379
4461
4641
4563
4610
4473
4618
4560
4526
4549
4546
4494
4657
4733
4913
4968
5127
5320
5389
5330
5466
5444
5257
5203
5165
5292
5431
5267
5279
5443
5537
5466
5425
5463
5480
5360
5221
5336
5465
5482
5455
5560
5539
5488
5499
5489
5316
5359
5460
5164
5048
5035
5053
5095
5280
5240
5334
5071
4938
4878
4920
4882
4926
4723
4808
5018
5111
5333
5407
5343
5329
5361
5233
5203
5148
4912
4856
4902
4744
4703
4714
4789
4786
4848
4883
4896
4954
4964
4940
5025
5099
4972
4899
4906
4874
4941
4825
4888
4863
4773
4609
4648
4666
4693
4742
4709
4483
4547
4558
4521
4521
4504
4470
4560
4521
4548
4334
4269
4194
4022
3922
3946
3985
4018
3942
3932
4089
4233
4257
4338
4297
4445
4418
4413
4396
4440
4433
4631
4803
4818
4820
4805
4853
5006
4847
4809
4842
4851
4827
4717
4686
4751
4723
4746
4878
4913
4954
4998
5015
5103
5014
5082
4994
5037
5047
5070
5097
4951
4915
4982
4960
5106
5154
5059
5048
5008
4828
4894
5158
5264
5255
5251
5333
5349
5392
5471
5531
5607
5748
5813
5863
5831
5800
5740
5764
5820
5828
5848
6032
5938
5886
5810
5722
5778
5799
5751
5811
5874
5975
6013
6191
6336
6491
6480
6627
6567
6515
6468
6384
6566
6668
6573
6540
6703
6370
6423
6380
6319
6232
6153
6241
6191
6270
6139
6139
6223
6313
6209
6264
6254
6391
6484
6468
6623
6617
6654
6436
6692
6625
6785
6800
6719
6594
6487
6350
6229
5921
6031
6089
6137
6201
6278
6351
6328
6353
6380
6456
6370
6459
6553
6387
6388
6463
6354
6332
6412
6163
6278
6082
5898
5919
5888
5931
5933
5970
5965
5975
5936
5926
5909
5820
5799
5743
5560
5569
5750
5611
5704
5716
5723
5754
5775
5660
5778
5886
5786
5869
6173
6166
6118
6241
6306
6244
6195
6282
6255
6225
6160
6205
6416
6415
6449
6321
6403
6537
6349
6250
6105
6213
6332
6485
6508
6567
6368
6273
6436
6383
6260
6327
6320
6194
6171
6282
6124
5983
5973
6037
6262
6365
6539
6737
6706
6662
6586
6585
6633
6985
6716
6658
6615
6580
6885
6874
6983
7261
7398
7371
7237
7345
7301
7266
7199
7389
7222
7428
7437
7343
7313
7395
7509
7527
7362
7317
7388
7354
7527
7522
7328
7084
6980
6815
6731
6605
6653
6581
6626
6692
6567
6610
6733
6834
6628
6577
6541
6603
6586
6617
6711
6674
6407
6499
6422
6438
6482
6487
6170
6120
6091
6400
6409
6345
6349
6271
6262
6353
6223
6187
6342
6378
6268
6361
6131
6196
6096
6223
6310
6401
6369
6546
6585
6547
6557
6473
6425
6476
6478
6530
6451
6328
6355
6359
6273
6210
6140
6135
6215
6182
6165
6257
6545
6391
6370
6523
6562
6510
6404
6462
6413
6581
6515
6497
6416
6430
6559
6583
6570
6442
6414
6506
6496
6435
6390
6318
6205
6346
6196
6080
5897
5861
5827
5623
5517
5672
5836
5763
5722
5769
5657
5630
5573
5665
5594
5535
5597
5707
5623
5634
5819
5977
5899
5797
5821
5968
6177
6185
6061
6051
6088
6097
6062
5999
6157
6190
6318
6204
6350
6215
6305
6368
6428
6381
6321
6346
6148
6282
6279
6431
6441
6451
6437
6397
6497
6389
6335
6159
5973
6125
6095
6392
6291
6249
6388
6509
6497
6524
6268
6256
6090
6083
5910
5962
6018
6068
6114
6074
6098
6233
6257
6247
6228
6169
6276
6380
6294
6216
6175
6007
5966
5773
5913
5909
5968
5966
6104
6059
6057
5892
5909
6143
6224
6103
6191
6187
6298
6407
6462
6563
6643
6571
6709
6759
6731
6530
6580
6799
6819
6721
6685
6820
6967
6972
6965
6895
6792
6601
6484
6487
6554
6470
6571
6491
6566
6639
6502
6720
6556
6294
6461
6617
6697
6763
6665
6844
6852
6929
7033
7176
7031
7112
7293
7253
7006
6902
6762
6620
6430
6541
6486
