1005000
267805
174166
129939
103093
85882
73323
63592
56728
50795
45785
42248
38163
35262
33307
31146
29090
27179
25580
24478
23313
22238
21205
20305
19559
19032
18489
18073
17355
16416
15579
15333
15014
14334
13929
13336
13242
12637
12495
12181
11355
11062
10757
10251
10014
9499
9444
9325
9234
9056
8746
8484
8460
8224
8108
7993
7999
7943
7891
7613
7367
7265
7291
7180
6919
7042
6910
6726
6643
6675
6680
6457
6369
6234
6061
5863
5653
5697
5647
5734
5766
5639
5598
5569
5659
5789
5588
5415
5448
5492
5431
5441
5387
5311
5323
5369
5325
5252
5184
5191
4942
4771
4604
4409
4166
4152
4167
4039
3921
3746
3613
3532
3532
3730
3625
3715
3662
3754
3794
3850
3782
3832
3800
3631
3712
3631
3609
3455
3486
3528
3439
3394
3467
3493
3522
3460
3339
3433
3412
3305
3176
3292
3340
3361
3352
3377
3273
3223
3251
3275
3197
3063
3153
3015
2970
3044
3057
3031
2985
2951
2965
2940
2950
3005
2912
2784
2952
2920
2791
2766
2791
2734
2733
2777
2901
2982
3071
3124
3073
3044
3098
3131
3128
3064
3069
3136
3035
2926
2804
2830
2922
2900
2922
3119
3106
3052
3014
3118
3070
3007
2957
2955
2926
2917
2891
2978
3056
3040
2955
2840
2875
2939
2970
2973
3021
3124
3172
3101
3253
3289
3305
3451
3361
3395
3492
3394
3506
3531
3590
3558
3570
3490
3496
3530
3523
3598
3525
3536
3469
3541
3562
3493
3606
3616
3723
3813
3919
3919
3756
3868
3856
3808
3835
3874
3861
3910
4031
3851
3739
3767
3751
3742
3760
3790
3745
3847
3729
3788
3744
3843
3885
3919
3982
3999
4093
3992
3994
3954
4045
3960
3845
3824
3967
4040
3941
4134
4127
4241
4482
4363
4208
4091
4148
4129
4235
4047
4018
4097
3888
3828
3839
4007
3962
4011
3975
4144
4166
4205
4337
4388
4480
4427
4355
4414
4550
4535
4481
4426
4341
4588
4429
4444
4426
4386
4358
4291
4168
4053
4169
4088
4042
3975
3985
3902
3854
3922
3858
3921
3883
3866
3849
3858
3742
3812
3780
3859
3852
3711
3788
3746
3758
3741
3739
3787
3696
3698
3721
3691
3672
3554
3580
3607
3524
3555
3454
3513
3480
3462
3537
3512
3337
3301
3402
3452
3503
3514
3436
3474
3430
3326
3222
3155
3201
3142
3167
3146
3144
3103
3154
3070
3096
3028
2999
3100
3009
2924
2797
2719
2712
2687
2490
2649
2734
2695
2744
2868
2835
2917
2853
2919
3007
2897
2868
2842
2834
2708
2787
2809
2816
2773
2659
2690
2787
2607
2721
2859
2798
2839
2753
2718
2733
2720
2732
2689
2703
2726
2685
2667
2782
2619
2629
2643
2668
2707
2578
2521
2547
2554
2471
2541
2607
2585
2523
2572
2590
2374
2501
2526
2681
2649
2624
2624
2653
2500
2562
2674
2551
2562
2514
2470
2411
2349
2437
2386
2304
2291
2281
2322
2346
2389
2460
2390
2388
2531
2540
2542
2586
2682
2671
2695
2791
2623
2611
2571
2499
2500
2553
2476
2449
2430
2367
2341
2352
2332
2221
2182
2281
2325
2359
2446
2415
2385
2376
2379
2455
2429
2455
2417
2391
2487
2479
2528
2572
2707
2921
2910
2838
2739
2763
2867
2982
2983
2984
3023
3022
2933
3008
3150
3153
3136
3064
2866
2949
2847
2886
2886
2933
3031
3115
3098
3128
3156
3238
3251
3222
3412
3460
3598
3699
3751
3746
3964
4034
4137
4222
4235
4275
4216
4069
4233
4347
4384
4243
4017
4052
4029
3906
3893
3859
3937
4003
4046
4034
4250
4148
4081
4123
4111
4046
4036
4082
4018
4036
4121
4057
4153
4288
4417
4364
4370
4480
4490
4481
4436
4547
4289
4277
4188
4418
4533
4503
4518
4616
4517
4463
4654
4588
4543
4549
4411
4444
4417
4383
4564
4486
4577
4616
4714
4743
4627
4796
4776
4788
4737
4771
4731
4723
4936
4928
4995
4964
4877
4882
4864
4865
5079
4962
5040
5123
5107
5117
5067
4943
4860
4805
4770
4554
4476
4542
4377
4363
4430
4434
4621
4743
4841
4799
4814
4802
4847
4966
5036
4965
4975
5012
5050
5125
5166
5259
5157
5170
5110
5151
5373
5575
5563
5671
5668
5635
5622
5653
5893
5831
5964
5985
5984
5867
5892
5835
5888
5999
5789
5619
5541
5453
5506
5319
5333
5323
5277
5394
5326
5512
5534
5446
5455
5467
5502
5480
5378
5303
5399
5390
5207
5344
5323
5375
5389
5568
5577
5562
5589
5472
5407
5334
5366
5342
5355
5360
5233
5239
5223
5231
5497
5697
5674
5835
5821
5774
5823
5846
5943
5766
5608
5748
5837
5753
5927
5895
6078
5986
5851
5793
5774
5759
5881
5707
5811
5825
5869
6002
6242
6392
6249
6297
6065
6190
6274
6112
6028
6117
6241
6062
6109
6129
6175
6099
6325
6250
6227
6054
5932
5985
5970
5944
5863
5791
5918
5865
5726
5795
5734
5939
5707
5616
5656
5680
5598
5530
5646
5666
5586
5387
5308
5463
5522
5748
5779
5717
5720
5728
5586
5504
5485
5471
5558
5502
5458
5230
5240
5225
5181
5198
5364
5197
5287
5208
5420
5461
5515
5511
5479
5383
5436
5471
5457
5546
5496
5532
5341
5446
5463
5330
5253
5393
5316
5229
5172
5169
5172
5251
5299
5336
5367
5481
5467
5489
5464
5360
5323
5243
5197
5219
5287
5374
5326
5473
5294
5285
5197
5342
5443
5287
5159
4961
5142
5105
5373
5219
5268
5202
5141
5109
5114
5073
5242
5212
5059
4999
4911
4841
4836
4935
5065
4875
5119
5208
5200
5136
5010
5038
4966
4907
4749
4794
4793
4899
4923
5125
5150
4968
5019
4988
4917
4932
4876
4844
4983
5068
5005
4896
4801
4822
4615
4695
4784
4725
4977
4974
4946
5057
5027
4936
4933
5121
5216
5211
5061
5013
5119
5151
5254
5115
5060
5093
4953
4907
4847
4675
4753
4711
4559
4508
4520
4650
4605
4570
4605
4760
4684
4629
4796
4802
4919
5004
5059
5243
5157
5058
4936
4816
4799
4866
4874
4978
5109
5172
5175
5146
5005
5090
5177
5238
5268
5372
5488
5328
5469
5541
5595
5577
5516
5450
5382
5351
5344
5302
5259
5196
5127
5145
5039
5041
5049
4975
4945
4867
4739
4607
4641
4818
4792
4891
4986
4979
5217
5370
5353
5396
5375
5613
5721
5917
5805
5776
5668
5610
5566
5404
5605
5630
5766
5677
5657
5683
5480
5554
5637
5664
5551
5470
5217
4906
4912
4937
4954
4922
5016
5103
5062
4998
4803
4759
4693
4844
4923
4981
5052
4948
4898
5033
4979
5038
4900
4779
4686
4816
4813
4986
4694
4725
4708
4876
4911
4868
4836
5026
5159
5235
5293
4938
4853
4866
4776
4850
4946
4741
4610
4466
4322
4233
4126
4192
4135
4131
4077
3997
4124
4140
4057
4045
4057
4180
4064
4056
3970
3849
3704
3559
3604
3471
3547
3614
3687
3733
3608
3615
3617
3713
3894
3808
3854
3819
3839
3988
4003
3977
3929
4059
4027
3941
4016
4160
4014
3978
3927
3957
4157
4320
4295
4484
4471
4660
4591
4741
4677
4779
4703
4785
4753
4637
4675
4553
4586
4587
4755
4861
4799
4754
4794
4780
4641
4743
4664
4773
4759
4875
4854
4811
4754
4807
4847
4736
4603
4656
4703
4777
4764
4830
4830
4754
4777
4843
4827
4797
4650
4694
4678
4560
4581
4561
4618
4577
4359
4280
4211
4297
4324
4379
4579
4559
4608
4479
4382
4265
4281
4220
4163
4138
4276
4290
4297
4387
4368
4347
4546
4487
4357
4505
4462
4492
4570
4443
4481
4369
4292
4236
4321
4275
4265
4278
4234
4354
4329
4304
4293
4446
4490
4428
4259
4341
4350
4374
4477
4459
4410
4292
4216
4179
4132
4259
4158
4271
4252
4240
4104
4064
4077
4076
3867
3960
3964
3996
4203
4163
4084
4002
3894
3941
3978
3990
3910
3829
3934
3892
3969
4059
3987
4053
4249
4130
4104
4238
4304
4277
4205
4191
4227
4349
4475
4446
4428
4284
4394
4380
4626
4650
4633
4567
4553
4655
4703
4902
5027
5114
5044
5272
5238
5241
5151
5341
5138
5315
5382
5323
5313
5108
5147
4894
4853
4842
4844
4818
4918
4900
5053
4890
4730
4903
4908
4882
4959
4887
4821
4815
4857
4840
4894
5063
5073
5170
5195
5161
5179
5204
5422
5332
5480
5512
5522
5518
5686
5802
5665
5759
5649
5885
5847
5989
6101
5825
5945
5891
5808
5857
5851
5778
5785
5945
5833
5859
5944
5922
5988
5859
5678
5579
5502
5708
5692
5600
5615
5550
5648
5556
5486
5431
5556
5526
5527
5590
5491
5376
5342
5336
5435
5285
5152
5131
5154
5237
5275
5180
5076
5058
5085
5059
5164
5184
5192
5327
5462
5442
5590
5690
5556
5634
5637
5494
5546
5532
5806
5758
5718
5693
5768
5775
5868
5821
5722
5814
5745
5735
5714
5696
5711
5772
5673
5496
5594
5650
5569
5808
5820
5754
5760
5715
5682
5789
5694
5661
5709
5694
5737
5768
5632
5549
5379
5316
5252
5336
5273
5221
5161
5266
5352
5409
5545
5180
5443
5567
5567
5692
5806
5846
5974
5823
5841
5687
5746
5922
5927
5966
5863
5832
5507
5489
5595
5690
5887
5970
5984
5950
5863
5947
6100
5928
5930
6066
5963
5917
5893
5736
5663
5676
5721
5771
5817
5886
5883
5838
5661
6011
5730
5735
5636
5669
5671
5634
5656
5620
5763
5654
5609
5466
5554
5478
5548
5530
5577
5549
5505
5546
5552
5714
5478
5546
5481
5415
5488
5599
5692
5820
5710
5689
5761
5750
5706
5777
5695
5821
5806
5839
5596
5597
5566
5493
5679
5630
5468
5447
5420
5245
5188
5008
5030
4920
4983
5129
5157
5195
4956
4990
5036
5150
5240
5255
5414
5427
5388
5531
5411
5370
5382
5570
5503
5459
5515
5504
5643
5428
5401
5358
5395
5417
5258
5513
5673
5685
5850
5775
5778
5760
5773
5953
5897
5964
5933
5973
6168
6026
6016
5845
5901
5969
5966
5797
5903
5881
5814
5779
5800
5819
6031
5956
6040
6074
6262
6292
6405
6250
6404
6439
6608
6544
6646
6630
6426
6284
6198
6054
6060
5911
5562
5556
5425
5460
5527
5769
5873
5686
5477
5587
5641
5586
5327
5392
5284
5170
5080
5112
5280
5319
5329
5149
5107
5196
5071
4894
4816
4865
4838
4709
4657
4543
4752
4685
4681
4686
4606
4615
4658
4700
4753
4789
4712
4763
4860
4914
5170
5269
5180
5197
5184
5340
5165
5235
5231
5164
5239
5285
5110
4924
4937
4861
4789
4699
4623
4473
4337
4255
4127
4139
4215
4220
4219
4321
4476
4442
4679
4619
4497
4629
4506
4541
4474
4471
4470
4417
4363
4449
4350
4483
4435
4333
4225
4347
4368
4408
4377
4360
4546
4522
4586
4528
4621
4735
4600
4489
4427
4441
4407
4301
4203
4260
4135
4039
4015
4072
3947
3938
3830
3764
3815
3918
3859
3776
3802
3863
3798
3837
3623
3517
3636
3630
3738
3737
3691
3681
3812
3750
3840
3742
3753
3823
3957
3974
3960
3893
3935
3871
3819
3954
3882
3823
3762
3822
3928
3983
4070
4024
4085
3958
3859
3866
3834
3861
3823
3814
3801
3918
4017
4117
4119
4280
4427
4382
4370
4355
4402
4620
4687
4731
4732
4653
4695
4707
4536
4614
4735
4658
4652
4785
4805
4833
4813
4837
4819
5039
4958
4882
4824
4780
4567
4509
4601
4625
4548
4508
4495
4435
4410
4391
4515
4490
4480
4590
4570
4479
4411
4552
4778
4675
4675
4545
4574
4458
4449
4240
4309
4143
4128
4070
4229
4324
4160
4085
3969
4069
4203
4311
4342
4186
4195
4418
4330
4390
4683
4595
4542
4624
4792
4884
4841
4819
4800
4983
5158
5248
5308
5243
5236
5276
5318
5244
5237
5263
5292
5271
5365
5441
5488
5639
5670
5510
5602
5379
5391
5519
5498
5424
5415
5474
5486
5551
5531
5597
5754
5570
5502
5473
5478
5415
5435
5352
5385
5371
5347
5545
5616
5803
5963
5877
5836
5939
5984
6042
5980
5889
6180
6229
6344
6299
6210
6318
6356
6449
6601
6420
6397
6239
6145
5980
5997
5948
6034
6038
5888
6059
6194
6181
6287
6160
6039
6012
6119
6193
6031
5970
5967
5964
5918
5875
5839
5724
5895
5801
6084
6106
5982
5810
5810
5638
5612
5662
5677
5568
5680
5675
5662
5756
5878
6044
6141
6113
6307
6559
6484
6483
6470
6528
6589
6754
6622
6573
6678
6768
6888
6850
6737
6504
6663
6855
7055
7129
7286
7204
7366
7216
7166
7244
7344
7421
7284
7165
7162
7143
7222
7187
7105
7040
7019
7031
7049
7019
7014
6822
7026
7071
7191
7173
7089
7097
7118
7107
7044
6953
6832
6784
6773
6765
6916
6847
6869
6905
6958
6946
7080
7086
7072
7018
6930
7042
7018
6836
6852
6893
6909
6876
6808
6700
6951
6993
6984
6772
6668
6688
6518
6382
6346
6346
6322
6351
6426
6407
6320
6339
6401
6330
6466
6628
6379
6293
6339
6289
6441
6413
6426
6425
6255
6230
6215
6219
6131
5961
6185
6190
6270
6210
6133
6242
6085
5945
5788
5769
5715
5707
5659
5625
5403
5466
5381
5389
5411
5441
5264
5216
5321
5499
5348
5344
5293
5308
5369
5478
5349
5349
5268
5171
5107
5111
5071
5096
5059
5184
5161
5380
5517
5467
5530
5492
5655
5791
5693
5933
6060
5953
5988
6028
6124
6206
6162
6041
6152
6253
6333
6279
6295
6197
6180
6020
5945
5891
6021
6016
5803
5673
5755
5834
5768
5611
5745
5808
5837
5861
5828
5790
5927
6042
5913
6042
5964
5781
5781
5908
6093
5992
5654
5591
5514
5460
5540
5431
5279
5088
4994
4855
4693
4605
4476
4425
4578
4484
4342
4523
4617
4487
4372
4376
4412
4337
4190
4276
4509
4481
4570
4615
4587
4484
4409
4398
4405
4457
4474
4480
4498
4367
4513
4562
4689
4603
4665
4644
4701
4689
4783
4839
4807
4629
4703
4602
4674
4747
4849
4885
4769
4816
4723
4889
4826
4853
4705
4756
4767
4775
4992
4981
5081
5179
5066
5016
4887
4841
4718
4738
4668
4553
4532
4728
4659
4755
4662
4662
4786
4701
4740
4822
4798
4725
4700
4702
4612
4620
4571
4674
4601
4464
4409
4358
4391
4351
4471
4507
4595
4699
4593
4560
4553
4547
4552
4444
4418
4397
4465
4565
4637
4565
4510
4642
4678
4699
4820
4887
4801
5005
4885
4823
4754
4751
4938
4993
5163
5245
5334
5341
5582
5578
5532
5621
5782
5781
5923
5843
5992
6114
6023
5881
5882
5879
5893
5848
5861
5738
5571
5625
5590
5436
5543
5599
5516
5634
5481
5465
5621
5605
5668
5657
5693
5624
5712
5672
5714
5804
5956
5847
5830
5567
5491
5668
5645
5516
5618
5627
5532
5709
5662
5678
5834
5928
5873
5774
5815
5764
5799
5841
5843
5992
6080
6012
5875
6077
6087
5882
6098
6190
6002
6015
6010
5936
5936
5973
5996
5926
5811
5877
5937
5876
6029
6019
5839
5799
5964
6004
5867
5761
5808
5909
5924
5935
5976
5812
5730
5598
5529
5380
5249
5225
5360
5427
5331
5362
5313
5434
5586
5514
5510
5623
5732
5655
5851
5893
6005
6093
6103
6064
6178
6176
6058
6009
6023
6131
6180
6117
6067
5938
5761
5578
5350
5317
5333
5445
5339
5385
5443
5500
5592
5402
5440
5376
5396
5497
5522
5462
5741
5911
5971
5944
5787
6010
6055
5934
5951
5860
5876
6025
5938
5769
5908
5885
5888
5917
5925
5911
5944
6079
6159
6305
6419
6486
6624
6813
6833
6856
7068
6932
6739
6834
6912
6989
7027
7102
7101
7229
7212
7034
7282
7249
7323
7335
7165
7255
7235
7414
7314
7309
7145
7271
7383
7402
7436
7372
7461
7258
7043
7188
7305
7222
7106
7027
6953
6985
7028
6963
7005
7011
6944
6824
6784
6744
6777
6996
6957
6938
6835
6625
6794
6867
6976
7107
7365
7229
7155
7147
7091
7004
6868
7015
6989
7206
7161
7294
7169
7356
7336
7555
7584
7650
7284
7316
7308
7265
7079
7143
7053
7041
7173
6933
6866
7037
7009
6973
6837
6797
6795
6873
6799
6960
6899
6867
6799
6894
6946
7132
7088
7178
7202
7226
7003
6949
6923
6822
6526
6481
6311
6344
6565
6544
6582
6622
6611
6799
6599
6608
6452
6401
6247
6184
6087
6083
6138
6396
6390
6470
6483
6605
6616
6802
6915
6832
6893
6790
6760
6721
6632
6546
6764
6730
6703
6625
6549
6475
6527
6571
6373
6213
6218
6336
6368
6392
6369
6525
6483
6393
6318
6256
6157
6084
6214
6053
6022
5790
5884
5992
6158
5990
5821
5929
6089
6062
6036
6061
5949
6002
6156
6223
6242
6315
6296
6249
6057
6157
6231
6243
6372
6383
6323
6310
6516
6563
6564
6457
6447
6541
6502
6456
6549
6578
6627
6531
6416
6461
6455
6495
6734
6763
6759
6991
7156
7360
7242
7377
7323
7212
7264
7139
7148
7300
7049
7045
7158
7354
7143
7320
7225
7296
7226
7224
7171
7164
7171
7331
7365
7339
7473
7633
7571
7527
7434
7420
7530
7655
7613
7617
7602
7387
7339
7264
7291
7621
7663
7456
7330
7347
7459
7436
7285
7347
7358
7285
7235
7395
7283
7428
7412
7449
7380
7422
7191
7163
7025
7286
7156
7024
7148
6997
7087
7061
7045
7344
7493
7536
7622
7719
7765
7965
8082
8010
7961
7988
7891
7859
7791
7784
7729
7793
7737
7663
7390
7595
7630
7766
7836
7853
7829
7949
7885
8005
7941
8186
7987
7955
7653
7582
7649
7610
7563
7622
7486
7336
7371
7314
7350
7361
7244
7359
7267
7097
6975
6886
7016
7023
6975
7236
7163
7077
7028
6899
6855
6833
6738
6511
6596
6655
6596
6603
6557
6601
6826
6795
6804
6858
6831
6831
6829
6762
6822
6908
6884
6888
6892
6809
6893
6693
6582
6487
6495
6574
6612
6629
6611
6533
6552
6580
6494
6517
6476
6459
6421
6447
6473
6344
6622
6588
6566
6476
6354
6307
6311
6202
6091
6140
5866
5928
5904
5931
5936
6005
6003
6131
6090
6100
6033
6145
6200
6221
6291
6220
6227
6110
5984
6005
5988
5988
5848
5769
5633
5582
5765
5784
5826
5768
5925
5938
5804
5905
5977
5864
5843
5928
5895
5819
5755
5839
6027
5868
5942
6130
5945
6160
6121
5957
5997
5928
5804
5910
5852
5930
5961
5792
5638
5463
5628
5415
5445
5367
5481
5555
5540
5625
5567
5615
5597
5489
5634
5504
5428
5569
5776
5728
5757
5772
5811
5564
5479
5494
5641
5755
5814
5898
6088
6088
5881
5686
5576
5592
5538
5601
5691
5865
5855
5733
5679
5703
5731
5664
5606
5575
5613
5609
5508
5300
5410
5456
5381
5491
5367
5363
5306
5288
5247
5332
5161
5258
5345
5280
5351
5327
5265
5305
5247
5338
5115
5147
5175
5241
5301
5222
5277
4958
4999
5102
5080
5012
5104
5134
5059
5177
5370
5288
5278
5196
5216
5224
5227
4915
4884
4859
4905
5014
4895
4902
5009
4927
4915
4947
4992
5182
5167
5161
5165
5162
5201
5106
5091
5191
5011
5120
5207
5135
5276
5341
5417
5613
5890
5955
5922
5964
5986
5927
6066
5927
5893
5918
5952
5972
6039
6113
6158
6352
6248
6226
6333
6216
6396
6362
6434
6438
6441
6234
6140
6057
6143
6003
6173
6336
6252
6111
6117
5997
5973
5934
6080
6001
5818
5773
5688
5679
5734
5724
5734
5761
5738
5654
5767
5849
5996
6068
6217
6137
6094
6139
5959
5964
6068
5915
6132
6327
6144
6049
5934
5901
5697
5772
5899
5813
5992
5997
5953
5949
5975
6075
5956
5887
5822
5712
5671
5578
5424
5206
5160
4953
4961
4941
4822
4834
4869
4657
4786
4867
4861
4825
4772
4850
4810
4794
4902
5032
5217
5006
5098
5145
5262
5160
5299
5365
5291
5149
5139
5110
5078
4915
4841
4800
5025
5006
5176
5291
5283
5266
5406
5534
5527
5693
5661
5642
5483
5393
5301
5377
5273
5346
5249
5390
5453
5294
5304
5358
5399
5325
5394
5457
5327
5183
5257
5245
5315
5454
5505
5619
5515
5556
5641
5744
5758
5899
5827
5918
6076
6053
5976
5840
5848
5585
5588
5628
5796
5941
5950
5923
5857
5770
5850
5841
5821
5765
5703
5670
5769
5875
5760
5969
5966
5964
5810
5848
6065
6027
6135
6093
6188
6147
6079
6064
6045
5947
5911
5928
5961
6060
6097
6011
5909
5840
5782
5793
5804
5757
5883
5925
5853
5789
5709
5692
5621
5425
5465
5487
5554
5556
5583
5737
5723
5713
5760
5559
5344
5325
5304
5437
5364
5418
5556
5463
5317
5375
5357
5286
5180
5188
5302
5247
5162
5181
5134
5244
5354
5272
5391
5248
5128
5213
5088
5066
4907
4794
4729
4741
4755
4906
4900
4828
4672
4697
4850
4917
4968
4866
4830
4825
4664
4763
4677
4696
4685
4535
4540
4631
4509
4625
4576
4510
4391
4351
4036
4188
4306
4296
4321
4467
4626
4642
4439
4438
4430
4576
4618
4616
4694
4594
4509
4511
4625
4733
4769
4840
4901
5062
5072
5186
5082
4962
5120
4994
4886
4904
4930
4823
5048
5148
5384
5272
5193
5212
5320
5293
5168
5190
5057
5165
5099
5114
4986
4928
4959
5021
5079
5218
5171
5215
5401
5328
5309
5367
5369
5370
5423
5471
5327
5270
5346
5354
5248
5332
5181
5189
5214
5312
5273
5115
5162
5097
5311
5383
5446
5518
5435
5477
5566
5398
5478
5608
5567
5562
5534
5432
5404
5221
5154
5146
5144
5250
5222
5168
5333
5384
5511
5433
5436
5479
5360
5394
5412
5285
5310
5424
5489
5310
5246
5381
5387
5505
5674
5619
5611
5543
5463
5410
5338
5484
5473
5435
5383
5408
5478
5364
5306
5414
5401
5488
5481
5546
5585
5616
5558
5637
5704
5745
5750
5768
5784
5880
5936
5887
5825
5802
5848
5877
5819
6003
5908
6073
5833
5708
5688
5686
5806
5946
5757
5934
5933
6035
6089
5803
5627
5562
5711
5580
5816
5807
5881
5822
5742
5750
5875
5725
5831
5743
5820
5743
5687
5689
5737
5820
5883
6034
5951
6207
6227
6187
6141
6061
5831
5764
5761
6095
6027
5953
6068
5979
5991
6034
6202
6213
6190
6342
6237
6317
6382
6477
6503
6785
6792
6687
6505
6536
6503
6346
6545
6664
6782
6813
6755
6796
6822
6864
6816
6695
6710
6769
6937
6740
6623
6527
6562
6534
6495
6562
6581
6631
6775
6759
6711
6705
6514
6398
6368
6352
6252
6296
6204
6133
6064
6060
6132
6003
6058
6057
6163
6141
6332
6188
5873
5790
5821
5779
5717
5675
5692
5792
5867
5754
5729
5628
5584
5666
5584
5432
5368
5282
5354
5400
5061
5067
4901
4915
4994
5014
5280
5286
5246
5123
5104
5066
5270
5337
5277
5512
5385
5314
5251
5168
5293
5297
5171
5083
4899
4854
4903
4822
4641
4585
4578
4629
4741
4849
4879
4698
4628
4715
4645
4605
4636
4505
4511
4499
4427
4462
4421
4416
4504
4492
4512
4708
4778
4630
4641
4691
4664
4528
4430
4534
4768
4882
4973
5134
5213
5327
5446
5286
5358
5389
5302
5289
5265
5412
5590
5558
5670
5606
5382
5448
5304
5351
5281
5099
5073
5117
5140
5155
5108
5088
5170
5168
5166
5084
4946
5033
4975
5067
5129
5115
5192
5181
5182
5246
5318
5371
5452
5218
5154
4892
4722
4894
4882
5193
5125
4986
4928
4879
4759
4882
4682
4682
4749
4745
4816
4801
4850
4769
4518
4620
4759
4898
4872
4986
4904
4910
4829
4920
4966
4733
4766
4802
4744
4766
4780
5056
4937
4911
4808
4808
4827
4792
4810
4616
4541
4393
4404
4541
4501
4619
4623
4549
4352
4361
4426
4485
4540
4617
4558
4606
4690
4672
4633
4610
4591
4735
4769
4793
4804
4959
5074
5071
4731
4801
4758
4717
4549
4424
4412
4334
4224
4212
4134
3990
4255
4259
4253
4183
4247
4191
4407
4759
4679
4681
4619
4795
5016
4931
4803
4897
4784
4825
4825
4793
4639
4539
4518
4478
4488
4542
4395
4208
4338
4351
4410
4454
4234
4251
4161
4104
4144
4260
4333
4326
4282
4358
4442
4430
4411
4430
4414
4376
4419
4485
4786
4789
4822
4845
4847
4866
4827
4893
5061
5164
5367
5314
5340
5210
5298
5122
5299
5162
5344
5270
5257
5220
5233
5270
5248
5339
5245
5207
5339
5345
5283
5250
5105
5015
5083
5180
5414
5285
5059
4945
5017
5112
5261
5379
5412
5408
5348
5343
5399
5636
5480
5334
5153
5071
4951
4849
4836
4856
4843
4841
4768
4649
4552
4723
4709
4726
4777
4925
4904
4928
4727
4831
4857
4867
5000
4978
4973
4990
4913
4913
4827
4893
4896
4938
4805
4783
4880
4731
4696
4661
4734
4753
4881
4990
5093
5166
5183
5157
5212
5240
5311
5332
5244
5314
5201
5212
5152
5075
5120
5168
5273
5092
5157
5086
5092
5032
5013
4957
5054
5019
5026
5059
5029
5051
5008
4923
4804
4760
4928
4851
4950
4979
4791
4877
5060
5071
5061
5084
5105
5048
5038
5065
4862
5005
4908
4853
4866
4858
4960
4811
4625
4702
4694
4863
4683
4645
4627
4633
4791
4777
4764
4682
4559
4619
4749
4517
4559
4513
4537
4668
4693
4624
4706
4484
4503
4585
4474
4461
4643
4730
4710
4825
4625
4573
4514
4441
4510
4557
4597
4721
4763
4793
4655
4586
4606
4551
4637
4478
4316
4355
4375
4361
4334
4406
4645
4596
4611
4579
4677
4607
4364
4258
4203
4126
4111
4100
4050
4051
4062
4042
4175
4029
4016
4114
4249
4180
4223
4303
4388
4178
4330
4289
4331
4337
4419
4657
4525
4582
4572
4532
4539
4469
4582
4574
4451
4528
4529
4423
4452
4328
4301
4225
4282
4192
4348
4279
4272
4096
4140
4090
4106
4028
4147
4167
4130
4060
4123
4163
4229
4134
4198
4310
4472
4519
4531
4552
4350
4497
4493
4464
4467
4355
4232
4194
4244
4175
4318
4481
4543
4623
4627
4619
4713
4662
4692
4707
4723
4669
4586
4668
4713
4539
4386
4415
4508
4601
4544
4499
4408
4456
4480
4480
4420
4379
4319
4288
4395
4326
4527
4696
4710
4784
4737
4857
4770
4736
4812
4936
4895
4955
4929
4982
5091
4883
4910
4875
5082
5014
5199
5181
5144
5358
5361
5358
5532
5466
5419
5491
5269
5094
5228
5198
5247
5372
5275
5425
5380
5246
5267
5217
5258
5292
5316
5311
5289
5200
5227
5359
5318
5280
5197
5210
5319
5311
5344
5184
5069
4988
5081
5156
5087
5221
5182
5245
5406
5345
5395
5370
5240
5171
5324
5318
5219
5329
5292
5366
5270
5199
4951
4900
5033
4997
5108
5030
4979
5152
5202
5169
5178
5187
5179
5253
5375
5365
5364
5392
5615
5569
5640
5817
5766
5680
5595
5748
5668
5826
5997
5875
5787
5834
5872
5909
5998
6019
6009
5815
5875
5700
5694
5549
5800
5759
5705
5748
5703
5690
5791
5902
5753
5661
5844
5752
5729
5705
5784
5836
5945
5876
6139
6317
6228
6162
6385
6251
6384
6334
6507
6611
6707
6715
6815
6931
6919
6887
6686
6630
6576
6797
6812
6870
6951
6905
6902
6865
7098
7090
6989
7074
7185
7067
6996
7167
7267
7216
7185
7441
7383
7295
7286
7319
7098
7091
6931
6897
7018
6992
6888
6862
6775
6727
6798
6678
6533
6409
6597
6634
6765
6842
6735
6716
6912
6980
6893
7062
7227
7370
7339
7330
7176
7166
7086
6990
7013
7080
6995
7105
7109
7280
7298
7378
7302
7220
7479
7475
7469
7437
7507
7381
7569
7490
7399
7312
7308
7289
7261
7499
7557
7644
7832
8034
7968
8086
8058
8006
8119
8136
8132
7839
7991
8122
8132
8151
8405
8330
8431
8397
8521
8408
8317
8263
8258
8150
7998
7960
7982
7918
7858
7932
7941
7795
7521
7469
7305
7229
7259
7258
7410
7398
7439
7379
7454
7378
7500
7473
7421
7457
7345
7317
7311
7062
6923
6933
7058
6884
7107
6968
6735
6640
6714
6635
6554
6419
6587
6664
6630
6603
6582
6534
6578
6433
6383
6495
6908
6866
6696
6838
6841
6739
6725
6814
6542
6475
6509
6328
6375
6335
6251
6267
6430
6334
6273
6384
6308
6416
6238
6307
6430
6530
6606
6552
6406
6354
6163
6162
6263
6106
5971
5788
5813
5824
5681
5643
5616
5721
5552
5677
5594
5731
5837
5796
5989
6020
6167
6415
6779
6624
6546
6526
6510
6535
6396
6305
5994
5855
5788
5913
6109
6040
6077
6051
5946
5909
5882
5874
6090
6101
6059
6006
6058
6094
5911
5945
6069
5977
5921
5746
5887
5901
5846
5841
5851
5916
6061
5992
5846
5856
5876
5795
5742
5779
5810
5763
5621
5635
5674
5752
5739
5587
5510
5641
5651
5679
5618
5703
5750
5726
5841
5900
5945
5767
5878
5862
5736
5766
5689
5626
5613
5794
5736
5723
5863
6021
5878
5961
6042
6277
6415
6563
6546
6622
6485
6631
6824
6839
6763
6851
6764
6665
6707
6733
6692
6686
6620
6635
6593
6462
6387
6366
6446
6352
6277
6193
5891
5847
5833
6008
6039
5950
6060
6182
6220
6252
6260
6234
6254
6462
6365
6588
6457
6672
6603
6547
6592
6815
6768
6883
6880
6941
6964
7041
7118
7019
7175
7134
7188
7199
7115
7024
7010
6810
6748
6861
7210
7250
7396
7184
7367
7254
7558
7536
7586
7613
7682
7678
7572
7251
7165
7027
6952
7020
7018
7068
7069
7279
7134
6851
6862
6677
6661
6816
6934
6942
6853
7002
7109
6988
6910
6964
6897
7083
7125
7271
7455
7351
7477
7274
7487
7361
7284
6941
6897
6870
6961
7073
7217
7049
7070
7031
6845
6766
6801
6796
6840
6955
6829
6936
6904
6657
6795
6716
6733
6657
6610
6851
6957
7104
6914
7018
7089
7297
7318
7448
7385
7450
7357
7393
7308
7249
7277
7489
7480
7333
7361
7429
7223
7092
7152
7103
6828
6557
6712
6829
6831
6902
6841
6803
7016
7183
7044
7280
7314
7166
7029
7086
7085
7136
6928
7123
6902
6975
7011
6991
6913
6745
6408
6518
6476
6448
6312
6422
6549
6530
6427
6262
6262
6182
6232
6267
6447
6502
6620
6652
6608
6574
6373
6516
6336
6362
6468
6422
6600
6763
6833
6811
6594
6446
6487
6500
6443
6429
6365
6151
6004
5957
6034
5956
6007
5906
5727
5873
5642
5525
5561
5775
5663
5833
5863
5810
5629
5772
5892
5750
5790
5785
5891
5843
5840
5924
5961
5891
5768
5750
5717
5839
5843
5586
5562
5657
5532
5475
5322
5418
5572
5584
5433
5510
5540
5388
5260
5434
5337
5300
5412
5433
5490
5394
5309
5413
5477
5274
5501
5508
5553
5410
5544
5566
5595
5501
5704
5688
5600
5703
5833
5675
5649
5705
