1005000
266975
174639
130349
103459
85242
71654
62720
55603
49499
44771
40375
37241
34413
31958
29491
27554
26304
24849
23930
22644
21286
20280
19502
18875
18125
17320
16452
16049
15379
14780
14178
13390
13046
12649
12167
11813
11457
11198
11065
10797
10462
10039
9941
9688
9278
9167
8776
8371
8132
7927
7910
7683
7380
6927
6796
6842
6898
6740
6688
6542
6462
6302
5918
5914
5850
5667
5663
5602
5468
5520
5587
5442
5532
5680
5632
5475
5471
5473
5449
5477
5473
5483
5395
5458
5316
5182
5092
4959
4846
4873
4742
4789
4573
4421
4297
4430
4288
4337
4297
4295
4267
4176
4117
4102
3896
3827
3900
3622
3460
3382
3332
3294
3288
3252
3317
3364
3289
3265
3147
3152
3201
3014
2934
2910
2926
2935
2823
2855
2992
3089
3023
3006
2970
2997
3019
3004
3011
3055
3017
3047
2974
2905
2925
2982
3012
2994
2908
2785
2680
2788
2812
2800
2829
2835
2798
2713
2764
2889
3011
2959
3190
3154
3106
3066
3001
3008
3009
2947
2942
2967
2956
3022
2971
2916
2917
2880
2871
2633
2703
2722
2674
2698
2700
2566
2550
2608
2565
2599
2412
2301
2257
2404
2327
2257
2170
2346
2326
2281
2316
2229
2179
2127
2128
2107
2103
1984
2049
2157
2102
2096
2137
2149
2163
2106
2138
2175
2253
2305
2367
2488
2370
2341
2239
2253
2347
2392
2377
2428
2539
2603
2586
2535
2526
2473
2562
2577
2541
2495
2569
2619
2529
2671
2631
2668
2628
2638
2657
2575
2631
2688
2575
2502
2520
2495
2533
2439
2380
2535
2545
2535
2630
2573
2634
2688
2764
2666
2691
2481
2371
2335
2332
2293
2301
2171
2055
2109
2125
2181
2164
2167
2233
2301
2292
2328
2268
2179
2035
2118
2076
1995
2010
1981
2016
2043
2027
2051
2112
2237
2176
2095
2215
2232
2220
2121
2209
2184
2205
2226
2218
2152
2211
2171
2197
2076
2112
2140
2109
2076
2011
1974
2004
2010
2019
2079
2088
2046
2067
2097
2091
2150
2208
2350
2373
2297
2309
2283
2359
2389
2554
2622
2462
2449
2418
2406
2340
2250
2280
2393
2376
2329
2367
2323
2256
2254
2290
2218
2273
2218
2076
2020
1962
2069
2067
2052
2113
2052
2021
1959
1981
1891
1917
1891
1960
2031
1963
1885
1782
1758
1718
1746
1677
1741
1827
1849
1815
1785
1752
1743
1870
1871
1873
1800
1726
1698
1713
1750
1794
1794
1838
1874
1908
1927
1977
1990
2098
2120
2067
2037
2022
2001
2052
2190
2177
2172
2125
2226
2298
2148
2233
2269
2286
2223
2244
2296
2224
2107
2049
1959
2052
2107
2188
2230
2286
2286
2281
2368
2360
2302
2312
2266
2281
2197
2151
2141
2140
2057
2097
2028
2076
2154
2187
2184
2160
2107
2075
2016
2017
1941
2058
2083
2062
2143
2166
2087
2046
2152
2200
2149
2243
2226
2220
2184
2136
2106
2133
2079
2071
2056
2070
2041
2064
2104
2121
2242
2361
2388
2477
2500
2443
2580
2603
2609
2641
2710
2681
2702
2620
2605
2576
2612
2612
2503
2410
2428
2379
2296
2268
2313
2308
2490
2593
2594
2720
2620
2667
2697
2698
2698
2657
2683
2599
2639
2647
2612
2602
2534
2527
2464
2565
2656
2674
2653
2565
2655
2661
2608
2568
2680
2628
2690
2523
2561
2640
2704
2787
2824
2756
2758
2666
2804
2949
2872
2859
2896
2899
2876
2874
2766
2844
3049
3236
3185
3279
3318
3237
3100
3212
3205
3175
3184
3204
3255
3247
3238
3183
3192
3300
3404
3579
3477
3546
3577
3561
3583
3759
3703
3722
3836
3844
3854
3943
3982
4008
4038
4111
4101
4200
4209
4193
4262
4165
4014
4054
4128
4188
4175
4199
4193
4127
4120
4207
4259
4051
3943
3877
4026
4072
4068
4000
3868
3963
3910
3949
3757
3654
3550
3473
3474
3568
3559
3542
3677
3843
3819
3868
3940
3968
3948
3912
3963
4078
4108
4055
4090
4119
4007
3928
3888
3787
3771
3740
3687
3695
3798
3879
3939
3959
3955
4033
4010
3988
4082
3990
3924
3959
4181
4089
4167
4061
4028
4100
4030
4023
4021
4033
3962
3845
3842
3838
3924
4022
4151
4145
4179
4084
4148
4250
4308
4215
4167
4179
4260
4308
4436
4386
4517
4499
4401
4553
4535
4410
4520
4536
4473
4586
4646
4693
4834
5019
4953
5125
5136
5190
5308
5397
5359
5459
5430
5445
5531
5541
5254
5230
5262
5251
5024
4937
4876
4833
4924
4905
4754
4693
4793
4849
4705
4575
4486
4437
4467
4438
4432
4493
4540
4479
4511
4487
4421
4378
4374
4287
4346
4242
4207
3977
4072
4092
4040
4087
4020
4048
4029
3980
4025
4148
4212
4297
4346
4402
4487
4495
4558
4585
4527
4471
4405
4534
4526
4524
4617
4754
4896
5157
5211
5038
5049
5106
5253
5236
5326
5258
5267
5237
5377
5447
5305
5427
5421
5289
5412
5316
5389
5401
5443
5500
5343
5443
5373
5417
5350
5293
5313
5326
5117
5181
5141
5041
5142
5169
5310
5273
5179
5250
5150
5063
5016
5026
5255
5249
5223
5319
5201
5168
5067
4885
5070
4977
4831
4738
4623
4713
4701
4574
4560
4524
4560
4573
4633
4477
4743
4662
4507
4512
4386
4494
4376
4401
4370
4392
4345
4222
4357
4200
4297
4263
4234
4289
4484
4569
4543
4442
4326
4404
4207
4314
4373
4452
4477
4506
4650
4577
4603
4669
4476
4508
4574
4605
4496
4527
4613
4585
4616
4405
4395
4504
4523
4380
4218
4202
4185
4324
4389
4335
4228
4226
4216
4257
4197
4158
4252
4412
4408
4456
4341
4216
4312
4490
4536
4636
4693
4825
4825
4870
4772
4698
4664
4709
4763
4700
4684
4642
4668
4813
4812
4818
5002
5064
5140
5173
5233
5294
5384
5582
5407
5536
5575
5786
5808
5819
5852
5897
5914
5908
5823
5972
6067
6021
5978
5913
5908
5808
5990
5985
5794
5732
5663
5591
5840
5933
5897
5941
6084
6043
5858
5920
5888
5904
6060
6143
6406
6566
6490
6290
6178
6272
6378
6385
6357
6489
6485
6189
6188
6155
6290
6364
6356
6371
6182
6310
6258
6138
6279
6352
6179
6382
6508
6526
6507
6392
6486
6537
6570
6609
6542
6532
6459
6393
6161
6245
6275
6349
6307
6384
6046
6148
6175
6153
6285
6201
6262
6222
6316
6431
6295
6238
6228
6260
6162
6191
6169
6276
6208
6239
6237
6345
6273
6322
6248
6247
6221
6136
6211
5925
5995
6072
6070
5967
6028
5951
5853
5766
5752
5841
5904
5911
5870
6062
6099
6013
6029
6138
6204
6285
6325
6486
6305
6314
6317
6257
6182
6068
6123
6273
6300
6298
6133
6251
6203
6282
6425
6494
6450
6371
6252
6180
6165
6208
6315
6493
6581
6897
6783
6912
7020
6796
6927
7009
7047
6822
6805
6776
6804
6709
6724
6881
6849
6753
6715
6762
6703
6594
6511
6447
6546
6424
6258
6218
6130
6045
5913
5813
5859
5888
6020
6026
5947
6065
5947
5873
5853
5695
5796
5848
5930
5728
5628
5601
5548
5413
5307
5445
5222
5183
5159
5203
5179
5290
5360
5377
5482
5582
5515
5603
5380
5348
5306
5170
5328
5239
5166
5389
5267
5133
5310
5388
5366
5328
5272
5363
5274
5176
5151
5120
5265
5250
5260
5269
5116
5092
4986
5011
4977
5022
4857
4771
4764
4743
4975
4945
4907
4704
4886
4869
4822
4918
4832
4866
4769
4911
4942
4920
4975
4816
4794
4915
5084
5208
5163
5109
5192
5316
5572
5703
5728
5847
5808
5638
5505
5574
5399
5391
5456
5575
5433
5559
5576
5499
5542
5472
5502
5364
5484
5637
5802
5992
6004
6116
6070
6150
6217
6244
6204
6401
6416
6393
6501
6274
6268
6363
6219
5994
5951
5961
5953
5933
6082
6200
5984
6302
6243
6265
6213
6075
6126
6098
6031
5833
5835
6017
5928
6096
6187
6165
6108
6141
6191
6181
6281
6093
6146
5982
5937
5802
6034
6075
6062
6097
6269
6385
6551
6634
6758
6815
6817
6905
6931
7154
7094
7139
7197
7291
7418
7407
7227
7189
7291
7531
7456
7411
7482
7468
7508
7723
7572
7636
7743
7619
7510
7320
7412
7449
7392
7232
7109
7179
7240
7221
7112
7216
6994
7193
7178
7221
7014
6986
7132
7021
7242
7320
7518
7575
7554
7401
7423
7395
7394
7535
7449
7073
7075
7168
7200
7226
7148
6960
7122
7197
7156
6829
6770
6760
6583
6371
6313
6004
5907
5692
5828
5731
5845
6018
5953
5827
5784
5728
5568
5884
5854
5894
5981
6107
6193
6120
6110
6220
6319
6331
6448
6539
6590
6757
6961
6973
6897
6851
7033
7174
7079
7157
7219
7013
6946
6670
6541
6448
6547
6716
6713
6750
6664
6739
6604
6551
6606
6670
6651
6618
6653
6564
6523
6329
6398
6866
6865
6718
6648
6768
6694
6889
6816
6936
7073
6932
7001
6750
6612
6546
6578
6578
6703
6597
6573
6399
6459
6398
6323
6236
6028
5893
5883
5623
5613
5659
5533
5422
5565
5577
5592
5674
5865
5846
5660
5945
5873
5795
5720
5789
5749
5763
5708
5728
5679
5643
5654
5711
5758
5780
5843
5985
5991
6105
5981
6055
6168
6191
6312
6402
6341
6345
6194
6219
6138
6181
6082
5861
5921
6061
6090
5950
5796
5774
6076
6128
6196
6146
6091
6203
6256
6187
6082
6024
6017
6063
6015
5985
5974
5830
5927
6070
6179
5908
5767
5681
5696
5552
5713
5777
5758
5661
5741
5895
5931
5997
5767
5674
5764
5687
5766
5750
5981
5853
5596
5652
5548
5591
5493
5456
5527
5479
5580
5607
5523
5486
5592
5649
5668
5802
5932
5857
5925
6034
6111
6070
6156
6252
6288
6289
6470
6426
6481
6543
6507
6494
6612
6473
6309
6344
6468
6340
6416
6388
6425
6452
6408
6200
5949
6087
6190
6325
6307
6271
6285
6304
6234
6262
6409
6428
6359
6319
6287
6344
6203
6243
6091
5945
6086
5969
6046
5888
5917
5893
6057
6056
6019
5995
5958
5916
6017
6059
6060
6098
5953
5879
5988
5832
5718
5844
5696
5618
5620
5590
5604
5454
5368
5361
5317
5394
5440
5402
5191
5208
5201
5094
5004
5039
4995
5012
4926
4867
4859
4923
5005
5126
5064
5081
5216
5369
5273
5344
5284
5338
5542
5605
5680
5742
5838
5832
5858
5854
5861
5939
5903
5848
5928
6059
6123
6109
6064
6351
6295
6380
6367
6376
6323
6331
6278
6216
6124
6229
6375
6203
6106
6219
6266
6185
6226
6207
6114
5956
5787
5968
6054
6180
6001
5988
6261
6334
6390
6335
6136
5955
5971
5860
5953
6097
6144
6106
5933
5903
5795
5924
6075
6085
6207
6262
6092
6168
6142
6108
6322
6346
6316
6422
6664
6721
6754
6802
6600
6460
6624
6427
6495
6631
6399
6363
6318
6479
6418
6267
6434
6647
6756
6603
6646
6613
6751
6566
6397
6505
6362
6368
6409
6398
6215
6323
6341
6253
6259
6166
6265
6316
6353
6429
6418
6286
6238
6214
6076
6034
5917
5855
6052
6025
5879
5753
5840
5770
5683
5781
5825
5870
6033
6070
5943
6037
6158
6253
6212
6100
6067
6165
6313
6202
6158
6162
6296
6089
6165
6205
6235
6040
6082
6040
5978
6164
6158
6284
6249
6153
6159
6237
6080
6195
6181
6086
5933
5870
5860
5819
5777
5426
5378
5333
5303
5334
5260
5050
5036
5096
5176
5155
5143
5024
4988
4858
4842
4724
4612
4741
4931
4875
4814
4866
5012
4860
4874
4658
4600
4564
4665
4590
4665
4517
4542
4516
4574
4483
4534
4534
4462
4394
4524
4544
4385
4189
4186
4186
4085
4211
4144
4240
4176
4324
4191
3938
3878
3843
3859
3819
4011
3914
3972
4029
3965
4027
3885
3884
3972
3939
4046
4027
3924
3875
3850
3784
3724
3641
3693
3716
3565
3498
3513
3661
3561
3541
3689
3812
3769
3730
3902
4068
4150
4146
4046
3982
3908
3992
3748
3760
3759
3789
3812
3902
3903
4025
4006
4064
4099
4077
4195
4162
4113
4197
4447
4426
4453
4497
4542
4606
4622
4573
4683
4732
4746
4760
4771
4762
4881
4891
4940
4959
4797
4728
4764
4813
4830
4908
4871
4913
4865
4800
4806
4836
4882
5037
5051
4971
5117
5250
5137
5222
5066
5132
5274
5414
5298
5302
5399
5374
5155
5186
5133
5124
5117
5175
5128
5180
5087
5077
4972
4987
5044
5063
5214
5247
5208
5309
5298
5101
5121
5269
5324
5321
5398
5321
5300
5360
5223
5262
5243
5254
5199
5053
5184
5339
5200
5073
5145
5181
5234
5258
5305
5450
5446
5630
5705
5656
5837
5787
5664
5731
5715
5812
6009
5961
5865
5887
5757
5680
5589
5400
5264
5424
5391
5435
5488
5369
5292
5233
5498
5704
5767
5588
5498
5580
5590
5521
5529
5447
5547
5585
5706
5849
5968
5920
5921
6012
5923
5860
6010
6258
6381
6198
6121
6137
6056
6009
6033
6125
6088
6196
6183
6208
6256
6312
6360
6294
6187
6180
5931
5864
5934
6103
6129
6005
6070
6049
6118
6223
6293
6653
6635
6399
6566
6600
6526
6595
6653
6499
6291
6225
6228
6212
6189
6083
6124
6156
6174
6221
6228
5852
6068
5821
5814
5944
6189
6319
6332
6359
6255
6317
6363
6192
6253
6299
6336
6447
6275
6416
6587
6535
6485
6529
6435
6579
6374
6241
6353
6375
6654
6526
6360
6314
6332
6380
6433
6409
6366
6162
6090
6222
6271
6242
6324
6175
5996
5989
6016
6063
6130
6100
6102
6164
6139
6005
5931
5963
6048
6212
6295
6465
6606
6560
6464
6400
6435
6455
6640
6565
6391
6195
6130
6039
6138
6259
6015
6073
6091
5906
5989
6057
6224
6382
6413
6443
6349
6357
6493
6379
6464
6579
6659
6569
6670
6744
7039
7054
6885
6822
6868
6756
6681
6668
6768
6760
6623
6387
6299
6305
6381
6291
6309
6431
6434
6524
6544
6463
6429
6244
6272
6320
6400
6520
6720
6497
6503
6563
6567
6541
6371
6390
6153
6039
5767
5655
5717
5790
5840
5770
5885
5938
6064
6243
6136
6031
5989
6045
6022
6064
5984
5736
5724
5603
5721
5590
5576
5318
5344
5269
5463
5385
5321
5324
5320
5469
5274
5305
5517
5453
5410
5348
5478
5529
5451
5668
5500
5552
5633
5663
5624
5567
5611
5637
5558
5505
5482
5583
5665
5867
5904
5957
6074
6183
6144
6321
6375
6356
6337
6216
6170
6206
6145
6100
6158
6186
6225
6046
6057
5881
5889
5890
5988
5870
5804
5633
5636
5333
5397
5462
5536
5599
5622
5529
5461
5576
5433
5350
5390
5585
5637
5499
5374
5328
5503
5551
5551
5520
5364
5241
5287
5188
5215
5320
5508
5587
5662
5599
5807
5977
5783
5796
5865
5814
5852
5769
5738
5920
5998
5781
5729
5672
5797
5692
5574
5388
5433
5435
5370
5340
5371
5347
5377
5349
5392
5410
5555
5472
5445
5628
5667
5526
5693
5703
5701
5693
5621
5547
5496
5394
5468
5468
5414
5445
5669
5627
5602
5547
5554
5683
5720
5765
5957
6006
6041
5948
5790
5929
6201
6150
6298
6253
6121
6058
5865
5925
5874
5820
5888
5861
6128
6268
6253
6290
6315
6383
6397
6533
6363
6626
6466
6568
6539
6449
6663
6756
6838
6718
6510
6760
6757
6701
6848
6675
6705
6579
6364
6474
6575
6538
6400
6177
6120
6118
5982
5999
5831
5848
6030
5921
5743
5762
5703
5617
5744
5622
5446
5481
5471
5549
5577
5528
5401
5410
5421
5276
5225
5403
5339
5194
5208
5227
5214
5292
5261
5156
5043
5143
5089
5111
5081
4879
4841
4562
4574
4511
4510
4556
4539
4487
4436
4441
4457
4589
4646
4770
4809
4644
4716
4525
4494
4489
4418
4474
4436
4550
4420
4361
4343
4417
4351
4426
4436
4374
4367
4296
4222
4116
4105
4095
3916
3923
3888
3850
3851
3821
3728
3841
3913
3980
4022
4077
4223
4148
4276
4271
4187
4129
4213
4141
4159
4142
4230
4338
4407
4565
4581
4691
4726
4748
4818
4736
4778
4714
4611
4522
4651
4593
4665
4563
4444
4367
4462
4356
4386
4368
4399
4340
4299
4175
4257
4206
4381
4338
4283
4183
4224
4026
4020
4034
4052
4156
4222
4288
4400
4250
4206
4275
4275
4145
4125
4066
4088
3994
4164
4067
4231
4091
4034
4079
4244
4275
4303
4259
4211
4163
4222
4332
4253
4287
4224
4225
4228
4301
4291
4405
4620
4611
4750
4651
4674
4671
4537
4579
4672
4799
4892
5001
5172
5295
5396
5535
5666
5703
5620
5614
5671
5636
5546
5492
5615
5648
5780
5765
5628
5481
5522
5390
5615
5564
5534
5496
5270
5312
5284
5271
5203
5081
5010
4892
4966
5013
5069
5145
5233
5269
5355
5566
5454
5621
5657
5622
5678
5480
5448
5411
5393
5428
5494
5376
5376
5273
5221
5048
5059
4939
4951
4901
4883
4977
5024
4973
4945
4930
4997
5101
5055
5009
4875
5022
5036
5195
5156
5201
5269
5326
5389
5352
5446
5570
5424
5613
5564
5601
5737
5727
5592
5683
5844
5826
5794
5741
5881
5746
5791
5669
5637
5591
5601
5520
5501
5258
5295
5307
5316
5350
5341
5235
5334
5235
5087
5244
5175
5190
5050
5044
5063
4941
4961
4990
4909
4744
4786
4818
4856
4714
4835
4812
4828
4724
4868
5034
5078
5223
5035
4984
4969
4882
4764
4790
5028
4968
4978
4827
4805
4763
4681
4510
4548
4729
4680
4717
4738
4889
4780
4791
4706
4790
4768
4977
5007
4976
5038
5063
4986
5030
5164
5004
5232
5105
4965
4994
5264
5209
5147
5015
5350
5333
5299
5357
5450
5458
5500
5321
5321
5201
5068
5156
5267
5211
5462
5613
5513
5494
5453
5432
5489
5525
5510
5518
5553
5500
5483
5560
5557
5489
5567
5636
5473
5506
5605
5651
5672
5568
5528
5509
5451
5158
5140
5041
5197
5245
5219
5006
5009
4880
4801
4793
4756
4863
4849
4925
5048
5086
5064
4832
5018
4897
4744
4703
4792
4976
4977
4986
5105
5079
4976
4913
4883
4777
4796
4782
4621
4561
4532
4382
4652
4597
4549
4623
4535
4473
4508
4347
4556
4508
4294
4318
4308
4204
4228
4234
4182
4185
4268
4310
4344
4398
4452
4490
4627
4567
4583
4647
4673
4713
4760
4707
4735
4790
4876
4851
4885
4757
4801
4594
4625
4685
4776
4668
4683
4710
4607
4827
4757
4730
4797
4660
4717
4660
4672
4710
4774
4762
4704
4941
4946
4886
4824
4818
4705
4461
4554
4518
4713
4739
4921
5100
5043
4902
4937
5078
5104
5056
5036
5030
5080
5121
5190
5193
5068
5052
5114
5295
5203
5216
5402
5324
5161
5140
5165
5239
5081
4954
5005
4970
5042
4999
4913
4848
5003
4873
4728
4692
4461
4283
4324
4398
4554
4500
4344
4484
4571
4695
4690
4674
4635
4696
4854
4922
4756
4662
4585
4640
4701
4677
4649
4679
4605
4459
4566
4678
4673
4724
4837
4688
4610
4559
4614
4659
4632
4452
4261
4415
4270
4244
4109
4243
4288
4332
4564
4284
4395
4272
4209
4056
4139
4210
4386
4308
4332
4352
4407
4327
4425
4369
4187
4123
4129
4199
4233
4404
4565
4560
4432
4368
4339
4538
4538
4608
4472
4618
4697
4724
4772
4893
4886
4819
4893
4850
5023
5039
5053
5109
5019
4916
4644
4538
4571
4631
4759
4602
4645
4499
4378
4489
4581
4536
4682
4533
4629
4633
4638
4572
4622
4652
4610
4630
4564
4536
4615
4619
4749
4721
4846
4867
4767
4876
4772
4779
4611
4694
4615
4552
4597
4651
4645
4586
4638
4676
4612
4514
4517
4569
4550
4491
4507
4506
4642
4568
4502
4630
4449
4487
4700
4727
4733
4987
4945
4834
4643
4714
4810
4855
5038
5056
5063
5269
5190
5159
5192
4949
5056
5067
4984
4854
4795
4782
4877
5061
5249
5239
5176
5182
5161
5288
5278
5293
5378
5301
5475
5574
5607
5490
5513
5676
5754
5644
5551
5405
5406
5315
5430
5544
5374
5198
5306
5454
5449
5396
5413
5410
5479
5498
5602
5679
5536
5457
5504
5371
5432
5469
5523
5536
5616
5582
5647
5656
5837
5787
5967
5835
5693
5702
5741
5790
5748
5594
5822
5830
5706
5924
5898
5863
5861
5822
5811
6019
5988
5900
5910
5923
5671
5616
5677
5784
5970
5895
5816
5826
5783
5649
5638
5711
5566
5589
5528
5628
5587
5646
5596
5510
5674
5724
5812
6006
5798
5621
5752
5802
5688
5667
5756
5773
5841
5973
6024
6067
6031
5876
5844
5878
6037
6069
6206
6410
6427
6374
6476
6637
6699
6870
6787
6850
6716
6501
6345
6545
6500
6558
6585
6801
6667
6533
6555
6657
6555
6667
6409
6477
6450
6218
6292
6193
6291
6123
6172
6011
6042
6011
5863
5852
6093
6245
6222
6390
6350
6490
6494
6440
6682
6885
7058
7119
7204
7389
7130
7122
6980
6912
6872
6853
6692
6738
6658
6886
6844
6987
7173
7295
7294
7112
6926
6972
6828
6556
6304
6294
6371
6297
6445
6516
6397
6397
6450
6397
6537
6367
6355
6279
6372
6233
6223
6144
6193
6212
6118
6066
6207
6243
6238
6195
6287
6252
6403
6214
6273
6451
6445
6475
6376
6385
6276
6302
6174
6202
6234
6363
6440
6401
6182
6239
6201
6460
6374
6326
6349
6378
6506
6371
6278
6518
6436
6410
6515
6399
6560
6510
6536
6393
6647
6597
6671
6652
6828
6902
6972
7213
7249
7239
7231
7264
7179
7253
7160
7187
7331
7167
7190
7169
7312
7191
7257
7347
7498
7663
7756
7592
7620
7414
7580
7612
7731
7886
7829
7685
7747
7776
7873
7808
7698
7893
7781
7811
7710
7530
7570
7613
7648
7752
7802
7810
8006
8201
8382
8561
8483
8409
8332
8478
8458
8404
8492
8627
8779
8912
8968
9101
8989
8871
8693
8785
8782
8593
8515
8434
8177
8115
7991
7833
7863
7805
7668
7940
7810
7889
7749
7607
7646
7620
7444
7656
7559
7312
7190
7157
7207
7331
7363
7583
7461
7460
7526
7340
7332
7495
7558
7466
7147
7118
7122
7157
7358
7337
7384
7306
7219
7136
7110
7084
7178
6913
6875
6841
6813
6740
6869
6929
7071
7257
7130
7144
7142
7300
7437
7413
7459
7519
7573
7529
7555
7484
7335
7490
7370
7383
7335
7245
7286
7265
7284
7043
6952
6941
6855
6699
6661
6868
6689
6515
6650
6618
6585
6364
6372
6392
6410
6369
6413
6444
6478
6416
6348
6368
6407
6277
6089
6213
6225
6345
6512
6426
6584
6854
6910
6986
6908
6899
6802
6822
6661
6894
6783
6627
6701
6775
6592
6592
6641
6629
6494
6408
6440
6448
6529
6564
6371
6192
6211
6327
6348
6424
6374
6193
6118
6203
6143
6020
6111
6136
6246
6351
6294
6513
6481
6556
6434
6505
6606
6462
6269
6458
6404
6258
6192
6362
6305
6161
6080
6090
6143
6062
5980
6036
5821
5882
6188
6306
6305
6318
6196
6335
6200
6135
6107
6383
6297
6355
6371
6407
6368
6244
6214
6243
6356
6327
6389
6308
6316
6402
6530
6550
6505
6642
6561
6621
6563
6434
6455
6183
6150
5994
6002
6072
6051
5961
6028
5998
6135
6178
6175
6246
6244
6174
6290
6205
6046
5940
5927
6016
6130
6090
6150
6057
5984
6012
5936
5801
5804
5932
5829
5669
5699
5849
5573
5621
5370
5341
5467
5366
5341
5250
5301
5371
5485
5688
5638
5657
5785
5831
5852
5895
5976
6140
6083
6003
6127
6121
6251
6507
6536
6572
6297
6040
6132
5987
6104
6272
6226
6079
6116
6090
6202
6146
6175
6109
6268
6221
6140
6240
6102
6149
5912
5837
5967
6007
6038
6119
5981
6096
5897
5819
5841
5668
5676
5823
5836
5702
5607
5700
5623
5602
5704
5550
5527
5631
5455
5639
5718
5822
5921
5673
5560
5516
5707
5813
5771
5660
5480
5297
5325
5305
5381
5383
5401
5505
5530
5594
5424
5394
5443
5302
5089
4956
5023
5189
5239
5254
5270
5151
5176
5123
5136
5264
5399
5308
5201
5130
5074
5102
5050
5114
5081
5147
5307
5178
5097
5129
5138
4980
4812
4810
4946
4820
4835
4706
4812
4927
5108
5067
5108
5234
5204
5243
5444
5635
5528
5539
5476
5442
5544
5654
5500
5511
5342
5372
5376
5062
5196
5032
4910
4733
4764
4687
4758
4684
4662
4694
4646
4589
4524
4613
4513
4385
4299
4249
4207
4346
4352
4315
4365
4428
4692
4759
4923
4947
4849
4787
4892
4848
4860
4919
4865
4937
5009
5183
5170
5418
5430
5492
5438
5572
5565
5607
5598
5473
5546
5406
5281
5420
5526
5620
5637
5545
5609
5406
5504
5528
5494
5476
5443
5264
5391
5563
5527
5433
5477
5474
5592
5298
5163
5243
5194
5270
5306
5183
5103
5115
4911
4984
5083
4899
4946
4954
5268
5370
5279
5431
5418
5462
5451
5558
5638
5560
5461
5601
5600
5501
5518
5648
5590
5553
5561
5713
5693
5715
5679
5874
6091
6112
6046
5987
5962
5955
6006
5931
6026
5881
5922
5889
5919
5722
5671
5840
5820
5916
5789
6114
6180
6114
6031
6203
6266
6419
6540
6632
6732
6469
6542
6522
6294
6226
6143
6178
6282
6370
6425
6380
6223
6329
6203
6177
6221
6099
6174
6244
6078
6201
6218
6241
6337
6188
6197
6066
6209
6256
6047
6035
5957
6137
6212
6175
6109
6175
6206
6207
6154
6262
6165
6267
6175
6138
5996
6080
5999
5987
5944
6019
5933
5743
5860
5742
5800
5684
5897
5808
5889
6027
6018
6114
6226
6100
6131
5988
5988
6005
5960
5978
5989
6082
6105
6097
6076
6166
6119
6016
5882
5748
5976
5914
5842
5892
5923
5913
6007
5912
6027
5880
5742
5785
5713
5622
5581
5792
5795
6000
6056
6135
6198
6159
6235
6043
6091
5935
6009
5941
5983
6074
5949
6005
5950
5883
5873
5938
5998
5923
6000
5884
5944
5864
5803
5758
5809
5883
5951
6104
5891
6086
6060
6001
6013
5781
5776
5698
5893
5630
5653
5490
5337
5532
5586
5636
5642
5571
5501
5460
5517
5512
5584
5520
5675
5828
5944
5858
5974
6054
6014
5940
6030
6153
6202
6036
5990
6284
6167
6073
5988
5970
5963
5994
5923
5906
5800
5918
6080
6052
5980
6012
6126
6121
6085
6029
6097
5963
5911
5895
6001
5939
6124
6167
6186
6149
6041
5933
5865
5768
5749
5819
5612
5841
5777
5572
5668
5458
5484
5566
5532
5511
5432
5340
5444
5551
5482
5372
5289
5301
5214
5292
5261
5237
5369
5506
5587
5544
5640
5748
5958
6148
6184
6092
6376
6521
6435
6225
6156
6101
5917
5978
5996
5887
5937
5938
5768
5878
5838
5924
5699
5617
5746
5579
5481
5325
5355
5309
5337
5356
5332
5338
5469
5500
5622
5631
5792
5690
5387
5433
5351
5203
5333
5456
5449
5422
5344
5297
5360
5428
5439
5584
5539
5484
5569
5556
5603
5623
5559
5543
5628
5515
5413
5658
5722
5644
5694
5888
5679
5577
5540
5545
5709
5589
5709
5554
5423
5483
5242
5238
5089
5203
4959
5096
5138
5333
5184
5300
5444
5494
5587
5597
5511
5506
5154
5282
5436
5431
5411
5254
5256
5180
5241
5255
5169
5192
5286
5380
5362
5390
5344
5243
5083
5035
5145
5278
5327
5391
5305
5346
5161
5100
5063
5175
5114
5151
5232
5227
5111
5073
5002
4940
5026
5032
4848
4972
5040
5112
5106
5354
5329
5395
5359
5401
5570
5463
5329
5462
5287
5384
5419
5591
5397
5262
5223
5123
5323
5204
5228
5199
5126
5139
5156
5303
5308
5283
5265
5391
5305
5318
5411
5501
5422
5476
5484
5320
5317
5433
5471
5559
5578
5624
5572
5434
5376
5183
5136
5261
5142
5213
5061
5068
4985
4903
5024
4951
4849
4778
4805
4705
4712
4935
5125
5269
5254
5264
5435
5530
5555
5570
5600
5362
5253
5394
5348
5398
5333
5446
5440
5536
5511
5540
5485
5635
5634
5418
5502
5462
5462
5315
5276
5305
5319
5205
5251
5175
5211
5193
5264
5213
5234
5253
5325
5478
5496
5303
5486
5401
5338
5324
5504
5412
5534
5616
5495
5425
5460
5455
5523
5364
5454
5422
5204
5187
5337
5595
5619
5570
5614
5397
5528
5717
5691
5720
5855
5700
5647
5885
6066
5962
6064
5934
6010
5968
6033
6055
6066
6033
6023
5955
6197
6166
5900
5879
6112
6119
6031
6008
5989
5867
5992
6259
6191
6120
6058
6039
6141
6128
6218
6192
6078
6004
6195
6202
6261
6331
6389
6396
6374
6448
6633
6560
6736
6858
6969
7089
7157
7004
7232
7423
7237
7164
7221
7283
7201
7033
7030
7024
7083
7086
7151
7329
7376
7366
7553
7576
7666
7675
7557
7537
7266
7220
6998
7017
7101
7009
7200
7015
7059
7085
7043
7067
7048
7190
7097
7282
7173
7081
6957
6903
6987
6868
6897
6962
7046
6960
7116
7215
7247
7031
7056
7277
7118
7192
7191
7023
7126
6877
6822
6653
6738
6610
6535
6584
6637
6635
6405
6453
6355
6254
6368
6282
6403
6257
6322
6311
6182
6052
5909
5980
6126
6192
6077
6140
6104
6145
5991
5750
5836
5746
5779
5700
5804
5815
5750
5584
5633
5783
5862
5809
5825
5722
5790
5694
5789
5864
5775
5724
5743
5739
5797
5749
5735
5811
5846
5898
5823
5838
5919
5836
5885
6041
6107
6119
6230
6193
6101
6058
6019
5947
6030
6269
6292
6339
6362
6306
6353
6321
6239
6105
6194
6059
6079
6179
6088
6109
5986
6054
5987
6085
5938
5791
5630
5664
5395
5351
5217
5179
5275
5292
5298
5395
5394
5446
5585
5751
5889
5947
5987
5924
5967
5930
5708
5887
5830
5767
5793
5768
5858
5825
5732
5611
5671
5633
5467
5333
5159
5227
5394
5321
5218
5262
5206
5184
5263
5271
5186
5218
5149
5196
5231
5186
5271
5299
5303
5247
4974
4906
4950
5082
4956
4949
4764
4879
4821
4667
4862
4936
4916
5027
5226
5273
5298
5245
5270
5274
5272
5078
5073
5128
5042
4836
4976
4962
4926
4866
4872
4870
4867
4780
4757
4788
4659
4696
4745
4722
4650
4708
4683
4780
4824
4935
4840
4781
4709
4651
4683
4656
4793
4723
4705
4616
4713
4817
4886
4965
5039
5097
4872
4898
5062
5118
5095
4915
4883
4704
4573
4393
4286
4348
4406
4355
4483
4293
4211
4117
3975
3979
3916
3928
3939
3883
3940
4066
4185
4136
4235
4138
4172
4363
4510
4637
4678
4652
4619
4649
4536
4645
4566
4508
4396
4476
4409
4437
4346
4263
4239
4338
4312
4347
4264
4242
4236
4173
4122
4130
4346
4247
4270
4086
4008
4083
4095
4213
4222
4288
4139
4265
4314
4265
4266
4212
4215
4216
4145
4182
4358
4335
4401
4414
4363
4463
4572
4464
4490
4573
4686
4837
5037
5058
5093
5108
5004
5022
5110
