1005000
267429
173127
129014
102159
84335
72314
62901
55800
50138
45489
41782
38136
35297
32873
30590
28770
26885
25628
24380
22936
21919
20961
20210
19491
18941
18344
17540
16917
16317
15610
14979
14220
13830
13317
12939
12664
12459
12159
11911
11771
11381
11260
11224
11096
10642
10399
10100
9638
9303
9018
8631
8375
8409
8199
8180
8015
7935
8113
8209
7999
7761
7798
7762
7569
7475
7365
7093
6904
6810
6874
6951
6880
7014
6897
6675
6584
6472
6411
6289
6226
6100
6041
5961
5929
5721
5743
5905
5883
6015
5852
5970
5876
5776
5712
5843
5688
5797
5761
5796
5457
5372
5185
5158
5127
5207
5300
5318
5129
5143
5174
5047
5006
5044
4955
4858
4794
4786
4766
4789
4770
4658
4538
4541
4606
4618
4514
4439
4478
4417
4387
4252
4174
4106
4184
4164
4063
4051
4071
4075
3991
4027
3868
4053
3970
3886
3773
3629
3563
3645
3662
3418
3289
3268
3327
3313
3257
3417
3339
3376
3392
3282
3138
3189
3292
3336
3209
3364
3342
3326
3192
3008
3093
2970
2943
2872
2867
2862
2761
2733
2656
2566
2651
2673
2736
2824
2757
2710
2688
2617
2627
2533
2587
2535
2646
2642
2671
2761
2844
2773
2773
2726
2883
2764
2646
2470
2458
2485
2482
2461
2512
2513
2469
2509
2540
2498
2476
2473
2454
2456
2520
2428
2496
2494
2479
2442
2516
2401
2412
2558
2623
2642
2676
2568
2498
2499
2515
2462
2484
2457
2512
2496
2530
2591
2687
2646
2505
2391
2509
2532
2448
2327
2433
2476
2448
2605
2647
2634
2506
2535
2577
2550
2540
2521
2724
2593
2590
2492
2354
2305
2298
2236
2299
2285
2335
2347
2313
2352
2292
2206
2275
2314
2242
2263
2188
2101
2121
2098
2245
2381
2358
2341
2329
2301
2379
2267
2332
2353
2373
2328
2326
2385
2307
2360
2427
2505
2483
2619
2695
2794
2830
2788
2857
2919
3040
2998
2870
2940
3093
3127
3175
3111
3306
3222
3136
3251
3139
3095
3097
3152
3103
3088
3126
2956
3101
3011
2934
2917
2927
2909
3048
2967
2963
3067
3095
3181
3156
3196
3314
3213
3087
3187
3345
3340
3285
3199
3285
3169
3100
3070
3131
3166
3055
3121
3069
3085
3060
3133
3095
3150
3232
3169
3157
3076
3182
3220
3167
3336
3312
3434
3383
3397
3438
3349
3609
3648
3618
3721
3815
3861
3814
3733
3841
3743
3825
3909
3854
3754
3737
3778
3739
3789
3731
3766
3863
3843
3879
3808
3936
3908
4001
3968
3958
3849
3720
3633
3728
3693
3811
3782
3649
3656
3684
3666
3737
3734
3711
3879
3836
3925
3921
3923
3933
3919
3956
3968
3897
3780
3807
3976
3997
3955
3782
3798
3913
3871
3779
3746
3687
3600
3466
3299
3248
3354
3407
3326
3403
3511
3595
3580
3603
3544
3696
3870
3751
3646
3635
3754
3530
3478
3549
3671
3481
3571
3554
3371
3513
3591
3613
3559
3603
3537
3599
3723
3864
3831
3953
3898
3842
3868
3869
3889
4034
4034
4110
4115
4078
4171
4265
4225
4187
4163
4205
4239
4285
4371
4521
4602
4548
4633
4678
4506
4401
4403
4411
4411
4378
4476
4580
4518
4432
4179
4329
4480
4412
4432
4397
4621
4624
4680
4666
4659
4544
4514
4707
4639
4675
4589
4495
4724
4724
4844
4726
4682
4504
4545
4418
4290
4150
4261
4206
4181
4276
4278
4323
4351
4430
4429
4494
4520
4509
4267
4281
4288
4236
4311
4293
4334
4595
4687
4725
4700
4741
4826
4872
4799
4881
4845
4851
4943
4842
4855
5070
4964
4930
4933
4832
4915
4997
5080
5079
4960
4950
4837
4627
4625
4627
4708
4731
4789
4750
4941
4876
4877
4957
5210
5304
5288
5269
5278
5478
5362
5444
5293
5437
5461
5379
5335
5479
5577
5658
5607
5568
5448
5365
5275
5278
5304
5353
5379
5178
5143
5259
5134
5056
5094
5223
5222
5188
5075
5071
4916
5019
5074
5065
4991
4911
4925
5045
5010
5032
5003
4994
5039
4999
5110
5176
5206
5158
5247
5443
5331
5388
5303
5280
5261
5478
5526
5491
5489
5437
5373
5372
5459
5442
5500
5260
5311
5414
5600
5648
5656
5540
5425
5356
5299
5461
5544
5614
5532
5537
5482
5441
5525
5490
5548
5577
5769
5986
6181
6135
6188
6210
6202
6233
6245
6222
6199
6225
6220
6261
6214
6322
6438
6470
6524
6561
6420
6281
6224
6272
6183
6124
6222
6138
6123
6252
6133
6151
6345
6275
6236
6278
6448
6362
6221
6264
6220
6058
6123
6016
5963
6028
5849
5887
5823
5919
5968
5881
5819
5835
5867
6040
6011
5999
5958
5990
6034
6165
6065
6077
6031
5991
5873
5956
5951
5887
5773
5863
5943
5931
6122
6201
6367
6359
6376
6321
6394
6182
6243
6149
6256
6146
6075
6074
6166
6239
6213
6340
6317
6292
6144
6209
6176
6146
6061
6021
5999
6113
6161
6082
6275
6214
6206
6269
6281
6390
6289
6212
6178
6106
6033
6161
6163
6140
6178
6033
6052
6145
6144
6223
6435
6352
6226
6180
6328
6415
6361
6378
6324
6343
6405
6303
6402
6460
6485
6331
6379
6375
6321
6451
6322
6367
6263
6180
6032
6006
5839
5850
5935
6033
6157
6243
6114
6089
6036
6075
6200
6117
6145
6058
6124
6150
6040
5929
5652
5364
5281
5271
5328
5307
5319
5285
5314
5411
5370
5490
5517
5704
5754
5578
5597
5765
5666
5522
5494
5654
5632
5534
5435
5530
5503
5472
5431
5491
5514
5512
5588
5660
5533
5449
5411
5548
5693
5570
5524
5509
5515
5461
5515
5594
5623
5501
5660
5626
5553
5470
5412
5585
5664
5750
5804
5832
5660
5618
5638
5712
5626
5903
5961
5835
5868
5916
6043
6207
6266
6288
6195
6416
6439
6442
6513
6389
6434
6580
6577
6518
6345
6314
6397
6291
6254
6409
6549
6651
6460
6606
6840
6754
6674
6684
6547
6494
6383
6376
6433
6686
6489
6377
6365
6332
6182
6264
6285
6196
6205
6166
5961
6037
5918
5639
5615
5609
5499
5515
5511
5371
5345
5472
5520
5533
5690
5582
5766
5809
5782
5679
5606
5636
5618
5727
5695
5670
5775
5871
5828
5988
6094
6021
5998
6090
6181
6261
6279
6041
6116
6090
6033
6109
6169
6232
6329
6336
6531
6520
6768
6668
6686
6608
6508
6492
6304
6250
6100
6053
6234
6289
6126
6144
6051
5964
6040
5990
6229
6058
6001
5945
5962
6006
6151
6390
6797
6566
6855
6825
6738
6792
6934
6931
6752
6814
6677
6669
6702
6727
6690
6713
6771
6699
6960
7042
7049
6956
7129
7064
6838
6819
6793
6737
6573
6695
6707
6616
6674
6707
6827
6795
6711
6927
7091
7127
7029
7079
7105
7004
7013
6949
7015
6785
6989
7018
7149
7182
7202
7137
7080
7244
7288
7367
7445
7266
7266
7343
7403
7390
7406
7436
7434
7621
7617
7655
7606
7632
7768
7862
7798
7638
7643
7556
7475
7557
7342
7254
7332
7479
7483
7419
7558
7588
7679
7578
7554
7558
7590
7485
7519
7593
7641
7627
7518
7548
7745
7590
7716
7494
7427
7351
7282
7237
7094
7121
7218
7354
7375
7314
7278
7372
7216
7227
7267
7440
7546
7610
7566
7635
7484
7426
7322
7070
7111
7195
7395
7479
7470
7675
7539
7352
7179
6953
6779
6739
6838
6686
6602
6623
6765
6934
7011
6972
6912
6845
6957
6845
6861
6901
6703
6868
6919
6971
7219
7221
7405
7480
7306
7434
7564
7595
7457
7499
7743
7525
7365
7263
7365
7299
7376
7565
7749
7800
7777
7788
7659
7668
7392
7230
7100
7160
7263
7197
7145
7190
7464
7343
7370
7117
6969
6884
6810
6780
6594
6725
6644
6554
6546
6278
6259
6422
6355
6380
6306
6368
6415
6269
6413
6371
6433
6342
6403
6444
6482
6528
6591
6404
6318
6264
6312
6245
6358
6455
6199
6198
6510
6356
6408
6407
6781
6661
6586
6705
6720
6928
7006
7067
7105
7117
6934
6977
7054
7096
7215
7281
7278
7298
7369
7509
7590
7499
7612
7377
7274
6973
7105
7168
7022
6842
6672
6600
6428
6322
6314
6147
6040
6198
6322
6240
6294
6244
6214
6139
6083
5975
5927
6046
5941
5827
5861
5895
5975
5925
5901
5995
6011
5898
5839
6017
6114
6178
6103
6184
6172
6230
6386
6348
6345
6261
6283
6174
6312
6375
6486
6688
6696
6787
6730
6644
6694
6522
6727
6711
6563
6639
6614
6741
6681
6772
6774
6587
6584
6735
6476
6271
6397
6377
6386
6310
6166
6182
6184
6099
6202
6278
6319
6449
6732
6989
7106
6798
6902
7039
7067
7191
7222
7210
7018
6960
6841
6851
6766
6617
6611
6613
6737
6908
7098
6984
6907
6946
6889
6798
6792
6882
6748
6579
6566
6647
6819
6825
6804
6831
6960
6848
6718
6901
7024
6830
6925
6925
7110
7146
7167
7222
7241
7246
6954
6824
6798
6573
6499
6594
6807
6982
6992
6744
6581
6594
6488
6466
6409
6360
6474
6551
6580
6561
6446
6496
6387
6642
6798
6756
6706
6729
6700
6859
6560
6571
6463
6220
6372
6480
6307
6443
6439
6488
6456
6575
6532
6587
6773
6718
6640
6588
6817
6904
6750
6632
6953
6839
6903
6600
6657
6601
6683
6685
6656
6588
6420
6317
6243
6348
6149
6159
6301
6316
6478
6711
6644
6646
6601
6653
6837
6968
6869
6877
6980
7026
7042
7136
7239
7479
7487
7473
7382
7441
7419
7461
7531
7603
7444
7388
7343
7061
7092
7188
7087
7209
7128
7114
7083
6996
7100
7025
7117
6906
6940
6954
6902
6814
6897
7024
6988
6778
6807
6740
6593
6586
6622
6458
6297
6418
6336
6381
6404
6408
6265
6451
6757
6595
6672
6696
6688
6507
6763
6710
6515
6518
6522
6502
6660
6583
6473
6794
6392
6305
6136
6026
5869
5733
5642
5557
5504
5501
5562
5565
5586
5686
5865
5618
5663
5604
5593
5470
5361
5244
5091
5097
5042
5292
5310
5182
5274
5317
5274
5291
5304
5440
5255
5225
5294
5184
5112
5010
5024
5202
4979
5058
4962
5159
5173
5271
5362
5566
5708
5907
5860
5804
5802
5814
5752
5749
5829
5947
5915
5856
5935
5738
5796
6075
6101
6226
6317
6308
6417
6455
6203
6209
6274
6421
6359
6440
6389
6368
6357
6396
6369
6559
6567
6499
6689
6720
6710
6912
6801
6847
6834
6709
6809
6918
6768
6799
6948
7130
7165
7109
7347
7328
7350
7387
7423
7271
7141
7013
7124
7056
7361
7356
7310
7297
7083
7093
6932
6997
6820
6687
6659
6633
6633
6725
6950
6763
6597
6410
6253
6309
6341
6176
6263
6223
6258
6209
6255
6176
6281
6141
5982
6057
6188
6199
6111
6150
6103
5957
5902
6148
6131
6291
6271
6442
6026
6144
6165
6221
6190
6259
6437
6480
6426
6441
6257
6353
6478
6490
6485
6408
6425
6382
6595
6831
6797
6961
6754
6760
6640
6714
6633
6687
6546
6489
6725
6887
6832
6650
6634
6561
6440
6495
6578
6621
6500
6785
6876
6927
6818
6707
6776
7007
6854
6605
6557
6405
6291
6392
6545
6523
6528
6610
6745
6887
7018
7356
7499
7651
7692
7614
7730
7579
7636
7745
7699
7535
7462
7462
7425
7243
7146
7069
6907
6865
7128
7193
7140
7073
7021
7070
6925
7071
7029
7318
7314
7488
7313
7466
7131
6901
6747
6580
6613
6373
6368
6372
6428
6207
6253
6397
6330
6281
6246
6173
6159
6170
6180
6323
6304
6186
6231
6280
6250
6223
6160
6189
6324
6396
6422
6222
6066
6057
6162
6088
6012
5818
5915
5953
5881
5883
5772
5891
5900
5937
5970
5949
5970
6012
6138
6053
6165
6045
6072
6108
5979
5773
5701
5764
5816
5780
5610
5561
5468
5422
5604
5791
5771
5961
5998
5976
5833
5732
5631
5771
5820
5744
5414
5594
5609
5632
5587
5555
5586
5621
5733
5716
5827
5790
5739
5661
5605
5904
5798
5913
5718
5530
5454
5426
5291
5555
5434
5447
5531
5413
5392
5441
5437
5496
5560
5785
5904
5798
5855
5910
5887
6048
6016
5957
6089
6115
6067
6154
6185
6340
6350
6326
6539
6766
6581
6557
6580
6675
6758
6732
6767
6876
6938
6919
6775
6589
6630
6553
6534
6518
6390
6347
6348
6348
6209
5935
6053
5992
6137
6210
6294
6279
6422
6324
6426
6490
6422
6437
6299
6479
6582
6575
6545
6651
6741
6836
6628
6580
6686
6559
6429
6450
6546
6397
6273
6347
6443
6481
6456
6172
6247
6261
6209
6177
6247
6253
6177
6143
6059
6013
6126
6167
6145
6188
6129
6208
6263
6339
6388
6301
6220
6177
6309
6274
6192
6100
6203
6205
6255
6199
6128
6194
6219
6051
6073
5913
6052
6058
6235
6209
6225
6256
6246
6353
6315
6443
6635
6531
6486
6514
6636
6587
6668
6634
6582
6399
6277
6241
6395
6444
6444
6554
6460
6363
6367
6457
6439
6375
6267
6368
6339
6310
6312
6282
6204
6195
6256
6304
6345
6491
6427
6354
6620
6814
6667
6689
6873
6689
6639
6759
6770
6918
6792
6666
6770
6821
6674
6765
6851
6901
6943
6922
6835
6788
6774
6712
6859
7048
6955
6874
6821
6700
6828
6733
6528
6503
6531
6615
6536
6690
6705
6761
6674
6628
6618
6590
6359
6219
6167
6312
6402
6645
6607
6607
6618
6659
6542
6739
6592
6488
6431
6272
6197
6400
6373
6255
6200
6088
5900
5901
5942
5955
5897
6032
5879
5946
5951
5891
5661
5657
5574
5558
5601
5686
5550
5575
5469
5459
5162
4976
4933
5042
5047
5111
5130
5169
5199
5105
5192
5382
5490
5288
5314
5197
5322
5266
5310
5249
5342
5355
5117
5191
5131
5111
5168
5238
5306
5336
5394
5326
5450
5363
5419
5612
5530
5595
5443
5684
5689
5616
5614
5534
5502
5484
5453
5337
5079
5123
5310
5272
5562
5589
5492
5352
5425
5537
5497
5410
5496
5623
5566
5551
5562
5613
5694
5825
5623
5739
5542
5433
5441
5212
5184
5228
4926
4993
4891
4807
4805
4854
4794
4727
4693
4870
4964
4988
5200
5381
5460
5507
5609
5696
5716
5769
5726
5842
5744
5707
5734
5649
5644
5637
5760
5837
5732
5785
5718
5752
5781
5803
5775
5931
5881
5811
6009
5825
5994
5885
5989
5886
5726
5840
5742
5815
5758
5734
5854
5819
5754
5760
5919
6027
6174
5977
6110
6058
6109
6266
6434
6407
6399
6288
6378
6226
6247
6244
6340
6164
6123
6136
6224
6036
6189
6260
6291
6411
6739
6714
6767
6711
6850
6971
6753
6963
6808
6965
6735
6613
6835
6709
6671
6780
6655
6633
6545
6657
6633
6630
6582
6645
6803
6929
6859
6682
6593
6641
6719
6878
6978
6807
6641
6618
6672
6598
6513
6498
6289
6233
6306
6306
6298
6354
6393
6524
6391
6453
6617
6502
6484
6398
6627
6545
6400
6469
6305
6300
6312
6108
5984
6078
6081
6149
5951
5971
6047
6001
6130
6346
6248
6395
6246
6325
6311
6133
6088
6149
6123
6098
6374
6326
6404
6731
6732
6776
6703
6587
6641
6734
6585
6640
6774
6629
6446
6534
6673
6693
6601
6577
6539
6493
6496
6331
6289
6318
6378
6620
6540
6365
6512
6608
6542
6649
6675
6756
6745
6790
6806
6680
6899
6750
6845
6862
6955
6951
7016
7167
7149
7124
7109
7060
7028
6902
6843
6580
6619
6447
6409
6499
6735
6911
6836
6581
6564
6551
6629
6726
6686
6610
6629
6583
6678
6743
6748
6693
6920
6876
6996
7068
6967
6786
6763
6729
6715
6736
6689
6663
6757
6581
6508
6527
6786
6642
6695
6565
6627
6460
6488
6352
6246
6185
6216
5968
5895
5721
5671
5560
5791
5921
5929
5877
5892
5768
5751
5916
5869
5657
5559
5451
5378
5252
5256
5374
5418
5380
5451
5591
5472
5496
5719
5748
5769
5942
5798
5597
5720
5813
6006
6077
6063
5983
5883
5929
6062
5959
6106
5997
6037
5968
5903
5992
5947
5803
5832
5734
5611
5730
5753
5959
5949
6008
5899
5864
5805
5810
5973
6029
5996
5889
5759
5724
5640
5678
5654
5672
5630
5452
5492
5620
5724
5754
5718
5643
5639
5736
5899
5827
5855
5947
5651
5708
5765
5682
5588
5703
5852
5877
5747
5823
5938
5855
6066
6091
6045
6104
6112
6121
6233
6333
6375
6193
6091
6030
6015
5993
6061
6032
6036
6028
5968
5972
5791
5903
6152
6118
6313
6233
6317
6357
6344
6390
6216
6243
6266
6259
6344
6462
6438
6411
6437
6613
6662
6504
6439
6538
6437
6440
6354
6167
6142
5914
5854
5908
5896
5810
5672
5776
5890
5782
5850
5693
5634
5679
5581
5727
5636
5633
5630
5615
5500
5540
5531
5451
5339
5231
5282
5244
5199
5063
5086
4923
4994
4892
4665
4679
4644
4580
4726
4693
4778
4934
4912
4737
4752
4834
4826
4739
4745
4626
4564
4617
4522
4478
4420
4449
4439
4355
4424
4337
4328
4293
4295
4395
4385
4467
4467
4464
4465
4375
4291
4145
4231
4111
4181
4292
4315
4506
4560
4590
4664
4682
4686
4583
4488
4272
4301
4233
4136
4337
4316
4422
4382
4388
4443
4429
4533
4425
4547
4545
4536
4480
4521
4508
4377
4437
4233
4328
4300
4263
4175
4182
4272
4486
4494
4394
4364
4352
4486
4626
4681
4803
4748
4937
4914
4847
4806
4835
4952
5107
5207
5087
5254
5269
5092
5092
5091
5078
5013
4960
5043
5011
5011
5115
5127
5121
5172
5041
4928
4829
4869
4842
4739
4659
4690
4857
5009
5119
5185
5098
5101
5070
4902
5077
5182
5149
5337
5230
5349
5317
5380
5592
5457
5512
5443
5313
5382
5437
5411
5268
5257
5185
5200
5201
5317
5353
5382
5494
5463
5439
5454
5461
5531
5582
5786
5894
5906
5963
5693
5643
5724
5666
5487
5489
5425
5348
5280
5169
5154
5215
5354
5344
5441
5424
5365
5444
5630
5853
5907
6123
5989
5862
5927
6022
6060
5926
5994
5847
5766
5681
5851
5792
5756
5832
5759
5617
5442
5406
5381
5363
5447
5105
5049
5029
4784
4772
4790
4952
4887
4844
4731
4635
4530
4512
4576
4788
4909
5017
5094
5048
5023
5219
5101
5075
5115
5260
5247
5143
5182
5162
4860
4838
5189
5225
5055
5074
5246
5367
5482
5595
5639
5579
5617
5605
5616
5564
5653
5742
5785
5827
5674
5775
5575
5655
5735
5753
5778
5768
5620
5830
5895
5820
5914
5808
5751
5764
5696
5661
5760
5613
5642
5634
5531
5644
5651
5653
5738
5807
5850
5890
5981
5939
6079
6144
6158
6224
6262
6155
6124
6312
6269
6350
6508
6473
6549
6587
6657
6693
6462
6573
6313
6391
6396
6331
6501
6534
6382
6446
6447
6549
6526
6549
6493
6660
6826
6891
6784
6833
6722
6797
6858
6533
6453
6186
6237
6228
6096
6071
6025
5917
6037
6043
5866
5939
6130
6049
5934
6043
6033
6208
6137
6102
6045
5940
5942
5761
5945
5957
5983
5997
5924
5888
5875
5939
5959
5819
5807
5966
5999
5928
5858
5979
5911
5760
5855
5738
5862
5874
5871
5793
5785
5912
5962
5971
5933
5946
5657
5475
5640
5749
5859
5892
5897
5906
5824
5953
6047
5908
6102
6033
6073
6219
6372
6515
6688
6683
6931
7040
7114
7185
7020
7096
7016
6973
6957
6864
6977
7053
6881
6774
6737
6685
6592
6606
6663
6810
6810
6798
6766
6721
6659
6557
6512
6537
6462
6476
6579
6597
6534
6386
6394
6550
6658
6660
6815
6644
6537
6562
6477
6247
6390
6313
6182
6150
6121
5998
6015
6099
6003
6016
6113
6211
5964
5992
5973
5874
5999
5841
5918
5875
5968
5791
5945
5887
5751
5696
5691
5728
5688
5797
5689
5614
5492
5401
5321
5138
5042
5015
5090
5058
5004
4891
4852
4783
4830
4800
4881
4817
4904
4790
4909
4954
4980
5076
5071
5058
5039
5019
5003
4959
4928
5094
5187
5193
5285
5133
5132
5022
4819
4773
4887
4886
4798
4889
4944
5048
5096
5079
4973
4986
4974
5031
5111
5327
5204
5151
5083
5031
5073
5137
5101
5161
5187
4982
5054
5024
5072
4994
4987
4866
4795
4883
4899
4772
4815
4663
4671
4704
4598
4631
4666
4757
4855
4984
5126
5089
5117
5133
4975
4793
4675
4621
4541
4691
4658
4522
4489
4466
4324
4379
4346
4265
4334
4384
4486
4504
4528
4593
4594
4622
4521
4395
4266
4356
4428
4483
4446
4394
4512
4483
4511
4601
4565
4433
4430
4396
4470
4534
4361
4325
4464
4528
4401
4430
4484
4359
4375
4317
4239
4172
4153
4240
4259
4391
4270
4266
4310
4111
4167
4209
4273
4217
4165
4170
4139
4092
4069
3968
3989
3990
3933
3989
3947
3956
3799
3677
3767
3666
3642
3703
3698
3750
3794
3872
3876
3972
4131
3989
4122
4172
4115
3998
3966
3926
3981
4176
4193
4198
4262
4141
4124
4210
4209
4197
4163
4275
4415
4543
4577
4620
4663
4718
4822
4716
4740
4757
4793
4682
4621
4709
4852
4857
4870
4915
4864
4808
4736
4732
4737
4748
4630
4682
4828
4846
4863
4884
4888
4962
5090
5241
5309
5234
5172
5191
5193
5248
5304
5363
5386
5252
5183
5149
5156
5284
5487
5514
5544
5493
5585
5659
5612
5865
5886
5983
6141
6272
6485
6518
6469
6527
6428
6424
6217
6193
6281
6261
6246
6064
5984
6017
5961
5989
5919
5954
5914
5850
6041
5984
6061
6154
6121
6275
6074
6109
5895
5921
5997
5850
5721
5998
5875
5928
6017
6164
6137
6180
6155
6245
6101
6043
6204
6271
6207
6055
6048
5894
5692
5624
5539
5606
5605
5537
5735
5763
5687
5788
5706
5681
5657
5560
5546
5634
5443
5365
5219
5479
5438
5319
5356
5335
5410
5709
5720
5715
5857
5983
6100
6031
5914
6120
6126
6166
6135
6114
6108
6213
6172
6048
6295
6236
6222
6231
6151
6020
6162
6104
6175
6350
6456
6434
6541
6623
6517
6392
6439
6283
6321
6281
6052
6094
6015
6206
6350
6227
6150
6243
6296
6314
6219
6360
6188
6299
6439
6386
6331
6173
6200
6176
6307
6226
6355
6374
6397
6277
6330
6326
6415
6440
6513
6536
6633
6516
6451
6473
6486
6486
6480
6433
6589
6749
6551
6464
6414
6385
6532
6546
6590
6445
6410
6126
5928
5706
5606
5695
5856
5854
5917
5747
5783
5856
5585
5585
5559
5712
5731
5737
5761
5746
5511
5522
5533
5533
5496
5403
5495
5501
5708
5579
5538
5491
5465
5325
5443
5293
5313
5335
5319
5253
5294
5263
5152
5195
5062
5308
5379
5218
5269
5162
5284
5410
5381
5378
5378
5246
5202
5195
5244
5197
5333
5314
5356
5380
5393
5434
5464
5568
5433
5611
5452
5460
5556
5420
5471
5552
5554
5422
5173
5101
5053
5101
5027
5084
5014
4844
4727
4810
4608
4762
4721
4943
5010
5126
5184
5161
4997
4894
4994
4913
5028
5114
5001
4979
4901
5064
5180
5054
4898
4853
4817
4732
4686
4855
4976
4845
4834
4893
4720
4681
4670
4822
4825
5045
5139
5101
4941
4859
4921
4874
5124
4963
5063
4999
5162
5212
5256
5216
5235
5050
5102
5352
5357
5403
5387
5213
5273
5240
5399
5374
5342
5328
5181
5214
5355
5266
5284
5067
5140
5265
5199
5201
5313
5407
5682
5748
5708
5636
5553
5773
5702
5889
5929
6073
6210
6226
6276
6367
6190
6135
6137
6290
6269
6293
6363
6256
6183
6242
6248
6218
6374
6456
6486
6380
6459
6145
6368
6296
6197
5960
5772
5729
5799
5631
5568
5803
5885
5819
5774
5681
5713
5667
5478
5617
5770
5793
5792
5799
5630
5594
5421
5485
5494
5425
5269
5120
5111
5060
5112
5184
5226
5066
5122
5146
5030
5013
5121
5275
5309
5305
5422
5344
5386
5484
5451
5341
5443
5439
5583
5667
5690
5671
5671
5731
5786
5748
5751
5715
5853
5740
5753
5739
5650
5543
5622
5665
5712
5643
5608
5707
5710
5590
5662
5626
5716
5622
5500
5596
5624
5644
5759
5852
5807
5780
5740
5697
5694
5888
6010
5787
5766
5868
6043
5815
5676
5771
5573
5540
5559
5560
5620
5770
5791
5844
6109
6037
6165
6172
6180
6254
6199
6218
6195
6256
6290
6182
6137
6176
6132
6005
6030
5907
5755
5752
5787
5727
5704
5822
5878
5801
5827
5840
5834
6000
5867
5702
5775
5829
5895
6028
5994
6043
6274
6379
6451
6521
6518
6627
6504
6542
6550
6506
6470
6592
6575
6544
6545
6526
6590
6525
6456
6249
6336
6294
6543
6450
6322
6301
6407
6483
6563
6578
6745
6780
6649
6591
6531
6574
6507
6647
6581
6772
6670
6674
6669
6662
6729
6945
6725
6643
6532
6380
6237
6165
6227
6264
6323
6183
6262
6410
6460
6384
6263
6208
6167
6034
6080
6046
6216
6220
6168
6332
6403
6596
6645
6530
6292
6274
6155
5984
6020
6056
6137
6245
6305
6214
6333
6456
6384
6325
6229
6350
6397
6597
6500
6509
6602
6626
6404
6490
6470
6582
6762
6726
6701
6788
6688
6808
6819
6751
6947
6667
6559
6565
6460
6418
6192
6043
5940
5921
5619
5597
5745
5743
5707
5686
5729
5474
5286
5070
5194
5225
5336
5429
5478
5482
5609
5640
5591
5649
5625
5641
5635
5522
5530
5545
5538
5523
5508
5465
5420
5416
5416
5327
5229
5165
5404
5494
5403
5358
5400
5452
5337
5264
5246
5237
5037
5072
5191
5257
5288
5214
5362
5448
5438
5548
5645
5747
5782
5707
5860
6022
6100
6137
5881
5906
5962
6116
6076
5961
5957
6090
6295
6269
6262
6378
6535
6478
6685
6680
6819
6571
6398
6483
6351
6509
6389
6512
6640
6571
6587
6813
6882
6781
6877
6978
6905
6877
6809
6783
6737
6704
6793
6886
6795
6543
6614
6550
6574
6605
6561
6628
6628
6622
6457
6347
6341
6343
6383
6462
6365
6308
6284
6515
6668
6824
6808
6759
6915
7147
7218
7254
7199
7164
6996
7088
7114
7234
7270
7273
7259
7328
7222
7287
7211
7204
7299
7314
7351
7302
7179
6824
6848
6908
6683
6709
6638
6613
6553
6441
6353
6611
6383
6413
6363
6284
6247
6340
6326
6301
6409
6282
6143
6027
5887
5834
5836
5904
6044
5970
6109
6095
6147
6193
6217
6216
6207
6278
6319
6443
6608
6618
6700
6769
6721
6543
6460
6340
6197
5995
6079
6039
5934
5849
5749
5742
5719
5604
5488
5585
5657
5650
5688
5773
5776
5800
5784
5857
5900
5889
6010
5813
5971
6202
6250
6188
6162
6165
6000
6270
6141
6168
6229
6246
6103
6162
6101
6116
6150
6112
6066
6058
6052
6038
6198
6240
6209
6157
6052
5891
5886
5965
5944
5787
5828
5972
6003
6103
6298
6411
6375
6251
6418
6373
6142
6005
5788
5699
5653
5555
5701
5739
5756
5845
5839
5583
5546
5535
5708
5652
5510
5553
5504
5518
5580
5626
5683
5884
5904
5796
5805
5784
5841
5981
5930
5944
5982
5857
5933
6130
6077
6037
6133
6082
5907
5905
5855
5872
5854
5753
5922
5946
5948
6061
6235
5968
5693
5678
5698
5775
5676
5625
5618
5484
5453
5381
5548
5474
5529
5620
5646
5657
5638
5566
5583
5613
5563
5545
5596
5509
5462
5447
5390
5387
5252
5260
5216
5199
5201
5249
5269
5465
5539
5610
5615
5692
5710
5557
5638
5480
5434
5448
5277
5132
4974
5049
5167
5278
5237
5428
5380
5346
5264
5315
5201
4972
4923
4739
4582
4784
4601
4686
4754
4825
4708
4765
4759
4841
4712
4587
4626
4787
4693
4598
4546
4749
4489
4597
4650
4722
4747
4797
4744
4625
4855
4754
4666
4609
4673
4671
4552
4450
4364
4459
4508
4475
4535
4359
4443
4512
4564
4390
4396
4244
4270
4149
4083
4148
4058
3980
4035
4093
4147
4067
4118
4144
4067
4107
4188
4288
4293
4341
4196
4314
4380
4378
4455
4442
4544
4623
4656
4644
4569
4612
4595
4573
4651
4585
4663
4561
4631
4629
4645
4622
4566
4713
4784
4747
4896
4903
5161
5073
5069
4903
4966
4984
4948
5076
5121
5221
5139
5093
5062
5066
4960
4865
5154
5310
5199
5279
5353
5335
5447
5455
5517
5456
5532
5488
5422
5284
5288
5294
5244
5285
5338
5303
5340
5237
5342
5500
5584
5560
5392
5408
5237
5148
5073
4969
4941
5022
4897
5036
5058
5082
5132
5059
4921
4942
4907
4908
4911
4735
4748
4975
5097
5065
4989
5012
4959
5027
5039
5165
4926
4772
4794
4651
4586
4727
4718
4694
4784
4844
4835
4825
4694
4526
4647
4692
4486
4429
4429
4372
4294
4350
4494
4486
4552
4673
4863
4730
4917
4790
4751
4882
5020
5106
5009
5247
5426
5332
5275
5260
5135
4976
4948
4896
4825
4970
4850
4736
4867
4749
4696
4726
4775
4743
4880
4883
4846
4698
4813
4641
4842
4725
4533
4478
4324
4421
4450
4600
4608
4555
4475
4543
4507
4645
4609
4673
4590
4794
5029
5160
5104
5168
5132
5184
5141
5050
5262
5260
5308
5564
5640
5827
5858
5959
5830
5862
5832
5844
5972
5924
5872
6024
5828
5969
5910
5802
5877
5796
5875
5962
5975
5905
5892
5688
5733
5728
5928
5649
5687
5850
5906
5781
5998
5969
6040
5943
6070
6102
6290
6340
6317
6356
6354
6228
6253
6448
6467
6356
6384
6345
6420
6308
6233
6278
6125
6184
6323
6337
6228
6280
6150
6016
6087
6109
6161
6088
6266
6267
6425
6374
6533
6685
6685
6652
6693
6566
6669
6546
6669
6597
6359
6396
6504
6530
6314
6403
6295
6163
6190
6357
6140
6138
6025
5991
6034
6120
6085
6275
6219
6206
6114
6029
6148
6174
6268
6322
6124
6057
6225
6333
6288
6129
6309
6243
6302
6489
6509
6680
6728
6721
6825
6971
7246
7133
7232
7179
7174
7298
7290
7426
7411
7593
7492
7494
7576
7601
7689
7603
7469
7514
7543
7529
7343
7429
7415
7433
7607
7747
7727
7774
7812
7759
7707
7550
7431
7214
7212
7238
7230
7090
7006
7259
7009
6974
7060
7138
7006
7128
7273
7101
7088
7136
7123
6951
6818
6579
6522
6615
6540
6330
6203
6047
6124
6075
6094
6014
6124
6177
6244
6263
6259
6143
6308
6305
6152
6118
6143
6191
6124
6142
6102
6188
6116
6082
6151
6178
6335
6162
6115
6288
6136
6122
6130
6033
5973
5990
6056
6035
6095
6103
6112
6025
5973
6016
5893
6038
6089
5916
5889
5998
5978
5987
5852
6005
6134
6240
6262
6269
6348
6527
6501
6365
6432
6615
6604
6611
6687
6671
6587
6600
6564
6537
6522
6420
6509
6555
6569
6317
6251
6357
5937
5996
6100
6159
6063
6299
6296
6237
6303
6342
6372
6425
6431
6404
6526
6607
6675
6778
6781
6742
6757
6787
6950
7023
6916
7011
6994
6983
6956
6955
6986
7017
6871
6856
6660
6668
