1005000
267660
174866
129600
103655
85271
72256
63051
55921
49576
44814
41134
37954
34707
32288
30262
28301
26845
25458
23443
22496
20934
20023
18744
18119
17192
16469
16340
15864
15104
14856
14503
14011
13275
12582
11977
11710
11498
11384
11232
11029
10785
10812
10507
10243
9992
9869
9730
9488
9289
9232
9250
9116
8966
8764
8572
8397
8390
8491
8197
7955
7781
7651
7633
7357
7231
6971
6682
6431
6363
6174
6096
6180
6134
6020
6038
6013
6073
5966
5949
5914
5921
5744
5750
5754
5592
5633
5726
5768
5665
5478
5239
5200
5029
4922
4917
4788
4573
4551
4413
4489
4334
4388
4461
4438
4408
4365
4277
4235
3964
4034
4049
4032
3923
3919
3910
3753
3533
3488
3525
3420
3588
3622
3615
3610
3745
3687
3650
3686
3732
3768
3644
3675
3613
3574
3484
3691
3646
3692
3589
3452
3542
3441
3460
3473
3478
3460
3361
3440
3418
3440
3353
3408
3487
3428
3396
3382
3278
3171
3267
3306
3250
3179
3121
3063
3142
3116
3210
3368
3249
3168
3017
2975
2925
2878
2923
2862
2892
2805
2829
2779
2785
2791
2795
2824
2874
2778
2850
2938
2947
2902
2918
3046
2988
2893
2732
2725
2850
2771
2791
2726
2788
2863
2865
2908
2982
2833
2768
2789
2829
2803
2713
2808
2688
2632
2611
2694
2584
2575
2482
2473
2605
2679
2647
2641
2591
2523
2512
2506
2529
2511
2479
2332
2516
2577
2569
2625
2718
2735
2787
2792
2754
2677
2516
2404
2428
2432
2541
2598
2572
2596
2622
2609
2506
2428
2417
2457
2276
2244
2211
2253
2320
2332
2391
2466
2493
2559
2584
2611
2694
2749
2738
2748
2846
3000
2946
2790
2892
2854
2770
2708
2673
2675
2612
2673
2678
2686
2743
2825
2845
2890
2945
3080
2972
2898
2901
2885
2866
3004
3075
3127
3183
3166
3196
3136
3152
3039
3004
3109
3097
3214
3196
3025
2931
2992
3043
3075
3061
2974
2871
2884
2911
2856
2873
2863
2979
2903
2889
2910
2919
3031
3165
3029
2901
2962
3018
3130
3135
3232
3347
3313
3289
3191
3198
3090
3175
3060
3028
3236
3405
3575
3708
3583
3576
3533
3672
3887
3918
3872
3963
3874
3922
3986
3981
3943
4063
4104
4039
3992
3975
3875
4003
3964
3982
4205
4150
4001
4009
3913
3975
4119
4065
3998
3952
3949
4022
3950
3987
4080
4051
4117
4159
4308
4413
4371
4227
4195
4239
4101
4165
4235
4281
4304
4300
4296
4201
4223
4199
4074
4179
4151
4033
4114
4040
4110
4027
4057
4122
4264
4148
4132
4111
4063
4103
4262
4265
4217
4004
4055
3981
3844
3736
3859
3972
4069
4066
4128
4351
4290
4376
4277
4323
4241
4197
4125
4182
4112
4133
4183
4231
4243
4313
4294
4361
4280
4311
4401
4518
4219
4112
4263
4224
4180
4194
4269
4273
4347
4195
4210
4238
4183
4270
4342
4299
4417
4528
4658
4625
4521
4636
4421
4373
4403
4441
4340
4416
4214
4272
4394
4379
4319
4374
4432
4366
4360
4381
4322
4358
4439
4430
4556
4451
4313
4288
4381
4440
4432
4379
4380
4256
4279
4404
4329
4350
4371
4499
4496
4500
4432
4435
4415
4414
4373
4269
4035
4199
4209
4158
4159
4212
4230
4442
4277
4283
4333
4331
4189
4083
4086
4119
4137
4077
3962
3766
3694
3662
3643
3615
3425
3489
3644
3557
3641
3613
3715
3739
3849
3920
3700
3846
3842
3880
3948
3906
4006
3946
3982
4129
4026
4039
3999
4157
4099
3943
3918
3889
3930
3827
3799
3814
3766
3779
3910
3966
3912
3936
3900
3908
3850
3849
3745
3723
3850
4021
4131
4075
4191
4326
4509
4503
4286
4364
4318
4337
4416
4310
4409
4368
4483
4459
4388
4465
4272
4188
4261
4274
4397
4430
4393
4427
4510
4541
4416
4382
4536
4529
4476
4414
4396
4394
4414
4452
4481
4617
4585
4454
4500
4318
4452
4547
4603
4534
4570
4431
4491
4696
4668
4657
4646
4756
4718
4777
4786
4658
4780
4689
4700
4688
4700
4738
4741
4697
4721
4716
4662
4695
4705
4727
4807
4668
4740
4743
4771
4768
4689
4734
4765
4928
4914
4831
4850
5193
5162
5300
5513
5813
5773
5723
5744
5807
5857
5830
5928
5997
5931
6072
6038
5939
5930
6019
5974
6102
6132
6290
6089
6092
6223
6007
6148
6415
6312
6491
6681
6665
6728
6710
6526
6520
6516
6466
6262
6383
6362
6191
6196
6241
6271
6354
6319
6530
6371
6335
6432
6529
6598
6570
6573
6536
6606
6611
6538
6550
6441
6486
6486
6527
6516
6630
6607
6693
6579
6764
6729
6818
6734
6616
6488
6266
6122
6027
6010
6083
5964
6106
6164
6361
6436
6414
6382
6455
6572
6445
6433
6585
6461
6355
6696
6883
7037
7157
7181
7236
7320
7076
7081
7308
7556
7537
7531
7588
7642
7595
7732
7572
7589
7681
7655
7549
7615
7558
7420
7383
7441
7628
7596
7707
7626
7645
7652
7477
7566
7685
7679
7743
7772
7644
7535
7696
7643
7606
7515
7491
7603
7606
7419
7411
7380
7594
7639
7616
7868
7836
7886
7702
7731
7534
7407
7271
7079
7017
7045
6868
6721
6927
6840
6991
6851
7048
7286
7273
7363
7279
7278
7295
7194
7277
7213
7271
7256
7301
7207
7296
7428
7580
7728
7764
7710
7678
7751
7825
7892
7979
8115
8171
8001
8021
7952
7940
8072
7784
7858
7850
7781
7703
7511
7586
7424
7409
7435
7392
7551
7557
7513
7292
7242
7366
7242
7141
7342
7422
7420
7451
7291
7141
7125
7304
7336
7280
7184
6851
6838
6848
6754
6742
6883
6729
6805
6702
6622
6576
6522
6778
6736
6568
6632
6736
6682
6685
6567
6593
6523
6329
6378
6654
6792
6886
6884
6596
6650
6728
6844
6777
6881
6744
6738
6835
6843
6760
6759
6815
6599
6770
6861
6866
6881
6926
6966
6899
6814
6769
6661
6696
6577
6722
6777
6912
6787
6579
6518
6626
6747
6931
6997
6906
6947
6957
6950
6955
6982
6943
6915
6782
6915
6820
6774
6649
6589
6695
6806
6715
6850
6931
6828
6827
7006
7139
7417
7446
7496
7453
7580
7677
7744
7763
7672
7694
7524
7541
7338
7210
7171
6985
7007
7086
6869
6823
6947
6979
6939
6768
6693
7020
6955
6887
6854
6753
6760
6552
6576
6523
6430
6425
6393
6180
6043
6054
5998
5870
5753
5903
6036
5791
5868
5626
5624
5514
5464
5454
5360
5449
5448
5490
5298
5253
5320
5312
5297
5520
5589
5794
5887
5849
6084
6052
6120
6195
6175
6258
6266
6284
6249
6266
6262
6182
6222
6343
6129
6115
6104
6035
6159
6114
6174
6348
6300
6285
6229
6121
6161
6272
6277
6087
5996
5975
6027
6202
6270
6210
6309
6325
6235
6334
6432
6395
6194
6382
6466
6438
6411
6453
6444
6434
6464
6217
6157
6202
6188
6308
6532
6529
6495
6382
6360
6393
6504
6338
6239
6398
6380
6502
6474
6302
6070
6020
6047
5969
6126
6069
6228
6261
6328
6297
6135
6197
6185
6278
6289
6348
6223
6370
6419
6370
6387
6305
6262
6251
6186
6224
6253
6090
6008
5862
6055
6035
6019
5982
6050
5974
6057
5971
5830
5732
5717
5793
5758
5569
5364
5520
5374
5429
5308
5273
5285
5384
5425
5420
5513
5487
5575
5810
5625
5741
5717
5784
5799
5964
6091
6195
6060
6306
6301
6269
6317
6307
6216
6025
5974
6041
6235
6334
6363
6301
6349
6100
6199
6213
6283
6297
6337
6277
6277
6387
6453
6406
6347
6290
6217
6147
6230
6251
6206
6261
6394
6432
6409
6609
6677
6751
6601
6684
6730
6787
6943
7012
6876
6982
6933
6924
6992
6955
7008
6883
6846
7050
7079
7106
7133
6983
6988
6973
6989
7186
7214
7156
7052
7073
7104
7254
7422
7407
7268
7105
7232
7124
7236
7278
7134
7117
7238
7382
7367
7401
7330
7245
7172
7163
6914
6754
6792
6672
6819
6822
6698
6787
6891
7010
6807
6791
6968
7045
7004
7080
6979
7205
7118
7074
7020
7137
7213
7008
6826
6779
6825
6590
6470
6317
6096
6245
6218
6222
6149
5958
6018
5920
5891
5741
5731
5779
5883
5738
5746
5942
5884
5943
5837
5726
5671
5547
5463
5318
5277
5335
5225
5491
5285
5249
5261
5318
5314
5296
5370
5367
5309
5201
4938
4885
4892
4859
5031
5073
5184
5174
5261
5422
5417
5532
5702
5673
5614
5662
5807
5742
5575
5383
5416
5434
5484
5372
5412
5474
5788
5922
6163
6064
6152
6178
6363
6433
6431
6430
6421
6396
6339
6358
6387
6210
6163
6190
6189
6176
6129
6263
6137
6274
6467
6788
6757
6699
6766
6782
7037
6937
6936
6956
7077
7117
7293
7194
7391
7340
7235
7133
6973
6912
6849
6859
6767
6763
6821
6980
6897
6889
7006
7180
7199
7426
7439
7265
7237
7277
7206
7074
6953
6957
6905
6702
6826
6651
6615
6655
6692
6721
6711
6735
6690
6720
6745
6518
6632
6547
6668
6683
6822
6737
6792
6795
7043
7030
6840
6860
6987
7032
7060
7187
7153
7059
7048
7137
7283
7388
7604
7687
7489
7622
7470
7280
7061
7101
7200
7416
7668
7576
7397
7376
7193
7121
7268
7305
7203
7285
7365
7399
7224
7444
7500
7603
7761
7664
7917
7855
8193
7952
7924
7891
7978
8127
8016
7974
7761
7672
7729
7619
7541
7753
7800
7659
7639
7512
7546
7455
7326
7332
7308
7326
7189
7236
7007
6945
6863
7016
7035
7024
6936
6966
6941
6957
7000
7103
7330
7372
7428
7639
7746
7706
7547
7399
7489
7488
7516
7472
7359
7413
7314
7388
7366
7489
7532
7419
7551
7603
7520
7458
7696
7748
7734
7733
7485
7337
7330
7192
7075
7034
6991
6895
6814
6592
6426
6519
6420
6517
6854
7019
7097
7251
7341
7253
7354
7355
7314
7351
7490
7377
7313
7274
7312
7288
7364
7298
7261
7479
7276
7244
7444
7316
7188
7329
7480
7637
7527
7486
7292
7207
7112
7384
7384
7339
7169
7060
7141
7170
7142
7204
7127
7275
7309
7287
7301
7321
7596
7697
7849
7890
8031
8079
7905
7856
8064
8287
8507
8224
7993
7919
8016
7939
7747
7733
7789
7805
7610
7510
7511
7595
7565
7432
7406
7436
7243
7310
7231
7160
7298
7124
7327
7017
6894
6557
6531
6532
6571
6418
6353
6380
6338
6288
6346
6373
6408
6473
6506
6367
6242
6272
6246
6297
6586
6610
6781
6574
6660
6632
6639
6767
6829
6813
6820
7001
7007
6850
6869
6834
7099
7202
7157
7137
7018
7102
7257
7274
7403
7416
7500
7469
7380
7376
7519
7482
7476
7477
7171
7194
7382
7288
7456
7474
7367
7372
7255
7256
7354
7299
7237
7230
7376
7334
7122
7022
6892
6941
6969
6904
6958
6827
6800
6813
6872
6880
6775
6959
6801
6943
7255
7217
7090
7038
7020
6837
6754
6865
6834
6869
6764
6723
6836
6615
6544
6507
6458
6287
6172
6332
6365
6302
6266
6279
6197
6117
6277
6303
6435
6159
6301
6357
6638
6712
6529
6573
6681
6822
7090
7193
7099
7215
7147
7185
7159
7164
7283
7395
7348
7342
7366
7522
7525
7593
7677
7633
7396
7618
7462
7583
7526
7441
7468
7362
7314
7337
7227
7380
7435
7436
7288
7294
7268
7330
7368
7482
7500
7380
7162
7173
7193
7128
7089
7085
6817
6696
6523
6513
6630
6724
6571
6515
6471
6477
6449
6629
6428
6323
6448
6510
6669
6859
6734
6505
6468
6544
6462
6621
6522
6522
6448
6584
6667
6801
6905
6819
6976
6925
6970
6994
6988
6785
6744
6634
6593
6590
6685
6695
6619
6613
6615
6558
6598
6696
6710
6626
6713
6678
6623
6634
6854
6799
6759
6814
6846
6627
6619
6654
6503
6333
6410
6599
6648
6699
6549
6520
6494
6216
6310
6296
6409
6565
6566
6560
6490
6339
6390
6487
6355
6193
6148
6272
6276
6179
6318
6335
6370
6284
6108
6088
6103
6128
6006
6011
5947
6111
6136
6198
6150
6049
6040
5989
6019
5930
5981
5993
6016
5989
5993
5833
5781
5735
5872
5932
5904
5882
5938
5886
5940
6030
6253
6298
6468
6562
6476
6659
6491
6523
6677
6725
6894
7131
7111
7074
7191
7341
7224
7324
7330
7203
7177
7270
7318
7306
7263
7351
7263
7283
7238
7240
7367
7384
7432
7394
7302
7250
7298
7300
7015
6977
6862
6929
6828
6932
7129
7217
7241
7368
7555
7564
7520
7455
7301
7298
7487
7246
7194
7186
7308
7204
7278
7358
7494
7460
7255
7298
7215
7032
6991
6916
7153
7248
7056
7112
7045
7130
7126
7178
7160
7096
6871
6898
6946
6883
6821
6646
6575
6386
6397
6254
6158
6103
6031
5896
5955
5936
5725
5643
5650
5636
5508
5350
5324
5512
5543
5515
5520
5536
5354
5303
5136
5238
5014
5098
5118
5131
5103
5195
5223
5251
5221
4990
4801
4678
4744
4750
4704
4642
4784
4813
4785
4896
4828
4722
4743
4723
4686
4777
4776
4702
4767
4886
4974
5127
5185
5198
5260
5238
5428
5510
5650
5569
5594
5616
5590
5401
5387
5198
5323
5358
5338
5271
5358
5379
5438
5354
5401
5419
5458
5488
5607
5515
5579
5592
5410
5412
5323
5385
5241
5259
5268
5199
5246
5200
5091
5095
5230
5169
5138
5165
5258
5249
5228
5416
5304
5262
5230
4977
4881
4969
5053
4960
4965
5007
5206
5386
5479
5338
5394
5332
5569
5656
5665
5852
5833
5774
5796
5856
5718
5791
5898
6021
6249
6146
5924
5919
6023
6167
5976
5931
5907
5937
6054
5885
5733
5789
5715
5831
5889
5832
5820
5893
5786
5815
5791
5861
5826
5719
5626
5717
5751
5752
5768
5727
5577
5394
5318
5282
5228
5134
5055
5200
5252
5241
5389
5499
5587
5404
5634
5691
5679
5599
5633
5646
5754
5676
5742
5641
5724
5744
5718
5861
5803
6046
6096
6156
6299
6357
6358
6357
6496
6454
6524
6597
6636
6709
6688
6730
6435
6336
6366
6371
6406
6415
6467
6573
6463
6485
6450
6294
6320
6328
6242
6306
6216
6332
6286
6457
6410
6557
6405
6414
6454
6433
6142
6239
6304
6354
6421
6423
6385
6359
6330
6191
6358
6442
6299
6412
6487
6243
6037
6083
6252
6330
6466
6271
6131
5946
5949
6006
6022
6160
6153
6232
6064
6040
6131
6414
6465
6429
6531
6716
6816
6846
6812
6749
6473
6331
6218
6263
6218
6309
6358
6330
6354
6221
6310
6280
6338
6581
6552
6612
6829
6548
6539
6456
6665
6626
6621
6559
6446
6582
6652
6899
6928
6866
6889
6906
6819
6803
6834
6699
6609
6618
6530
6576
6595
6626
6557
6496
6426
6385
6126
6286
6347
6386
6289
5923
5990
5859
5860
5897
5963
6079
6237
6449
6420
6426
6340
6341
6654
6691
6746
6553
6344
6281
6347
6270
6109
6069
5850
5686
5665
5878
5703
5695
5660
5438
5360
5301
5299
5124
5180
5280
5288
5464
5474
5324
5083
5101
5165
5137
5193
5158
5086
5144
5006
5057
4994
5114
5058
5131
5135
5001
5220
5221
5272
5211
5206
5409
5692
5683
5586
5424
5431
5469
5382
5310
5379
5414
5559
5576
5657
5757
5639
5703
5806
5818
5940
5924
5890
5965
6118
6259
6259
6224
6295
6220
6334
6503
6514
6411
6329
6315
6233
6318
6304
6130
6168
6217
6077
6218
6213
6216
6173
6298
6362
6298
6523
6584
6488
6499
6427
6284
6241
6139
6042
6098
6074
5988
5975
5914
5926
5937
6000
5951
6006
6037
5861
5927
5936
5694
5571
5561
5596
5552
5622
5628
5545
5533
5371
5295
5327
5234
5378
5317
5461
5488
5673
5630
5559
5385
5288
5275
5191
5058
5013
4934
5071
5277
5344
5318
5277
5207
4950
4867
4972
4976
4833
4747
4729
4788
4725
4698
4622
4646
4695
4685
4585
4597
4685
4657
4722
4850
4822
4938
5041
4983
5024
5036
5053
5106
5124
5194
5151
5092
5057
5214
5027
5087
4837
5014
5040
5175
5197
5245
5369
5296
5538
5318
5127
5322
5491
5593
5549
5620
5720
5632
5423
5445
5590
5378
5446
5342
5414
5389
5256
5189
5220
5174
5064
4868
4821
4677
4643
4594
4449
4504
4583
4616
4565
4723
4691
4705
4663
4732
4711
4775
4775
4726
4841
4992
4989
4822
4815
4933
4927
4943
4965
4799
4971
5181
5092
4832
4764
4666
4658
4611
4332
4377
4351
4509
4665
4847
4862
4803
4881
4750
4689
4611
4621
4594
4539
4587
4686
4705
4804
4962
4955
4992
5108
5116
5278
5195
5203
5237
5416
5343
5371
5309
5360
5276
5271
5259
5293
5235
5362
5480
5426
5377
5207
5196
5194
5220
5282
5176
5226
5033
5150
5076
5077
5175
5175
5272
5148
5065
5109
5209
5456
5420
5521
5538
5431
5490
5451
5384
5373
5444
5409
5432
5345
5245
5273
5270
5311
5365
5545
5599
5775
5659
5813
5563
5588
5387
5303
5375
5474
5693
5516
5611
5551
5612
5625
5708
5754
5606
5474
5468
5712
5743
5819
5995
6070
6142
6096
6143
6134
6139
6176
6232
6280
6100
6092
6056
6075
6044
6067
6106
5977
5787
5803
5883
5767
5770
5787
5691
5696
5817
5845
5743
5671
5780
5787
5752
5674
5604
5659
5794
5802
5764
5734
5721
5660
5729
5781
5863
5823
5874
5950
6095
6174
6174
6033
5876
5914
5927
5739
5763
6029
6161
6205
6104
6175
6314
6177
6167
6110
6045
5961
5916
6042
6013
6106
6056
6314
6264
6210
6221
6232
6380
6414
6569
6725
6801
6915
7122
7003
6685
6833
6961
6957
7049
6912
6849
6672
6608
6778
6823
7099
7165
7170
7208
7208
7206
7311
7138
7118
7088
7221
7105
7133
7115
7111
7179
6835
6535
6539
6374
6552
6614
6528
6585
6579
6567
6498
6515
6333
6475
6409
6528
6388
6347
6265
6153
6074
6157
6179
6275
6174
6085
6108
5937
5973
6056
6181
6430
6236
6123
6004
5945
6006
6206
6274
6127
6316
6451
6391
6366
6282
6092
6076
5950
6014
6067
6233
6272
6194
6050
6022
5884
5846
5639
5690
5735
5665
5669
5865
5884
6114
6097
6389
6414
6520
6703
6603
6655
6794
6850
6873
7099
7132
7061
7049
7213
7337
7344
7323
7390
7305
7388
7467
7491
7634
7588
7543
7448
7448
7291
7281
7207
7155
7129
7069
7037
6982
6826
6755
6776
6854
6698
6612
6604
6547
6551
6782
6693
6847
6867
6796
6862
6868
6800
6872
7094
7301
7255
7365
7481
7646
7611
7478
7334
7496
7443
7353
7445
7223
7233
7277
7284
7229
7264
7351
7188
7288
7265
7052
6961
6944
6944
6914
6778
6748
6787
6616
6583
6539
6418
6484
6324
6584
6598
6709
6684
6514
6438
6308
6084
6116
6214
6262
6308
6249
6372
6463
6584
6594
6608
6451
6302
6319
6372
6298
6276
6318
6155
6005
6097
6304
6231
6128
6401
6304
6234
6154
6096
6274
6353
6462
6476
6627
6533
6480
6580
6754
6645
6584
6445
6480
6481
6677
6771
6768
6804
6896
6772
6763
6666
6512
6426
6267
6221
6146
6209
6404
6598
6731
6777
6697
6510
6470
6298
6143
6232
6102
6162
6087
6093
6107
6078
6007
6019
5967
6095
6062
6043
5840
5825
5840
5878
5883
5771
5529
5647
5666
5699
5618
5611
5659
5730
5807
5865
5825
5843
5797
5643
5663
5634
5687
5665
5737
5769
5763
5668
5586
5596
5702
5896
5741
5992
5910
5920
5860
5917
5780
5808
5710
5622
5668
5547
5460
5417
5381
5344
5308
5272
5317
5297
5363
5281
5355
5575
5501
5454
5413
5604
5560
5527
5520
5556
5501
5632
5694
5696
5631
5416
5269
5134
5263
5298
5270
5286
5303
5317
5235
5117
4806
4593
4388
4270
4175
4273
4304
4462
4557
4752
4744
4692
4630
4530
4569
4690
4714
4588
4620
4569
4691
4591
4579
4459
4358
4452
4693
4832
4752
4764
4720
4818
4596
4670
4678
4624
4723
4784
4888
4842
4866
4868
4959
4932
4890
4823
4776
4720
4631
4566
4545
4530
4561
4461
4453
4323
4390
4356
4250
4298
4271
4239
4258
4367
4455
4538
4624
4771
4779
4964
4901
4996
5146
5148
4969
5131
5032
5071
5138
5140
5145
5133
5040
5005
5115
5081
5047
5051
4881
4945
4984
4960
5138
5081
4947
4929
4972
4854
4950
4958
4932
5118
5244
5197
5087
5145
4904
4781
4719
4603
4583
4736
4607
4708
4858
4994
5053
5174
5000
5090
5069
5164
5044
4966
5019
4831
4944
4842
4844
4835
4783
4744
4735
4644
4616
4687
4759
4860
4835
4959
4948
4846
4860
5012
4981
4909
4854
4914
5053
5111
5203
5028
5119
5190
5036
5143
5070
5058
4975
4692
4671
4693
4585
4568
4564
4486
4590
4471
4322
4361
4519
4428
4347
4305
4448
4590
4682
4684
4634
4617
4567
4474
4457
4611
4626
4618
4650
4612
4531
4454
4434
4411
4411
4469
4417
4446
4485
4414
4624
4648
4742
4769
4820
4658
4617
4803
4897
4964
5035
5041
4961
4800
4734
4652
4607
4584
4577
4695
4738
4774
4860
4823
4893
4882
4993
4923
5087
5161
5105
5055
5078
5042
5141
5071
4957
4846
4906
4936
5079
5196
5146
5320
5330
5321
5511
5565
5548
5629
5590
5745
5716
5674
5686
5782
5807
5821
5756
5829
5730
5761
5802
5947
6171
6080
6218
6145
6205
6343
6307
6361
6160
6315
6601
6556
6577
6576
6727
6570
6498
6485
6600
6605
6705
6742
6878
6916
7005
7155
7035
6780
6836
6879
6934
6993
7028
7189
6950
7081
7139
6987
6950
7134
7104
7053
7084
7036
6842
6746
6758
6788
6795
6728
6503
6441
6481
6554
6366
6415
6435
6281
6341
6344
6324
6199
6381
6413
6600
6606
6380
6276
6204
6432
6461
6262
6305
6581
6639
6694
6686
6534
6556
6399
6371
6163
6013
6057
6086
6063
6051
6138
6342
6457
6431
6466
6236
6327
6235
6474
6469
6618
6565
6445
6299
6396
6616
6450
6468
6510
6315
6479
6550
6453
6487
6285
6239
6240
6254
6384
6274
6105
6175
6222
6212
6125
5992
6051
5928
5735
5734
5667
5848
5869
6012
6012
6026
6067
6011
6182
6325
6051
6003
5988
5990
5900
5949
6192
6252
5996
5961
6070
6200
6242
6232
6288
6250
6320
6305
6469
6546
6556
6523
6547
6511
6383
6318
6356
6412
6284
6369
6550
6535
6568
6360
6330
6200
6230
6357
6404
6473
6435
6351
6255
6304
6362
6446
6623
6573
6620
6416
6545
6497
6414
6457
6545
6460
6589
6582
6626
6638
6904
6760
6693
6587
6595
6729
6778
6751
6643
6555
6451
6461
6641
6731
6725
6813
6798
6758
6559
6724
6831
6926
7020
7058
7066
7247
7289
7435
7356
7510
7402
7383
7372
7364
7318
7283
7252
7073
7043
7322
7273
7180
7228
7176
7207
7204
7216
7292
7241
7094
7296
7269
7173
7160
7003
7084
6935
6995
7191
7397
7430
7425
7465
7274
7195
7154
6925
6950
6893
6807
6625
6631
6789
6834
6905
7030
7053
7033
7062
7171
7095
7105
7017
7114
7158
7116
7216
7260
7220
7086
7098
7001
6834
6943
7004
7172
7458
7457
7527
7448
7259
7326
7325
7363
7600
7474
7100
7251
7448
7216
7022
7030
6987
7044
6990
7103
7056
7054
6992
7014
6838
6894
6903
6714
6682
6465
6335
6187
6258
6357
6262
6318
6175
6229
6337
6311
6082
5915
5750
5774
5615
5568
5488
5633
5612
5687
5430
5215
5362
5406
5307
5285
5169
5251
5191
5068
5086
5207
5191
5050
5127
5231
5231
5085
4888
4820
4742
4664
4496
4524
4575
4585
4617
4556
4547
4538
4676
4809
4717
4751
4770
4948
4743
4561
4467
4306
4228
4284
4406
4516
4545
4536
4421
4360
4397
4397
4433
4320
4307
4291
4434
4374
4516
4540
4552
4517
4585
4521
4376
4475
4510
4509
4437
4238
4132
4063
3946
4001
4015
4091
3972
4016
4070
4051
4090
4260
4172
4127
4029
4069
4006
3934
3785
3781
3631
3622
3377
3485
3452
3413
3469
3424
3315
3084
3053
3053
3055
3039
2982
2976
2990
2892
2761
2727
2691
2671
2701
2658
2758
2704
2652
2748
2686
2717
2703
2702
2661
2795
2805
2757
2871
2826
2826
2691
2867
2933
3083
3170
3204
3205
3400
3417
3454
3531
3551
3612
3502
3571
3500
3523
3505
3516
3537
3549
3431
3427
3430
3442
3490
3454
3433
3487
3386
3229
3258
3331
3443
3520
3633
3605
3680
3724
3709
3694
3774
3765
3836
3880
3881
3928
3952
3973
3927
3880
3789
3880
3969
3947
3990
4115
4083
4115
4110
4151
4209
4216
4254
4346
4528
4465
4547
4821
4772
4597
4591
4682
4689
4762
4628
4594
4587
4514
4420
4390
4396
4429
4318
4206
4225
4401
4673
4694
4559
4515
4483
4381
4410
4278
4420
4507
4507
4414
4474
4615
4713
4739
4714
4799
4819
4882
4811
4877
4848
4887
4954
4888
4924
4925
4984
4995
4883
4578
4594
4582
4482
4684
4674
4690
4919
4873
4849
4884
4931
4896
4962
5013
5015
4999
4911
4886
4961
5084
5054
5025
5031
4893
4847
4906
4799
4816
4829
4699
4778
4882
4919
4916
4948
4954
4868
4700
4720
4871
4794
4679
4727
4660
4707
4807
4844
4689
4827
4762
4774
4728
4661
4776
4610
4507
4534
4482
4458
4482
4444
4563
4639
4724
4792
4736
4855
4849
4751
4991
5064
4903
5049
5057
4954
5093
5223
5164
5231
5132
5156
5205
5147
5258
5416
5429
5347
5292
5158
5148
5248
5135
5120
5153
4947
4963
4871
4842
4844
4884
4924
4976
4934
4913
4919
4958
5010
4805
4883
4829
4800
4676
4764
4648
4518
4647
4823
4913
5014
5026
4954
4905
4888
4951
4974
5062
5109
4992
4818
4750
4871
4836
4881
4785
4886
4955
4822
4806
4741
4690
4809
4717
4867
4918
4767
4878
4784
4750
4637
4838
4925
4957
4744
4585
4441
4569
4499
4402
4570
4638
4765
4837
4812
4784
4821
4886
4803
5012
5162
5240
5216
5367
5555
5627
5763
5721
5716
5670
5697
5569
5623
5536
5551
5607
5430
5329
5382
5294
5201
5104
4974
4906
4841
4925
4975
5023
5042
4890
4782
4799
4755
4770
4797
4683
4678
4417
4447
4350
4394
4377
4479
4378
4488
4450
4363
4536
4506
4488
4566
4510
4421
4376
4402
4288
4392
4473
4391
4376
4302
4329
4259
4116
4230
4305
4290
4411
4520
4493
4658
4549
4539
4555
4632
4590
4570
4624
4529
4622
4524
4553
4644
4630
4729
4995
4924
5101
5293
5223
5187
5215
5147
5105
5067
5033
5063
5336
5335
5388
5344
5394
5301
5335
5340
5425
5361
5374
5444
5312
5392
5393
5406
5427
5546
5602
5475
5592
5532
5508
5561
5690
5739
5598
5644
5770
5654
5775
5833
5943
5872
6018
5728
5868
5843
5823
5916
5931
6022
6098
6132
6205
6196
6139
6125
6143
5980
5961
5954
6075
6080
6043
5742
5819
5867
5885
5977
5914
5916
6076
6251
6370
6457
6406
6507
6328
6397
6412
6298
6112
6203
6158
6208
6021
5894
5935
5866
6048
6124
6104
6063
6003
5995
5945
5893
5900
5918
6106
6093
6120
6112
6135
6151
6072
6184
6268
6336
6243
6128
6196
6048
6184
5977
5931
5969
5912
5907
5851
6002
6003
5843
6052
5981
6159
6166
6328
6193
6239
6294
6537
6725
6638
6663
6541
6558
6416
6397
6566
6600
6509
6502
6425
6466
6582
6694
6421
6480
6596
6648
6670
6682
6634
6449
6527
6567
6642
6584
6494
6493
6513
6325
6303
6231
6251
6243
6321
6288
6310
6196
5990
5809
5861
5639
5797
5674
5832
5717
5789
6119
5979
5912
5860
6090
6282
6238
6265
6303
6535
6395
6573
6565
6598
6740
6796
6824
6787
6786
6754
6685
6521
6576
6536
6526
6479
6430
6461
6608
6780
6659
6706
6630
6577
6849
6849
6825
6841
6902
6888
6975
7055
7006
6890
7080
7094
6978
6939
6657
6605
6663
6506
6684
6749
6947
6889
6596
6405
6462
6527
6558
6677
6599
6679
6690
6626
6618
6638
6680
6720
6724
6470
6508
6544
6579
6576
6552
6705
6502
6393
6375
6457
6478
6410
6371
6053
6066
6374
6331
6443
6437
6219
6256
6007
6032
6219
6153
6148
5948
5909
5975
6002
6084
6036
5880
5791
5676
5615
5802
5861
5902
6003
6022
5978
5801
5864
5870
5723
5778
5809
5800
5742
5803
5844
5899
5752
5708
5756
5654
5659
5638
5494
5584
5759
5842
5697
5732
5845
5754
5706
5787
5813
5827
5799
5838
5885
6103
6234
6142
6089
6070
6176
6279
6234
6551
6518
6684
6865
6987
7106
7112
7008
7132
7219
7178
7210
7108
7016
7012
7061
7064
7031
6922
7015
7279
7197
7051
7168
7453
7400
7231
7168
7041
7281
7036
6973
6618
6598
6577
6597
6516
6615
6613
6766
6788
6644
6593
6496
6282
6316
6234
6306
6162
6211
6189
6044
5890
5820
5712
5535
5548
5553
5640
5662
5489
5550
5428
5491
5376
5265
5192
5351
5122
5148
5099
5142
5326
5237
5134
5258
5263
5244
5167
5075
5155
5156
5056
5072
5176
5400
5496
5637
5458
5464
5431
5425
5532
5660
5789
5793
5828
5782
5756
5659
5569
5595
5591
5398
5480
5318
5085
5203
5254
5227
5262
5436
5499
5534
5267
5345
5344
5354
5413
5407
5270
5486
5413
5593
5602
5706
5726
5738
5704
5608
5789
5703
5566
5616
5608
5684
5708
5638
5733
6083
6124
6194
6274
6309
6261
6274
6263
6231
6328
6252
6262
6329
6442
6606
6618
6588
6486
6603
6675
6890
6888
6880
6991
6953
7039
7169
7235
7294
7357
7322
7237
7196
7047
7063
6817
6770
6858
6819
6702
6744
6791
6751
6558
6456
6443
6316
6270
6338
6283
6414
6474
6508
6546
6579
6663
6449
6541
6393
6218
6216
6142
6104
5976
5982
5906
5795
5926
5702
5590
5556
5469
5443
5552
5354
5390
5315
5303
5406
5391
5648
5793
5817
5867
5841
5845
5863
5815
5950
5908
5810
5844
5822
5876
5866
5736
5920
5843
5871
5821
5917
5986
5984
5786
5918
5990
5839
5740
5806
5684
5734
5665
5574
5492
5354
5424
5560
5605
5604
5544
5662
5469
5529
5622
5612
5558
5626
5652
5748
5898
6067
5949
5952
5930
5852
6064
6094
6316
6443
6504
6462
6566
6637
6790
6869
6964
6999
7032
6968
6835
6674
6694
6874
6639
6624
6622
6531
6541
6547
6391
6416
6358
6308
6261
6204
6391
6585
6563
6518
6486
6846
6900
6887
6993
7026
7059
7136
7044
7037
7204
7293
7432
7403
7450
7643
7496
7357
7281
7189
7146
7314
7474
7323
7233
7264
7091
7162
7294
7378
7143
7132
7178
7156
7020
7093
7095
6950
6920
6751
6798
6648
6665
6697
6633
6647
6779
6844
6840
6773
6431
6299
6247
6258
6112
6229
