1005000
267921
173481
129447
103273
86119
72833
63163
55998
50480
46449
42322
38734
35787
33266
30892
28662
26873
25248
23711
22568
21845
20562
19553
18896
18056
17345
16564
16249
15435
15087
14727
14167
13736
13544
12950
12862
12310
12111
11883
11807
11535
11212
10979
10588
10548
10266
9819
9801
9772
9651
9326
9087
8795
8691
8571
8204
8312
8067
7833
7716
7596
7642
7621
7619
7734
7669
7584
7581
7561
7358
7180
6758
6775
6918
6814
6653
6670
6561
6589
6330
6278
6233
6110
6039
5861
5831
5798
5796
5640
5662
5725
5715
5793
5728
5477
5463
5346
5266
5274
5258
5195
5211
5100
5054
4860
4887
4937
4984
4946
4906
5054
4937
4972
4864
4936
4870
4810
4725
4632
4609
4484
4200
4208
4173
4214
4280
4317
4250
4125
4130
3949
4004
3929
4107
4230
4169
4009
4036
4129
4036
4127
4041
3937
3957
3910
3882
3880
3735
3712
3801
3593
3442
3510
3567
3619
3626
3625
3657
3555
3618
3791
3642
3731
3825
3698
3727
3613
3629
3606
3496
3379
3369
3451
3534
3586
3417
3466
3567
3445
3579
3432
3487
3437
3394
3560
3479
3364
3301
3387
3368
3265
3162
3223
3305
3302
3228
3093
3082
3127
3143
3120
3073
3027
3256
3239
3281
3302
3297
3163
3035
3029
2974
3027
3057
3071
3110
3277
3295
3332
3402
3517
3562
3570
3469
3437
3403
3385
3483
3389
3477
3416
3357
3371
3256
3374
3364
3316
3289
3194
3213
3229
3304
3302
3188
3140
3043
3090
3144
3099
2988
2943
2861
2877
2794
2796
2769
2739
2655
2635
2710
2822
2826
2799
2775
2758
2780
2901
2830
2764
2775
2768
2784
2838
2885
2850
2842
2929
2876
2965
2906
2806
2814
2805
2749
2815
2957
2864
2765
2628
2568
2678
2628
2656
2644
2707
2643
2664
2720
2712
2562
2566
2485
2491
2583
2638
2655
2638
2787
2877
2919
2900
2980
3060
3211
3237
3235
3213
3189
3266
3255
3367
3271
3330
3357
3379
3472
3472
3492
3318
3445
3436
3516
3407
3442
3291
3241
3190
3231
3242
3194
3310
3150
3136
3152
3203
3270
3450
3443
3436
3554
3639
3641
3689
3671
3664
3532
3572
3685
3766
3797
3782
3721
3587
3531
3515
3592
3627
3629
3607
3626
3664
3530
3567
3681
3748
3718
3660
3607
3694
3622
3463
3430
3427
3474
3399
3536
3626
3482
3525
3483
3565
3590
3529
3568
3697
3815
3790
3649
3708
3756
3747
3871
3905
3984
4093
4059
4058
4158
4038
4025
3908
3746
3878
4006
4033
3997
4055
4131
4231
4197
4265
4335
4142
4153
4295
4079
4075
4069
3921
3973
3957
3834
3916
4067
4021
3883
3923
3964
3924
4018
4037
4122
4080
4136
4187
4262
4199
4347
4235
4158
4135
4218
4278
4221
4167
4269
4232
4011
4021
4078
4076
4106
4027
4016
4045
3930
3906
3844
3917
3928
3917
3948
3876
3885
3805
3761
3915
4040
4234
4207
4075
4027
4122
4115
4130
4079
4078
4116
4046
4044
3934
3902
3874
4048
4209
4257
4280
4302
4329
4339
4349
4418
4544
4562
4519
4456
4358
4355
4437
4319
4444
4416
4484
4363
4244
4246
4340
4190
4158
4129
4323
4252
4259
4202
4220
4169
4144
4196
4113
4185
4240
4277
4234
4219
4188
4313
4371
4331
4387
4544
4603
4561
4570
4641
4615
4411
4433
4472
4464
4450
4485
4498
4551
4490
4477
4429
4357
4454
4644
4693
4526
4343
4357
4369
4304
4313
4256
4276
4120
4087
4188
4279
4188
4162
4165
4189
4114
4129
4045
3993
4077
3906
3933
3794
3987
3982
3938
3979
4096
4190
4166
4138
4192
4339
4388
4299
4224
4184
4281
4237
4273
4396
4426
4359
4485
4566
4561
4476
4457
4490
4550
4410
4318
4246
4362
4293
4177
4142
4120
4160
4048
4013
4028
4062
3923
4014
4041
3991
3989
3987
4050
3976
4067
4066
4183
4233
4312
4324
4321
4242
4166
4166
4180
4082
3986
3993
3974
4059
4060
3936
3964
4075
4084
3991
3971
3958
3940
4068
4049
4053
4143
4070
3977
4047
4013
4119
4133
4287
4315
4275
4490
4409
4332
4321
4509
4477
4699
4803
4888
4755
4569
4607
4624
4620
4562
4728
4694
4737
4869
4835
4713
4692
4727
4807
4883
4683
4744
4848
4927
4880
5011
4968
4913
4958
4926
4988
5006
5003
4900
4682
4569
4710
4854
4904
4982
4934
4824
4952
5010
5275
5316
5108
5198
5306
5272
5189
5000
4912
4874
4770
4849
5053
4974
4842
4865
4708
4591
4596
4373
4383
4321
4230
4289
4093
4086
4244
4171
4039
4037
4157
4204
4337
4366
4368
4490
4334
4372
4434
4493
4522
4387
4308
4414
4336
4278
4211
4226
4129
4134
4154
4160
4149
3884
3990
3899
3939
3919
3912
3904
4002
3971
3983
3978
3950
4146
4117
4237
4221
4167
4156
4285
4458
4474
4458
4539
4575
4490
4453
4475
4483
4473
4452
4495
4603
4596
4728
4594
4630
4705
4685
4685
4702
4772
4721
4867
4762
4686
4541
4507
4489
4587
4708
4847
4781
4997
5094
5067
5329
5302
5210
5274
5166
5163
5230
5143
5062
4998
5219
5187
5328
5141
5275
5200
5216
5139
5044
5169
5033
5157
5235
5257
5284
5161
5198
5217
5172
5187
5263
5261
5443
5410
5453
5488
5576
5553
5564
5679
5697
5910
5936
5941
5989
5945
5860
5872
5696
5665
5702
5754
5751
5578
5765
5981
5762
5865
5898
6018
5917
5873
5909
5981
5969
5723
5786
5679
5428
5475
5331
5415
5323
5392
5327
5273
5383
5416
5572
5575
5578
5509
5608
5469
5502
5448
5713
5540
5577
5598
5555
5544
5576
5575
5559
5613
5522
5572
5642
5738
5780
5847
5772
5940
5901
5839
5872
6098
6012
5896
6006
6070
5982
5838
5854
5833
6118
6108
6016
6109
6135
5968
5906
5958
5888
5910
5707
5757
5764
5775
5903
6099
5983
6173
6416
6611
6371
6333
6388
6391
6487
6454
6673
6809
6777
6771
6717
6672
6656
6708
6644
6592
6741
6554
6589
6598
6493
6349
6322
6270
6404
6447
6198
6082
6073
6102
5882
5890
5991
6242
6348
6502
6543
6566
6542
6362
6255
6224
6177
6214
6450
6368
6304
6392
6305
6221
6302
6350
6379
6554
6674
6807
6760
6664
6693
6664
6609
6517
6571
6742
6914
6937
6912
6985
7058
7066
7034
7341
7298
7348
7484
7397
7387
7456
7440
7234
7095
7340
7409
7472
7554
7396
7417
7578
7482
7558
7491
7474
7560
7441
7330
7503
7271
7428
7524
7568
7670
7774
7962
8015
7750
7636
7774
7699
7756
7907
7941
8054
7983
7836
8135
8216
8123
7876
7669
7613
7621
7824
7641
7489
7428
7410
7580
7403
7334
7145
7095
7100
7108
6961
6962
6937
7002
7038
7239
7076
7070
7062
6941
6977
7036
7062
6879
6895
6965
6813
6768
6782
6761
6732
6841
6887
6919
6975
6851
6774
6995
6934
7192
7144
7193
7302
7199
7254
7324
7237
7237
7260
7113
7139
7179
7361
7455
7342
7297
7420
7141
6966
7076
7026
7057
6873
6641
6784
6874
6896
6885
6980
7074
7173
7093
7048
7278
7339
7443
7428
7777
8002
7969
8040
7871
7894
7938
7981
7923
7860
7713
7750
7709
7631
7914
7797
7791
7930
7761
7906
7768
7648
7796
7795
7799
7740
7929
7711
7629
7786
7780
7840
7818
7675
7880
8083
7988
8011
8323
8436
8556
8551
8703
8375
8405
8226
8107
8019
7916
7918
7965
8017
7961
8003
7999
7966
7779
7832
7894
7634
7788
7815
7667
7713
7440
7434
7379
7377
7219
7299
7189
7259
7091
7002
6838
6863
6778
6841
6888
7114
7097
7189
7096
7164
7115
7135
7345
7342
7275
7335
7415
7601
7557
7587
7637
7748
7855
7763
7918
8085
8052
7940
8010
7832
7689
7680
7775
7622
7728
7852
7983
8188
8183
8095
7968
8061
7862
8064
7973
7965
7781
7714
7542
7576
7655
7804
7857
8064
8144
8085
7961
7854
7697
7750
7579
7720
7927
7738
7951
7953
7835
7839
7779
7819
7801
7775
7835
8081
8028
7914
7814
7598
7639
7496
7476
7576
7560
7675
7720
7645
7736
7796
7685
7534
7264
7206
7233
7134
7093
6999
7058
7061
7110
7327
7144
7057
7228
7029
6968
7175
7188
7259
7129
7093
6839
6786
7087
7120
7164
7090
7146
7171
6965
6953
6970
7061
7092
6979
6962
6895
6893
6708
6737
6832
6733
6703
6697
6580
6555
6643
6545
6584
6642
6489
6570
6403
6295
6530
6648
6813
6770
6832
6842
6807
6804
6807
6868
6920
7025
7223
7255
7016
7032
7177
7131
7437
7268
7097
6964
7112
7039
7026
7010
7105
7170
7148
6955
6940
6740
6805
6671
6728
6592
6486
6401
6362
6336
6203
5999
5949
5846
5903
5547
5678
5849
6014
6032
6127
6144
6180
6258
6084
6201
6069
6159
6329
6130
5993
6089
6102
6107
6083
6015
6101
6220
6382
6589
6605
6497
6493
6331
6333
6387
6608
6533
6545
6444
6592
6585
6524
6427
6485
6455
6583
6764
6764
6835
7107
7132
7012
6809
6906
6838
6939
7125
6853
7013
6953
6904
6911
6911
6755
6712
6858
7003
6974
7107
7159
7306
7388
7265
7303
7374
7365
7513
7344
7282
7368
7319
7219
7023
6860
6971
6938
7058
6991
7074
7004
7049
6985
6972
6891
6948
6752
6700
6639
6690
6738
6876
6988
6640
6543
6580
6829
6836
6796
6730
6507
6516
6372
6416
6512
6496
6544
6371
6267
6299
6369
6356
6513
6353
6208
6172
6166
6132
6182
6059
5964
6052
6087
6141
6160
6061
6141
6099
6177
5980
6087
6022
5978
6029
5901
5845
5895
5816
5767
5896
5815
5730
5705
5842
5820
5837
5856
5810
5792
5866
5841
5890
5917
6151
6134
6181
6204
6181
6251
6030
6231
6385
6360
6433
6453
6485
6585
6397
6184
6261
6398
6409
6498
6523
6684
6677
6673
6667
6720
6756
6558
6617
6695
6713
6812
6931
6955
7333
7314
7383
7349
7321
7219
7137
7045
7101
7249
7106
7075
7225
7203
7114
7050
6960
6831
6721
6639
6386
6410
6275
6195
6093
5991
6007
5940
5877
5981
5918
5896
5958
6011
5925
6020
5978
5888
6099
6296
6263
6221
6252
6325
6258
6023
6003
5978
5864
5832
5913
5835
5919
5795
5735
5545
5510
5593
5395
5508
5480
5453
5352
5310
5510
5713
5650
5770
5715
5587
5529
5684
5700
5716
5650
5628
5719
5730
5644
5566
5592
5725
5666
5499
5730
5773
5769
5740
5672
5840
5731
5664
5740
5947
6015
6048
6046
6179
6277
6369
6319
6223
6413
6394
6339
6400
6394
6238
6114
6115
5902
5802
5766
5924
5886
5714
5664
5758
5880
6002
6075
6050
6094
6101
6021
6003
6111
6065
6058
6028
6053
6076
6251
6158
5946
5763
5684
5542
5507
5755
5954
5883
6110
6096
6217
6282
6211
5923
5984
6040
5953
5835
5841
5788
5757
5925
6028
6167
6250
6094
6101
6104
6172
6272
6246
6259
6424
6334
6250
6304
6292
6112
6272
6305
6373
6385
6420
6342
6548
6535
6547
6498
6688
6779
6649
6795
6847
6954
7014
6904
6817
6891
6842
6994
7148
7160
7218
7211
7249
7265
7229
7101
6947
6957
6867
6776
6826
6835
6789
6743
6888
6845
6896
6870
6693
6648
6518
6431
6516
6718
6928
6828
6582
6506
6438
6317
6343
6316
6401
6503
6777
6736
6692
6645
6500
6639
6498
6361
6185
6277
6467
6349
6394
6402
6437
6492
6477
6570
6582
6585
6612
6810
6849
6674
6659
6650
6619
6676
6769
6556
6649
6741
6804
6867
6851
7018
7051
7099
7047
7049
7184
7022
6974
7069
7292
7253
7294
7424
7412
7406
7107
6942
6974
6909
6788
6602
6487
6724
6734
6800
6698
6654
6772
6822
6802
6741
6636
6714
6502
6482
6306
6237
6114
6093
6114
6142
6127
6279
6367
6378
6436
6348
6607
6557
6543
6578
6688
6512
6621
6609
6696
6822
6736
6533
6449
6498
6396
6334
6396
6361
6343
6401
6435
6353
6339
6290
6165
6172
6041
6088
6473
6495
6639
6686
6722
6660
6688
6616
6574
6351
6298
6254
6170
6211
6149
6139
6224
6273
6334
6144
6332
6373
6499
6580
6680
6581
6368
6359
6074
6106
6216
6163
6238
6115
6138
6185
6270
6304
6189
6250
6398
6302
6266
6443
6578
6750
6869
6777
6690
6682
6687
6701
6715
6725
6799
6667
6717
6940
6950
6843
6841
6932
6885
7111
7064
7115
7115
6962
7023
7095
6994
7120
7334
7290
7365
7225
7231
7291
7192
7251
7090
7012
6921
7047
7219
7189
7035
6965
6943
7071
7088
6976
6778
6745
6912
6893
6935
6976
7027
7068
6906
6873
6972
6877
6972
7042
7090
7178
7008
6996
6918
6947
6787
6728
6325
6333
6359
6161
6178
6224
6327
6456
6429
6252
6205
6283
6443
6435
6452
6456
6436
6393
6381
6176
5989
6031
6074
6130
6045
6047
5876
5791
5663
5633
5477
5288
5369
5600
5519
5431
5448
5470
5469
5535
5551
5517
5510
5522
5681
5742
5923
5670
5795
5906
5959
5811
5771
5851
5847
5817
5827
5796
5849
5739
5801
5764
5849
6077
6157
6138
6071
6137
6120
5915
5796
5820
5905
5764
5798
5768
5675
5734
5581
5776
5828
5984
5849
5880
5915
5648
5771
5692
5708
5840
5846
5851
5669
5637
5650
5415
5345
5446
5414
5484
5465
5609
5668
5673
5503
5504
5432
5424
5449
5407
5461
5649
5607
5567
5547
5422
5481
5777
5684
5756
5691
5462
5683
5562
5568
5709
5712
5685
5736
5553
5663
5701
5850
6083
6129
5979
6032
6171
6207
6172
6257
6392
6432
6542
6516
6488
6424
6469
6536
6633
6478
6311
6446
6326
6321
6255
6134
6101
5917
6140
6052
6166
5938
6019
6075
6208
6250
6339
6402
6380
6459
6355
6318
6142
6303
6229
6164
6157
6324
6476
6271
6332
6322
6356
6451
6264
6252
6145
6051
6069
6121
5958
6002
5931
5846
5774
5779
5875
5950
5861
5957
5888
5894
5920
5906
6072
6009
5980
5982
5923
5961
5686
5774
5914
5922
5962
6018
6061
5918
6073
5951
6170
6313
6388
6472
6353
6189
6099
6139
6082
6119
6108
6012
6116
6258
6185
6082
6050
6163
6249
6238
6164
6368
6374
6385
6501
6428
6378
6454
6445
6466
6413
6304
6262
6116
6240
6077
6270
6499
6333
6371
6498
6390
6284
6411
6129
6062
5892
5859
5665
5777
6101
5988
5950
5989
5971
6080
6014
5892
6113
6157
6319
6296
6233
6397
6293
6457
6373
6294
6434
6274
6392
6336
6520
6281
6271
6356
6165
6053
5946
5809
5643
5815
5774
5719
5633
5508
5475
5528
5581
5669
5697
5806
5905
5951
5929
5800
5744
5682
5565
5477
5415
5338
5340
5392
5257
5303
5453
5294
5304
5427
5338
5285
5412
5249
5235
5286
5364
5370
5501
5693
5686
5907
5804
5832
5827
5895
5720
5832
5896
5875
5721
5789
5790
5766
5737
5789
5704
5742
5802
5673
5601
5471
5350
5375
5192
5275
5407
5269
5385
5349
5237
5135
5038
5040
5005
5176
5169
5140
5015
4943
4993
5113
5158
5219
5174
5200
5150
5073
5013
4903
4880
5055
4903
5071
5161
5114
5060
4983
5087
5013
5033
5122
5111
5102
4989
5191
5194
5094
5157
5130
5224
5304
5399
5301
5396
5321
5154
5026
5028
5128
4985
4755
4739
4746
4693
4644
4712
4832
4824
4902
4889
4823
4665
4691
4666
4655
4722
4776
4839
4882
4680
4633
4540
4656
4817
4464
4503
4600
4715
4753
4692
4818
4884
4728
4679
4676
4715
4696
4738
4560
4601
4533
4657
4404
4451
4509
4445
4557
4457
4442
4473
4403
4311
4402
4412
4389
4424
4322
4089
4099
4172
4218
4170
4267
4332
4202
4134
4191
4348
4512
4307
4256
4336
4465
4524
4485
4485
4574
4528
4681
4734
4794
4726
4550
4599
4822
4878
4978
4855
4793
4845
4970
4980
4853
4949
5016
5085
5219
5256
5040
5077
5107
5316
5293
5259
5452
5417
5409
5548
5624
5526
5665
5594
5593
5580
5451
5599
5687
5771
5744
5766
5668
5622
5424
5527
5775
5844
5826
5994
5888
6118
6188
6357
6123
6221
6297
6313
6308
6432
6387
6390
6278
6374
6243
6309
6183
6101
6229
6085
6025
5907
5931
5880
5872
5919
5979
6038
5822
5782
5766
5828
5947
5889
6013
6080
5979
5940
5697
5601
5591
5640
5644
5697
5649
5725
5667
5677
5760
5450
5448
5439
5385
5346
5204
5102
4958
5017
4890
4942
4938
4861
4909
4783
4770
4799
4656
4687
4724
4787
4727
4779
4726
4856
5012
5027
4929
4991
5022
5022
5160
5106
5033
5075
4960
4849
4729
4702
4894
4868
4975
5168
5210
5316
5217
5050
4903
4808
4896
5023
5119
5315
5475
5444
5448
5318
5280
5377
5415
5481
5454
5495
5391
5405
5455
5487
5523
5606
5589
5579
5725
5598
5703
5779
5595
5616
5366
5372
5434
5339
5364
5436
5481
5425
5450
5458
5479
5385
5471
5548
5362
5373
5155
5041
5078
5257
5168
5141
4986
4988
5014
4895
4769
4832
5077
4988
5139
5275
5241
5259
5203
5267
5184
5047
4964
4966
4927
4878
5034
5138
5268
5305
5332
5223
5249
5131
5190
5291
5056
5233
5291
5274
5297
5363
5288
5295
5365
5307
5404
5341
5263
5341
5287
5294
5237
5280
5354
5365
5519
5432
5279
5210
5245
5214
5224
5163
5221
5342
5520
5690
5768
5917
5794
5828
5733
5586
5625
5555
5251
5395
5488
5459
5618
5538
5580
5548
5634
5580
5527
5522
5481
5507
5396
5511
5401
5471
5503
5551
5727
5686
5901
5946
6040
6108
6107
6369
6177
6193
6175
6258
6452
6461
6433
6432
6453
6219
6401
6363
6314
6257
5981
6075
6140
6153
6172
6049
5979
6079
6049
6063
6082
6076
6159
6268
6360
6496
6544
6578
6705
6641
6623
6625
6760
6558
6665
6712
6803
6732
6660
6470
6479
6574
6672
6613
6536
6659
6700
6753
6708
6466
6447
6678
6693
6720
6672
6829
6718
6569
6469
6469
6365
6508
6628
6829
6683
6510
6594
6584
6597
6410
6488
6533
6550
6677
6664
6610
6412
6377
6298
6377
6279
6281
6446
6516
6406
6341
6398
6541
6579
6408
6362
6589
6453
6620
6660
6539
6334
6297
6114
6170
6282
6091
6152
6072
6035
6099
6066
6115
6312
6461
6662
6668
6588
6908
7035
7030
6797
6955
6867
6960
7069
7005
7064
7112
7133
7128
7266
7254
7037
6984
6711
6836
6901
6906
6812
6927
6978
6950
6896
6999
6975
6738
6820
6726
6771
6826
6649
6415
6518
6473
6465
6470
6503
6440
6250
6242
6341
6292
6083
6057
5957
6016
6008
6065
6023
6243
6317
6377
6218
6204
6232
6321
6548
6469
6399
6202
6104
6078
6075
6019
6029
6063
6136
6346
6291
6363
6348
6170
6216
6199
6296
6375
6396
6226
6289
6155
6193
6369
6301
6122
6282
6415
6397
6294
6236
6266
6493
6438
6566
6607
6512
6464
6515
6521
6411
6430
6583
6513
6589
6532
6446
6780
6702
6441
6403
6412
6568
6549
6598
6653
6600
6686
6874
6859
6905
6761
6622
6554
6540
6496
6562
6383
6470
6371
6275
6165
6027
6000
5968
5848
5822
5907
5880
5623
5731
5768
5663
5562
5467
5359
5251
5239
5177
5300
5363
5252
5044
4928
4964
5059
5002
5287
5073
5289
5342
5446
5407
5453
5611
5627
5546
5624
5648
5715
5635
5665
5656
5784
5924
6003
5989
5967
5885
5940
5880
5998
5879
5895
6132
5921
6065
6234
6237
6080
6163
6280
6360
6237
6232
6542
6335
6342
6495
6354
6368
6179
6095
6168
6231
6174
6163
6010
5976
6038
5817
5870
5878
6012
5928
5848
5895
5815
5868
6067
6058
6010
5822
5976
6021
5946
5851
5868
6000
6092
6215
6274
6282
6097
6094
6114
5914
5912
6058
6006
5958
5958
5992
5934
5982
5869
5505
5406
5337
5306
5160
5147
5038
5046
5048
5066
5117
5128
5149
5275
5294
5128
5047
4837
4756
4838
4832
4898
4894
4858
4781
4761
4727
4731
4671
4574
4476
4523
4372
4329
4440
4640
4745
4877
4848
4750
4656
4855
4797
4866
4857
4677
4726
4526
4599
4636
4640
4631
4830
4862
4945
5110
5141
5112
5108
5121
5141
5074
5186
5099
5003
4980
4950
4935
4961
5084
5135
5130
5123
5194
5077
5088
5143
5009
5108
5142
5236
5215
5264
5190
5142
5118
5050
5088
5143
5274
5338
5347
5408
5308
5315
5322
5305
5367
5219
5275
5295
5294
5458
5532
5755
5864
5960
5973
5919
5938
5847
5868
6038
5888
5726
5626
5655
5599
5662
5840
5904
5750
5742
5790
5870
5883
5857
6161
6076
6121
6042
6178
6140
6205
6155
6129
6130
6130
6003
6312
6199
6148
6428
6233
6242
6310
6141
6073
6065
6124
6191
6336
6251
6312
5991
6125
6274
6274
6417
6460
6523
6717
6833
7063
7100
7082
7328
7408
7418
7643
7493
7674
7541
7512
7168
7295
7264
7082
7146
7150
7139
6995
7082
7288
7211
7166
7258
6929
6683
6723
6640
6471
6506
6565
6474
6454
6491
6431
6499
6402
6609
6415
6540
6320
6143
6132
6098
5976
6099
6145
6119
5897
6007
5959
6074
6127
6045
5952
6027
6155
6170
6105
6011
6029
6095
5915
6013
5934
5947
5868
5846
5794
5954
5968
5889
5632
5713
5753
5939
5896
6038
6026
5880
5847
5855
5951
6120
6058
5886
5794
5620
5601
5610
5492
5485
5597
5556
5558
5690
5609
5567
5529
5668
5646
5902
6165
6211
6183
6238
6468
6349
6416
6259
6286
6264
6410
6451
6458
6200
6161
6290
6267
6274
6250
6222
6207
6323
6469
6503
6590
6916
7087
7163
7280
7390
7387
7554
7561
7585
7607
7748
7706
7734
7856
7824
7770
7671
7560
7594
7798
7791
7604
7556
7325
7216
7072
7165
6906
6963
7019
6915
6874
6802
6883
6888
7005
6940
6897
6838
6794
6628
6740
6514
6607
6598
6612
6538
6617
6489
6766
6728
6771
6682
6787
6776
6929
6811
6633
6708
6764
6865
6874
6757
6772
6537
6546
6608
6667
6554
6657
6654
6660
6670
6638
6614
6569
6693
6536
6452
6576
6885
6913
6958
6915
7014
7031
6917
7068
7256
7290
7464
7479
7378
7494
7492
7316
7377
7426
7481
7395
7288
7299
7269
7216
7291
7383
7547
7482
7519
7338
7256
7186
7027
6939
6903
6763
6720
6967
6765
6587
6525
6767
6874
6809
6569
6652
6628
6709
6808
6563
6513
6394
6294
6302
6303
5975
5938
5848
5870
5896
5981
5936
5959
6029
6127
5907
5845
5787
5843
5738
5685
5752
5793
5974
5894
5814
5756
5920
6005
6061
5980
6076
6205
6402
6391
6623
6516
6601
6485
6413
6371
6538
6606
6619
6664
6623
6700
6668
6721
6489
6639
6560
6524
6536
6450
6563
6550
6826
6690
6709
6695
6745
6615
6579
6491
6295
6255
6061
6251
6375
6392
6366
6401
6532
6584
6532
6612
6751
6839
6588
6511
6552
6338
6252
6122
6178
6341
6408
6236
6228
6227
5991
6082
6061
6121
6214
6067
6144
6323
6294
6185
6348
6372
6124
6189
6186
6133
6057
6058
6207
6106
6177
5985
6060
6105
5895
5779
5722
5753
5772
5641
5715
5768
5840
5828
5549
5613
5722
5717
5785
5650
5604
5604
5624
5648
5734
5680
5591
5646
5743
5789
5937
5769
6015
5862
5957
5995
6065
6054
6177
6121
6213
6378
6425
6456
6468
6569
6780
6782
6770
6791
6892
6806
6740
6667
6560
6538
6717
6870
6711
6498
6508
6346
6358
6317
6359
6299
6169
6111
6032
6054
6148
6283
6054
6025
5936
5849
5825
5969
5911
5901
5855
5809
5732
5595
5695
5674
5525
5524
5620
5656
5623
5457
5532
5684
5586
5603
5594
5516
5540
5580
5615
5767
5939
5945
5948
5838
5792
5867
5804
5798
5922
5958
5928
5950
5938
5929
5927
5859
5887
5961
5795
5880
5900
5749
5658
5791
5748
5764
5796
5864
5874
5857
5681
5771
5805
5934
5878
6016
6084
6150
6092
5956
6012
5874
5775
5686
5816
5830
5705
5752
5607
5694
5615
5621
5699
5743
5579
5502
5643
5679
5693
5651
5687
5704
5607
5587
5749
5787
5954
5946
6029
6144
6257
6332
6336
6254
6193
6085
6234
6213
6187
5985
5867
5896
5817
5855
6092
5839
5717
5551
5690
5805
5787
5603
5731
5595
5451
5488
5573
5753
5895
5774
5772
5684
5892
6056
6243
6223
6375
6234
6268
6114
6234
6169
6119
6124
6156
6152
6210
6302
6368
6472
6315
6340
6377
6311
6265
6175
6253
6213
6198
6179
6154
6130
6266
6184
6268
6005
6023
6123
6123
6041
6020
6110
6117
6078
6136
6243
6009
5994
5974
6017
6101
6101
5999
6025
6113
6063
5933
5880
5993
5971
6060
5970
5927
6100
6204
6056
6096
6171
6165
6030
6038
6014
6017
5969
6103
5996
5859
5975
5802
5837
5820
5765
5827
5787
5838
5950
6059
6152
6087
6084
6014
6275
6252
6204
6167
6219
6389
6251
6341
6348
6276
6228
6264
6239
6307
6317
6388
6542
6325
6196
6047
6205
6206
6176
6291
6382
6466
6569
6790
6844
6975
6926
6798
6712
6757
6834
6977
6994
6844
7004
6977
7159
6995
6925
6888
6955
6824
6714
6598
6729
6714
6773
6844
6834
6765
7007
7004
6992
7119
6974
7003
6694
6699
6513
6399
6490
6277
6131
6088
6139
6110
6034
6093
6108
6042
5902
5965
6002
6091
6025
6105
6265
6331
6386
6319
6330
6448
6379
6197
6040
5817
5814
5901
5773
5774
5806
5777
5652
5700
5631
5815
5568
5714
5668
5734
5740
5680
5635
5668
5718
5844
5706
5779
5869
6149
6168
6198
6067
6081
6011
6218
6292
6335
6432
6381
6367
6430
6324
6275
6080
5987
5833
5691
5661
5598
5644
5579
5538
5444
5261
5277
5271
5267
5480
5480
5649
5754
5757
5761
5695
5605
5622
5786
5771
5706
5879
5667
5523
5443
5397
5291
5318
5379
5481
5480
5553
5628
5664
5541
5583
5488
5429
5442
5416
5589
5326
5251
5353
5311
5373
5282
5430
5521
5547
5622
5568
5255
5385
5453
5576
5603
5509
5435
5453
5653
5695
5527
5476
5472
5506
5490
5555
5660
5640
5706
5703
5741
5807
5959
5886
5716
5925
5959
5975
5910
5813
5898
5994
6086
5974
6227
6163
6226
6158
6188
6132
6247
6390
6374
6291
6321
6297
6410
6360
6380
6305
6259
6250
6276
6103
5966
5991
5979
5831
5956
6047
6010
6000
6025
5922
6120
6021
5956
5993
5994
5963
5856
5822
5926
5978
6118
6085
6138
6059
6054
6018
5879
5816
5938
5831
5704
5558
5358
5392
5359
5535
5564
5564
5499
5423
5328
5148
5199
5228
5197
5349
5255
5316
5327
5230
5415
5289
5329
5316
5331
5245
5300
5450
5328
5225
5293
5229
5397
5319
5337
5278
5359
5435
5433
5526
5770
5849
5850
5833
5722
5540
5411
5282
5243
5257
5279
5328
5344
5307
5342
5307
5437
5561
5504
5547
5509
5321
5321
5458
5503
5454
5577
5440
5403
5293
5449
5441
5428
5505
5395
5231
5452
5484
5340
5317
5467
5464
5568
5511
5640
5704
5859
6100
6068
6215
6384
6479
6442
6481
6445
6603
6578
6669
6598
6438
6492
6484
6561
6555
6566
6711
6528
6465
6482
6274
6393
6441
6478
6377
6206
6144
6150
6109
6216
6305
6292
6329
6561
6570
6563
6604
6622
6586
6535
6537
6737
6511
6531
6582
6570
6508
6562
6507
6524
6412
6350
6294
6295
6366
6318
6371
6443
6353
6120
6060
6059
6027
6042
5920
5979
6091
6042
6120
6254
6079
6096
6072
6008
5830
5818
5899
5656
5550
5377
5337
5392
5345
5240
5259
5289
5344
5335
5322
5460
5521
5477
5504
5508
5421
5161
5131
4956
4972
4930
4995
4999
4994
5078
4980
4943
4956
4917
4966
5019
4889
4787
4938
4993
5028
5252
5378
5355
5458
5418
5501
5507
5538
5568
5567
5795
5710
5858
5915
5901
5787
5500
5379
5322
5418
5586
5642
5607
5416
5471
5612
5484
5140
5066
5046
5161
5072
4870
4894
4887
4715
4746
4894
4828
4802
4824
4849
4852
4734
4814
4844
4861
4901
5041
5028
5095
5084
5165
5049
5179
5164
5060
4973
4862
4787
4765
4701
4779
4812
4843
4790
4972
4970
5082
4935
5065
5209
5436
5520
5600
5677
5780
5622
5678
5580
5587
5601
5569
5426
5353
5576
5422
5434
5532
5477
5435
5338
5199
5219
5146
5000
5127
5008
4998
5063
5241
5277
5415
5342
5453
5518
5557
5577
5480
5399
5444
5433
5319
5378
5449
5418
5394
5538
5372
5544
5624
5682
5697
5638
5734
5781
5714
5607
5514
5472
5535
5435
5647
5778
5769
5879
5875
5891
6029
6119
6066
6218
6328
6295
6393
6625
6477
6190
6205
6015
5970
6174
6215
6303
6377
6363
6454
6642
6770
6732
6593
6478
6426
6268
6298
6145
6198
6222
6301
6229
6085
5991
5788
5767
5933
5952
5879
5976
5854
5766
5792
5794
5782
5822
6049
5980
5909
5943
5996
6015
5995
6023
5930
6196
6185
6094
6227
6387
6428
6508
6530
6703
6905
7153
7221
7276
7341
7295
7096
7198
7212
7054
6885
6942
6901
6586
6473
6445
6338
6104
6000
6092
6138
6229
6192
6348
6344
6258
6362
6364
6430
6443
6417
6524
6472
6538
6568
6641
6747
6929
6711
6782
6773
6642
6736
6749
6685
6605
6753
6856
6971
6940
6810
6916
6782
6711
6693
6692
6723
6685
6779
6694
6684
6648
6819
6998
6879
6935
6933
7011
7062
7053
6966
7016
6929
6921
6798
6896
6870
7102
6897
7129
7327
7205
7379
7430
7487
7492
7523
7536
7561
7655
7724
7595
7623
7427
7485
7553
7452
7433
7508
7489
7387
7321
7312
7338
7325
7238
7043
6948
7209
7181
7205
6969
7191
7137
7168
7267
7234
7254
7128
7289
7304
7036
7031
7052
7199
6987
6875
7115
6979
6983
7065
7050
6860
6847
6947
6845
6829
6748
6668
6755
6796
6830
6874
6810
7093
6950
6835
6781
6708
6798
6882
6778
6660
6784
6655
6770
6860
7001
6895
6860
6948
6818
7014
6854
6807
6726
6600
6554
6613
6657
6697
6786
6784
6744
6773
6596
6419
6340
6308
6290
6162
6119
6032
6059
6054
5987
6005
6155
6275
6247
6265
6289
6184
6209
5949
5850
6030
6110
5938
5769
5704
5602
5531
5690
5643
5671
5681
5765
5745
5683
5758
5819
5642
5729
5665
5597
5735
5743
5860
6015
6069
6057
6111
6105
6213
6096
6174
6068
6121
6015
6077
5948
5992
6317
6369
6413
6556
6478
6427
6304
6325
6307
6134
6174
6244
6191
6278
6189
6094
6190
6138
6204
6120
6240
6263
6286
6465
6614
6567
6514
6393
6366
6235
6054
6303
6373
6293
6254
6327
6348
