1005000
267930
173796
129345
102075
84532
71452
62515
55406
49971
45551
42008
38510
35802
33234
30677
28866
27353
25694
24337
23049
22033
21249
20237
19569
18839
17849
17563
17210
16493
15892
15293
15034
14701
14089
13708
13254
12613
12298
11853
11699
11279
11174
10740
10309
10034
9787
9701
9380
9184
9277
8984
8967
8577
8437
8314
8094
8011
8096
8078
7808
7655
7378
7446
7194
7230
7229
7236
7260
7109
6954
6766
6751
6360
6127
6230
6143
6031
6116
6257
6115
6061
6053
6080
6086
5942
5903
5760
5611
5528
5418
5244
5168
5168
5201
5155
5302
5182
5141
4975
4779
4715
4734
4780
4741
4530
4538
4491
4465
4564
4662
4626
4713
4937
4912
4850
4787
4753
4706
4595
4752
4774
4939
4696
4759
4847
4701
4699
4660
4697
4661
4572
4508
4247
3979
3889
3983
4052
4038
4063
4070
3979
4015
3902
3922
3756
3886
4009
3803
3653
3520
3493
3435
3375
3411
3571
3739
3603
3472
3557
3615
3650
3584
3670
3551
3585
3590
3661
3533
3452
3385
3343
3289
3461
3345
3370
3304
3314
3347
3232
3189
3067
3115
3031
3085
3103
3084
3079
3061
2998
3024
2994
2901
2877
2856
2748
2697
2718
2769
2855
2934
2944
2958
2905
2923
2883
2969
3090
3161
3114
3095
2928
3004
3066
3117
3063
2983
2977
2921
2991
2838
2749
2884
3067
3064
3037
2973
3047
3057
3161
3106
3108
3102
3003
3093
3101
2972
2946
2941
2865
2888
2871
2947
3149
3175
3209
3146
3315
3249
3304
3135
3179
3131
3175
3071
3186
3150
3132
2989
3037
3026
3143
3113
3084
3137
3135
3089
3145
3105
3126
3252
3249
3269
3301
3261
3328
3394
3484
3499
3450
3572
3591
3597
3574
3647
3555
3700
3635
3750
3684
3744
3744
3745
3849
3905
3786
3898
3850
3861
3879
3742
3682
3647
3765
3794
3755
3729
3804
3861
4010
3925
4044
4017
4078
4034
4083
3933
3985
3861
3825
3992
3895
3703
3761
3786
3745
3679
3720
3794
3870
3769
3823
3796
3861
3847
3858
3873
3885
3829
3840
3837
3704
3657
3852
3979
3794
3698
3713
3691
3708
3650
3592
3618
3731
3808
3850
3885
3866
3953
4125
4082
4143
4193
4198
4254
4254
4204
4249
4246
4375
4413
4417
4462
4262
4277
4258
4223
4224
4183
4222
4054
3898
3838
3805
3968
3972
3922
3947
3997
3969
3870
3971
3952
3966
3757
3774
4045
3966
3947
4023
4033
3984
3891
3837
3695
3864
3788
3812
3962
4033
4149
4341
4288
4277
4345
4121
4076
4103
4112
4182
4256
4314
4211
4324
4434
4380
4267
4372
4421
4435
4509
4660
4742
4788
4962
5054
5151
5216
5309
5357
5325
5294
5303
5295
5330
5258
5221
5172
5087
5019
5216
5269
5087
4997
5066
5128
5395
5435
5586
5630
5428
5451
5551
5697
5804
5905
5929
5850
5755
5761
5758
5831
5865
5842
5777
5752
5563
5673
5706
5597
5775
5739
5678
5653
5599
5775
5973
6054
6145
6002
5998
5904
5840
5925
6010
5969
6000
6059
6078
5994
5948
5895
5978
6066
6273
6242
6179
6103
6273
6399
6488
6462
6481
6458
6472
6390
6325
6468
6461
6269
6131
6209
6230
6140
6016
5761
5724
5497
5698
5706
5771
5955
5823
5990
6021
6154
6157
6144
6166
6444
6309
6362
6370
6282
6275
6022
5845
5888
5814
5796
5681
5656
5542
5425
5487
5569
5694
5710
5798
5726
5672
5645
5834
5879
5885
6008
5991
5968
5951
5690
5794
6032
5919
6181
6311
6428
6309
6111
6301
6215
6209
6157
5935
5861
5809
5621
5725
5812
5833
5830
5866
5806
5768
5836
5946
5799
5771
5635
5657
5608
5609
5632
5586
5608
5705
5685
5527
5565
5576
5577
5470
5505
5579
5540
5583
5490
5550
5497
5399
5579
5757
5688
5665
5578
5641
5863
5896
5614
5692
5507
5627
5715
5713
5685
5817
5758
5677
5642
5773
5688
5765
5879
6136
6138
6035
5961
5942
6163
6329
6321
6379
6116
6119
6061
5900
5856
5729
5750
5688
5672
5791
5560
5521
5374
5326
5556
5626
5680
5713
5853
5672
5623
5666
5821
5583
5692
5647
5655
5467
5463
5510
5498
5648
5593
5543
5641
5667
5555
5574
5526
5605
5524
5459
5387
5221
5172
5215
5247
5286
5404
5279
5450
5450
5544
5386
5365
5312
5354
5443
5466
5365
5360
5359
5284
5287
5218
5298
5473
5394
5415
5648
5657
5723
5868
5748
5636
5652
5536
5557
5527
5613
5586
5658
5649
5615
5405
5482
5495
5624
5571
5664
5648
5532
5580
5727
5639
5542
5345
5261
5286
5354
5517
5529
5601
5628
5649
5674
5908
5836
5914
5700
5620
5631
5397
5437
5336
5296
5291
5336
5441
5535
5336
5407
5304
5243
5268
5329
5200
5326
5341
5272
5440
5307
5468
5506
5439
5526
5516
5512
5537
5597
5548
5547
5436
5666
5784
5768
5835
5969
5899
5827
5813
6014
5933
5928
5872
5908
5967
5963
6120
6103
6113
6093
6075
5942
6003
6255
6077
6127
6217
6185
6168
6059
6004
6159
6149
6155
6048
6066
6085
6241
6155
6210
6130
6301
6092
6137
6218
6365
6138
6159
6240
6278
6274
6167
6386
6349
6425
6076
6013
6154
6214
6201
6341
6151
6372
6380
6360
6360
6542
6340
6341
6410
6225
6092
6143
6081
6161
6125
5958
5705
5837
6051
6148
6288
6182
6292
6269
6304
6341
6445
6433
6526
6629
6577
6462
6362
6410
6257
6344
6387
6143
6110
6199
6370
6253
6321
6234
6319
6187
6273
6150
6285
6302
6263
6281
6313
6441
6758
6682
6682
6598
6396
6521
6765
6907
6858
6719
6761
6691
6539
6805
6831
6741
6834
6818
6851
6937
6942
7075
7175
7273
7397
7306
7304
7446
7376
7399
7435
7273
7337
7262
7041
6937
6719
6931
6997
7044
6994
7046
7158
7193
7098
7058
7075
7169
7034
6861
6722
6714
6948
7032
7099
7161
7040
7074
6909
7130
6944
6840
6707
6615
6649
6655
6676
6507
6567
6664
6488
6382
6457
6764
6481
6385
6536
6468
6346
6238
6163
6046
6090
5946
5710
5872
5772
5656
5603
5544
5533
5560
5824
5942
5831
5925
5943
5796
5756
5901
5876
5916
5849
6015
6078
6244
6178
6090
5948
5863
6094
5973
6136
6049
5991
5852
5841
5828
5916
5797
5739
5789
6005
5843
5748
5698
5682
5540
5610
5726
5738
5545
5369
5471
5584
5584
5517
5621
5716
5687
5529
5565
5574
5711
5633
5618
5630
5673
5652
5525
5539
5582
5718
5631
5638
5689
5609
5601
5410
5534
5593
5551
5481
5537
5590
5500
5327
5506
5573
5762
5878
6096
6147
6194
6156
6306
6606
6492
6626
6447
6427
6345
6239
6122
6157
6116
6266
6220
6131
6029
5898
5968
5812
5649
5827
5835
5829
6018
5921
5919
5858
5825
5736
5574
5699
5658
5720
5726
5388
5487
5410
5383
5359
5334
5479
5614
5651
5703
5593
5778
5743
5931
6015
5880
6013
6005
6138
6056
5991
6044
5932
5862
5725
5914
5963
5970
5970
6057
6117
6067
6032
5715
5729
5627
5674
5759
5853
5774
5836
5797
5762
5627
5683
5787
5871
6111
6216
6250
6278
6369
6312
6193
6055
5726
5673
5709
5844
5732
5665
5696
5755
5692
5611
5659
5751
5831
5801
5999
5910
5910
5700
5824
5801
5687
5637
5812
5839
5866
5802
5749
5644
5851
5877
5834
5839
5936
5800
5946
6003
6257
6172
5903
6092
6043
6078
6201
6230
6248
6207
6240
6305
6437
6461
6484
6379
6391
6348
6543
6499
6476
6385
6502
6669
6674
6586
6423
6546
6643
6528
6448
6272
6376
6311
6343
6137
6179
6198
6184
6361
6457
6461
6510
6429
6378
6341
6527
6485
6467
6253
6018
5888
5873
5957
6043
6183
6136
6155
6172
5992
5955
5909
5832
5997
5863
5716
5811
5826
5864
5896
5717
5726
5778
6022
5778
5780
5690
5653
5835
6067
5944
5858
5764
5811
5843
6004
6079
5988
6028
6161
6129
6107
5939
6018
6075
5966
5820
5828
5598
5624
5478
5334
5433
5545
5702
5703
5688
5665
5482
5455
5493
5468
5445
5524
5619
5520
5479
5410
5473
5290
5150
5166
5131
5143
5135
5065
5032
4994
5012
5064
5045
4941
4851
4813
4785
4816
4973
5131
5211
5306
5409
5508
5649
5644
5553
5522
5397
5389
5409
5343
5249
5255
5318
5134
5290
5249
5064
4916
4950
4834
4802
4652
4650
4563
4620
4575
4530
4425
4392
4413
4368
4391
4443
4426
4382
4452
4477
4575
4547
4715
4575
4705
4491
4622
4787
4744
4770
4893
4957
4879
4800
4810
4872
4891
4880
5059
4997
4937
5085
5099
5090
5109
5133
5267
5171
5226
5166
5097
4899
4826
4610
4514
4601
4498
4399
4488
4357
4467
4338
4355
4387
4485
4483
4567
4537
4419
4420
4492
4423
4486
4482
4411
4492
4548
4400
4426
4457
4497
4336
4436
4588
4700
4656
4501
4506
4554
4517
4597
4618
4606
4793
4652
4563
4610
4496
4603
4473
4505
4424
4582
4729
4680
4770
4761
4763
4846
4730
4656
4620
4641
4591
4720
4683
4764
4809
4834
4674
4654
4585
4582
4697
5045
4987
5012
5089
4938
5002
4879
4792
4904
4865
4941
4877
4857
4864
4877
5006
5135
5180
5263
5297
5180
5240
5244
5311
5564
5402
5426
5431
5490
5531
5336
5325
5279
5141
5089
5075
5193
5288
5243
5347
5409
5513
5653
5723
5689
5711
5768
5752
5593
5755
5658
5615
5513
5355
5277
5193
5110
4984
4993
4985
4886
5075
5257
5211
5091
5085
5088
4996
5044
4974
4987
5009
4998
5121
5061
5200
5221
5354
5380
5327
5200
5332
5234
5514
5495
5608
5689
5757
5758
5796
5790
5739
5871
5917
5968
5849
5811
5573
5636
5521
5348
5259
5162
5116
5121
5155
5157
5173
5180
5135
5185
5202
5265
5336
5358
5468
5234
5183
5151
5067
5241
5225
5389
5230
5130
5080
5257
5263
5351
5449
5384
5289
5199
5216
5347
5299
5451
5590
5536
5481
5311
5246
5184
5095
5019
5066
4939
5088
5016
4957
4963
4882
4932
4804
4892
4742
4896
4905
4825
4937
4965
5031
5315
5349
5377
5285
5118
5227
5153
5099
5136
5121
5125
5004
4882
5048
5201
5147
5082
5007
5056
4996
4976
4960
4836
4838
4878
4876
5013
4978
4866
4987
4985
4951
4775
4770
4705
4590
4515
4559
4473
4293
4334
4270
4093
4197
4164
4139
4297
4089
4230
4209
4292
4283
4338
4252
4273
4358
4455
4557
4488
4448
4390
4368
4348
4352
4158
4149
4225
4283
4338
4278
4190
4186
4131
4124
4064
4027
3894
3958
3888
3872
3910
4034
4108
4227
4116
4171
4352
4409
4313
4352
4276
4321
4235
4028
3960
4027
4053
4155
4110
4087
4090
4136
4060
4100
4106
4219
4135
4070
4097
4129
4188
4334
4542
4503
4325
4332
4326
4276
4223
4262
4326
4346
4453
4583
4647
4648
4544
4772
4907
5067
5039
5009
5034
4903
5023
5069
5107
5076
4951
4900
4924
4990
4964
4920
4923
4825
4724
4602
4595
4634
4722
4657
4696
4665
4530
4588
4506
4631
4831
4644
4538
4648
4694
4651
4622
4652
4658
4655
4777
4665
4798
4897
4875
4879
4891
4996
4846
4967
4894
4911
4879
4910
5177
5298
5285
5172
4992
4890
5015
4874
4911
4812
4724
4960
4906
4760
4763
4784
4820
4963
5026
5076
5078
5080
5163
5226
5281
5302
5354
5302
5399
5408
5373
5400
5361
5565
5513
5682
5555
5467
5446
5529
5715
5651
5702
5540
5621
5595
5669
5733
5620
5599
5722
5778
6033
6261
6331
6111
6111
5894
5973
5780
5516
5293
5192
5195
5211
5124
5083
5223
5255
5399
5219
5353
5386
5299
5220
5169
5135
5208
5226
5327
5399
5504
5470
5415
5296
5296
5226
5168
5207
5174
5252
5309
5541
5634
5581
5690
5755
5746
5665
5725
5860
5729
5692
5791
5872
5889
5811
5988
6016
5953
6078
6103
6184
6188
6029
5887
5803
5858
5567
5528
5433
5445
5446
5251
5340
5350
5431
5565
5655
5565
5469
5470
5576
5470
5449
5373
5516
5549
5557
5531
5609
5548
5445
5503
5353
5441
5447
5552
5482
5633
5671
5452
5431
5499
5534
5621
5576
5532
5442
5663
5615
5578
5528
5618
5698
5657
5756
5730
5683
5687
5805
5815
5758
5795
5616
5415
5376
5380
5427
5317
5112
5178
5132
5075
5009
5032
5136
5241
5079
5168
5141
5002
5091
5108
5080
5067
5101
5166
5239
5356
5437
5440
5228
5043
5047
4988
4981
4970
4947
4942
5000
4998
4902
4910
4918
4997
5117
5197
5265
5523
5561
5533
5482
5462
5467
5471
5292
5237
5185
5093
5159
5164
5188
5316
5272
5131
5267
5242
5165
5154
5240
5278
5453
5563
5842
6035
6011
5964
5873
5914
6005
6053
6070
6147
6066
6202
6173
6282
6603
6460
6646
6723
6760
6810
6830
6794
6892
6863
6894
6936
6924
6921
6681
6582
6774
6872
6848
6707
6863
6833
6866
6929
6977
6730
6672
6685
6631
6592
6614
6545
6655
6515
6568
6421
6309
6165
6034
5979
5933
5785
5825
5871
5629
5565
5468
5533
5552
5319
5282
5377
5412
5412
5522
5462
5546
5504
5471
5531
5667
5760
5816
5940
5873
5859
5919
5972
6100
6171
6162
6059
6114
6190
5995
5879
6070
6081
6096
5978
5891
5983
6134
6119
6051
6268
6358
6144
6180
6409
6392
6483
6406
6365
6405
6372
6435
6386
6191
6216
6123
6034
5871
5647
5455
5536
5609
5576
5692
5620
5726
5744
5694
5676
5844
6026
5891
5939
5947
5875
5942
5840
5752
5760
5687
5692
5634
5617
5748
5667
5757
5846
5629
5623
5508
5551
5711
6007
5879
5828
5912
5859
5791
5874
5736
5670
5701
5727
5694
5656
5803
5657
5692
5565
5479
5535
5596
5593
5427
5387
5242
5089
5073
4929
4966
5035
5080
5152
5170
5168
5061
5132
5365
5347
5483
5464
5472
5442
5431
5428
5275
5370
5377
5260
5251
5280
5332
5481
5647
5818
5741
5650
5491
5500
5508
5679
6032
5972
6018
5915
6124
6308
6273
6306
6210
6220
6410
6337
6158
6165
6122
6105
6124
6044
6198
6346
6254
6178
6310
6400
6259
6422
6136
6310
6292
6443
6332
6518
6620
6608
6372
6097
6130
6014
6247
6315
6593
6559
6670
6642
6708
6804
6722
6751
6822
6791
6569
6650
6643
6561
6856
6687
6883
7055
6919
7020
6952
6939
6920
6833
7005
7080
7104
7187
7175
7214
6829
6650
6674
6641
6474
6387
6273
6295
6377
6299
6195
6084
5898
5967
6009
6011
5999
6224
6087
6062
5872
5977
5797
5728
5771
5791
5789
5796
5829
5713
5566
5574
5669
5734
5829
5694
5515
5347
5202
5276
5273
5288
5439
5318
5232
5297
5343
5358
5327
5374
5183
5308
5397
5424
5509
5518
5704
5835
5886
5937
5948
5930
5918
5927
5961
5940
5975
5805
5815
5755
5739
5804
5781
5634
5674
5898
5890
6028
6105
6290
6435
6394
6325
6297
6217
6316
6424
6385
6287
6431
6473
6301
6319
6392
6198
6311
6246
6350
6453
6623
6649
6659
6693
6730
6688
6713
6811
6754
6660
6762
6718
6784
6677
6820
6902
6939
6780
6841
6873
6910
6973
7172
7348
7233
7007
7119
7033
6931
6943
6918
6963
6877
6869
6871
6805
6873
6760
6831
6810
6765
6625
6646
6729
6778
6796
6878
6820
6806
6687
6661
6603
6540
6367
6523
6507
6370
6331
6612
6438
6377
6509
6566
6393
6414
6244
6094
5904
5978
6002
5885
6007
5979
6108
6274
6335
6341
6351
6121
6273
6134
6297
6324
6309
6279
6259
6298
6250
6179
6000
5949
5889
5881
5999
6113
5944
5879
5929
6086
6018
6075
6084
6110
6214
6218
6430
6428
6372
6522
6621
6806
7005
7165
7066
6935
6890
7025
6851
6678
6782
6619
6685
6467
6393
6445
6704
6882
6838
6658
6794
6686
6799
6832
6919
6944
6845
6905
7114
7056
7110
7090
6917
6786
6760
6924
6922
6994
7201
6996
6671
6714
6544
6565
6513
6519
6557
6566
6565
6491
6702
6738
6686
6608
6690
6679
6869
6735
6778
6692
6599
6614
6640
6572
6726
6709
6486
6483
6635
6441
6426
6316
6246
6286
6277
6289
6339
6108
6053
6161
6120
5976
5951
5894
5856
5759
5790
5744
5832
5733
5647
5709
5702
5693
5754
5764
5708
5713
5522
5459
5482
5374
5373
5413
5562
5447
5236
5255
5208
5045
4981
4842
4902
5065
5120
5104
5167
5094
5060
5173
5274
5289
5303
5281
5414
5482
5344
5260
5338
5442
5522
5601
5507
5502
5695
5549
5529
5390
5354
5248
5201
5294
5315
5171
5287
5278
5230
5220
5197
5084
5101
5219
5087
5014
4934
4911
4886
5052
4977
5003
4986
5054
4858
4865
4575
4678
4534
4617
4674
4702
4749
4810
4670
4841
4810
4729
4680
4643
4579
4474
4549
4387
4479
4413
4491
4658
4753
4685
4824
4742
4587
4549
4572
4560
4631
4504
4499
4705
4727
4841
4914
4698
4678
4769
4666
4913
4943
4886
4840
4840
4878
4832
4764
4801
5031
4865
5018
5090
5072
5037
5020
5078
4956
4954
4889
4871
4918
4688
4601
4574
4683
4692
4567
4578
4563
4686
4662
4720
4602
4628
4629
4727
4791
4819
4802
4869
4891
5036
5025
5094
5122
5189
5147
5240
5182
5167
5305
5374
5330
5403
5439
5349
5374
5450
5450
5573
5556
5598
5572
5497
5519
5229
5381
5318
5416
5366
5532
5390
5453
5467
5477
5479
5504
5650
5737
5758
5829
5903
5859
5780
5590
5454
5385
5386
5443
5561
5619
5483
5567
5483
5532
5414
5358
5247
5123
4939
4985
4998
5142
5189
5218
5345
5267
5145
5161
5184
5138
5192
5166
5234
5238
5294
5142
5196
5053
5071
4915
4754
4692
4796
4731
4846
4911
4943
4999
4967
4935
4885
4980
4954
4940
4889
4997
4892
4728
4706
4675
4477
4402
4435
4418
4453
4591
4522
4557
4617
4756
4649
4523
4617
4478
4669
4766
4671
4492
4517
4555
4517
4461
4604
4702
4718
4707
4742
4654
4637
4710
4585
4647
4501
4576
4624
4588
4468
4602
4611
4513
4473
4473
4308
4364
4466
4423
4385
4286
4347
4450
4360
4438
4508
4525
4547
4621
4496
4372
4438
4506
4383
4495
4615
4840
4886
5055
5074
4908
4895
4960
4989
5105
4912
4952
4935
5003
4962
4724
4773
4931
4825
4815
4840
4963
4961
5015
5116
5176
5193
5201
5365
5466
5484
5569
5618
5841
5640
5498
5444
5318
5394
5510
5519
5560
5686
5776
5759
5624
5637
5704
5837
5988
5787
5796
6115
6071
6121
6309
6498
6488
6301
6238
6253
6058
5950
5977
6074
6050
6158
5998
5941
5877
5920
5913
5972
6074
6005
6033
6104
6209
6223
6204
6173
6245
6231
6110
6185
6134
5939
5774
5887
5924
5751
5510
5510
5529
5473
5411
5500
5581
5522
5632
5518
5540
5534
5507
5478
5492
5729
5787
5642
5577
5623
5569
5580
5535
5482
5701
5894
5885
5903
5908
5848
5767
5801
5739
5742
5938
5857
5734
5743
5824
6022
6065
6053
6084
6278
6141
6066
6145
6062
5939
6057
6140
6438
6529
6459
6629
6734
6711
6690
6755
6713
7005
7048
7073
6960
6919
6978
6784
6811
6892
6847
6818
6780
6889
6986
6961
7002
7250
7177
7277
7185
7117
7183
7343
7546
7513
7385
7585
7673
7670
7797
7935
7850
7836
7702
7589
7369
7128
7045
6946
6849
6905
6955
6906
6866
6810
6830
6953
7066
7168
6942
6996
7055
7099
7265
7194
7388
7238
7037
6963
7006
7024
6894
6795
6913
6982
6997
6901
6894
6991
6805
6628
6627
6673
6576
6452
6404
6514
6446
6648
6596
6688
6517
6592
6720
6773
6610
6599
6561
6590
6581
6556
6573
6539
6519
6590
6436
6466
6428
6428
6634
6539
6459
6199
6301
6280
6285
6364
6286
6322
6185
6082
6171
6170
6087
6135
6170
6152
5957
5968
6058
6134
6250
6440
6510
6683
6713
6465
6544
6577
6531
6609
6579
6497
6678
6873
6776
6787
6681
6816
6853
6856
6972
6833
6831
6706
6727
6667
6524
6480
6340
6300
6260
6164
6017
5975
6090
6053
6127
5988
5980
6142
6171
6165
6311
6254
6371
6591
6705
6915
7097
7005
6940
6963
7052
7046
6964
6930
6868
6751
6812
6946
6955
6815
6685
6751
6809
6842
6806
6650
6791
7021
6977
7001
6782
6800
6750
6839
6850
7072
7116
7253
7337
7340
7306
7372
7579
7479
7504
7402
7390
7359
7171
7250
7321
7247
7399
7454
7616
7627
7781
7652
7681
7691
7585
7650
7707
7771
7897
7667
7639
7714
7695
7552
7740
7875
7781
7883
7806
7625
7625
7469
7416
7428
7422
7422
7336
7423
7583
7449
7456
7599
7677
7645
7699
7803
7759
7671
7846
7753
7841
8005
7968
8149
7974
8066
8075
8084
7973
8040
7946
7858
7858
7601
7776
7817
7793
7921
7932
7845
7797
7674
7530
7514
7638
7791
7697
7836
8090
8038
7948
7913
7904
7922
8092
8413
8411
8377
8380
8181
8251
8130
8043
8036
8050
7860
7824
7729
7782
7743
7702
7484
7567
7581
7464
7340
7345
7164
6999
6924
6870
6884
6592
6546
6623
6473
6542
6620
6612
6531
6375
6411
6336
6354
6351
6286
6255
6135
6021
5898
6103
6022
6138
6307
6088
6173
6278
6441
6519
6303
6352
6431
6469
6338
6498
6391
6489
6602
6666
6640
6570
6752
6780
6676
6582
6894
6960
6987
7025
7019
7156
7133
6978
7295
7404
7291
7108
7183
7220
7103
7213
7118
6993
7063
6931
7043
7053
7068
7006
7023
6919
7031
7092
7003
6961
6893
6876
6898
6788
6700
6759
6974
6816
6792
6619
6628
6644
6624
6503
6319
6191
6269
6228
6089
6108
6121
5975
5812
5780
5752
5725
5665
5731
5863
5930
5939
5890
6048
6130
6269
6221
6243
6278
6248
6272
6171
6104
6139
6238
6264
6097
6221
6217
6336
6440
6431
6486
6626
6582
6555
6410
6451
6344
6204
6122
6076
6151
6029
5941
6019
5991
5838
5962
5945
5833
5777
5874
6110
6051
5936
5989
5773
5732
5739
6001
5989
6040
6016
5996
6059
6135
6095
6039
6194
6367
6444
6419
6315
6426
6416
6759
6645
6471
6430
6242
6409
6365
6377
6404
6363
6348
6525
6493
6427
6469
6322
6256
6178
5869
5827
5847
5587
5441
5471
5359
5360
5217
5344
5244
5440
5496
5592
5590
5654
5710
5741
5679
5573
5579
5675
5603
5555
5537
5274
5335
5380
5298
5299
5370
5262
5209
5235
5344
5354
5446
5432
5344
5468
5299
5135
5128
5202
5306
5156
5045
5061
5071
5136
5216
5170
5019
4956
4936
4815
4705
4888
4927
4884
4899
4914
4958
4972
4909
5007
5060
5046
5107
5237
5373
5534
5380
5285
5303
5406
5309
5458
5410
5353
5444
5336
5392
5485
5512
5566
5617
5660
5619
5487
5315
5233
5497
5443
5413
5227
5199
5029
4988
4922
4946
5085
5260
5272
5325
5218
5211
5181
5322
5357
5453
5635
5750
5612
5703
5768
5796
5633
5588
5504
5440
5549
5465
5357
5573
5415
5509
5590
5583
5435
5545
5756
5907
5824
5604
5691
5735
5681
5631
5563
5626
5589
5624
5803
5957
6009
5961
5803
5655
5653
5540
5494
5569
5669
5726
5752
5677
5577
5660
5578
5638
5560
5587
5610
5495
5531
5609
5749
5757
5603
5708
5582
5599
5725
5769
5897
6201
5990
5886
5952
5949
6016
5994
6043
5987
6014
5948
5958
5962
6050
5819
5893
5889
5947
6027
5967
6010
5848
5937
5989
5998
5944
6072
6076
6148
6138
6190
6327
6455
6411
6481
6435
6590
6537
6601
6598
6666
6813
6663
6648
6882
6928
6992
7001
7257
7201
7128
7306
7354
7357
7578
7474
7637
7679
7587
7459
7556
7602
7654
7470
7383
7239
6865
6740
6649
6581
6406
6392
6418
6369
6593
6665
6528
6570
6589
6675
6636
6665
6724
6800
6846
6593
6518
6484
6350
6358
6390
6510
6530
6417
6293
6301
6449
6499
6605
6539
6700
6610
6743
6741
6892
7130
7049
6830
7043
7113
6993
7140
7147
7359
7434
7528
7407
7324
7261
7394
7345
7362
7067
6977
6873
6865
6750
6606
6405
6240
6137
6312
6320
6365
6330
6192
5969
5918
5893
5967
6151
6229
6291
6388
6268
6296
6101
6051
6099
6136
6069
6092
6209
6313
6419
6321
6169
6366
6288
6330
6309
6338
6254
6139
6078
6214
6062
6004
5916
5896
6013
5882
5871
5669
5528
5423
5483
5483
5462
5540
5532
5494
5307
5185
5257
5295
4993
5068
5206
5254
5230
5304
5218
5398
5334
5315
5483
5745
5814
5687
5667
5673
5665
5672
5510
5471
5390
5249
5114
5297
5173
5145
5282
5306
5284
5145
5228
5246
5127
5172
5236
5247
5364
5260
5454
5314
5265
5208
5330
5394
5474
5473
5453
5341
5275
5347
5425
5527
5507
5613
5557
5436
5362
5490
5600
5528
5511
5654
5544
5607
5521
5416
5599
5668
5748
5712
5615
5555
5354
5292
5243
5249
5102
4924
5079
5317
5440
5488
5577
5596
5658
5597
5500
5507
5588
5642
5835
5830
5745
5766
5544
5535
5488
5460
5403
5222
5283
5422
5569
5802
5723
5824
5642
5531
5660
5648
5584
5538
5398
5405
5328
5271
5340
5442
5472
5497
5686
5543
5476
5510
5394
5297
5127
5162
5285
5381
5433
5567
5634
5749
5695
5821
5879
5849
5864
6007
6085
6136
6169
6250
6283
6182
6475
6687
6713
6725
7059
7023
7016
6927
6931
6897
6812
6674
6731
6511
6564
6671
6675
6439
6430
6594
6683
6562
6529
6333
6238
6468
6519
6533
6582
6484
6354
6437
6297
6340
6137
6329
6359
6236
6124
6200
6107
5935
5901
5543
5418
5350
5283
5327
5294
5346
5173
5152
5177
5148
5447
5589
5659
5892
5943
5899
5855
5873
5808
5991
5881
5961
6105
6128
6048
5978
5959
5978
5863
5819
5952
5882
5910
5965
6063
5944
5835
5934
5976
6012
6034
6068
6243
6116
6035
5710
5633
5626
5750
5691
5817
5957
5986
6011
5744
5630
5549
5739
5731
5726
5717
5642
5555
5558
5470
5485
5609
5503
5652
5794
5825
5923
5804
5794
5757
5905
5943
6006
5983
5871
5831
5921
5955
6052
6111
6160
6087
6329
6358
6647
6622
6615
6401
6408
6444
6582
6741
6775
6664
6671
6667
6543
6514
6523
6494
6504
6569
6675
6848
6935
7086
7169
6964
6996
7279
7257
7095
7060
7027
6987
7056
7004
7062
6844
6966
6946
6920
6962
6848
6812
7013
6969
7100
7088
7109
7008
7057
7080
7051
7050
7025
7130
7395
7354
7212
7155
7127
6952
6719
6648
6676
6565
6380
6435
6348
6412
6358
6286
6307
6441
6444
6364
6254
6279
6294
6433
6566
6596
6671
6655
6793
6593
6420
6412
6451
6476
6362
6505
6554
6482
6489
6364
6477
6626
6714
6526
6637
6641
6646
6605
6586
6687
6787
6719
6630
6752
6775
6749
6630
6822
6711
6751
6695
6561
6630
6406
6390
6450
6428
6556
6588
6637
6588
6614
6708
6528
6444
6349
6375
6382
6405
6328
6450
6408
6362
6407
6508
6496
6350
6369
6283
6362
6430
6515
6609
6763
6961
6777
6852
7075
7207
6902
6998
6865
6754
6796
6918
7149
7267
7285
7131
7114
6935
6842
6869
6883
7009
6864
6919
6837
6739
6629
6563
6406
6469
6468
6655
6777
6698
6821
6918
6927
6713
6965
6789
6932
6904
7056
7194
7336
7229
7227
7299
7124
6957
6995
7063
6995
6894
6903
6724
6838
6892
6793
6617
6635
6783
6919
6918
6847
6785
6762
6607
6566
6633
6637
6779
6875
7014
6956
6814
6743
6579
6524
6276
6389
6299
6549
6269
6294
6190
6070
6101
6233
6380
6271
6240
6204
6300
6186
6210
6418
6306
6440
6333
6361
6521
6528
6422
6446
6415
6280
6374
6204
6140
6160
6190
6236
6107
6074
5996
5850
5708
5865
5989
5885
5832
5866
5822
5834
5913
5906
6118
6165
6213
6097
6184
6056
6030
6052
6137
6010
6201
6206
5941
5708
5503
5384
5365
5372
5381
5506
5598
5549
5697
5564
5395
5252
5213
5158
5090
5058
5060
5005
4998
4876
4879
4972
5100
5023
5100
5147
5179
5319
5489
5634
5584
5454
5391
5374
5362
5518
5562
5757
5759
5733
5735
5679
5543
5636
5492
5644
5379
5248
5285
5351
5168
5196
5274
5168
5214
5195
5224
5192
5164
5117
5077
5049
4970
4912
4900
4955
5202
4989
5093
5182
5156
5095
4992
5093
5145
5186
5127
5093
5157
5164
5169
5113
5058
5259
5393
5425
5382
5314
5300
5269
5215
5382
5411
5341
5335
5413
5331
5412
5588
5594
5344
5305
5437
5277
5202
5281
5364
5501
5524
5392
5386
5508
5516
5419
5375
5146
5393
5299
5202
5087
5081
4979
5098
5040
4988
5063
4818
4995
5085
5100
5165
5178
5403
5482
5327
5340
5361
5330
5423
5400
5229
5286
5159
5172
5204
4975
5095
4975
5065
4985
5118
5127
5183
5227
5308
5232
5157
5278
5268
5147
5117
5148
5303
5269
5232
4967
5120
5069
5016
4978
5051
4896
4831
4706
4646
4909
4768
4855
4923
4899
4949
4933
5011
4975
4999
4979
5186
5318
5260
5370
5362
5270
5192
5220
5292
5096
5224
5142
5111
4959
4870
4944
4736
4811
4828
4802
4844
4902
4764
4713
4722
4846
4769
4823
4810
4847
4831
4740
4671
4681
4793
4901
5039
4995
4963
4795
4665
4848
4795
4738
4696
4682
4584
4766
4903
4830
4807
4582
4691
4718
4746
4737
4709
4751
4629
4574
4566
4610
4525
4599
4619
4595
4703
4670
4734
4895
4982
4952
5020
5084
4962
4781
4878
4914
4833
4769
4530
4550
4658
4782
4803
4792
4886
4899
4922
4979
4843
4749
4734
4789
4916
4959
4950
5068
5019
5033
5242
5233
5224
5300
5260
5143
5069
4905
5024
5025
4955
4922
5011
4933
4845
4830
4829
4839
4773
4783
4944
5081
5115
5068
4921
4960
4776
4795
4812
4734
4602
4682
4710
4923
4948
4834
4965
4959
5160
5181
5054
5048
5116
5139
5155
5273
5272
5456
5618
5662
5523
5254
5359
5603
5677
5636
5581
5433
5405
5360
5320
5357
5248
5295
5453
5387
5188
5265
5419
5443
5583
5794
5714
5525
5586
5639
5723
5685
5456
5505
5288
5414
5580
5539
5642
5490
5503
5432
5367
5329
5305
5230
5299
5112
4974
4910
4928
4792
4842
4746
4834
4976
5066
5184
5106
5229
5293
5160
5282
5248
5157
4950
5015
5036
5035
5044
5058
5093
5090
4981
4920
4837
4641
4659
4753
4903
4925
5169
5272
5343
5244
5333
5551
5572
5526
5565
5571
5514
5663
5790
5962
5934
5934
5933
6029
6010
6017
5950
5897
5802
6106
6032
6179
6189
6255
6262
