1005000
267707
173274
129615
102227
84495
71805
62615
55995
50530
45802
41512
38034
35128
32792
30780
29004
27239
25551
23903
22911
21666
20831
19900
19231
18463
17716
17400
16692
16337
15801
15261
14671
13991
13452
13013
12621
12358
11887
11671
11239
11068
10645
10402
10408
10106
9988
10016
9820
9573
9221
9215
8943
8778
8388
8238
8193
7840
7715
7599
7711
7629
7410
7301
7358
7227
7095
6758
6604
6518
6448
6286
6265
5895
5806
5807
5788
5500
5513
5399
5411
5353
5199
5093
4855
5029
4844
4983
4873
4831
4814
4693
4687
4561
4277
4383
4308
4322
4259
4267
4334
4301
4235
4124
4124
3970
4064
4117
3959
4088
4089
4076
4033
3798
3772
3756
3700
3755
3609
3555
3551
3469
3605
3734
3663
3485
3512
3452
3382
3351
3206
3292
3352
3325
3264
3225
3216
3234
3414
3462
3437
3471
3481
3399
3437
3347
3400
3420
3561
3590
3513
3444
3463
3372
3241
3182
3187
3291
3222
3247
3292
3250
3231
3182
3319
3240
3342
3397
3427
3637
3653
3610
3553
3444
3535
3466
3484
3435
3432
3460
3413
3507
3611
3612
3719
3711
3616
3536
3553
3684
3603
3514
3534
3535
3531
3465
3348
3442
3671
3625
3645
3709
3731
3667
3803
3693
3539
3478
3408
3284
3395
3371
3313
3313
3349
3376
3386
3407
3382
3256
3240
3183
3128
3089
3070
2999
3045
3082
2954
2866
2890
2878
2817
2929
2828
2855
2890
2973
2969
2889
2899
2858
2846
2870
2864
2763
2849
2839
2931
2991
3104
3180
3265
3282
3154
2992
2812
2868
2869
2719
2640
2573
2656
2751
2755
2800
2856
2874
2867
2844
2796
2876
2953
2962
2933
3017
3088
3146
3231
3166
3211
3142
3183
3225
3294
3268
3222
3123
3139
3248
3377
3397
3314
3341
3379
3308
3323
3296
3248
3231
3221
3170
3082
2974
2952
2958
3039
2988
2995
3072
3161
3122
3123
3204
3171
3202
3226
3234
3251
3306
3445
3492
3421
3401
3488
3498
3503
3508
3448
3468
3503
3530
3532
3573
3508
3589
3599
3667
3654
3691
3694
3755
3689
3654
3616
3664
3651
3717
3766
3783
3847
3832
3916
4001
4101
4045
4002
4040
3986
3938
4020
4009
3906
3973
3935
3864
3833
3736
3722
3741
3701
3722
3805
3770
3946
3869
3998
4114
4198
4275
4162
4124
4110
4008
3941
3969
4007
3966
3991
4054
3946
3935
3851
3770
3778
3826
3757
3645
3752
3788
3757
3977
4055
4175
4281
4153
4009
3920
4003
4068
4057
4010
3943
4031
3980
3990
3985
3917
3937
3910
4088
4095
3917
3798
3947
3934
3987
4081
4071
4173
4231
4270
4395
4466
4383
4381
4340
4314
4390
4371
4398
4401
4387
4405
4324
4509
4601
4725
4809
4696
4592
4458
4358
4486
4419
4272
4306
4181
4151
4138
3981
4002
3950
4007
4171
4236
4100
4147
4160
4058
3997
4070
4042
4051
4136
4201
4193
4055
4250
4194
4303
4361
4267
4379
4210
4281
4330
4420
4460
4580
4714
4700
4658
4775
4761
4594
4504
4286
4343
4445
4397
4251
4217
4288
4314
4417
4364
4385
4249
4264
4235
4212
4009
3968
3965
4032
3958
3895
3851
3686
3709
3663
3597
3550
3664
3706
3720
3699
3684
3792
3616
3606
3630
3632
3842
3715
3795
3624
3648
3795
3837
3834
3858
3929
3938
4086
4090
4114
4283
4383
4572
4477
4431
4621
4640
4674
4577
4458
4459
4438
4523
4568
4797
4746
4873
4868
4635
4759
4507
4543
4698
4857
4970
4994
4849
4957
4792
4765
4704
4653
4474
4462
4540
4581
4444
4360
4415
4422
4602
4743
4841
4850
4874
4906
4959
4960
5009
4883
4988
5012
4950
4899
4971
4969
4939
4943
5003
4955
4953
5067
5085
5326
5520
5584
5332
5218
5227
5152
5134
5206
5238
5172
5111
5243
5294
5314
5242
5210
5041
4971
4790
4806
4874
4810
4790
4646
4608
4660
4746
4747
4777
4749
4668
4701
4717
4734
4768
4663
4750
4725
4606
4650
4629
4634
4593
4595
4582
4593
4588
4491
4667
4874
4913
5019
4916
5001
4863
4799
4861
5120
5083
5141
5105
5087
5179
5318
5219
5475
5469
5455
5282
5266
5168
5295
5184
5253
5334
5358
5357
5150
5147
5228
5192
5091
5062
5109
5042
5157
5049
4958
4869
4926
4816
4782
4719
4632
4661
4611
4478
4646
4633
4541
4499
4555
4538
4434
4353
4240
4252
4202
4272
4287
4124
4124
4080
4054
4068
4153
4255
4318
4264
4368
4423
4476
4512
4535
4691
4731
4847
4717
4770
4676
4825
4859
4876
4933
4960
5000
5008
4908
4892
4816
4965
4693
4669
4721
4784
4806
4904
4951
4994
5121
5069
5134
5103
4937
5052
5103
5042
4855
4773
4782
4906
4993
5026
5009
5027
5196
5210
5190
5112
5092
5101
5035
5011
4833
4930
4774
4916
4847
4725
4555
4504
4448
4439
4613
4515
4606
4645
4494
4630
4681
4617
4553
4516
4578
4675
4832
4787
4817
4791
4752
4835
4878
4805
4783
4762
4678
4644
4693
4737
4720
4807
4795
4758
4737
4652
4674
4521
4427
4364
4461
4511
4475
4591
4598
4792
4865
4938
4910
4815
4737
4747
4717
4594
4521
4522
4485
4570
4423
4350
4425
4486
4470
4472
4406
4176
4289
4268
4324
4255
4214
4163
4170
4259
4070
4184
4166
4167
4255
4377
4418
4341
4424
4261
4244
4261
4167
4293
4314
4362
4390
4444
4581
4580
4426
4446
4399
4267
4146
4097
4198
4336
4355
4461
4389
4224
4394
4499
4577
4703
4727
4737
4763
4757
4799
4796
4675
4755
4757
4721
4776
4721
4609
4570
4620
4685
4645
4581
4705
4774
4807
4833
4757
4747
4784
4769
4786
4697
4659
4475
4335
4336
4350
4453
4361
4335
4382
4375
4491
4426
4352
4454
4594
4552
4619
4727
4611
4477
4470
4552
4624
4675
4742
4723
4762
4672
4629
4464
4499
4547
4514
4652
4712
4794
4811
4859
4864
4846
4869
4844
4956
4929
4868
4858
4814
4952
5005
5160
5215
5255
5275
5211
5104
5126
5185
5140
5246
5275
5097
5083
4983
5048
4956
4970
4950
4989
4914
4791
4725
4744
4661
4720
4772
4883
4829
4726
4560
4725
4870
4835
4708
4519
4519
4398
4579
4462
4563
4654
4513
4415
4281
4355
4397
4333
4219
4387
4398
4296
4358
4448
4481
4545
4635
4611
4449
4671
4700
4707
4570
4750
4864
4990
4946
4949
5180
5102
5025
4924
4957
4819
4758
4789
4866
4857
4811
4827
4889
4948
4864
4796
4803
4766
4481
4557
4452
4496
4540
4411
4550
4689
4816
4707
4611
4713
4737
4757
4680
4651
4569
4592
4655
4638
4721
4941
5038
5157
5161
5242
5128
4966
4910
4937
5095
5076
5003
4905
5025
5017
5082
5182
5151
5099
5100
5196
5157
4932
4936
4955
5153
5279
5241
5372
5392
5168
5190
5310
5477
5513
5434
5359
5519
5477
5665
5776
5900
5795
5803
5792
5975
6052
6208
6268
6505
6535
6615
6577
6591
6771
6675
6669
6738
6738
6914
7073
7108
7134
7131
6975
7034
6840
6861
6806
6899
7038
6848
6777
6623
6792
6656
6614
6577
6596
6732
6970
6888
6703
6554
6607
6575
6555
6658
6646
6670
6651
6602
6728
6564
6505
6825
6742
6646
6397
6426
6540
6475
6564
6469
6518
6681
6671
6588
6665
6649
6697
6646
6658
6525
6594
6407
6541
6777
6782
6763
6828
6724
6855
6997
6852
6792
6763
7056
7017
6973
6995
7165
7279
7386
7331
7328
7362
7395
7473
7396
7784
7626
7543
7371
7455
7520
7493
7499
7479
7411
7346
7428
7168
6966
6896
7047
6911
6866
6713
6774
6588
6602
6632
6585
6662
6466
6358
6484
6397
6493
6545
6461
6543
6559
6320
6276
6433
6435
6408
6457
6357
6563
6595
6601
6310
6381
6496
6578
6704
6760
6787
6750
6881
6932
7076
7074
6807
6673
6585
6678
6714
6725
6930
7014
7160
7300
7185
7094
7091
7019
7169
7068
7190
7333
7487
7521
7368
7310
7106
7096
7060
6965
6827
6565
6690
6636
6413
6387
6512
6344
6556
6614
6467
6644
6686
6653
6791
6814
6724
6723
6829
6915
6764
6721
6752
6829
6815
6671
6621
6595
6496
6231
6297
6349
6562
6349
6304
6377
6424
6448
6475
6607
6659
6598
6607
6415
6233
6261
6333
6193
6042
5949
5675
5736
5859
5906
5937
6014
5959
6001
5919
6060
6095
6231
6204
6203
6385
6461
6574
6650
6551
6537
6564
6605
6708
6733
6666
6636
6785
6688
6536
6282
6268
6301
6301
6312
6371
6313
6148
6256
6082
6069
6070
6135
6069
5978
5880
5821
5824
5830
6050
6099
6046
6219
6393
6418
6456
6518
6687
6492
6392
6462
6602
6534
6550
6529
6714
6418
6388
6384
6258
6329
6284
6031
5933
5864
6017
5955
5945
5775
5894
5900
6091
5977
6047
5971
5962
5872
5900
5947
5996
5941
5877
5845
5773
5688
5754
5631
5405
5404
5409
5311
5330
5088
5151
4916
4961
5007
5013
5101
5224
5175
5337
5266
5281
5335
5418
5534
5583
5594
5366
5483
5676
5764
5897
5891
5797
5686
5776
5743
5604
5605
5478
5489
5500
5634
5565
5572
5661
5763
5891
5882
5775
5837
5940
5761
5696
5661
5582
5656
5691
5726
5673
5755
5665
5676
5786
5737
5912
5934
5989
6150
6097
5970
5872
5666
5570
5500
5531
5526
5616
5595
5627
5858
5618
5861
5964
6005
5993
5963
5881
6033
5951
5823
5653
5726
5713
5574
5534
5501
5421
5463
5485
5567
5524
5360
5363
5379
5367
5147
5137
5248
5269
5389
5548
5604
5681
5806
5821
5843
5779
5789
5806
5691
5686
5555
5520
5546
5688
5661
5684
5698
5741
5826
5836
5796
5925
6022
5923
5776
5839
5931
5882
5976
5845
5928
6082
6125
6172
6151
6043
6096
5886
5794
5815
5572
5752
5806
5824
5930
5874
6084
6097
6242
6200
6228
6216
6289
6363
6565
6594
6683
6717
6565
6461
6424
6694
6631
6529
6630
6732
6694
6622
6790
7043
7018
6937
6782
6969
6933
6925
6816
6903
7093
7148
6971
6924
7051
6859
6753
6875
6856
6784
6830
6880
6854
6999
7132
7016
6825
6897
6838
6696
6767
6852
6813
6935
7031
6815
6933
6997
7153
6960
6921
6887
6986
6737
6688
6739
6843
7052
6890
6904
7094
7004
6910
7022
7058
6892
7026
7251
7228
7205
7124
7178
7372
7227
7136
7046
7139
7149
7036
7163
6954
6951
7119
7077
7072
6906
6921
6914
6930
6754
6801
6746
6912
7237
7090
7254
7463
7502
7612
7565
7676
7636
7458
7479
7531
7641
7617
7670
7608
7775
7917
7815
7918
7924
7811
7853
7706
7700
7550
7588
7444
7526
7671
7592
7631
7554
7553
7688
7529
7666
7811
7877
7947
7791
7839
7855
7633
7517
7526
7446
7341
7220
7243
7177
7162
7149
7374
7463
7660
7588
7492
7268
7482
7417
6954
6957
6944
6815
6796
6743
6695
6484
6446
6461
6442
6237
6239
6126
6133
6116
6088
6152
6282
6315
6304
6163
6116
5804
5656
5762
5844
5801
5907
5974
5889
5787
5938
6082
6118
6044
6007
5912
5768
5542
5482
5567
5523
5569
5528
5294
5390
5271
5412
5407
5552
5422
5548
5667
5644
5469
5266
5392
5279
5083
4905
5017
5164
5111
5199
5053
4798
4582
4783
4803
4879
4973
4882
4813
4792
4859
4977
5069
5000
4996
5129
5202
5087
5037
4925
4877
4923
5045
5030
5093
5019
4856
4730
4602
4609
4670
4820
4743
4631
4552
4522
4568
4628
4589
4636
4591
4681
4703
4721
4634
4627
4574
4470
4346
4538
4493
4501
4465
4425
4499
4537
4315
4318
4259
4332
4234
4414
4513
4538
4579
4730
4740
4762
4798
4627
4470
4474
4527
4446
4510
4455
4454
4475
4496
4554
4512
4641
4571
4690
4541
4569
4818
4819
4932
4996
4810
4768
4788
5001
4964
4991
5003
4951
5045
5036
5081
5026
4932
5009
4963
4938
5021
5107
5027
5073
5163
5305
5219
5235
5485
5376
5220
5271
5290
5272
5378
5261
5274
5210
5306
5401
5330
5397
5333
5388
5061
4868
4909
4841
4870
4941
5056
4963
5144
5156
5267
5175
5131
5243
5265
5342
5385
5483
5509
5462
5482
5423
5431
5456
5431
5488
5503
5541
5616
5502
5536
5569
5606
5537
5554
5619
5606
5511
5444
5282
5181
5213
5248
5426
5464
5482
5420
5332
5185
5009
5044
4993
4890
4881
4931
4978
4967
4867
4921
4914
4841
4844
4748
4856
4822
4939
4967
4925
4980
5106
5189
5149
5257
5468
5628
5516
5530
5455
5350
5111
5074
4913
4782
4895
4761
4740
4779
4852
4772
4773
4658
4743
4721
4848
4811
4896
4871
4991
4895
4907
4989
5077
5234
5271
5252
5152
5303
5307
5323
5220
5179
5069
5140
5155
5149
5154
5099
5266
5393
5217
5076
5069
5225
5346
5324
5287
5398
5502
5455
5402
5642
5513
5402
5411
5343
5668
5752
5725
5803
5692
5490
5582
5614
5453
5500
5569
5632
5585
5628
5697
5665
5683
5748
5732
5696
5765
5574
5616
5599
5486
5323
5348
5365
5124
5151
5138
5101
5099
5050
4945
5048
5016
5343
5310
5303
5392
5379
5422
5347
5316
5244
5195
5269
5256
5377
5232
5136
5208
5101
5281
5263
5228
5319
5180
5141
5102
5167
5187
5365
5378
5370
5190
5242
5337
5224
5349
5466
5159
5178
5284
5354
5193
5264
5300
5486
5563
5627
5713
5735
5719
5882
5849
6134
6155
6277
6286
6314
6256
6236
6135
6125
6125
6139
6217
6305
6323
6350
6181
5946
5914
6095
6128
6163
6153
6053
6076
5997
6081
6120
6142
6163
6309
6372
6270
6489
6469
6556
6769
6785
6857
6706
6711
6663
6781
6943
6987
6877
6852
6858
7050
7212
7159
7105
6963
7067
7243
7436
7434
7731
7747
7610
7711
7826
7801
7583
7548
7242
7109
7323
7254
7059
6949
6967
7043
7040
7053
7014
7036
7048
6984
6800
6713
6762
6861
6922
6707
6705
6809
6786
6716
6882
6797
6891
6961
6870
6957
6908
6848
6823
6739
6517
6427
6372
6467
6372
6287
6441
6520
6586
6650
6442
6531
6676
6726
6823
6867
6630
6486
6696
6849
6829
6850
6915
6872
6943
6990
7005
7054
7084
6903
6891
6930
6921
6962
7103
7031
6982
6912
6842
6828
6788
6738
6841
6830
6886
6721
6681
6582
6594
6909
6776
6742
6787
6718
6942
7102
6939
6776
6656
6691
6682
6551
6599
6541
6506
6277
6473
6380
6409
6345
6458
6327
6448
6510
6443
6416
6467
6377
6353
6290
6407
6510
6572
6773
6796
6683
6736
6747
6763
6853
7051
7110
7148
7218
7323
7362
7198
7123
6913
6744
6639
6548
6600
6486
6427
6357
6216
6094
6013
5898
5913
5697
5572
5492
5557
5573
5725
5738
5596
5408
5501
5593
5505
5357
5289
5243
5388
5273
5186
5415
5343
5312
5199
5185
5299
5198
5172
5215
5271
5363
5354
5581
5624
5683
5971
6056
6271
6350
6412
6574
6562
6554
6703
6650
6640
6852
6976
7112
7128
7141
7269
7148
7174
7177
7202
6985
7274
7276
7284
7168
7348
7426
7474
7598
7510
7430
7390
7462
7618
7493
7392
7382
7315
7329
7066
7188
7208
7083
7104
6899
6914
6951
7042
7124
7164
6955
6879
7127
7066
7105
7120
7140
7114
7038
7230
7195
7233
7225
7104
7038
7030
6885
7078
7116
7046
7062
6902
6726
6856
6880
6870
6947
6773
6875
6840
6725
6924
6904
7168
7013
6999
6804
6781
6816
6883
7013
6993
6806
6534
6570
6654
6672
6701
6781
6616
6556
6702
6645
6680
6577
6563
6385
6528
6672
6865
6712
6718
6660
6563
6574
6480
6390
6467
6587
6591
6582
6506
6330
6225
6288
6292
6452
6421
6316
6254
6293
6343
6299
6283
6432
6349
6174
6307
6450
6678
6658
6431
6266
6308
6341
6211
6136
6061
5876
5706
5679
5616
5557
5518
5666
5745
5847
5776
5617
5693
5704
5705
5873
5928
5939
6002
6015
5967
5844
5899
5744
5666
5591
5513
5523
5568
5699
5917
5942
5852
5834
5754
5809
5837
5721
5752
5684
5745
5704
5520
5581
5824
5879
5874
5774
5715
5695
5641
5696
5625
5661
5662
5524
5503
5494
5390
5286
5400
5650
5718
5645
5712
5513
5378
5443
5446
5241
5129
5133
5164
5295
5081
5103
5287
5179
5082
5026
5202
5359
5161
5137
5042
4987
5207
5323
5471
5342
5260
5238
5204
5451
5427
5550
5523
5377
5411
5327
5245
5066
5075
5019
5033
5310
5276
5283
5114
5152
5386
5299
5290
5545
5589
5482
5392
5412
5489
5482
5371
5287
5450
5259
5194
5230
5229
5320
5272
5136
5230
5360
5504
5583
5531
5580
5673
5673
5397
5337
5262
5282
5323
5459
5464
5630
5725
5709
5773
5807
5681
5574
5666
5724
5668
5534
5402
5543
5509
5562
5402
5381
5499
5414
5590
5676
5543
5562
5573
5697
5793
5593
5747
5988
6066
6015
6171
6315
6276
6358
6337
6458
6487
6356
6149
6141
6082
6089
6147
6231
6298
6343
6202
6242
6196
6047
6048
6073
6007
5979
5864
5942
5944
5891
5800
5629
5535
5432
5353
5267
5293
5282
5226
5298
5172
5069
5038
5013
5071
5015
5023
5263
5177
4967
4802
4930
4837
4811
4913
4782
4723
4736
4769
4641
4589
4360
4507
4474
4556
4804
4689
4540
4600
4633
4751
4684
4710
4791
4739
4739
4882
4857
4759
4660
4527
4561
4484
4491
4503
4247
4272
4279
4207
4417
4394
4461
4388
4403
4335
4108
4277
4271
4233
4375
4505
4496
4497
4457
4430
4339
4175
4301
4334
4318
4383
4380
4303
4399
4479
4321
4332
4519
4450
4399
4425
4345
4386
4361
4194
4258
4109
4047
4031
4042
3908
3852
3922
3855
3733
3807
3937
3812
3862
3931
3892
3974
4186
4134
4001
4206
4304
4449
4510
4438
4465
4398
4533
4452
4525
4640
4579
4613
4594
4648
4647
4651
4734
4648
4701
4457
4447
4525
4735
4860
4875
4865
5058
5142
5191
5036
5043
4896
5010
4885
4772
4557
4810
4913
5089
5267
5337
5320
5373
5307
5182
5127
5230
5253
5174
5082
5095
5119
5230
5311
5271
5084
5199
5188
5194
4884
4713
4755
4733
4767
4660
4703
4529
4594
4597
4475
4486
4492
4614
4739
4715
4683
4540
4532
4632
4636
4621
4580
4449
4572
4649
4594
4513
4412
4504
4366
4271
4438
4430
4473
4596
4708
4570
4558
4484
4424
4501
4582
4547
4560
4674
4648
4663
4860
4903
5138
5053
5039
4998
4796
4971
4983
5220
5111
5217
5182
4959
4875
4927
5008
4959
4767
4867
4750
4967
4995
5057
5117
5096
5212
5383
5358
5385
5447
5503
5412
5431
5461
5455
5463
5516
5381
5375
5325
5235
5167
5168
5353
5412
5396
5176
5265
5286
5228
5417
5461
5451
5050
5032
5111
5324
5270
5399
5537
5624
5619
5600
5525
5497
5557
5462
5640
5579
5602
5494
5480
5489
5335
5492
5530
5618
5690
5723
5748
5722
5836
5901
5913
6114
6214
6247
6337
6231
6222
6333
6438
6462
6382
6374
6343
6469
6678
6728
6891
6910
6870
6864
6797
6699
6815
6573
6625
6697
6849
6829
6899
7051
6969
7074
7041
7176
7274
7061
6956
6979
7039
7252
7070
6951
6955
7107
7014
6964
6931
6801
6774
6835
6981
6803
6653
6744
6838
6847
6442
6470
6492
6646
6571
6581
6579
6470
6493
6448
6483
6542
6431
6419
6168
6142
5989
6222
6244
6160
6302
6251
6106
5963
6037
6104
6005
6037
6199
6177
6140
6145
6093
6077
6003
6055
6027
6005
6024
5857
5739
5715
5662
5714
5586
5656
5823
5828
5727
5705
5833
5892
5991
6108
6252
6272
6135
6107
6146
6101
6052
6105
6138
6168
6067
6164
6196
6192
6232
6255
6067
5861
5815
5860
5817
5871
5880
6012
6259
6256
6386
6460
6615
6655
6730
6443
6351
6475
6554
6523
6394
6364
6411
6332
6324
6239
6343
6421
6339
6373
6439
6307
6236
6188
6205
6335
6320
6213
6164
6184
6221
6351
6428
6488
6365
6310
6411
6449
6453
6435
6418
6516
6373
6458
6313
6236
6047
6155
6330
6339
6492
6569
6705
6800
6847
6846
6842
7011
6970
6922
7102
7081
6986
7005
6884
7030
6880
6831
6630
6699
6802
6672
6492
6641
6647
6547
6433
6527
6347
6307
6329
6235
6124
5948
5851
5839
5768
5644
5664
5685
5771
5911
5820
5861
5994
5860
5804
5762
5694
5651
5751
5835
5856
5841
5843
5896
6020
6042
5978
5793
5599
5703
5620
5573
5468
5632
5737
5765
5765
5774
5799
5754
5649
5677
5791
5842
5847
5942
5888
5829
5869
5934
5972
5959
5942
6071
6202
6293
6491
6578
6507
6451
6616
6732
6791
6758
6932
6974
6984
6879
6839
6918
7048
6941
7047
6938
6895
7007
7168
7062
6901
7010
6916
6825
6714
6753
6701
6774
6983
6938
6926
6879
6894
6984
6848
6568
6676
6744
6688
6726
6897
6788
6775
6586
6641
6411
6390
6227
6018
6111
6334
6496
6385
6543
6403
6363
6302
6059
6195
6410
6396
6392
6301
6137
6158
6169
6160
6316
6429
6452
6528
6579
6564
6745
6706
6644
6415
6669
6414
6532
6401
6465
6456
6625
6773
6682
6600
6504
6392
6454
6701
6538
6597
6560
6557
6669
6771
6826
6894
6828
6767
6820
6739
6663
6496
6329
6346
6392
6275
6286
6316
6531
6236
6341
6468
6642
6813
6684
6910
6793
6879
7080
7121
6975
7012
7067
7049
7012
6991
6798
6771
6822
6813
6864
6901
7050
7114
7031
6795
6905
7191
7134
7128
7243
7415
7354
7200
7032
7304
7279
7321
7326
7238
7164
7166
7143
7177
7062
7135
7063
6911
7027
7063
7022
7070
6993
7169
7089
7106
7171
7240
7230
7302
7353
7507
7618
7754
7751
7678
7609
7740
7794
7547
7617
7498
7424
7452
7393
7248
7218
7227
7269
7236
7233
7311
7140
7027
7160
7180
7439
7464
7394
7307
7485
7558
7574
7429
7257
7198
7257
7076
7231
6952
6889
6863
6868
6934
6899
6709
6512
6570
6549
6416
6512
6422
6559
6358
6217
6208
6203
6290
6286
6524
6511
6642
6800
6625
6596
6735
6678
6535
6536
6675
6636
6685
6353
6356
6363
6520
6691
6730
6703
6663
6766
6624
6699
6958
7117
7222
7214
7081
6898
7123
6983
6996
6952
6850
6709
6827
6727
6534
6384
6704
6489
6445
6761
6476
6404
6490
6493
6550
6341
6450
6354
6355
6301
6258
6228
6284
6359
6319
6441
6558
6625
6464
6391
6304
6339
6291
6373
6322
6357
6387
6283
6259
6202
6114
6092
5911
6116
5925
5958
5795
5682
5600
5503
5649
5546
5550
5511
5430
5459
5360
5327
5382
5411
5486
5290
5486
5609
5806
5833
5899
5885
5913
5902
5934
5912
5772
5685
5759
5787
5817
6010
5860
5795
5925
5821
5790
5776
5833
5613
5432
5400
5407
5307
5428
5199
5348
5261
5281
5139
5278
5207
5233
5227
5330
5252
5094
5027
5016
4834
4906
4729
4658
4736
4681
4647
4621
4411
4413
4370
4372
4229
4180
4161
4186
4177
4095
3982
3924
3876
3840
3819
3841
3782
3925
4007
4175
4152
4134
4238
4278
4254
4238
4260
4226
4223
4046
4034
4059
4154
4238
4224
4180
4290
4434
4482
4502
4481
4424
4410
4497
4645
4664
4485
4553
4533
4304
4450
4498
4612
4508
4331
4368
4275
4333
4244
4305
4319
4172
4170
4326
4253
4413
4396
4440
4437
4506
4421
4383
4342
4451
4270
4328
4395
4395
4502
4553
4574
4451
4492
4564
4626
4788
4938
4933
5071
4991
5047
5004
5136
5145
5168
5411
5318
5187
5289
5338
5164
5343
5423
5414
5493
5364
5328
5271
5387
5361
5169
5289
5172
5080
4986
5011
5018
5139
5162
5040
5086
5201
5304
5323
5467
5465
5403
5272
5427
5550
5511
5498
5461
5578
5457
5420
5402
5295
5254
5182
5171
5151
5239
5329
5599
5725
5843
5945
5911
6010
6163
6119
6208
6224
5982
6082
5801
5738
5673
5747
5691
5414
5512
5575
5768
5871
5937
5878
5722
5902
5782
5822
5963
6047
6007
5885
5990
6143
6174
6104
6188
6240
6324
6527
6658
7019
7024
6985
7117
7153
6998
6971
7196
7269
7255
7038
6905
6680
6585
6543
6398
6372
6509
6415
6333
6392
6683
6556
6559
6522
6622
6584
6650
6629
6518
6604
6391
6337
6186
6282
6421
6327
6298
6228
5974
6115
6077
6084
6062
6064
6148
6196
6155
6315
6273
6373
6347
6199
6316
6324
6242
6178
6421
6356
6269
6137
6139
6161
6127
6093
6103
6157
6189
6245
6248
6170
6223
6185
6215
5978
6067
6017
6036
6092
6025
6125
6134
6145
6122
6153
6133
6002
5898
5667
5573
5489
5540
5549
5539
5516
5429
5424
5524
5492
5331
5310
5268
5039
5029
5068
5161
5364
5430
5454
5654
5725
5789
5793
5661
5628
5598
5635
5472
5315
5326
5334
5411
5446
5426
5627
5589
5531
5377
5308
5417
5548
5517
5431
5447
5412
5340
5301
5443
5681
5599
5456
5457
5405
5460
5290
5251
5293
5144
5086
5012
4987
5081
5025
4815
4771
4889
4856
4935
4996
5191
5089
5185
5204
5160
5164
5260
5002
4893
4655
4746
4809
4762
4670
4696
4790
4983
5160
5235
5348
5377
5256
5158
5273
5224
5032
5000
4988
4758
4798
4823
4823
4865
4809
4915
4807
4833
4971
5068
5246
5189
5147
5263
5176
5140
5120
5222
5286
5338
5431
5558
5545
5345
5339
5417
5505
5560
5520
5503
5346
5384
5228
5217
5144
5214
5288
5457
5394
5452
5509
5483
5222
5440
5370
5310
5261
5345
5191
5178
5144
5024
5038
5033
5176
5270
5424
5356
5420
5414
5337
5369
5192
5100
5284
5169
5142
5255
5270
5324
5174
5116
5095
4912
5029
5042
4977
4978
4995
5122
4992
4826
4806
4750
4781
4729
4816
4734
4814
4785
4690
4818
4847
4690
4725
4688
4738
4764
4882
4818
4822
4710
4747
4683
4650
4711
4550
4656
4673
4703
4658
4841
4857
4826
4660
4707
4678
4699
4717
4808
4715
4846
4958
4916
4941
4773
4652
4805
4823
4797
4941
4984
5159
5283
5270
5175
5339
5228
5153
5197
5264
5292
5349
5323
5185
5337
5391
5393
5438
5576
5557
5510
5473
5620
5712
5777
5925
6120
6285
6365
6381
6394
6470
6509
6522
6642
6503
6357
6439
6484
6405
6484
6427
6403
6356
6354
6365
6409
6347
6430
6507
6446
6409
6440
6414
6448
6671
6606
6754
6646
6688
6693
6686
6566
6529
6370
6522
6452
6513
6514
6417
6354
6255
6235
6351
6203
6190
6213
6281
6323
6258
6352
6429
6310
6338
6474
6249
6023
5903
5892
6036
6236
6240
6337
6364
6533
6448
6345
6571
6516
6408
6498
6486
6423
6489
6191
6297
6241
6154
6208
6119
6142
5956
6063
5715
5757
5790
5781
5731
5983
5879
5947
6046
6138
6075
5954
6047
5861
5815
5770
5941
6150
6016
6229
6156
6072
6235
6229
6177
6264
6210
6300
6452
6622
6580
6543
6613
6762
6815
6884
7129
7277
7206
7090
6981
7093
6961
7152
7200
7229
7272
7058
6945
6792
6903
6883
6908
6745
6757
6659
6659
6547
6407
6565
6500
6368
6374
6399
6309
6325
6224
6249
6218
6059
6066
6079
6076
6199
6366
6476
6397
6503
6468
6555
6569
6560
6695
6561
6422
6599
6728
6701
6663
6713
6805
6906
6775
6750
6677
6676
6857
6731
6690
6840
6796
6741
6605
6863
6853
6685
6536
6463
6591
6648
6790
6891
6902
6890
6848
6770
6837
6870
6856
7015
7047
7251
7298
7249
7315
7331
7020
6979
7156
7164
7249
7316
7223
7209
7281
7367
7339
7387
7326
7367
7354
7233
7128
7215
7251
7184
7030
6873
6849
7001
6749
6941
6919
6782
6708
6774
6702
6728
6792
6818
6854
6875
7061
7050
6950
6803
7051
7113
7047
7193
7100
6962
6884
6989
6982
6881
6705
6834
6944
6876
7098
7162
7167
7033
6969
6935
6813
6925
7010
6834
6807
6871
6732
6941
6932
7016
7113
6950
6849
6898
6862
6724
6944
6730
6600
6694
6729
6801
6909
6970
6882
7001
6927
6790
7076
7012
6962
7108
7053
7150
7095
7071
7216
7362
7177
7143
7043
6835
6948
6801
6853
6965
6924
7040
6992
7116
7213
7375
7486
7667
7529
7633
7674
7755
7827
7953
7843
7958
7897
8062
8011
8250
8102
7961
7938
7672
7638
7803
7819
7698
7706
7735
7790
7696
7690
7863
7856
7791
7944
7882
7897
7880
7804
7673
7565
7280
7263
7354
7535
7503
7484
7520
7373
7485
7506
7592
7354
7385
7380
7307
7344
7184
7129
7109
7172
7157
7050
7248
7286
7219
7320
7214
7097
7070
6941
6920
7067
6889
6889
6879
6845
6813
6881
6873
6831
6705
6812
6706
6662
6483
6469
6550
6309
6195
6141
6204
6116
6215
6042
6144
6340
6259
6221
6156
6036
6200
6235
6311
6312
6240
6353
6276
6260
6131
5978
5992
6081
6163
6126
5957
6061
5881
5956
5781
5728
5632
5612
5605
5609
5704
5531
5408
5500
5476
5419
5095
5106
5148
5106
5089
5209
5339
5367
5338
5423
5429
5411
5433
5332
5594
5574
5654
5644
5701
5622
5583
5671
5560
5683
5629
5571
5579
5484
5393
5234
5270
5467
5285
5377
5442
5454
5595
5764
5726
5622
5551
5429
5406
5327
5122
5209
5142
5256
5117
5046
5151
5357
5279
5314
5352
5427
5374
5399
5486
5710
5904
5920
5901
6016
5996
6218
6044
6098
6081
5984
5986
6073
5947
5999
5825
5849
5836
5864
5923
5777
5706
5802
5707
5802
5762
5930
5853
5796
5821
5737
6083
6026
6082
6039
6240
6037
6085
5935
6066
6065
6076
6025
6046
6206
6076
6109
6042
5979
5957
5859
5849
5976
6023
6088
6029
5916
5949
6038
6146
6196
6270
6177
6242
6232
5978
5866
5883
5721
5748
5617
5446
5513
5491
5360
5417
5486
5593
5605
5414
5489
5593
5600
5556
5675
5656
5779
5656
5697
5625
5553
5423
5251
5181
5313
5168
5053
5170
5145
5266
5044
4973
4867
4795
4739
4664
4770
4687
4589
4561
4839
4836
4818
4853
4728
4845
4808
4717
4829
4887
4914
4806
4737
4792
4765
4725
4789
4656
4611
4644
4518
4514
4571
4616
4496
4526
4654
4536
4522
4413
4436
4461
4313
4311
4326
4245
4171
4154
4149
4141
4057
3933
4078
4185
4297
4381
4332
4298
4358
4497
4368
4254
4227
4184
4132
4250
4130
4173
4134
4128
4137
4143
4021
3998
3868
3799
3872
3929
3827
3930
3920
4060
4141
4197
4266
4126
4139
4099
4236
4177
4447
4386
4573
4573
4469
4499
4359
4323
4293
4366
4274
4255
4299
4407
4375
4325
4185
4080
4178
4153
4115
4162
4038
4422
4368
4314
