1005000
267184
174228
129797
102505
84656
71678
61840
54722
49090
44432
40340
36998
34203
31356
28805
27092
25922
24516
23288
22020
21000
19864
19110
18524
17990
17387
16624
16390
15797
15394
15060
14448
14151
13790
13361
13071
12595
12322
11840
11458
11269
10779
10366
9926
9632
9468
9214
8761
8449
8116
8078
8088
7918
7798
7604
7517
7451
7132
6950
6936
6805
6755
6629
6696
6480
6447
6320
6232
6208
6158
6264
6230
6187
6145
6100
5943
6025
6050
5962
6020
5956
5889
5982
5909
6115
5896
5869
5819
5619
5683
5654
5586
5632
5484
5415
5270
5089
5137
5103
5138
5011
5115
4953
4951
4869
4928
4807
4701
4551
4429
4448
4385
4312
4234
4140
4115
4022
3949
3883
3872
3912
4053
3887
4004
3815
3641
3721
3863
3927
3783
3713
3624
3602
3575
3586
3555
3592
3706
3717
3604
3600
3638
3651
3648
3506
3489
3543
3439
3283
3326
3272
3407
3531
3625
3509
3435
3442
3369
3396
3393
3362
3346
3412
3336
3296
3301
3286
3346
3340
3491
3452
3472
3452
3588
3490
3514
3554
3577
3630
3603
3600
3756
3763
3697
3706
3639
3713
3725
3742
3714
3602
3760
3793
3822
3637
3678
3682
3673
3742
3757
3726
3789
3646
3852
3636
3534
3428
3512
3379
3365
3390
3480
3467
3438
3373
3350
3376
3448
3362
3393
3364
3414
3461
3422
3285
3201
3242
3119
3182
3119
3106
3285
3329
3310
3212
3081
3130
3059
3040
3028
2909
2882
2916
3099
3021
3031
3073
3068
2970
2869
2839
2799
2830
2832
2890
2905
2902
2960
2870
2969
2919
2707
2641
2610
2641
2702
2810
2745
2737
2569
2538
2437
2457
2374
2435
2377
2257
2268
2338
2454
2514
2578
2614
2619
2626
2714
2674
2636
2718
2724
2687
2603
2587
2552
2619
2488
2472
2426
2368
2436
2478
2549
2601
2575
2616
2682
2743
2776
2710
2797
2812
2885
2935
2773
2801
2831
2738
2658
2656
2729
2905
2856
2900
2835
2731
2802
2756
2791
2815
2783
2858
2856
2878
2906
2942
2914
2910
2970
2875
2916
2796
2801
2895
3004
3110
3221
3406
3433
3440
3342
3290
3320
3358
3425
3421
3474
3441
3399
3335
3398
3379
3336
3271
3260
3285
3284
3252
3199
3272
3240
3233
3161
3218
3188
3190
3228
3254
3350
3314
3410
3544
3502
3430
3337
3378
3376
3460
3354
3321
3337
3291
3296
3395
3364
3165
3269
3422
3471
3561
3482
3388
3402
3362
3412
3358
3469
3552
3427
3386
3345
3235
3242
3250
3325
3331
3361
3233
3181
3146
3134
3022
2933
2929
2932
2931
2975
2895
2865
2884
2796
2740
2738
2718
2814
2891
2777
2674
2737
2782
2713
2764
2712
2662
2656
2622
2595
2635
2646
2562
2559
2665
2594
2532
2509
2516
2506
2459
2385
2310
2367
2321
2292
2208
2349
2428
2365
2434
2402
2399
2506
2542
2552
2589
2628
2673
2635
2608
2555
2545
2712
2766
2646
2709
2812
2934
2907
2856
3019
3066
3053
2977
2895
2941
3012
3106
3114
3273
3289
3302
3268
3237
3218
3214
3342
3287
3371
3579
3499
3499
3436
3332
3293
3281
3226
3241
3359
3300
3360
3379
3390
3339
3386
3278
3206
3143
3372
3243
3254
3337
3407
3411
3398
3405
3506
3594
3563
3620
3585
3683
3615
3698
3652
3642
3579
3755
3818
3798
3754
3762
3814
3693
3502
3565
3619
3768
3708
3779
3740
3853
3808
3825
3852
3878
3865
3993
3968
3950
3834
3919
4018
3883
3781
3921
3871
3891
3878
3928
3859
3903
3877
3956
3957
3899
3843
3947
3941
3944
3849
3834
3862
3871
3943
3822
3759
3823
3966
4114
4183
4042
3950
3819
3868
3996
4021
3923
4005
4098
4051
4147
4164
4260
4364
4364
4528
4340
4428
4424
4456
4558
4494
4665
4536
4612
4392
4362
4380
4436
4405
4286
4343
4444
4333
4209
4154
3964
4019
4153
4163
4287
4293
4314
4389
4456
4361
4463
4509
4337
4224
4169
4324
4414
4348
4323
4281
4304
4129
4102
3965
4006
3933
3968
3887
3836
3945
3855
3828
3907
3949
4011
3963
3960
3929
4118
4092
4147
4199
3933
3926
3829
3797
3825
3865
3900
3843
3919
4065
4100
4023
4042
3985
4059
4095
4075
4130
4015
3990
3901
3997
3953
4065
4191
4223
4261
4114
4068
4012
3956
3848
3937
3924
3901
3906
3807
3813
3756
3690
3832
3870
3775
3746
3688
3661
3708
3662
3765
3807
3756
3777
3904
3871
3942
3964
3970
4067
4162
4116
4169
4196
4164
4304
4232
4143
4069
4018
4048
4055
4083
4086
4008
3948
3961
3875
3844
3774
3671
3828
3848
3966
3948
3930
4024
4078
4044
4033
3897
3885
3907
3941
3964
3825
3719
3650
3751
3772
3759
3873
3804
3761
3789
3914
3829
3823
3796
3855
3793
3765
3715
3754
3915
4031
4033
3959
4037
3994
4148
4189
4135
4170
4089
4050
4144
4326
4397
4402
4465
4448
4560
4667
4769
4697
4613
4510
4604
4680
4747
4821
4721
4916
4979
4964
5115
5117
5196
5197
5044
5091
5083
5127
5034
4957
5109
5185
5193
5150
4944
5033
5141
5134
5221
5258
5356
5246
5113
5104
5339
5348
5331
5432
5615
5482
5260
5146
5252
5138
5223
5238
5160
5238
5183
5257
5325
5462
5535
5568
5348
5450
5328
5536
5496
5483
5606
5521
5479
5650
5603
5525
5459
5462
5494
5448
5393
5342
5400
5303
5512
5629
5597
5666
5813
5885
5929
5975
5841
5901
5955
6106
6237
6511
6749
6641
6476
6693
6860
6982
6835
6727
6744
6648
6549
6541
6429
6606
6558
6621
6307
6242
6192
6246
6219
6148
6133
6161
6126
6119
6062
6088
6311
6342
6403
6413
6341
6332
6276
6356
6274
6253
6170
6322
6411
6528
6616
6697
6749
6679
6706
6612
6821
6581
6640
6497
6576
6608
6562
6518
6602
6472
6502
6403
6654
6377
6404
6321
6265
6222
6020
5925
5969
5894
5889
5883
6011
5918
5874
5866
5963
5855
5855
6050
6200
5972
5911
5939
5844
5802
5601
5515
5652
5565
5409
5425
5280
5356
5347
5434
5547
5755
5879
5969
5809
5704
5699
5786
5662
5631
5659
5796
5901
6208
6199
6292
6233
6268
6191
6197
6032
6021
6001
6041
6100
6061
6013
5931
6052
6045
6124
6072
6294
6175
6055
5975
5893
5914
6209
6287
6440
6520
6298
6323
6280
6141
6069
6123
6158
6024
6173
6074
6139
6125
6016
6133
6179
6187
6127
6294
6214
6173
6186
6248
6254
6167
6112
6232
6380
6342
6386
6247
6211
6072
5973
5910
5977
6179
6353
6329
6220
6219
6278
6141
6229
6298
6155
6273
6360
6375
6191
6368
6323
6383
6443
6426
6387
6287
6196
6277
6174
6362
6273
6239
6256
6276
6271
6451
6532
6472
6546
6521
6629
6699
6773
6889
7305
7289
7316
7298
7303
7377
7222
7084
7179
7141
7261
7276
7100
6951
7095
6882
6972
6829
6819
6768
6836
7001
6940
6983
6937
6855
6874
6882
6881
7068
7193
7400
7307
7408
7369
7239
7267
7317
7375
7341
7213
7246
7144
7021
6812
6775
6727
6946
6942
6823
6644
6674
6886
6852
6899
6970
7036
6971
6849
7183
7071
7168
7398
7475
7555
7474
7377
7353
7301
7163
6847
7003
6870
6729
6525
6397
6317
6358
6412
6374
6264
6418
6472
6417
6318
6264
6339
6384
6213
6366
6426
6343
6252
6146
6179
6434
6433
6301
6497
6357
6333
6324
6220
6318
6144
6087
6088
5983
5860
5875
5850
5899
5754
5592
5557
5382
5391
5177
5379
5292
4983
5007
4994
4895
4920
4738
4770
4804
4853
5111
5139
5238
5281
5324
5318
5211
5252
5183
5085
5030
4991
5219
5148
4974
5194
5034
4864
4876
4755
4813
4815
4985
5133
5216
5344
5225
5421
5545
5524
5533
5443
5446
5521
5424
5531
5729
5627
5637
5515
5481
5499
5441
5550
5520
5523
5475
5497
5411
5421
5229
5134
5285
5231
5106
4995
4937
4772
4832
4743
4682
4845
4803
4755
4755
4728
4649
4836
4835
4851
4888
4899
4970
4880
4889
4892
4925
5022
4989
5241
5169
5213
5398
5330
5450
5403
5574
5492
5345
5559
5670
5548
5387
5290
4984
5025
5002
4948
5024
4931
4870
5072
5177
5159
5102
5115
5002
5021
5198
5257
5432
5372
5326
5359
5234
5151
5270
5311
5429
5490
5564
5552
5482
5485
5614
5417
5671
5677
5571
5692
5702
5893
5991
6080
6003
6044
6164
6110
6272
6057
6022
6273
6427
6398
6244
6251
6200
6171
6081
6041
5984
6170
6248
5964
5960
5955
6028
6016
6062
6024
6204
6175
6310
6405
6289
6339
6352
6274
6163
5903
5943
5813
5749
5641
5790
5848
5966
5857
5807
5782
5731
5822
5812
5870
5985
5865
5950
5945
6026
6240
6305
6254
6423
6452
6314
6209
6129
6167
6078
6144
5940
5974
5860
5451
5632
5516
5533
5608
5537
5450
5468
5356
5316
5303
5332
5327
5385
5296
5261
5083
5095
5079
5132
5275
5330
5434
5436
5404
5256
5160
5167
5191
5324
5446
5554
5516
5420
5408
5421
5514
5504
5549
5538
5616
5600
5711
5717
5637
5596
5580
5617
5641
5571
5574
5751
5891
5754
5830
5947
5810
5875
5887
6069
6135
6025
6048
5914
6015
6137
6017
5758
5788
5936
6139
6318
6329
6468
6331
6356
6270
6184
6314
6207
6096
6060
6153
6108
6040
5955
6041
5796
5911
5944
6183
6231
6136
6097
6049
6015
5995
5924
6097
6178
6037
6080
6047
6128
6180
6282
6415
6360
6297
6359
6281
6247
6285
6456
6441
6647
6788
6659
6801
6768
6606
6568
6613
6613
6655
6669
6712
6597
6560
6577
6647
6808
6860
7007
6851
6808
6949
6571
6776
6853
6805
6691
6521
6557
6474
6226
6475
6453
6486
6431
6252
6254
6429
6451
6486
6343
6313
6477
6665
6580
6463
6507
6591
6494
6690
6697
6799
6951
6829
6695
6756
6534
6570
6342
6384
6527
6250
6346
6486
6454
6369
6129
5920
5876
6046
6085
6080
6020
5810
5807
5713
5591
5631
5655
5719
5653
5620
5659
5665
5587
5480
5379
5397
5490
5349
5248
5439
5600
5576
5679
5752
5697
5901
6057
6218
6262
6523
6599
6681
6756
6752
6721
6530
6517
6559
6492
6543
6583
6426
6152
6084
6062
6084
6093
5901
5880
5906
5923
5862
5966
6016
6238
6280
6337
6229
6259
6330
6223
6079
6096
5991
6009
6106
6134
5892
5893
5781
5832
5835
5890
5905
5766
5807
5746
5806
5757
5769
5885
5671
5572
5607
5812
5672
5654
5514
5804
5685
5623
5502
5586
5465
5611
5763
5730
6123
5991
5872
5857
5840
5572
5594
5713
5670
5469
5551
5667
5638
5436
5421
5398
5496
5581
5562
5519
5554
5591
5666
5864
5807
5742
5646
5477
5391
5541
5572
5561
5588
5578
5656
5661
5764
5732
5513
5631
5647
5567
5525
5359
5329
5369
5426
5493
5331
5498
5427
5506
5588
5621
5549
5242
5143
5098
5112
5168
5041
5160
5200
5221
5032
4962
4838
4777
5002
5063
5097
5136
5073
4993
5012
4815
4870
4759
4805
4886
4953
4883
4979
5015
5144
5164
5135
5253
5326
5190
5149
5080
5111
5312
5432
5417
5502
5400
5393
5428
5391
5427
5473
5483
5539
5445
5498
5408
5446
5396
5547
5352
5243
5475
5578
5570
5588
5479
5448
5678
5651
5669
5618
5476
5498
5440
5557
5665
5636
5547
5506
5414
5546
5631
5744
5618
5783
5792
5667
5703
5632
5712
5702
5606
5555
5504
5496
5482
5217
5324
5140
5169
4981
4904
4800
4891
5135
5103
5032
4919
5036
5045
5126
5129
5085
5021
5029
4978
4856
4832
4781
4682
4947
4876
4986
5106
5106
4954
4964
4956
5032
5034
5049
4860
4794
4821
4827
4977
4986
4917
5035
5016
4947
5034
5148
5097
5010
5195
5030
5146
5272
5325
5517
5684
5763
5721
5742
5891
5948
5923
5889
6074
6105
5936
5850
5684
5638
5884
5908
6114
6120
6169
6075
6266
6184
6126
5973
5815
5803
5794
5712
5677
5660
5783
5755
5649
5492
5490
5424
5373
5370
5330
5183
5259
5398
5347
5394
5273
5262
5235
5153
5193
5321
5287
5335
5439
5603
5631
5458
5742
5857
5958
5827
5724
5622
5573
5613
5480
5518
5624
5603
5541
5477
5318
5268
5384
5540
5639
5595
5640
5691
5612
5672
5590
5551
5527
5554
5655
5621
5697
5945
5806
5650
5713
5768
5776
5862
5910
5834
5965
5981
6055
6085
5810
5746
5896
5914
5955
5949
5973
6020
5902
6055
6165
6138
6148
6132
6147
6126
6262
6345
6197
6036
6106
6039
6003
6061
6080
6139
6042
6008
5904
5958
6018
5922
5881
5723
5733
5799
5819
5714
5796
5733
5666
5656
5467
5404
5416
5367
5403
5490
5396
5286
5239
5378
5414
5295
5491
5430
5386
5415
5519
5577
5450
5408
5343
5451
5490
5492
5412
5329
5286
5171
5255
5320
5418
5362
5349
5333
5253
5350
5430
5431
5260
5315
5446
5450
5592
5580
5666
5670
5594
5527
5451
5591
5359
5302
5127
5077
5118
5311
5607
5590
5745
5741
5746
5694
5706
5681
5743
5840
5814
5841
5779
5761
5967
6051
6088
6162
6298
6573
6682
6530
6768
6900
6837
6700
6611
6616
6576
6388
6401
6282
6127
6132
6107
5914
5774
5603
5436
5268
5300
5282
5475
5593
5647
5483
5627
5844
5665
5649
5596
5517
5556
5513
5435
5507
5402
5246
5375
5293
5228
5318
5254
5214
5190
5078
4987
5053
5051
5170
5063
5108
5084
5124
5150
5066
5016
5032
5028
5062
5166
5417
5339
5207
5161
5201
5119
4907
5059
5161
5155
5076
5077
4960
4931
5036
4930
5001
4938
4983
5002
5044
5096
4990
5041
4968
5005
4939
5109
5215
5317
5382
5434
5438
5303
4992
4990
5033
5034
5079
4967
4997
5019
5168
5072
5266
5320
5542
5626
5729
5657
5682
5723
5591
5562
5597
5605
5450
5506
5505
5590
5540
5505
5324
5473
5520
5601
5605
5633
5713
5741
5905
6129
6113
5930
5835
5769
5773
6004
5846
5785
5798
5828
5993
5760
5698
5756
5757
5962
5822
5768
5768
5642
5693
5766
5881
5850
5874
5695
5594
5717
5865
5992
5964
5980
5832
5822
5826
5791
5750
5802
6095
5989
6001
6014
5934
5721
5652
5794
5902
5956
6098
6222
6131
6122
5965
5850
5862
5882
6076
6017
5942
5860
5993
6032
6115
6255
6263
6278
6303
6180
6176
6176
6081
6015
6078
5932
5909
5933
5943
5867
5681
5833
5908
5997
5908
5809
5944
6083
5974
5970
5804
5892
5960
5902
5763
5687
5468
5405
5397
5483
5530
5474
5513
5446
5339
5351
5284
5314
5356
5527
5496
5593
5694
5772
5669
5917
5703
5679
5756
5746
5627
5611
5674
5598
5850
5761
5913
5908
5902
5969
5877
5870
5951
6117
6077
5983
5901
5797
5858
5956
5955
5964
5862
5692
5711
5704
5620
5598
5694
5694
5710
5553
5599
5668
5719
5883
5817
5887
5834
5855
5977
6018
6143
6030
6158
6019
5878
6110
6162
6072
6031
5950
5925
5794
5745
5691
5677
5766
5750
5937
5843
5774
5774
5715
5699
5499
5508
5532
5341
5424
5452
5555
5539
5723
5578
5611
5697
5642
5482
5712
5749
5842
5898
5726
5680
5847
5847
5692
5782
5648
5573
5497
5590
5645
5711
5608
5658
5627
5604
5495
5505
5507
5555
5484
5456
5531
5554
5566
5813
5762
5546
5523
5534
5542
5621
5628
5726
5738
5643
5434
5333
5516
5601
5709
5889
5865
5912
5895
5918
5902
5950
6034
5941
6131
6141
6029
5985
5924
5957
5873
5825
5887
5859
5841
5837
5813
5821
5783
5682
5750
5624
5620
5679
5751
5638
5545
5450
5326
5423
5507
5396
5292
5349
5474
5482
5608
5662
5471
5536
5493
5389
5400
5409
5474
5463
5501
5570
5708
5679
5576
5552
5449
5430
5440
5414
5484
5517
5569
5447
5454
5408
5436
5603
5500
5432
5442
5495
5552
5651
5525
5631
5718
5615
5708
5686
5608
5566
5501
5488
5502
5675
5643
5611
5781
5933
5822
5806
5809
5899
5856
6019
5802
5789
5819
5980
5729
5684
5777
5890
5987
6108
6125
6021
5926
6186
6099
6078
6055
5955
6080
6098
6084
6096
6128
6052
6071
5914
5980
6006
5872
5697
5650
5662
5587
5719
5697
5859
5909
5964
6187
6092
6190
6218
6138
6268
6155
6083
6198
6347
6437
6565
6554
6492
6426
6594
6684
6805
6937
7127
7100
6973
7192
7258
7419
7636
7624
7770
7758
7705
7637
7614
7545
7628
7543
7640
7628
7568
7638
7547
7556
7407
7395
7338
7286
7393
7203
6963
6797
6671
6652
6783
6774
6699
6436
6679
6801
6862
6757
6577
6809
6914
6949
7034
7355
7281
7278
7185
7204
7259
6907
6918
7020
6869
6544
6590
6670
6610
6495
6521
6472
6618
6487
6538
6650
6620
6469
6511
6507
6414
6303
6318
6290
6295
6189
6090
6099
6162
6133
6071
5844
6102
6128
6090
6012
5977
6031
5936
6107
5995
5783
5951
6076
6008
6059
6092
5946
5832
5975
6027
5915
5866
5935
5990
6028
6136
6031
5884
5928
5909
5928
5993
6062
5971
6197
6087
6168
6166
6289
6253
6364
6344
6122
6025
6059
6110
6266
6080
6079
6051
6104
6209
5962
5878
5903
5831
5730
5819
5841
5941
5970
6114
6307
6304
6193
6186
6222
6289
6446
6481
6562
6378
6485
6614
6774
6942
6907
7093
7165
7220
7083
7046
7102
7033
7121
7092
7136
7029
7019
7146
7184
7148
7209
7176
7259
7118
7092
7030
6968
7024
7009
6826
6922
6798
6862
6936
6939
7013
7026
6978
6923
6915
6644
6784
6648
6532
6648
6480
6646
6671
6595
6461
6415
6299
6240
6256
6182
6025
6110
5950
5943
5826
5848
5662
5809
5728
5752
5846
5826
5795
5903
5986
6053
5976
5991
6053
6211
6295
6221
6179
6156
6144
6023
5995
5975
5875
5782
5704
5773
5856
5757
5736
5901
6007
5990
5988
5943
5958
5833
5657
5711
5692
5682
5649
5602
5499
5454
5281
5318
5411
5536
5725
5548
5409
5324
5203
5164
5090
5124
5154
5277
5302
5439
5521
5587
5545
5542
5660
5721
5791
5700
5596
5645
5568
5493
5367
5383
5169
5110
5033
4960
4997
5014
4830
4821
4754
4817
4886
4957
4853
4774
4825
4887
4775
4888
4944
4968
4842
4844
4673
4605
4637
4603
4550
4515
4547
4563
4783
4785
4958
4910
4996
4986
4999
4904
5007
5049
4970
4811
4862
4887
4842
4751
4828
4968
5026
5194
5328
5308
5258
5383
5437
5580
5574
5706
5710
5695
5555
5732
5601
5335
5337
5209
4936
4949
4963
4931
5092
5178
5198
5383
5418
5556
5605
5436
5390
5265
5200
5145
5202
5216
5233
5130
5134
5115
5206
5353
5292
5356
5499
5556
5530
5657
5566
5497
5519
5540
5465
5700
5773
5590
5736
5618
5496
5490
5292
5337
5497
5568
5583
5418
5329
5283
5288
5268
5307
5548
5606
5709
5886
5822
5962
5749
5760
5761
5872
5918
6057
6204
6137
6194
6197
6104
5879
5684
5598
5615
5839
5769
5744
5810
5837
5839
5899
5681
5749
5808
5993
6160
6223
6298
6367
6331
6460
6430
6478
6473
6474
6635
6535
6512
6403
6563
6577
6751
6875
6910
7149
7168
7125
7041
6972
7062
6977
6875
7063
7191
7201
7149
7177
7113
7103
7086
6997
6904
6723
6670
6725
6707
6753
6733
6524
6497
6467
6439
6526
6727
6804
6691
6711
6820
7095
7123
7230
7146
7032
7088
7221
6978
6964
6992
6971
6869
6999
6859
6836
6839
6701
6729
6833
6730
6735
6785
6827
6672
6839
6803
6764
6647
6692
6716
6886
7062
6938
7017
7092
6951
6996
7008
6945
6921
6845
6716
6766
6617
6653
6667
6783
6673
6760
6867
6768
6473
6250
6225
6035
5891
5854
5869
5863
5626
5590
5349
5424
5350
5335
5326
5206
5405
5560
5674
5836
5955
5994
6019
5962
5952
5910
6132
5989
6132
6229
6338
6314
6493
6228
6100
6208
6084
6021
6279
6122
6183
6201
6238
6209
6263
6178
6174
6005
6055
6027
5994
5861
5905
5881
5978
5961
6031
6050
5912
5906
5829
5911
5821
5914
5766
5696
5638
5645
5435
5340
5433
5623
5739
5919
5921
5987
5960
5965
6001
6082
6288
6364
6239
6378
6418
6311
6242
6400
6125
6124
6108
6085
6006
5941
6110
6269
6346
6299
6391
6420
6256
6197
6265
6139
6131
6259
6274
6311
6420
6451
6343
6210
6385
6330
6231
6254
6107
5785
5800
5838
5897
5856
5670
5568
5529
5389
5440
5562
5499
5382
5359
5439
5455
5344
5203
5193
5244
5403
5311
5311
5212
5191
5106
5077
5018
4922
5075
5088
5128
5351
5372
5411
5276
5328
5338
5621
5470
5580
5644
5712
5787
5753
5886
5724
5671
5603
5550
5481
5426
5429
5298
5108
5038
5222
5220
5084
5310
5161
5080
5010
4976
4866
5078
5180
5115
5227
5265
5381
5343
5320
5195
5308
5328
5463
5495
5339
5380
5407
5480
5475
5539
5602
5706
5852
5817
5758
5687
5710
5583
5701
5685
5716
5754
5840
5814
5797
5794
5827
5823
5899
5977
6089
6288
6295
6282
6456
6367
6286
6386
6590
6596
6671
6728
6699
6537
6772
6858
6954
6784
6828
6908
6950
6746
6635
6759
6806
6757
6708
6512
6385
6366
6432
6501
6417
6376
6396
6614
6874
6788
6864
6977
7000
7117
7440
7426
7187
7063
7200
7065
7124
7219
7292
7224
6910
6834
6978
6958
6978
7037
6996
6989
6921
6816
6650
6605
6529
6823
6799
6938
6960
6962
6673
6645
6522
6408
6249
6263
6334
6467
6598
6607
6659
6544
6697
6954
7301
7172
7260
7323
7639
7469
7404
7190
7448
7290
7314
7199
7149
7060
7043
7195
7223
7193
7206
6990
6961
6932
6818
6706
6755
6938
6889
6893
6972
7178
7469
7496
7505
7495
7494
7668
7771
7833
7971
7561
7534
7740
7538
7623
7554
7651
7712
7586
7447
7681
7650
7716
7728
7746
7793
7753
7620
7520
7450
7436
7525
7529
7502
7346
7520
7624
7578
7417
7452
7433
7604
7681
7641
7570
7751
7482
7273
7243
7300
7304
7163
7088
7100
6989
7009
7108
7040
6876
6799
6780
6801
6988
6907
6997
7046
7203
7200
7357
7213
7033
7078
7090
7019
7029
7171
7003
6872
6919
6999
6971
6915
6976
6998
7050
7117
7031
7090
6778
6756
6855
6744
6712
6952
6811
6885
6890
6930
6747
6856
6902
6758
6813
6773
6737
6739
6714
6598
6598
6584
6758
7005
7131
7153
7371
7295
7327
7261
7184
7330
7393
7436
7315
7426
7057
7210
7261
7195
7074
7088
7082
7237
7491
7216
7262
7347
7462
7503
7527
7510
7520
7641
7507
7658
7630
7695
7633
7313
7508
7524
7277
7056
7033
7269
7216
7380
7478
7453
7422
7253
7357
7256
7138
7058
7221
7258
7209
7187
7307
7283
7221
7343
7133
7101
7013
7403
7513
7653
7516
7364
7289
7360
7467
7272
7224
7127
7114
7079
7034
6990
6924
6858
6740
6692
6647
6486
6742
6730
6623
6766
6869
6703
6632
6415
6584
6614
6606
6530
6668
6692
6589
6481
6345
6242
6221
6132
5922
5654
5604
5513
5539
5532
5521
5540
5575
5691
5535
5524
5573
5568
5779
5780
5749
5628
5638
5587
5606
5487
5524
5492
5535
5479
5392
5676
5764
5658
5564
5592
5633
5769
5845
5890
5806
5714
5663
5524
5369
5412
5597
5606
5821
5842
5896
5782
5721
5695
5794
5935
5909
5951
5858
5990
5942
5976
5958
5809
5674
5720
5693
5664
5577
5481
5518
5532
5682
5486
5516
5436
5359
5251
5347
5349
5283
5293
5250
5457
5468
5589
5490
5593
5630
5726
5457
5522
5574
5659
5537
5379
5452
5341
5419
5413
5187
5334
5531
5688
5675
5809
5896
5892
5795
5670
5389
5335
5178
5131
5204
5187
5206
5087
5093
5157
5174
5224
5157
5263
5239
5231
5284
5278
5338
5380
5388
5359
5344
5385
5332
5182
5249
5346
5364
5097
5087
4809
4727
4647
4533
4611
4443
4535
4479
4469
4394
4339
4492
4376
4201
4073
4188
4074
4031
3955
4040
4022
3996
4063
4111
4151
4060
4172
4168
4287
4508
4518
4564
4617
4477
4477
4484
4364
4471
4521
4595
4668
4691
4675
4573
4502
4521
4689
4651
4651
4727
4666
4758
4670
4613
4310
4332
4468
4487
4538
4318
4331
4283
4437
4465
4443
4401
4388
4252
4299
4377
4370
4263
4284
4253
4295
4444
4288
4468
4477
4383
4414
4462
4348
4394
4463
4394
4407
4283
4365
4324
4376
4387
4408
4456
4530
4443
4537
4558
4721
4541
4673
4710
4793
4755
4858
4933
4940
4978
5010
4961
5089
5093
4973
5108
5086
5085
5016
4934
4808
4913
5003
5053
5257
5266
5268
5337
5092
4955
4831
4658
4670
4678
4601
4535
4589
4585
4444
4429
4536
4432
4358
4349
4318
4325
4329
4337
4464
4478
4530
4577
4763
4658
4524
4369
4407
4378
4502
4569
4610
4499
4453
4564
4727
4724
4816
4784
4868
4833
4766
4907
4996
4985
5144
5145
5078
5269
5359
5287
5222
5208
5127
4978
4965
5009
4965
5035
4929
4823
4672
4681
4697
4790
4778
4792
4766
4887
5051
5295
5169
5127
5116
5124
5088
5015
5038
5102
5166
5100
5162
5174
5124
5181
5192
5177
5291
5351
5334
5293
5303
5292
5303
5408
5348
5259
5290
5471
5594
5522
5607
5757
5671
5504
5651
5746
5604
5680
5667
5557
5492
5300
5181
5249
5087
5060
5168
5136
5130
5018
5205
5072
5285
5337
5390
5604
5492
5441
5308
5201
5111
5176
5116
4993
4869
4908
4894
4948
4950
5108
5143
5103
5083
4887
4657
4510
4637
4862
4858
4734
4541
4498
4503
4460
4530
4522
4452
4416
4440
4438
4354
4431
4348
4329
4291
4141
4202
4324
4305
4260
4306
4305
4444
4475
4595
4620
4626
4594
4590
4707
4765
4687
4730
4769
4902
5096
5067
5027
5053
5215
5159
5158
5106
5135
5230
5281
5212
5306
5215
5246
5324
5390
5443
5334
5563
5493
5474
5344
5422
5311
5193
5112
5063
5057
5003
5092
5036
5131
5006
4930
4847
4865
4767
4832
4861
4900
5070
5035
5340
5287
5428
5449
5425
5480
5351
5387
5293
5223
5208
5239
5284
5224
5363
5423
5326
5215
5323
5400
5413
5502
5585
5615
5580
5634
5609
5560
5663
5666
5699
5762
5706
5792
5771
5684
5727
5708
5648
5978
5987
5907
5903
5895
5958
6160
6049
6200
6020
6083
6004
5908
5872
5864
5934
5993
5857
5843
5869
5857
5789
5725
5715
5897
5825
5955
6060
6196
6467
6512
6299
6240
6267
6270
6149
6217
6160
6025
6041
6134
6155
6157
6115
6194
6226
6320
6313
6387
6305
6369
6435
6469
6562
6463
6531
6358
6262
6212
6126
6285
6291
6454
6316
6266
6373
6233
5991
6120
6218
6163
6033
5868
5940
5907
5874
6027
5945
5961
6002
5953
5940
5929
5942
5935
6056
5847
5941
5913
6073
6016
5929
5871
6124
6182
6065
5919
6092
6126
5961
5909
5903
6017
6139
6335
6381
6454
6584
6489
6493
6262
6231
6414
6500
6490
6565
6591
6755
6704
6806
6929
6765
6860
6952
6761
6920
6754
6722
6698
6836
6716
6632
6662
6589
6590
6641
6626
6735
6698
6662
6668
6775
6845
6825
6817
6786
7034
7003
6856
6958
6845
6897
6945
7060
6972
6964
6765
6708
6618
6799
6826
6659
6680
6640
6430
6255
6096
5972
5887
5990
6005
5985
6140
6258
6229
6085
6057
6074
5937
5886
5865
5807
5805
5781
5773
5759
5679
5668
5508
5609
5591
5808
5930
6003
5971
5918
5829
5914
5858
5715
5821
5800
5634
5583
5434
5499
5684
5719
5600
5697
5639
5760
5769
5665
5614
5733
5606
5859
5844
5731
5772
5880
5875
5817
5916
6107
5936
5974
6062
6039
6082
6108
6145
6224
6344
6197
6139
6325
6181
6037
6182
5995
5917
6264
6254
5970
6049
5977
6066
5967
5929
5879
5794
5637
5777
5668
5743
5961
5997
5889
6013
5926
5914
5811
5927
5929
5852
5857
6091
6075
5994
5962
5885
5968
5877
5943
5977
5984
5995
5759
5833
5700
5549
5491
5465
5459
5275
5288
5248
5192
5220
5223
5163
5312
5282
5480
5291
5287
5334
5183
5236
5430
5551
5462
5462
5415
5573
5750
5678
5690
5527
5499
5427
5353
5308
5212
5079
5185
5054
5237
5287
5323
5578
5642
5642
5766
5672
5786
5896
5816
5831
5937
6161
6320
6423
6553
6591
6453
6658
6618
6580
6528
6524
6354
6489
6601
6489
6430
6421
6460
6525
6554
6354
6309
6222
5976
6008
6106
6128
6123
5986
6146
6166
6042
6112
6041
6031
6117
6271
6327
6292
6371
6441
6463
6466
6559
6526
6535
6568
6526
6547
6505
6653
6547
6568
6469
6636
6764
6812
6720
6705
6703
6646
6552
6643
6655
6664
6652
6651
6618
6578
6552
6641
6595
6520
6405
6527
6379
6522
6378
6298
6267
6027
6192
6253
6199
6298
6307
6349
6349
6234
6400
6521
6364
6449
6279
6175
6128
6085
6243
6339
6298
6055
5924
6097
6299
6091
6048
5979
6023
5852
5875
5950
5907
5916
5974
5903
5960
6070
6094
6129
6048
6012
5837
5967
5853
5930
5968
5864
5928
6043
6094
5973
6075
6042
6001
6174
6176
6083
6191
6331
6241
6137
6290
6419
6407
6495
6733
6846
7005
6902
6711
6661
6562
6453
6346
6286
6275
6464
6448
6395
6533
6507
6566
6527
6647
6640
6675
6627
6599
6645
6496
6422
6563
6508
6604
6719
6696
6696
6656
6742
6977
6982
6908
6918
6850
6967
7093
7149
7157
7129
7151
7296
7336
7217
7333
7192
7219
7216
7148
6990
6937
6843
6802
6825
6865
7117
6951
7099
7101
6970
6963
6901
6685
6710
6626
6640
6660
6487
6631
6582
6715
6663
6759
6597
6649
6809
6775
6655
6651
6674
6648
6590
6693
6641
6679
6698
6789
6565
6655
6531
6625
6626
6401
6339
6450
6590
6466
6412
6355
6516
6575
6548
6483
6499
6466
6585
6681
6638
6537
6579
6377
6372
6354
6441
6277
6483
6247
6476
6537
6524
6610
6448
6257
6226
6123
6203
6130
6153
6270
6326
6488
6447
6592
6559
6680
6613
6712
6653
6636
6707
6674
6739
6623
6523
6636
6443
6517
6491
6374
6190
6103
5925
5960
6173
6319
6530
6684
6654
6571
6786
6996
7022
7022
7240
7128
7348
7350
7219
7362
7140
7063
6923
6769
6706
6533
6417
6421
6355
6406
6481
6439
6649
6799
6651
6501
6631
6559
6626
6644
6702
6765
6778
6813
6872
7028
6821
6819
6891
6887
6759
6614
6744
6694
6499
6422
6558
6562
6466
6312
6203
5990
5981
6155
6387
6326
6226
6259
6210
