1005000
267689
174657
128915
102981
84998
72484
63702
56442
50447
45702
41703
38185
35057
32169
30146
28158
26730
25018
23810
22139
21237
20481
19796
19322
18192
17274
16760
16197
15504
15030
14315
13843
13436
13021
12683
12374
11985
11867
11809
11577
11119
11071
10883
10561
10334
10324
10140
9753
9679
9670
9344
9076
8911
8808
8534
8562
8434
8259
8195
8097
7968
8159
7939
7923
7771
7617
7605
7474
7308
7375
7360
7226
7170
7182
6927
7017
6814
6800
6794
6674
6516
6392
6075
5990
5795
5796
5701
5579
5654
5663
5684
5839
5629
5476
5436
5399
5278
5253
5261
5197
5022
4977
4973
5038
5009
4944
4949
4802
4649
4715
4797
4682
4685
4753
4719
4620
4537
4682
4689
4720
4744
4762
4706
4756
4655
4538
4475
4445
4507
4488
4424
4479
4541
4447
4508
4481
4433
4297
4348
4258
4289
4342
4317
4237
4299
4242
4309
4247
4298
4206
4090
4007
3947
3956
4037
4134
4051
3925
3884
3854
3892
3912
3921
3979
4026
4016
3995
3925
3935
3848
3908
3853
3870
3878
3754
3780
3730
3760
3754
3888
3916
3934
3801
3729
3757
3742
3625
3677
3808
3572
3540
3526
3556
3519
3390
3366
3386
3462
3549
3491
3450
3398
3324
3369
3379
3166
3142
3269
3300
3255
3261
3235
3195
3089
2962
2907
2915
3052
3146
3167
3271
3332
3414
3493
3408
3525
3521
3561
3334
3242
3226
3352
3557
3508
3311
3349
3322
3315
3298
3286
3322
3287
3457
3372
3240
3223
3267
3354
3470
3473
3600
3662
3792
3962
4002
3991
3988
3994
4068
4195
4167
4027
4143
4013
4027
3715
3870
3813
3721
3819
3825
3882
4082
4248
4191
4233
4376
4435
4363
4648
4534
4534
4486
4588
4455
4447
4414
4505
4569
4364
4363
4481
4566
4578
4498
4275
4524
4596
4647
4707
4627
4650
4785
4825
4670
4666
4535
4633
4421
4348
4348
4126
4313
4191
4170
3985
3999
4102
4116
4300
4284
4213
4295
4317
4322
4386
4205
4214
4161
4321
4430
4331
4396
4400
4362
4416
4502
4672
4739
4713
4944
4838
4760
4630
4633
4462
4446
4308
4267
4329
4346
4427
4313
4314
4471
4409
4461
4591
4666
4623
4582
4590
4682
4639
4626
4523
4568
4553
4511
4516
4426
4538
4638
4615
4606
4722
4752
4592
4470
4550
4617
4459
4709
4594
4609
4556
4569
4686
4764
4694
4708
4706
4723
4744
4664
4740
4637
4593
4513
4655
4783
4726
4669
4513
4601
4642
4748
4841
4943
4808
4801
4771
4808
4782
4708
4728
4922
5009
5050
5077
5018
4923
4985
5050
5177
5193
5273
5165
5016
4939
4978
4875
5010
5152
5113
4978
4971
5086
5179
5062
5230
5306
5243
5459
5432
5506
5483
5326
5319
5378
5409
5386
5563
5620
5503
5499
5523
5556
5509
5408
5457
5529
5564
5481
5484
5511
5687
5602
5660
5810
5654
5574
5433
5578
5528
5565
5516
5488
5395
5400
5433
5351
5157
5137
5036
5005
5032
5166
5208
5197
5319
5248
5427
5426
5532
5572
5603
5572
5399
5276
5480
5456
5578
5512
5457
5329
5314
5382
5442
5330
5461
5550
5518
5569
5452
5394
5183
5280
5122
5168
5310
5354
5365
5388
5228
5293
5277
5342
5473
5641
5669
5691
5666
5459
5454
5373
5331
5214
5106
5228
5340
5242
4981
4874
4922
4792
4969
4976
5040
5095
4999
5011
4766
4760
4930
4942
4887
4941
4974
5095
5061
4970
5039
4978
4902
5036
4983
4990
4914
4831
4723
4880
4649
4590
4564
4532
4609
4624
4732
4697
4742
4863
4907
4868
4804
4732
4780
4977
5059
5054
5268
5388
5460
5426
5410
5452
5317
5150
5036
4856
4780
4800
4783
4806
4810
4893
5024
4962
5143
5129
5127
5117
5059
5044
5002
4979
4992
4957
4899
4860
4891
4889
4916
4875
4911
4970
5016
4966
4857
4756
4932
4989
5043
5076
4997
5083
5151
5050
5102
5117
4991
5034
5159
5033
4826
4769
4686
4641
4569
4638
4775
4735
4832
4821
4754
4577
4768
4886
4869
4952
4841
4817
4806
4890
4806
4650
4640
4760
4609
4488
4456
4357
4481
4361
4215
4267
4361
4332
4358
4410
4280
4232
4116
4163
4267
4224
4290
4319
4346
4396
4343
4264
4531
4587
4802
4706
4862
4774
4743
4680
4747
4848
4940
5046
4946
5009
5045
5092
5126
5066
5045
4935
5011
4981
4997
5112
5078
5036
5187
5157
5266
5263
5435
5447
5410
5563
5482
5484
5439
5339
5211
5292
5187
5247
5297
5217
5189
5209
5183
5228
5070
5053
5252
5264
5150
5262
5520
5699
5571
5464
5311
5321
5334
5395
5483
5457
5400
5421
5419
5416
5310
5235
5158
5006
5091
4975
4957
4979
5035
5088
5304
5096
5110
5057
5136
5089
4902
4966
4968
4930
5078
5026
5014
5058
4969
4993
4856
4859
4729
4821
4813
4882
4705
4800
4802
4840
4870
5032
5093
5263
5528
5692
5672
5670
5645
5712
5865
5879
5970
5843
5848
5738
5668
5670
5608
5724
5609
5277
5231
5170
5260
5176
5271
5232
5438
5384
5432
5420
5466
5301
5209
5276
5109
4954
4800
4827
4859
4645
4698
4677
4915
4971
5101
4870
4984
4926
5019
5140
5145
5240
5012
5097
5045
4938
5067
5125
5129
5203
5163
5347
5368
5391
5432
5426
5416
5464
5560
5607
5642
5628
5634
5539
5520
5288
5226
5038
4936
5011
5117
5034
5027
4944
4971
4983
5042
4903
4852
4909
4899
4957
5114
5250
5239
5278
5342
5454
5459
5640
5617
5634
5540
5513
5424
5479
5519
5681
5596
5437
5473
5483
5274
5262
5307
5416
5196
5231
5320
5390
5406
5410
5375
5275
5239
5279
5316
5220
5286
5355
5362
5375
5303
5230
5182
5129
5122
5166
5123
5051
5174
5128
5209
5145
5225
5122
5014
5094
5104
5108
4970
4887
4985
5137
5041
4885
4739
4715
4853
4868
4895
5030
4961
4875
4881
4939
4936
4913
5118
5154
5082
4921
4834
4842
4860
4781
4873
4901
4817
4970
4986
5024
5018
5058
4946
4880
4932
4902
4967
5061
4866
4801
4961
4925
5029
5168
5332
5318
5467
5541
5649
5379
5242
5350
5700
5662
5566
5549
5489
5405
5461
5370
5385
5258
5212
5304
5297
5170
5351
5268
5320
5230
5231
5214
5438
5460
5370
5375
5257
5216
5108
4942
4998
5063
5287
5164
5071
5381
5518
5459
5558
5686
5839
5667
5556
5601
5473
5391
5557
5633
5597
5699
6048
6114
6127
6270
6426
6569
6398
6329
6333
6126
6185
6169
6246
6320
6351
6259
6216
5932
5927
5898
5787
5804
5857
6024
5825
5930
5881
5906
6120
6156
6253
6074
6021
6093
6280
6235
6228
6321
6150
6078
6169
6149
6219
6440
6190
6182
6064
5953
5838
5969
5920
5768
5800
6092
6036
6250
6191
6029
5944
5816
5893
5703
5642
5707
5877
5867
5821
5700
5773
5712
5795
5646
5688
5794
5924
5910
5868
5903
5910
5894
6018
5987
6153
6149
6007
5978
5930
5991
5999
5950
5927
5849
6057
6063
6105
5961
6042
6003
5937
5857
5935
6067
6062
6199
6171
6190
6122
6112
6072
6226
6125
6136
5941
5837
5760
5760
5691
5688
5716
5595
5668
5683
5595
5676
5576
5490
5550
5616
5491
5533
5714
5824
5767
5950
6099
5787
5858
6035
5892
5870
5892
5843
5556
5507
5445
5170
5259
5324
5285
5238
5148
5240
5187
5021
5210
5016
4946
4897
4889
4858
4939
5050
5073
4985
5027
5079
5105
5222
5255
5367
5373
5516
5587
5418
5428
5410
5463
5379
5532
5538
5627
5627
5638
5743
5964
6036
5931
5881
5764
5691
5734
5660
5720
5596
5536
5735
5665
5801
5833
5788
5903
5738
5620
5638
5634
5709
5720
5887
5912
5915
5891
5809
6028
5952
5929
5940
6028
6045
6322
6270
6240
6326
6408
6329
6345
6348
6336
6191
6080
6102
6059
6038
6115
6163
6102
6049
6196
6259
6321
6138
6276
6309
6096
6182
6314
6318
6185
6291
6443
6543
6563
6594
6550
6380
6310
6269
6387
6568
6546
6583
6619
6541
6563
6565
6553
6637
6681
6847
6903
6905
6894
6862
6965
7136
7076
6988
7091
6877
6841
7017
7100
6837
6880
6903
6974
6967
7032
6975
6868
6837
6772
6885
6953
6963
7035
6867
6647
6531
6649
6707
6471
6458
6464
6376
6474
6405
6450
6452
6548
6434
6291
6358
6362
6380
6430
6408
6525
6423
6160
6217
6208
6039
5887
5763
5597
5616
5704
5881
5969
5877
5857
5915
5831
5828
6003
6057
5952
5822
5811
5860
5804
5734
5601
5656
5873
5855
5685
5765
5672
5551
5602
5599
5578
5506
5477
5344
5462
5546
5492
5469
5480
5459
5458
5482
5614
5598
5795
5910
5963
5885
5805
5645
5723
5688
5789
5847
5789
5895
5973
5922
6219
6341
6024
5932
5927
5904
5733
5777
5694
5594
5552
5671
5569
5654
5701
5646
5608
5516
5360
5480
5433
5398
5305
5368
5381
5256
5306
5248
5456
5491
5444
5471
5379
5526
5463
5258
5165
4996
5002
4951
4869
4919
4798
4690
4716
4652
4505
4596
4725
4755
4719
4585
4633
4710
4644
4627
4658
4673
4719
4754
4685
4674
4898
4793
4633
4720
4598
4629
4642
4767
4894
4789
4816
4796
4984
5184
5110
5160
5049
4983
4909
4963
5085
5123
5295
5213
5291
5314
5263
5252
5413
5554
5534
5477
5624
5601
5557
5698
5763
5513
5560
5564
5496
5420
5361
5321
5195
5309
5393
5472
5465
5415
5218
5325
5454
5532
5466
5569
5550
5481
5557
5568
5413
5264
5194
5331
5445
5226
5222
5427
5515
5493
5630
5605
5862
5806
5771
5718
5861
5880
5949
5774
5876
5746
5648
5566
5423
5307
5250
5126
4989
4744
4701
4909
4914
4875
4729
4608
4632
4811
4856
4907
5021
4813
4741
4683
4611
4573
4666
4669
4820
4919
5034
5191
5096
5047
5111
5010
4946
4924
4983
5033
4948
5042
4914
5059
4907
4945
5033
4870
4843
4715
4870
4974
4943
4980
5116
4838
4842
4792
4951
4985
4943
4994
5120
5003
5147
5184
5057
5223
5274
5359
5427
5306
5347
5356
5304
5262
5300
5256
5167
5120
5242
5242
5211
5089
5131
5318
5115
4935
5063
5019
5046
5026
5203
5100
5062
5071
5108
5017
5173
5219
5397
5333
5293
5403
5282
5380
5440
5404
5493
5515
5522
5450
5306
5368
5678
5623
5733
5613
5575
5575
5802
5784
5688
5557
5422
5569
5539
5580
5423
5356
5306
5413
5333
5363
5410
5477
5472
5492
5525
5480
5545
5439
5446
5297
5274
5246
5121
5274
5067
5262
5248
5292
5193
5081
5159
5270
5055
5172
4899
4888
4943
5094
5036
4875
5017
5077
5067
4935
4986
4902
5030
5034
5021
5052
5111
5041
5078
4900
4811
4923
5083
4799
4766
4869
4844
4995
5092
5130
5147
5311
5291
5262
5213
5171
5204
4970
5176
5092
4837
5002
5152
5099
5040
5030
5118
5194
5105
4952
4876
4852
4826
4926
4982
4962
5056
5275
5381
5513
5319
5454
5606
5815
5864
5846
5967
5839
5863
5717
5809
5858
5863
5813
5701
5812
5766
5933
5851
5954
5993
5947
6104
6227
6094
6170
6210
6292
6476
6411
6416
6469
6368
6209
6231
6280
6214
6192
6194
6153
6020
6070
5985
6015
6258
6390
6508
6408
6433
6450
6377
6314
6155
6211
6183
6347
6380
6434
6492
6500
6709
6690
6797
6725
6561
6800
6678
6491
6402
6386
6275
6251
6409
6555
6706
6695
6709
6650
6732
6813
6692
6625
6771
6933
6787
6829
6654
6499
6343
6184
6106
6107
6108
6381
6481
6387
6353
6216
6048
6124
6113
6232
6235
6205
6124
6245
6251
6400
6314
6276
6161
5941
6043
5969
5753
5766
5843
5897
6042
6076
6125
6137
6077
6048
5835
5929
5962
5794
5784
5716
5811
5911
5884
5817
5632
5659
5725
5778
6019
6007
6016
6184
6241
6116
6044
6141
6239
6206
6153
6217
6169
6219
6153
6090
6149
6310
6212
6204
6121
6057
6086
5892
5904
6017
6031
6146
6164
6221
6212
6173
6202
6207
6245
6124
6006
5896
5975
5909
5819
6016
6177
6316
6318
6314
6330
6376
6491
6379
6343
6409
6458
6286
6051
5984
6105
6246
6343
6385
6158
6050
6158
6308
6384
6452
6319
6344
6334
6380
6322
6293
6278
6077
6160
6185
6215
6419
6559
6585
6380
6426
6494
6506
6737
6553
6575
6691
6775
6884
7026
7090
7260
7364
7350
7207
7136
7183
7030
7211
6946
6884
6879
6936
6987
7022
6921
6975
7004
7091
6965
6851
6766
6674
6661
6659
6608
6539
6568
6786
6607
6781
6653
6686
6548
6524
6543
6214
6177
6013
6120
6177
6077
6248
6292
6403
6553
6576
6348
6161
6233
6319
6566
6510
6343
6369
6697
6592
6554
6608
6575
6611
6584
6455
6494
6498
6494
6555
6484
6489
6528
6548
6518
6581
6577
6692
6668
6721
6790
6766
6771
6645
6653
6438
6190
6029
6013
5902
5960
5954
6119
6082
6051
5948
5838
6133
6206
6121
5988
5988
5972
5927
5855
5916
5997
6139
6312
6344
6232
6338
6327
6353
6323
6269
6199
6297
6234
6377
6471
6561
6549
6755
6689
6632
6841
6825
6771
6799
6754
6798
6683
6678
6571
6538
6393
6436
6433
6372
6415
6335
6294
6464
6353
6546
6508
6602
6806
6785
6556
6525
6375
6356
6259
6247
6356
6248
6238
5980
6112
6176
6185
6049
6144
6092
6123
6238
6248
6092
6082
6303
6372
6354
6262
6159
6110
6191
6195
6174
6245
6043
6326
6174
6225
6209
6189
6067
6063
6026
6076
5984
6009
5877
6037
6047
5896
5876
5717
5857
5891
5965
5803
5936
6083
6265
6352
6236
6290
6221
6289
6416
6344
6424
6309
6207
6207
6439
6475
6393
6422
6419
6434
6489
6649
6484
6414
6448
6388
6124
6229
6543
6467
6475
6441
6467
6438
6417
6337
6238
6369
6271
6171
6265
6329
6272
6354
6081
5970
6036
5977
6026
6027
5990
5893
5873
5914
5689
5663
5846
5786
5771
5539
5446
5485
5498
5471
5474
5403
5301
5346
5587
5711
5553
5546
5533
5610
5698
5656
5484
5348
5452
5413
5347
5453
5487
5481
5748
5673
5711
5671
5821
5801
5823
5983
6108
6263
6264
6470
6506
6525
6464
6267
6219
6308
6300
6124
6052
5907
5862
5962
5875
5899
5856
5887
5812
5763
5662
5714
5633
5789
5802
5744
5643
5550
5494
5312
5400
5394
5345
5422
5347
5375
5366
5400
5306
5347
5227
5292
5244
5139
4924
4897
4896
4910
4799
4857
4873
4683
4543
4536
4522
4286
4432
4560
4506
4520
4489
4541
4449
4467
4421
4388
4374
4510
4602
4717
4745
4822
4817
4895
4840
4888
4900
5064
4959
5054
5009
4917
5018
5094
5223
5367
5319
5319
5447
5486
5419
5427
5385
5433
5465
5516
5537
5341
5401
5407
5456
5484
5339
5390
5458
5371
5369
5231
5309
5562
5649
5763
5809
5765
5703
5777
5783
5830
5874
5884
5826
5769
5758
5770
5843
5953
5796
5706
5640
5474
5255
5122
4885
4958
5014
5124
5095
4940
5055
5091
4974
4901
4825
4856
4721
4796
4797
4878
4879
4925
4938
4851
4819
4713
4937
4932
4858
4982
4996
4962
4939
4928
5009
5005
5005
4792
4840
4775
4945
5013
5077
5010
4854
4930
5180
5343
5325
5421
5361
5359
5640
5607
5586
5572
5742
5820
5820
5732
5740
5773
5875
5698
5638
5745
5479
5552
5491
5600
5670
5659
5707
5844
5855
5762
5885
5676
5447
5244
5326
5213
5259
5332
5222
5162
5065
5040
4984
4888
4935
4983
4974
4972
5068
5164
5282
5200
5205
5072
5055
4920
4781
4867
4724
4752
4736
4639
4748
4644
4616
4659
5000
4984
4996
4961
4966
4827
4837
4745
4668
4599
4603
4604
4697
4797
4720
4722
4719
4812
4874
4941
5054
5073
5034
5140
4986
4828
4807
4845
4795
5021
5124
5211
5278
5346
5469
5608
5647
5691
5862
5908
5807
5845
5806
5827
5788
5687
5706
5735
5860
5898
5840
5832
5816
5711
5720
5703
5766
5972
6083
5853
6013
6093
6149
6065
5849
5919
5926
5992
6156
5915
5877
5766
5777
5741
5721
5761
5898
5965
6107
6236
6019
6415
6325
6378
6558
6422
6607
6596
6587
6866
6812
6673
6542
6321
6298
6165
6091
6154
6052
6044
5988
6066
6171
6328
6355
6570
6243
6398
6524
6667
6729
6541
6285
6190
5943
5889
5807
5759
5608
5452
5212
5290
5293
5302
5447
5524
5380
5337
5416
5225
5229
5170
5208
5042
5150
5148
5022
5068
5156
5019
5096
5056
5118
5295
5067
5072
5165
5185
5046
5108
5082
5015
5032
5027
5047
4933
4942
4892
4870
4903
4934
4948
4827
4835
4612
4555
4510
4536
4532
4715
4649
4698
4704
4874
4982
5054
5104
5314
5160
5149
5295
5428
5520
5551
5450
5555
5434
5475
5500
5484
5640
5656
5553
5549
5381
5401
5282
5422
5216
5215
5392
5297
5399
5467
5465
5679
5985
5972
5877
6003
5929
5830
5942
6012
5936
5991
6106
6040
6299
6273
6267
6235
6532
6636
6497
6328
6394
6369
6671
6707
6704
6757
6735
6928
6970
7044
7308
7527
7554
7694
7809
7781
7763
7931
8018
8104
7942
7926
8060
7862
7957
7892
7978
7989
8062
8076
8198
8145
7998
7803
7674
7605
7661
7653
7791
8078
8010
8100
8090
8033
7966
8048
8184
8115
8325
8074
7894
7838
8079
8183
7949
7901
7930
7960
7915
7830
7981
7750
7965
7861
7615
7874
8035
7961
7806
7816
7766
7879
7643
7737
7673
7690
7741
7947
7890
7745
7667
7713
7772
7755
7663
7728
7937
8091
8174
7938
7876
7717
7876
7715
7610
7531
7526
7416
7480
7454
7483
7297
7457
7430
7461
7646
7530
7371
7590
7703
7437
7529
7558
7521
7326
7328
7546
7529
7639
7695
7567
7704
7910
7848
7650
7566
7539
7574
7697
7570
7662
7725
7809
7681
7547
7666
7580
7483
7284
7293
7250
7348
7392
7055
6951
6894
6937
6980
6892
7015
6963
7100
6946
7194
7291
7290
7355
7209
7282
7440
7272
7293
7425
7309
7235
7241
7072
7011
7268
7142
7332
7320
7050
6966
6995
7007
7001
7016
6825
6973
6948
6884
7051
7194
7115
7048
7080
7174
6938
6953
6832
6660
6591
6344
6270
6271
6390
6174
6306
6290
6234
6130
6231
6194
6136
5983
6102
5897
5947
6099
6184
6241
6194
6088
5952
5976
5929
5884
5897
5897
5749
5804
5699
5713
5696
5672
5704
5618
5543
5754
5855
5858
5820
5836
6011
6163
6170
6170
5909
5941
6084
6054
5963
5856
5705
5751
5746
5963
5892
5992
6050
6221
6303
6134
5980
5998
5781
5656
5751
5735
5857
5948
5948
5966
6033
5997
5898
5922
5764
5705
5550
5669
5454
5354
5260
5243
5385
5383
5481
5540
5627
5530
5528
5702
5741
5751
5990
5913
6180
6239
6270
6233
6235
6188
6228
6142
6049
6167
6175
6333
6374
6247
6268
6294
6318
6343
6388
6592
6751
6801
6796
6724
6903
6879
6711
6665
6506
6664
6860
6970
7100
6861
6796
6701
6601
6606
6637
7009
7101
6899
6965
6788
6602
6675
6655
6725
6634
6856
6827
6873
7053
7012
6903
6709
6581
6589
6686
6733
6642
6707
6751
6697
6543
6659
6694
6726
6653
6715
6454
6435
6667
6461
6366
6364
6503
6516
6517
6575
6422
6268
6326
6572
6388
6355
6275
6254
6263
6209
6197
6072
6034
6026
5985
5894
5866
5888
6063
6003
5891
5799
5891
5773
5937
5951
5884
5857
5872
5845
5918
5921
5857
5850
5901
5854
5869
5774
5548
5382
5519
5658
5635
5727
5764
5899
5767
5805
5689
5643
5572
5576
5705
5703
5741
5471
5490
5373
5434
5365
5247
5116
5150
5071
4992
5011
4854
4720
4755
4730
4782
4761
4763
4771
4840
4801
4717
4758
4773
4813
4854
5068
5044
5090
5160
5173
5169
5356
5200
5131
5230
5128
5173
5224
5159
5324
5414
5412
5324
5321
5280
5483
5582
5667
5529
5431
5487
5542
5614
5539
5550
5727
5628
5411
5445
5388
5302
5593
5470
5593
5572
5367
5576
5421
5378
5537
5667
5598
5674
5703
5749
5827
5970
5926
5992
6113
5909
5861
5863
5808
5656
5662
5625
5753
5863
5635
5655
5653
5628
5615
5381
5498
5320
5464
5397
5234
5242
5165
5191
5203
5077
4938
4886
4910
4901
4961
4927
4782
4860
5114
5074
5137
5206
5154
5208
5283
5383
5350
5367
5201
5189
5300
5349
5389
5235
5102
4996
5043
5067
4949
4885
4808
4798
4905
4906
4852
4791
4853
4953
4905
4747
4911
4948
5054
4994
5114
5143
5056
5231
5138
5094
5082
5069
5055
5032
5097
5059
5167
5131
5051
4908
4959
5114
5068
4904
5080
5095
5050
5044
4952
4708
4758
4739
4844
4840
4828
4799
4797
4923
5006
5085
4892
4778
4759
4812
4833
4859
4911
4784
4693
4744
4914
4847
4854
4681
4639
4611
4837
4985
4895
4754
4753
4849
5017
5081
5123
5254
5192
5426
5279
5225
5368
5335
5143
4941
4859
4732
4763
4752
4602
4400
4384
4482
4478
4482
4528
4545
4601
4690
4748
4840
4860
4866
4794
4789
4746
4804
4741
4746
4880
4784
4742
4791
4661
4800
4804
4746
4814
4842
4782
4918
4767
4905
4888
5069
5068
5089
4918
4799
4879
4919
4914
4954
4908
4983
4987
4907
4864
4775
4702
4692
4681
4805
4793
4835
4668
4661
4736
4665
4516
4483
4471
4526
4394
4360
4377
4540
4596
4612
4510
4489
4494
4445
4406
4470
4527
4475
4575
4643
4642
4621
4662
4609
4489
4436
4419
4545
4684
4668
4651
4695
4696
4688
4599
4619
4677
4521
4451
4562
4381
4457
4558
4680
4835
5038
5165
5200
5139
5066
5122
5040
4965
4863
4875
4835
4877
4789
4810
4732
4543
4600
4633
4625
4651
4555
4652
4724
4772
4688
4706
4742
4742
4639
4585
4634
4757
4899
4942
5069
5274
5144
5154
4973
4919
4937
5021
5043
5036
5282
5456
5402
5340
5420
5650
5673
5656
5509
5482
5443
5487
5654
5700
5752
5877
5924
5810
5728
5568
5521
5524
5708
5692
5654
5679
5580
5642
5664
5599
5555
5489
5414
5666
5698
5730
5803
6018
6107
6056
6117
6082
6131
6158
5889
5964
6050
6053
5980
6129
6153
6149
6103
6187
6141
6164
6051
6295
6439
6578
6526
6687
6407
6411
6329
6259
6226
6092
6081
6060
6083
6161
6078
6071
6246
6228
6218
6223
6231
6331
6265
6312
6382
6442
6358
6413
6395
6349
6377
6496
6388
6369
6283
6484
6621
6538
6508
6511
6527
6665
6504
6629
6691
6793
6776
7076
7110
6979
7097
7106
7144
7189
7162
7058
7161
6873
7176
7291
7687
7729
7632
7723
7854
7682
7714
7666
7608
7552
7578
7752
7956
8191
8116
8145
8215
8259
8186
8053
7919
7823
7648
8053
8105
8188
7980
7930
7873
8131
8229
8208
8126
7984
7871
7902
7790
7807
7711
7698
7900
8029
8198
7998
8058
8055
8195
8101
8177
8172
8090
8020
7674
7643
7614
7605
7590
7588
7498
7470
7503
7693
7548
7463
7276
7075
7184
7165
7429
7202
6953
6855
6886
7076
6859
6967
6915
6961
6965
6768
6891
6991
6977
6913
6936
6853
6990
7066
6939
6902
6857
6637
6759
6780
6743
6776
6908
7144
7165
7073
6897
7001
7081
6977
7092
7025
6949
6939
6950
6875
6704
6736
6783
6642
6695
6768
6593
6553
6515
6585
6671
6497
6617
6713
6826
6880
6792
6893
6826
7039
7179
7119
7252
7185
7178
7225
7220
7302
7421
7524
7475
7426
7264
7363
7351
7223
7051
7042
7053
6993
6969
6895
6992
6947
6778
6583
6519
6571
6711
6648
6255
6342
6295
6459
6325
6446
6420
6428
6374
6307
6297
6410
6442
6154
6228
6485
6546
6754
6745
6723
6696
6716
6699
6607
6410
6400
6213
6119
6019
6036
5870
6080
5996
6022
6059
6232
6178
6013
6109
6046
6198
6276
6210
6155
6134
6104
6169
6118
6129
6209
6173
5970
5873
5768
5760
5818
5806
5669
5559
5407
5581
5637
5459
5570
5451
5549
5630
5654
5610
5517
5453
5303
5287
5350
5120
5096
5293
5296
5216
5185
5347
5276
5247
5133
5256
5209
5108
4962
4934
4906
5092
5144
5008
5114
4996
5228
5419
5507
5513
5507
5438
5575
5592
5717
5743
5535
5361
5217
5314
5359
5253
5108
5068
5044
5004
5272
5097
4960
4935
4905
4917
4993
5136
5283
5147
5240
5280
5123
4986
4887
4965
5057
4904
4813
4751
4719
4767
4750
4808
4789
4936
5023
5057
5193
5150
5266
5177
5208
5063
5122
5058
4878
4974
4989
4959
4995
5040
4971
4988
4907
4889
4766
4822
4967
5110
4964
5001
5030
4970
5140
5048
5202
5217
5287
5416
5388
5547
5521
5450
5463
5295
5197
5420
5370
5168
5322
5374
5215
5218
5172
5237
5456
5464
5511
5577
5479
5380
5263
5216
5208
5317
5338
5322
5304
5236
5404
5357
5401
5275
5214
5315
5332
5501
5528
5643
5676
5574
5547
5578
5589
5592
5734
5561
5566
5588
5584
5539
5354
5377
5514
5600
5702
5556
5651
5905
5916
5858
5689
5657
5577
5593
5603
5483
5485
5554
5494
5435
5331
5293
5360
5577
5619
5563
5303
5245
5222
5328
5267
5069
5068
5130
5131
5097
5146
5018
5173
5109
5219
5136
5120
4910
4969
4996
4903
4852
4769
4631
4834
4647
4734
4604
4556
4673
4671
4800
4917
4957
5050
4966
5073
5191
5123
5076
5046
5054
5039
5033
5104
5059
5073
5099
5143
5269
5388
5552
5631
5560
5520
5409
5553
5748
5896
5783
5794
5775
5833
5970
5911
5752
5778
5991
6037
6108
6106
6084
6068
6009
6021
6071
6213
6368
6322
6308
6301
6266
6272
6160
6237
6333
6251
6248
6226
6289
6277
6283
6354
6472
6653
6585
6664
6554
6321
6325
6147
6191
6082
6122
6346
6416
6216
6199
6237
6267
6493
6309
6241
6183
6141
6186
6032
6141
6131
5983
6043
5985
6094
5932
5916
5971
5853
5848
5858
5954
5875
5860
5777
5755
5778
5786
5881
5709
5861
5781
5722
5496
5324
5293
5277
5365
5525
5380
5244
5112
5067
4956
5009
5024
4923
4972
4915
4981
5030
5112
5164
5365
5176
5133
5171
5149
5296
5197
5162
5186
5278
5232
5251
5247
5462
5234
5502
5594
5549
5469
5417
5375
5376
5566
5614
5629
5480
5439
5446
5466
5476
5287
5328
5481
5437
5480
5650
5540
5610
5534
5513
5746
5751
5798
5620
5557
5471
5513
5562
5788
5799
5563
5514
5391
5391
5431
5512
5399
5384
5160
5253
5374
5391
5415
5504
5503
5600
5495
5540
5690
5768
5665
5691
5480
5241
5420
5375
5471
5409
5473
5407
5260
5172
5266
5289
5209
5313
5242
5302
5262
5269
5445
5195
5155
5034
4963
4955
5111
5118
4969
5030
5211
5372
5416
5348
5276
5271
5280
5107
5144
5257
5363
5446
5338
5394
5428
5364
5338
5342
5245
5089
5030
5031
5101
5009
4915
4928
4890
4687
4603
4685
4667
4830
4872
5134
5034
5150
5118
5179
5408
5397
5407
5323
5316
5425
5450
5456
5408
5431
5306
5242
5432
5473
5470
5529
5636
5561
5488
5303
5403
5431
5494
5649
5751
5543
5365
5284
5284
5249
5159
5171
5111
5494
5461
5467
5420
5366
5179
5216
5049
4958
5004
5132
5041
5014
4932
4979
4930
4962
4930
4892
4957
4982
5004
4854
4933
4979
4975
4899
4771
4693
4767
4750
4717
4738
4922
4826
4870
4861
4967
4942
5080
4975
4893
4862
4854
4814
4678
4695
4667
4643
4736
4648
4573
4460
4496
4428
4472
4573
4444
4445
4325
4341
4323
4252
4263
4264
4148
4194
4127
4251
4317
4320
4329
4304
4208
4264
4521
4750
4744
4952
5080
4941
4921
4980
4828
4862
4679
4780
4911
4910
4932
4985
4991
5078
5209
5139
5097
5188
5161
5149
5172
5017
5185
5171
5041
5042
4925
4819
4740
4717
4775
4713
4688
4753
4628
4577
4569
4528
4574
4521
4546
4560
4608
4754
4820
4775
4604
4500
4591
4576
4661
4716
4578
4510
4495
4289
4259
4453
4520
4586
4551
4631
4837
4883
4882
5104
5060
4947
4934
5060
5133
5085
4971
5081
5122
5037
4900
4961
4900
4944
4870
4850
4913
4958
5040
4924
4950
4869
4880
4843
4633
4576
4448
4474
4518
4253
4440
4343
4407
4389
4488
4437
4524
4442
4302
4190
4139
4334
4456
4481
4313
4305
4333
4441
4486
4552
4555
4587
4620
4660
4715
4614
4606
4663
4703
4538
4449
4523
4356
4187
4157
4255
4436
4396
4532
4638
4662
4592
4601
4786
4749
4755
4765
4923
4925
5006
4920
4914
4874
5035
5045
5113
5250
5267
5117
5040
4884
4908
4724
4677
4611
4698
4509
4576
4537
4424
4553
4707
4665
4627
4558
4699
4587
4532
4591
4625
4651
4689
4542
4511
4697
4511
4465
4698
4618
4745
4625
4540
4504
4611
4726
4751
4819
4822
4841
5010
5038
4917
5034
5062
4906
4829
4804
4773
4656
4676
4762
4780
4638
4722
4654
4606
4551
4487
4463
4378
4427
4359
4349
4209
4330
4211
4294
4225
4236
4168
4129
4275
4306
4152
4197
4138
4092
4148
4033
4072
4232
4289
4405
4320
4349
4290
4364
4494
4752
4774
4776
4699
4625
4523
4445
4624
4559
4352
4493
4555
4619
4653
4786
4786
4785
4774
4765
4764
4699
4722
4880
4866
4974
5054
5091
4994
5091
5005
5096
5179
5235
5278
5367
5435
5656
5567
5748
5676
5426
5443
5478
5355
5381
5409
5550
5604
5813
5825
5770
5829
5871
5948
6036
6052
6052
6182
6276
6299
6249
6095
6086
6196
6212
6381
6366
6443
6549
6695
6573
6789
6813
6911
6742
6667
6696
6764
6593
6720
6789
6913
6833
6799
6730
6888
6971
6822
6665
6907
7002
6944
6895
6752
6673
6708
6783
6874
6984
6880
6797
6702
6862
6982
6898
6934
6940
6926
7033
7178
7051
6884
6734
6781
6506
6185
6106
6105
6063
6106
6230
6142
6219
6223
6335
6508
6571
6399
6456
6542
6548
6520
6462
6485
6667
6623
6605
6591
6140
6152
6328
6266
6300
6344
6493
6418
6328
6548
6722
6840
6779
6824
6874
6834
6683
6663
6728
6898
6815
6931
6965
7022
6713
6842
6672
6563
6455
6594
6572
6466
6283
6461
6434
6506
6481
6653
6632
6494
6532
6557
6667
6719
6723
6725
6592
6703
6655
6649
6721
6840
6785
6631
6525
6339
6333
6285
6400
6462
6556
6487
6546
6559
6481
6576
6696
7096
7003
7008
6820
6812
6736
6761
6688
6535
6458
6485
6526
6261
6370
6317
6425
6402
6336
6417
6222
6116
6292
6184
6085
6056
6190
6389
6262
5994
6032
6120
6045
5995
6041
