1005000
266982
173817
129743
103557
85167
73391
63884
56860
50759
46022
42001
38441
35651
33233
31079
29035
27576
26231
24415
22944
21925
20954
20036
19172
18402
17747
16879
16483
16204
15831
15434
14902
14579
14247
13605
13203
12745
12533
12254
11994
11608
11251
11054
10799
10693
10549
10441
10338
10170
10020
9817
9454
9313
9295
9049
9040
8903
8639
8318
8122
7887
7651
7381
7294
7092
7047
7019
6977
6876
6724
6698
6593
6569
6556
6559
6641
6685
6367
6269
6393
6312
6365
6334
6386
6517
6565
6605
6722
6526
6368
6347
6425
6387
6543
6453
6603
6504
6332
6476
6363
6121
5990
5923
5656
5737
5690
5802
5791
5907
5777
5721
5618
5503
5233
4945
5115
5123
4984
4751
4617
4556
4573
4446
4398
4249
4187
4196
4285
4349
4300
4309
4158
4226
4225
4029
3844
3860
3685
3645
3553
3684
3599
3647
3607
3700
3616
3633
3668
3590
3562
3547
3603
3557
3653
3671
3637
3544
3588
3633
3753
3582
3464
3482
3444
3553
3663
3697
3676
3865
3899
3841
3880
3609
3609
3584
3600
3633
3694
3737
3708
3730
3738
3787
3750
3673
3633
3698
3871
3875
3781
3747
3823
3785
3702
3720
3653
3709
3723
3646
3722
3832
3883
3708
3618
3861
3785
3810
3982
4091
4160
4244
4132
4212
4197
4191
4298
4460
4506
4307
4239
4250
4253
4236
4173
4070
4189
4057
4013
4149
4248
4378
4325
4354
4290
4233
4261
4143
4004
4045
4022
3963
3916
3748
3739
3845
3825
3942
3893
3790
3899
4031
4107
4017
4006
4130
4150
4299
4330
4296
4425
4369
4312
4230
4157
4196
3945
3925
3937
3777
3724
3511
3570
3460
3437
3351
3355
3299
3271
3337
3299
3290
3328
3216
3294
3289
3089
3076
3266
3383
3390
3484
3413
3438
3388
3354
3354
3489
3372
3296
3109
3187
3081
3046
3033
3159
3182
3038
3092
3159
3291
3312
3475
3555
3648
3722
3668
3475
3451
3577
3493
3453
3356
3479
3494
3378
3540
3680
3694
3763
3632
3538
3401
3522
3693
3598
3572
3684
3686
3820
3785
3754
3738
3677
3557
3618
3657
3622
3593
3692
3684
3673
3792
3712
3752
3786
3894
3693
3742
3693
3538
3552
3693
3751
3779
3940
3905
3898
3828
3714
3732
3540
3580
3518
3629
3503
3495
3592
3443
3356
3437
3592
3506
3445
3404
3354
3339
3397
3397
3580
3633
3562
3623
3706
3826
3869
3875
3949
4094
4196
4055
4122
4148
4127
4226
4305
4223
4301
4309
4276
4326
4393
4308
4393
4449
4428
4343
4372
4354
4299
4311
4461
4305
4317
4244
4349
4425
4361
4339
4251
4091
4154
4248
4346
4421
4538
4488
4538
4545
4502
4603
4528
4547
4477
4508
4486
4417
4413
4334
4365
4296
4253
4274
4374
4383
4438
4371
4327
4304
4434
4440
4519
4470
4348
4423
4446
4410
4563
4500
4465
4483
4529
4475
4376
4569
4422
4424
4483
4421
4366
4480
4478
4406
4376
4370
4334
4191
4248
4296
4212
4360
4330
4415
4436
4428
4339
4480
4420
4423
4445
4368
4394
4322
4204
4229
4286
4311
4225
4194
4184
4199
4227
4306
4316
4164
4126
4121
4015
4164
4194
4243
4331
4162
4300
4261
4405
4334
4236
4277
4233
4265
4277
4285
4274
4224
4160
4166
4153
4159
4217
4249
4374
4416
4208
4160
4106
4234
4282
4169
4343
4353
4336
4295
4364
4363
4386
4450
4516
4487
4418
4398
4481
4615
4493
4637
4474
4510
4459
4431
4379
4408
4440
4416
4413
4338
4471
4574
4753
4852
4873
4933
4945
4978
5103
5153
5305
5389
5302
5315
5338
5173
4915
5009
5151
5246
5434
5275
5362
5415
5395
5479
5341
5356
5423
5412
5576
5648
5448
5367
5211
5254
5329
5398
5436
5417
5610
5658
5744
5856
5927
5822
5726
5797
5711
5656
5631
5661
5592
5574
5608
5581
5696
5617
5654
5584
5664
5699
5581
5553
5637
5651
5515
5506
5614
5575
5453
5412
5445
5466
5357
5255
5298
5103
4996
4867
4989
4798
4820
4839
4981
4955
5007
5050
4973
4782
4603
4505
4376
4359
4289
4310
4268
4303
4399
4439
4556
4469
4432
4442
4271
4326
4383
4245
4321
4323
4465
4471
4467
4544
4570
4657
4668
4509
4580
4510
4709
4697
4528
4605
4683
4679
4657
4649
4439
4569
4662
4708
4829
4882
4888
4898
4880
5090
5118
5272
5362
5424
5601
5669
5638
5680
5679
5565
5503
5480
5518
5480
5336
5305
5312
5281
5163
5031
5191
5165
5240
5323
5436
5542
5631
5606
5602
5723
5885
5950
5992
5934
6111
6240
6072
6084
5989
5888
6117
6134
6047
5918
6019
6362
6433
6412
6455
6222
6245
6310
6367
6570
6624
6785
6758
6741
6576
6563
6557
6435
6587
6559
6492
6446
6381
6309
6252
6295
6552
6619
6487
6437
6247
6150
6233
6306
6361
6146
6170
6089
6236
6048
5815
5983
5896
5960
5900
5963
5999
6023
5973
5880
5666
5586
5553
5453
5327
5334
5251
5389
5415
5428
5265
5290
5465
5552
5570
5498
5547
5464
5455
5325
5245
5422
5334
5420
5512
5525
5550
5407
5429
5404
5453
5491
5512
5695
5673
5603
5547
5394
5400
5428
5358
5536
5501
5454
5605
5609
5710
5683
5645
5642
5516
5514
5650
5463
5609
5465
5460
5296
5314
5219
5259
5384
5501
5439
5431
5632
5625
5541
5468
5565
5679
5671
5700
5744
5817
5976
5877
5883
5969
6023
6165
6103
6048
6120
6026
5906
5974
6110
5998
5986
6150
6326
6232
6364
6499
6323
6177
6080
6139
5955
5977
5855
5872
5797
5704
5763
5660
5621
5583
5629
5580
5541
5710
5832
5810
5582
5559
5544
5479
5331
5249
5323
5231
5381
5325
5238
5225
5319
5243
5153
5083
4950
4863
4580
4661
4539
4356
4417
4452
4451
4494
4319
4358
4319
4345
4365
4387
4309
4484
4559
4637
4692
4788
4658
4663
4667
4705
4777
4641
4708
4779
4694
4658
4811
4920
4901
4922
4905
4818
4762
4685
4758
4837
4908
5091
5120
5028
5067
4978
4894
4982
4944
5054
5016
4938
4826
4861
4734
4763
4667
4714
4797
4753
4824
4750
4672
4887
4942
4987
4915
5149
5196
5145
5097
5065
5091
5229
5210
5164
5168
5208
5352
5387
5466
5420
5413
5514
5412
5443
5355
5396
5389
5211
5359
5457
5330
5205
5318
5339
5145
5113
5158
5217
5087
5089
5001
5091
4954
5068
4936
4833
4718
4583
4500
4421
4397
4345
4393
4535
4549
4610
4727
4972
4950
4881
4918
4841
4831
4791
4670
4738
4776
4840
4732
4715
4600
4705
4761
4707
4818
4841
5023
5040
5114
5113
5200
5175
5205
5145
5157
5272
5368
5297
5354
5393
5583
5611
5783
5713
5793
5883
5610
5441
5578
5573
5592
5646
5596
5712
5946
5786
5786
5706
5775
5809
5899
6062
6021
6021
6070
6006
5898
6110
6148
6118
5924
6052
5834
5981
6109
6103
6090
6075
6094
6080
6171
6161
6072
6024
6124
6001
5890
5909
5798
5591
5572
5548
5319
5630
5637
5611
5544
5385
5405
5511
5486
5700
5758
5668
5787
5844
5764
5931
6009
6105
6173
6133
6195
6192
6188
6142
6144
5980
6053
6126
6246
6341
6329
6346
6249
6216
6279
6164
6043
6066
6130
6168
6092
6046
6002
6194
6107
6208
6413
6407
6270
6287
6213
6243
6232
6194
6243
6318
6212
6221
6374
6382
6465
6568
6518
6418
6457
6382
6423
6602
6728
6771
6916
6909
6851
6911
6708
6684
6727
6754
6724
6778
6709
6467
6430
6476
6592
6499
6455
6633
6815
6866
6713
6687
6572
6635
6883
6695
6530
6515
6681
6780
6806
6781
6776
6863
6754
6774
6887
6905
6997
6892
7031
6796
6751
6725
6786
6696
6698
6891
6792
6696
6564
6540
6478
6368
6228
6308
6201
6186
6142
6191
6082
5991
5925
5922
5980
5788
5828
5901
5917
5832
5732
5914
6009
5955
6212
6194
5978
5968
6085
6139
6038
6043
5914
5795
5788
5916
5673
5722
5606
5318
5247
5324
5417
5328
5307
5226
5283
5200
5156
5304
5272
5157
5202
5293
5261
5225
5124
5196
5258
5190
5139
5051
5031
5210
5237
5244
5162
5152
4930
4862
4775
4701
4647
4743
4805
4963
4895
4953
5030
5070
5085
5010
5096
5108
5167
5086
5008
5046
4980
5081
5072
5092
5066
4912
4710
4757
4733
4822
5009
4935
4973
4809
4824
4778
4976
5189
5225
5208
5259
5265
5327
5326
5310
5405
5424
5335
5418
5381
5364
5199
5170
5276
5338
5356
5245
5185
5257
5427
5423
5662
5665
5670
5653
5619
5576
5598
5442
5682
5613
5744
5802
5673
5750
5645
5834
5802
5615
5629
5532
5474
5465
5477
5419
5484
5571
5625
5856
5659
5581
5457
5308
5388
5030
5186
5280
5326
5497
5566
5764
5700
5629
5728
5685
5777
5773
5769
5837
5939
6081
6087
6033
5934
6106
6110
6081
6178
6158
5868
5837
5838
5878
6010
5942
5882
5781
5536
5494
5366
5396
5275
5202
5157
5223
5273
5353
5320
5128
5240
5299
5352
5310
5300
5302
5372
5364
5332
5300
5179
5290
5340
5346
5359
5202
5177
5245
5405
5562
5609
5509
5490
5557
5670
5700
5899
5807
5758
5672
5637
5669
5797
5677
5610
5668
5669
5646
5638
5635
5701
5602
5710
5691
5691
5643
5805
5888
5953
5871
5926
5823
5886
5920
5952
5970
5834
5756
5619
5524
5438
5304
5293
5294
5519
5552
5597
5594
5517
5520
5505
5580
5625
5680
5619
5580
5506
5372
5471
5431
5289
5357
5196
5149
5214
5147
5046
5172
5151
5163
5212
5042
5046
4905
4753
4625
4604
4676
4721
4639
4627
4745
4801
4711
4690
4773
4721
4882
4985
5196
5153
5176
5001
5106
5155
5020
4937
4746
4646
4669
4775
4813
4742
4728
4686
4817
4897
4934
5022
5036
5023
5096
5123
5095
5041
5008
4921
4856
4769
4805
4789
4858
4934
4798
4728
4627
4607
4630
4707
4753
4981
4917
5030
5254
5190
5214
5077
5061
5214
5141
5191
5410
5284
5388
5410
5456
5318
5391
5453
5363
5600
5596
5397
5362
5394
5475
5392
5295
5355
5147
4978
5193
5207
5258
5334
5276
5262
5145
5169
5178
5228
5011
4837
4805
4739
4734
4760
4855
4974
5120
5053
5021
5042
4977
4976
4878
4758
4643
4562
4598
4678
4708
4704
4796
4868
4897
4935
4935
4892
4728
4973
4961
4970
5042
5266
5257
5499
5556
5685
5697
5800
5998
5972
5997
5983
5935
5898
6109
6064
6127
6075
6059
6157
6117
5966
5935
5811
5794
5547
5440
5496
5578
5702
5573
5553
5641
5618
5853
5851
5957
5917
6045
6017
6023
6105
6099
6190
6038
6042
6032
6168
6105
5894
5737
5892
5867
5919
6065
6019
6073
6104
5969
5887
5764
5742
5718
5837
5734
5799
6105
6232
6149
6227
6275
6211
6284
6194
6263
6128
5966
5995
5974
5976
6008
5811
5740
5809
5926
6084
6176
6209
6299
6362
6479
6585
6395
6371
6383
6433
6337
6373
6448
6433
6635
6782
6699
6711
7027
7017
6914
6905
6934
6976
7053
7113
7022
6930
7117
7203
7138
7432
7590
7440
7551
7526
7607
7690
7855
7894
7921
7954
7996
8081
8093
8043
8200
8204
8267
8296
8284
8236
8160
8054
7948
7921
7956
7907
7877
7893
8027
7833
7866
7928
8207
8131
8227
8188
8245
8260
8138
8063
7977
7896
8079
8237
8094
8210
8145
8300
8169
7981
8009
7994
7979
7982
7965
7712
7645
7553
7562
7609
7833
7779
7589
7496
7397
7441
7571
7464
7700
7538
7499
7170
7249
7241
7213
7154
7191
7291
7236
7073
6975
7071
7239
7236
7317
7170
7127
7052
7068
7008
7188
7176
7314
7166
7297
7276
7192
7151
7117
7165
7075
7035
7290
7227
7303
7175
7234
7153
7131
7191
7357
7270
7414
7323
7272
7335
7424
7522
7565
7683
7735
7592
7493
7593
7254
7108
6901
6860
6884
6954
7023
7044
7248
7166
7238
7176
7195
7143
7334
7191
7321
7200
7165
7155
7235
7334
7204
7175
7115
7046
7030
6985
6957
6765
6790
6846
6692
6839
6876
6816
6744
6823
6631
6720
6839
6700
6775
6644
6491
6428
6339
6559
6653
6454
6501
6520
6499
6320
6117
6248
6158
6198
6093
6081
6090
6091
5963
5995
6297
6406
6287
6281
6180
6185
6038
5904
5776
5782
5857
5807
5689
5685
5836
5756
5642
5705
5826
5983
5884
5724
5565
5416
5500
5488
5429
5446
5474
5450
5296
5270
5321
5311
5288
5309
5414
5414
5489
5533
5579
5529
5522
5765
5815
5762
5891
5722
5585
5589
5566
5402
5290
5286
5495
5583
5494
5465
5624
5541
5637
5720
5655
5804
5712
5640
5559
5423
5440
5559
5620
5578
5553
5566
5576
5367
5203
5165
5097
5032
5175
5170
5247
5369
5181
5088
4983
5054
4966
5005
4936
4867
4629
4691
4662
4624
4578
4778
4845
5049
4984
4920
4986
4957
4996
5127
5253
5225
5211
5207
5197
5209
5071
5152
5063
4961
4858
4714
4774
4773
4751
4694
4782
4762
4760
4752
4991
5014
5177
5110
4952
4911
5030
5022
5117
5183
5200
5125
5222
5390
5472
5334
5464
5257
5238
5585
5528
5628
5717
5641
5495
5468
5193
5095
5089
5173
5053
5003
4905
5077
5242
4882
4932
5066
4971
4934
4865
4920
5030
4916
4863
4846
4843
4773
4647
4577
4547
4485
4389
4342
4364
4318
4480
4481
4560
4605
4484
4456
4500
4506
4468
4595
4532
4516
4633
4631
4724
4705
4698
4786
4734
4643
4563
4510
4556
4617
4480
4432
4345
4290
4295
4409
4433
4447
4508
4537
4621
4626
4635
4674
4731
4706
4556
4483
4394
4542
4458
4456
4573
4490
4369
4370
4363
4326
4404
4411
4422
4453
4402
4555
4590
4440
4601
4506
4379
4525
4588
4700
4663
4662
4707
4605
4590
4635
4579
4596
4589
4480
4491
4495
4588
4461
4486
4359
4249
4242
4033
3966
3956
3845
4110
4154
4261
4257
4261
4193
4258
4269
4247
4096
4063
4069
4006
4032
3960
4082
4073
4291
4375
4312
4337
4316
4244
4306
4387
4565
4560
4542
4514
4491
4647
4794
4521
4520
4486
4329
4266
4314
4267
4241
4373
4352
4416
4481
4573
4467
4579
4663
4694
4677
4775
4872
4804
4801
4769
4731
4613
4671
4703
4675
4513
4523
4586
4624
4666
4502
4534
4656
4654
4670
4598
4559
4490
4521
4663
4743
4707
4687
4722
4665
4628
4643
4479
4559
4543
4551
4550
4595
4720
4462
4493
4500
4236
4180
4225
4304
4258
4342
4423
4353
4134
4188
4049
4003
4175
4200
4117
4085
4217
4299
4256
4088
4232
4229
4213
4371
4434
4346
4303
4246
4171
4260
4263
4335
4259
4162
4240
4235
4190
4267
4159
4270
4185
4125
4116
4184
4138
4372
4502
4446
4466
4476
4587
4646
4552
4492
4292
4134
4144
4232
4325
4280
4305
4303
4410
4311
4430
4309
4225
4268
4275
4407
4356
4299
4491
4682
4686
4768
4612
4708
4606
4511
4500
4397
4339
4525
4433
4607
4668
4697
4635
4541
4573
4420
4436
4386
4339
4493
4399
4522
4574
4627
4561
4529
4428
4379
4423
4377
4324
4370
4479
4559
4638
4615
4659
4621
4651
4548
4655
4637
4613
4663
4602
4518
4621
4624
4633
4792
4713
4617
4750
4867
4890
4898
4691
4789
4695
4723
4605
4682
4562
4751
4760
4762
4802
4870
4842
4785
4732
4615
4697
4603
4643
4768
4822
4866
4888
4954
5063
4906
4861
4823
5002
4978
4716
4676
4653
4773
4756
4822
4783
4890
4809
4785
4755
4912
4830
4694
4710
4506
4434
4541
4505
4428
4518
4667
4789
4760
4685
4790
4914
5035
5061
5095
4768
4779
4780
4736
4783
4828
4939
4758
4658
4571
4689
4808
4897
4875
4744
4753
4835
4825
4882
4936
4866
4887
4841
4754
4835
4689
4782
4996
5279
5338
5552
5458
5551
5499
5449
5471
5440
5565
5642
5706
5772
5776
5627
5702
5711
5627
5589
5154
5129
5143
4873
4752
4876
4784
4781
4826
4752
4697
4839
4919
5064
5067
5044
4986
5124
5215
5236
5379
5520
5526
5450
5297
5237
5159
5168
5226
5252
5267
5384
5187
5005
4983
5038
5007
5101
5011
4969
5021
5171
5118
5200
5349
5161
5121
5143
5100
5184
5201
5456
5438
5345
5112
4884
4819
4660
4638
4668
4862
4924
4921
4967
4678
4563
4489
4447
4520
4582
4573
4558
4540
4340
4206
4104
4045
4005
3972
3918
3853
4009
4053
4083
3980
4010
4108
4100
4217
4241
4322
4315
4334
4572
4534
4475
4515
4490
4351
4380
4299
4325
4373
4373
4308
4266
4306
4288
4390
4488
4558
4407
4557
4515
4495
4360
4558
4420
4511
4593
4665
4739
4779
4670
4573
4639
4652
5039
4932
4881
4973
4920
4969
4893
4964
4918
4711
4635
4644
4646
4501
4565
4527
4694
4665
4574
4694
4780
4867
4908
4818
4823
4826
4773
4756
4798
4805
4793
4926
4887
4952
4908
4714
4726
4670
4680
4686
4753
4852
4808
4831
4855
4796
4827
4862
4807
4926
5003
5007
5016
4988
5091
4964
5014
4940
4828
4910
4892
5072
5174
5287
5325
5230
5123
5056
5010
5049
5139
4965
5068
5270
5318
5433
5459
5343
5376
5398
5559
5518
5595
5498
5537
5598
5581
5501
5470
5579
5585
5660
5537
5505
5420
5458
5632
5511
5264
5385
5418
5369
5349
5252
5170
5065
5200
5049
5067
4957
4952
4869
4670
4907
4916
4988
4948
4970
4965
5117
4927
4967
5043
4989
5026
4959
4842
4816
4989
5086
5097
4828
4890
4963
4900
4850
4922
4962
4797
4899
4841
4729
4733
4701
4789
4909
4893
4998
5184
5235
5266
5070
5191
5169
5052
5195
5428
5458
5413
5383
5290
5221
5266
5309
5468
5306
5329
5406
5455
5492
5522
5561
5446
5346
5379
5430
5414
5678
5772
5849
6010
5959
5847
5800
5759
5794
5700
5620
5891
5752
5728
5703
5566
5709
5707
5597
5559
5685
5606
5689
5583
5600
5626
5593
5589
5672
5607
5513
5508
5430
5443
5436
5241
5189
5250
5239
5439
5392
5359
5152
5185
5370
5219
5392
5258
5286
5339
5297
5203
5200
5119
4982
5096
5205
5200
5303
5232
5408
5461
5469
5449
5473
5562
5487
5378
5473
5760
5693
5761
5768
5839
5659
5688
5815
5728
5802
5902
5976
5783
5811
5983
5942
5835
6003
5967
6124
6250
6077
6169
6121
6144
6355
6276
6169
6240
6358
6345
6542
6471
6587
6516
6421
6451
6356
6204
6083
6158
6181
6081
6006
5779
5995
5957
6198
6089
6086
6074
5915
5812
5756
5811
5873
6018
5991
5936
6122
6292
6231
6197
6245
6145
6125
6210
6255
6213
6097
6181
6368
6563
6478
6624
6658
6601
6519
6443
6460
6670
6565
6436
6497
6531
6330
6449
6376
6344
6183
6242
6169
6389
6278
6222
6311
6161
6057
6113
5820
5830
5986
5978
6055
6125
6239
6249
6410
6308
6201
6326
6317
6115
6140
6250
6288
6404
6462
6464
6422
6322
6298
6354
6217
6297
6346
6272
6380
6431
6247
6074
6163
6125
6129
5934
5945
5593
5326
5303
5283
5216
5456
5531
5659
5471
5415
5500
5515
5421
5527
5366
5476
5492
5575
5632
5697
5531
5419
5356
5356
5294
5121
4962
4958
4900
4901
4832
4893
4917
4832
4877
5001
4980
4871
4700
4572
4703
4543
4336
4244
4322
4315
4523
4611
4622
4780
4862
5012
5028
5007
5027
4910
4909
4894
4882
4715
4760
4733
4632
4737
4738
4660
4795
4637
4464
4429
4488
4733
4755
4735
4771
4660
4631
4672
4548
4631
4605
4456
4259
4267
4326
4316
4489
4459
4494
4376
4264
4284
4271
4407
4513
4343
4466
4470
4389
4534
4743
4759
4801
4755
4802
4748
4767
4702
4672
4507
4561
4424
4247
4379
4596
4666
4620
4720
4649
4639
4649
4575
4449
4345
4391
4426
4499
4285
4313
4278
4155
4181
4169
4078
4044
4079
4081
4249
4221
4342
4337
4420
4492
4592
4660
4770
4612
4582
4759
4738
4714
4600
4767
4810
4725
4764
4923
4899
4828
4828
4836
4765
4792
4957
5046
4945
5044
5098
4952
4938
4983
4890
4882
4859
4855
4865
4896
4852
4929
4857
4992
5011
5138
5194
5195
5117
5006
5083
5146
5237
5151
5357
5400
5299
5121
4996
4948
4972
5106
5220
5228
5174
4960
4806
4883
4837
4942
5007
5045
4962
5149
5288
5319
5181
5274
5254
5186
5160
5087
5032
5071
5214
5280
5329
5383
5372
5418
5424
5482
5614
5501
5482
5427
5521
5428
5415
5292
5298
5329
5237
5521
5502
5573
5520
5437
5415
5465
5372
5410
5411
5317
5270
5238
5545
5467
5608
5626
5796
5810
5691
5618
5628
5585
5636
5679
5719
5800
5744
5750
5834
5947
6004
5900
6094
6167
6032
5960
6090
6068
6052
5894
5825
5935
5937
5996
6037
6001
5951
5812
5968
5997
5847
5805
5916
5818
5438
5480
5355
5425
5233
5148
5165
5118
5267
5132
5175
5446
5514
5362
5376
5446
5345
5135
4978
4778
4586
4301
4271
4127
4055
4154
4364
4413
4513
4474
4503
4587
4595
4655
4829
4676
4717
4820
4819
4909
4991
5026
4957
4926
4802
4789
4862
4834
4765
4713
4740
4655
4699
4763
4647
4862
4945
4940
4912
4931
5141
5177
5218
5303
5353
5234
5283
5243
5129
4974
4867
4839
4794
4851
4987
4926
4956
5101
5009
5045
5226
5426
5619
5447
5549
5611
5669
5771
5785
5900
5873
5993
6033
6137
6053
6026
6173
6264
6332
6253
6410
6487
6549
6559
6508
6623
6680
6764
6721
6551
6568
6566
6517
6602
6365
6322
6320
6359
6091
6121
5854
5798
5698
5687
5720
5792
5926
5975
6011
6106
5980
6018
6102
6258
6175
6198
6037
6105
6110
5994
6096
5873
5745
5800
5825
5714
5613
5680
5758
5872
5819
5589
5752
5819
5661
5770
5766
5660
5756
5576
5753
5700
5930
6044
5990
5958
5936
5898
5955
6073
5957
5831
5627
5467
5454
5324
5330
5580
5706
5688
5591
5568
5486
5512
5403
5522
5632
5851
5902
5954
6044
5937
5888
5967
6020
5929
5880
5838
5763
5737
5835
5819
5856
6001
5711
5645
5852
5799
5816
5753
5878
5789
5826
5771
5736
5835
5772
5654
5480
5332
5270
5264
5233
5417
5336
5404
5396
5393
5537
5643
5633
5707
5730
5765
6042
6168
5983
5966
6007
5959
6148
6098
6132
6117
6089
6151
6010
5868
5790
5978
6045
6131
6163
6180
6224
6297
6266
6337
6243
6247
6202
6086
6000
6107
6253
6224
6198
6154
6090
6365
6485
6524
6554
6730
6516
6638
6743
6702
6606
6811
6628
6448
6607
6711
6719
6819
6710
6623
6547
6703
6630
6470
6432
6432
6448
6511
6458
6510
6425
6535
6427
6347
6167
6243
6171
6274
6183
6032
5987
6148
6152
6377
6590
6594
6527
6590
6499
6633
6553
6603
6587
6695
6665
6647
6643
6704
6634
6481
6433
6517
6435
6555
6717
6880
6809
6858
6977
6927
6970
7040
6964
7078
7055
7030
7181
7207
7119
7305
7372
7328
7393
7592
7666
7677
7793
8034
7967
7969
8204
8431
8632
8764
8733
8649
8679
8689
8378
8435
8355
8265
8150
7964
7818
7639
7602
7466
7525
7448
7210
7358
7349
7370
7123
7117
7083
6989
6870
6880
6981
7343
7423
7452
7403
7428
7484
7344
7428
7289
7355
7303
7295
6988
7028
6831
6702
6690
6633
6519
6410
6387
6487
6211
6008
6035
6024
5975
6226
6090
6154
6157
6105
6068
6005
5777
5647
5730
5671
5617
5535
5583
5491
5573
5536
5445
5495
5552
5638
5817
5641
5665
5522
5340
5258
5390
5434
5309
5328
5385
5312
5522
5563
5447
5431
5428
5448
5433
5428
5346
5303
5210
5157
5179
5306
5222
5196
5249
5246
5229
5464
5468
5637
5905
5844
5926
5913
5915
5966
5973
5876
5793
5821
5987
6034
5896
6036
6036
5915
5882
5892
5775
5880
5757
5618
5631
5630
5511
5692
5759
5715
5648
5777
5544
5567
5395
5393
5351
5313
5290
5233
5306
5267
5476
5553
5501
5577
5469
5250
5250
5295
5377
5488
5485
5584
5623
5565
5653
5854
5922
5842
6062
6039
5996
5957
5725
5970
5920
5873
5719
5936
6049
5932
5987
5944
6024
6261
6360
6565
6533
6838
6692
6749
6669
6527
6428
6448
6464
6426
6291
6237
6334
6365
6394
6449
6211
6136
6109
6046
5983
5819
5609
5842
5608
5796
5699
5728
5942
6002
6093
6135
6136
5995
5917
5701
5781
5931
5831
5872
5947
6064
5860
5697
5721
5817
5809
5718
5824
5869
5845
5937
6004
5963
6096
6186
6103
6174
6214
6255
6163
6316
6401
6370
6383
6235
6199
6147
6122
6111
6089
6078
6206
6057
6065
6108
6173
6264
6291
6428
6594
6668
6674
6668
6649
6731
6651
6648
6551
6638
6530
6428
6379
6440
6518
6718
6727
6529
6480
6315
6358
6418
6351
6225
6193
6228
6012
5932
5918
5928
5954
6080
5967
6042
6011
6218
6239
6447
6367
6504
6426
6396
6428
6395
6530
6576
6613
6527
6520
6309
6297
6055
6075
6178
6204
6216
6292
6330
6134
6203
6177
6388
6355
6339
6422
6505
6529
6397
6501
6535
6558
6531
6580
6361
6329
6260
6450
6398
6323
6178
6414
6274
6556
6656
6676
6727
6722
6734
6917
6689
6719
6705
6828
6748
6619
6909
6973
7030
6784
6888
6918
6986
7109
6971
7188
7154
7190
7373
7257
7189
7199
7105
7107
7058
7114
7037
7091
7118
7116
7119
7072
6992
6988
6972
6965
6966
6959
6847
6872
6937
6850
7212
7119
7091
7307
7363
7152
7032
6926
6840
6734
6577
6607
6543
6409
6172
6284
6280
6315
6505
6375
6545
6523
6435
6555
6298
6274
6210
6077
6168
6117
6032
6042
6168
6251
6374
6211
6204
6234
6310
6094
6083
6005
6074
6179
6222
6215
6228
6136
6103
6008
5932
6011
5902
5950
5786
5941
5994
5956
6033
6057
6125
5942
5757
5619
5525
5587
5625
5437
5378
5518
5757
5775
5888
5851
5842
5740
5676
5741
5589
5684
5729
5733
5753
5740
5713
5818
5756
5707
5452
5432
5455
5514
5491
5596
5674
5544
5405
5449
5612
5670
5687
5614
5909
6152
6129
5965
5926
5651
5677
5701
5824
5642
5408
5508
5522
5598
5661
5686
5680
5610
5573
5524
5675
5624
5631
5411
5313
5362
5411
5349
5396
5508
5331
5223
5309
5303
5285
5237
5392
5334
5603
5644
5717
5766
6092
6198
6175
6192
6167
6114
6126
6273
6137
6340
6284
6384
6338
6248
6212
6015
6117
6259
6182
6305
6403
6471
6326
6322
6311
6215
6346
6252
6313
6175
6294
6144
6232
6392
6319
6303
6300
6214
6204
6188
6434
6535
6491
6319
6150
6096
6087
6180
6029
6113
5989
5936
5821
5932
5989
6001
6045
6025
6215
6247
6263
6433
6519
6383
6430
6534
6440
6355
6318
6228
6373
6489
6521
6505
6490
6344
6316
6420
6450
6313
6421
6385
6315
6291
6182
6204
6167
6103
6136
6144
6355
6394
6538
6462
6478
6433
6470
6307
6280
6494
6276
6258
6387
6281
6189
6209
6383
6375
6245
5996
6145
6244
6311
6315
6059
6006
6017
6011
6004
5835
5852
5957
5892
5913
5776
5798
5744
5827
5618
5601
5696
5918
5943
5939
6068
6199
6397
6406
6499
6382
6359
6363
6259
6338
6449
6379
6469
6472
6416
6531
6575
6584
6644
6647
6561
6536
6679
6641
6465
6603
6706
6688
6631
6737
6649
6730
6684
6660
6626
6877
6901
6938
6767
6817
6868
6929
6802
6811
6846
7058
7219
7309
7356
7092
7113
6853
6691
6741
6679
6729
6705
6575
6514
6675
6611
6566
6511
6482
6509
6491
6514
6623
6683
6710
6648
6638
6601
6526
6713
6849
6892
6938
6846
6812
6854
6832
6882
6919
6829
6691
6770
6819
6876
6740
6743
6346
6445
6309
6267
6144
6240
6301
6411
6389
6330
6380
6470
6552
6509
6490
6415
6341
6372
6397
6426
6551
6474
6551
6648
6409
6453
6449
6584
6540
6803
6846
6909
6913
6865
6707
6839
6708
6725
6765
6871
6879
6983
6954
6996
6932
6871
6824
6900
6878
6866
6683
6648
6747
6828
6928
6614
6629
6752
6945
6598
6525
6673
6751
6649
6734
6847
6905
6903
6918
6811
6945
7053
7080
6980
6783
6892
6765
6822
6636
6553
6401
6450
6701
6620
6650
6721
6678
6652
6607
6633
6503
6485
6520
6452
6514
6731
6977
7123
7146
7202
7276
7190
7203
7248
7324
7186
7138
6905
6918
7021
6934
6966
7269
7235
7176
7229
7315
7432
7479
7358
7322
7401
7381
7519
7408
7285
7398
7247
7293
7341
7368
7360
7274
7216
7346
7195
7071
7129
7310
7290
7269
7133
7314
7249
7179
7301
7322
7586
7577
7419
7321
7324
7266
7225
7391
7424
7678
7434
7165
7154
7140
6938
7135
7037
6885
6873
7023
7018
6913
6614
6611
6459
6547
6601
6619
6653
6717
6688
6840
6825
6907
7021
6979
6797
6800
6799
6799
6829
6831
6937
6976
6902
6917
6842
6917
6672
6672
6673
6642
6715
6582
6626
6391
6412
6358
6256
6446
6474
6543
6366
6523
6487
6375
6325
6232
6344
6361
6323
6303
6316
6141
6048
5984
5831
6027
6276
6267
6030
5978
5896
5976
6035
6074
6018
6105
6142
6146
6146
6125
6189
6293
6172
6334
6334
6290
6115
6219
6203
6144
6257
6368
6256
6095
6140
6204
6297
6248
6344
6159
6141
6139
5939
5832
5832
5885
5971
5980
6122
6056
5921
5796
5586
5606
5817
5765
5662
5648
5805
5956
5817
5805
5880
5862
5846
5736
5643
5591
5588
5484
5556
5560
5644
5688
5512
5439
5524
5596
5699
5767
5714
5565
5399
5414
5391
5503
5454
5527
5611
5482
5581
5604
5566
5581
5636
5696
5700
5767
5795
5868
6072
6109
6171
6199
6105
5886
5846
5798
5730
5904
6015
5898
5846
5841
5945
6156
6229
6152
6149
6143
6257
6310
6290
6219
6299
6300
6149
6140
6208
6220
6374
6413
6361
6303
6285
6313
6186
6201
6173
6177
6320
6131
5996
5894
5897
5837
5900
5964
6059
5996
6125
6201
6238
6297
6373
6352
6435
6273
6342
6305
6519
6461
6610
6841
6901
6996
6969
7000
6933
6748
6677
6863
6958
6718
6744
6806
6898
6986
7021
7041
7215
6945
7005
6906
6692
6700
6663
6725
6681
6701
6823
6707
6871
6689
6658
6417
6553
6638
6727
6881
6796
6698
6569
6516
6661
6824
6735
6568
6443
6493
6696
6642
6629
6638
6643
6626
6658
6712
6467
6331
6229
6166
6226
6136
6172
6004
5857
5952
5868
5776
5698
5634
5744
5602
5638
5587
5640
5714
5784
5818
5738
5942
6002
6161
6098
5907
6025
5925
6000
5960
