1005000
267781
173651
130138
103722
85803
72319
63229
55589
49628
44721
41369
38177
35690
33120
30883
29137
27318
25823
24447
23395
22519
21941
21020
20033
19447
18543
17752
17195
16268
15731
15359
14842
14497
14071
13457
13305
12997
12655
12344
12024
11778
11569
11373
11203
11112
10813
10541
10177
10127
9785
9566
9363
9240
8882
8779
8603
8556
8385
8283
7967
7819
7591
7575
7666
7732
7610
7138
7016
6885
6620
6507
6605
6594
6528
6601
6633
6531
6333
6231
6335
6210
6297
6422
6427
6466
6335
6269
6216
6474
6510
6465
6326
6237
6182
6122
6092
6187
6226
6243
6414
6389
6446
6454
6419
6446
6439
6154
6272
6288
6228
6363
6330
6361
6333
6195
6326
6205
5986
5855
5759
5755
5746
5779
5828
5758
5650
5503
5412
5301
5336
5149
5074
5083
5188
5243
5450
5395
5538
5460
5511
5364
5363
5347
5353
5372
5244
5123
5325
5319
5199
5319
5208
5127
5125
5123
5090
4889
4795
4760
4615
4504
4592
4615
4598
4749
4776
4730
4912
4739
4785
4786
4798
4777
4529
4424
4350
4479
4505
4552
4443
4442
4445
4521
4485
4494
4476
4413
4431
4383
4566
4518
4303
4362
4329
4428
4509
4371
4317
4262
4354
4245
4352
4316
4207
4137
4043
4032
3879
3834
3755
3613
3609
3661
3660
3563
3550
3402
3421
3337
3379
3399
3397
3273
3258
3199
3246
3153
3167
3109
2980
3033
3118
3052
3052
3137
3103
3016
3000
3080
3173
2973
2967
2979
2892
2937
2986
2941
2906
2869
2943
2940
2924
2992
2910
2941
2917
2959
3081
3198
3183
3084
3084
3027
2950
2962
3039
3060
3041
3198
3339
3384
3487
3368
3352
3302
3267
3337
3411
3306
3304
3437
3419
3316
3262
3168
3134
3076
3222
3249
3177
3218
3354
3302
3329
3184
3121
3022
3143
3067
2984
2981
3022
3015
3009
3039
3064
3174
3220
3191
3045
3033
3060
2984
2907
3000
3043
3162
3220
3415
3438
3361
3298
3341
3428
3658
3742
3701
3675
3786
3966
3912
3916
3954
3874
3547
3531
3418
3322
3276
3353
3182
3142
3259
3266
3216
3051
3051
3044
3213
3215
3289
3343
3309
3274
3351
3279
3354
3260
3172
3036
3131
3088
3078
3057
2955
2938
3100
3135
3097
3154
3000
3017
3066
2886
2930
2806
2902
2766
2691
2908
2933
2994
2937
2917
2906
2872
2880
2857
2829
2865
2801
2862
2942
2992
3136
3058
2994
2863
2689
2746
2743
2646
2771
2851
2908
2910
2899
3075
3094
3042
3027
3036
3011
3029
2978
3123
3147
3176
3206
3312
3409
3564
3549
3560
3607
3659
3682
3816
3846
3732
3767
3784
3676
3621
3579
3723
3554
3455
3416
3494
3524
3591
3692
3720
3689
3678
3728
3622
3616
3680
3718
3770
3690
3690
3721
3689
3616
3546
3610
3652
3608
3576
3600
3663
3705
3633
3617
3609
3561
3742
3655
3730
3672
3699
3751
3707
3773
3821
3878
3853
3961
3977
4006
4025
3912
3968
3930
3962
4159
4124
4198
4146
4273
4250
4124
4282
4286
4188
4226
4113
4025
4062
3993
4086
4041
4007
3947
4036
3955
3963
3871
3992
3967
3983
3984
3734
3768
3842
3780
3760
3774
3644
3700
3621
3705
3707
3741
3661
3606
3694
3715
3685
3849
3940
4059
4061
4054
3944
3907
4027
4166
4164
4333
4317
4377
4285
4352
4335
4339
4288
4287
4334
4439
4537
4461
4344
4395
4252
4393
4427
4545
4720
4658
4680
4632
4663
4792
4778
4955
5107
5151
5107
5047
4898
5055
4908
4989
4865
4973
4966
5020
4912
4962
4926
4992
4999
5025
5132
5233
5275
5362
5405
5316
5378
5550
5516
5400
5142
5053
5128
5119
5144
5179
5098
5100
5137
5170
5071
5120
5001
5067
5107
5170
5369
5547
5607
5507
5434
5386
5365
5520
5380
5381
5324
5604
5650
5491
5443
5569
5594
5479
5283
5456
5577
5535
5574
5576
5576
5553
5515
5587
5687
5656
5630
5709
5790
5551
5671
5456
5434
5583
5681
5840
5696
5670
5907
5944
5916
5929
6019
6069
6082
5994
6123
6256
6162
6139
6264
6389
6353
6270
6291
6242
6047
6071
6029
6186
6171
6144
6130
6076
5954
6218
6072
6202
6190
6011
5814
5757
5864
5860
5819
5658
5822
5885
5657
5594
5612
5661
5772
5781
5748
5607
5595
5493
5464
5452
5432
5392
5380
5160
5154
5120
5100
5023
4960
4959
4888
5064
4874
4923
4782
4691
4703
4804
4807
4898
4936
4967
5037
5117
5171
5207
5294
5168
5052
4990
4988
4852
4779
4938
4996
4945
5152
5251
5330
5336
5153
5061
4982
4943
4896
4751
4811
4689
4680
4721
4746
4689
4718
4479
4710
4652
4612
4693
4498
4404
4384
4428
4375
4272
4418
4373
4094
3982
4038
3959
3880
3709
3746
3691
3697
3615
3555
3630
3603
3549
3681
3713
3817
3879
4149
4068
4118
3991
4148
4143
4065
4006
3857
3835
3837
3875
3750
3637
3712
3675
3829
3846
3815
3809
3963
4109
3999
3976
4062
3915
3885
3848
3925
3923
4055
4117
4044
4111
4014
4002
4013
4136
4114
4083
3929
3798
3731
3879
3825
3767
3777
3827
3887
3946
3909
3848
3917
3777
3809
3888
3870
3881
3878
3967
4061
4154
4133
4277
4392
4280
4425
4260
4405
4625
4683
4689
4623
4551
4565
4826
4778
4692
4723
4651
4675
4545
4515
4562
4509
4579
4641
4620
4570
4594
4482
4328
4595
4543
4554
4579
4425
4303
4244
4262
4167
4042
4098
4244
4274
4366
4524
4422
4406
4430
4536
4540
4578
4572
4584
4699
4731
4888
4798
4900
4784
4872
5023
5127
5287
5588
5549
5517
5522
5652
5614
5617
5718
5669
5780
5742
5796
5793
5599
5776
5900
5709
5734
5897
5931
5908
5928
6148
6182
6344
6239
6455
6397
6412
6378
6247
6234
6242
6269
6127
6113
5966
6158
6173
6224
6213
6111
6051
6090
6069
6202
6124
6234
6242
6436
6387
6354
6500
6576
6615
6759
6703
6631
6517
6344
6176
6181
6214
6242
6439
6506
6552
6666
6630
6615
6595
6482
6712
6821
6688
6570
6701
6751
6776
6690
6682
6648
6745
6815
6863
6952
7207
7143
7298
7376
7406
7339
7389
7319
7573
7580
7631
7335
7261
7174
7075
7179
7205
7031
7008
7172
7260
6931
7027
7261
7177
7120
7308
7244
7313
7331
7195
7004
7035
7103
7080
6751
6797
6571
6557
6340
6252
6099
6114
5856
5840
5714
5635
5547
5373
5348
5244
5143
5080
5090
5109
5142
5361
5476
5586
5415
5335
5541
5595
5671
5730
5663
5627
5434
5537
5535
5631
5720
5803
5855
5662
5594
5729
5757
5828
5751
5594
5581
5484
5342
5334
5465
5384
5295
5337
5352
5358
5473
5447
5755
5789
5913
5826
5833
6262
6112
6156
6241
6271
6113
6140
6049
5975
5873
5962
5861
6183
6272
6547
6453
6447
6494
6630
6618
6669
6733
6571
6506
6482
6575
6516
6816
6788
6883
6943
7073
7071
7170
7218
7285
7195
7189
6973
6947
6963
6919
6879
6846
7006
6903
6869
6792
6906
6774
6768
6669
6717
6714
6673
6632
6535
6505
6287
6201
6198
6162
5996
6131
6033
6006
5850
5891
5972
5920
6089
5966
5913
5934
5749
5747
5780
5621
5708
5644
5817
5997
5762
5564
5514
5510
5640
5623
5495
5498
5412
5514
5406
5565
5620
5500
5560
5604
5542
5521
5412
5482
5547
5397
5482
5567
5642
5754
5708
5590
5462
5568
5640
5541
5451
5337
5276
5370
5231
5290
5405
5339
5379
5348
5413
5513
5387
5490
5538
5419
5548
5591
5418
5449
5438
5546
5591
5576
5644
5500
5609
5514
5713
5616
5605
5827
5817
5747
5681
5725
5743
5623
5531
5563
5515
5380
5549
5649
5439
5512
5581
5534
5698
5681
5800
6013
5843
6133
6070
6006
6124
6032
6184
6177
6204
6135
6241
6365
6558
6431
6405
6344
6210
6206
6385
6287
6501
6358
6287
6370
6239
6227
6293
6230
6322
6330
6383
6333
6164
6117
6182
6114
6186
6179
6147
6038
6117
6024
6139
6269
6395
6348
6345
6412
6503
6491
6500
6677
6884
6906
6885
6809
6995
6901
6875
6900
7044
7147
7025
7130
7235
7188
7156
7152
7279
7394
7496
7396
7395
7142
7212
7230
7438
7460
7524
7631
7526
7200
6988
7044
6848
6910
6926
6894
6854
6957
6854
6587
6579
6658
6466
6462
6344
6319
6315
6239
6340
6253
6172
6170
6211
6213
6232
6209
6139
5962
5920
5933
5990
6092
6022
5906
5770
5868
5846
5916
5895
5976
5989
6056
5956
5816
5727
5602
5560
5623
5737
5561
5383
5382
5380
5475
5288
5172
5221
5020
4975
4920
4919
4965
4973
5009
5136
5109
5156
5125
5262
5349
5409
5381
5313
5200
5274
5273
5381
5469
5438
5618
5704
5645
5804
5790
5969
5918
6050
5872
5862
5960
5850
5790
5697
5661
5506
5454
5583
5603
5688
5793
5744
5528
5579
5592
5578
5528
5816
5657
5570
5623
5675
5690
5732
5735
5678
5612
5592
5624
5704
5804
5866
5916
5809
5765
5595
5675
5788
5844
5753
5778
5593
5699
5497
5422
5496
5374
5403
5620
5667
5551
5567
5684
5623
5523
5503
5594
5542
5747
5715
5769
5583
5572
5377
5384
5152
5122
5087
5074
4842
4696
4820
4853
4890
4877
4845
4990
5059
5070
5096
5203
5164
5133
5230
5191
5071
5060
4995
5138
5337
5420
5595
5507
5486
5509
5317
5273
5297
5233
5151
4817
4742
4491
4446
4438
4409
4516
4633
4490
4549
4599
4634
4560
4521
4408
4430
4427
4584
4582
4623
4522
4555
4605
4622
4585
4509
4593
4630
4677
4714
4796
4966
5037
4893
4931
4901
4990
5119
4999
4951
4854
4707
4781
4811
4850
4737
4665
4528
4296
4342
4283
4211
4203
4325
4422
4452
4446
4305
4413
4466
4557
4617
4555
4674
4781
4841
4921
4966
4949
4940
5076
5122
5132
5325
5294
5173
5295
5346
5362
5349
5299
5128
4995
5019
5011
4955
4893
4922
4914
4798
5020
5102
5072
5154
5057
5042
4819
4933
5058
4999
5126
5241
5223
5256
5244
5216
5332
5378
5278
5346
5231
5183
5199
5133
5210
5244
5276
5311
5443
5461
5380
5429
5304
5430
5380
5524
5569
5457
5308
5268
5258
5149
5053
5018
5000
5129
5158
4996
5053
5009
5088
5126
5110
5190
5225
5213
5239
5118
5076
5121
5135
5213
5360
5473
5528
5761
5870
5909
5939
6030
5869
5875
5820
5976
5967
6143
6169
6053
6060
6134
6341
6081
6015
6056
5962
6141
6168
6069
5966
6028
5956
5953
5927
5919
5801
5881
5835
5704
5753
5604
5570
5459
5458
5528
5476
5439
5538
5693
5746
5894
5954
5906
5827
5980
5904
5887
5910
5987
5916
6014
6108
6308
6282
6343
6271
6117
6195
6305
6278
6367
6601
6748
6720
6852
6771
6652
6624
6642
6632
6739
6802
6981
6936
6977
7119
7072
7017
7029
7130
7174
7137
7159
7284
7137
6965
7060
7239
7130
7012
6765
6916
6723
6604
6568
6555
6755
7063
6955
7043
7115
7220
7496
7222
7355
7284
7236
7031
6930
6933
6960
7052
7157
7021
7038
7133
7092
7148
7364
7479
7348
7174
7319
7354
7098
7092
6954
6795
6775
6786
6719
6674
6622
6576
6394
6463
6479
6425
6467
6430
6433
6446
6264
6130
5968
6084
6302
6185
6288
6358
6403
6405
6512
6516
6387
6398
6370
6328
6304
6295
6198
6279
6308
6400
6482
6459
6311
6386
6441
6394
6425
6412
6463
6513
6422
6405
6493
6536
6358
6375
6408
6450
6302
6150
6171
6138
6158
6099
6183
6261
6346
6193
6166
6098
6075
6063
6077
6142
6259
6241
6384
6558
6485
6391
6411
6280
6082
6063
6114
6051
6119
6305
6137
6085
5963
6053
6196
6423
6514
6542
6462
6462
6426
6174
6012
6130
6072
6074
6035
6079
6162
6184
6299
6278
6178
6117
6157
6150
6398
6437
6306
6218
6192
6164
6146
6280
6237
6187
6034
5934
5791
5666
5510
5745
5697
5887
5898
5982
5932
5855
6130
6047
6081
6168
6280
6194
6348
6294
6205
6245
5988
5882
5846
5860
6017
6116
5993
5642
5565
5595
5485
5479
5527
5667
5622
5637
5727
5733
5896
5904
5738
5694
5553
5509
5619
5723
5762
5836
5710
5713
5611
5688
5771
5816
5839
5764
5846
5751
5711
5613
5629
5800
5793
5822
5925
5798
5772
5761
5785
5771
5747
5726
5840
5904
6021
6226
6260
6223
6291
6280
6514
6401
6189
6232
6076
6213
6197
6155
6190
6172
6290
6153
6173
6047
5979
5903
6030
6091
5970
5866
5712
5692
5736
5603
5563
5712
5653
5719
5850
5847
5845
5943
5943
6031
5926
5580
5500
5602
5542
5495
5473
5454
5481
5593
5561
5629
5709
5665
5669
5638
5512
5496
5610
5714
5827
5760
5762
5921
5767
5669
5852
5782
5748
5796
5738
5715
5844
5679
5910
5942
5977
5982
6017
5990
6106
6024
6072
6086
6137
6137
6008
6029
5955
6079
6190
6186
6046
6051
6175
6215
6230
6272
6239
6308
6357
6260
6187
6156
6277
6370
6471
6290
6185
6022
6132
6071
5817
5798
5849
5779
5885
5901
5754
5823
5848
5987
5877
5843
5801
5739
5674
5586
5620
5655
5701
5689
5699
5829
5754
5825
5834
5984
6017
6091
6266
6237
6301
6228
6234
6324
6253
6246
6189
6164
6096
6077
6137
6178
5925
6016
6112
5903
5930
5820
5691
5748
5738
5812
5650
5793
5769
5800
5645
5688
5706
5726
5601
5735
5887
5902
5762
5672
5862
5855
5831
5670
5614
5607
5471
5622
5755
5804
6021
6162
6119
6196
6163
5986
6122
6028
6050
5961
5764
5739
5479
5398
5450
5669
5690
5633
5680
5708
5623
5527
5639
5572
5624
5533
5532
5522
5472
5561
5347
5459
5519
5610
5459
5331
5443
5463
5295
5295
5320
5325
5363
5193
5159
5189
5271
5315
5292
5273
5208
5445
5448
5463
5439
5723
5685
5709
5888
5881
6044
6216
6094
6258
6351
6364
6250
6308
6270
6425
6361
6272
6308
6287
6439
6295
6477
6347
6214
6359
6420
6334
6177
6171
6134
6122
6150
6097
6146
6196
6198
6244
6301
6197
6293
6291
6388
6378
6316
6289
6091
6053
6160
6248
6210
6015
5901
5985
5963
6148
6136
6303
6350
6218
6295
6256
6374
6557
6584
6425
6485
6678
6900
6889
6776
6864
6663
6693
6546
6554
6524
6486
6303
6279
6377
6272
6368
6494
6474
6643
6487
6491
6614
6521
6244
6422
6441
6472
6302
6391
6452
6471
6324
6451
6476
6407
6419
6234
6297
6204
6006
5935
6040
5919
5823
5697
5784
5638
5785
5648
5761
5644
5587
5450
5423
5488
5376
5299
5405
5341
5412
5249
5282
5280
5344
5250
5376
5444
5531
5603
5604
5598
5525
5640
5687
5609
5355
5373
5424
5644
5524
5530
5671
5718
5808
6033
6109
5903
5759
5774
5840
5703
5553
5557
5495
5358
5389
5525
5394
5310
5265
5384
5479
5525
5735
5705
5830
5759
5748
5677
5886
5950
6003
6156
6116
6223
6411
6347
6287
6243
6227
6101
6165
6379
6318
6297
6516
6603
6754
6900
6935
6795
6869
6929
6975
7033
6986
7000
6966
7129
7016
6991
6989
6993
7072
6919
6974
6896
7023
7124
7084
7038
7065
7228
7192
7290
7109
7275
7354
7237
7470
7417
7190
7222
7163
7134
6890
6932
6963
7002
7191
7157
7053
7055
6854
6868
6878
6863
6761
6886
6816
6939
6948
6807
6717
6684
6790
6675
6511
6645
6541
6667
6725
6850
6928
7062
7162
7154
7300
7111
7253
7258
7276
7204
7129
6996
6983
6845
6942
7045
6947
6985
6935
7160
7102
7308
7297
7232
7285
7175
7253
7142
7167
7221
7254
6995
6938
6810
6753
6810
6898
6771
6706
6713
6906
7045
7054
6927
6863
6831
6765
6961
6900
6800
6997
7208
7388
7521
7553
7551
7659
7512
7674
7610
7626
7543
7428
7408
7462
7494
7478
7410
7380
7526
7403
7399
7483
7529
7663
7720
7556
7641
7773
7682
7676
7651
7647
7874
7699
7715
7678
7528
7584
7423
7400
7328
7366
7252
7290
7199
6987
6930
6713
6671
6599
6760
6944
6771
6755
6437
6334
6308
6157
6170
6280
6639
6590
6400
6490
6571
6773
6798
6688
6867
6750
6650
6642
6450
6567
6614
6633
6538
6565
6489
6350
6187
6083
6120
6156
6143
6064
5989
5877
5870
5944
6105
6042
6010
6120
6024
6039
5903
5781
5841
5693
5742
5733
5879
5707
5765
5728
5506
5556
5384
5329
5419
5489
5506
5588
5459
5520
5569
5597
5669
5540
5640
5436
5304
5337
5435
5387
5420
5480
5489
5633
5650
5392
5373
5426
5628
5699
5783
5929
5776
6021
6171
6135
6185
6209
6084
5991
5894
5931
6130
6142
6014
5900
5944
5949
5826
5821
5699
5612
5677
5644
5549
5445
5502
5591
5680
5694
5721
5917
5903
5906
6018
6069
6091
5964
6279
6370
6164
6342
6311
6413
6429
6186
6332
6266
6322
6322
6373
6245
6366
6248
6221
6114
6219
6167
5964
6064
6112
6229
6225
6385
6518
6585
6582
6517
6485
6447
6317
6497
6621
6732
6736
6939
6978
6939
6754
6746
6895
6598
6695
6884
6935
6981
6912
7053
7159
7075
7125
7133
7264
7161
7229
7036
7234
7327
7217
7113
7050
6953
7202
7342
7234
7111
7104
7110
7056
6905
6647
6559
6582
6706
6647
6716
6868
6620
6591
6778
6785
6670
6743
6648
6771
6609
6556
6648
6691
6671
6709
6662
6698
6674
6911
6704
6781
6918
6942
6955
6812
6810
6747
6856
6901
6897
6865
6725
6664
6796
6869
6688
6680
6762
6858
6865
6979
7094
7011
6955
7211
6975
7123
7075
6980
6963
6964
6956
7077
7118
7316
7438
7612
7493
7542
7502
7350
7522
7818
7783
7748
7632
7537
7548
7517
7405
7392
7240
7229
7391
7586
7589
7643
7701
7834
7780
7739
7628
7630
7615
7771
7715
7534
7461
7318
7250
7314
7340
7328
7367
7384
7406
7696
7526
7673
7560
7634
7518
7442
7476
7418
7331
7319
7335
7201
7356
7566
7768
7720
7709
7822
7810
7843
8060
8152
8089
8199
8271
8294
8069
8082
7901
7726
7793
7368
7452
7597
7601
7625
7563
7719
7766
7658
7761
7839
7673
7653
7833
7840
7582
7517
7492
7474
7198
7156
7119
7226
7104
7145
7314
7421
7451
7251
7294
7353
7446
7673
7507
7340
7234
7449
7457
7537
7390
7218
7236
7300
7188
7018
6953
6979
6878
6831
6742
6860
6839
6914
6945
6900
7009
6983
7099
7069
6894
6884
6907
6870
6819
6849
6772
6712
6636
6675
6363
6277
6279
6158
6033
6015
6082
6299
6169
6232
6055
6107
6028
5981
5791
5722
5774
5897
5791
5649
5650
5767
5827
5751
5575
5590
5672
5733
5840
5866
5967
5778
5790
5828
5761
5755
5755
5808
5768
5591
5682
5891
6008
6132
6376
6342
6353
6250
6349
6213
6285
6430
6328
6263
6251
6270
6223
6362
6399
6570
6358
6523
6762
6866
6848
6642
6532
6439
6366
6458
6455
6499
6553
6538
6492
6487
6288
6211
6371
6588
6593
6775
6588
6423
6457
6349
6219
6241
6143
6083
6097
5915
5867
5920
5734
5751
5948
5792
5765
5682
5554
5615
5544
5516
5528
5566
5508
5622
5554
5572
5476
5638
5608
5724
6050
6134
6276
6178
6058
5981
5845
5766
5708
5505
5507
5531
5361
5290
5079
5088
5005
5238
5282
5100
5286
5146
4884
4864
4723
4637
4558
4578
4620
4567
4623
4557
4614
4675
4587
4502
4508
4535
4509
4510
4550
4538
4599
4698
4871
4887
4929
4880
4837
4754
4591
4565
4701
4798
4832
4791
4808
4754
4712
4554
4795
4722
4670
4619
4591
4517
4508
4407
4395
4416
4262
4254
4264
4268
4333
4290
4368
4512
4526
4574
4511
4427
4436
4396
4286
4386
4348
4414
4488
4626
4776
4817
4768
4718
4679
4685
4681
4560
4758
4760
4839
4855
4838
5017
5063
5065
5144
5220
5184
5250
5388
5344
5565
5715
5646
5666
5607
5525
5560
5602
5609
5672
5664
5911
5885
5627
5543
5595
5586
5515
5485
5571
5544
5481
5514
5415
5437
5573
5554
5699
5607
5682
5628
5696
5714
5625
5554
5628
5821
5759
5742
5786
5759
5850
5810
5910
5926
5818
5862
5810
5812
5683
5596
5496
5532
5553
5780
5802
5740
5729
5740
5691
5623
5801
5801
5656
5712
5636
5780
5646
5598
5734
5691
5661
5910
5929
5813
5813
5816
5884
5974
5982
6071
5994
6163
6045
6108
6031
5954
5912
5775
5725
5612
5722
5722
5785
5736
5743
5785
5935
6136
6114
6252
6182
6182
6146
6310
6156
6176
6268
6192
6075
6211
6409
6237
6339
6512
6572
6532
6398
6404
6244
6223
6156
6131
6153
6139
5948
6036
5871
5943
5842
6035
5958
5950
6094
5953
5966
5900
6025
5856
5845
5949
5887
5898
5951
5728
5728
5683
5624
5658
5792
5733
5746
5813
5655
5641
5812
5608
5464
5565
5667
5667
5654
5799
5888
5821
5857
5830
5745
5813
6006
5974
6010
6016
5759
5884
5951
6036
6077
6109
6175
6098
6249
6394
6517
6441
6468
6604
6718
6394
6450
6514
6486
6648
6721
6530
6687
6658
6487
6445
6552
6367
6313
6333
6294
6203
6231
6316
6270
6218
6296
6337
6252
6271
6151
6092
5828
5736
5674
5717
5609
5629
5717
5695
5855
5945
6045
6034
5966
6045
5856
5764
5704
5726
5696
5650
5665
5628
5633
5697
5604
5811
5717
5736
5775
5881
5873
5973
5956
6131
5972
6018
5827
5836
5794
5700
5544
5584
5399
5343
5519
5573
5703
5621
5654
5696
5921
5854
5746
5902
5817
5880
5765
5757
5654
5616
5937
5834
5954
5875
5959
5976
6019
6157
6129
6099
6169
6373
6573
6628
6437
6312
6402
6370
6179
6069
6072
6148
6217
6149
6141
6246
6117
6292
6414
6387
6271
6248
6318
6433
6292
6147
6111
6333
6317
6332
6441
6402
6394
6261
6337
6250
6093
6109
6090
6002
6192
6154
6261
6212
6344
6399
6363
6491
6369
6359
6380
6446
6496
6287
6164
6242
6238
6084
6157
6239
6229
6264
6228
6170
6127
6212
6346
6060
6028
6168
6228
6251
6283
6146
6226
6390
6329
6123
6139
6284
6369
6171
5932
5768
5789
5946
5772
5540
5497
5424
5435
5349
5448
5384
5362
5510
5840
5898
5802
5857
5842
5916
5991
5886
5928
5881
5827
5917
5880
5880
6047
6139
6168
6110
6065
5959
6268
6153
5970
5910
5821
5966
5974
5809
5864
5914
6015
6088
6184
6158
6085
6097
6204
6211
6078
5840
5833
5882
5718
5554
5708
5837
5849
5955
5867
5854
5812
5871
5678
5729
5592
5549
5527
5633
5709
5814
5799
5695
5689
5812
5713
5863
6018
6074
6150
6202
6341
6337
6321
6400
6506
6586
6542
6374
6556
6474
6656
6450
6303
6234
6171
5964
5932
5990
6053
6168
6229
6057
6095
6146
6153
6227
6115
6025
6062
6273
6328
6435
6280
6101
6123
6162
6021
5765
5822
5735
5687
5699
5633
5657
5638
5632
5545
5753
5580
5643
5686
5608
5669
5531
5459
5547
5577
5430
5498
5508
5284
5313
5295
5499
5408
5521
5481
5583
5509
5456
5551
5596
5592
5622
5607
5488
5424
5155
5164
5051
5078
4952
5037
4981
5035
5044
5210
5290
5501
5395
5388
5542
5651
5730
5881
6031
6124
6047
5964
5967
5866
5896
6002
5999
5992
6062
5935
5972
6031
5951
6034
5976
6080
6080
6179
6170
6053
6013
5781
5631
5335
5374
5326
5208
5122
5005
5046
5065
5008
4970
4881
4761
4666
4770
4775
4624
4623
4777
4730
4564
4580
4513
4596
4701
4869
4808
4740
4839
4748
5036
5120
5273
5209
5207
5232
5288
5379
5324
5378
5512
5544
5492
5243
5234
5286
5337
5113
5211
5303
5214
5157
5340
5468
5510
5693
5548
5411
5441
5540
5542
5539
5584
5713
5714
5578
5644
5664
5598
5629
5514
5396
5225
5168
5162
5066
4995
5137
5028
5122
5183
5228
5367
5517
5485
5487
5749
5543
5433
5432
5493
5470
5395
5540
5556
5562
5519
5538
5591
5662
5685
5539
5637
5646
5687
5595
5520
5549
5605
5450
5450
5454
5496
5641
5704
5626
5770
5802
5863
5687
5749
5815
5578
5514
5367
5374
5339
5357
5443
5353
5372
5496
5678
5652
5615
5480
5570
5642
5558
5684
5604
5611
5495
5414
5360
5592
5658
5675
5705
5592
5598
5811
5634
5687
5513
5509
5602
5553
5345
5523
5536
5563
5689
5571
5523
5485
5255
5346
5309
5278
5408
5273
5438
5612
5474
5507
5462
5343
5295
5409
5632
5621
5479
5452
5341
5463
5391
5306
5242
5316
5460
5288
5452
5442
5311
5260
4969
5018
4899
4816
4757
4797
4990
4861
4886
4861
4870
4890
5101
4955
4947
4920
5064
5028
5104
5239
5117
5164
5221
5257
5296
5275
5364
5357
5315
5490
5352
5464
5354
5303
5216
5074
5098
5053
5045
4994
5089
5116
4928
4812
4746
4578
4667
4576
4595
4593
4552
4440
4401
4320
4313
4110
4140
4321
4344
4398
4445
4381
4476
4588
4608
4501
4493
4392
4428
4381
4359
4403
4207
4134
4099
4000
4059
3980
3976
3869
4091
3968
4004
4036
3955
3921
3809
3866
4000
3976
3963
3971
4189
4194
4123
4134
4169
4188
4214
4276
4231
4211
4222
4434
4440
4487
4489
4512
4440
4540
4561
4561
4456
4359
4162
4160
4194
4194
4162
4207
4283
4208
4118
4062
3898
4008
4020
4165
4242
4293
4362
4207
4227
4221
4192
4360
4395
4378
4392
4421
4305
4244
4268
4285
4241
4214
4102
4043
3994
4036
3909
3911
3858
3867
3933
4026
3884
3945
3936
3921
4029
4052
4120
4126
4192
3945
4035
4124
4332
4110
4131
4125
4144
4346
4434
4562
4648
4712
4482
4536
4579
4612
4596
4692
4625
4781
4913
4971
4893
4848
4962
4950
4767
4828
4826
4867
4941
5139
5003
4943
4861
4860
4959
5047
5264
5340
5257
5271
5522
5520
5397
5300
5281
5106
5211
5206
5065
5234
5335
5261
5438
5433
5398
5322
5458
5388
5310
5424
5413
5579
5473
5385
5180
5133
5078
5201
5336
5218
5235
5072
5179
5233
5167
5158
5144
5068
5033
5146
5107
5164
5163
5124
5116
4854
4899
4982
5054
5087
5205
5201
5149
5255
5201
5186
5213
5133
5132
5018
5053
5079
5110
5033
5045
5176
5158
5108
5280
5140
5049
4882
4946
5030
5035
5126
4951
4881
4823
4879
4932
5095
4981
5018
4780
4761
4678
4680
4593
4668
4719
4669
4670
4654
4682
4687
4764
4728
4724
4708
4843
5050
5133
5389
5512
5544
5464
5471
5432
5486
5556
5597
5565
5494
5610
5453
5589
5566
5500
5652
5738
5821
5727
5688
5643
5694
5538
5619
5679
5674
5542
5535
5314
5271
5251
5307
5252
5386
5377
5447
5463
5616
5661
5491
5641
5594
5426
5410
5349
5441
5468
5408
5353
5354
5560
5471
5372
5455
5449
5417
5520
5422
5553
5760
5664
5720
5630
5467
5307
5267
5279
5230
5388
5357
5340
5330
5352
5498
5476
5363
5362
5427
5469
5309
5347
5330
5404
5505
5518
5541
5611
5752
5853
5837
5833
5745
5879
5960
6003
6080
6015
6145
6212
6257
6211
6139
6116
6312
6406
6284
6384
6618
6529
6306
6239
6137
6011
5951
5922
5921
5944
5899
5968
5850
5704
5652
5614
5504
5511
5364
5350
5396
5551
5533
5612
5789
5874
5698
5783
5732
5728
5901
5884
6074
6075
5984
5953
6018
6185
6100
6146
6134
6012
6008
6028
6002
6164
6178
5945
5825
5774
5857
5972
5867
5731
5610
5633
5595
5456
5382
5448
5255
5354
5315
5320
5411
5311
5457
5339
5389
5313
5356
5453
5563
5696
5682
5693
5781
5682
5678
5646
5754
5826
5744
5823
5780
5733
5848
5862
5983
5814
5786
5587
5694
5624
5676
5665
5506
5458
5241
5309
5337
5361
5561
5722
5748
5847
5687
5800
5707
5571
5731
5706
5691
5753
5752
5947
5980
6107
6003
5929
5886
5824
5971
5679
5798
6059
6122
6211
5986
6193
6177
6015
5935
5828
5754
5962
5995
5991
5968
5955
5792
5898
5760
5773
5826
6005
5910
6037
6125
6144
6160
6274
6312
6384
6418
6186
6061
6088
5920
5935
6041
6210
6248
6125
6139
6249
6066
5986
6016
5866
5874
5807
5796
5723
5790
5799
5784
5749
6015
5866
5860
5868
6132
6003
6055
6123
6107
6396
6338
6249
6211
6141
6135
6130
6173
6116
6106
6272
6077
6109
6082
6077
6059
5878
5857
5808
6009
5991
6004
6157
6278
6301
6451
6394
6521
6626
6712
6798
6852
6943
6918
6959
6939
6623
6599
6557
6501
6526
6448
6459
6490
6502
6573
6504
6463
6538
6738
6789
6769
6908
6748
6755
6592
6659
6794
6726
6774
6747
6878
6655
6758
6533
6419
6456
6448
6569
6590
6708
6404
6549
6530
6451
6616
6766
6725
6576
6531
6670
6752
6710
6823
6821
6780
7115
7020
6993
7001
7018
6959
6880
6865
6775
6663
6566
6594
6608
6532
6561
6464
6461
6305
6445
6541
6505
6493
6203
6349
6224
6416
6280
6122
6009
6037
6053
6089
6168
6282
6397
6411
6247
6377
6491
6408
6388
6413
6432
6486
6571
6492
6558
6599
6543
6661
6445
6505
6391
6405
6313
6279
6276
6262
6416
6291
6208
6168
6132
6259
6277
6231
6257
6316
6521
6450
6569
6661
6577
6639
6477
6532
6327
6233
6272
6305
6404
6318
6225
6151
6186
6111
5976
6144
6165
6051
5992
5866
5752
6002
6036
5958
5950
5904
5905
5804
5672
5673
5827
5617
5657
5700
5745
5720
5829
5622
5665
5811
5901
5805
5832
5897
5956
6005
6061
5998
5956
5920
5858
5811
5738
5703
5786
5729
5867
5852
5878
5776
5812
5713
5616
5679
5514
5570
5421
5386
5342
5529
5548
5650
5533
5503
5493
5691
5853
5837
5838
5733
5891
5826
5866
5853
5654
5577
5561
5464
5524
5444
5484
5429
5456
5435
5584
5658
5847
5689
5639
5579
5538
5414
5428
5463
5348
5477
5593
5652
5653
5808
5700
5566
5648
5792
5934
6008
6198
6214
6291
6234
6250
6207
6438
6365
6414
6551
6315
6414
6400
6294
6228
6202
6226
6029
6161
6067
6048
6170
6171
6075
5919
6017
5968
5990
6028
6199
6121
6193
6324
6358
6230
6433
6629
6735
6936
6947
6871
6878
6774
6873
6666
6640
6844
6882
6809
6880
6940
6740
6694
6779
6681
6558
6516
6610
6531
6410
6381
6525
6604
6710
6675
6818
6879
6909
7014
6885
7037
7173
6879
6687
6961
7002
6826
6808
6738
6620
6602
6600
6648
6824
6849
6870
6953
6951
6900
6733
6732
6785
6671
6578
6601
6563
6589
6427
6417
6606
6362
6187
6145
6125
6108
6112
