1005000
267535
173857
129746
102359
85229
72592
62916
55928
50073
44744
41191
37664
34827
32106
30137
28499
26555
25134
23769
22500
21714
20565
19500
18735
17977
17268
16404
15843
15288
14684
14342
13879
13670
13294
12982
12549
12138
11763
11506
11354
11026
10969
10246
9934
9746
9538
9412
8832
8963
8791
8808
8638
8464
8218
8087
7943
7720
7656
7571
7240
7206
7049
6868
6756
6634
6513
6456
6581
6276
6185
6064
6008
6171
6112
6201
5986
5923
5819
5727
5752
5576
5536
5484
5427
5312
5131
5010
5071
4912
4682
4640
4597
4498
4339
4117
4222
4305
4419
4479
4531
4563
4574
4546
4406
4444
4434
4484
4408
4369
4545
4467
4661
4540
4515
4572
4518
4440
4324
4263
4066
4060
3906
3847
3661
3655
3711
3746
3675
3742
3619
3449
3514
3401
3558
3469
3452
3511
3567
3541
3557
3711
3653
3626
3684
3636
3700
3692
3753
3641
3719
3708
3722
3682
3638
3536
3420
3405
3345
3381
3145
3279
3213
3218
3316
3427
3548
3560
3678
3738
3840
3880
3833
3776
3837
3937
3924
3970
3832
3918
3935
3946
4149
4199
4286
4436
4470
4556
4567
4498
4375
4336
4359
4380
4281
4183
4127
4040
3888
4016
4058
4117
4051
4001
4084
4192
4109
4064
3974
4102
4231
4414
4354
4385
4307
4270
4199
4250
4279
4176
4076
4089
3915
3924
3996
3982
4072
4054
3953
3839
3823
3686
3667
3722
3566
3602
3656
3631
3589
3585
3560
3467
3540
3492
3458
3326
3310
3331
3118
3189
3270
3294
3294
3265
3198
3270
3347
3352
3256
3288
3263
3191
3048
3145
3201
3142
3218
3165
3199
3049
3015
3119
3009
2958
2959
2986
2783
2731
2728
2678
2591
2646
2632
2622
2674
2770
2781
2706
2741
2800
2611
2626
2772
2890
2837
2854
2928
2995
2821
2878
2911
2893
2910
2849
2848
2861
2737
2683
2677
2644
2617
2712
2547
2557
2443
2343
2324
2347
2308
2389
2460
2545
2607
2671
2727
2675
2739
2869
2856
2881
2793
2808
2842
2801
2757
2685
2673
2698
2736
2848
2908
2892
2838
2859
2877
2731
2795
2685
2658
2596
2635
2586
2460
2559
2526
2560
2541
2593
2687
2761
2817
2874
2894
2909
2962
2926
2893
2992
2891
2886
2808
2830
2814
2688
2799
2881
2833
2935
2979
3153
3162
3123
3182
3111
3161
3232
3126
3145
3187
3307
3313
3221
2994
3043
3082
3166
3243
3248
3309
3394
3499
3544
3534
3584
3574
3727
3822
3880
3963
4002
3899
3777
3754
3793
3774
3876
3785
3849
3795
3826
3800
3883
3988
3851
3703
3748
3777
3882
4004
4057
3888
3970
4029
4084
4204
4211
4237
4392
4407
4393
4593
4693
4649
4464
4580
4568
4711
4794
4958
5019
5091
4993
4961
5083
5158
5130
5235
5234
5431
5331
5311
5427
5318
5357
5346
5220
5214
5078
5158
5315
5431
5331
5288
5130
5080
5180
5358
5395
5370
5254
5331
5341
5489
5403
5443
5356
5156
5170
5163
5189
5177
5075
5354
5354
5224
5132
5250
5475
5601
5563
5464
5470
5340
5548
5573
5358
5640
5620
5696
5527
5706
5801
5714
5796
5815
5842
6096
6091
6206
6069
6259
6258
6174
6303
6382
6423
6452
6551
6518
6385
6233
6227
6277
6274
6173
6090
6168
6304
6302
6371
6251
6245
6179
6144
6395
6374
6367
6229
6304
6319
6300
6254
6303
6382
6152
6172
6169
6119
6111
6160
6091
6069
6267
6057
6091
6110
6236
6186
6213
6241
6460
6426
6412
6273
6370
6429
6331
6519
6460
6452
6421
6402
6489
6458
6417
6427
6402
6448
6464
6532
6355
6252
6231
6076
6106
6125
6051
6176
6178
6220
6106
6178
6391
6270
6338
6186
5992
5785
5784
5830
5865
5868
5897
5834
5889
6065
6276
6125
6236
6177
6388
6272
6297
5949
5925
5887
5955
5853
5748
5755
5728
5496
5582
5476
5460
5430
5465
5445
5330
5288
5208
5212
5322
5443
5487
5556
5367
5438
5257
5295
5439
5543
5780
5831
5542
5533
5450
5379
5473
5323
5370
5343
5421
5402
5323
5272
5146
5026
5024
5063
5075
5217
5255
5015
4996
4931
4946
4872
4924
5029
5031
5034
5035
4904
4849
4677
4861
4864
4975
5051
5096
5049
4966
5051
5104
5075
5160
5048
4999
5123
5197
5261
5207
5223
5061
4991
5044
4972
4999
5047
5159
5159
5228
5109
5092
5220
5367
5617
5731
5617
5685
5714
5790
5716
5744
5804
5716
5724
5843
5996
5797
5721
5814
5810
5871
5740
5896
5948
6026
5806
5656
5558
5671
5671
5771
5785
5697
5736
5670
5607
5648
5445
5465
5503
5549
5541
5483
5627
5635
5691
5720
5721
5624
5679
5690
5773
5701
5685
5683
5570
5394
5309
5332
5284
5391
5373
5314
5274
5483
5449
5496
5705
5861
5690
5660
5674
5667
5791
6048
6231
6211
6196
6165
6115
6191
6171
6103
6003
6030
5967
5948
5887
5942
5848
5786
5733
5702
5503
5379
5428
5538
5531
5510
5539
5490
5526
5498
5442
5388
5422
5484
5488
5529
5561
5573
5671
5567
5607
5541
5616
5643
5660
5737
5634
5509
5522
5689
5619
5627
5835
5865
5922
5972
6153
6208
6293
6217
6289
6239
6155
6181
6172
6082
5980
5842
5899
5694
5782
5929
5793
5846
5886
5815
5695
5533
5511
5489
5618
5668
5693
5543
5567
5547
5778
5508
5462
5411
5371
5222
5062
4967
4957
5000
4880
4860
4876
4849
4856
4785
5023
5133
5283
5274
5296
5260
5110
5210
5311
5392
5406
5328
5390
5224
5213
5118
5021
4921
4956
4862
4868
4962
4911
5029
4949
4819
4678
4647
4799
4737
4857
4919
4849
4884
4833
5095
4997
4861
4735
4429
4367
4379
4533
4475
4593
4734
4878
4768
4751
4720
4726
4755
4854
4820
4929
4828
4864
4947
4816
4572
4595
4762
4778
4663
4697
4666
4804
4877
5043
4951
4879
4821
4929
5081
5170
5286
5335
5553
5655
5843
5892
5940
5854
5914
5933
5949
5789
5715
5897
5944
5905
5799
5856
5788
5819
5938
5966
6113
5882
5909
5780
5826
5637
5606
5597
5716
5749
5570
5527
5635
5443
5549
5662
5660
5642
5677
5547
5431
5371
5333
5477
5349
5401
5528
5513
5544
5504
5489
5378
5375
5313
5179
5193
5264
5291
5172
5503
5492
5656
5625
5635
5591
5549
5678
5741
5617
5758
5765
5634
5667
5757
5823
5695
5755
5758
5725
5878
5810
5829
5689
5653
5609
5566
5441
5523
5552
5512
5550
5519
5652
5452
5505
5527
5468
5352
5441
5430
5189
5240
5324
5388
5350
5158
4998
4935
4980
5092
5160
5012
4956
5044
4981
4908
4865
4965
4930
4754
4902
4991
4981
4967
5125
5315
5315
5164
5082
5054
4972
4951
4890
5191
5211
5365
5291
5314
5340
5319
5201
5321
5336
5407
5537
5326
5333
5317
5346
5364
5140
5226
5114
5069
5137
5024
5043
4918
5024
4799
4821
4731
4817
4787
4883
4833
4957
4890
4905
5021
4854
4855
4869
4866
4876
4993
5010
5146
5019
5071
5084
5087
5194
5324
5314
5372
5367
5333
5204
5512
5687
5714
5957
5964
5886
5844
5924
5900
5752
5714
5801
5818
5882
6028
6001
5775
5719
5723
5594
5680
5745
5974
6231
6114
6122
6093
6139
6328
6292
6431
6534
6479
6598
6565
6533
6606
6634
6710
6608
6585
6672
6605
6425
6629
6657
6732
6715
6657
6683
6596
6576
6396
6500
6290
6299
6109
6110
5904
6039
6167
6084
6156
6040
6110
6246
6313
6588
6654
6601
6515
6252
6410
6473
6627
6592
6754
6922
7006
6860
6940
6812
6749
6910
6918
7086
7124
7119
7046
7087
7063
6973
7038
7162
7249
7393
7130
7062
6964
6984
6935
6908
6704
7013
7081
7043
7133
7124
7245
7487
7549
7546
7300
7189
7155
7244
7281
7292
7514
7526
7770
7961
7997
7854
7832
7621
7632
7656
7654
7715
7490
7382
7480
7699
7588
7558
7428
7384
7473
7446
7524
7467
7537
7493
7497
7470
7375
7488
7313
7251
7115
7004
6961
6940
6884
6958
6843
6693
6683
6657
6841
6687
6581
6656
6541
6352
6166
6013
5977
6031
5936
5917
5800
5981
5738
5620
5430
5436
5339
5358
5404
5443
5412
5364
5176
5182
5166
5117
5286
5392
5423
5603
5536
5607
5702
5734
5827
6039
6136
6318
6212
6168
6134
6217
6329
6272
6315
6057
6034
6172
6149
6169
6162
6188
6137
6136
6171
6125
6132
6133
6300
6316
6625
6637
6755
6657
6341
6318
6173
6107
6028
6136
6220
6141
6139
6045
5754
5678
5693
5655
5704
5629
5730
5732
5719
5581
5577
5431
5369
5283
5211
5181
5283
5132
5062
5065
5202
5206
5112
4957
5173
5050
5002
4994
4985
5059
5148
5130
5449
5530
5639
5674
5730
5774
5766
6015
6008
6184
6161
6191
6252
6063
5899
5777
5622
5683
5591
5512
5496
5701
5721
5790
5728
5757
5646
5527
5570
5610
5736
5748
5825
5790
5710
5554
5751
5810
5841
5695
5496
5500
5651
5619
5578
5704
5810
5754
5849
5921
5786
5855
5834
5639
5724
5593
5591
5552
5593
5574
5512
5466
5640
5634
5535
5638
5645
5602
5630
5635
5623
5630
5482
5509
5393
5446
5409
5318
5122
5048
5098
5162
5303
5118
5190
4864
4973
5082
5241
5348
5337
5380
5393
5363
5284
5189
5212
5107
4911
4908
4896
5035
5006
5088
5111
5197
5227
5422
5533
5470
5244
5214
5215
5126
4936
5021
4862
4897
4941
5056
5142
5173
5190
5416
5387
5352
5489
5451
5247
5148
5137
5116
5336
5446
5236
5075
5121
5175
4963
4974
4968
4840
4918
4927
4922
4909
5017
4913
4752
4746
4761
4960
5057
4914
4892
4872
4976
4969
4926
4889
4879
4989
5055
5082
5085
5016
5029
5010
5016
4841
4867
4907
4827
4800
4818
4811
4724
4689
4821
4755
4643
4722
4747
4798
4758
4765
4658
4639
4750
5001
5095
5019
5095
5159
5029
5235
5361
5357
5408
5501
5676
5699
5629
5474
5675
5749
5777
5682
5758
5754
5753
5656
5422
5572
5639
5698
5732
5702
5761
5764
5720
5771
5938
5936
5870
5769
6000
6194
6097
6115
6193
6077
5989
5738
5786
5824
5986
5935
5907
6052
6103
6116
6357
6238
6343
6302
6278
6320
6206
6051
5841
5860
5984
6116
6050
6018
5857
5818
5700
5748
5764
5562
5573
5508
5608
5646
5498
5480
5486
5447
5384
5427
5508
5539
5427
5446
5373
5356
5308
5303
5453
5453
5331
5320
5275
5259
5133
5213
5384
5449
5483
5508
5619
5466
5410
5553
5598
5640
5713
5846
5798
5768
5987
5973
5890
5835
5869
5975
5914
6065
6300
6316
6220
6297
6492
6436
6619
6440
6342
6441
6440
6387
6471
6447
6444
6448
6257
6033
5991
6274
6501
6400
6530
6470
6389
6336
6241
5992
6132
6051
6035
5911
5868
5916
5982
6045
6022
5989
6034
6129
6224
6349
6368
6426
6513
6557
6434
6279
6529
6571
6333
6311
6278
6129
5969
5910
5779
5928
6036
6138
6155
5942
6059
6093
6119
6201
5928
6008
5985
5996
6055
5889
6052
6046
6035
5898
5843
5789
5699
5643
5545
5840
5865
5737
5916
5960
6178
6100
6218
6307
6498
6510
6590
6669
6654
6789
6791
6815
7052
7072
6952
6662
6569
6520
6616
6742
6875
6927
6973
6850
6718
6667
6875
6718
6553
6584
6386
6397
6340
6440
6505
6381
6293
6249
6301
6364
6579
6468
6478
6498
6472
6244
6090
6127
6176
6296
5911
6016
5997
6016
5870
5807
5779
5677
5780
5906
5989
5975
6013
6023
6140
6111
6153
6316
6515
6429
6346
6126
6270
6316
6340
6261
6491
6630
6632
6664
6737
6729
6565
6533
6575
6498
6523
6632
6610
6581
6458
6465
6659
6793
6560
6459
6499
6595
6434
6208
6013
5940
6067
5949
5963
6094
6085
6236
6458
6358
6331
6217
6129
6140
6071
5972
5734
5729
5702
5654
5842
5716
5734
5809
5896
5969
6077
6149
6051
6045
6018
6186
6009
6043
6025
6051
6029
5975
5951
5703
5647
5619
5664
5676
5681
5946
5837
5881
5785
5679
5900
5989
6039
5993
6021
6162
6108
6357
6289
6348
6462
6480
6559
6797
6643
6647
6616
6551
6639
6663
6740
6797
6786
6670
6684
6523
6595
6488
6379
6368
6518
6534
6478
6445
6475
6455
6415
6548
6551
6749
6731
6698
6907
6825
6686
6655
6447
6445
6519
6538
6513
6559
6355
6511
6515
6291
6283
6236
6280
6339
6367
6346
6453
6426
6419
6181
5896
5923
5804
5972
5764
5844
5795
5954
5755
6010
5944
6012
5847
5951
5881
5990
5814
5995
6093
6191
6168
6069
6089
6139
6175
6226
6237
6247
6200
6329
6236
6081
5974
5996
6039
6030
5962
5941
5983
6198
6134
6159
6213
6202
6301
6237
6390
6580
6607
6732
6671
6576
6665
6724
6743
6718
6751
6645
6666
6690
6764
6874
6923
6996
7000
6929
6731
6780
6800
6677
6699
6647
6766
6788
6807
6765
6864
6949
7032
6987
6762
6597
6685
6722
6728
6642
6639
6523
6491
6584
6572
6507
6468
6418
6436
6467
6581
6653
6630
6621
6519
6350
6470
6667
6632
6770
6861
6562
6613
6553
6419
6170
6071
6093
6020
6067
6012
5880
5941
6012
6071
6103
6075
5949
5957
5994
5954
5903
5984
5851
5796
5665
5606
5528
5465
5542
5550
5353
5258
5109
5022
5256
5067
5088
4853
5101
5291
5437
5419
5395
5612
5542
5667
5684
5707
5672
5781
5822
5989
5991
5873
5915
5934
5957
5861
5733
5932
5882
5736
5842
5821
5896
6101
6265
6287
6215
6149
6211
6331
6353
6480
6523
6491
6499
6308
6274
6270
6112
6122
6119
5997
5903
5891
5946
6240
6154
6085
6094
6149
6081
6090
6145
6358
6328
6293
6374
6227
6247
6277
6055
6131
6118
6043
5994
6075
6270
6319
6310
6266
6309
6260
6351
6217
6364
6372
6534
6573
6294
6347
6308
6326
6448
6445
6179
6279
6322
6279
6262
6570
6636
6672
6775
6842
6804
6747
7001
7034
7036
6897
6899
6961
6973
6823
6869
6811
6668
6518
6416
6407
6398
6408
6344
6392
6290
6280
6321
6336
6208
6273
6152
6195
6125
5963
5954
5949
6095
5932
5914
6007
6077
6236
6230
6311
6549
6444
6685
6855
6730
6641
6603
6584
6710
6787
6851
6733
6738
6905
6819
7052
7310
7505
7513
7564
7591
7606
7564
7502
7439
7413
7183
7040
7203
6951
6904
7013
7042
7199
7256
7200
7271
7315
7325
7329
7240
7348
7175
7435
7313
7190
7145
7004
7014
6958
6995
7149
7205
7146
7202
7044
6822
6613
6567
6592
6413
6323
6396
6388
6364
6164
6165
6217
6166
6048
5997
6048
5873
5667
5703
5702
5686
5565
5609
5504
5617
5644
5569
5602
5618
5690
5581
5488
5537
5488
5372
5484
5556
5660
5594
5542
5446
5570
5732
5754
5794
5933
5976
5914
6052
6143
6050
6192
6380
6323
6425
6545
6836
6843
6824
6769
6673
6569
6600
6556
6472
6431
6472
6372
6549
6474
6424
6443
6499
6612
6677
6744
6733
6841
6774
6937
7049
7117
7153
7098
7083
7230
7122
7286
7179
7029
6947
6961
6898
6965
7015
6889
6895
7079
6908
6846
6969
6864
6793
6751
6900
6873
7109
7118
7205
7127
7326
7493
7635
7461
7413
7549
7733
7674
7627
7601
7787
7558
7644
7637
7782
7780
7526
7450
7463
7362
7389
7474
7646
7549
7710
7864
7879
7925
8049
8075
8154
8237
8098
8119
8023
8002
7899
7941
7977
8236
8315
8189
8228
8329
8446
8304
8484
8340
8306
8229
8145
7854
7886
7733
7733
7892
8215
8233
8108
8228
8011
8154
8038
7995
8068
8128
8149
8326
8520
8478
8355
8265
8269
8170
8344
8303
8415
8330
8371
8198
8469
8340
8295
8246
8376
8403
8235
8090
8005
8036
8176
8431
8353
8348
8273
8113
8167
8005
7980
7925
7894
8057
8206
8320
8539
8495
8585
8631
8739
8638
8521
8504
8518
8359
8369
8265
8271
8097
7901
8009
8137
8263
8434
8327
8365
8214
8198
8167
8310
8468
8419
8578
8863
8764
8611
8740
8802
8961
8923
8787
8539
8524
8619
8527
8542
8436
8294
8265
8416
8290
8199
8304
8357
8335
8728
8550
8454
8374
8408
8438
8260
8217
7953
7921
7867
7891
7671
7566
7671
7633
7837
7949
7767
7802
7723
7577
7647
7629
7447
7553
7683
7818
8116
8066
8165
8178
8121
8087
8043
7999
8043
7963
7802
7936
7998
8020
7999
8040
7965
7748
7780
7684
7661
7502
7359
7275
7277
7491
7434
7534
7522
7532
7448
7258
7175
6940
6847
6842
6784
6747
6790
6814
6948
7081
7087
7271
7144
7143
7238
7311
7099
7208
6876
7103
7148
7035
7068
7316
7308
7223
7163
7150
7109
7014
6972
7166
7018
7057
7099
7209
7218
7268
7355
7296
7278
7182
7189
7390
7475
7393
7508
7515
7367
7307
7150
7090
7203
7147
7015
7064
7004
6996
7026
6986
7012
7005
6882
7025
6930
6794
6788
6737
6574
6785
6736
6686
6556
6504
6387
6370
6533
6585
6619
6608
6620
6535
6611
6726
6637
6525
6601
6617
6625
6536
6357
6553
6322
6120
6048
6075
5996
5996
5946
5939
5872
5789
5792
5953
5866
5917
5934
5699
5852
5752
5765
5841
6013
6023
6254
6181
5975
6132
5826
5785
5896
5916
5986
6005
6005
6074
6029
5967
6012
6004
6008
6045
6119
6008
6162
6183
6314
6254
6390
6346
6337
6329
6375
6341
6141
6047
6049
5993
5885
6092
6092
6039
5967
5849
5972
6080
5951
6150
6283
6204
6390
6453
6408
6317
6346
6431
6423
6635
6623
6629
6561
6670
6558
6301
6357
6248
6338
6389
6624
6486
6541
6588
6612
6437
6527
6697
6698
6666
6756
6832
6926
6853
7000
7132
7007
7116
6821
7033
6997
7043
7165
7166
7018
7006
7034
6971
7116
7317
7346
7452
7583
7500
7311
7210
7357
7299
7301
7427
7309
7351
7380
7241
7190
7133
7020
6902
6982
7059
6928
6639
6627
6415
6491
6273
6310
6336
6325
6285
6411
6488
6464
6331
6311
6399
6415
6428
6299
6316
6306
6302
6358
6336
6254
6445
6337
6325
6412
6445
6224
6150
6089
6175
6025
6016
6159
6173
6177
6112
6162
6003
5937
5899
5953
5976
5992
6055
6181
5979
6044
6216
6116
6194
6333
6278
6148
6022
6091
6036
6114
5899
5826
6087
6173
6143
6224
6315
6326
6252
6235
6183
6155
6064
6181
6229
6284
6208
6241
6266
6202
6118
6313
6308
6365
6472
6301
6295
6297
6360
6443
6527
6379
6450
6438
6585
6676
6647
6376
6407
6311
6354
6238
6227
6235
6424
6513
6696
6808
6822
6627
6715
6617
6628
6577
6469
6421
6447
6445
6418
6132
6092
6120
6091
5988
6020
5942
5899
5885
5935
6065
6043
6109
5988
6054
6129
6166
6003
5825
5701
5853
5867
5633
5744
5688
5607
5479
5512
5417
5634
5794
6003
6063
5752
5505
5519
5424
5584
5654
5574
5612
5760
5699
5559
5589
5663
5509
5629
5717
5715
5739
5774
5673
5757
5836
5737
5651
5570
5613
5723
5811
5865
6014
5835
5695
5872
5809
5991
6121
6186
6080
6195
6206
6278
6363
6365
6306
6297
6413
6562
6365
6398
6406
6380
6303
6243
6357
6380
6439
6121
6102
5932
5803
5650
5758
5693
5528
5536
5483
5440
5555
5535
5479
5496
5714
5925
6170
6318
6494
6395
6480
6531
6673
6864
6785
6808
6862
6878
6887
6881
6662
6531
6526
6430
6538
6529
6610
6566
6386
6358
6358
6180
6162
6139
6033
6022
5962
5891
5877
5942
5824
5864
5852
5726
5656
5677
5744
5734
5629
5630
5685
5676
5709
5686
5806
5897
5862
5943
5920
5868
5844
5690
5716
5658
5658
5621
5642
5690
5651
5543
5511
5691
5624
5675
5762
5644
5320
5389
5424
5476
5566
5559
5742
5872
6057
5914
5853
5876
5803
5719
5775
5703
5731
5932
5920
5935
6016
5970
5915
5973
5876
5761
5798
5736
5749
5845
5733
5667
5677
5562
5398
5406
5356
5373
5487
5515
5426
5523
5629
5645
5604
5488
5291
5386
5185
5189
5063
5069
5092
5081
5206
5164
5156
5154
5255
5280
5472
5491
5542
5636
5654
5788
5906
5803
5840
6030
5907
5954
5969
5911
5713
5705
5708
5723
5755
5740
5670
5568
5405
5642
5658
5640
5787
5764
5834
5752
5874
5802
5663
5700
5456
5503
5595
5765
5758
5744
5749
5765
5818
5811
5759
5691
5770
5581
5721
5763
5789
5456
5641
5670
5662
5616
5635
5641
5650
5725
5691
5814
5818
5773
5839
5914
6002
6072
6084
6140
6128
6057
6035
6107
6037
6066
6083
6099
5996
5912
5902
5594
5345
5268
5410
5309
5167
5067
4983
5015
5114
5444
5592
5545
5598
5612
5587
5403
5410
5541
5610
5443
5511
5667
5835
5851
5889
5880
5761
5804
5809
5903
6035
5975
5923
5776
5718
5819
5901
6107
6344
6579
6470
6397
6352
6348
6229
6280
6183
6189
6263
6289
6162
5961
6033
5902
6060
5993
6222
6093
6151
6169
6059
6066
6088
6107
6070
6081
6094
6168
6228
6278
6343
6313
6301
6302
6387
6453
6303
6439
6457
6609
6725
6856
6869
6805
6797
6875
6995
6914
6858
6617
6673
6777
6665
6693
6917
6942
7173
7090
6910
6880
6936
6891
6759
6676
6571
6690
6518
6722
6777
6899
6945
7227
7315
7254
7335
7315
7243
7185
7061
7006
6930
6938
6971
6964
6979
7032
7163
7306
7129
7451
7445
7330
7449
7463
7376
7230
7364
7376
7341
7465
7459
7494
7556
7662
7753
7818
7759
7705
7750
7893
7950
8029
7929
7852
7791
7712
7739
7718
7741
7572
7528
7711
7697
7519
7558
7594
7813
7781
7630
7837
7867
7636
7613
7548
7398
7311
7439
7359
7251
7127
6845
6971
6918
6758
6482
6334
6134
5948
5917
5813
5699
5619
5607
5600
5642
5791
5957
6017
5933
5887
5912
6099
6117
6151
6133
6146
5928
5955
6091
6076
6076
6172
6058
5949
5873
5796
5863
5835
5834
5638
5591
5620
5711
5677
5649
5652
5556
5407
5280
5373
5509
5549
5669
5584
5496
5399
5413
5542
5531
5602
5557
5553
5393
5346
5155
5276
5326
5233
5422
5412
5496
5685
5365
5512
5462
5320
5364
5429
5372
5492
5659
5917
6104
5978
6086
5992
6153
6276
6311
6358
6482
6787
7011
7116
7263
7246
7007
7115
7024
7116
6988
7093
7079
7219
7147
7079
7153
7130
7264
7367
7322
7127
7070
7051
7169
6947
6920
7014
7118
7106
6912
6793
6844
6853
6922
6929
6954
6965
6805
6811
6789
6747
6787
6730
6754
6634
6642
6645
6636
6609
6533
6619
6544
6456
6419
6517
6546
6491
6504
6428
6530
6614
6690
6682
6563
6681
6443
6549
6641
6693
6874
6807
6815
6912
6848
6673
6702
6716
6690
6807
6783
6709
6536
6397
6314
6031
6020
5951
6059
6103
6348
6326
6350
6446
6327
6311
6194
6099
6110
6094
6084
5973
5983
5917
5835
5720
5736
5853
5848
6109
6189
6228
6138
6082
6156
6314
6285
6328
6399
6520
6307
6097
6108
6148
6110
6342
6338
6567
6645
6646
6670
6509
6382
6525
6469
6426
6347
6252
6262
6191
6134
6271
6242
6072
6115
6308
6266
6293
6424
6221
6101
6133
6125
6299
6100
6110
6400
6373
6427
6379
6508
6488
6416
6187
6037
5980
6211
6268
6260
6352
6312
6474
6500
6595
6688
6664
6556
6593
6629
6627
6657
6771
6663
6618
6342
6376
6372
6310
6443
6541
6449
6568
6508
6546
6680
6682
6784
6657
6635
6788
6904
6794
6854
6759
6812
6651
6509
6706
6716
6641
6633
6584
6469
6586
6640
6668
6423
6437
6372
6305
6362
6421
6515
6558
6384
6278
6322
6318
6307
6248
6326
6324
6520
6587
6814
6938
6820
6820
6702
6662
6694
6783
6765
6720
6598
6660
6932
6967
7017
7030
6908
6824
6853
6962
6897
7034
7053
6949
6994
6962
6952
7035
6877
6811
6932
6857
6806
6866
7090
7097
6959
7187
7018
6927
6772
7089
7044
7190
7165
7379
7472
7563
7763
7754
7594
7560
7387
7551
7416
7493
7417
7341
7267
7327
7263
7258
7153
7153
7209
7345
7372
7267
7106
7142
7063
7098
7083
7194
7167
7134
7040
7110
6858
6822
6860
6891
7087
7049
7047
7043
7083
6954
6809
6835
6965
6926
6720
6612
6637
6482
6546
6684
6580
6876
6852
6892
6910
7078
7038
6917
6860
6891
6911
6875
7086
7037
6957
6943
7002
7082
7189
7210
7275
7244
7129
7098
7234
7410
7550
7530
7484
7444
7490
7478
7476
7292
7235
7194
6967
6839
6708
6650
6723
6632
6793
6665
6622
6573
6485
6310
6365
6229
6055
5860
6012
5977
5997
5869
5787
5885
6046
6015
6053
5906
5759
5744
5698
5814
5820
5669
5517
5639
5644
5667
5787
5857
5968
6073
6050
5898
5995
5905
5891
5776
5825
5872
5781
5882
5885
5780
5745
5716
5505
5427
5270
5183
5188
5120
5194
5338
5339
5244
5202
5175
5170
5314
5295
5363
5377
5682
5788
5686
5593
5767
5791
5973
6038
6024
5709
5676
5531
5572
5444
5276
5446
5465
5480
5495
5641
5333
5315
5508
5329
5393
5444
5488
5568
5569
5608
5699
5598
5577
5427
5597
5691
5772
5744
5828
5970
6040
6071
6064
6099
6018
5931
6055
6069
5987
5970
5947
5909
5786
5703
5658
5602
5438
5462
5430
5421
5385
5584
5591
5600
5559
5658
5735
5746
5825
6023
5775
5790
5798
5775
5759
5968
6053
5889
5985
5994
5774
5912
5738
5705
5804
5757
5728
5644
5357
5416
5547
5761
5934
5937
6014
5726
5767
5638
5646
5711
5750
5849
5864
5900
5742
5768
5535
5619
5592
5671
5766
5625
5614
5694
5901
5834
5836
5890
5958
5932
5941
5927
5775
5883
5919
6013
6038
6009
5857
5802
5833
6047
6092
6048
6125
5965
5984
5832
5724
5453
5485
5677
5708
5804
5876
5981
5774
5887
5854
5735
5714
5657
5530
5494
5295
5213
5427
5390
5564
5519
5408
5337
5321
5251
5396
5304
5347
5387
5455
5293
5236
5454
5488
5294
5226
5250
5208
5339
5405
5440
5488
5450
5642
5673
5746
5900
5856
5938
5877
5928
5862
5968
5763
5823
5802
5794
5772
5686
5835
5719
5698
5610
5546
5625
5643
5784
5977
5873
6008
6252
6157
6199
6203
6242
6122
6136
6130
6086
5846
5952
5890
5824
5918
5923
6177
6121
6198
6287
6443
6479
6441
6583
6671
6740
6419
6489
6494
6622
6622
6596
6440
6389
6536
6458
6559
6478
6393
6619
6880
6777
7021
7074
7056
7154
7187
7205
7040
7076
7016
6890
6896
6869
6855
6733
6679
6583
6382
6581
6709
6558
6326
6295
6334
6186
6179
6232
6189
6165
6219
6246
6045
5993
5986
6103
6063
5940
5934
6146
6136
6098
6144
5992
5972
6067
6032
6101
6281
6420
6373
6452
6356
6473
6613
6644
6554
6522
6827
6920
6923
6871
6978
6932
7139
6873
6995
7075
7063
7226
7303
7069
7256
7251
7291
7210
7126
7170
7129
7050
6948
6932
6892
6847
6963
6757
6743
6814
6561
6385
6511
6574
6533
6826
6890
6986
6768
6764
6732
6888
6778
6754
6798
6653
6681
6807
6703
6857
6994
7041
6735
6766
6705
6753
7077
7239
6955
6965
6961
7126
7033
7090
7076
7159
7066
6842
6722
6897
7044
7019
7124
7101
6957
6803
6819
6850
6807
6596
6491
6708
6717
6634
6729
6811
6672
6661
6686
6611
6643
6873
6869
6834
6651
6653
6518
6425
6506
6437
6494
6546
6621
6452
6346
6207
6406
6617
6472
6657
6825
6861
6619
6520
6384
6458
6466
6496
6515
6655
6559
6467
6223
6214
6009
6068
6083
6050
5958
6030
5970
5927
5702
5828
5881
5941
5750
5788
5832
5874
5859
5715
5779
5720
5601
5855
5660
5397
5388
5342
5311
5304
5303
5235
5241
5255
5292
5181
5157
5016
4819
4876
4944
4934
4929
4883
5027
5116
5174
5095
5151
4925
4841
4910
5065
4971
4990
4859
4864
4827
4844
4829
4647
4729
4601
4436
4495
4500
4596
4693
4609
4631
4659
4669
4599
4639
4735
4901
4849
4711
4511
4433
4435
4340
4058
3992
4052
3991
4182
4168
4235
4155
4128
4159
4070
4049
3968
3931
4078
3942
3913
4011
4083
4041
4082
4110
4186
4109
4053
4127
3939
4077
4070
4085
4123
4124
4041
4011
4028
4055
4065
4039
3807
3805
3828
3816
3845
3833
3892
3948
4023
3965
3882
3863
3969
3954
3869
3924
3933
3931
3930
3910
3886
3904
3848
3813
3865
3900
3871
3783
3878
3664
3707
3778
3668
3825
3805
3785
3836
3806
3899
3914
4054
4072
3860
3967
3910
3948
4019
3936
3946
4070
4006
4041
3996
4119
4159
4323
4330
4438
4321
4407
4486
4521
4471
4429
4340
4341
4300
4341
4314
4339
4509
4464
4426
4535
4486
4351
4460
4498
4617
4611
4468
4587
4581
4598
4705
4633
4474
4505
4437
4537
4530
4474
4472
4532
4554
4385
4509
4466
4322
4272
4297
4218
4196
4049
3975
4022
4110
4236
4240
4109
4033
4015
4067
4004
4002
4041
4084
4009
4026
4067
3971
4054
4071
3982
3792
3616
3574
3567
3633
3490
3451
3506
3637
3776
3940
3963
3894
3821
4024
3858
3843
3955
3903
3887
3852
3882
3933
4093
4032
4085
4148
4110
3972
4036
3963
3957
3958
4039
3943
4115
4145
4076
4100
4207
4249
4521
4629
4612
4619
4844
4871
4832
4855
4732
4808
5036
5130
5034
5082
4991
4966
4955
4816
4902
4871
4876
4994
5152
5152
5296
5236
5212
5206
5209
5228
5168
5193
5158
5262
5164
5294
5028
4922
4896
4840
4962
4956
4969
5016
5041
5056
4923
4915
4933
4886
4972
4978
4915
4756
4703
4745
4924
4976
5067
5145
5131
5157
5251
5357
5408
5315
5032
5048
5079
5018
5146
5203
5203
5210
5315
5364
5492
5462
5335
5162
5217
5095
4974
4981
5103
5044
4992
5102
5126
5213
5102
5187
5164
5132
5102
5100
5124
5238
5335
5499
5487
5479
5536
5500
5384
5471
5357
5399
5326
5335
5404
5368
5271
5263
5350
5440
5576
5601
5665
5430
5391
5463
5536
5706
5880
5888
5741
5844
5935
5761
5743
5883
5957
5955
5954
6170
6196
6372
6292
6346
6324
6165
6149
6130
6252
6162
6167
6096
6044
6028
5902
5968
5978
6032
5950
5842
5844
5880
5961
5833
5965
5848
5833
5800
6087
6273
6369
6299
6355
6332
6192
6120
5826
5658
5763
5905
5803
5900
5756
5745
5672
5603
5437
5366
5327
5212
5140
5196
5243
5276
5279
5288
5200
5057
5045
5114
5156
5183
5127
4959
4992
4867
4900
5001
4937
4935
4888
4908
4825
4932
4900
4696
4657
4579
4687
