1005000
266625
173654
129112
102803
84558
72107
62598
55611
49844
45590
41958
38292
35751
33287
30537
28761
26909
25675
24218
22996
21475
20564
19625
18924
18241
17443
16737
16334
16203
15798
15554
15105
14363
13989
13806
13118
12762
12769
12385
12010
11916
11890
11357
11197
10952
10662
10358
10249
10009
9752
9561
9336
9432
9220
9414
9135
8931
8663
8686
8557
8394
8461
8541
8499
8199
8036
7984
8038
8088
7845
7608
7576
7372
7275
7257
7282
7124
6905
6782
6722
6616
6576
6546
6616
6602
6505
6178
6242
6119
6027
5880
5615
5620
5615
5504
5457
5293
5066
4892
4849
4903
4992
4980
5005
5121
5348
5116
4944
5057
4905
5017
5124
5082
5198
5034
4996
4899
4773
4788
4913
4985
4939
4967
4957
4867
4758
4788
4795
4818
4689
4632
4322
4338
4347
4255
4289
4222
4118
4139
4082
4088
3964
3993
4083
4107
4080
4007
3936
3831
3683
3664
3682
3803
3837
3867
3786
3962
4007
3962
3916
3848
3860
4026
4115
3987
3889
4008
4073
4064
4035
4170
4174
4248
4344
4266
4218
4253
4113
4303
4517
4582
4543
4621
4518
4404
4454
4448
4376
4418
4556
4485
4418
4433
4420
4434
4522
4358
4392
4387
4361
4306
4170
4210
4340
4271
4345
4258
4496
4728
4746
4756
4573
4540
4584
4414
4377
4493
4563
4678
4659
4610
4563
4507
4606
4714
4773
4757
4686
4584
4529
4592
4621
4649
4544
4649
4595
4739
4477
4426
4641
4668
4524
4487
4383
4448
4376
4299
4218
4194
4123
4293
4446
4469
4441
4350
4369
4375
4302
4408
4491
4426
4430
4639
4766
4794
4702
4740
4657
4592
4654
4564
4526
4523
4315
4165
4176
4179
4298
4279
4340
4398
4399
4388
4367
4344
4261
4258
4261
4128
3980
4088
4136
4222
4141
4040
3993
4116
4118
4138
4076
4093
4240
4264
4299
4360
4333
4344
4446
4617
4521
4609
4493
4505
4639
4748
4738
4907
4921
4957
4917
5110
5163
5283
5469
5282
5388
5221
5180
5142
5237
5277
5247
5239
5317
5346
5243
4997
4897
4912
4827
4969
5036
4847
4895
4958
4909
4895
4856
4843
4788
4643
4594
4518
4317
4128
4181
4287
4318
4237
4241
4182
4101
4058
4003
4078
4215
4077
4111
4215
4189
4396
4486
4679
4584
4638
4702
4683
4853
4880
4788
4834
4758
4758
4591
4572
4549
4568
4763
4734
4767
4714
4699
4623
4610
4507
4575
4613
4832
4903
4930
4866
4963
4893
4942
4952
4985
4732
4686
4585
4614
4510
4560
4741
4635
4492
4512
4460
4439
4349
4272
4345
4372
4432
4546
4497
4494
4505
4362
4386
4458
4374
4544
4486
4562
4600
4538
4488
4603
4555
4444
4581
4519
4489
4599
4806
4764
4776
4645
4482
4445
4343
4216
4193
4354
4266
4103
4240
4385
4519
4327
4359
4388
4412
4411
4408
4280
4273
4324
4380
4348
4250
4174
4190
4249
4291
4259
4330
4329
4390
4438
4438
4519
4669
4571
4542
4524
4563
4676
4452
4532
4376
4461
4603
4611
4600
4677
4528
4598
4672
4617
4622
4683
4680
4856
4771
4717
4681
4668
4705
4537
4517
4583
4571
4676
4779
4819
4976
4814
4811
4732
4826
4891
4754
4663
4751
4812
4778
4711
4556
4690
4791
4915
4779
4773
4799
4699
4569
4683
4796
4743
4813
4836
4954
4875
4798
4719
4813
4792
4936
4953
5107
5088
5367
5383
5313
5169
5142
5122
4983
4892
4923
4945
5063
5242
5034
5079
5092
5141
5097
5097
5173
5258
5122
5029
5137
5215
5230
5253
5369
5292
5227
5214
5124
5281
5305
5242
5214
5240
5319
5271
5331
5431
5446
5510
5469
5464
5573
5521
5585
5626
5694
5657
5787
5566
5463
5318
5082
5052
5180
5187
5312
5307
5324
5367
5191
4961
5127
5157
5222
5042
4969
5054
5080
5030
5100
5052
4915
4895
4794
4752
4724
4791
4678
4670
4737
4634
4629
4648
4747
4840
4836
4854
4964
5060
5088
5035
5226
5288
5251
5230
5229
5191
5182
5215
5207
5173
5327
5356
5368
5338
5323
5149
5065
4971
4869
4874
4870
4841
5040
5162
5104
5108
5196
5314
5282
5226
5167
5118
5058
4970
4900
4850
4889
4940
4951
4860
4957
4931
4984
4744
4686
4694
4590
4643
4590
4410
4380
4308
4401
4596
4672
4671
4635
4392
4475
4572
4606
4645
4654
4628
4539
4675
4669
4759
4725
4770
4740
4680
4616
4620
4624
4540
4314
4288
4442
4192
4169
4110
4082
3974
3982
3996
3949
3972
3954
3905
4030
3943
3922
3852
3806
3783
3762
3873
4064
4006
4042
3978
3943
3938
4011
4039
3985
3981
4093
3991
4002
3975
4041
4001
3960
4058
3970
4102
4061
4057
4099
3993
3917
3908
3918
3891
4064
4102
4006
4034
3999
3930
3998
4049
4122
4170
4069
4100
3993
4113
3964
3889
3973
3997
4029
4005
3980
3902
4070
4104
4177
4117
4201
4175
4062
4013
4035
3943
3978
3966
3883
3797
3924
4048
3950
3806
3719
3798
3834
3820
3722
3779
3912
3978
4017
3983
4005
4106
4204
4268
4286
4481
4504
4451
4557
4567
4680
4615
4750
4782
4743
5005
4899
5010
4935
4807
4695
4726
4710
4689
4726
4746
4708
4727
4743
4951
4869
4673
4748
4667
4661
4496
4440
4418
4372
4377
4271
4196
4169
4096
4138
4098
4080
4125
4170
4281
4443
4424
4514
4362
4373
4329
4215
4177
4148
4273
4293
4313
4133
4249
4274
4107
4079
4022
3962
4061
4188
4197
4222
4344
4163
4200
4191
4203
4295
4211
4285
4321
4354
4216
4231
4245
4231
4175
4167
4080
4092
4180
4109
4252
4303
4335
4303
4224
4261
4331
4378
4549
4590
4708
4727
4792
4880
4732
4604
4771
4799
4978
4877
4888
4989
4906
4853
4768
4916
4897
4937
4921
5054
5047
5036
5223
5081
5117
5225
5213
5200
5336
5256
5362
5378
5345
5367
5428
5611
5427
5462
5447
5419
5509
5406
5706
5676
5698
5524
5670
5598
5519
5387
5347
5473
5572
5460
5560
5614
5862
5713
5622
5683
5722
5768
5719
5815
5963
5874
5866
5863
5809
5941
6183
6200
6077
6181
6302
6290
6460
6298
6192
6203
6216
6256
6108
6264
6216
6207
6390
6387
6119
6149
6080
6195
6309
6364
6539
6310
6161
6133
6207
6168
6219
6296
6267
6190
6378
5982
6088
6110
6135
6124
5958
5840
5896
5872
5758
5729
5692
5631
5693
5744
5698
5835
5705
5915
5915
6076
5986
5768
5795
5974
5840
5671
5655
5470
5535
5377
5602
5593
5634
5624
5524
5444
5511
5761
5725
5546
5544
5616
5540
5324
5217
4995
5144
5170
5278
5201
5290
5477
5553
5670
5620
5670
5581
5542
5404
5416
5573
5434
5226
5315
5250
5357
5269
5140
5173
5136
5147
5184
5104
5103
5022
5137
5141
5269
5162
5292
5344
5382
5280
5355
5450
5385
5363
5295
5372
5435
5237
5363
5505
5442
5529
5761
5785
5945
5856
5831
5759
5669
5663
5756
5730
5573
5500
5361
5314
5265
5390
5569
5428
5470
5448
5511
5392
5417
5365
5515
5486
5284
5343
5364
5402
5532
5601
5441
5287
5240
5130
5046
5069
5098
5209
5152
5163
5301
5459
5568
5585
5414
5462
5592
5652
5630
5727
5703
5657
5820
5842
6161
6150
6169
6185
6261
6216
6202
6252
6254
6392
6460
6365
6268
6366
6406
6340
6522
6537
6501
6464
6345
6229
6210
6400
6435
6504
6480
6478
6415
6574
6704
6727
6573
6446
6461
6271
6573
6584
6466
6483
6606
6549
6621
6554
6549
6636
6461
6535
6498
6397
6351
6441
6547
6583
6471
6383
6279
6369
6386
6257
6159
6039
6079
6165
6317
6325
6400
6363
6475
6418
6396
6484
6600
6458
6382
6315
6401
6340
6349
6196
6220
6085
5868
5824
5747
5722
5510
5409
5482
5418
5590
5769
5818
5972
5696
5783
5714
5852
6083
6157
6077
6135
6043
6016
5941
5790
5757
5873
5771
5696
5803
5760
5698
5694
5767
5738
5556
5262
5391
5454
5481
5323
5345
5492
5501
5542
5706
5615
5666
5596
5707
5618
5679
5554
5457
5429
5576
5724
5890
5847
5676
5536
5449
5486
5520
5506
5444
5295
5380
5381
5429
5532
5400
5425
5532
5557
5481
5544
5718
5746
5730
5827
5683
5683
5810
5973
5983
6158
6052
5879
5899
6064
6001
5992
6239
6075
6159
6031
6014
5950
6031
6001
6008
5892
6024
6046
6070
6155
6169
6117
6288
6251
6364
6068
5978
5862
5854
5731
5650
5663
5529
5766
5723
5852
5954
5820
5849
5803
5718
5669
5569
5500
5564
5660
5724
5643
5583
5406
5342
5300
5295
5337
5226
5322
5414
5156
5068
5173
5247
5262
5187
5249
5302
5418
5381
5569
5547
5474
5348
5336
5461
5474
5528
5539
5428
5450
5479
5420
5410
5310
5585
5573
5508
5602
5735
5711
5694
5621
5598
5724
5724
5735
5674
5600
5822
5915
6037
5925
5944
5895
5801
5749
5912
6213
5958
6132
6069
6158
6340
6357
6384
6420
6434
6564
6481
6454
6318
6237
6146
6250
6320
6408
6519
6313
6303
6323
6420
6211
6119
6019
6056
6227
6039
6019
5999
6005
6075
6190
6217
6113
6193
6157
6210
6222
6024
5953
5920
5741
5488
5590
5739
5584
5711
5722
5808
6020
6257
6202
6235
6229
6231
6283
6367
6472
6343
6292
6329
6173
5924
6062
6079
5924
6152
6199
6072
6093
6132
5940
6057
5870
5856
5890
5928
6105
6090
5960
5797
5734
5631
5559
5494
5536
5631
5528
5386
5532
5493
5599
5629
5681
5753
5801
5848
5944
5882
5619
5411
5334
5391
5232
5155
5272
5360
5273
5235
5298
5394
5303
5167
5300
5454
5573
5672
5556
5525
5595
5511
5365
5210
5134
5095
5004
5153
5192
5145
5040
5047
5138
5232
5220
5153
5102
4995
5020
5104
5171
5181
5162
5269
4979
4894
4851
4931
4998
4940
4848
4922
4827
4877
4871
4699
4665
4523
4461
4435
4373
4295
4298
4208
4237
4196
4313
4488
4567
4671
4703
4807
4600
4716
4762
4856
4758
4564
4430
4545
4528
4571
4689
4719
4731
4751
4670
4732
4846
4895
4884
5102
5153
5279
5334
5404
5417
5272
5315
5471
5378
5281
5384
5404
5364
5299
5326
5446
5376
5417
5331
5556
5718
5700
5652
5896
5805
5738
5737
5737
5681
5652
5489
5434
5547
5486
5563
5406
5493
5689
5479
5687
5818
5859
5926
5812
5874
5812
5867
5901
6047
6331
6416
6586
6496
6508
6531
6551
6417
6505
6447
6538
6444
6356
6372
6379
6238
6408
6480
6525
6757
6804
6858
6921
6979
6887
6836
6870
7053
7215
7268
7371
7195
7216
7259
7422
7584
7597
7533
7423
7351
7186
7257
7076
7026
6938
6927
6624
6582
6592
6378
6292
6294
6296
6214
6288
6223
6183
5992
6023
6087
6330
6399
6536
6383
6458
6490
6477
6509
6546
6609
6691
6883
6686
6600
6511
6765
6670
6606
6376
6298
6233
6357
6565
6550
6625
6463
6517
6555
6601
6633
6584
6624
6444
6579
6529
6521
6523
6400
6440
6408
6278
6476
6654
6613
6676
6523
6502
6582
6647
6749
6567
6438
6577
6464
6299
6443
6485
6479
6512
6733
6837
6692
6565
6567
6783
6745
6733
6726
6929
7007
7056
7140
6888
6847
6652
6607
6460
6499
6618
6757
6866
6903
7028
7053
7138
7132
7193
7391
7555
7610
7508
7464
7556
7665
7596
7618
7693
7370
7408
7561
7629
7671
7488
7606
7518
7622
7599
7508
7291
7186
7326
7560
7651
7551
7630
7630
7661
7748
7572
7562
7392
7424
7310
7250
7192
7089
6955
7060
7003
7013
6971
6939
6654
6580
6591
6569
6634
6540
6751
6808
6766
6781
6672
6683
6770
6719
6717
6704
6783
6721
6694
6885
6683
6557
6430
6368
6442
6369
6243
6305
6204
6244
6247
6272
6344
6507
6536
6331
6310
6283
6464
6547
6515
6243
6339
6318
6148
6261
6438
6587
6554
6462
6378
6380
6325
6437
6307
6435
6464
6559
6326
6178
6226
6280
6268
6189
6270
6216
6100
6052
6051
6154
6087
5963
6131
5952
6033
5985
5866
5952
5787
5829
5889
5895
6201
6429
6067
6025
6009
5943
6021
5916
5980
5847
5952
5974
5941
5892
6016
6216
6166
6262
6085
6155
6177
6192
6252
6372
6422
6474
6294
6317
6343
6330
6480
6422
6308
6411
6360
6364
6267
6257
6414
6177
6370
6439
6389
6626
6759
6745
6599
6752
6918
7008
7039
6929
6717
6785
6782
6530
6562
6540
6469
6474
6465
6560
6631
6632
6584
6564
6719
6847
6889
7005
6780
6673
6931
7021
7029
6642
6625
6585
6595
6370
6458
6233
6255
6281
6234
6369
6459
6498
6501
6432
6636
6667
6681
6946
7061
6995
6973
6897
6857
6716
6637
6767
6831
6729
6702
6986
6913
6965
6793
6649
6662
6590
6638
6667
6767
6666
6699
6957
7009
7063
6877
6947
6896
7019
6827
7059
7028
6842
7091
7007
7100
7110
7281
7169
7273
7284
7335
7287
7261
7485
7428
7400
7282
7388
7329
7388
7356
7303
7339
7372
7396
7278
7254
7091
7042
7093
6984
6976
7083
7178
7209
7180
7192
7088
7117
7046
7067
7279
7359
7266
7038
7065
6877
6926
7010
7082
7057
6796
6666
6818
6840
6807
6941
6953
6869
6747
6645
6551
6688
6709
6698
6835
6822
6915
6598
6432
6479
6563
6583
6637
6595
6642
6660
6537
6399
6293
6237
6347
6316
6176
6001
6061
6097
6016
6081
5979
5969
5893
5704
5758
5791
5905
5909
5823
5854
6018
5982
6186
6007
5922
5834
5806
5761
5720
5740
5686
5782
5924
5856
5984
6075
6160
6175
6253
6178
6283
6156
5974
5860
5916
6064
6113
6130
6115
6225
6259
6366
6427
6253
6175
6253
6397
6242
6276
6196
6054
5957
5886
5888
5787
5710
5743
5737
5747
5724
5674
5641
5581
5639
5499
5684
5610
5446
5429
5340
5417
5395
5303
5173
4980
5140
5224
5109
5221
5251
5237
5422
5346
5256
5253
5251
4953
4820
4707
4697
4666
4656
4852
4837
4793
4632
4623
4692
4691
4771
4757
4629
4642
4711
4688
4794
4780
4754
4863
4592
4701
4806
4731
4814
4905
4880
4965
4765
4779
4741
4721
4682
4748
4852
4864
4822
4992
4922
4764
4915
4882
4869
5022
5177
5426
5445
5465
5552
5728
5971
6077
5987
5915
6119
5853
6082
6035
6018
5891
5956
5885
5684
5778
5754
5746
5885
5832
5971
5688
5737
5792
5744
5728
5726
5735
5859
6080
6144
6371
6387
6389
6675
6763
6860
7026
6914
6999
7066
7099
7079
7237
7271
7339
7489
7555
7632
7742
7827
7710
7640
7648
7318
7212
7028
6994
6990
7216
7208
7303
7526
7572
7671
7533
7807
7793
7996
8160
8141
8362
8304
8375
8340
7981
7909
7871
7874
7702
7668
7705
7723
7888
7788
7802
7813
7754
7855
7801
7740
7636
7586
7563
7528
7316
7381
7285
7403
7429
7452
7498
7447
7506
7480
7397
7486
7639
7683
7780
7829
7948
7915
7847
7834
7890
7793
7425
7410
7594
7862
7779
7939
7977
7669
7797
7748
7710
7880
7818
7910
8151
8251
8174
8096
8161
8035
7763
7725
7639
7673
7707
7740
7871
8030
7843
7785
7794
8017
8213
8207
8251
8282
8180
8026
8135
8003
8148
8226
8343
8519
8612
8393
8497
8357
8337
8269
8214
8312
8565
8433
8331
8134
8352
8252
8596
8587
8729
8489
8319
8235
8247
8056
8058
8045
8068
7996
8229
8196
8071
7958
7771
7732
7667
7616
7674
7653
7432
7411
7306
7186
7242
7212
7023
7092
7112
7068
7017
7055
6995
6952
6709
6708
6645
6644
6827
6711
6596
6552
6649
6559
6630
6407
6513
6421
6397
6306
6314
6382
6496
6327
6323
6218
6237
6362
6364
6265
6035
6018
5986
5979
5887
5807
5630
5600
5506
5476
5474
5290
5355
5287
5238
5353
5516
5429
5525
5598
5659
5461
5633
5829
5840
5758
5627
5730
5885
5853
6135
6393
6377
6334
6183
5998
5942
5752
5877
5967
5927
5849
5734
5652
5746
5659
5623
5685
5595
5556
5670
5675
5648
5840
5666
5676
5643
5778
5812
5861
5963
6065
6082
6113
6221
6184
6110
5918
5705
5607
5435
5282
5176
5195
5124
5292
5468
5368
5321
5428
5349
5279
5235
5041
4977
5026
5129
5098
5020
5056
4983
4903
4901
5039
5099
5061
4930
5062
5044
4980
5059
5032
5126
5104
5190
5209
5249
5201
5361
5310
5335
5386
5460
5536
5631
5743
5765
5718
5677
5481
5423
5321
5357
5336
5309
5367
5337
5338
5419
5292
5282
5334
5139
5279
5264
5094
4959
4930
5197
5151
5144
5059
5007
5106
5064
5035
5152
5019
5104
5200
5260
5213
5085
4983
5068
5224
5225
5271
5492
5470
5398
5261
5341
5249
5375
5343
5139
5270
5329
5412
5428
5227
5287
5477
5500
5329
5389
5505
5424
5635
5605
5427
5537
5586
5437
5572
5683
5703
5630
5478
5381
5422
5635
5557
5342
5297
5396
5179
4937
4828
4746
4651
4662
4806
4885
4880
4951
4921
5051
5146
5181
5271
5007
4982
4896
4797
4787
4831
4750
4665
4615
4604
4543
4465
4603
4461
4556
4565
4659
4498
4355
4351
4531
4457
4471
4345
4499
4542
4447
4443
4289
4235
4147
4195
4223
4286
4273
4255
4258
4138
4260
4270
4409
4459
4355
4349
4468
4404
4250
4287
4395
4441
4337
4499
4491
4422
4401
4404
4381
4327
4401
4346
4412
4349
4345
4364
4264
4323
4422
4402
4446
4395
4443
4562
4461
4516
4668
4669
4618
4641
4547
4526
4508
4626
4727
4804
4832
4880
4945
5045
5170
5086
4902
5106
4845
4806
4833
4806
4913
4916
4904
4810
4933
4955
4922
4675
4732
4733
4679
4748
4636
4631
4570
4475
4594
4471
4725
4970
4974
4936
4986
4844
4817
4936
4919
5098
5098
5047
5098
4913
4853
4853
4774
4953
4956
5045
4966
5179
5330
5317
5242
5251
5115
5041
4942
5035
5058
4804
4952
4913
4784
4805
4948
5129
5403
5260
5368
5183
5105
5123
5142
5366
5268
5223
5118
5026
5198
5239
5224
5134
5272
5211
5093
4979
5056
5014
4993
5008
4977
4983
4982
5016
5122
5155
5223
5307
5346
5399
5456
5451
5488
5553
5676
5622
5623
5708
5561
5500
5649
5588
5712
5585
5541
5548
5518
5268
5251
5101
4890
4751
4669
4644
4609
4722
4783
4649
4536
4485
4447
4401
4354
4407
4472
4493
4496
4429
4439
4452
4398
4233
4150
4061
4077
3994
3903
3910
3986
3914
3894
3966
3805
3646
3712
3736
3753
3755
3682
3681
3650
3836
3928
3995
3999
4116
4145
4120
4134
4273
4227
4290
4403
4469
4387
4308
4382
4337
4417
4243
4200
4117
4127
4054
4075
4139
4244
4193
4232
4084
4357
4388
4368
4349
4319
4356
4292
4193
4214
4336
4335
4470
4463
4393
4446
4361
4289
4335
4400
4371
4565
4503
4498
4405
4603
4625
4458
4455
4520
4587
4509
4532
4498
4497
4341
4340
4392
4351
4355
4234
4248
4372
4281
4059
4019
4089
4202
4349
4178
4198
4142
4119
4219
4089
4100
4147
4136
4073
4138
4057
3814
3756
3856
3943
3923
4035
4030
4124
4214
4097
4124
4013
4158
4233
4195
3983
4125
4223
4342
4331
4379
4384
4411
4474
4283
4374
4381
4517
4404
4325
4282
4150
4160
4267
4148
4198
4180
4210
3992
4000
4088
4013
4018
3793
3726
3839
3955
3888
3906
3920
3858
3888
3772
3946
3948
3765
3905
3903
3909
4012
3958
4079
4231
4384
4497
4582
4715
4758
4797
4843
5020
5092
5004
4917
5023
5139
5126
5221
5262
5118
5047
5054
4859
4999
4992
4989
4999
5050
5098
4977
4908
5001
4881
4843
4924
4969
4895
4818
4810
4823
4778
4789
5009
4979
4866
5164
5185
5222
5109
5070
5073
5147
5255
5210
5209
5202
5404
5380
5403
5165
5259
5448
5315
5383
5325
5200
5061
5078
5022
4870
4835
4879
4695
4719
4661
4565
4717
4681
4617
4488
4588
4616
4542
4467
4508
4575
4484
4430
4599
4560
4717
4645
4833
4960
4985
4900
4944
5178
5225
5309
5340
5384
5299
5218
5134
5179
5225
5283
5370
5264
5270
5342
5308
5313
5198
5175
5289
5234
5135
5190
5209
5168
5214
5343
5475
5424
5309
5476
5533
5597
5696
5764
5820
6001
6155
5906
5870
5734
5733
5763
5844
5823
5759
5864
5850
5775
5858
5900
5715
5537
5449
5530
5596
5634
5566
5669
5587
5778
5653
5576
5566
5502
5640
5751
5924
5929
5824
5936
5765
5815
5709
5730
5566
5538
5477
5514
5549
5486
5430
5235
5220
5369
5300
5170
5087
4770
4737
4686
4804
4877
4829
4759
4600
4603
4586
4539
4544
4636
4737
4660
4543
4625
4653
4669
4507
4427
4264
4337
4310
4341
4558
4584
4610
4511
4512
4472
4387
4245
4220
4240
4209
4308
4359
4357
4300
4189
4336
4341
4269
4315
4409
4386
4361
4361
4284
4401
4384
4316
4270
4275
4266
4369
4635
4495
4376
4338
4382
4486
4511
4340
4238
4272
4274
4298
4428
4396
4305
4400
4412
4360
4362
4362
4307
4456
4543
4552
4640
4812
4942
4884
4906
4985
4962
5107
5214
5116
5210
5069
5206
5147
5215
5355
5318
5226
5282
5407
5394
5381
5485
5505
5348
5146
5294
5306
5332
5341
5361
5402
5422
5273
5186
5145
5278
5313
5411
5419
5534
5466
5290
5260
5277
5358
5458
5351
5331
5480
5786
5714
5788
5663
5678
5778
5704
5749
5609
5566
5598
5649
5573
5594
5760
5762
5788
5709
5601
5567
5574
5655
5695
5718
5758
5725
5760
5675
5800
5950
5989
5983
6108
6171
6160
6356
6296
6352
6259
6181
6214
6350
6429
6364
6302
6256
6162
6147
6237
6167
6099
6215
6164
6122
6266
6406
6711
6688
6720
6734
6715
6734
6922
7078
7079
7090
7295
7067
7009
6789
6879
6734
6709
6747
6596
6566
6689
6847
6797
6844
6739
6860
6922
6888
6961
7117
7062
7127
7125
7264
7236
7269
7417
7412
7469
7248
7307
7520
7475
7563
7559
7531
7615
7480
7411
7496
7469
7667
7711
7691
7528
7657
7992
7983
7913
8070
7978
7977
8088
7969
8008
8163
8146
8096
8188
8267
8268
8070
8011
8107
7890
7947
7949
7965
7783
7506
7207
7060
6997
7008
7114
7150
7081
6989
6820
6709
6653
6691
6693
6747
6702
6720
6832
6740
6766
6546
6776
6940
7061
7206
7145
6940
6827
6884
6744
6709
6651
6881
6930
6631
6649
6659
6659
6704
6684
6784
6590
6658
6635
6566
6463
6468
6525
6410
6262
6361
6471
6358
6397
6472
6383
6329
6387
6428
6496
6379
6200
6220
6211
6407
6406
6550
6699
6700
6674
6562
6462
6483
6528
6551
6614
6530
6697
6600
6508
6373
6255
6184
6112
6081
6274
6462
6097
6354
6344
6428
6598
6738
6712
6543
6433
6294
6233
6205
6294
6346
6333
6264
6069
6159
6155
6156
6078
6127
6205
6337
6215
6052
6071
6035
5993
6044
6056
6083
5986
6081
6093
6089
6185
6105
6299
6383
6390
6437
6416
6413
6572
6587
6750
6867
6905
6816
6817
6798
6805
6905
6745
6693
6686
6792
6847
6828
6936
6751
6712
6593
6689
6535
6446
6469
6493
6576
6527
6492
6435
6517
6617
6573
6717
6698
6765
6595
6654
6466
6408
6515
6439
6472
6323
6286
6298
6354
6282
6355
6278
6216
6287
6416
6412
6530
6505
6386
6410
6461
6265
6249
6274
6376
6421
6228
5947
5944
5823
5804
5641
5662
5715
5833
5719
5458
5583
5612
5467
5538
5515
5518
5514
5482
5555
5586
5803
5785
5786
5697
5772
5647
5741
5872
5787
5939
5983
5992
5954
6049
5960
6155
6090
6224
6280
6299
6426
6370
6492
6457
6487
6499
6562
6550
6682
6670
6679
6675
6629
6579
6719
6702
6719
6705
6522
6422
6476
6610
6617
6412
6333
6404
6373
6449
6213
6308
6271
6149
6116
5802
5661
5765
5777
5857
5703
5684
5751
5745
5745
5650
5709
5766
5687
5883
6076
6179
6293
6252
6201
6298
6237
6153
6211
6254
6204
6044
6056
5858
5756
5760
5909
6041
6171
6147
6268
6337
6525
6665
6769
6810
6743
6809
6998
7052
7064
7010
6857
6859
6786
6831
6625
6685
6639
6697
6822
6759
6519
6546
6677
6735
6721
6541
6640
6685
6819
6547
6447
6245
6236
6041
6305
6276
5974
5798
5904
5935
6010
6202
6194
6291
6371
6340
6451
6321
6442
6239
6082
6352
6267
6460
6446
6358
6196
6126
6301
6514
6514
6329
6341
6423
6468
6570
6579
6616
6707
6856
6921
6964
6987
6895
6586
6676
6624
6799
6649
6716
6564
6550
6379
6346
6356
6105
6149
6440
6166
6236
6177
6273
6314
6419
6428
6628
6618
6557
6593
6585
6468
6388
6431
6299
6388
6325
6449
6357
6419
6466
6454
6388
6497
6515
6383
6439
6427
6339
6507
6380
6357
6444
6302
6340
6309
6342
6270
6118
6098
6225
6222
6184
6103
6004
6102
6011
5993
5856
5688
5621
5625
5556
5448
5538
5612
5543
5479
5342
5362
5273
5235
5207
5170
5240
5397
5347
5310
5246
5282
5400
5315
5210
5150
5115
5366
5154
5144
4927
4937
4970
4980
5133
5089
5069
5374
5487
5433
5399
5362
5358
5379
5468
5451
5438
5523
5477
5408
5418
5384
5413
5563
5386
5502
5620
5677
5562
5618
5548
5633
5470
5602
5731
5765
5889
5874
5779
5832
5813
5697
5661
5696
5754
5848
5668
5573
5590
5553
5527
5470
5398
5308
5328
5356
5340
5598
5512
5410
5293
5381
5533
5661
5610
5536
5661
5626
5682
5523
5442
5434
5169
5204
5159
5167
5168
5111
5121
5050
5227
5439
5537
5574
5585
5437
5412
5325
5342
5217
5154
5224
5289
5281
5388
5349
5359
5503
5390
5224
5290
5321
5463
5603
5586
5510
5347
5424
5362
5465
5596
5511
5575
5618
5646
5738
5856
5825
5746
5754
5841
5931
5853
5940
5750
5632
5745
5757
5824
5985
5800
5622
5566
5759
5693
5724
5761
5609
5596
5442
5415
5659
5600
5630
5665
5591
5706
5856
5572
5533
5556
5705
5721
5893
6013
6126
6008
6155
6275
6319
6462
6378
6332
6433
6576
6438
6461
6476
6477
6413
6391
6246
6229
6227
6387
6273
6360
6245
6275
6266
6278
6447
6553
6672
6851
6925
6839
6877
6800
6876
6939
7103
7096
7136
6977
6970
7027
6982
6828
6838
6809
6745
6739
6752
6713
6657
6890
6923
6861
6878
6902
6981
6912
7003
7123
6959
6770
6946
6930
6807
6795
6691
6729
6810
6861
6956
6903
6903
7027
6836
6746
6737
6655
6767
6755
6820
6812
6762
6740
6726
6754
6708
6787
6610
6602
6752
6681
6607
6597
6710
6715
6795
6711
6763
6813
7003
7023
7131
7242
7314
7091
7161
7226
7115
7248
7158
7040
6955
7010
6966
7011
7073
7140
6954
6772
6867
6636
6590
6812
6618
6474
6528
6429
6403
6503
6649
6705
6658
6663
6829
6700
6499
6293
6267
6433
6416
6428
6403
6479
6526
6525
6359
6234
6328
6353
6266
6162
5967
5917
5977
5998
6001
5965
6114
6184
6326
6268
6276
6277
6406
6445
6585
6671
6591
6467
6493
6586
6652
6671
6464
6555
6574
6752
6806
6943
7152
7076
7056
7097
7029
6920
6925
6921
6967
6696
6820
6805
6793
6684
6568
6736
6755
6841
7043
6931
6874
6820
6888
6850
6897
7003
7028
7110
7098
6980
7216
7072
6955
7138
6957
7015
6951
6724
6695
6645
6514
6492
6483
6380
6491
6589
6631
6647
6625
6469
6352
6453
6342
6255
6093
6224
6139
6181
6215
6168
6156
5981
5926
5905
5894
5832
5943
5929
5752
5550
5498
5381
5349
5344
5251
5294
5376
5327
5143
4925
4926
4924
4881
5097
4996
4963
4972
5022
5006
4999
4848
5016
4838
4868
4826
4848
4794
4743
4929
4997
4837
5067
5142
5200
5291
5185
5248
5124
5253
5239
5324
5247
5191
5153
5254
5150
5283
5395
5451
5612
5607
5513
5530
5669
5494
5769
5767
5827
5697
5750
5722
5631
5530
5555
5584
5537
5529
5676
5505
5643
5812
5656
5535
5583
5609
5678
5713
5833
5699
5566
5495
5575
5442
5507
5377
5331
5332
5313
5292
5340
5464
5427
5433
5351
5375
5314
5262
5155
5424
5588
5648
5765
5853
5972
5977
6036
5895
5973
5901
6004
5955
6027
5933
5921
5861
6005
6013
6021
6096
6029
6053
6117
5957
5960
6144
6097
6150
6074
6114
5978
5963
5935
5998
5932
6015
6030
5883
5925
5942
6196
6230
6202
6162
6305
6349
6184
6043
6244
6151
6269
6182
6329
6337
6484
6639
6477
6399
6280
6267
6270
6314
6339
6355
6184
6287
6173
6107
6097
5994
6108
6005
5957
6062
6153
5945
6079
5920
5944
6217
6134
6101
6191
6288
6327
6765
6815
6846
6881
6847
6762
6766
6844
6776
6605
6583
6579
6361
6429
6623
6787
6902
6785
6791
6639
6645
6836
6820
6773
6570
6331
6330
6398
6351
6248
6178
6297
6367
6251
6173
6131
6225
6408
6491
6596
6595
6463
6585
6496
6538
6508
6682
6601
6529
6495
6838
6787
6581
6341
6283
6513
6423
6387
6525
6554
6752
6720
6790
6706
6805
6633
6778
6623
6679
6768
6710
6784
6719
6852
6716
6527
6539
6519
6390
6531
6606
6698
6731
6977
7121
6988
7015
6903
6947
6962
6908
6986
7101
7235
7166
7265
7267
7414
7479
7604
7551
7483
7523
7590
7644
7570
7596
7534
7519
7731
7639
7507
7511
7605
7577
7493
7633
7671
7601
7557
7456
7454
7313
7323
7284
7384
7425
7404
7301
7379
7188
7055
7253
7107
7373
7306
7336
7259
7217
7213
7163
6996
7192
6943
6869
6713
6692
6708
6725
6616
6563
6636
6635
6728
6976
6826
6852
6746
6702
6534
6670
6673
6725
6675
6579
6471
6707
6538
6427
6341
6388
6567
6724
6700
6687
6725
6699
6636
6795
6673
6617
6549
6701
6671
6349
6390
6404
6365
6740
6668
6695
6705
6571
6611
6622
6437
6758
6666
6476
6461
6625
6644
6592
6523
6286
6309
6379
6355
6373
6325
6289
6110
6221
6252
6428
6515
6669
6687
6746
6893
6850
6867
6920
6726
6550
6546
6618
6684
6795
6528
6515
6535
6472
6564
6591
6530
6411
6329
6285
6360
6184
6250
6471
6635
6699
6615
6564
6638
6527
6399
6514
6513
6514
6672
6605
6497
6524
6479
6416
6310
6379
6258
6150
6133
6288
6280
6339
6289
6234
6134
5962
5836
5700
5700
5563
5583
5606
5589
5570
5715
5697
5735
5801
5607
5616
5626
5659
5752
5730
5566
5697
5711
5569
5432
5621
5625
5495
5494
5333
5191
5190
5165
5272
5206
5295
5258
5348
5437
5471
5620
5511
5288
5343
5287
5252
5246
5142
5270
5308
