1005000
267612
173644
129590
102676
85038
72080
62536
55271
49848
45427
41169
36950
33873
31866
29419
27949
26582
25202
23963
23048
21915
20868
20031
19199
18692
17998
17028
16244
15584
15042
14684
14118
13823
13640
13223
12960
12927
12604
12078
11950
11743
11298
11066
10963
10534
10438
10164
10012
9798
9620
9169
8864
8663
8503
8272
8135
7704
7690
7673
7563
7383
7317
7138
7032
6826
7039
6821
6696
6486
6361
6323
6277
6180
6089
5955
5864
5969
5861
5991
5982
5809
5685
5522
5598
5463
5433
5277
5123
4989
4862
4835
4702
4608
4705
4532
4629
4757
4593
4465
4455
4425
4318
4510
4334
4140
4026
3799
3808
3804
3853
3764
3793
3771
3767
3746
3741
3744
3734
3775
3646
3688
3551
3371
3452
3534
3659
3620
3662
3730
3545
3414
3525
3622
3524
3517
3592
3638
3607
3573
3479
3499
3627
3698
3696
3693
3642
3505
3510
3554
3485
3631
3541
3542
3459
3363
3438
3525
3440
3589
3699
3602
3495
3531
3509
3507
3511
3601
3563
3657
3627
3643
3663
3580
3561
3544
3495
3633
3573
3540
3649
3669
3690
3726
3740
3593
3590
3659
3600
3513
3358
3442
3531
3641
3614
3562
3488
3629
3772
3861
3820
3821
3805
3778
3775
3715
3692
3623
3682
3794
3905
3864
3700
3659
3570
3607
3513
3535
3391
3369
3396
3450
3323
3340
3377
3428
3480
3410
3288
3178
3199
3248
3219
3294
3372
3415
3372
3388
3364
3437
3325
3385
3333
3303
3242
3227
3314
3393
3507
3414
3478
3401
3394
3267
3263
3349
3287
3301
3373
3401
3471
3402
3386
3409
3530
3603
3593
3546
3504
3484
3468
3529
3528
3375
3464
3478
3499
3475
3545
3518
3586
3621
3609
3712
3823
3781
3790
3755
3900
3894
3984
4064
4097
4082
4168
4128
3937
3967
3948
4062
4029
4154
4175
4184
4275
4244
4147
4070
4081
4074
4025
3890
4086
4058
3979
3822
3953
4019
4021
4120
4030
4203
4216
4269
4183
4215
4233
4433
4357
4219
4186
4217
4262
4306
4511
4419
4412
4288
4416
4398
4428
4484
4524
4612
4446
4437
4726
4875
4872
4913
4937
4982
4818
4770
4952
4859
4802
4900
4862
4795
4777
4667
4611
4547
4432
4271
4236
4329
4476
4426
4349
4396
4390
4410
4629
4651
4751
4834
4881
4879
4942
4819
4869
4894
4773
4823
4653
4645
4482
4470
4495
4505
4517
4519
4539
4470
4534
4665
4679
4901
4841
5046
5015
4881
4952
4964
5030
4996
4913
5064
5041
5067
4939
5011
5042
5110
5146
5205
5419
5350
5330
5272
5279
5305
5366
5583
5624
5537
5724
5667
5683
5683
5787
5777
5769
5591
5683
5653
5672
5827
6003
5892
5750
5686
5678
5879
5790
5945
5962
6137
6064
5892
5977
6017
6105
6140
6244
6201
6017
6127
5957
5859
5787
5851
5742
5818
5780
5879
5970
5932
5879
5808
5784
5755
5762
6014
6061
6200
6299
6310
6193
6101
6262
6054
6171
6253
6332
6205
6264
6284
6356
6281
6297
6241
6272
6184
6179
6190
6236
6248
6347
6280
6282
6386
6540
6380
6515
6451
6357
6309
6328
6409
6464
6424
6320
6294
6409
6422
6460
6502
6407
6473
6721
6706
6757
6906
6851
6852
6895
7103
7340
7367
7216
7177
7217
7279
7302
7336
7423
7508
7531
7271
7252
7204
7283
7291
7399
7579
7585
7406
7514
7510
7447
7415
7368
7261
7296
7220
7226
6964
7269
7204
7209
7365
7288
7258
7099
7123
7045
6923
6934
6889
6980
7058
7132
7014
6937
6846
6728
6736
6674
6640
6718
6758
6725
6745
6548
6478
6255
6172
6225
6186
6162
6164
6270
6212
6170
6366
6532
6526
6409
6344
6270
6326
6366
6491
6433
6537
6517
6583
6315
6363
6603
6867
6996
6895
6712
6582
6532
6408
6450
6710
6778
6871
7076
7208
7093
7023
6833
7010
7147
7200
7105
7118
7101
7107
7258
7124
7143
7172
7219
7214
7240
7349
7469
7308
7249
7032
6818
6769
6844
6849
6755
6693
6644
6431
6590
6539
6480
6584
6607
6519
6613
6698
6719
6614
6511
6449
6327
6285
6470
6457
6382
6257
6163
6154
6045
6179
6237
6180
6386
6394
6440
6345
6316
6265
6272
6499
6523
6471
6408
6530
6763
6614
6739
6605
6433
6393
6473
6488
6360
6418
6249
6166
6084
6241
6328
6398
6360
6530
6476
6389
6471
6542
6390
6546
6555
6599
6532
6411
6449
6533
6459
6473
6531
6677
6785
6692
6617
6600
6360
6430
6676
6751
6543
6419
6253
6327
6332
6386
6532
6699
6657
6506
6429
6590
6628
6556
6680
6537
6424
6316
6197
6117
6036
5942
5920
5947
5977
5832
5874
5902
5991
5946
5912
5849
5953
6040
6087
6053
6002
5966
6022
5917
5961
5638
5606
5653
5733
5909
6061
6224
6477
6514
6453
6414
6385
6419
6536
6483
6648
6577
6938
7038
6997
6787
6776
6708
6578
6663
6602
6679
6641
6747
6656
6567
6615
6630
6443
6417
6324
6270
6308
6187
6083
6086
6308
6258
6222
6217
6092
6122
6315
6265
6229
6306
6464
6345
6335
6351
6300
6246
6290
6050
6086
6041
6281
6264
6301
6207
6155
6160
6261
6220
6032
6158
6272
6186
6032
5857
5578
5633
5524
5353
5544
5538
5529
5527
5576
5532
5559
5454
5286
5371
5349
5517
5605
5542
5578
5772
5717
5687
5657
5503
5464
5334
5314
5251
5380
5256
5315
5442
5574
5861
5749
5730
5676
5742
5939
5998
5966
5813
5603
5515
5582
5507
5366
5252
5176
5096
5055
5098
5206
5379
5344
5210
5277
5527
5563
5551
5444
5538
5521
5614
5732
5715
5724
5551
5578
5572
5604
5804
5677
5790
5889
6009
6066
6026
6234
6095
6038
6237
6255
6176
6256
6071
6136
6208
6202
6428
6407
6286
6313
6351
6343
6371
6543
6450
6540
6640
6603
6529
6719
6628
6535
6467
6567
6388
6392
6412
6472
6623
6773
6620
6585
6705
6885
6979
7033
6981
6883
6979
6868
6726
6882
6801
6863
6872
6872
6851
6674
6630
6543
6469
6400
6443
6399
6518
6343
6285
6143
6165
6129
6094
6031
6138
6068
6177
6123
5887
5812
5673
5763
5920
5989
5916
5849
5668
5615
5607
5645
5712
5686
5731
5744
5702
5635
5688
5528
5566
5494
5420
5301
5210
5315
5343
5153
5105
5080
5234
5359
5568
5480
5588
5462
5503
5418
5583
5640
5688
5725
5639
5503
5655
5549
5671
5451
5398
5304
5364
5402
5405
5418
5382
5539
5311
5202
5183
5249
5356
5353
5464
5494
5482
5518
5450
5277
5189
5247
5186
5338
5233
5219
5234
5261
5387
5460
5607
5651
5607
5474
5399
5523
5440
5529
5676
5598
5540
5534
5659
5728
6001
6021
6061
6034
6012
6079
5921
5798
5730
5849
5881
5920
5977
6320
6301
6512
6373
6452
6416
6248
6234
6123
6134
6033
5996
5922
5786
5916
5919
5882
5868
5895
6097
6164
5968
5944
5899
5976
5759
5881
5852
6115
5888
5815
5806
5788
5741
5707
5780
5714
5732
5923
5885
6005
6018
6135
6134
6015
6088
6323
6147
6232
6299
6134
6098
6034
6030
6096
6074
6217
6283
6235
6197
6087
6117
6198
6067
6113
6183
6011
5979
5865
5764
5812
5895
5903
6039
5873
5937
5865
5750
5828
5738
5629
5601
5633
5633
5606
5596
5828
5978
6140
6265
6170
6206
6324
6299
6549
6736
6430
6336
6269
6229
6194
6068
5982
6063
5955
5888
6001
5878
5821
5820
5984
6202
6207
6295
6362
6282
6308
6193
6288
6331
6421
6277
6122
6036
5932
5905
5798
5994
5900
5798
5821
6033
5979
5946
6031
6036
6147
6251
6231
6212
6440
6413
6340
6426
6282
6281
6408
6275
6300
6301
6107
5976
6072
5907
6031
5907
5768
5705
5575
5606
5543
5337
5524
5479
5550
5518
5553
5598
5671
5697
5772
5720
5544
5636
5617
5483
5512
5421
5327
5544
5570
5522
5489
5506
5392
5439
5554
5534
5364
5628
5373
5246
5197
5157
5146
5163
5221
5145
4986
5029
4875
4723
4674
4751
4655
4605
4717
4836
4968
4918
5072
4981
4890
5012
4836
4991
4997
5063
5136
5091
5183
5297
5290
5374
5293
5318
5424
5332
5494
5455
5417
5295
5319
5206
5309
5210
5233
5221
5274
5253
5260
5216
5210
5099
5250
5304
5371
5288
5291
5095
5299
5223
5109
5103
5003
5026
5117
5104
5186
5289
5236
5205
5080
4969
4924
4970
4962
4960
4988
4924
4833
4844
4818
4990
4950
4866
4841
4794
4685
4555
4650
4703
4604
4694
4823
4892
4950
4980
4976
4861
4764
4741
4783
4813
4854
4781
4837
4798
4912
4815
4827
4802
4821
4693
4747
4760
4824
4893
4728
4825
4797
4858
4768
4705
4648
4660
4563
4666
4570
4540
4668
4585
4492
4537
4567
4581
4471
4565
4551
4587
4643
4511
4470
4531
4511
4454
4307
4377
4381
4534
4538
4584
4676
4682
4705
4936
4833
5112
5103
5135
5020
5141
5029
4883
4965
4932
4895
4983
4836
4849
4753
4741
4637
4642
4588
4612
4536
4381
4468
4364
4282
4383
4466
4500
4557
4494
4426
4358
4371
4224
4212
4052
4078
4047
4081
4035
4112
4016
3935
3938
3892
3965
3945
3910
3901
3839
3847
3687
3689
3624
3529
3480
3406
3412
3417
3387
3450
3472
3544
3475
3727
3631
3684
3815
3985
3866
3739
3665
3693
3732
3768
3837
3875
3795
3867
3926
4017
4054
4178
4112
3969
4089
4092
4086
4230
4143
4181
4018
4145
4223
4136
4139
4197
4229
4282
4388
4451
4652
4723
4763
4857
4902
4862
4933
4986
4748
4778
4693
4648
4645
4580
4555
4564
4573
4442
4443
4387
4516
4371
4501
4468
4545
4461
4493
4337
4312
4355
4342
4324
4363
4322
4329
4297
4322
4358
4276
4250
4275
4432
4530
4447
4435
4601
4685
4670
4624
4737
4714
4766
4798
4833
4785
4782
4697
4667
4705
4655
4576
4586
4612
4771
4640
4497
4462
4584
4521
4555
4356
4244
4279
4263
4183
4309
4352
4342
4275
4270
4163
4272
4320
4291
4272
4315
4316
4255
4112
4126
4233
4188
4290
4405
4582
4676
4567
4603
4525
4617
4748
4670
4786
4829
4912
4855
4824
4899
4895
4863
4898
4759
4745
4452
4409
4301
4428
4537
4465
4613
4531
4520
4502
4295
4469
4453
4380
4254
4255
4335
4363
4263
4370
4390
4378
4535
4473
4477
4605
4663
4540
4539
4558
4508
4529
4363
4408
4435
4407
4295
4412
4318
4398
4256
4308
4205
4207
4372
4378
4282
4209
4242
4040
4114
4281
4268
4415
4447
4386
4427
4409
4306
4207
4148
4191
4058
4041
4101
4315
4440
4429
4376
4440
4470
4453
4515
4445
4270
4057
4073
4159
4109
4055
4147
4277
4318
4422
4530
4520
4515
4608
4573
4386
4474
4608
4701
4631
4651
4664
4874
4910
4974
4742
4792
4649
4631
4566
4542
4503
4352
4500
4635
4572
4628
4705
4869
4948
4897
4792
4598
4612
4659
4668
4755
4695
4738
4649
4665
4684
4841
4672
4733
4736
4714
4831
4808
4747
4698
4877
4991
4972
4930
4872
4827
4713
4807
4722
4712
4633
4681
4730
4855
5029
4951
4743
4635
4620
4475
4356
4402
4463
4387
4490
4350
4422
4392
4494
4486
4543
4544
4536
4757
4710
4580
4595
4501
4333
4346
4362
4450
4343
4332
4211
4171
4209
4223
4247
4222
4312
4349
4163
4187
4093
4043
4132
4174
4184
4134
4162
4234
4335
4291
4351
4567
4718
4829
4620
4784
4811
4739
4780
4743
4729
4809
4952
4987
4997
5042
5059
5088
5148
5035
5126
5125
5321
5184
5129
5041
4985
5127
4882
4938
5072
5011
5064
4965
4923
4803
4941
5079
4994
4910
4922
5028
4919
5114
5139
5289
5460
5482
5581
5599
5406
5540
5524
5543
5621
5519
5607
5743
5632
5852
5927
5947
5878
5953
5928
5991
6212
6180
6140
6011
6164
6296
6408
6439
6583
6504
6513
6470
6453
6442
6504
6388
6656
6761
6706
6728
6687
6701
6734
6757
6676
6475
6492
6279
6357
6327
6103
6076
6068
5940
5959
6037
6007
5812
5865
5967
5945
5956
6056
6096
6094
5941
5806
5725
5842
5669
5675
5559
5497
5551
5549
5709
5651
5547
5648
5734
5944
5885
5775
5770
5725
5664
5531
5605
5629
5612
5478
5446
5349
5502
5521
5490
5507
5474
5193
5323
5268
5274
5127
5020
5006
5086
5294
5179
5191
5165
5181
5222
5271
5235
5179
5416
5436
5471
5555
5488
5337
5213
5282
5328
5033
5170
5098
5164
5228
5145
5134
5114
5093
5095
5221
5147
5176
5342
5398
5134
5214
5204
5261
5389
5340
5229
5239
5395
5364
5585
5494
5414
5399
5274
5192
5248
5282
5428
5495
5293
5232
5207
5304
5424
5428
5519
5838
5722
5605
5579
5743
5854
5802
5870
5801
5790
5821
6024
5922
5977
5888
6119
6105
6073
6052
6123
6148
6112
5783
5841
5898
5865
5949
6034
6039
5916
5905
5926
5890
5929
5884
5728
5705
5773
5623
5669
5756
5800
5628
5776
5772
5684
5644
5731
5701
5655
5682
5718
5609
5634
5570
5671
5352
5273
5350
5606
5571
5578
5632
5802
5878
6084
6124
5932
5854
5858
6008
5941
5993
5850
5840
5761
5768
5735
5898
5792
5814
6001
6052
5908
5773
5733
5868
5883
5763
5894
5822
5837
5731
5634
5696
5427
5558
5394
5435
5418
5312
5218
5076
5158
5176
5221
5062
4964
4921
4930
4671
4696
4685
4776
4770
4909
4963
4835
5013
4810
4784
4747
4754
4747
4815
4555
4522
4543
4472
4587
4543
4598
4445
4406
4405
4292
4307
4529
4609
4634
4615
4741
4779
4674
4642
4810
4837
4793
4691
4576
4553
4482
4610
4606
4596
4690
4576
4406
4575
4577
4607
4642
4693
4855
4835
4894
5007
4972
5020
5177
5188
5190
5123
5203
5052
5028
5037
5103
5107
5195
5121
5112
5214
5334
5261
5252
5223
5382
5374
5576
5517
5582
5607
5735
5816
5813
6057
6159
5971
6112
6133
5971
5940
5890
5831
5765
5682
5547
5489
5602
5658
5656
5559
5563
5789
5629
5629
5889
5754
5719
5795
5694
5692
5679
5744
5656
5753
5947
6092
6002
5870
6045
5780
5816
5798
5627
5642
5482
5547
5453
5535
5447
5516
5649
5540
5788
5744
5706
5701
5920
5998
6067
6035
6007
6043
6009
6009
6098
5927
6025
6025
6161
6277
6012
6297
6472
6475
6534
6681
6645
6537
6567
6467
6228
6282
6235
6157
6232
6257
6154
6199
6221
6177
6082
6043
6037
5944
5888
5733
5743
5931
5900
5967
5822
5965
6121
6184
6224
6237
6384
6418
6297
6532
6301
6344
6321
6476
6580
6615
6474
6430
6529
6499
6445
6575
6608
6546
6485
6624
6672
6884
6977
6919
6957
6653
6593
6291
6233
6348
6522
6572
6635
6740
6791
6733
6887
6827
6856
6745
6653
6674
6611
6627
6673
6515
6592
6334
6250
6048
6048
6148
5809
5908
5805
5682
5767
5899
6051
6008
5977
6050
6062
6217
6034
6138
6045
6097
6029
5926
5746
5755
5743
5869
5752
5518
5411
5397
5721
5734
5802
5685
5825
5923
5811
5647
5430
5459
5579
5660
5620
5517
5522
5428
5254
5232
5269
5225
5228
5023
4913
4849
4813
4845
4814
4844
4934
4818
4751
4722
4790
4737
4607
4548
4667
4705
4967
4963
4946
5013
5069
4925
4979
5199
5224
5465
5364
5305
5326
5218
5381
5384
5389
5325
5358
5505
5283
5252
5244
5272
5191
5279
5352
5119
5063
5031
5095
5192
5391
5347
5500
5559
5447
5350
5213
5253
5005
5085
5095
5005
5034
5278
5205
5116
5269
5224
4984
5006
5154
5140
5106
5176
5213
5256
5448
5507
5552
5590
5538
5399
5296
5366
5412
5427
5394
5544
5655
5498
5308
5224
5075
5174
5215
5393
5514
5656
5622
5781
5812
5851
5928
5943
5861
5982
5966
5963
5869
5919
6047
6068
6044
5962
5778
5740
5880
5889
5684
5828
6028
5855
5653
5809
5647
5735
5741
5827
5804
5936
5941
5971
5714
5797
5666
5688
5722
5506
5489
5566
5440
5266
5197
5180
4987
5103
5096
5077
5131
5056
4909
4961
4924
5042
5134
4991
5072
5152
5158
5310
5320
5233
5073
5185
5219
5157
5065
5002
4856
4835
4800
4773
4865
5017
5023
4922
4777
4722
4877
4799
4649
4513
4527
4613
4657
4809
4747
4844
4844
5040
5039
5128
5188
5246
5314
5404
5744
5822
5857
5844
5839
6008
6096
6188
6212
6273
6143
6144
6120
6174
6018
6019
6087
6124
6147
6145
6074
6080
6155
6118
6128
6243
6331
6144
6078
6178
6440
6472
6546
6661
6900
6966
6895
6668
6564
6543
6598
6508
6390
6288
6397
6258
6357
6295
6327
6151
6087
6165
6159
5998
6045
6087
6161
6118
5979
5965
5825
5788
5919
5727
5613
5626
5544
5480
5567
5623
5667
5663
5612
5713
5649
5746
5871
5702
5692
5799
5797
5909
5877
5892
6095
6017
5818
5917
5924
5873
5804
5799
5876
5977
5883
5861
6000
6066
6202
5920
5962
5926
5946
5911
5810
5808
5731
5926
5964
6107
6003
6005
5976
6252
6038
5904
5747
5807
5836
6004
5885
5947
5885
5912
5901
5949
6017
5968
5908
5886
5847
5840
5859
5722
5748
5727
5780
5666
5748
5839
5775
5742
5856
6056
6151
6137
6182
6281
6098
6015
5917
5880
5967
6030
6063
5921
5936
5846
5752
5835
5794
5906
5823
5910
5897
5944
6125
6286
6260
6153
6053
6092
6027
6040
6020
6005
5970
5906
5772
5574
5528
5367
5334
5382
5414
5487
5500
5429
5401
5388
5431
5421
5312
5171
5146
4938
5078
5205
5011
4998
5010
4956
5003
5123
5087
5110
5043
5044
4951
4940
4962
4933
5021
4933
4846
4732
4764
4775
4744
4634
4737
4666
4624
4750
4807
4873
4905
4791
4856
4767
4662
4759
4757
4739
4747
4782
4698
4469
4304
4343
4382
4429
4520
4588
4569
4696
4569
4496
4501
4445
4622
4620
4622
4540
4581
4799
4824
4850
4750
4530
4471
4460
4626
4677
4871
4741
4750
4820
4650
4592
4645
4643
4689
4664
4762
4643
4726
4677
4684
4690
4994
5003
5023
5087
5140
5144
5040
5128
5204
5273
5274
5171
5127
4961
4966
4863
4870
4929
4779
4806
4962
4994
4885
5053
5134
5044
4960
4797
4941
5034
5206
5151
5206
5205
5123
5046
5004
4817
4803
4798
4812
4817
4917
4913
4996
5111
5127
5124
5128
5080
5112
5349
5259
5398
5449
5460
5317
5344
5128
5217
5272
5021
4889
4967
4808
4700
4822
4806
5018
4972
4996
5021
5075
5026
4838
4876
4988
4952
4904
4980
4933
4959
5002
5033
5046
4849
4733
4659
4575
4548
4711
4624
4615
4640
4651
4761
4723
4954
4936
4978
5113
5009
4823
4947
5048
5009
4920
4883
5041
4972
4988
4961
5049
5045
5032
5027
5066
4970
5021
5054
5004
4853
4917
4968
4918
4872
4893
4799
4864
4958
5085
5202
5107
5222
5059
4967
5132
5353
5345
5232
5152
5073
5157
5149
5078
5185
5191
5176
5202
5114
5284
5281
5310
5410
5456
5462
5502
5397
5595
5475
5678
5677
5767
5674
5728
5872
5866
6166
6175
6283
6236
6084
6216
6260
6169
6146
6205
6027
5830
5705
5841
5813
5973
6025
5956
6096
6092
6108
6064
6148
6085
6075
6094
6202
6117
6046
6110
6085
6145
6270
6280
6276
6276
6470
6343
6278
6191
6271
6267
6338
6304
6540
6748
6955
7132
7154
7248
7330
7291
7283
7246
7287
7267
7283
7331
7351
7312
7502
7620
7407
7292
7211
7319
7223
7390
7213
7133
7059
7262
7211
7150
7273
7112
7252
7387
7349
7328
7303
7271
7231
7264
7221
7074
7063
7185
7051
7071
6948
6890
6717
6887
6870
6888
6889
6983
7005
7021
6915
7104
6881
6995
7044
6990
7054
7136
7181
7178
7305
7401
7313
7375
7351
7500
7518
7698
7933
7971
8146
8037
8059
8071
8071
8184
8224
8265
8491
8398
8382
8295
8298
8163
7928
7899
8032
8147
8296
8281
8303
8045
8019
7968
8003
7937
7963
8104
8256
8110
8213
8091
8339
8386
8411
8395
8382
8512
8511
8381
8359
8341
8316
8161
8027
7971
8091
8061
8056
7962
8063
8100
8120
7939
7913
7826
8110
8151
7937
7910
7905
7947
7965
7988
7813
7581
7603
7613
7466
7301
7091
7068
7200
7169
7164
7028
7123
7241
7106
7100
7105
7243
7188
7098
7178
6974
6752
6546
6591
6648
6608
6669
6718
6734
7039
6876
6955
6844
6792
6880
6944
7034
6926
6900
6723
6733
6863
7075
6916
6914
6890
6780
6820
6754
6829
6690
6689
6617
6444
6406
6130
6289
6167
6276
6078
6075
6003
6243
6256
6290
6148
6092
6255
6065
5952
5978
5764
5779
5599
5577
5487
5541
5640
5601
5646
5640
5536
5434
5299
5441
5706
5659
5541
5571
5470
5334
5437
5363
5422
5543
5551
5697
5873
5790
5926
5923
5866
5884
5910
5984
6085
6107
5948
5971
5910
5762
5767
5636
5525
5376
5301
5377
5328
5287
5137
5157
5125
5052
5062
5195
5223
5182
5000
4895
5078
5142
5128
5122
5150
5096
5135
5235
5147
4957
4866
4904
4954
5041
5071
5047
4989
4925
4917
4898
4931
4910
4831
4882
4984
5010
5041
5084
4992
4876
4752
4870
4991
5098
5157
5274
5133
5183
5140
5066
5103
5198
5104
5074
5124
4996
5219
5177
5302
5375
5444
5373
5393
5486
5346
5397
5208
5111
5115
4990
4894
4855
4982
5097
5044
5048
5005
5155
5195
5049
5073
5111
5060
4948
4825
4809
4797
4820
4798
4957
4738
4886
4652
4818
4845
4923
4919
4813
4805
4746
4834
4773
4724
4613
4528
4544
4524
4517
4602
4547
4420
4382
4322
4261
4149
3946
3926
4008
3944
3941
3943
3967
3854
3903
3973
4128
4098
4287
4243
4245
4376
4354
4337
4210
4067
4064
3940
3977
4028
4104
4104
4191
4098
4060
4098
4120
4177
4112
4136
4328
4343
4294
4277
4297
4191
4130
4140
4141
4172
4203
4184
3946
3879
4042
3931
3934
3933
4033
4129
4310
4290
4300
4286
4197
4217
4244
4329
4312
4424
4244
4342
4334
4312
4204
4110
4117
4089
3966
3858
3854
3920
3847
3937
4134
3959
3874
3999
4020
4042
4040
4086
3974
3887
3952
3961
3942
3925
4012
4075
4016
3965
3743
3570
3644
3592
3640
3695
3667
3681
3708
3667
3574
3508
3481
3359
3477
3393
3396
3312
3336
3434
3490
3489
3629
3825
3901
3867
3948
3861
3866
3917
3932
3942
3977
4052
4029
4045
4164
4079
3819
3773
3930
4094
3965
3971
3962
3879
3929
3868
3889
3895
3844
3894
3925
4027
3945
4058
3990
3983
4100
3961
3820
3815
3907
4003
4042
3970
4010
4002
4192
4195
4264
4253
4306
4441
4391
4209
4268
4334
4189
4317
4321
4289
4335
4364
4210
4066
4056
3991
3944
3884
4074
4094
4228
4218
4158
4243
4205
4172
4000
3900
3864
3750
3922
3956
3749
3677
3725
3869
3893
3885
3858
3805
3731
3718
3690
3628
3615
3592
3520
3544
3453
3514
3474
3445
3471
3547
3613
3550
3576
3593
3630
3586
3558
3608
3710
3686
3634
3706
3692
3709
3734
3743
3707
3627
3611
3528
3551
3489
3443
3481
3505
3538
3548
3536
3552
3448
3442
3338
3416
3425
3263
3260
3104
3051
3030
3048
3064
3087
3195
3189
3281
3381
3515
3373
3363
3233
3313
3318
3311
3280
3495
3463
3513
3546
3507
3507
3397
3518
3668
3468
3703
3653
3699
3742
3730
3823
3970
4055
4080
4063
4059
4046
4082
3994
3977
3944
3966
3943
3964
3852
3976
3979
3981
4059
4042
3875
3899
3936
3936
3882
4046
3940
3905
4090
3938
3954
3970
4093
4077
4030
4008
4076
4167
4240
4112
3947
4004
3910
3773
3693
3695
3819
3818
3814
3780
3689
3755
3829
3903
3744
3834
3863
3808
3824
3840
3905
3938
4041
4037
4213
4329
4466
4297
4335
4410
4464
4704
4707
4721
4748
4891
4917
4892
4881
4752
4663
4678
4638
4621
4593
4430
4404
4428
4528
4578
4436
4512
4294
4357
4320
4377
4343
4371
4495
4571
4438
4441
4493
4457
4436
4460
4480
4411
4429
4543
4551
4599
4625
4742
4910
4890
4933
4788
4849
4655
4606
4545
4453
4451
4455
4535
4446
4434
4475
4283
4255
4485
4527
4744
4692
4626
4570
4506
4387
4340
4388
4364
4323
4266
4019
4065
3973
3893
4027
3913
4069
4220
4257
4396
4392
4411
4493
4459
4439
4293
4206
4205
4130
4138
4173
4202
4118
3909
3887
4064
4100
4191
4251
4128
4231
4052
4111
4070
3994
3969
3943
3862
3780
3949
3930
3976
3951
3922
3937
4043
4200
4120
3984
4020
4021
4065
3996
3972
4090
4190
4174
3974
4086
4056
4078
4204
4362
4476
4374
4459
4422
4480
4413
4577
4537
4556
4637
4464
4301
4189
4376
4421
4460
4480
4380
4447
4353
4447
4419
4648
4678
4708
4820
4778
4804
4812
4759
4707
4766
4700
4778
4579
4688
4792
4866
4874
4599
4661
4766
4680
4755
4928
4859
5005
5025
5149
5188
5353
5288
5273
5291
5358
5369
5225
4980
4949
4983
5056
4938
4964
4954
5030
5059
5033
5212
5253
5149
5348
5523
5449
5386
5295
5261
5355
5602
5770
5792
5939
5697
5702
5703
5726
5847
5725
5644
5845
5842
5926
5919
5848
5879
5931
5928
5843
5774
5870
5991
6075
6156
6288
6214
6156
6140
6195
6117
6266
6007
6131
5964
5934
6055
5895
5918
5855
5647
5473
5387
5455
5458
5475
5470
5521
5402
5373
5475
5484
5292
5347
5369
5240
5213
5165
4975
5066
5010
4993
4875
4817
4746
4760
4761
4939
4939
4834
4998
5009
5012
4840
4861
4713
4772
4895
4868
4956
5042
5097
5209
5138
5098
5185
5210
5274
5151
5282
5235
5155
5224
5284
5273
5249
5208
5408
5381
5362
5315
5542
5594
5532
5677
5745
5845
5673
5600
5545
5638
5758
5989
6041
5960
5867
5748
5683
5668
5471
5545
5290
5434
5537
5590
5499
5359
5292
5177
5229
5296
5234
5310
5378
5256
5075
5085
5143
5000
4958
5134
5285
5258
5275
5381
5318
5520
5597
5607
5531
5651
5810
5752
5678
5662
5581
5636
5725
5764
5579
5659
5702
5744
5812
5959
5902
5873
5909
6006
6056
6221
6264
6351
6230
6163
6210
6390
6308
6356
6475
6401
6454
6431
6409
6436
6478
6471
6701
6663
6503
6383
6671
6780
6795
6702
6773
6795
7062
7000
7206
7315
7286
7222
7208
7190
7100
7120
7281
7319
7342
7609
7625
7581
7480
7577
7595
7460
7477
7366
7425
7422
7386
7284
7140
7354
7585
7461
7587
7676
7797
7861
7929
7858
7740
7738
7754
7831
7980
8015
8011
8131
8116
8197
8323
8208
8053
7966
7818
7990
7996
8122
8199
8330
8086
8401
8700
8795
8825
8706
8792
8810
8603
8666
8491
8689
8570
8350
8234
8391
8454
8337
8468
8530
8524
8513
8501
8466
8296
8203
8192
8192
8034
8084
8060
8024
8070
8015
7949
8025
7916
7850
7781
7651
7587
7519
7632
7640
7756
7842
7770
7825
7767
7839
7810
7881
7950
7976
7866
7895
7838
7971
7868
7610
7515
7550
7677
7778
7699
7656
7605
7641
7727
7636
7541
7441
7315
7155
7069
7091
7191
7237
7124
7205
7179
7156
7031
6991
7175
7194
7185
7174
7299
7314
7373
7286
7225
7292
7152
7262
7403
7322
7390
7200
7182
7102
6983
6841
6717
6931
6855
6977
6990
7073
7163
7292
7408
7278
7338
7371
7427
7384
7305
7389
7408
7279
7535
7648
7655
7696
7745
7660
7459
7205
7292
7193
7052
7165
6874
7056
7003
6972
6955
6854
7109
7125
7024
7098
7028
7019
7153
7114
6996
7090
7062
7000
7182
7363
7231
7295
7398
7458
7541
7417
7348
7245
7335
7386
7180
7158
7219
7221
7256
7077
6962
7271
7348
7379
7429
7328
7342
7167
7277
7301
7144
7185
7317
7324
7368
7278
7296
7301
7354
7311
7337
7502
7538
7549
7551
7490
7431
7455
7467
7585
7574
7424
7416
7347
7187
7070
7045
6998
6808
6977
6919
6911
6804
6811
6934
6901
6865
6975
7094
6955
7083
7051
6796
6759
6799
6794
6667
6586
6618
6663
6874
6659
6621
6754
6750
6880
6793
6542
6659
6540
6603
6547
6366
6418
6453
6416
6359
6437
6352
6198
6500
6680
6766
6878
7091
7132
7159
7151
7258
7332
7320
7346
7311
7259
7116
7170
7274
7433
7494
7026
7025
6936
7069
7035
7140
6853
7012
6847
6971
7028
7175
6981
7069
7096
7021
7097
7113
7081
7083
6977
7013
6944
6963
7089
6889
6907
6763
6828
6843
6833
6746
7024
7130
7096
7147
7208
7075
7069
7003
7072
7296
7291
7163
7149
6983
6824
6732
6625
6728
6695
6738
6697
6748
6795
6893
6727
6587
6597
6455
6616
6770
6792
6950
7119
7189
7181
7064
7182
7330
7393
7475
7358
7347
7230
7293
7231
7344
7265
7274
7283
7236
7270
7447
7373
7378
7733
7830
7921
7855
7684
7407
7259
7217
7149
7054
7125
7062
7245
7374
7207
7104
7013
7156
7156
7180
7098
6876
6915
6824
6780
6896
6953
6983
7224
7331
7353
7207
7100
7192
7187
7300
7341
7104
7156
7164
7197
7161
7174
7238
7405
7593
7764
7982
8088
8246
8473
8360
8412
8273
8067
8016
7845
7736
7505
7439
7523
7528
7633
7755
7713
7745
7745
7813
7822
7913
8024
8108
8123
7925
8010
7796
7978
7921
7936
8157
7944
7685
7755
7542
7693
7643
7616
7429
7140
7204
7221
7236
7230
7261
7196
7143
7204
7088
7086
7133
7075
7007
7113
7207
7172
7048
7226
7139
7185
7413
7440
7411
7282
7215
7240
7212
7073
7054
7119
7176
7086
7038
7077
6950
6808
6837
6920
6829
6870
6965
6813
6701
6680
6829
6879
6885
6673
6907
6855
6837
6657
6912
6921
7136
7273
7241
7164
7221
6983
6883
6888
6663
6541
6637
6533
6503
6399
6304
6294
6108
6215
6192
6151
6031
5910
6047
6203
5968
5787
5867
5962
5877
5935
6197
6376
6460
6477
6461
6558
6743
6807
6641
6659
6759
6765
6824
7079
7236
7366
7426
7255
7133
7293
7455
7644
7749
7764
7822
7673
8017
7944
7955
7813
7624
7648
7722
7749
7681
7763
7620
7555
7645
7614
7665
7634
7705
7821
7802
7878
7842
7716
7527
7417
7379
7215
7083
6925
6979
6754
6811
6687
6848
6896
6760
6787
6921
7018
7126
6944
6869
6794
6536
6643
6695
6683
6625
6606
6584
6520
6467
6498
6459
6461
6490
6678
6554
6459
6397
6445
6422
6486
6238
6235
6321
6368
6383
6255
6239
6247
6087
6078
6012
5926
5958
5952
5881
5746
5851
5795
5882
5980
6019
6068
6058
