1005000
267697
174419
129509
103147
85427
72683
62998
56079
50179
45547
41856
38533
35546
33320
31171
29276
27941
26061
24935
23607
22232
21321
20310
19177
18020
17434
16755
16186
15455
14672
14088
13551
13358
12627
12402
12003
11698
11556
11415
11112
10908
10552
10305
10113
9734
9641
9321
8873
8480
8518
8304
8286
8149
8053
7971
7769
7944
7904
7794
7833
7461
7246
7128
7029
7061
6922
6858
6671
6674
6764
6711
6560
6562
6507
6512
6628
6626
6593
6592
6490
6381
6345
6277
6222
6204
6118
6276
6378
6336
6410
6325
6200
6173
6101
6011
6047
5999
5961
5965
5836
5737
5689
5895
5898
6039
6009
6091
5917
5634
5374
5340
5313
5199
5156
4980
4948
4772
4702
4764
4737
4600
4592
4479
4259
4151
4089
4071
4033
4018
4060
3938
4030
4132
4024
4159
4036
3952
3984
4150
4170
4260
4174
4137
4127
4188
4064
4084
4046
3907
3839
3899
3898
3831
3766
3747
3770
3758
3801
3838
3898
3820
3846
3833
3784
3681
3659
3602
3609
3433
3451
3312
3394
3385
3328
3287
3266
3320
3293
3193
3269
3322
3357
3224
3175
3210
3171
3397
3537
3436
3598
3656
3582
3445
3332
3318
3262
3310
3217
3183
3181
3225
3133
3201
3004
2978
3028
3009
3063
3055
3223
3325
3271
3301
3516
3553
3551
3543
3524
3603
3661
3726
3764
3837
3925
3945
3950
3931
3854
3853
3821
3761
3772
4065
4081
4028
4066
4208
4181
4156
4109
4101
4152
4158
3990
3953
4018
4033
4104
4028
3878
3938
3955
4021
4010
4084
4017
3971
3893
3759
3820
3840
3736
3793
3529
3532
3594
3567
3557
3626
3657
3600
3548
3473
3480
3586
3668
3660
3647
3645
3663
3630
3690
3545
3578
3584
3658
3521
3521
3574
3515
3600
3442
3446
3400
3530
3609
3841
3777
3768
3857
3862
3880
3917
4003
4067
4027
3968
4013
4013
3981
3903
4000
4028
3940
4095
4033
4080
4173
4121
4227
4338
4312
4311
4451
4471
4508
4478
4442
4427
4459
4484
4484
4572
4585
4698
4863
5141
5325
5221
5151
5161
5109
5093
5070
4933
4797
4802
4808
4962
4932
4937
4952
4961
4878
4940
5114
4986
5053
5126
5039
4941
5015
4986
5114
5196
5137
5085
5023
4885
4994
5145
4964
5098
5151
5099
5021
4952
5084
4947
4992
5168
5294
5466
5441
5331
5388
5371
5434
5484
5384
5410
5499
5671
5671
5714
5578
5561
5429
5317
5476
5455
5538
5491
5662
5557
5404
5380
5538
5481
5654
5744
5741
5666
5594
5751
5784
5723
5583
5657
5779
5782
5797
5842
5654
5726
5699
5676
5705
5691
5797
5790
5674
5685
5786
5803
6014
5982
6115
6261
6066
6044
5938
5880
5909
5871
5962
5894
5905
5814
5992
5931
6004
6019
5943
5811
5689
5588
5653
5715
5588
5655
5583
5492
5632
5612
5565
5507
5503
5316
5346
5232
5255
5399
5562
5642
5538
5634
5615
5619
5758
5986
5959
5848
5836
5726
5700
5536
5659
5723
5820
5789
5753
5784
5886
5983
5919
5892
5955
6007
6194
6424
6558
6782
6546
6449
6524
6579
6669
6666
6713
6859
6976
6946
6891
6861
7045
6902
6940
6736
6550
6725
6720
6584
6495
6447
6282
6166
6196
6134
6233
6183
6290
6230
6147
6053
6007
6009
5978
5892
5959
5828
5880
5963
5875
5809
5770
5690
5467
5345
5081
5122
5137
5155
5146
5267
5467
5699
5754
5699
5687
5753
5827
5704
5580
5587
5486
5511
5678
5697
5709
5609
5321
5207
5075
5115
5218
5228
5341
5396
5394
5357
5343
5429
5655
5810
5798
5794
5747
5743
5928
5900
5803
5784
5806
5833
5782
5794
5901
5811
5840
5852
5743
5887
5955
6085
6016
5853
5968
5772
5896
5861
5806
5757
5656
5772
5857
5861
5834
5855
5752
5564
5493
5535
5549
5522
5524
5463
5425
5504
5493
5428
5422
5520
5544
5510
5529
5341
5236
5148
5176
5256
5386
5428
5550
5336
5313
5254
5214
5049
5163
4983
5024
5136
5092
5177
5273
5153
5338
5309
5404
5408
5522
5419
5449
5643
5492
5627
5592
5530
5623
5433
5506
5670
5873
5893
6015
6219
6174
6152
6341
6242
6400
6441
6381
6206
6239
6230
6378
6259
6087
6133
6369
6419
6261
6149
6118
5952
5888
5894
5796
5741
5840
5640
5636
5603
5523
5505
5520
5542
5620
5680
5631
5608
5495
5681
5766
5784
5559
5403
5308
5186
5146
4952
5024
4960
4951
4998
4851
4880
4909
4717
4698
4757
4802
4867
4951
4909
4901
4960
4908
4741
4690
4642
4365
4377
4243
4241
4293
4355
4178
4267
4222
4151
4120
4080
4089
4090
4020
4066
4040
3966
3978
3924
3936
3801
3861
3916
3877
3970
3815
3874
4067
4090
4050
4112
4193
4313
4404
4315
4296
4198
4196
4169
3977
3958
3908
3929
3964
3922
3831
3935
3987
4040
3978
3912
3967
4052
4034
4141
4091
4036
3920
3755
3766
3651
3754
3794
3986
4031
3946
4006
3980
4034
3925
3803
3890
3926
3831
3894
3840
3951
3995
4035
3834
3923
3988
4077
4058
4100
4145
4133
4161
4358
4252
4335
4505
4479
4394
4381
4522
4481
4541
4842
4936
4921
5075
5041
5259
5300
5131
5122
5087
5244
5149
5290
5259
5129
5293
5424
5554
5488
5366
5363
5362
5282
5280
5405
5476
5467
5427
5326
5187
5297
5226
5091
5065
4956
4944
4930
4880
4889
4750
4938
4876
4799
4805
4673
4660
4656
4483
4527
4691
4643
4787
4884
5056
5093
5003
5015
4873
5019
5204
4973
4921
5129
5042
4899
4984
5051
4939
4837
4962
5083
5076
5129
5235
5323
5382
5386
5113
5273
5315
5207
5206
5360
5320
5439
5425
5357
5447
5405
5276
5298
5254
5327
5425
5280
5349
5226
5061
5124
5124
5159
5109
5034
4889
4812
4957
4743
4577
4596
4620
4838
4747
4587
4527
4596
4572
4643
4685
4640
4511
4533
4517
4554
4614
4631
4492
4510
4559
4554
4586
4698
4658
4723
4691
4625
4560
4699
4797
4805
4686
4670
4688
4740
4699
4630
4702
4675
4746
4537
4456
4391
4335
4215
4094
4131
4207
4391
4499
4377
4292
4238
4399
4444
4475
4516
4391
4361
4363
4564
4419
4523
4490
4405
4440
4424
4387
4332
4423
4238
4204
4241
4283
4422
4244
4270
4277
4410
4551
4447
4488
4568
4593
4596
4688
4541
4600
4568
4482
4520
4505
4544
4735
4755
4854
4812
4868
4886
4970
5022
5051
4979
4999
5010
5120
5103
5278
5319
5291
5121
5064
5018
5157
5058
5210
5354
5419
5506
5601
5530
5493
5587
5306
5188
5283
5274
5254
5431
5435
5443
5344
5512
5342
5311
5395
5374
5534
5576
5581
5490
5495
5660
5758
5815
5779
5606
5571
5427
5346
5215
5341
5436
5390
5434
5339
5124
5186
5088
5113
5194
5269
5239
5198
5338
5225
5114
5169
5078
5052
5068
4964
4994
5050
4972
5066
5152
5141
5292
5244
5048
5161
5264
5253
4991
5017
5133
5107
5113
5136
5260
5317
5447
5510
5409
5336
5564
5700
5726
5780
5883
6017
6011
6140
6077
6071
6069
6168
6244
6138
6033
6135
6181
6187
6068
6125
6097
6174
6303
6346
6444
6438
6547
6745
6973
6825
6959
6753
6681
6612
6480
6357
6326
6291
6428
6442
6576
6577
6345
6336
6267
6442
6339
6420
6381
6336
6249
6253
6306
6228
6296
6250
6427
6729
6610
6608
6624
6636
6926
6863
6836
6781
6731
6654
6550
6595
6673
6757
6711
6777
6818
6907
6698
6733
6775
6702
6641
6613
6373
6424
6357
6336
6305
6281
6182
6297
6221
6174
6259
6314
6344
6368
6453
6394
6574
6461
6484
6405
6569
6431
6494
6575
6613
6719
6603
6658
6567
6638
6488
6568
6576
6920
6909
7080
6759
6645
6528
6599
6727
6705
6586
6603
6581
6660
6724
6609
6592
6527
6727
6714
6736
6560
6522
6662
6680
6747
6688
6662
6556
6538
6516
6678
6757
6791
6753
6527
6607
6674
6513
6351
6266
6277
6137
5916
5869
5995
5881
5782
5770
5559
5626
5605
5680
5577
5654
5656
5706
5743
5844
5866
5864
5951
5918
5965
5895
5881
5706
5610
5710
5706
5616
5552
5568
5583
5648
5739
5790
5797
5753
5955
5994
5991
6071
6397
6540
6419
6377
6154
6268
6176
6092
6076
6230
6222
6302
6264
6378
6314
6351
6229
6365
6162
5972
6122
6144
6123
6151
6187
6136
5977
5971
5971
5940
5882
5877
6033
6049
6267
6421
6511
6622
6692
6604
6560
6709
6612
6728
6741
6548
6769
6645
6476
6622
6643
6571
6482
6564
6430
6576
6644
6695
6680
6730
6520
6454
6500
6533
6538
6561
6476
6489
6186
6112
6093
6043
5947
6060
5920
5909
5889
5609
5456
5274
5374
5306
5331
5252
5411
5403
5540
5558
5620
5608
5554
5607
5512
5444
5573
5452
5456
5498
5302
5251
5341
5441
5488
5356
5222
5165
5271
5271
5258
5353
5357
5217
5395
5237
5320
5246
5238
5232
5220
5216
5131
5290
5391
5387
5420
5573
5360
5307
5320
5293
5209
5296
5359
5338
5385
5540
5618
5656
5496
5405
5334
5209
5183
5273
5278
5410
5134
5109
5173
5211
5138
5120
5046
4947
4906
4844
4774
4832
5014
4698
4845
4873
4790
4784
4809
4854
4841
4747
4914
5087
5191
5278
5302
5455
5488
5514
5517
5494
5581
5580
5477
5559
5457
5638
5637
5654
5488
5564
5562
5576
5400
5330
5344
5365
5330
5294
5248
5145
5321
5436
5486
5575
5722
5620
5801
5807
5887
5939
6051
6054
6136
6239
6191
6299
6553
6422
6447
6420
6706
6819
6700
6613
6605
6830
6707
6806
6716
6815
6801
6744
6802
6777
6576
6405
6263
6251
6180
6053
5884
5879
5923
5828
5880
5813
5916
5974
6057
6265
6276
6333
6331
6264
6171
6092
6200
6106
6341
6227
6318
6274
6028
6001
6064
6100
6119
6192
6225
6298
6156
6387
6384
6370
6569
6506
6461
6421
6373
6281
6293
6514
6597
6669
6648
6682
6557
6416
6328
6340
6376
6536
6698
6752
6701
6830
6983
6873
6900
6776
6895
6936
6918
6976
7006
6777
6641
6664
6533
6500
6417
6453
6287
6224
6020
6071
5825
5904
5942
6072
5949
5861
5706
5656
5473
5252
5319
5429
5349
5401
5387
5429
5680
5492
5441
5413
5516
5601
5669
5680
5659
5593
5677
5585
5733
5756
5831
5834
5881
5986
6046
6127
6107
6014
6094
6050
6063
6079
6142
6089
6205
6177
6251
6205
6093
6059
6000
5943
5875
5819
5861
5899
5805
5615
5762
5702
5663
5695
5870
5924
6031
5768
5760
5640
5756
5659
5648
5522
5511
5549
5545
5503
5493
5571
5383
5343
5280
5300
5349
5261
5285
5197
5074
5138
5174
5224
5227
5198
4992
5020
4982
4980
4971
4995
5009
5089
5108
5053
5156
5292
5368
5230
4907
4918
4842
4971
5141
5073
5062
5029
5019
5272
5356
5255
5015
4988
4968
4888
4919
5006
4972
4851
4975
4960
5049
5059
4945
5024
5252
5230
5324
5286
5290
5297
5302
5242
5223
5186
5023
4974
5031
5195
5143
5018
5121
5042
4897
4876
4903
4929
4933
4812
4846
4828
4808
4771
4773
4852
4892
4944
4959
4836
4818
4764
4829
4792
4786
4632
4553
4550
4512
4318
4163
4216
4227
4343
4498
4423
4397
4539
4611
4664
4629
4638
4678
4630
4645
4705
4684
4569
4695
4839
4885
4797
4797
4866
4859
4761
4523
4519
4660
4627
4723
4730
4642
4775
4900
5126
5083
4914
5134
5304
5134
5283
5137
5198
5220
5101
5216
5167
5132
5196
5149
4984
5079
4901
4902
4911
4848
4884
4820
4722
4587
4652
4656
4476
4418
4342
4295
4244
4242
4282
4336
4465
4413
4406
4355
4446
4471
4444
4353
4192
4136
4011
4028
3982
3992
4087
4144
4154
4172
4186
4091
4008
3972
4144
4074
3964
3972
4002
4084
4178
4150
4130
4067
4027
4031
4030
4072
4207
4130
4153
4137
4043
3963
3845
3889
3896
3855
3827
3738
3772
3756
3927
3948
3983
3947
3899
3854
3696
3733
3823
3932
3848
3778
3769
3835
3724
3805
3677
3552
3551
3619
3523
3553
3499
3517
3473
3401
3397
3293
3383
3491
3499
3636
3625
3551
3526
3503
3633
3625
3499
3479
3515
3503
3548
3703
3565
3653
3687
3743
3846
3698
3833
3924
3949
4064
4086
4184
4069
4171
4117
4107
4156
4129
4229
4214
4378
4226
4182
4229
4270
4436
4426
4628
4709
4664
4767
4749
4857
5029
4952
4838
4838
4783
4647
4696
4585
4654
4680
4681
4488
4351
4189
4104
4049
4120
4039
4043
3940
4012
4074
4049
3982
4060
4222
4227
4127
4214
4269
4131
4127
4121
4093
4220
4305
4326
4392
4278
4179
4146
4181
4049
4203
4106
4272
4183
4218
4152
4080
4243
4126
4079
4091
4154
4232
4273
4354
4485
4555
4574
4615
4663
4612
4555
4799
4613
4800
4688
4687
4659
4755
4836
4924
5023
5045
5136
5212
5244
5322
5252
5339
5356
5145
5072
5034
5071
5249
5166
5337
5254
5163
5238
5192
5219
5313
5238
5241
5323
5451
5383
5422
5414
5426
5491
5393
5444
5416
5569
5660
5510
5496
5489
5470
5224
5270
5438
5489
5641
5512
5343
5304
5296
5230
5117
5228
5247
5033
5122
5170
5071
5306
5261
5290
5333
5517
5481
5522
5623
5780
5841
5770
5861
5887
5930
5868
5974
5781
6064
6168
6071
5990
5911
5797
5836
5823
5960
6045
5761
5816
5800
5736
5966
6064
6165
5982
6117
6057
5932
5914
5896
6050
6036
5894
5837
5885
5771
5628
5619
5572
5562
5500
5470
5462
5493
5578
5328
5114
5119
5199
5115
5230
5349
5282
5280
5378
5383
5460
5275
5287
5362
5349
5244
5309
5395
5469
5524
5416
5489
5512
5320
5361
5283
5251
5251
5212
5247
5205
5181
5208
5193
5312
5525
5542
5524
5441
5549
5513
5551
5581
5507
5556
5575
5741
5653
5506
5339
5255
5169
5190
5268
5424
5499
5528
5567
5583
5429
5483
5467
5563
5337
5300
5422
5216
5194
5229
5235
5257
5190
5350
5359
5363
5288
5269
5292
5060
5093
5159
5174
5053
4996
4892
4793
4591
4505
4417
4547
4604
4580
4728
4697
4682
4642
4610
4672
4591
4628
4690
4697
4746
4780
4738
4882
4730
4641
4791
4579
4544
4584
4602
4641
4740
4760
4903
4947
5041
4870
4911
4931
4979
5006
4933
4978
5051
5067
5163
5150
5130
5136
4989
4989
5053
5073
5032
5123
5002
4946
4898
4939
4977
4988
4939
5006
5002
5175
5174
5124
5288
5349
5499
5613
5705
5884
5859
5902
5877
5989
5848
5831
5865
5979
5864
5860
5934
5931
5815
6132
6089
6103
5995
5958
5886
6039
5944
6069
5901
5839
5757
5678
5645
5605
5708
5714
5963
5882
5812
5812
5957
6100
6093
6115
6298
6357
6385
6509
6560
6756
6772
6841
6837
6847
6655
6623
6781
6727
6746
6591
6638
6926
7162
7067
7077
6784
6810
6858
6959
6898
6838
6937
6794
6489
6469
6375
6337
6314
6215
6336
6456
6380
6335
6351
6350
6421
6497
6505
6488
6668
6692
6721
6737
6635
6612
6622
6586
6445
6469
6525
6594
6712
6682
6880
7028
7090
7026
6860
7059
6988
6737
6931
6892
6916
7099
7099
7185
7129
7234
7472
7577
7443
7320
7345
7448
7500
7683
7822
8037
8078
8223
8244
8353
8523
8474
8408
8319
8332
8227
7917
7921
7944
7915
7777
7658
7438
7328
7340
7154
7020
7104
7117
7422
7234
7082
7078
7159
7162
7204
7214
7099
6994
6936
6823
6735
6746
6667
6695
6611
6456
6339
6203
6228
6121
6193
6215
6269
6274
6242
6369
6159
5994
6217
6108
6217
6074
6050
6131
6052
5926
6068
6147
6017
5968
6077
6089
6075
5942
5874
5789
5848
5648
5645
5689
5707
5532
5502
5443
5305
5355
5242
5217
5107
5048
4858
4730
4862
4826
4832
4921
4883
4801
4752
4838
4935
4982
4960
5112
5269
5384
5356
5370
5507
5450
5514
5619
5632
5666
5719
5635
5609
5495
5286
5061
5095
5210
5099
4903
4920
4985
5078
4886
4976
4854
4984
4930
5043
4907
4978
5081
5097
5050
4963
5033
5041
4944
4907
4718
4883
4831
4818
4803
4893
4879
4932
4829
4929
4839
5024
5036
5014
4859
4928
4839
4802
4706
4573
4544
4588
4572
4719
4781
4761
4743
4712
4769
4994
4946
5047
5284
5241
5372
5276
5242
5294
5342
5431
5315
5351
5346
5446
5536
5505
5368
5309
5315
5452
5418
5667
5780
5853
5771
5656
5778
5670
5735
6003
6019
6055
5977
5972
5965
6064
6260
6219
6072
5935
5998
5972
6163
6066
5921
6105
6193
6160
5941
6079
6057
6178
6125
6040
6137
6115
6054
5952
5957
6009
5961
6000
5958
5950
5965
5898
5909
5890
5946
6076
5901
6106
6046
6021
5892
6030
6008
6192
6403
6336
6178
6102
6102
6185
6217
6352
6152
6095
6144
6206
6258
6064
6070
5940
5851
5787
5714
5622
5721
5625
5722
5729
5793
5798
5869
5678
5663
5796
5844
5748
5746
5817
5938
6012
6061
5933
6019
5975
5995
5986
6017
5878
5776
5863
5828
5907
5986
5974
5985
5972
6063
5905
5937
5971
6104
5788
5645
5598
5681
5754
5669
5519
5520
5578
5688
5576
5631
5518
5606
5565
5573
5445
5388
5538
5472
5280
5247
5323
5293
5333
5196
5418
5276
5324
5279
5324
5435
5213
5218
5114
5162
5051
5111
5059
5012
5012
4998
5105
5243
5240
5142
5022
5209
5215
5178
5275
5102
5001
4943
4900
4896
4922
4806
4910
4911
4785
4759
4689
4725
4638
4528
4648
4796
4923
5024
5072
5020
4971
4949
4877
4845
4721
4503
4560
4716
4531
4534
4620
4612
4604
4686
4722
4628
4621
4724
4814
4818
4984
4959
4928
5002
4870
4825
5043
5006
4877
5014
4844
4899
4802
4974
5155
5209
5192
5121
5008
5001
4904
4974
4928
4784
4745
4840
5061
5158
5184
5153
5117
5267
5340
5320
5364
5439
5339
5316
5198
5093
5253
5180
5131
5093
5118
5139
5187
5051
5092
5029
5171
5158
4939
4849
4820
4863
4892
4939
4932
4976
4968
5095
5084
5204
5356
5332
5427
5501
5432
5382
5425
5548
5573
5553
5618
5500
5538
5677
5560
5616
5551
5449
5425
5435
5377
5304
5265
5048
4977
5192
5361
5203
5196
5204
5338
5393
5543
5488
5261
5352
5333
5361
5515
5593
5581
5581
5633
5775
5781
5881
5869
5947
5855
5895
6046
5917
5935
6086
6284
6164
6159
6089
5967
5923
6016
6086
5953
6054
5904
6165
6090
6091
5958
5862
5934
5823
5702
5654
5654
5502
5610
5858
5909
6162
6046
5959
5753
5868
5953
5924
6029
5979
5893
6056
6111
6083
6118
6105
6332
6292
6324
6424
6372
6475
6341
6303
6266
6328
6552
6587
6513
6459
6347
6275
6204
6257
6383
6309
6053
5964
6160
5924
5938
5982
5881
5911
5907
5979
5917
6012
5941
6085
6096
6109
6131
6196
6067
6240
6360
6350
6340
6334
6188
6103
6004
6039
6136
6089
5959
6052
6025
5966
6121
6072
6198
6130
6220
6218
6260
6178
6269
6417
6349
6301
6160
6013
6107
6146
6071
6258
6279
6411
6406
6284
6274
6247
6299
6339
6371
6258
6390
6324
6472
6547
6516
6330
6101
6114
6024
5989
6046
6136
6009
6155
6050
5983
5937
5951
5960
5794
5784
5809
5799
5982
5807
5674
5675
5711
5789
5425
5454
5432
5429
5329
5486
5468
5493
5580
5633
5526
5591
5462
5578
5527
5596
5768
5834
5849
5785
5865
5813
5831
6001
6217
6296
6280
6134
6147
6236
6142
6307
6220
6273
6319
6196
6176
6129
5946
6075
6045
6013
6103
5949
5840
5824
5613
5663
5924
6048
5991
5952
5940
5931
5942
5819
5821
5827
5709
5652
5540
5526
5525
5450
5425
5414
5415
5399
5473
5340
5298
5440
5386
5326
5392
5444
5525
5458
5383
5349
5120
5399
5174
5167
5188
5176
5215
5236
5287
5376
5300
5441
5443
5303
5429
5412
5357
5585
5471
5541
5465
5520
5570
5376
5465
5661
5671
5730
5635
5605
5675
5478
5547
5666
5839
5739
5818
5809
5785
5829
5742
5939
5918
5897
5914
6048
5878
5875
5976
6094
6172
6194
6139
6018
5942
5928
5873
5864
5724
5797
5671
5724
5801
5649
5632
5601
5474
5522
5578
5500
5564
5667
5788
5870
5882
5786
5870
5920
5860
5986
6134
6150
6160
6237
6340
6297
6350
6404
6320
6341
6420
6449
6488
6368
6427
6359
6263
6209
5969
6119
6145
6172
6320
6246
6198
6038
6199
6338
6458
6579
6431
6629
6720
6736
6777
6786
6650
6566
6486
6568
6706
6689
6642
6787
6670
6769
6673
6557
6479
6658
6736
6790
6733
6796
6684
6734
6713
6801
6925
6955
6917
6904
6890
6828
6888
6801
6759
6499
6443
6382
6307
6173
6212
6291
6294
6086
6002
5914
5901
5796
5833
5876
5846
5936
5880
5908
5759
5897
5988
6034
6119
6055
6033
6011
6102
5945
5968
6068
6094
6168
6511
6565
6774
6935
6790
6796
6574
6513
6376
6326
6322
6471
6665
6668
6675
6748
6681
6849
6825
6868
6792
6679
6720
6613
6713
6620
6315
6238
6485
6705
6599
6622
6351
6391
6460
6451
6263
6184
6109
6135
6256
6398
6527
6588
6694
6909
6733
6537
6726
6760
6686
6642
6640
6649
6619
6736
6716
6932
6898
6968
6937
6921
7216
7343
7395
7156
7135
7190
6966
6909
6948
6838
6680
6846
6858
6834
6878
6892
6850
6984
7025
6919
6789
6804
6830
6887
6944
6978
7059
6968
7142
7064
6913
6754
6833
6882
6880
7010
7014
6972
7001
6927
6866
6950
6810
6889
6733
6568
6674
6608
6530
6452
6462
6385
6401
6292
6540
6524
6476
6313
6299
6434
6341
6397
6589
6517
6514
6686
6910
6795
6877
6958
6845
6735
6717
6703
6730
6714
6725
6792
6716
6642
6666
6551
6479
6544
6572
6525
6524
6633
6610
6546
6782
6863
6817
6829
6972
6859
6661
6789
6735
6780
6782
6771
6843
6830
6803
6747
6849
6520
6539
6643
6780
6819
6893
6852
6669
6629
6791
6857
6801
6809
6738
6719
6732
6702
6715
6583
6507
6434
6291
6144
5969
6043
6026
6043
5875
6040
6031
6003
6097
6019
5744
5659
5669
5742
5806
5921
5974
5811
5646
5767
5798
5821
5850
5665
5594
5662
5809
5782
5751
5844
5902
6087
6007
5958
5853
5818
5969
5959
5917
5880
5885
5796
5955
6067
6057
5994
5988
5952
5666
5643
5660
5696
5783
5852
5861
5690
5536
5699
5702
5896
5821
5765
5792
5744
5620
5621
5699
5828
5807
5736
5871
5768
5780
5704
5694
5700
5524
5379
5149
5229
5224
5225
5094
5161
5326
5347
5365
5500
5614
5643
5773
5772
5697
5780
5757
5939
5935
6025
6104
6167
6122
6183
6338
6336
6362
6299
6225
6204
6178
6036
5827
6088
6047
6072
5980
5937
5935
5838
6017
5992
5883
5950
6004
5796
5917
5781
6051
6044
6112
6058
5994
6083
6171
6190
6157
6269
6373
6626
6544
6556
6637
6633
6696
6706
6452
6439
6503
6616
6681
6671
6699
6681
6739
6683
6451
6836
6724
6741
6669
6667
6630
6661
6730
6724
6748
6831
6795
6957
6902
7143
7206
7277
7162
7101
7164
7207
7393
7241
7339
7254
7222
7007
6818
6730
6737
6588
6552
6666
6684
6710
6611
6709
6727
6538
6382
6404
6397
6212
6323
6342
6495
6427
6277
6307
6274
6258
6390
6271
6320
6438
6600
6499
6581
6481
6546
6508
6391
6211
6159
6112
6080
6035
6207
6171
6009
6044
6000
5860
5688
5899
5820
5913
5914
5845
5875
5903
6040
5919
5851
5943
5961
5822
5918
5984
6015
6179
6344
6255
6436
6474
6507
6432
6447
6464
6390
6222
6245
6276
6335
6344
6333
6354
6269
6273
6170
6278
6172
6094
6264
6259
6411
6288
6142
6106
6180
6232
6085
6218
6233
6145
5968
6082
6242
6306
6249
6395
6595
6613
6597
6665
6742
6852
6841
6806
6736
6743
6826
6800
6683
6863
6848
6924
6791
6723
6782
6736
6847
7034
7120
7049
6847
6818
6803
6797
6727
6556
6463
6414
6380
6157
6110
5955
6045
5889
5852
5836
5837
5919
5924
5836
5812
5600
5457
5470
5209
5410
5453
5553
5585
5629
5746
5712
5659
5701
5695
5495
5411
5340
5303
5370
5290
5447
5399
5616
5665
5609
5618
5545
5482
5634
5559
5496
5328
5385
5433
5448
5322
5273
5104
5106
5100
5028
4948
4870
4917
4865
4795
4711
4823
4850
4799
4793
4842
4778
4823
4763
4810
4851
5064
5090
5241
5376
5195
5027
5121
5194
5271
5385
5349
5407
5618
5612
5765
5732
5772
5880
5963
5937
6045
6063
6139
6120
6263
6212
6176
6183
6180
6227
6299
6370
6156
6096
6088
6056
5795
5858
5881
5744
5750
5669
5617
5810
5900
6127
5902
5772
5794
5807
6035
5957
5904
5956
6059
5827
5941
5733
5897
5650
5705
5654
5629
5770
5743
5676
5715
5943
6039
6167
6096
6020
5885
5841
6059
5907
5859
5857
5719
5665
5619
5662
5704
5756
5825
5909
5876
5906
6056
6086
6168
6084
5880
5814
5900
6017
6030
5998
6125
6101
6024
6139
6039
6277
6424
6511
6590
6378
6409
6424
6443
6510
6678
6588
6406
6487
6451
6210
6378
6396
6333
6355
6270
6222
6246
6127
5994
6019
6052
6103
6029
6012
6155
6123
6299
6546
6360
6470
6400
6218
6102
5925
6138
6247
6273
6205
6257
6226
6249
6109
6136
6125
5954
5917
5918
5812
5697
5599
5453
5632
5724
5908
6044
6195
6378
6266
6346
6393
6426
6362
6330
6180
6066
6172
6268
6146
6212
6297
6411
6538
6584
6726
6722
6706
6710
6740
6823
6697
6616
6516
6389
6349
6204
6161
6027
6219
6212
6110
6237
6233
6235
6126
6125
6034
5976
5846
5823
5703
5638
5641
5717
5656
5551
5699
5711
5556
5481
5632
5644
5572
5458
5463
5416
5227
5285
5285
5306
5203
5300
5416
5514
5695
5608
5524
5529
5391
5312
5414
5361
5454
5370
5232
5201
5334
5296
5343
5391
5570
5601
5614
5569
5500
5669
5684
5597
5690
5898
5852
6008
5867
5771
5713
5657
5504
5636
5693
5688
5956
5874
5733
5751
5716
5702
5530
5550
5474
5318
5474
5548
5588
5699
5749
5834
5834
5699
5545
5501
5430
5434
5264
5249
5200
5227
5247
5140
5106
5105
4999
5073
4916
4806
4643
4518
4538
4581
4627
4597
4485
4395
4530
4719
4727
4803
4852
4896
4786
4887
4641
4692
4745
4624
4547
4547
4647
4779
4827
4827
4862
4921
5050
4925
4673
4583
4549
4745
4519
4356
4386
4652
4665
4672
4500
4407
4294
4358
4317
4403
4361
4339
4291
4319
4221
4242
4425
4604
4473
4439
4341
4405
4442
4397
4432
4491
4594
4492
4603
4704
4730
4818
4877
4830
4975
4943
4961
4952
5122
5207
5457
5505
5697
5747
5746
5654
5689
5687
5630
5591
5470
5376
5345
5284
5194
5179
5166
5087
5114
5051
4986
4993
4818
4920
4841
5040
5183
5312
5295
5395
5373
5316
5220
5197
5075
5168
5284
5299
5443
5471
5680
5583
5571
5685
5707
5768
5862
5869
5941
5887
5916
5908
5929
5886
5755
5597
5645
5503
5402
5542
5616
5473
5483
5411
5517
5525
5382
5404
5364
5212
5380
5435
5422
5470
5512
5280
5245
5273
5413
5374
5527
5554
5404
5409
5422
5445
5474
5526
5655
5509
5298
5302
5424
5379
5513
5550
5600
5569
5732
5817
5641
5557
5670
5781
5710
5607
5300
5183
5308
5253
5221
5422
5524
5636
5738
5699
5700
5800
5763
5888
6080
5968
6123
6184
6197
6216
6227
5859
5861
5791
5888
5975
6055
6147
6248
6369
6286
6202
6274
6297
6247
6188
6281
6254
6202
6222
6169
6236
6231
6245
6203
6135
6029
5883
5921
6108
6142
6198
6227
6211
6368
6338
6458
6313
6443
6563
6514
6489
6324
6267
6179
6200
6140
6325
6362
6507
6425
6344
6316
6395
6522
6542
6420
6317
6253
6192
6192
6224
6295
6381
6254
6341
6264
6024
5997
6011
5988
6034
6115
6015
5832
5721
5647
5590
5776
5746
5986
5883
6056
6039
6149
6249
6178
6182
6018
5777
5733
5782
5878
5754
5940
5985
5958
6007
6181
6075
5995
5999
5866
5686
5562
5543
5629
5788
5726
5474
5550
5549
5665
5616
5615
5521
5388
5401
5349
5154
5218
5221
5430
5489
5500
5678
5789
5673
5512
5408
5377
5421
5367
5357
5254
5118
5028
4950
4989
5068
5059
5128
5095
5205
5109
5168
5274
5455
5391
5238
5263
5115
5158
5044
5030
4939
4927
4942
5135
5151
4980
5202
5260
5185
5175
5127
5139
5255
5452
5640
5794
5767
5815
5952
6050
6235
6282
6271
6024
6092
6251
6293
6270
6217
6228
6007
5982
5934
5998
5997
5771
5774
5612
5697
5723
5679
5429
5470
5539
5522
5694
5903
5770
5823
5884
5617
5394
5282
5242
5125
5115
5171
5044
5150
5224
5212
5146
5060
5217
5382
5436
5384
5290
5241
5444
5421
5365
5352
5236
5321
5282
5225
5324
5293
5281
5351
5378
5451
5430
5442
5460
5306
5402
5290
5234
5277
5434
5597
5462
5484
5469
5507
5468
5524
5485
5391
5519
5427
5445
5585
5580
5557
5541
5581
5537
5629
5568
5679
5756
5887
5781
5757
5798
5765
5880
5742
5804
5793
5937
5927
5848
5893
5759
5922
5968
5960
5985
5993
5912
5865
5968
5914
5966
5845
5868
5738
5767
5758
5776
5735
5915
5958
5962
5977
6134
6009
6003
6001
5988
6118
6276
6236
6178
6231
6122
6212
6332
6534
6682
6633
6452
6533
6401
6409
6246
6150
6236
6025
5974
5959
6007
5954
6006
5893
5880
5920
5952
5964
6009
6036
6020
5922
6069
5996
6314
6383
6389
6423
6531
6574
6707
6603
6633
6653
6669
6580
6556
6815
6900
6620
6518
6428
6543
6630
6536
6481
6392
6460
6421
6416
6185
6154
6023
6049
6134
5979
5830
5844
5631
5717
5820
5960
6118
6134
6254
6053
5838
5818
6002
5925
6066
6183
6344
6262
6382
6419
6362
6233
6175
6227
6208
6234
6157
6207
6171
6166
6150
5904
5742
5710
5706
5794
5777
5709
5703
5732
5901
5968
5921
5997
5829
5857
5735
5454
5604
5754
5791
5773
5794
5690
5627
5714
5657
5671
5651
5679
5578
5612
5580
5374
5437
5283
5403
5528
5294
5345
5491
5481
5373
5341
5297
5328
5293
5356
5281
5158
5212
5286
5452
5573
5720
5523
5507
5471
5575
5525
5493
5439
5587
5719
5645
5786
5827
6062
6020
6116
6049
6143
6146
6142
6024
6162
6375
6123
5787
5815
5884
5764
5799
5616
5525
5446
5368
5336
5206
5227
