1005000
268336
174263
128489
102571
84550
72351
62924
55637
49688
44858
41229
37422
35140
32659
30434
28071
26024
24965
23513
22114
20594
19895
19018
18103
17378
16735
15920
15615
15274
14640
14335
13955
13606
13092
12727
12344
12080
11639
11184
10855
10417
10188
9767
9391
8923
8598
8471
8203
8049
7769
7562
7471
7407
7466
7459
7359
7379
7146
7210
7217
7134
6882
6725
6785
6585
6473
6458
6435
6317
6214
6070
5802
5786
5704
5728
5691
5435
5332
5309
5299
5072
4977
4768
4595
4546
4551
4476
4367
4282
4280
4296
4150
4030
4028
4036
3980
3861
3821
3655
3678
3871
3840
3880
3891
4060
4080
4159
4252
4272
4380
4231
4303
4333
4260
4269
4274
4287
4112
3939
3915
4023
3987
3864
3923
3923
3896
3891
3877
3953
3815
3786
3733
3606
3529
3480
3418
3463
3430
3620
3563
3629
3648
3596
3660
3671
3596
3522
3537
3629
3681
3720
3790
3664
3487
3388
3355
3526
3432
3337
3427
3369
3208
3036
3138
3178
3131
3113
3073
2983
2938
3119
2974
2925
2914
2850
2917
2841
2817
2836
2847
2737
2712
2604
2651
2657
2728
2878
2759
2715
2571
2523
2593
2610
2503
2473
2375
2322
2260
2274
2254
2267
2410
2281
2308
2355
2439
2400
2271
2250
2250
2128
2117
2026
1974
1821
1757
1791
1858
1829
1815
1773
1771
1788
1800
1849
1836
1807
1867
1884
1965
1953
1926
1870
1953
1974
2001
2010
2062
2065
1984
2011
1971
1909
1959
2016
1999
1999
1960
1860
1908
1941
1903
1818
1818
1773
1895
1785
1788
1784
1887
1836
1837
1885
1956
1866
1971
2011
1977
2080
2104
2079
2071
2016
1969
1991
2089
2097
2115
2101
2173
2132
2122
2235
2197
2274
2230
2206
2316
2322
2177
2152
2076
2064
2151
2226
2196
2124
2094
2074
2082
2064
2013
2029
2065
2163
2098
2053
1943
2034
2127
2170
2143
2002
1992
2064
2142
2177
2219
2325
2267
2215
2242
2247
2299
2535
2566
2680
2684
2586
2542
2426
2431
2641
2723
2736
2607
2701
2656
2716
2831
2743
2778
2785
2834
2895
3015
2979
3082
3162
3143
3126
3034
3118
3133
3039
3073
3026
3047
3203
3132
3147
3235
3285
3301
3289
3359
3499
3438
3358
3282
3252
3260
3188
3105
3145
3358
3260
3284
3177
3083
2968
2811
2866
2872
2736
2814
2858
2772
2887
3060
3105
3220
3313
3303
3378
3282
3301
3394
3277
3338
3316
3300
3446
3385
3284
3296
3309
3337
3378
3237
3264
3338
3499
3636
3552
3567
3497
3478
3556
3534
3356
3453
3433
3389
3362
3404
3251
3404
3398
3434
3517
3524
3326
3244
3270
3360
3350
3387
3287
3389
3431
3482
3534
3664
3714
3704
3645
3706
3894
3959
3807
4044
3906
3882
3775
3730
3668
3616
3583
3577
3506
3317
3228
3257
3359
3461
3449
3466
3534
3532
3497
3399
3384
3487
3498
3521
3625
3753
3719
3573
3534
3581
3616
3582
3625
3720
3846
3713
3694
3771
3671
3687
3534
3584
3625
3711
3836
3913
3906
3821
3873
3963
3995
4036
3993
4223
4299
4361
4499
4408
4579
4460
4309
4206
4161
4326
4395
4300
4296
4203
4079
4206
4181
4433
4505
4607
4496
4567
4620
4669
4564
4539
4485
4540
4386
4285
4391
4289
4363
4276
4176
4211
4172
4224
4311
4291
4399
4337
4357
4506
4556
4670
4652
4578
4616
4648
4640
4541
4673
4538
4430
4438
4418
4525
4358
4348
4513
4452
4568
4509
4522
4452
4385
4432
4372
4484
4570
4699
4759
4924
4816
4727
4678
4679
4770
4738
4728
4884
4904
4956
4912
4874
4781
4907
5021
4941
5066
5392
5535
5663
5594
5704
5762
5890
5604
5683
5812
5842
5963
5902
5988
5843
5732
5773
5763
5771
5689
5710
5905
6061
6310
6460
6455
6396
6330
6289
6391
6407
6450
6706
6718
6710
6873
7103
7233
7126
7107
7328
7212
7066
7145
7163
7089
7078
7170
7045
7116
7147
7105
7091
7124
7103
6965
7077
6928
6742
6711
6902
6986
6864
6923
7105
7218
7043
6985
6752
6610
6445
6331
6285
6210
6030
5923
5958
6048
6051
6075
6189
6197
6281
6442
6462
6371
6341
6519
6570
6460
6560
6683
6657
6769
6703
6809
6970
6924
6989
6936
6876
6745
6898
6864
6992
7008
6848
7097
7168
7276
7237
7126
6892
7012
7102
6971
7002
6940
6927
6908
6785
6697
6790
7151
7052
7042
7235
7017
7195
7408
7444
7389
7365
7313
7241
7152
7159
6881
6727
6806
6827
7063
7027
6997
7184
7127
7095
7334
7380
7310
7155
7215
7313
7279
7337
7105
7143
7348
7314
7312
7388
7400
7329
7428
7470
7215
7419
7504
7584
7614
7470
7362
7232
7065
7016
6957
6873
6913
6887
6887
6974
7170
7326
7357
7417
7417
7251
7354
7232
7376
7245
7135
7127
6930
6833
7092
7418
7402
7267
7275
7366
7292
7217
7066
7052
7160
7157
7016
7062
7156
7239
7075
6864
6977
6933
7117
7135
7215
7327
7110
7111
7206
7036
7046
6964
7077
7209
7135
6973
7006
7219
7217
7304
7305
7320
7365
7598
7719
7362
7606
7414
7343
7371
7227
7197
7080
7280
7246
7216
7171
7295
7303
7382
7338
7449
7609
7735
7878
7886
8056
7983
8008
7826
7864
7833
7872
8006
8030
7928
7956
7958
7961
7816
7764
7598
7494
7527
7654
7536
7762
7914
7896
7744
7637
7727
7630
7637
7639
7588
7487
7763
7711
7743
7629
7401
7327
7358
7342
7329
7424
7310
7277
7151
7245
7277
7075
7191
7071
7212
7055
7067
6999
7236
7175
7123
7258
7245
7255
7252
7120
7062
6907
6744
6768
6750
6974
6900
6920
6935
6974
7199
7266
7391
7430
7215
7177
7006
7001
6865
6724
6746
6691
6774
6722
6631
6661
6693
6643
6599
6636
6765
6906
6728
6810
6584
6617
6734
6598
6574
6535
6534
6536
6477
6513
6296
6312
6216
6059
6188
6224
6159
6063
6112
6185
6157
6101
5930
5836
5985
6171
6163
6309
6385
6359
6356
6324
6511
6667
6802
6778
6912
6923
7074
7026
7114
7215
7223
7089
6966
6815
6746
6857
6851
6845
6676
6859
6833
6755
6595
6565
6665
6737
6694
6637
6584
6441
6379
6303
6369
6336
6406
6448
6348
6346
6335
6184
6297
6388
6267
6216
6141
6220
6215
6180
6273
6138
6214
6248
6323
6468
6480
6243
6129
6245
6290
6184
6048
6036
5993
5841
5877
5833
6002
6078
6029
6073
6233
6276
6343
6242
6191
6259
6303
6582
6529
6116
6034
5967
5876
5803
5904
6076
6118
6237
6473
6253
6461
6395
6466
6480
6634
6567
6572
6610
6580
6767
6783
6545
6346
6414
6620
6597
6625
6687
6654
6699
6615
6736
6611
6702
6831
6740
6791
6969
6768
6706
6694
6745
6722
6530
6404
6490
6705
6730
6851
6759
6809
6711
6716
6699
6620
6855
6966
6762
6599
6539
6264
6361
6270
6019
6090
6184
6198
6167
6168
6124
6069
6010
5959
5902
5938
6095
5999
6042
6171
6197
6076
6113
6008
5828
5827
5777
5665
5577
5514
5510
5398
5483
5442
5627
5620
5588
5553
5580
5575
5547
5411
5525
5494
5488
5419
5366
5345
5328
5305
5208
5232
5260
5209
5404
5468
5460
5540
5564
5379
5405
5397
5604
5509
5354
5410
5449
5716
5780
5875
5880
5802
5819
5748
5720
5643
5613
5748
5850
5796
5708
5642
5565
5469
5492
5451
5455
5482
5581
5636
5644
5524
5694
5652
5549
5552
5442
5501
5421
5441
5531
5514
5380
5248
5260
5093
5028
4907
4898
4964
4921
4936
5023
5031
5021
4840
4710
4586
4624
4834
4975
4870
4740
4725
4820
4842
4969
5113
5010
5022
4890
4805
4718
4730
4742
4681
4676
4661
4557
4546
4432
4339
4390
4306
4277
4235
4266
4408
4450
4366
4293
4274
4041
3918
3985
4193
4229
4286
4346
4312
4291
4316
4255
4190
4214
4145
4107
4102
4083
4141
4228
4187
4155
4178
4296
4359
4301
4224
4104
4067
4062
4020
4177
4173
4280
4232
4354
4234
4283
4260
4209
4299
4230
4339
4408
4281
4318
4201
4246
4202
4318
4202
4156
4059
4067
4224
4077
4133
4213
4162
4055
4081
4220
4265
4306
4188
4188
4199
4222
4191
4227
4188
4259
4267
4129
4070
4174
4156
4170
4244
4287
4237
4332
4423
4430
4439
4476
4373
4514
4526
4411
4270
4305
4438
4482
4537
4586
4477
4497
4416
4565
4697
4638
4597
4449
4561
4564
4518
4554
4405
4352
4465
4381
4344
4354
4443
4476
4451
4369
4497
4517
4528
4543
4460
4602
4686
4616
4720
4718
4757
4741
4835
4976
4861
5072
5147
5025
4839
4711
4760
4646
4913
4991
5078
5146
5198
4966
4991
4927
4846
4763
4828
5078
5005
5038
5014
4909
4915
4907
5037
5186
5273
5517
5655
5733
5836
5716
5644
5600
5681
5883
5933
5861
5932
6155
6168
5990
6180
6081
6152
6120
6173
6124
6164
6219
6200
6388
6510
6452
6429
6465
6451
6320
6383
6330
6275
6120
6048
5961
5939
5909
5869
5948
6021
5931
5971
5939
5847
5987
5852
5825
5777
5510
5541
5583
5657
5619
5618
5623
5588
5796
5890
5756
5712
5725
5803
5645
5792
5626
5670
5633
5547
5632
5692
5666
5724
5819
5865
5929
5812
5791
5645
5764
5851
5945
5919
5806
5977
6198
6179
6312
6387
6198
6342
6222
6375
6376
6314
6324
6369
6466
6473
6258
6458
6312
6443
6655
6692
6818
6746
6937
6827
6824
6877
6817
6894
6665
6719
6603
6661
6576
6653
6652
6630
6452
6461
6538
6372
6526
6505
6434
6393
6257
6443
6708
6641
6608
6588
6744
6421
6509
6428
6341
6193
6170
6267
6370
6509
6553
6546
6480
6142
6276
6328
6303
6153
6189
6285
6359
6266
6312
6188
6109
6148
6159
6156
6329
6315
6283
6179
6330
6457
6159
6321
6403
6445
6622
6631
6828
6992
6940
6792
6924
6765
6687
6853
6935
6774
6639
6709
6876
6686
6622
6453
6396
6217
6205
6303
6469
6621
6783
6940
6973
6960
6948
6836
6803
6950
6962
7007
7079
7177
6985
6923
7072
7098
6943
7043
7085
7233
7305
7120
7065
6941
6915
6759
6602
6448
6600
6670
6658
6641
6560
6528
6490
6424
6518
6503
6388
6497
6421
6502
6376
6456
6539
6560
6443
6345
6245
6235
6246
6368
6311
6374
6605
6489
6494
6432
6529
6473
6446
6402
6569
6615
6752
6670
6641
6813
6771
6652
6769
6637
6619
6523
6382
6379
6386
6423
6223
6287
6085
6020
6158
6206
6232
6164
6045
6124
6174
6130
6173
6190
6303
6235
6305
6150
6082
6162
6292
6126
6011
6032
6093
6149
6027
5953
6030
6072
6020
5877
6067
6027
6105
6029
5951
6027
5937
5763
5729
5753
5632
5639
5530
5630
5738
5710
5679
5660
5831
5592
5618
5494
5550
5720
5740
5860
5677
5515
5484
5442
5472
5315
5184
5267
5353
5321
5163
5486
5463
5281
5415
5642
5634
5550
5615
5688
5725
5761
5771
5876
5899
6008
6026
5862
5875
6003
6004
5963
6037
5994
5891
5840
5994
5997
6067
6085
5975
6034
5921
5918
5994
5746
5781
5870
5749
5767
5719
5787
5749
5669
5760
5862
5866
5936
5932
5966
5941
6067
6046
6229
6297
6306
6062
5865
5901
5851
5753
5792
5825
5828
5794
5837
6067
6170
6059
6033
6154
6389
6474
6402
6530
6401
6359
6300
6271
6265
6162
6095
6044
6085
6157
6392
6437
6409
6536
6314
6276
6216
6162
6106
6233
6207
6313
6562
6565
6582
6458
6492
6707
6724
6662
6731
6628
6489
6515
6486
6543
6484
6399
6372
6301
6396
6474
6412
6209
6134
6100
6017
6000
5879
5807
5602
5588
5822
5994
5871
5933
5991
6021
6118
5876
5964
5838
5970
6049
6194
6336
6501
6448
6316
6275
6230
6297
6185
6280
6395
6543
6463
6375
6366
6299
6122
5942
6012
6068
6027
6022
6176
6040
6132
6154
6022
5946
5832
5854
5774
5821
5943
5724
5681
5992
5969
5886
5993
5990
5834
5883
5982
6154
6186
6247
6144
6124
6196
6050
5934
6050
6197
6479
6442
6286
6392
6359
6403
6415
6313
6359
6523
6526
6787
6667
6528
6675
6684
6764
6819
6921
7014
6935
6970
6994
6888
6854
6939
6888
6854
6784
6652
6809
6589
6653
6529
6599
6585
6568
6429
6398
6394
6599
6658
6619
6455
6376
6323
6206
6184
6072
6186
6229
6109
6340
6354
6405
6496
6344
6332
6235
6209
6347
6529
6544
6574
6525
6688
6845
7052
6894
6797
6954
6813
7045
7066
6989
6944
6768
6778
6969
7075
6861
6778
6932
7040
7029
7002
7069
7159
7065
7105
7081
7047
6885
7103
7125
7168
7244
7197
7145
7094
7151
7115
7197
7200
7338
7260
7379
7294
7235
7316
7564
7658
7378
7356
7356
7310
7338
7558
7304
7397
7292
7287
7320
7150
7142
7178
7378
7373
7459
7494
7423
7429
7368
7214
7162
7090
7148
6987
7053
6861
6799
6704
6672
6655
6523
6644
6587
6553
6412
6442
6515
6509
6663
6892
6821
6958
7124
7255
6990
6954
7051
7141
7058
7060
7104
7105
7195
7028
6841
6824
6743
6838
6755
6629
6739
6799
6619
6625
6620
6705
6544
6428
6533
6594
6552
6550
6500
6638
6537
6479
6450
6375
6226
6290
6257
6280
6074
6266
6406
6596
6550
6499
6510
6570
6645
6542
6747
6589
6595
6684
6652
6565
6691
6555
6656
6626
6609
6562
6654
6739
6647
6592
6659
6752
6613
6538
6543
6639
6659
6500
6422
6541
6437
6502
6455
6479
6389
6247
6191
5955
6163
6302
6287
6155
6323
6309
6263
6053
5948
5880
5950
5918
5844
5865
6029
5908
5862
5805
5780
5926
5810
5552
5657
5592
5606
5515
5430
5427
5553
5589
5723
5515
5607
5583
5737
5694
5664
5613
5688
5659
5670
5728
5578
5615
5751
5819
5738
5829
5987
5929
5921
6088
6076
6079
6052
5955
5874
5778
5948
5844
5926
6109
6144
6283
6195
6094
5955
5981
5985
5856
5905
5798
5992
6021
6100
6059
5852
5869
5606
5472
5534
5553
5425
5522
5545
5626
5672
5510
5576
5441
5327
5249
5110
5085
5159
5193
5182
5178
5060
5048
5121
5119
5224
5322
5382
5437
5399
5222
5245
5154
5230
5253
5357
5161
5038
5036
5083
5107
5175
5285
5482
5474
5450
5542
5705
5780
5920
5788
5822
5801
5690
5662
5650
5677
5681
5518
5458
5330
5335
5308
5362
5333
5479
5645
5570
5454
5544
5718
5675
5636
5754
5743
5774
5833
5614
5645
5737
5747
5763
5712
5522
5612
5447
5641
5552
5469
5549
5469
5340
5310
5394
5480
5282
5328
5427
5404
5419
5474
5453
5435
5351
5461
5328
5508
5428
5405
5458
5616
5475
5657
5461
5346
5145
5153
5305
5288
5277
5309
5448
5495
5488
5294
5363
5359
5492
5638
5517
5563
5455
5648
5710
5718
5921
5930
5588
5492
5455
5289
5407
5354
5532
5646
5671
5608
5709
5865
5809
6017
5990
5843
5904
5886
5740
5892
5957
5996
5983
5906
5925
5954
5801
5864
5893
5899
5944
5776
5653
5762
5762
5893
5903
5846
5793
5820
5799
5755
5566
5530
5496
5665
5637
5418
5293
5341
5546
5473
5456
5532
5605
5637
5748
5791
5843
5970
5924
6023
5909
5902
5948
5953
5995
5861
5824
5898
5919
5749
5591
5454
5489
5409
5422
5615
5701
5733
5844
5960
5909
5943
5956
5839
5825
5886
5798
5795
5689
5673
5623
5665
5726
5846
5840
5640
5638
5672
5569
5649
5638
5594
5596
5764
5766
5855
5938
5825
5819
5767
5781
5837
5765
5653
5841
5751
5860
5864
5795
5913
5933
5999
6057
6067
5963
5929
5786
5813
5975
5817
5915
5915
5796
5907
6067
6141
6138
6308
6024
5956
5938
6111
6078
5989
6075
5958
5816
5922
5892
5942
5935
5995
5972
6140
6144
6264
6033
6024
6096
6045
6161
6093
6050
6057
5901
5608
5538
5709
5720
5758
5776
5925
6016
6053
6176
6230
6450
6475
6566
6620
6466
6335
6294
6249
6111
6370
6321
6311
6339
6301
6233
6214
6075
6139
6114
5883
5955
5767
5996
5905
5971
5889
5913
5921
5935
6124
6100
5999
6035
6101
6101
6070
6048
6027
6180
6213
5973
5986
6068
5995
5884
5901
5850
5805
5740
5646
5668
5683
5867
5848
5871
5977
6065
5981
5999
5961
5888
5873
5860
5647
5758
5837
5864
5823
5792
5810
5811
5788
5757
5753
5662
5705
5634
5634
5724
5749
5741
5755
5895
5717
5676
5836
5826
5774
5773
5929
5878
5933
6023
6131
6199
5992
5874
5835
5948
6095
5912
5827
5897
5876
5993
5951
6133
5994
6118
6037
6096
5970
6171
6203
6287
6318
6494
6563
6512
6524
6385
6401
6295
6231
6289
6298
6499
6608
6575
6471
6486
6654
6674
6518
6411
6436
6613
6658
6760
6482
6600
6432
6728
6786
6929
6954
6839
6807
6892
6994
6898
6875
6943
6979
6609
6680
6885
6727
6868
6937
6672
6670
6694
6819
7048
6954
6930
6829
6882
6887
6997
7226
7082
7146
7107
6978
6803
6603
6476
6799
6836
6719
6736
6913
6826
6927
6833
6681
6672
6711
6623
6632
6784
6970
6883
7087
7084
6847
6808
6856
6805
6902
6987
6947
7015
6892
6947
6992
6749
6706
6520
6464
6368
6242
6189
6310
6221
6362
6238
6236
6093
6143
5845
5875
5883
5984
5963
5825
5952
5692
5822
5790
5797
5755
5721
5858
5825
5887
5937
6200
6289
6276
6249
6327
6454
6415
6494
6483
6401
6332
6426
6269
6574
6657
6808
6934
7051
6992
7016
6944
6974
7025
6925
6971
6930
6824
6810
6919
6916
6935
6810
6850
6958
7098
6947
6996
7081
7171
7269
7327
7299
7186
7241
7229
7164
7111
7075
7200
7159
7162
7060
6898
6943
6872
6690
6776
6713
6561
6535
6792
6740
6825
6745
6788
6607
6643
6618
6722
6659
6569
6378
6454
6211
6306
6444
6339
6382
6372
6195
6168
5995
5882
5939
5982
6049
5897
5838
5928
5785
5976
5853
5941
5969
5703
5808
5773
5859
5792
5712
5706
5598
5693
5608
5580
5587
5560
5660
5684
5404
5374
5376
5461
5481
5525
5382
5520
5485
5456
5382
5436
5554
5532
5633
5699
5732
5741
5870
6005
5918
5790
5838
5938
5833
5831
5753
5592
5648
5764
5815
5657
5845
5872
6047
5918
5914
5993
5938
5887
5942
6085
6126
6174
6166
6166
6195
6501
6568
6734
6871
6930
6825
7084
7237
7140
7176
7050
7097
7078
7186
7295
7469
7483
7237
7197
7093
7235
7170
7180
7086
7087
7293
7368
7418
7348
7075
7083
7062
7019
7000
7057
6833
6763
6960
6880
6781
6926
6700
6767
6776
6878
6801
6769
6866
6912
7105
6973
6796
6712
6762
6903
6995
7050
7184
7158
7194
7040
7128
7030
7119
7202
7074
7076
7180
7333
7340
7344
7343
7221
7278
7348
7333
7239
7305
7372
7475
7457
7460
7289
7193
7090
7211
7316
7272
7312
7235
7179
6970
6937
6889
6939
6964
7133
7121
7250
7177
7203
7062
7134
7376
7202
7121
6933
6949
6750
6643
6644
6622
6528
6529
6501
6399
6422
6380
6415
6307
6324
6318
6247
6301
6325
6128
6060
6005
6054
5994
6089
6112
6146
6053
5987
6039
5921
6047
6106
6041
6198
6213
6276
6225
6228
6160
6124
6139
6105
6156
6005
6063
6066
6182
6290
6042
5988
5884
5528
5616
5556
5348
5353
5391
5341
5184
5313
5474
5564
5753
5696
5651
5731
5650
5632
5558
5540
5546
5560
5482
5406
5471
5431
5479
5376
5307
5311
5221
5265
5165
5061
5107
5013
5025
5119
5360
5341
5360
5292
5412
5568
5736
5826
5993
5929
5921
5882
5723
5816
5751
5640
5787
5787
5797
5770
5765
5523
5408
5392
5352
5344
5328
5409
5533
5405
5378
5413
5476
5557
5613
5615
5871
5948
6071
5967
5907
5757
5909
5789
5750
5866
5635
5649
5632
5588
5661
5694
5832
5925
5830
5777
5645
5586
5563
5582
5359
5222
5252
5255
5363
5475
5549
5508
5766
5819
5620
5503
5486
5302
5263
5300
5096
5152
5235
5221
4972
5087
5258
5302
5347
5506
5476
5568
5617
5648
5564
5520
5630
5687
5806
5826
5713
5702
5924
6109
6074
6225
6254
6257
6110
6035
6114
6147
6031
5857
5998
5836
5749
5607
5819
5865
5867
5930
5854
5681
5875
5891
5978
6120
6192
6166
6334
6212
6096
6113
6271
6235
6287
6235
6313
6234
6502
6421
6535
6451
6311
6282
6331
6451
6274
6423
6322
6296
6245
6257
6195
6211
6272
6358
6279
6379
6412
6335
6284
6375
6633
6668
6610
6445
6497
6382
6287
6291
6276
6217
6100
6019
5877
5956
6152
6097
6013
6020
6301
6428
6442
6699
6676
6718
6574
6457
6332
6229
6201
6165
6174
5993
6104
6079
6312
6317
6296
6461
6571
6458
6427
6437
6306
6322
6268
6231
6131
6220
6132
6356
6262
6196
6045
6056
6122
6142
6005
6007
5957
5890
5899
6024
6100
5993
6076
6079
5915
5922
6088
6116
6202
6239
6486
6418
6407
6366
6308
6242
6341
6356
6484
6527
6315
6397
6395
6521
6584
6535
6544
6445
6672
6690
6765
6808
6792
6905
6779
6850
6785
6869
7071
7270
7193
7104
7119
7229
7245
7310
7592
7623
7737
7725
7775
7898
7856
7705
7587
7378
7146
7017
6938
6964
7001
6809
6605
6470
6612
6690
6877
6844
6921
6963
6958
7063
6984
7031
7101
7067
6839
6995
6928
7139
6969
6908
7025
6744
6761
6844
6853
6984
6655
6599
6703
6626
6521
6558
6660
6715
7071
7321
7414
7401
7210
7199
7328
7413
7409
7274
7301
7550
7777
7595
7648
7792
7691
7625
7582
7397
7619
7535
7721
7588
7408
7260
7212
7237
7229
7292
7324
7445
7443
7232
7103
7216
7137
7220
7157
7094
7126
7202
7292
7314
7080
7268
7315
7140
7198
7311
7108
6916
6947
6930
6692
6656
6832
6660
6777
6751
6759
6801
6805
6918
6766
6877
6919
6835
6807
6623
6538
6550
6412
6339
6438
6533
6717
6575
6519
6509
6476
6418
6237
5969
6055
5857
5867
5829
5983
5931
5898
5939
5898
6007
6099
6034
6083
6152
6039
6090
6054
5993
5975
5878
5959
5892
5906
5986
5938
5860
5685
5680
5769
5885
5879
6090
5883
5774
5731
5699
5728
5895
5985
6094
6120
6284
6305
6213
6096
6016
6156
6095
6026
6076
6187
6016
6050
5961
6093
6186
6226
6190
6237
6033
6154
6261
6472
6468
6473
6442
6450
6404
6426
6581
6441
6438
6393
6448
6353
6532
6543
6464
6630
6658
6587
6702
6580
6396
6447
6437
6359
6217
6117
6067
6019
6146
5932
5728
5639
5759
5842
5851
5830
6063
6112
6130
5947
5865
5816
5829
5783
5785
5994
5919
5984
5811
5644
5554
5706
5840
5793
5697
5566
5672
5701
5789
5703
5785
5890
5818
5969
6142
6231
6282
6385
6497
6382
6158
6252
6159
6296
6230
6151
6088
5906
5904
5977
5798
5724
5615
5585
5475
5569
5537
5369
5455
5442
5485
5391
5323
5308
5277
5329
5171
4911
4957
4951
5009
5012
4912
5001
5006
5026
4962
4940
4987
5171
5208
5214
5297
5153
5205
5327
5480
5464
5478
5456
5493
5646
5471
5591
5381
5493
5682
5661
5543
5438
5439
5336
5325
5309
5415
5431
5307
5345
5290
5460
5349
5201
5241
5364
5558
5466
5512
5626
5490
5473
5543
5689
5554
5626
5708
5676
5672
5597
5454
5388
5364
5274
5268
5417
5512
5503
5413
5518
5558
5431
5389
5346
5367
5234
5200
5100
5009
5078
4954
5083
5220
5253
5324
5371
5320
5231
5256
5208
5329
5249
5108
5016
4987
4956
4941
5109
4927
5114
5000
5022
4969
5066
5113
5177
5230
5186
5208
5264
5216
5226
5167
5029
4946
4956
4904
4712
4737
4585
4686
4603
4584
4427
4412
4424
4459
4532
4600
4598
4540
4548
4733
4749
4964
4826
4698
4748
4486
4736
4724
4753
4924
4728
4773
4726
4705
4746
4687
4713
4669
4607
4652
4684
4669
4667
4669
4684
4787
4774
4847
4854
4886
4826
4846
4886
4971
4951
5064
5317
5285
5424
5509
5558
5595
5705
5723
5801
5903
6075
6028
5921
5886
5770
5795
5700
5745
5542
5612
5524
5420
5396
5567
5518
5653
5625
5682
5662
5756
5735
5826
5794
5771
5815
5852
5846
5742
5855
5845
5948
5895
5767
5731
5826
6028
5794
5763
5717
5712
5765
5793
5689
5776
5786
5820
5933
5995
5931
5926
6046
6119
6113
6082
6121
5858
5820
5902
5906
6018
5853
5907
5733
5980
5818
5890
5934
5970
6026
6064
6045
6113
6220
6280
6147
6338
6442
6376
6338
6398
6495
6432
6429
6230
6309
6231
6314
6452
6462
6502
6420
6320
6351
6383
6323
6320
6272
6286
6425
6279
6178
6109
6267
6172
6230
6358
6272
6583
6364
6624
6739
6771
6846
6957
6961
7045
7157
7231
7214
7231
7229
7180
7318
7209
7302
7265
7421
7628
7603
7539
7567
7611
7654
7613
7562
7623
7662
7753
7924
7677
7719
7593
7494
7480
7376
7452
7398
7466
7376
7420
7277
7158
7066
6976
6930
6842
6970
7055
7021
7047
7080
6871
6730
6919
6934
6835
6776
6590
6750
6539
6556
6525
6712
6805
6822
6730
6691
6878
6910
7005
6790
6641
6704
6721
6757
6792
6744
6737
6606
6496
6574
6584
6759
6859
6857
6723
6702
6809
7024
6865
6740
6561
6474
6539
6632
6805
6799
6731
6834
6854
6796
6700
6714
6950
7149
7319
7363
7467
7302
7078
6832
6897
7001
7026
6985
6929
6944
6944
6790
6845
6900
6663
6661
6767
6832
6893
7107
7222
7288
7306
7268
7172
7099
6896
6876
6940
6833
6746
6810
6751
6800
6804
6768
6801
6756
6835
6873
6926
7017
7014
7074
6948
7008
6920
6851
6783
6932
6940
6980
6880
7040
7022
6893
6739
6764
6857
6884
6859
6977
6897
6680
6736
6631
6526
6581
6519
6468
6527
6586
6655
6481
6558
6475
6637
6519
6377
6438
6297
6291
6124
6057
6146
5988
5917
5929
5808
5902
5945
6034
6100
6183
6206
6248
6294
6300
6299
6314
6355
6132
6075
6180
6138
6128
6088
5905
5964
6128
6275
6176
6101
6166
6210
6180
6414
6557
6434
6489
6563
6362
6279
6314
6272
6126
5935
6025
6156
6344
6311
6154
6099
6180
6238
6328
6322
6347
6247
6318
6269
6174
6292
6175
6166
6155
6117
6201
6250
6144
6183
6420
6363
6428
6291
6264
6188
6289
6227
6193
6136
6231
6016
6021
6027
6151
6218
6175
6022
6062
6033
6231
6089
5936
6108
6122
5995
6068
6029
6027
5928
6002
6030
6076
6094
6152
6190
6381
6669
6874
6779
6844
6845
7083
7250
7453
7606
7599
7754
7928
7854
7806
7714
7726
7851
7761
7531
7291
7092
7000
7079
7208
7397
7306
7469
7336
7237
7251
7358
7328
7356
7197
7061
7091
7110
6945
6971
6977
6949
6745
6652
6616
6773
6638
6580
6617
6705
6596
6552
6462
6385
6305
6351
6361
6492
6402
6254
6214
6180
6210
6212
6228
6244
6169
6303
6326
6351
6411
6177
6113
6126
6322
6166
6115
6103
6142
5915
5827
5693
5547
5493
5653
5633
5680
5720
5687
5589
5596
5543
5509
5550
5545
5383
5335
5206
5309
5178
5014
5017
4878
4946
4904
4725
4749
4835
4855
4989
4996
5016
5153
5235
5313
5356
5503
5529
5678
5634
5657
5661
5748
5689
5769
5634
5657
5534
5432
5486
5429
5480
5499
5449
5344
5452
5275
5077
5121
5070
5004
4995
4960
4833
4732
4621
4798
4678
4820
4934
4871
4855
4732
5004
5037
5076
5003
4913
4965
4915
4847
4843
4911
4966
4936
4888
4921
5039
4979
4955
4973
5102
4931
4956
4913
4721
4678
4663
4667
4700
4918
5005
4973
4949
4792
4696
4597
4821
4697
4780
4892
4892
4784
4781
4628
4636
4519
4454
4625
4451
4415
4437
4419
4437
4607
4472
4645
4703
4662
4667
4681
4722
4725
4672
4731
4772
4859
4910
4720
4664
4660
4648
4608
4663
4602
4527
4425
4436
4434
4459
4487
4577
4677
4847
4900
4895
5043
5043
4972
4878
4828
4700
4853
4758
4685
4792
4768
4913
5109
5290
5167
5071
5023
4985
5173
5337
5124
5197
5281
5135
5087
5105
5213
5029
4970
4773
4688
4605
4476
4539
4719
4719
4760
4683
4707
4779
4801
4891
4908
5027
4867
4913
5017
4933
4811
4736
4856
4905
4855
4732
4568
4450
4499
4540
4395
4454
4679
4658
4661
4628
4512
4511
4553
4626
4672
4694
4838
4805
4720
4774
4800
4542
4513
4473
4345
4590
4656
4652
4572
4597
4596
4449
4471
4603
4621
4610
4679
4767
4762
4753
4770
4731
4758
4557
4569
4595
4497
4373
4313
4407
4370
4297
4465
4378
4454
4470
4594
4482
4538
4640
4474
4566
4615
4624
4599
4668
4747
4726
4825
4721
4680
4560
4534
4652
4755
4673
4692
4637
4703
4781
4774
4963
4986
4878
5003
5085
5153
5100
5148
5103
5000
5085
5127
5150
5104
5138
5134
5193
5392
5237
5291
5429
5442
5647
5652
5651
5577
5556
5693
5548
5697
5484
5368
5507
5488
5436
5249
5304
5346
5300
5154
5045
5116
5205
5316
5264
5078
5059
4977
4890
4824
4817
4905
5087
5189
5226
5186
5237
5274
5339
5378
5345
5447
5631
5828
5958
5933
5837
5745
5612
5660
5589
5507
5519
5339
5198
5064
5154
5288
5144
5051
5078
4952
4972
4854
4904
4974
4915
4969
4826
4866
4763
4779
4652
4774
4700
4564
4739
4714
4888
5026
5019
5100
5147
5132
5356
5205
5182
5287
5274
5337
5480
5427
5362
5290
5337
5336
5388
5155
5267
5368
5331
5322
5367
5502
5428
5352
5195
5120
5211
5275
5258
5257
5208
5387
5395
5428
5468
5485
5681
5594
5519
5440
5432
5448
5551
5413
5470
5587
5743
5615
5682
5620
5895
6057
5941
6043
6125
5994
5770
5614
5546
5563
5539
5570
5527
5439
5366
5352
5161
5195
4949
4951
4946
5069
5059
5157
5217
5212
5097
4933
4714
4715
4725
4745
4899
4940
4915
4857
4993
4783
4703
4903
4823
4844
4942
4844
4706
4828
4892
4731
4827
4807
4853
4969
4790
4843
4827
4861
4851
4918
4986
5087
5103
5337
5384
5405
5515
5592
5510
5449
5637
5555
5589
5614
5719
5697
5739
5717
5588
5524
5434
5274
5219
5277
5120
5145
5188
5223
5181
5245
5074
5091
4969
4927
4807
4816
5000
5015
5079
5183
5095
5082
4980
5035
5224
5381
5341
5296
5112
5314
5335
5412
5382
5251
5281
5175
5149
5223
5215
5114
5201
5304
5327
5261
5058
5061
5034
4993
5071
5247
5155
5161
5175
5288
5230
5376
5145
5149
5312
5281
5053
