1005000
268094
173958
128822
102254
84563
72215
62695
55701
50342
45807
41938
38586
35625
32940
30899
28951
27449
26054
24843
23595
22612
21609
20580
19724
19033
18325
17504
16972
16355
15834
15418
14819
14168
13613
13175
12535
12386
12139
11652
10930
10815
10561
10541
10232
10267
10244
9908
9457
9230
8971
8790
8491
8177
8042
7906
7785
7696
7797
7535
7588
7157
7108
6915
6665
6422
6386
6140
6245
6136
5942
5596
5711
5668
5440
5266
5268
5096
5022
4863
4866
4832
5041
5153
5250
5255
5228
5108
5153
5104
5012
4939
4840
4798
4600
4483
4358
4331
4301
4275
4189
4261
4247
4300
4063
4032
3977
3845
3826
3823
3853
3933
3963
4051
4005
4083
3980
3890
3880
3820
3647
3630
3704
3656
3603
3547
3608
3659
3631
3722
3715
3747
3749
3790
3890
3827
3708
3715
3649
3736
3795
3618
3528
3518
3348
3311
3461
3683
3750
3974
3874
3911
3788
3764
3850
3803
3909
3720
3673
3773
3634
3669
3604
3672
3533
3525
3576
3682
3705
3598
3586
3655
3577
3565
3574
3594
3467
3364
3463
3425
3476
3479
3355
3299
3310
3308
3302
3306
3339
3280
3196
3086
2902
3031
3097
3050
3194
3098
2989
3040
2984
3054
3009
3079
2980
2964
3058
3169
3315
3349
3310
3259
3156
3152
3004
2980
2967
2797
2806
2682
2697
2667
2679
2653
2661
2643
2620
2744
2691
2583
2655
2546
2692
2588
2445
2464
2450
2507
2485
2541
2616
2642
2742
2849
2768
2688
2652
2581
2505
2520
2525
2567
2592
2508
2443
2567
2585
2538
2502
2460
2431
2370
2490
2566
2550
2460
2515
2523
2559
2589
2615
2566
2661
2631
2595
2619
2556
2489
2478
2466
2389
2397
2451
2335
2323
2438
2575
2608
2653
2758
2743
2804
2844
2927
2966
3000
2899
2674
2709
2656
2652
2575
2583
2557
2680
2608
2828
2754
2805
2983
3027
3184
3258
3294
3199
3303
3380
3438
3417
3440
3574
3555
3605
3581
3555
3676
3681
3582
3507
3533
3479
3536
3584
3413
3397
3295
3292
3328
3262
3141
3216
3203
3108
3007
2986
3022
2991
3036
3034
3165
3175
3216
3324
3379
3217
3209
3219
3227
3335
3348
3457
3321
3317
3441
3395
3374
3360
3273
3148
3122
3161
3104
3116
3064
3109
3212
3376
3467
3619
3540
3644
3707
3666
3654
3521
3595
3668
3625
3694
3710
3648
3545
3550
3473
3417
3461
3596
3531
3555
3581
3604
3577
3544
3641
3554
3524
3472
3481
3555
3631
3666
3796
3768
3562
3486
3532
3497
3464
3554
3592
3635
3585
3518
3547
3412
3389
3419
3496
3496
3566
3536
3647
3597
3557
3531
3407
3378
3449
3401
3397
3331
3242
3330
3323
3458
3600
3503
3415
3343
3332
3453
3334
3480
3597
3587
3747
3804
3756
3882
3909
3845
3686
3742
3761
3871
3877
3875
3939
4099
4126
4104
4067
4141
4262
4162
4112
4065
4095
4209
4042
3948
3887
3951
3861
3735
3723
3794
3577
3527
3542
3603
3491
3447
3416
3464
3340
3366
3182
3252
3275
3330
3303
3235
3244
3150
3195
3179
3154
3194
3094
3036
3009
3136
3259
3134
3110
3041
3076
2980
2956
2952
2951
2919
2882
2922
2877
2983
2977
2959
2955
2902
2984
2944
3001
3115
3091
3200
3223
3272
3295
3035
3005
2966
3014
2912
2853
2907
3052
2997
2906
2892
2960
2837
2924
2875
2904
2886
2809
2774
2829
2832
2858
2827
2937
2951
2930
2922
2851
2966
2919
2976
2912
2977
2967
2959
3085
3274
3277
3264
3329
3405
3355
3354
3326
3391
3383
3366
3438
3453
3385
3392
3394
3487
3461
3466
3349
3493
3670
3532
3723
3744
3656
3613
3499
3467
3466
3484
3525
3503
3570
3537
3508
3434
3362
3385
3371
3428
3616
3695
3586
3456
3374
3504
3493
3448
3406
3448
3440
3517
3396
3469
3590
3425
3391
3339
3330
3424
3528
3578
3563
3558
3756
3909
3886
3845
4168
4257
4135
4156
4247
4114
4078
3957
3977
4062
4100
4287
4175
4139
3923
3872
3904
3970
3975
3907
3996
3954
3982
3984
3974
3934
3998
4054
4163
4211
4011
3900
3882
3751
3787
3757
3716
3732
3771
3964
4151
4073
4175
4194
4250
4189
4048
4008
3997
3989
3920
3878
3928
4011
4072
4076
3920
3958
4036
4109
4043
4059
3994
4031
3858
3916
3938
3866
3812
3810
3760
3783
3616
3592
3590
3554
3377
3508
3411
3374
3307
3373
3392
3316
3294
3396
3383
3429
3651
3542
3459
3370
3392
3532
3638
3599
3576
3615
3639
3616
3636
3637
3513
3569
3560
3451
3391
3197
3102
3220
3385
3403
3413
3478
3447
3294
3278
3268
3256
3336
3236
3223
3301
3194
3169
3241
3152
3210
3235
3276
3273
3349
3425
3481
3492
3449
3387
3394
3390
3382
3290
3371
3250
3265
3299
3365
3502
3385
3494
3575
3638
3679
3737
3861
3949
3954
4017
3967
3995
4012
4012
3981
3924
3823
3984
4065
4052
4059
4217
4280
4279
4356
4392
4478
4363
4454
4519
4280
4393
4440
4412
4320
4338
4188
4147
4065
4060
4027
4157
3985
3932
3936
3912
3979
4043
4104
4160
4289
4109
4009
4033
4010
3919
3938
4157
4396
4391
4344
4318
4316
4121
3956
3916
3963
3984
4046
4109
4003
3947
3949
3830
3670
3586
3510
3423
3410
3442
3542
3436
3376
3420
3546
3417
3472
3507
3547
3671
3700
3819
3864
3973
4126
4057
4208
4145
4082
3960
4078
3945
3850
3816
3869
3825
3929
3956
4021
4117
4103
4077
4175
4056
4101
4260
4249
4232
4207
4203
4282
4458
4396
4242
4189
4198
4121
4195
4185
4224
4211
4204
4340
4282
4092
4078
4127
4244
4178
4237
4371
4365
4310
4196
4188
4310
4196
4127
4204
4238
4378
4394
4435
4321
4360
4351
4380
4437
4439
4652
4678
4815
4897
4840
4838
4861
4648
4724
4719
4709
4657
4489
4529
4512
4517
4566
4652
4560
4623
4670
4756
4596
4527
4449
4451
4596
4511
4726
4952
4861
4790
4819
4787
4739
4721
4804
4718
4815
4732
4760
4764
4917
5096
5053
5053
5147
5192
5269
5233
5303
5303
5150
5152
5178
5141
5146
5147
5020
5049
4928
4998
4887
4897
5028
4980
4923
4903
4876
4898
4913
4833
4598
4775
4779
4798
4786
4713
4718
4623
4759
4930
4774
4865
4859
4998
4992
5132
5064
5326
5376
5285
5528
5662
5826
5948
6113
6319
6286
6285
6318
6347
6388
6416
6222
6090
5920
5953
5863
6043
5895
5831
5723
5642
5552
5557
5434
5291
5269
5169
5049
5232
5122
5171
5110
5046
4999
4902
4911
4946
4889
4843
4848
4961
5141
5194
5155
5172
5310
5248
5393
5421
5474
5387
5296
5156
5120
5227
5342
5258
5397
5529
5641
5643
5573
5587
5548
5527
5624
5553
5494
5558
5614
5693
5861
5820
5777
5660
5658
5706
5690
5723
5894
5856
6082
6255
6186
6259
6337
6367
6454
6300
6537
6304
6446
6383
6485
6342
6310
6295
6289
6370
6431
6271
5986
6072
6044
5838
5931
6096
6105
6167
6195
6182
6186
6206
6451
6548
6514
6537
6583
6754
6603
6767
6688
6741
6778
6841
6639
6625
6629
6805
7048
7001
7023
7226
7440
7256
7211
7257
7078
7133
7132
7137
6955
6911
7028
6980
7060
7167
7104
7224
7158
7062
6921
6989
6937
6856
6804
6848
6852
6704
6547
6398
6247
6321
6480
6396
6515
6547
6483
6309
6374
6286
6406
6232
6115
6259
6217
6376
6099
6013
6069
6236
6394
6228
6282
6079
6100
6046
6143
6052
6158
6428
6214
6396
6353
6444
6539
6530
6636
6598
6512
6497
6516
6565
6667
6799
6969
7132
7104
6928
6885
6793
6995
7138
7253
7173
7012
7125
6835
6842
6941
7107
7219
7198
7305
7283
7236
7234
7221
7000
6949
6817
6985
7024
6965
7023
6733
6675
6542
6690
6672
6579
6502
6519
6659
6648
6440
6729
6758
6655
6718
6607
6554
6611
6623
6654
6821
6945
6987
7352
7243
7263
7171
7336
7409
7612
7694
7380
7391
7377
7145
7200
7299
7074
6779
6726
6651
6569
6429
6480
6711
6787
6912
6940
6905
6797
6830
7036
7038
7007
7099
7324
7165
7131
7189
7072
6966
6681
6688
6720
6637
6738
6588
6592
6565
6482
6505
6443
6334
6154
6340
6357
6307
6156
6105
6088
6118
6036
5802
5886
5790
5866
5840
5612
5707
5567
5575
5483
5778
5716
5827
5928
5884
5627
5774
5953
5981
5813
5826
5833
6106
6106
6208
6207
6048
6084
6066
5964
6030
5950
6000
5913
6154
6310
6352
6465
6418
6371
6260
6553
6585
6476
6459
6473
6667
6603
6544
6708
6724
6785
6848
6932
6927
6793
6838
6799
6700
6800
6702
6756
6809
6798
6733
6677
6745
6950
7116
7030
7049
7130
7223
7202
7041
6894
6687
6653
6632
6722
6581
6430
6396
6337
6356
6373
6124
6176
6312
6277
6110
6073
6056
6260
6308
6229
6351
6308
6442
6541
6578
6620
6466
6520
6522
6291
6300
6298
6304
6265
6288
6230
6059
6075
6126
6064
5942
6052
6037
6108
6216
5954
6076
6143
5942
5934
5966
5966
6004
6183
6184
6175
6164
6399
6501
6480
6482
6598
6616
6784
6819
6756
6845
6777
6629
6440
6343
6479
6503
6594
6667
6617
6557
6427
6246
6150
6146
6204
6042
5958
5995
5938
5870
5818
5744
5727
5763
5854
5800
5829
5803
5890
5791
5671
5695
5544
5547
5483
5475
5377
5621
5881
5802
5919
5949
6013
5973
5911
5920
5880
5901
5865
5799
5935
5813
5871
5803
5780
5856
5931
5993
6146
6061
6133
6042
6028
6124
6028
5846
5931
5936
6030
6034
6088
6087
5985
5996
5856
5963
5914
5989
5883
6026
6049
6246
6511
6475
6277
6106
6122
6140
6106
6246
6029
5988
6010
5928
5871
5804
5686
5814
5854
5779
5802
5776
5813
5837
5953
6005
6104
6137
6279
6235
6211
6253
6158
6359
6436
6517
6567
6365
6405
6564
6377
6480
6678
6760
6790
6755
6794
6729
6613
6662
6936
6916
6841
7036
7012
7146
7238
7113
7094
7072
7143
7146
7057
7178
7218
7420
7486
7454
7487
7332
7157
7037
6971
6808
6863
6801
6970
6946
6648
6558
6511
6531
6520
6415
6575
6564
6578
6419
6640
6577
6678
6793
6640
6621
6515
6519
6539
6617
6727
6702
6458
6457
6472
6671
6510
6558
6498
6556
6557
6564
6357
6242
6307
6473
6552
6479
6462
6268
6275
6224
6310
6123
6151
6128
6107
6281
6404
6505
6468
6465
6227
6210
6109
5925
6074
6146
6311
6336
6149
6085
6132
6195
6465
6515
6478
6394
6376
6362
6329
6289
6352
6315
6252
6329
6370
6283
6250
6034
5909
5971
5825
5917
6082
6272
6195
6031
6110
5919
5967
5866
5832
5761
5820
5851
6064
6025
5907
5869
5977
5955
5867
5923
5792
5661
5713
5666
5838
5811
5766
5918
5869
6048
5965
6025
5991
6006
5991
5905
5921
6024
6042
6093
6145
6198
6169
6376
6498
6726
6717
6607
6634
6646
6742
6630
6448
6600
6591
6765
6521
6524
6371
6304
6443
6705
6795
6778
6644
6591
6532
6489
6480
6382
6247
6300
6166
6535
6490
6583
6370
6424
6372
6278
6244
6259
6250
6241
6279
6136
6063
5800
5850
5863
5853
6089
6108
6077
6113
6117
6245
6395
6480
6428
6330
6304
6344
6381
6481
6283
6222
6196
6142
6223
6289
6247
6211
6062
5905
5827
5853
5892
5875
5840
5950
6018
6056
6069
5767
5795
5745
5920
5821
5744
5823
6017
6105
6252
6437
6376
6347
6103
6261
6266
6214
6022
5993
6023
5948
5721
5526
5380
5454
5491
5676
5733
5816
5718
5969
5896
5748
5758
5830
5811
5839
5711
5504
5314
5379
5398
5278
5482
5594
5627
5635
5590
5787
5887
6085
6061
6154
6164
6144
6199
6121
6179
6303
6025
6049
6098
6119
5991
5953
6033
5892
5756
5500
5440
5401
5356
5521
5520
5465
5588
5485
5493
5428
5555
5616
5677
5638
5518
5311
5195
5126
5113
5030
5065
4864
4784
4784
4848
4907
4909
5036
5028
4877
4774
4920
4869
5012
5018
5108
5024
5082
5081
5160
5126
5092
4970
4975
5080
5067
5064
4980
4908
4815
4850
4871
4895
4932
4968
4874
4859
5116
5274
5038
5066
5078
4882
4867
4834
4705
4666
4575
4498
4441
4460
4462
4520
4372
4386
4218
4291
4363
4368
4192
4215
4268
4271
4364
4291
4213
4210
4181
4076
4075
4076
4146
4230
4174
4303
4382
4369
4369
4364
4373
4449
4580
4748
4788
4725
4731
4730
4745
4943
4873
5068
4892
4984
4879
4812
4906
4895
4812
4557
4416
4437
4498
4458
4334
4456
4511
4517
4591
4653
4614
4882
4986
4888
4901
4938
4956
4906
4822
4850
4955
4887
4807
4771
4698
4701
4749
4795
4951
5174
5075
4933
5231
5144
5273
5175
5196
5320
5290
5214
5305
5172
5271
5199
5105
5052
5006
5023
5115
5066
5113
4963
5009
5077
5238
5130
5310
5210
5174
4984
4939
4983
4857
4894
4828
4946
5035
5033
5074
5074
5076
5020
4982
5020
4911
4916
4801
4873
4881
4820
4755
4655
4538
4496
4632
4667
4642
4730
4933
5049
5060
5188
5080
5046
5145
5202
5263
5335
5351
5220
5218
5250
5198
5348
5422
5344
5277
5316
5494
5621
5522
5680
5619
5694
5699
5657
5569
5450
5517
5536
5727
5844
5666
5636
5622
5665
5611
5577
5436
5704
5631
5750
5621
5452
5398
5489
5428
5384
5456
5723
5523
5416
5346
5401
5390
5213
5109
5215
5342
5389
5333
5431
5378
5302
5445
5507
5450
5328
5248
5163
5213
5337
5297
5104
5096
5206
5229
5286
5487
5513
5455
5566
5712
5783
5734
5756
5725
5658
5838
5825
5814
5781
5816
5767
5773
5766
5733
5684
5803
5866
5808
6000
5935
5911
5889
6023
5820
5865
5723
5753
5863
5851
5861
6026
6169
6215
5999
5987
6086
6230
6079
6132
6148
6276
6541
6557
6626
6560
6482
6709
6510
6464
6532
6644
6669
6704
6802
6858
6917
6742
6786
6848
6650
6802
6637
6845
7056
7163
7189
7207
7242
7331
7268
7298
7128
7049
7041
7192
7075
7133
7177
7056
6929
7090
7378
7451
7730
7718
7465
7160
7201
7085
7031
7010
6770
6521
6495
6491
6464
6450
6676
6580
6695
6779
6908
6825
6903
6792
6945
6767
6828
6891
6676
6763
6788
6766
6710
6761
6686
6668
6695
6503
6490
6426
6362
6240
6380
6167
6268
6247
6265
6115
6040
6096
6131
6063
6282
6247
6162
6057
5943
6068
6091
5940
6100
6417
6257
6188
6140
6239
6106
6186
6197
6068
6038
6159
6080
6148
6209
6247
6336
6428
6298
6287
6185
6203
6133
6043
5846
5822
5996
6030
6098
6100
6153
6005
6076
6256
6267
6353
6303
6299
6366
6304
6207
6169
5970
5917
5784
5756
5813
5649
5791
5732
5873
5900
5893
5693
5654
5567
5522
5647
5675
5583
5586
5561
5680
5746
6024
5851
5841
5926
5905
5957
5931
6052
6226
6294
6316
6388
6157
6226
6473
6465
6460
6620
6555
6618
6454
6570
6635
6726
6901
6622
6611
6739
6650
6654
6961
6848
6951
6858
6998
6970
6887
6879
6827
6890
6974
6931
7016
6979
6830
6736
6652
6737
6832
6693
6396
6431
6184
6096
5894
6004
5953
6044
6108
5935
5937
5980
5831
5863
5950
6069
5786
5865
5955
5956
5976
5875
5806
5748
5841
5732
5579
5617
5723
5725
5689
5801
5691
5685
5731
5641
5654
5805
5719
5837
5864
6008
5835
5966
5959
5970
6101
6124
6054
6052
6197
6180
6097
6111
6106
6078
6043
6206
6006
6005
5898
5886
5865
5842
5663
5660
5666
5755
5802
5819
5684
5837
5929
5927
5891
5886
5870
5927
5910
5877
5846
5830
5627
5558
5437
5558
5585
5550
5580
5688
5753
5564
5718
5838
5820
5872
5638
5673
5873
5813
5881
5959
6059
6024
6046
5993
6073
6039
6143
6034
6090
6010
6118
6000
5809
5855
5966
5979
6191
5977
5885
5828
5724
5529
5558
5394
5413
5405
5501
5426
5405
5294
5216
5153
5209
5326
5417
5415
5362
5294
5107
4948
4793
4648
4687
4813
4949
4855
4855
4796
4772
4795
4865
4811
4685
4757
4761
4899
5024
4996
5070
5108
5194
5289
5491
5563
5604
5690
5703
5739
5674
5683
5656
5615
5630
5812
5792
5781
5894
6045
5804
5896
5864
5973
5793
5772
6000
5923
5776
5781
5759
5936
5993
5979
6047
5784
5617
5495
5648
5718
5772
5799
5983
6084
6223
6025
6021
5873
5961
5963
5887
5721
5746
5801
5926
5795
5706
5696
5638
5655
5878
5951
5862
5693
5554
5675
5750
5660
5489
5505
5401
5374
5220
5431
5459
5454
5372
5534
5636
5587
5683
5863
5840
5767
5829
5669
5394
5455
5465
5448
5244
5194
5199
5080
5148
5209
5105
5319
5468
5209
5294
5348
5476
5344
5303
5134
5050
5047
5151
5050
4966
4974
5132
5158
5367
5532
5535
5661
5528
5471
5476
5444
5385
5374
5448
5676
5721
5896
5991
6241
5997
5994
5786
6048
5860
5839
5997
5976
5893
5874
5876
5973
5828
5670
5410
5421
5376
5451
5477
5563
5494
5443
5386
5281
5260
5216
5054
5227
5112
5020
5118
5183
5358
5384
5516
5532
5429
5403
5368
5489
5511
5393
5350
5418
5295
5336
5460
5470
5315
5269
5230
5153
4996
5066
5083
5028
5062
5036
4849
4848
4964
5067
5122
5234
5183
5163
5050
5110
5022
4996
4911
4896
4982
4847
4897
4797
4845
4987
5067
5078
5129
5122
5007
5285
5523
5645
5550
5768
5850
5954
5922
5845
5825
5836
5811
5841
5957
6086
6133
6151
6150
5960
5812
5818
6056
5955
5717
5869
6065
6076
5994
5967
5779
5520
5630
5786
5881
5859
5856
5808
5795
5742
5757
5659
5739
5795
5767
5677
5685
5717
5646
5670
5714
5870
5850
5735
5752
5764
5599
5625
5631
5706
5714
5747
5829
6068
6072
6135
6217
6178
6254
6317
6309
6333
6502
6526
6365
6431
6392
6632
6575
6546
6464
6547
6718
6794
6753
6790
6738
6629
6503
6461
6391
6586
6776
6802
6728
6754
6929
7000
6912
6996
6801
6919
6958
7150
7155
7027
7016
7084
7147
7048
6971
6906
7133
7044
6972
6877
6825
6813
7021
7001
6941
6731
6601
6749
6926
6879
7092
7151
7254
7266
7280
7222
7150
7204
7435
7427
7273
7113
7036
7025
6932
6874
6845
6787
6848
6684
6802
6832
6620
6424
6372
6306
6251
6404
6302
6268
6295
6409
6278
6188
6095
5949
5997
5897
5908
5881
5838
5943
5924
5806
5902
6020
6021
5997
5967
6004
6056
6017
5937
5821
5768
5844
5785
5694
5527
5419
5451
5229
5191
5330
5387
5422
5479
5369
5269
5274
5352
5370
5502
5478
5622
5559
5418
5202
5159
5027
5100
5171
5202
5266
5199
5342
5251
5211
5486
5386
5562
5501
5284
5229
5145
5360
5424
5639
5681
5582
5661
5665
5981
6086
6041
5948
5905
5754
5663
5761
5798
5657
5584
5624
5714
5561
5426
5567
5726
5665
5574
5729
5604
5656
5728
5696
5679
5702
5601
5644
5630
5601
5623
5706
5786
5653
5647
5611
5374
5265
5393
5297
5448
5396
5374
5420
5226
5147
5065
5000
5073
4988
4835
4856
5003
5094
5058
5162
5280
5319
5332
5397
5511
5486
5521
5401
5362
5438
5269
5182
5041
5145
5203
5202
5137
5082
5286
5234
5303
5167
4973
5079
5135
5184
5301
5452
5494
5381
5366
5208
5232
5241
5275
5195
5138
5014
5097
5267
5176
5098
5136
5053
5139
5108
4925
5039
5107
5076
5051
5244
5150
5085
4999
5034
4807
4782
4802
4791
4729
4702
4785
4716
4724
4678
4598
4669
4581
4580
4548
4804
4858
4984
4954
5128
5097
5129
5118
4960
5089
5073
4960
5089
5143
5028
5091
5155
5190
5027
5119
5029
5036
4947
4886
4852
4982
4935
5011
4951
5026
5104
5225
5112
5047
5154
5144
5243
5343
5386
5415
5419
5537
5629
5550
5272
5074
4957
4908
4641
4752
4798
4803
4752
4760
4784
4689
4687
4584
4763
4808
4844
4810
4745
4618
4735
4640
4576
4662
4607
4416
4546
4399
4498
4425
4491
4421
4237
4030
3942
3886
3867
3794
3787
3827
3848
3864
3990
4153
4289
4124
4139
4145
4275
4278
4468
4289
4330
4315
4218
4183
4109
4149
4013
3988
4029
3966
3982
4032
4111
4080
4268
4365
4388
4337
4495
4552
4552
4605
4563
4563
4331
4467
4583
4614
4412
4401
4391
4534
4589
4513
4379
4450
4398
4292
4056
4083
4114
4110
4109
4244
4212
4208
4360
4385
4400
4443
4393
4448
4490
4490
4456
4522
4722
5056
4941
4732
4737
4663
4576
4650
4859
4702
4649
4539
4418
4346
4361
4447
4484
4380
4459
4528
4493
4404
4503
4527
4556
4526
4659
4815
4806
4708
4584
4507
4561
4601
4702
4619
4587
4629
4643
4657
4649
4710
4673
4634
4688
4609
4531
4644
4541
4592
4717
4589
4539
4506
4640
4774
4787
4790
4905
4854
4871
4661
4729
4695
4746
4915
4810
4784
4765
4678
4851
4769
4865
4936
4828
4879
4903
4881
4938
4957
5024
5005
5037
4980
5078
5058
4942
4898
4872
4898
4951
4838
4716
4795
4688
4693
4823
4919
4841
4706
4544
4578
4442
4443
4550
4549
4539
4548
4565
4364
4375
4411
4386
4312
4393
4477
4514
4610
4624
4444
4531
4566
4504
4519
4474
4503
4459
4626
4628
4537
4509
4406
4400
4457
4404
4336
4300
4194
4234
4294
4410
4465
4470
4501
4515
4376
4413
4418
4496
4575
4538
4549
4527
4633
4502
4622
4468
4518
4584
4531
4583
4545
4513
4545
4503
4604
4708
4528
4544
4528
4588
4572
4601
4615
4620
4853
4933
4998
4745
4749
4760
4687
4682
4576
4484
4240
4185
4164
4023
3911
3808
3787
3793
3834
3914
3945
3927
3895
3872
3923
4070
4140
4208
4262
4116
4134
3937
3991
3797
3778
3726
3504
3515
3520
3618
3614
3638
3709
3733
3832
3867
4081
4122
4192
4265
4260
4310
4252
4185
4170
4251
4214
4201
4033
4064
4035
4179
4263
4417
4552
4485
4506
4570
4486
4498
4542
4569
4663
4686
4923
4954
5049
5047
5200
5353
5467
5405
5386
5546
5522
5617
5469
5531
5428
5336
5320
5208
5108
5193
5137
5079
4928
5086
5147
5127
5140
5181
5244
5232
5166
5224
5116
5077
5231
5469
5390
5233
5422
5351
5470
5507
5685
5753
5745
5640
5725
5779
5855
5844
5897
6006
6014
5982
5964
5948
5930
5932
5981
5898
5829
5917
5870
5887
5912
5904
5996
5911
5923
5736
5668
5738
5604
5592
5659
5716
5616
5604
5624
5550
5554
5541
5479
5488
5562
5487
5622
5521
5535
5543
5552
5441
5616
5742
5861
6041
5775
5742
5671
5635
5716
5719
5884
5795
5672
5533
5438
5629
5513
5554
5598
5490
5737
5737
5740
5873
5940
5993
5976
5970
5729
5882
5785
5684
5617
5613
5557
5422
5351
5393
5404
5289
5281
5286
5371
5569
5439
5410
5462
5267
5385
5430
5497
5514
5596
5754
5473
5509
5365
5412
5484
5488
5524
5512
5555
5530
5360
5365
5470
5494
5491
5448
5504
5455
5504
5587
5606
5701
5752
5838
5865
5928
5887
5863
5859
5808
5839
5896
5833
5754
5847
5818
5697
5751
5590
5572
5639
5853
5715
5721
5765
5762
6013
5968
5781
5681
5600
5615
5732
5679
5735
5620
5799
5792
5889
5952
5986
6072
6058
6078
6137
6200
6282
6150
6182
6336
6270
6328
6276
6193
6184
6182
6127
6058
6155
6201
6124
6371
6432
6156
6020
6055
5993
6150
6192
6168
6295
6272
6247
6338
6301
6337
6430
6364
6488
6460
6321
6493
6598
6547
6472
6597
6725
6798
6694
6727
6704
6768
6743
6785
6854
6761
6928
7021
7100
7059
7059
7147
7038
6886
6656
6818
6694
6818
6896
7046
7041
7133
7041
7134
6946
6895
6790
6886
6808
6728
6840
6668
6800
6908
6825
6952
6942
6917
6843
7152
7410
7282
7379
7448
7368
7396
7423
7540
7492
7358
7314
7386
7387
7265
7343
7406
7475
7745
7472
7256
7455
7525
7606
7656
7627
7363
7281
7201
7273
7414
7391
7269
7140
7157
7214
7399
7346
7410
7265
7427
7312
7381
7541
7493
7490
7323
7387
7141
7145
6951
6912
6772
6839
6627
6657
6651
6668
6449
6526
6503
6412
6428
6554
6599
6491
6464
6444
6267
6404
6656
6451
6428
6336
6441
6253
6254
6155
6119
6159
6194
6127
6253
6274
6423
6310
6187
6193
6247
6356
6485
6596
6672
6626
6950
7068
7114
6970
6996
6883
6784
6813
6638
6697
6700
6560
6544
6480
6362
6411
6157
6105
6134
6262
6579
6561
6444
6402
6352
6260
6034
6022
5975
5845
5920
5892
5947
5986
5976
6113
6018
5963
5754
5843
5897
5733
5633
5456
5392
5571
5669
5820
5969
5931
5955
6047
6054
6167
6351
6382
6462
6304
6150
6153
6164
6180
5951
5984
5957
6018
5846
5988
6049
5978
5959
5964
6038
6028
6014
6165
6097
6048
5873
5921
5727
5734
5659
5800
5895
5695
5798
5629
5496
5581
5529
5325
5398
5349
5332
5318
5372
5375
5205
5292
5409
5261
5373
5431
5378
5278
5266
5240
5476
5378
5205
5391
5448
5334
5354
5142
5029
4834
4856
4899
4868
4982
5011
5070
5032
4912
4655
4718
4519
4600
4470
4551
4593
4520
4413
4493
4645
4713
4737
4570
4703
4680
4700
4577
4553
4702
4545
4583
4515
4766
4730
4613
4622
4563
4327
4421
4480
4499
4559
4678
4556
4579
4529
4535
4549
4434
4492
4598
4581
4590
4435
4403
4086
4109
4117
4080
4180
4232
4191
4210
4389
4255
4151
4170
4186
4190
4293
4332
4276
4376
4157
4073
4068
4107
4102
3891
3908
4008
4054
3885
3882
3895
3879
4001
4060
4043
3998
4192
4177
4049
4077
4075
4121
4054
4032
4027
4273
4132
4257
4390
4397
4647
4859
4960
4927
5032
5140
4942
5047
5125
5208
5157
5280
5203
5208
5120
5273
5433
5390
5629
5492
5406
5485
5459
5415
5498
5410
5390
5271
5286
5250
5191
5200
5239
5203
5145
5286
5130
5291
5295
5543
5572
5662
5862
5762
5875
6025
5998
6084
6098
6101
6193
6280
6412
6400
6470
6394
6263
6310
6214
6259
6209
6016
6129
6145
6021
6053
6094
5911
5928
5786
5863
5781
5828
5800
5749
5766
5724
5794
5872
5918
5871
6087
6113
6174
6198
6193
6093
6035
5981
5817
5802
5696
5609
5733
5729
5746
5837
5888
5761
5637
5643
5760
5867
5910
5948
5862
5798
5647
5854
5887
5744
5992
6041
5826
5947
6009
6343
6374
6376
6382
6303
6276
6123
6066
5996
5905
6080
6165
6172
6229
6259
6150
6170
6168
6141
6069
6087
6072
5987
5891
5824
5725
5650
5545
5425
5487
5522
5566
5496
5668
5412
5403
5325
5463
5667
5583
5420
5455
5311
5239
5211
5406
5439
5627
5638
5659
5765
5708
5791
5826
5890
5887
6009
5905
6092
6292
6231
6143
6040
6123
6138
5977
5839
5834
5980
6005
6155
6172
6156
6301
6160
6193
6197
6166
6282
6304
6259
6290
6363
6198
6119
6117
6092
5839
5941
5877
6024
6004
5963
6011
6116
6046
6157
6266
6326
6200
6257
6373
6437
6456
6433
6325
6131
5953
5845
5885
5746
5671
5615
5483
5666
5721
5821
5736
5724
5802
5886
5734
5591
5750
5863
5887
5970
5754
5740
5699
5777
5756
5805
5847
5974
6170
6152
6130
6274
6162
6170
6143
6052
6013
6097
6179
5953
5886
5659
5730
5767
5614
5636
5691
5663
5762
5697
5631
5646
5591
5686
5527
5493
5347
5397
5398
5234
5224
5220
5193
5291
5231
5311
5420
5666
5626
5396
5450
5265
5268
5057
5009
5001
5020
4986
5043
5084
5216
5261
5260
5420
5375
5365
5296
5077
5041
4908
4915
4775
4731
4683
4744
4795
4877
5120
5108
5014
4997
5012
5025
5166
5216
5092
5233
5309
5347
5307
5215
5244
5188
5297
5424
5527
5532
5644
5778
5726
5800
5626
5568
5317
5359
5419
5272
5176
5080
4957
5224
5160
5222
5287
5283
5319
5384
5343
5455
5378
5544
5617
5492
5473
5376
5409
5178
5359
5415
5529
5617
5662
5545
5574
5488
5317
5396
5452
5565
5478
5624
5511
5577
5553
5519
5462
5479
5412
5405
5255
5211
5194
5034
4965
4976
4843
4748
4722
4703
4689
4684
4542
4351
4274
4182
4245
4343
4495
4697
4510
4457
4391
4435
4502
4610
4735
4700
4622
4492
4302
4235
4339
4317
4398
4465
4364
4383
4492
4548
4340
4295
4366
4410
4308
4367
4319
4274
4205
4270
4379
4496
4497
4362
4339
4437
4485
4504
4521
4505
4499
4576
4542
4633
4635
4764
4772
4657
4420
4421
4414
4375
4360
4286
4175
4098
4266
4210
4273
4283
4282
4426
4499
4585
4562
4540
4516
4720
4509
4411
4272
4275
4320
4422
4442
4300
4336
4309
4240
4283
4271
4354
4332
4230
4117
4131
4160
4084
4205
4343
4377
4139
4063
3964
4013
3967
3988
4079
4186
4374
4391
4278
4307
4365
4401
4430
4402
4548
4599
4703
4659
4782
4822
4840
4802
4907
4898
4843
4820
4932
5096
4957
5054
5196
5269
5155
5326
5145
5172
5248
5261
5364
5295
5164
5095
5089
5034
5290
5195
5330
5343
5324
5410
5394
5351
5267
5240
5463
5568
5585
5523
5427
5476
5506
5427
5501
5632
5728
5617
5470
5305
5443
5608
5641
5717
5749
5792
5724
5866
5896
5772
5768
5820
5634
5506
5639
5745
5902
6022
6009
6033
6126
6044
6093
6056
6195
6049
6013
6169
6045
5973
6010
6127
6132
6132
6045
5914
5953
5871
5782
5631
5653
5704
5644
5459
5402
5411
5343
5407
5540
5404
5302
5391
5452
5279
5311
5254
5393
5390
5486
5415
5402
5257
5127
5261
5290
5342
5480
5509
5589
5540
5691
5729
5628
5623
5531
5576
5839
5767
5655
5588
5592
5546
5616
5856
6067
6103
6207
6175
6258
6155
6049
5854
5811
5662
5641
5543
5397
5408
5469
5414
5504
5500
5376
5251
5365
5386
5455
5466
5460
5685
5657
5620
5639
5560
5580
5582
5650
5695
5639
5628
5715
5710
5759
5890
5887
5922
5795
5775
5684
5843
5801
5661
5616
5543
5604
5723
5658
5866
5842
5804
5767
5830
5640
5678
5680
5601
5573
5538
5723
5661
5644
5670
5525
5581
5499
5457
5457
5264
5276
5245
5128
5193
5081
5127
5016
4743
4830
4950
5037
5219
5261
5362
5091
4873
5036
5008
5076
4930
4811
4920
4827
4761
4679
4651
4763
4789
4806
4798
4782
4675
4782
4692
4712
4873
4820
4938
4862
4924
5006
4853
4742
4813
4834
4880
