1005000
267270
173958
128950
102326
85188
71894
62807
55525
50067
45754
41871
38585
35244
32875
31064
29588
27918
26291
24842
23447
22099
21099
20196
19149
18446
17491
17009
16489
15962
15240
14906
14537
14076
13107
12510
11950
11672
11204
10934
10661
10493
10132
10124
9908
9455
9154
8999
8818
8762
8640
8416
8137
8032
7979
7834
7533
7388
7329
7249
7169
6989
6989
7121
6902
6984
7086
6980
7000
7000
6773
6787
6525
6288
6282
6096
5966
5880
5844
5871
5775
5707
5631
5569
5548
5479
5360
5353
5480
5552
5483
5440
5352
5314
5150
5042
5036
5103
5016
4880
4939
4825
4767
4684
4572
4603
4579
4644
4613
4518
4625
4709
4783
4698
4659
4679
4580
4599
4604
4636
4875
4772
4758
4685
4680
4736
4696
4696
4592
4628
4637
4705
4688
4828
4938
5003
4786
4646
4729
4673
4645
4473
4406
4437
4576
4489
4550
4463
4435
4463
4484
4512
4420
4382
4275
4229
4184
4169
4083
4047
3997
3976
3972
3868
3809
3703
3604
3661
3757
3885
3978
4165
4132
4088
4131
4099
4276
4212
4166
4125
4136
4084
4068
3960
4056
4024
3876
3864
3842
3756
3742
3684
3663
3658
3527
3524
3564
3533
3611
3643
3698
3761
3804
3736
3622
3613
3712
3568
3441
3472
3360
3322
3333
3396
3298
3282
3258
3303
3328
3351
3351
3438
3313
3321
3463
3454
3489
3518
3495
3459
3569
3573
3623
3649
3701
3806
3838
3891
3990
3963
3993
4071
4159
4171
4121
3926
3893
3832
3855
3795
3800
3919
3904
3909
3864
3728
3704
3790
3833
3795
3748
3668
3779
3857
3769
3681
3603
3450
3326
3406
3414
3368
3533
3630
3537
3418
3484
3491
3560
3546
3535
3481
3448
3313
3465
3282
3337
3401
3357
3435
3394
3318
3368
3268
3250
3218
3222
3213
3380
3308
3323
3439
3597
3548
3627
3591
3639
3728
3601
3531
3600
3630
3649
3552
3534
3570
3525
3648
3639
3670
3553
3555
3589
3535
3326
3413
3575
3517
3560
3529
3551
3600
3695
3585
3507
3515
3624
3630
3565
3542
3528
3351
3289
3306
3249
3276
3269
3174
3204
3248
3286
3376
3389
3496
3466
3327
3273
3293
3332
3343
3549
3529
3639
3797
3971
4017
4035
3958
4071
4046
4054
4012
4106
4051
4015
4024
4085
4052
3902
4002
3988
3779
3679
3621
3537
3711
3709
3845
3807
3756
3851
3738
3732
3848
3871
3967
3926
3807
3741
3776
3854
3711
3755
3702
3622
3741
3638
3599
3590
3620
3587
3703
3592
3529
3475
3484
3428
3425
3331
3414
3345
3556
3751
3671
3827
3898
3816
3805
3887
3949
3759
3860
3785
3967
3854
3826
3737
3811
3920
3827
3812
3822
3796
3754
3876
4036
3961
3889
3889
3793
3748
3877
3804
3740
3846
3929
4001
3981
4122
4285
4290
4430
4448
4304
4394
4279
4166
4117
4092
4286
4194
4293
4352
4256
4384
4461
4558
4532
4681
4887
4982
4937
4953
4923
4859
4944
5005
5063
5111
5076
5120
5127
5084
5033
4884
4967
4937
5054
5044
5186
5047
5074
5101
5067
4971
4994
4821
4923
4950
4876
4959
4832
4851
4792
4746
4831
4861
4820
4817
4757
4662
4629
4629
4489
4455
4538
4496
4456
4420
4330
4362
4380
4407
4371
4406
4334
4228
4307
4139
4110
4088
3943
3980
4063
3931
3768
3715
3785
3793
3706
3813
3752
3712
3719
3833
3841
3727
3749
3755
3845
3896
3921
3975
3836
3781
3733
3895
3866
3797
3883
3850
3781
3755
3576
3508
3588
3653
3630
3594
3702
3730
3751
3706
3806
3863
3822
3829
3668
3789
4014
4078
4208
4100
4149
4242
4141
4278
4257
4281
4114
4060
4122
4218
4002
4069
4062
4118
4172
4213
4141
4012
3958
3928
3901
3813
3808
3726
3844
3929
3922
3950
3871
3986
3954
3953
3847
3861
3966
3956
3878
3905
3928
4127
4154
4055
4013
4214
4228
4164
4303
4405
4405
4374
4418
4448
4517
4533
4486
4467
4457
4274
4342
4273
4148
4168
4142
4106
4098
4140
3984
3976
3954
4216
4409
4660
4560
4621
4608
4540
4579
4432
4525
4491
4428
4318
4394
4460
4434
4491
4683
4881
4742
4782
4684
4636
4546
4593
4541
4571
4680
4832
4912
4601
4764
4772
4861
4861
4859
4782
4845
4882
5181
5147
5265
5258
5271
5241
5207
5154
5031
4958
5138
5281
5127
5119
5008
5110
5013
5150
5072
4958
5002
4933
5125
5134
5034
5074
5073
5006
4921
4870
4660
4865
4912
4944
5016
5046
5083
5068
4962
5084
5353
5570
5559
5448
5692
5685
5629
5620
5825
5654
5515
5299
5266
5300
5240
5181
5417
5351
5351
5551
5660
5794
5851
5844
5990
6110
5898
6029
6018
6000
6036
6115
6243
6382
6281
6455
6591
6558
6493
6307
6149
6317
6137
6206
6102
6386
6188
6152
6280
6421
6209
6243
6265
6322
6358
6408
6299
6123
6074
6210
6213
6226
6171
6141
6118
5940
5895
5822
5888
5906
5886
5775
5657
5622
5660
5640
5720
5796
5834
5795
5849
5889
5955
5986
5825
5468
5464
5422
5231
5361
5375
5277
5421
5468
5555
5559
5687
5730
5688
5698
5882
5746
5701
5824
5761
5963
5987
5827
5638
5731
5819
5719
5866
5796
5827
5749
5684
5571
5678
5830
5910
5714
5681
5737
5711
5697
5714
5795
5820
5829
6034
5987
6085
6006
5840
5724
5797
5685
5682
5578
5734
5749
5789
5704
5611
5627
5717
5838
5713
5880
5815
5628
5770
5894
5945
5627
5700
5567
5397
5329
5401
5444
5623
5684
5485
5604
5475
5467
5538
5441
5335
5447
5443
5506
5503
5638
5602
5670
5906
5891
5982
5837
5818
5734
5564
5509
5337
5381
5415
5494
5556
5543
5601
5556
5469
5512
5634
5676
5707
5793
5738
5732
5735
5744
5781
5833
5881
5814
5876
5797
5650
5542
5414
5441
5393
5333
5345
5313
5435
5442
5462
5323
5524
5630
5658
5721
5633
5707
5858
5770
5565
5694
5635
5700
5748
5767
5673
5668
5689
5621
5636
5529
5420
5401
5444
5574
5589
5599
5575
5670
5584
5579
5507
5382
5335
5315
5245
5367
5370
5501
5387
5289
5287
5165
5063
5209
5208
5574
5610
5553
5647
5658
5627
5745
5695
5511
5577
5591
5583
5609
5670
5736
5514
5552
5522
5561
5394
5335
5323
5165
5090
5022
5054
5072
5165
5164
5219
5170
5264
5343
5362
5254
5253
5101
5015
5174
5208
5162
5239
5331
5112
5142
5226
5438
5352
5529
5622
5522
5555
5449
5552
5495
5463
5488
5576
5701
5718
5924
5727
5574
5486
5542
5419
5455
5604
5648
5622
5611
5613
5822
5733
5786
5969
6111
6223
6366
6117
5943
5645
5494
5497
5506
5588
5617
5629
5646
5767
5784
5865
5854
5956
5968
5851
5758
5814
5845
6070
6253
6105
5944
5810
5849
5709
5983
5992
6025
6047
5903
6020
6007
6000
6037
6015
5998
5797
5783
5770
6011
6117
6076
6047
6392
6417
6295
6407
6337
6281
6293
6124
6010
6077
5969
5976
6010
5875
5901
5874
5886
5966
6131
6086
6336
6290
6205
6092
6125
6035
6074
6058
6187
6226
6422
6438
6314
6347
6229
6236
6152
6190
6169
6199
6226
6057
6011
5819
5739
5692
5791
5723
5788
5742
5790
5821
5797
5887
5819
5851
5850
6040
5852
5947
6139
6116
6224
6264
6247
6186
6161
6145
6189
6274
6335
6382
6469
6421
6547
6453
6460
6441
6522
6476
6413
6296
6187
6190
6310
6070
5868
5801
5833
5709
5705
5874
5658
5771
5724
5602
5531
5391
5313
5210
5447
5312
5374
5476
5559
5496
5387
5647
5625
5640
5552
5552
5408
5366
5251
5326
5491
5483
5525
5786
5617
5668
5515
5459
5524
5598
5607
5536
5499
5293
5496
5431
5398
5366
5357
5342
5409
5474
5481
5477
5349
5192
5229
5273
5230
5281
5094
5209
5185
5357
5371
5338
5118
5201
5167
5094
5035
5086
5186
5266
5201
5196
5292
5172
4983
4990
4947
4742
4838
4863
4859
4686
4731
4631
4587
4557
4572
4631
4641
4530
4432
4421
4363
4264
4385
4439
4259
4305
4285
4354
4258
4311
4405
4514
4420
4341
4282
4394
4389
4364
4461
4480
4461
4598
4646
4616
4549
4657
4703
4754
4705
4801
4946
5125
5099
5132
5176
5195
5082
4976
4955
4815
4860
4885
4924
4958
4957
4838
4816
4867
4986
5189
5387
5443
5397
5268
5390
5396
5530
5647
5733
5763
5899
6009
5827
5673
5713
5488
5693
5670
5954
5784
5713
5916
5698
5685
5802
5836
5926
5798
5873
5736
5761
5884
5829
5908
6011
5801
5590
5753
5695
5646
5506
5573
5753
5565
5446
5356
5226
5219
5411
5434
5368
5463
5350
5351
5453
5469
5510
5673
5900
5821
5780
5876
5852
5798
5599
5674
5776
5908
6009
5799
5823
5801
5752
5881
6078
6238
6281
6411
6420
6396
6487
6346
6413
6265
6324
6393
6218
6105
6033
5877
6043
6012
5921
5880
5962
5990
6296
6336
6189
6343
6350
6325
6512
6401
6340
6541
6548
6461
6360
6216
6107
6049
6051
6221
6241
6137
6020
5849
5816
5810
5892
6089
6067
6019
5950
5945
6080
6223
6290
6290
6405
6454
6506
6472
6495
6485
6375
6457
6346
6470
6677
6646
6533
6610
6530
6472
6648
6551
6434
6489
6411
6221
6251
6090
5953
6091
6094
6103
6071
6236
6260
6219
6127
6177
6322
6371
6310
6119
6122
6036
6164
6126
6132
6237
6389
6363
6458
6536
6609
6745
6889
6913
6894
6882
7009
6791
6945
7026
6871
6877
6720
6887
6962
7030
7180
7008
6913
6825
6904
6835
7080
7229
7230
7237
7101
6951
7116
7128
7208
7168
7074
7300
7592
7672
7956
7939
7886
7802
7745
7672
7681
7746
7537
7464
7596
7600
7663
7523
7448
7448
7309
7388
7504
7650
7722
7889
7856
7820
7777
7737
7724
7528
7367
7310
7357
7433
7430
7532
7252
7044
7011
6817
6845
6684
6672
6401
6360
6256
6096
5983
5965
5735
5748
5696
5774
5725
5922
6061
6224
6258
6277
6158
6150
6273
6318
6310
6534
6500
6595
6477
6450
6467
6424
6413
6372
6331
6375
6296
6345
6354
6487
6472
6609
6726
6783
6605
6801
6623
6688
6657
6582
6499
6514
6448
6383
6348
6410
6371
6307
6312
6366
6425
6327
6304
6412
6321
6240
6319
6179
6161
6192
6011
6003
6055
6025
5945
6061
5943
6011
5972
5849
5556
5462
5483
5431
5460
5516
5399
5608
5566
5391
5261
5352
5249
5215
5163
5036
5013
5134
5092
5172
5092
5013
5123
5229
5133
5210
5104
5128
5066
5169
5293
5188
5128
5276
5236
5213
5273
5313
5277
5262
5191
5238
5380
5290
5394
5458
5410
5097
5023
4947
4997
4961
5140
5243
5339
5247
5290
5289
5167
5217
5377
5325
5469
5377
5315
5288
5256
5221
5203
5255
5297
5279
5307
5326
5382
5329
5263
5436
5338
5296
5175
5225
5203
5111
5087
5267
5283
5313
5226
5403
5369
5540
5424
5462
5452
5279
5321
5462
5317
5273
5326
5141
5165
5153
5294
5214
5007
4861
4743
4619
4797
4801
4633
4696
4823
4750
4898
4852
4956
5036
5095
5147
5256
5170
5166
5276
5259
5187
5197
5199
5297
5142
5120
4993
4900
4923
4902
4770
4821
4811
4892
4882
5026
5162
5033
5319
5299
5207
5159
5163
5176
5274
5254
5146
5292
5284
5193
5176
5233
5230
5241
5191
5387
5495
5576
5488
5568
5700
5804
5765
5693
5665
5636
5649
5667
5522
5532
5627
5596
5653
5741
5792
5868
6098
6264
6352
6232
6315
6055
5955
5940
5907
5951
5903
5863
5903
6073
6099
6138
6216
6261
6105
6198
6131
6130
6129
6145
6339
6448
6405
6244
6160
6223
6409
6421
6541
6529
6720
6666
6636
6651
6722
6762
6523
6411
6611
6667
6679
6652
6710
6685
6776
6804
6642
6855
6894
6885
6991
6796
6668
6743
6900
6863
6799
6880
7054
7061
7268
7256
7459
7493
7443
7538
7515
7828
7761
7675
7725
7705
7775
7769
7679
7379
7464
7404
7313
7255
7479
7451
7546
7524
7232
7190
7239
6992
7067
7083
7166
6950
6829
6678
6796
6666
6660
6431
6237
6088
6114
6062
6175
6290
6194
6182
6223
6225
6344
6351
6428
6223
6454
6563
6779
6808
6644
6590
6587
6765
6703
6548
6588
6733
6526
6536
6510
6627
6661
6803
6863
6898
6775
6769
6856
6867
6765
6675
6726
6768
6576
6492
6641
6681
6649
6749
6581
6646
6417
6572
6464
6398
6345
6260
6333
6365
6460
6468
6508
6574
6449
6308
6174
6092
6320
6194
6147
6130
5969
5968
5902
6185
6051
5974
5877
5732
5708
5700
5563
5415
5501
5632
5689
5737
5888
5880
6036
5982
5814
5768
5846
5902
5889
5976
6001
6055
6148
6070
6161
6105
6209
6368
6230
6231
6189
6340
6346
6406
6333
6129
6063
6073
6194
6375
6344
6287
6339
6243
6249
6226
6268
6183
6029
5861
5832
5752
5897
5884
5861
5980
6061
6078
6108
6079
5988
5940
6053
6236
6325
6395
6219
6230
6380
6530
6548
6591
6501
6391
6562
6395
6378
6354
6436
6473
6546
6558
6426
6460
6412
6262
6457
6473
6480
6485
6536
6442
6499
6462
6409
6506
6673
6597
6537
6579
6548
6724
6752
6824
6934
6837
6729
6705
6658
6684
6705
6585
6813
6543
6499
6469
6611
6781
6769
6576
6612
6450
6262
6316
6347
6388
6245
6311
6376
6337
6429
6401
6288
6433
6544
6484
6506
6640
6565
6543
6594
6645
6594
6768
6708
6756
6702
6615
6526
6446
6362
6278
6120
6159
6052
5888
5768
5703
5615
5709
5701
5626
5781
5768
5692
5793
5484
5380
5400
5354
5527
5744
5762
5764
5565
5676
5629
5702
5671
5783
5787
5762
5720
5635
5760
5612
5673
5788
5815
5715
5753
5702
5492
5719
5534
5506
5362
5282
5273
5149
5203
5214
5344
5203
5419
5257
5132
5054
5069
5040
5071
5111
5175
5187
5205
5248
5185
5289
5421
5551
5576
5597
5702
5686
5749
5712
5698
5749
5605
5677
5691
5676
5884
5709
5544
5649
5846
5721
5748
5617
5558
5480
5504
5527
5541
5655
5471
5520
5445
5493
5440
5434
5163
5252
5324
5478
5608
5661
5738
5824
5755
5603
5390
5438
5347
5179
5108
5092
5030
5066
5052
4986
4870
4919
4974
4955
4751
4799
4829
4833
4925
5240
5273
5223
5212
5263
5402
5456
5424
5207
5095
5176
5189
5122
5060
5209
5217
5188
5165
5117
5109
5138
4920
4925
4932
5038
5118
4834
5013
4927
4920
5150
5120
5101
5108
5239
5248
5080
4833
4820
4917
4898
4902
5010
5181
5292
5261
5376
5346
5358
5376
5424
5521
5528
5697
5687
5723
5634
5619
5481
5297
5323
5345
5379
5435
5444
5413
5369
5343
5324
5398
5356
5355
5265
5242
5277
5268
5329
5373
5434
5673
5629
5623
5623
5469
5576
5450
5282
5202
5221
5091
5148
5165
5150
5106
5120
5032
4942
4711
4623
4615
4461
4423
4528
4625
4489
4553
4582
4605
4638
4676
4703
4513
4582
4493
4362
4535
4604
4487
4543
4675
4655
4758
4718
4870
5077
5045
5072
5024
5053
4854
5041
4985
4913
4844
4859
4719
4650
4565
4604
4598
4602
4435
4341
4254
4197
4149
4087
4149
4284
4269
4263
4283
4268
4062
4110
4017
4056
4041
3887
3803
3832
3870
3840
3779
3752
3610
3630
3548
3495
3553
3498
3423
3379
3534
3456
3510
3474
3452
3411
3361
3555
3669
3801
3800
3914
3879
3875
3753
3639
3761
3787
3842
3907
3989
3917
3855
3877
3947
4007
4006
3973
4039
3909
3992
4065
4280
4220
4304
4286
4169
4114
4219
4264
4446
4451
4696
4751
4776
4857
4980
5055
4952
4898
4809
4887
4881
4843
4815
4778
4840
4884
4842
4983
5001
4887
4873
4833
4926
4947
4867
4670
4635
4866
4833
4945
4705
4739
4655
4727
4608
4588
4835
4955
4958
5028
4917
4967
4817
4793
4823
4995
5098
5069
5088
5110
5169
5111
5090
5090
4920
4899
4966
4895
4934
5029
5047
5202
5370
5246
5102
5081
5088
5035
5047
5044
5107
5167
5128
5050
4885
4833
4766
4791
5010
5098
5250
5229
5245
5351
5428
5291
5321
5415
5293
5322
5174
4926
4842
4856
4827
4812
4836
4862
4820
4794
4877
4889
4833
4891
4909
4830
4866
4793
4785
4687
4582
4469
4424
4328
4262
4294
4411
4390
4438
4556
4652
4718
4772
4870
4816
5041
5206
5142
5023
4993
5024
5000
5002
4998
5081
5024
5049
5078
5084
5068
4988
4889
4984
5008
4987
4931
5139
5156
5241
5193
5310
5213
5107
5266
5224
5272
5174
5020
4918
4912
5091
5319
5479
5272
5325
5412
5520
5630
5539
5451
5538
5391
5450
5331
5298
5316
5296
5442
5389
5391
5509
5671
5836
5972
5886
5895
5801
5744
5560
5577
5573
5660
5827
5906
5969
5938
6038
6002
5987
5985
6021
5888
5667
5606
5656
5617
5435
5713
5705
5908
5967
6046
6153
6177
6136
5985
5988
5780
5694
5690
5830
5772
5669
5801
5698
5578
5461
5556
5582
5547
5396
5486
5296
5295
5310
5295
5367
5403
5479
5482
5536
5472
5393
5406
5426
5527
5324
5534
5605
5443
5518
5545
5597
5585
5430
5403
5604
5437
5371
5228
5017
5002
5095
5192
5142
5275
5153
5086
5050
5065
4956
4909
4972
4967
4909
4888
4969
5012
5125
5221
5177
5186
5299
5291
5382
5303
5354
5488
5425
5306
5366
5391
5477
5480
5569
5391
5354
5475
5489
5645
5617
5660
5468
5544
5366
5443
5515
5504
5527
5531
5443
5646
5572
5584
5546
5657
5597
5623
5743
5813
5925
6070
5917
5905
5960
5964
5989
5789
5739
5654
5764
5759
5733
5715
5903
5786
5971
6022
5878
5753
5791
5770
5742
5663
5645
5414
5338
5286
5202
5384
5622
5636
5668
5692
5771
5859
5873
5735
5793
5816
5704
5527
5322
5194
5162
5306
5351
5188
5195
5169
5267
5282
5358
5371
5240
5132
5083
5228
5307
5250
5211
5226
5251
5409
5483
5458
5565
5577
5543
5512
5590
5638
5771
5599
5545
5592
5594
5538
5497
5484
5348
5290
5301
5361
5212
5116
5020
5277
5321
5445
5542
5652
5561
5789
5990
5951
6021
5904
5978
5949
6007
5989
6030
6079
6070
5959
6016
6047
5993
5992
6009
5881
6136
6232
6170
6281
6381
6188
6327
6328
6238
6097
6095
5910
6130
6176
6253
6356
6446
6350
6457
6665
6522
6634
6605
6641
6630
6702
6677
6494
6523
6338
6082
6006
6062
6041
5892
5796
5700
5690
5432
5423
5473
5534
5597
5640
5660
5555
5547
5567
5777
6014
5923
5996
6083
6078
5934
5927
5938
5983
5847
5876
5883
5929
5940
5819
5964
5968
6232
5957
5813
6091
5890
5908
5824
5620
5468
5744
5679
5735
5542
5595
5546
5509
5560
5641
5796
5657
5761
5567
5703
5724
5752
5606
5643
5572
5690
5607
5746
5670
5766
5773
5804
5785
5767
5778
5660
5410
5262
5290
5268
5152
5080
5093
5150
5067
5080
5038
5212
5299
5387
5441
5500
5562
5708
5777
5675
5653
5474
5373
5411
5454
5285
5202
5289
5117
5049
5007
5012
4976
4984
5034
4962
5052
5179
5052
5062
5056
5068
4982
4991
4990
4926
4930
4900
5052
5018
4971
4995
5155
5108
5158
5356
5437
5423
5235
5228
5079
5161
4990
4968
4939
4843
4877
4855
4877
4815
4757
4713
4827
4889
5044
5188
5143
5139
4952
5012
5031
5193
5164
5094
5094
5087
5091
4986
5035
5117
4917
4868
4721
4779
4789
4941
5062
5179
5154
5045
4996
5049
4849
4899
4738
4749
4652
4643
4620
4434
4565
4515
4519
4507
4547
4476
4459
4367
4554
4588
4674
4525
4523
4606
4657
4824
4721
4697
4860
4859
4932
4964
4937
4949
4908
4903
4714
4789
4858
4763
5071
5093
4981
4961
5069
4883
5049
5105
5105
4977
4974
4923
5033
5275
5239
5059
5059
5112
5120
5169
5195
5262
4987
4832
4973
4979
5054
5020
5132
5325
5347
5241
5147
5093
5048
5185
5218
5170
5152
5247
5176
5065
5030
5115
5061
5117
5078
5010
5120
5168
5103
5230
5030
5215
5082
5228
5364
5291
5278
5389
5381
5563
5471
5326
5354
5388
5206
5231
5332
5472
5408
5394
5495
5607
5533
5660
5538
5527
5734
5720
5613
5673
5800
5725
5698
5762
5858
5783
5680
5659
5626
5588
5736
5767
5694
5685
5797
5910
6228
6509
6466
6425
6182
6151
6014
6084
6032
6124
6132
6027
5991
6219
6218
6314
6213
6118
6164
6053
6045
6088
6044
5943
5884
5828
6016
6166
6189
6326
6122
6039
6151
6219
6006
5884
5902
5793
5842
5870
5993
6030
5820
5735
5917
5919
5998
5953
5891
5812
5835
5796
5950
6058
6037
6125
6096
6204
6146
5952
5902
5799
6056
5879
5985
5941
5944
5862
5988
6092
6054
6206
6103
5964
5910
5891
5897
5848
5761
5785
5875
5865
5936
6090
6052
6098
6089
6113
5950
5943
5871
6025
6208
6271
6294
6173
6209
6262
6359
6494
6542
6564
6512
6553
6483
6418
6425
6398
6402
6502
6476
6557
6536
6609
6745
6700
6615
6560
6722
6721
6829
6689
6603
6455
6516
6710
6618
6719
6690
6562
6621
6586
6612
6483
6450
6540
6446
6399
6390
6574
6492
6431
6322
6179
6010
5941
5810
5759
5692
5832
5784
5684
5670
5684
5819
5844
5832
5895
5597
5495
5337
5463
5643
5679
5536
5454
5436
5520
5379
5438
5397
5356
5251
5253
5199
5101
5074
5139
5182
5148
5118
5072
5114
5174
5392
5456
5567
5556
5833
6086
6138
6076
6079
6020
6075
6062
6192
6305
6197
6191
6212
6255
6382
6175
5972
6071
6074
6201
6290
6150
6000
5951
5968
5803
5793
5708
5986
6113
6060
6173
6063
6063
6017
6099
6104
5884
5800
5883
5745
5781
5691
5622
5553
5526
5545
5414
5376
5300
5323
5188
5029
4864
4902
4950
4842
4877
4736
4994
5069
5015
4874
4866
4706
4774
4630
4454
4462
4380
4488
4393
4261
4295
4393
4524
4522
4713
4862
4833
4902
4875
4919
4941
4929
4902
4852
5048
4988
4903
5008
4998
4935
4763
4812
4802
4711
4641
4476
4531
4695
4824
4713
4690
4653
4792
4766
4905
4973
4925
5088
5105
5377
5390
5464
5197
5314
5500
5646
5630
5813
5773
5543
5549
5658
5614
5412
5519
5710
5852
5950
5925
5939
5733
5541
5436
5580
5690
5668
5676
5530
5339
5437
5312
5288
5489
5475
5645
5639
5604
5574
5506
5460
5681
5623
5632
5815
5843
6003
5917
6044
6043
5987
5910
5899
5808
5736
5736
5785
5811
5738
5558
5614
5537
5593
5560
5557
5482
5598
5569
5550
5799
5848
5835
5907
5905
5716
5804
5798
5776
5802
5859
5802
5870
5876
5911
5860
5847
5842
5722
5682
5712
5861
6001
5907
5937
5936
5757
5722
5683
5688
5759
5687
5786
5768
5620
5565
5559
5506
5571
5480
5522
5684
5486
5482
5527
5704
5658
5798
5938
5963
5841
5733
5734
5599
5729
5828
5732
5598
5606
5741
5719
5808
5598
5468
5279
5127
5046
5127
5040
5088
4893
4775
5000
5032
5231
5231
5261
5238
5253
5090
5148
5219
5306
5456
5402
5142
5049
5052
5179
5067
5164
5291
5215
5326
5351
5305
5239
5408
5240
5451
5558
5529
5532
5476
5427
5416
5417
5452
5375
5523
5585
5529
5588
5692
5690
5848
5856
5797
5713
5482
5326
5346
5420
5409
5318
5326
5246
5252
5088
5019
5013
5141
5013
5005
4992
5047
5011
5179
5203
5337
5295
5154
5191
5140
5056
5260
5173
5331
5426
5422
5345
5281
5327
5406
5319
5221
5218
5138
5138
5296
5357
5431
5175
5184
5207
5105
4987
5008
4933
5105
4963
5178
5179
5092
5141
5101
5087
5284
5347
5406
5232
5273
5412
5334
5465
5320
5299
5274
5520
5507
5535
5503
5509
5398
5267
5163
5370
5505
5521
5677
5706
5599
5766
5718
5751
5768
5878
5840
5985
5993
5962
6088
6067
6089
6114
6112
6305
6352
6414
6407
6350
6575
6589
6564
6502
6281
6270
6002
6136
6065
5982
5999
5952
6043
5999
6155
6243
6323
6291
6200
6186
6445
6424
6326
6312
6225
6287
6209
6388
6559
6615
6642
6793
6772
6393
6220
6320
6217
6269
6385
6406
6281
6369
6376
6229
6079
6122
6108
6280
6101
6034
6109
6189
6206
5956
5952
6034
6016
6082
6296
6265
6330
6469
6585
6586
6518
6557
6695
6704
6746
6789
6651
6761
6746
6676
6801
6735
6799
6840
6785
6631
6706
6614
6845
6860
6612
6620
6584
6586
6459
6424
6450
6390
6390
6503
6201
6013
5829
5911
5785
5635
5599
5575
5611
5645
5704
5805
5721
5708
5668
5734
5863
5694
5741
5616
5586
5546
5602
5612
5539
5405
5364
5405
5344
5283
5293
5332
5071
5036
5100
5080
5090
5197
5123
5154
5240
5205
5354
5171
5032
5027
5113
4979
4990
4825
4936
4923
4979
5075
5124
4961
5020
5116
5125
5173
5094
5166
5333
5425
5447
5281
5177
5248
5161
5226
5247
5165
5132
5131
4963
4881
4947
4828
4820
4675
4557
4605
4616
4707
4722
4670
4679
4637
4721
4659
4757
4964
4831
4859
4759
4769
4778
4743
4756
4823
4877
4886
4904
4964
5056
5180
5165
5173
5216
5285
5420
5496
5448
5396
5434
5437
5475
5466
5397
5549
5430
5263
5340
5330
5237
5122
5159
5136
5172
5079
5042
4847
4787
4744
4996
4913
5002
5096
4988
4947
5001
5083
5231
5167
5253
5285
5532
5496
5553
5528
5503
5512
5586
5601
5448
5478
5519
5442
5393
5431
5413
5354
5337
5198
5176
5303
5326
5203
5231
5199
5159
5298
5434
5609
5606
5501
5393
5376
5393
5271
5382
5310
5319
5260
5110
5063
5087
5175
5251
5395
5453
5370
5432
5460
5465
5550
5426
5474
5423
5418
5305
5279
5348
5222
5260
5358
5337
5383
5512
5521
5460
5616
5361
5370
5308
5190
5191
5116
5051
5158
5165
5110
5131
5126
5108
5055
5146
5157
5133
5178
5081
5157
5313
5444
5378
5440
5359
5307
5241
5099
5040
5076
5153
5189
5255
5329
5393
5379
5547
5555
5598
5735
5834
5832
5846
5897
5915
5845
5826
5772
5865
5678
5678
5727
6028
5860
5972
5796
5806
5752
5445
5582
5598
5584
5701
5807
5813
5732
5697
5638
5572
5591
5586
5622
5480
5495
5567
5664
5649
5681
5628
5480
5370
5553
5525
5416
5228
5356
5387
5292
5306
5273
5467
5568
5567
5449
5504
5690
5617
5810
5840
5638
5693
5541
5655
5713
5818
5752
5842
5990
5940
6038
6065
6055
6174
6068
5955
5827
5864
5793
5839
5607
5539
5597
5459
5272
5151
5149
5248
5205
5477
5566
5638
5742
5791
5776
5853
5658
5770
5883
6104
6023
6009
6076
6191
6004
5826
5894
5994
5848
5897
6012
5974
6015
6006
6081
6165
5893
6030
6067
6347
6220
6436
6577
6567
6500
6448
6438
6342
6500
6358
6206
6341
6428
6193
6209
6127
6065
5982
5849
5802
5863
5754
5773
5608
5406
5159
5310
5212
5309
5347
5225
5221
5203
5232
5192
5177
5178
5265
5304
5271
5267
5317
5378
5345
5257
5185
5187
5244
5293
5261
5285
5151
5191
5444
5316
5257
5130
5214
5224
5190
5132
5246
5412
5299
5184
5184
5223
5227
5191
5197
5096
4989
5053
5063
4764
4692
4628
4630
4723
4759
4713
4846
4929
4818
4608
4540
4424
4581
4672
4710
4680
4714
4805
4900
4830
4784
4810
4931
4821
4792
4876
4923
4932
4916
5113
5368
5300
5294
5345
5279
5462
5573
5643
5567
5560
5632
5542
5514
5563
5557
5587
5508
5664
5672
5597
5772
5832
5776
5592
5659
5713
5639
5679
5559
5683
5762
5780
5664
5494
5434
5543
5681
5792
5748
5765
5611
5532
5382
5322
5289
5269
5216
5228
5152
5205
5236
5178
5340
5251
5091
5185
5163
5348
5307
5261
5147
5016
5056
5027
4920
4967
5022
5097
4979
5008
4969
5078
4984
5127
5069
4956
4886
4806
4702
4599
4618
4470
4530
4559
4662
4546
4652
4669
4728
4656
4673
4668
4496
4506
4740
4789
4734
4578
4698
4708
4946
4762
4964
4898
4837
4809
4886
4953
5079
5187
5297
5257
5164
5115
5122
5245
5262
5317
5396
5590
5545
5442
5399
5291
5457
5552
5590
5484
5401
5433
5543
5659
5712
5725
5615
5616
5686
5893
6086
5973
5936
5904
5852
5898
5984
5927
5825
5720
5596
5720
5711
5915
5979
5780
5646
5494
5533
5558
5569
5609
5642
5678
5516
5497
5409
5313
5322
5472
5583
5491
5350
5253
5117
5102
5029
5078
5063
5190
5113
5113
5091
5121
5142
5018
5215
5159
5217
5290
5341
5289
5220
5057
5059
5230
5323
5514
5409
5398
5424
5705
5695
5875
5569
5562
5465
5407
5397
5570
5489
5591
5573
5614
5541
5474
5408
5345
5232
5337
5256
5393
5286
5157
5082
5183
5374
5541
5793
5756
5784
5804
5853
5911
5684
5682
5683
5769
5773
5583
5637
5646
5711
5708
5804
5843
5811
5690
5850
5805
5892
6060
6123
6117
6103
6188
6168
6029
6088
6167
6327
6385
6237
6276
6264
6340
6324
6259
6063
5992
6019
6052
6129
5982
5929
6084
6144
6110
5971
6009
6063
6222
6155
6181
6153
6206
5947
5992
6102
6048
6111
6071
6237
6187
6174
5998
5888
5751
5635
5491
5587
5472
5487
5339
5334
5260
5321
5313
5291
5209
5288
5011
5029
5174
5097
5102
5197
5238
5023
5142
5287
5235
5092
4949
4949
5054
4993
4836
4807
4736
4834
4879
4922
4747
4913
4826
4838
4904
4914
4848
4810
4931
4932
4979
5002
4934
4901
5018
5111
5153
5195
5296
5384
5418
5536
5585
5446
5504
5560
5467
5493
5672
5713
5857
5860
5869
5985
6080
5956
5759
5500
5451
5458
5526
5595
5625
5611
5651
5629
5473
5525
5634
5427
5524
5552
5508
5514
5587
5618
5681
5802
5837
5558
5614
5458
5592
5650
5713
5618
5563
5561
5617
5722
5770
5849
5801
5820
5791
5688
5912
6070
5968
5897
6038
6009
6154
6262
6261
6259
6299
6081
6008
6059
6057
5848
5879
5674
5617
5657
5673
5524
5498
5533
5891
5974
5911
5871
5906
5753
5621
5586
5450
5297
5511
5522
5442
5543
5493
5701
5870
5935
5930
5735
5797
5650
5558
5641
5721
5835
5826
5783
5875
5685
5475
5465
5427
5397
5412
5407
5402
5253
5332
5257
5132
5055
4925
4869
4854
5010
4999
4848
4866
4863
4876
4890
4854
4807
4670
4573
4405
4440
4419
4507
4383
4428
4486
4339
4311
4332
4560
4491
4468
4284
4403
4366
4401
4388
4454
4600
4717
4705
4746
4875
4735
4875
4887
