1005000
267161
173596
128515
102295
85487
72251
63198
55109
50570
45252
41025
37617
35063
32335
30262
28563
26800
25290
23780
22630
21658
20794
19831
19172
18391
17537
17009
16423
16018
15263
14606
14333
13798
13160
12953
12375
11896
11652
11234
10870
10417
10083
9893
9688
9564
9267
9055
8772
8832
8564
8171
8083
8201
7972
7706
7413
7330
7047
7043
7055
6894
6740
6652
6791
6690
6772
6699
6642
6424
6437
6376
6368
6287
6297
6262
6250
6079
5844
5625
5328
5293
5189
5296
5254
5165
4939
4749
4735
4688
4719
4524
4517
4403
4497
4486
4369
4315
4256
4209
4074
3999
3930
3952
3881
3959
3999
4036
3931
3725
3733
3682
3728
3704
3790
3528
3495
3440
3487
3497
3411
3370
3176
3303
3288
3258
3451
3502
3654
3619
3734
3703
3656
3551
3531
3439
3390
3358
3389
3446
3385
3378
3397
3466
3473
3346
3262
3185
3166
3380
3553
3573
3509
3549
3585
3649
3767
3868
3834
3848
3745
3643
3592
3658
3709
3679
3643
3600
3744
3833
3683
3704
3636
3785
3738
3572
3635
3667
3685
3698
3686
3565
3461
3501
3449
3388
3418
3301
3383
3379
3369
3378
3289
3065
2974
3042
2981
3027
2973
3110
3190
3064
3127
3053
3144
3154
3168
3159
3260
3247
3157
3262
3254
3122
3199
3273
3190
3304
3288
3272
3421
3378
3394
3400
3395
3481
3517
3508
3544
3471
3424
3475
3441
3404
3348
3410
3369
3258
3265
3409
3299
3227
3088
3057
3159
3323
3328
3331
3243
3229
3255
3288
3308
3399
3437
3609
3644
3562
3470
3439
3523
3297
3283
3088
3152
3066
3009
3034
3033
3013
3139
3072
2998
3004
2929
2919
2922
2924
2905
3099
3182
3229
3174
3223
3351
3451
3572
3571
3553
3657
3518
3588
3595
3576
3524
3450
3342
3339
3186
3214
3192
3100
3059
2980
2910
3040
2960
2962
3007
2896
2847
2751
2799
2853
2884
2965
2952
2902
3078
2846
2822
2821
2909
2862
2878
2883
2847
2799
2885
2809
2824
2928
2803
2782
2738
2622
2436
2400
2505
2554
2559
2627
2566
2584
2584
2580
2551
2590
2694
2681
2628
2632
2642
2647
2632
2626
2616
2581
2663
2522
2452
2483
2544
2545
2522
2286
2365
2389
2422
2361
2367
2285
2397
2515
2400
2415
2404
2437
2446
2418
2509
2442
2552
2423
2425
2497
2445
2524
2533
2566
2500
2562
2617
2623
2641
2658
2658
2627
2605
2645
2761
2726
2747
2772
2819
2818
2794
2758
2809
2740
2685
2805
2886
2989
3034
3200
3287
3376
3455
3516
3592
3590
3485
3734
3810
3825
3805
3741
3728
3676
3768
3727
3697
3691
3704
3666
3824
3790
3804
3787
3779
3759
3819
3790
3795
3752
3766
3744
3948
4047
4139
4020
4156
4153
4197
4177
4234
4174
4121
4171
4311
4435
4447
4557
4688
4547
4529
4467
4339
4210
4130
4142
4006
4033
4101
4069
4175
4185
4237
4296
4258
4350
4357
4217
4399
4437
4381
4536
4613
4639
4652
4739
4765
4736
4883
4923
4900
4899
4845
4920
4935
5047
5032
4949
4915
4960
4923
4846
4732
4703
4806
4835
4690
4680
4588
4683
4796
4866
4888
4932
4887
4888
4994
5072
5189
5005
5123
5282
5226
5240
5226
5083
4985
4887
4850
4824
4663
4629
4498
4392
4392
4288
4380
4393
4319
4191
4247
4223
4067
4062
4027
4012
4111
4123
4057
4200
4268
4273
4299
4186
4136
4254
4158
4325
4229
4133
4013
3957
3999
4190
4095
4204
4258
4239
4412
4411
4344
4436
4570
4635
4716
4776
4932
5026
4971
4990
4899
4950
4947
4816
4903
4860
4813
4710
4766
4853
4674
4581
4638
4563
4538
4538
4643
4478
4570
4607
4632
4675
4674
4664
4653
4788
4711
4855
4733
4706
4703
4735
4716
4741
4672
4670
4660
4819
4816
4782
4710
4680
4860
4882
4963
4863
4825
5016
4995
5087
5057
5178
5135
5011
4910
4895
4916
5012
5088
5014
5038
5063
5082
5222
5257
5268
5316
5282
5245
5273
5310
5354
5390
5452
5440
5542
5660
5635
5824
5877
5795
5882
5891
5751
5655
5856
5817
5747
5872
5928
5695
5769
5661
5603
5716
5732
5760
5888
6051
6160
6233
6046
6099
6132
6218
6123
6140
6117
6216
6240
6283
6072
6070
6118
5972
5924
5833
5992
5974
5902
5955
5943
6039
6025
6004
5863
5856
5778
5866
5861
6080
6145
6136
5892
5985
6063
6032
5993
5879
5799
5893
5673
5583
5559
5642
5621
5612
5636
5841
5846
5619
5605
5549
5572
5784
6047
6116
6109
5928
5957
6110
6126
5978
6102
6016
5858
5958
6070
6176
6282
6429
6465
6532
6271
6328
6332
6258
6389
6465
6630
6611
6648
6714
6825
6716
6728
6574
6504
6588
6596
6624
6672
6683
6885
7001
6713
6872
6788
7116
7172
7204
7160
7041
7005
7093
7315
7348
7493
7748
7772
7478
7532
7483
7397
7178
7410
7403
7427
7575
7684
7714
7810
7812
7916
7950
7917
7935
7989
7944
7720
7739
7722
7657
7783
7563
7705
7706
7650
7491
7527
7320
7169
7233
7181
7170
7228
7235
7103
7029
7094
7002
7149
7173
7323
7209
7233
7348
7218
7376
7232
7252
7337
7228
7322
7285
7204
7061
7276
7323
7031
6999
6953
7083
7030
7207
7166
7272
7305
7327
7399
7325
7436
7411
7246
7137
6880
6892
6852
6699
6732
6773
6815
6761
6714
6662
6517
6338
6154
5954
5954
5923
6153
6163
5917
5849
5858
5700
5642
5598
5873
5870
5831
5794
5700
5803
5822
5691
5490
5380
5444
5703
5522
5594
5711
5888
6016
5977
5969
5888
5817
5951
5795
5820
5903
6079
5986
5997
6279
6067
6176
6475
6714
6701
6681
6653
6699
6553
6383
6275
6293
6305
6200
6383
6541
6446
6419
6395
6336
6290
6151
6090
6090
5832
5792
5663
5549
5445
5445
5467
5440
5323
5165
5132
5219
5224
5312
5418
5498
5295
5223
5444
5255
5094
5141
5176
5368
5266
5272
5152
5007
5028
4901
4858
4852
4921
5083
5029
4934
4761
4707
4496
4571
4702
4618
4579
4507
4411
4451
4559
4637
4597
4424
4437
4420
4293
4304
4258
4068
3959
3940
4126
4208
4258
4285
4274
4313
4326
4246
4153
4204
4149
4270
4305
4429
4493
4468
4441
4406
4295
4460
4239
4281
4229
4110
4163
4002
3909
4064
4050
3877
4026
3908
4054
3979
4049
4060
4161
4168
4221
4147
4229
4164
3933
4040
4133
4311
4282
4422
4363
4458
4426
4324
4231
4206
4285
4262
4364
4271
4361
4506
4509
4660
4633
4793
4878
5007
4883
4814
4818
4918
4918
4849
4777
4814
4902
4921
4864
4866
4848
4936
4982
4970
5104
5409
5446
5396
5413
5393
5341
5183
5319
5404
5378
5399
5244
5068
5043
4951
5004
4996
4932
5029
4934
4927
5048
4816
4837
4848
4853
4971
5125
5105
5120
5092
5145
5166
5145
5305
5295
5374
5453
5467
5515
5533
5435
5283
5304
5553
5483
5575
5615
5627
5578
5600
5712
5717
5890
6021
6070
6045
6176
5897
6008
6115
5891
5664
5681
5607
5677
5706
5662
5624
5426
5365
5433
5622
5723
5753
5658
5548
5495
5588
5591
5490
5517
5486
5556
5724
5784
5687
5644
5524
5582
5490
5670
5729
5737
5585
5549
5566
5572
5600
5527
5646
5516
5583
5442
5445
5574
5463
5536
5727
5704
5670
5849
5851
5698
5787
5670
5546
5454
5421
5500
5390
5280
5323
5342
5457
5628
5629
5514
5459
5607
5600
5733
5488
5509
5607
5540
5573
5585
5440
5593
5666
5716
5587
5601
5700
5703
5647
5462
5388
5569
5519
5638
5618
5716
5643
5758
5756
5706
5862
5936
5801
5540
5632
5502
5553
5575
5520
5646
5479
5544
5413
5340
5330
5271
5339
5398
5320
5529
5651
5666
5664
5816
5610
5690
5794
5839
5884
5738
5681
5731
5655
5694
5421
5356
5499
5651
5534
5441
5473
5388
5518
5400
5687
5672
5701
5743
5851
5957
5880
5765
5570
5385
5252
5373
5464
5531
5523
5472
5462
5639
5676
5727
5588
5586
5589
5300
5347
5349
5427
5228
5289
5356
5392
5298
5319
5416
5340
5431
5356
5325
5176
5236
5295
5211
5106
4829
4814
5002
5102
5035
5052
4893
4930
5166
5261
5298
5307
5250
5336
5288
5384
5448
5329
5251
5403
5398
5343
5460
5489
5537
5607
5726
5799
5865
6004
5996
6147
6298
6326
6384
6389
6263
6326
6180
6174
6118
6069
5913
5955
5822
6093
6028
5883
5902
5978
5892
5727
5756
5734
5832
6025
5819
5919
6033
5884
5834
5888
5912
6044
5943
5848
5887
5844
5707
5784
5709
5703
5758
5969
5985
6024
6187
6097
6184
6128
6180
6074
6210
6061
6138
6065
5929
5979
6019
6309
6363
6198
6212
6121
6095
6020
5855
5833
5744
5696
5701
5723
5828
5719
5655
5632
5764
5659
5840
5894
5768
5449
5396
5485
5655
5647
5666
5967
6027
5963
6000
5985
6050
5817
5727
5834
5980
5831
5738
5647
5765
5821
5791
5725
5736
5673
5614
5599
5607
5671
5356
5315
5266
5221
5116
4999
5062
5146
5045
5025
5011
5037
5158
5168
5195
5117
5164
5030
5094
5175
5264
5274
5284
5340
5323
5287
5366
5314
5268
5076
5140
4879
4778
4785
4687
4732
4499
4559
4461
4565
4674
4626
4618
4646
4552
4849
4832
4922
4834
4782
4840
4710
4751
4678
4825
4780
4760
4652
4621
4569
4473
4504
4526
4637
4634
4576
4590
4447
4390
4431
4409
4388
4527
4548
4475
4549
4629
4616
4653
4762
4655
4635
4578
4640
4633
4685
4591
4622
4678
4734
4793
4824
4788
4608
4640
4691
4884
4887
4978
5032
5017
5120
5397
5244
5145
5108
5073
5045
5154
5035
4871
4944
4735
4650
4583
4518
4826
4716
4695
4613
4536
4585
4684
4674
4738
4795
4935
4856
4848
4821
4989
4999
4838
4771
4791
4679
4812
4979
5051
5217
5121
5064
5069
5140
5164
5161
5201
5317
5295
5346
5385
5339
5388
5323
5156
5162
5146
5076
5050
5006
4857
5057
5110
4937
4894
4960
4895
5037
5122
5136
5110
5070
4904
4893
4835
4785
4791
4655
4601
4584
4575
4504
4448
4559
4555
4394
4319
4241
4169
4314
4144
4155
4178
4286
4383
4488
4428
4367
4340
4473
4475
4584
4592
4643
4561
4508
4433
4605
4628
4764
4808
4921
5011
4963
4745
4610
4579
4756
4818
4835
4945
4867
4958
5068
5114
5098
5078
5180
5036
5139
5083
5334
5419
5309
5350
5220
5189
5075
5039
4823
4926
4942
5123
5237
5004
5068
5253
5244
5080
4960
4922
5063
5134
5148
4974
5035
5121
5107
5167
5330
5533
5310
5406
5191
5285
5548
5493
5546
5491
5439
5341
5193
5221
5152
5232
5349
5511
5556
5710
5600
5697
5505
5248
5226
5332
5303
5162
5185
5256
5151
5095
5054
4978
4949
5096
5004
5089
5228
5170
5200
5192
5493
5470
5565
5647
5548
5590
5627
5664
5608
5480
5506
5474
5696
5736
5827
5961
6020
5949
6068
6009
6124
6166
6112
6056
5802
5754
5815
5932
5824
5787
5716
5716
5683
5626
5891
5998
5997
5889
6010
6099
6196
6340
6334
6157
6185
6059
6019
6066
5946
6043
5957
6081
6136
6183
6113
6200
6305
6574
6716
6724
6682
6669
6570
6510
6470
6383
6281
6249
6096
6173
5996
5905
6056
6126
6276
6081
6116
5982
6018
6046
5880
5719
5769
5730
5600
5575
5542
5668
5608
5719
5617
5461
5505
5397
5438
5512
5363
5281
5416
5406
5572
5639
5704
5787
6021
5946
6159
5959
5903
5774
5924
5708
5622
5666
5755
5722
5761
5799
5703
5786
5930
5891
5902
5964
5960
5695
5766
5755
5728
5638
5625
5573
5583
5574
5655
5587
5480
5444
5406
5250
5385
5477
5445
5472
5370
5416
5469
5428
5454
5520
5530
5669
5616
5779
5851
5757
5720
5735
5677
5731
5714
5548
5587
5631
5654
5570
5658
5710
5786
5792
6011
6173
6152
6339
6553
6676
6743
7004
6965
6978
6959
6926
6855
6754
6912
6864
6774
6719
6714
6777
6762
6675
6598
6680
6544
6626
6711
6772
6636
6569
6683
6724
6802
6979
6861
6712
6802
6833
6720
6584
6646
6503
6502
6312
6321
6380
6280
6172
6300
6429
6359
6379
6440
6398
6362
6257
6046
6010
6080
6020
6253
6249
6271
6164
5886
5762
5839
5885
5843
5981
6184
6124
6254
6476
6654
6591
6633
6615
6661
6583
6724
6693
6688
6774
6593
6571
6521
6420
6175
6219
6389
6525
6467
6352
6151
6297
6212
5826
5865
5974
5919
6031
6179
6239
6110
5941
5935
5799
5732
5900
5893
5666
5614
5585
5297
5102
5122
5178
5087
5216
5383
5122
5121
5082
4915
4900
4999
4968
4956
4971
4997
4943
4875
4846
5016
5105
5103
5135
5236
5178
5120
5040
5071
5129
5056
5080
5161
5176
5192
5125
5124
4942
5154
5256
5233
5311
5326
5417
5183
5190
5153
5071
4957
4936
4911
4796
4921
4879
4841
4902
4940
4945
4736
4692
4536
4387
4384
4247
4221
4134
4221
4215
4251
4353
4395
4278
4268
4360
4336
4417
4357
4501
4613
4558
4480
4451
4428
4283
4293
4383
4224
4283
4265
4376
4379
4443
4455
4342
4317
4454
4484
4613
4551
4685
4712
4648
4745
4740
4815
4856
4701
4669
4711
4777
4867
4904
4692
4659
4650
4562
4512
4449
4391
4315
4310
4282
4276
4395
4568
4542
4565
4608
4542
4610
4455
4351
4514
4530
4527
4492
4605
4590
4571
4498
4420
4365
4311
4321
4534
4545
4683
4765
4577
4622
4657
4810
4708
4792
4822
5008
4911
4766
4700
4752
4610
4629
4711
4684
4620
4751
4686
4793
4793
4927
4957
4922
4777
4962
4789
4654
4709
4761
4719
4736
4842
4744
4768
4897
4871
5019
4888
4868
4860
4822
4916
4849
4994
4911
4837
4803
5160
5056
5133
5217
5112
5134
5107
5027
5048
4843
4950
5000
5008
5051
5030
5176
5083
5116
5121
5170
4998
5034
4894
5053
5188
5192
5215
5258
5136
5174
5037
5030
5054
4977
4947
5267
5240
5248
5262
5239
5160
5338
5334
5323
5230
5255
5358
5206
5244
5389
5307
5425
5549
5383
5186
5235
5361
5276
5298
5383
5516
5423
5125
4984
4907
4976
4924
4910
4839
4876
4822
4942
5096
4994
5094
5140
5043
5068
5011
4928
4925
5047
5163
5151
5215
5232
5175
5070
5007
5031
5091
5194
5128
4946
4998
4908
4803
4792
4739
4685
4504
4391
4319
4193
4171
4314
4493
4598
4535
4553
4500
4522
4478
4440
4343
4285
4296
4315
4184
4208
4118
4158
4279
4379
4165
4263
4172
4093
4075
3875
3817
3869
3766
3815
3851
3812
3853
3955
4007
4079
4157
4203
4170
4350
4439
4348
4317
4430
4384
4426
4427
4587
4414
4403
4414
4349
4463
4447
4351
4412
4390
4509
4466
4472
4563
4447
4365
4272
4338
4285
4264
4265
4237
4271
4250
4204
4127
3995
3904
3784
3687
3765
3840
3824
3873
3996
4104
4212
4206
4255
4358
4342
4526
4493
4540
4465
4347
4448
4599
4763
4799
4804
4905
4938
4891
4971
5265
5275
5435
5416
5424
5385
5366
5425
5390
5419
5494
5441
5413
5667
5824
5701
5908
5845
5874
5778
5949
5966
5914
5786
5861
5805
5671
5652
5777
5794
5835
5785
5727
5819
5889
6045
6034
6059
6068
6088
5879
5738
5849
5877
6029
5996
5959
5865
6037
6169
6086
6111
6111
6258
6287
6335
6188
6068
6072
6001
6081
6073
5978
6000
6089
6087
5919
5911
5816
5818
5745
5820
5660
5685
5624
5669
5609
5725
5564
5594
5692
5791
5898
5799
5786
5877
5758
5871
5871
5946
6027
5982
5830
5837
6088
5936
5896
5956
6022
5935
5886
5876
6015
5918
5810
5619
5913
5811
5819
5903
5883
5933
5884
5854
5777
5912
5669
5755
5516
5459
5323
5416
5363
5404
5541
5606
5702
5747
5862
6036
5777
5702
5765
5716
5802
5654
5527
5539
5580
5621
5583
5593
5562
5700
5684
5657
5752
6029
5916
5870
5919
5986
5832
5696
5592
5607
5715
5784
5623
5682
5716
5873
5981
6052
6119
6199
6088
5816
5719
5614
5577
5544
5639
5597
5786
5949
5888
5979
6044
6033
5817
5692
5714
5658
5732
5661
5584
5499
5502
5516
5706
5790
5790
5855
5887
5962
5864
5864
5856
5961
5908
5933
5999
6024
5913
5885
5738
5814
5834
5824
5690
5732
5808
5813
5964
6169
6084
6303
6191
6573
6667
6707
6644
6726
6557
6551
6541
6446
6479
6324
6309
6238
6220
6200
6332
6339
6306
6237
6122
6182
6146
6256
6305
6490
6563
6556
6623
6726
6594
6562
6525
6371
6476
6635
6572
6666
6704
6626
6442
6434
6643
6790
6664
6653
6730
6511
6493
6440
6512
6533
6467
6564
6475
6649
6642
6723
6684
6722
6833
6961
6791
6731
6600
6820
6802
6722
6835
6885
6882
6858
6754
6865
6736
6817
6724
6691
6725
6736
6959
6888
6900
6764
6701
6691
6564
6490
6556
6725
6717
6662
6650
6675
6527
6573
6546
6536
6475
6517
6581
6750
6940
7014
6971
6912
6983
6961
6856
6768
6816
6849
6876
6666
6792
6765
6846
6713
6737
6692
6656
6768
6757
6669
6666
6561
6656
6685
6681
6844
6920
7027
7125
7003
6952
6848
6985
7095
7008
7122
6981
7147
7111
6924
6973
7053
7074
7276
7262
7322
7620
7751
7728
7681
7475
7234
7103
7267
7146
7260
7034
7169
7076
7024
7193
7175
7195
7348
7334
7287
7188
7302
7209
7463
7432
7674
7585
7599
7349
7165
7285
7401
7263
7198
7287
7548
7607
7671
7724
7637
7672
7604
7550
7578
7640
7703
7590
7605
7468
7407
7433
7550
7623
7654
7417
7598
7307
7168
7035
6913
6874
7097
7210
7087
7046
7090
6718
6701
6692
6494
6591
6649
6773
6812
7026
7154
6979
6884
6697
6909
6989
6972
6944
6828
6832
6917
6865
6678
6644
6434
6395
6472
6428
6292
6178
6178
6200
6279
6361
6409
6602
6747
6631
6550
6489
6487
6469
6408
6534
6389
6302
6455
6481
6574
6516
6639
6709
6647
6518
6587
6561
6819
6832
6743
6550
6501
6515
6496
6516
6328
6361
6304
6205
5941
6184
6319
6508
6609
6528
6641
6529
6395
6331
6463
6585
6543
6676
6681
6885
6655
6790
6772
6982
6883
6868
6663
6526
6548
6774
6963
7019
6963
6925
6986
6982
6961
6957
6846
6936
7028
7012
7075
6986
7155
7178
7374
7209
7144
7182
7191
7125
6900
6707
6863
6815
6823
6815
6763
6726
6691
6563
6491
6490
6608
6668
6641
6643
6834
6661
6533
6359
6326
6175
6035
6033
6036
6099
6245
6307
6295
6272
6393
6396
6462
6639
6730
6693
6796
6778
6842
6972
6916
6815
6755
6748
6961
6944
7043
6907
6869
6676
6666
6611
6620
6639
6596
6700
6620
6561
6554
6486
6432
6325
6257
6178
6131
6174
6061
6104
5974
6059
6138
5993
6137
6238
6224
6262
6356
6231
6183
6165
6043
6002
5902
6081
6063
5963
5931
6026
6172
6224
6462
6387
6420
6624
6555
6540
6621
6564
6431
6384
6294
6163
6225
6237
6380
6378
6419
6429
6443
6362
6191
6267
6275
6231
6293
6115
6092
5975
6009
6090
6213
6107
6021
6164
6113
6236
6377
6469
6532
6518
6508
6527
6328
6238
6390
6250
6341
6413
6405
6398
6404
6286
6430
6199
6200
6332
6285
6364
6397
6147
6111
6034
6005
6022
6046
6088
5940
5900
5913
6025
6054
6200
6325
6298
6314
6311
6335
6329
6255
6353
6489
6547
6493
6400
6395
6484
6512
6459
6467
6445
6342
6170
6148
6149
6091
6127
6045
6096
5986
5960
5788
6044
5978
5931
5849
5805
5751
5754
5818
5800
5802
5791
5845
5796
5887
6110
6192
6283
6192
6015
5982
5866
5769
5766
5835
5953
5994
5836
5755
5682
5626
5691
5518
5558
5563
5574
5561
5595
5596
5699
5604
5391
5445
5497
5578
5600
5529
5446
5496
5589
5649
5664
5744
5683
5765
5692
5750
5817
5642
5858
5835
5927
5946
6087
5872
5817
5844
5807
5791
5833
5861
5779
5751
5644
5564
5588
5589
5369
5347
5361
5396
5332
5349
5275
5248
5372
5295
5395
5276
5156
5152
5046
5027
4986
4989
5031
4941
4980
4843
4936
5002
5028
5187
5249
5363
5318
5386
5363
5319
5340
5239
5307
5232
5164
5172
5076
4943
5021
4974
5182
5225
5335
5311
5190
5226
5428
5376
5295
5400
5266
5170
5035
5174
5127
5243
5220
5130
5467
5346
5371
5425
5523
5468
5463
5449
5401
5492
5703
5727
5821
5727
5684
5694
5881
5853
5991
6107
6108
6230
6214
6255
6333
6349
6136
5992
6050
6120
6133
6154
6130
6170
6286
6232
6022
6010
5990
5885
5727
5692
5705
5709
5710
5812
5882
5615
5671
5789
5749
5807
5844
5912
5908
5680
5674
5664
5556
5525
5613
5574
5740
5632
5448
5314
5302
5364
5412
5349
5419
5607
5434
5467
5340
5269
5297
5298
5392
5470
5507
5617
5583
5586
5607
5593
5537
5696
5669
5647
5697
5739
5825
6015
6006
6008
5769
5839
6008
5893
5838
5810
5894
5760
5792
5820
5885
5879
5927
5739
5899
5937
6029
6068
6097
6002
6009
5906
5822
5837
5793
5862
5714
5715
5747
5761
5602
5507
5501
5471
5557
5592
5603
5695
5613
5460
5553
5759
5764
5623
5458
5543
5586
5608
5580
5438
5498
5499
5466
5353
5165
5216
5230
5297
5297
5253
5216
5146
5270
5208
5216
5171
5304
5464
5444
5360
5448
5291
5217
5101
5049
5104
5157
5040
5146
4989
5090
4997
5068
5078
5097
5077
5102
5195
5225
5296
5151
5109
5213
5202
5205
5321
5516
5568
5606
5570
5720
5663
6010
6119
5886
5902
5991
5929
5739
5922
5931
5880
5935
5928
5847
5799
5841
5862
5911
5882
5967
5918
5896
5970
5790
5680
5888
5827
5676
5730
5913
5731
5707
5610
5808
5590
5519
5618
5607
5405
5496
5478
5421
5645
5603
5553
5631
5684
5757
5720
5571
5591
5601
5541
5543
5542
5617
5564
5611
5616
5697
5571
5556
5520
5358
5231
5193
5040
5058
5095
5308
5136
5183
5137
5086
5086
5211
5167
5189
5221
5154
5191
5312
5291
5182
5403
5387
5397
5406
5381
5480
5581
5513
5427
5472
5470
5394
5633
5480
5332
5084
5147
5095
5127
5125
5203
5130
5093
4991
5018
5191
5235
5234
5213
5393
5427
5412
5283
5131
5279
5282
5013
5160
5191
5113
5054
5103
5190
5145
5218
5024
5081
5000
5039
4892
4731
4683
4632
4791
4886
4912
4696
4754
4841
4741
4755
4829
5033
4993
4958
4947
4804
4845
4659
4527
4367
4381
4408
4188
4235
4273
4212
4244
4256
4052
3984
3992
4037
4105
4008
4022
4094
4045
4089
4207
4165
4189
4196
4091
3991
4139
4112
4121
4238
4177
4134
4043
4176
4157
4120
4136
4116
3996
4034
4086
4090
4049
4090
4046
4106
4037
4067
4219
4337
4422
4494
4474
4479
4580
4719
4852
4824
4683
4843
4915
4962
4897
4751
4669
4579
4447
4499
4554
4556
4609
4773
4622
4594
4672
4682
4633
4556
4647
4701
4834
4755
4565
4635
4652
4473
4490
4442
4466
4550
4574
4607
4705
4640
4504
4507
4519
4556
4530
4597
4613
4715
4765
4864
4892
4784
4762
4793
4821
4876
4901
4842
4873
4832
4863
5033
5054
4883
4863
4904
5126
5153
4934
4927
4780
4833
4876
4964
5031
4830
4862
4764
4811
4895
4971
5033
4981
4964
4919
4938
5121
5139
5117
5196
5056
5018
4956
4865
4815
4789
4790
4899
5021
5026
5006
5006
4856
4840
4865
4628
4650
4787
4750
4597
4771
4579
4619
4528
4654
4822
4814
4741
4770
4701
4669
4623
4673
4760
4695
4733
4742
4799
4756
4688
4591
4551
4718
4863
4932
4921
4917
5096
5080
5172
5114
5416
5303
5232
5126
5168
5057
5030
4977
4904
4994
4924
4867
4883
4757
4716
4707
4552
4665
4885
5043
5097
5108
5085
5081
5210
5323
5244
5308
5259
5180
5293
5368
5342
5302
5116
5076
5260
5386
5341
5393
5551
5597
5725
5630
5570
5596
5598
5584
5581
5669
5615
5605
5411
5446
5597
5620
5565
5563
5522
5614
5499
5493
5636
5414
5578
5578
5423
5396
5557
5436
5555
5407
5542
5597
5670
5688
5881
5748
5745
5736
5680
5822
5666
5587
5808
5846
5904
5853
6021
6097
6201
6098
6344
6394
6410
6396
6489
6516
6380
6423
6298
6164
6116
6076
5966
6138
6286
6434
6525
6638
6620
6763
6880
6875
6707
6796
6835
6702
6772
6735
6691
6845
6791
6758
6882
6670
6676
6729
6689
6768
6823
6791
6624
6586
6623
6429
6177
6185
6294
6183
6293
6339
6366
6304
6389
6279
6342
6622
6641
6700
6477
6232
6291
6350
6427
6238
6119
6189
5958
5837
5787
5883
5835
5901
5891
5856
5906
5913
5726
5637
5673
5757
5910
5838
5781
5718
5633
5471
5469
5622
5657
5694
5959
6001
6029
5831
5736
5798
5647
5887
6049
6079
6113
6174
6272
6349
6442
6260
6411
6482
6295
6297
6167
6409
6372
6416
6425
6385
6309
6352
6430
6517
6343
6412
6467
6463
6604
6795
6654
6420
6286
6216
6069
6064
6153
6353
6480
6512
6519
6539
6560
6366
6441
6558
6548
6496
6350
6399
6394
6364
6454
6615
6514
6587
6609
6465
6371
6300
6333
6442
6311
6250
6159
6170
6077
5821
5729
5716
5711
5810
5905
5957
6028
5946
5998
6056
5991
6081
5918
5857
5723
5688
5568
5573
5512
5523
5560
5508
5544
5415
5347
5405
5239
5336
5205
5138
5268
5491
5451
5504
5446
5529
5390
5408
5517
5561
5694
5713
5762
5725
5865
5801
5799
5911
5871
5770
5899
6010
6146
6042
6118
6157
6171
6369
6609
6626
6539
6491
6379
6435
6468
6369
6291
6450
6563
6371
6628
6736
6861
6881
7124
7204
7445
7472
7335
7212
7205
7203
7164
7040
6997
7084
6980
7149
7272
7126
6887
6786
6535
6643
6735
6744
6952
6914
7027
6901
6688
6438
6652
6575
6494
6466
6626
6433
6486
6433
6455
6628
6519
6610
6501
6448
6503
6409
6440
6417
6321
6221
6223
6230
6217
6374
6409
6309
6322
6434
6469
6421
6512
6473
6283
6099
6101
5990
6058
6063
5975
6080
6029
5949
5956
6156
6036
5904
5781
5769
5608
5420
5396
5472
5445
5327
5369
5326
5511
5598
5643
5502
5464
5512
5636
5547
5569
5500
5254
5267
5316
5257
5281
5551
5419
5304
5264
5310
5216
5174
5120
5030
4985
4962
4973
5237
5218
5082
5105
4999
4924
5043
5092
5115
5059
5072
5074
5040
5016
4940
4988
4931
4957
4946
4922
4777
4676
4749
4543
4476
4424
4309
4344
4264
4232
4177
4252
4140
4126
4348
4302
4177
4380
4303
4408
4500
4424
4316
4279
4405
4527
4476
4417
4301
4109
3997
4047
4135
4014
4055
4156
4186
4102
4103
4179
4071
4178
4077
4146
4273
4470
4481
4454
4558
4530
4456
4534
4681
4608
4624
4651
4486
4424
4513
4435
4350
4355
4272
4286
4275
4308
4361
4173
4203
4249
4329
4420
4414
4304
4270
4311
4363
4151
4267
4129
4041
4149
4110
3991
4031
4038
4069
4049
4030
4027
3957
3889
3991
3943
3776
3720
3710
3690
3663
3761
3693
3596
3566
3513
3538
3617
3609
3601
3685
3726
3770
3755
3710
3750
3715
3695
3614
3721
3780
3806
3759
3816
3819
3698
3838
3847
3961
4020
3958
3942
3998
3965
3864
3839
3801
3676
3568
3522
3613
3484
3512
3435
3593
3643
3748
3836
3904
4051
4192
4280
4354
4312
4388
4456
4399
4266
4257
4281
4169
4246
4292
4111
4185
4060
4171
4231
4222
4102
3935
3917
3724
3747
3765
3642
3571
3542
3503
3609
3620
3489
3361
3467
3464
3527
3531
3654
3612
3645
3601
3689
3639
3637
3625
3710
3626
3814
3820
3842
3836
3995
4039
4057
3970
4053
4056
4160
4282
4339
4266
4292
4229
4203
4133
4050
4044
4122
4378
4258
4336
4376
4401
4367
4570
4602
4806
5010
5045
5114
5220
5189
5349
5351
5357
5568
5679
5523
5478
5441
5592
5340
5324
5311
5268
5378
5199
5298
5361
5299
5256
5368
5429
5359
5351
5355
5404
5489
5498
5413
5167
5234
5096
5004
4933
4849
5055
5206
5192
5231
5346
5539
5562
5671
5519
5543
5593
5427
5349
5484
5564
5656
5509
5576
5525
5646
5559
5752
5693
5584
5682
5678
5540
5458
5427
5486
5514
5596
5564
5509
5584
5529
5553
5579
5596
5519
5594
5603
5658
5606
5407
5346
5282
5272
5312
5203
5246
5320
5343
5325
5307
5368
5437
5517
5417
5351
5245
5332
5365
5406
5376
5222
5111
5279
5203
5155
5164
5190
5327
5176
5074
5004
5045
4973
4901
4975
5035
5054
5085
4951
4908
4787
4805
4729
4830
4820
4896
5023
4984
5110
5078
4914
4940
4949
4873
4949
4982
4931
4961
4977
5013
5174
5074
5140
5063
5197
5281
5490
5527
5477
5367
5375
5413
5253
5311
5194
5144
5223
5206
5186
5258
5134
5151
5332
5386
5324
5326
5313
5458
5504
5318
5159
5266
5303
5176
5104
5069
5128
4976
5016
4859
4827
4679
4710
4591
4655
4715
4574
4590
4545
4583
4594
4559
4639
4575
4696
4880
5030
4911
4800
4755
4792
4735
4963
5063
5018
5015
4988
4955
4944
4903
5065
5047
4974
4980
4907
4904
4797
4947
5028
5106
5212
5204
5166
5108
5000
5014
5050
5074
5168
5272
5336
5306
5423
5344
5211
5110
5024
4964
4902
4961
4911
4849
4754
4614
4572
4697
4648
4607
4648
4736
4827
4926
5044
5069
5057
4944
4908
4899
4848
4882
4906
4913
4927
4798
4680
4699
4673
4597
4561
4588
4509
4584
4481
4460
4587
4563
4564
4550
4672
4712
4807
4700
4630
4462
4546
4631
4810
4675
4789
4721
4937
5056
5079
5123
5124
5160
5281
5229
5298
5171
5143
5136
5024
4932
4857
4859
4951
4699
4688
4518
4473
4321
4249
4376
4265
4274
4305
4400
4429
4427
4393
4386
4339
4466
4527
4500
4472
4600
4552
4399
4158
4198
4219
4450
4384
4460
4363
4320
4230
4272
4367
4540
4674
4777
4760
4811
4859
4949
4870
4861
4741
4611
4614
4561
4601
4641
4558
4748
4656
4604
4708
4668
4555
4534
4652
4592
4616
4614
4447
4568
4711
4478
4458
4271
4245
4256
4391
4482
4534
4361
4546
4470
4494
4624
4660
4681
4692
4677
4590
4693
4679
4545
4702
4766
4606
4479
4441
4587
4675
4769
4592
4672
4743
4591
4647
4585
4596
4665
4459
4349
4329
4167
4129
4254
4281
4511
4668
4757
4713
4723
4764
4603
4632
4486
4443
4705
4860
4811
5031
