1005000
267773
174604
129391
103126
85494
72338
62633
55859
50379
45636
41600
37420
34545
32255
30023
28193
26888
25482
24100
22950
21957
21074
20095
19380
18518
17853
17431
16852
16133
15567
15303
14996
14295
13906
13556
12895
12371
11936
11903
11560
10936
10569
10323
10057
9772
9554
9104
8930
8656
8493
8324
8153
7704
7629
7565
7379
7277
7241
7276
7228
7122
7068
7044
7033
6850
6599
6698
6735
6790
6655
6389
6215
5998
6072
6148
6115
6005
5994
6070
6137
6133
5979
5879
5680
5573
5643
5490
5437
5395
5366
5272
5248
5077
5152
5286
5148
5060
5021
5052
4809
4884
4939
4850
4661
4510
4471
4395
4413
4427
4261
4112
4160
4345
4387
4409
4301
4302
4532
4577
4541
4545
4425
4271
4337
4337
4415
4346
4329
4458
4593
4469
4455
4423
4460
4276
4394
4320
4429
4481
4476
4553
4615
4478
4582
4464
4383
4478
4282
4257
4042
3800
3899
3841
3901
3785
3740
3761
3693
3726
3803
3766
3796
3766
3760
3642
3573
3690
3711
3583
3508
3500
3320
3326
3310
3181
3304
3422
3504
3590
3625
3673
3640
3701
3561
3506
3274
3241
3167
3189
3156
3267
3259
3172
3043
3154
3120
3132
3101
3137
3250
3291
3156
3213
3254
3306
3394
3300
3376
3438
3375
3480
3456
3420
3313
3377
3368
3332
3242
3313
3456
3407
3383
3437
3271
3317
3414
3483
3474
3520
3489
3613
3634
3665
3579
3562
3590
3573
3629
3661
3868
3745
3773
3733
3703
3712
3832
3911
3961
3922
4055
4125
4191
4208
4190
4157
4141
4204
4227
4369
4274
4210
4281
4325
4367
4262
4620
4566
4438
4330
4303
4260
4240
4179
4264
4286
4347
4225
4224
4100
4147
4191
4191
4201
4125
4113
4049
4012
4036
4012
4050
4100
4086
4091
4089
3996
4030
4147
3987
3998
4054
4095
4157
4074
3959
4173
4257
4212
4232
4106
3936
3997
4051
3967
3909
3961
4078
4093
3952
3973
4103
4113
4162
4061
4171
4200
4151
4126
4206
4308
4395
4394
4350
4224
4177
4265
4288
4270
4391
4300
4230
4343
4290
4272
4184
4250
4308
4142
4123
4026
4152
4152
4253
4382
4299
4281
4293
4165
4196
4091
4120
4123
4196
4196
4147
4051
4060
4124
4180
4082
4142
4143
4230
4147
4046
4208
4302
4215
4220
4336
4325
4309
4456
4557
4446
4492
4587
4724
4728
4864
4776
4724
4792
4966
4976
4963
4859
4760
4695
4580
4576
4648
4572
4619
4667
4624
4616
4784
4744
4800
4753
4611
4656
4793
4868
4861
4943
4954
4823
4965
4968
5062
5077
5032
5001
4984
4880
4953
4949
4997
4890
4888
4920
5005
4922
4820
4631
4712
4735
4833
4970
5041
5100
5136
5118
5097
5154
5253
5242
5175
5267
5323
5254
5128
5131
5116
5087
5203
5246
5173
5322
5340
5297
5408
5226
5122
5091
5189
5296
5232
5324
5153
5332
5232
5297
5223
5246
5029
5029
4905
4837
4751
4953
4934
4815
4815
4920
4785
5035
4943
4856
5071
4950
4969
4848
4888
4963
5023
5087
5035
4966
4921
4985
4882
5082
5099
5246
5220
5357
5244
5298
5198
5405
5387
5522
5542
5413
5319
5325
5391
5318
5371
5237
5145
5102
5188
5181
5177
5205
5196
5139
5088
5110
5017
4910
4856
4817
4984
5015
4981
5038
5177
5057
5076
5147
5178
5192
5149
5104
5209
5026
5129
5134
5359
5347
5412
5177
5078
5048
5062
4965
5053
4952
5089
5143
5042
4996
5051
5031
5119
5231
5146
5196
5072
5222
5227
5179
5132
5142
5339
5461
5519
5612
5805
5864
5662
5594
5610
5560
5562
5611
5566
5531
5596
5808
5915
5936
5833
5677
5686
5692
5795
5682
5708
5504
5425
5436
5580
5722
5626
5663
5664
5431
5590
5709
5731
5660
5551
5484
5710
5702
5745
5989
5990
5943
6046
5918
5910
5904
5909
5956
5858
5718
5837
5763
5536
5626
5682
5699
5612
5694
5705
5774
5924
5810
5689
5625
5771
5701
5688
5781
5808
5753
5697
5653
5586
5630
5701
5614
5687
5719
5776
5720
5788
5741
5807
5850
5972
5861
5967
5960
5994
6087
6043
5944
5693
5710
5779
5806
5898
6081
6118
6055
6038
6069
6029
5970
6082
6008
6122
6398
6509
6403
6392
6522
6605
6517
6509
6511
6437
6312
6390
6395
6500
6463
6499
6494
6607
6529
6488
6494
6365
6464
6565
6789
6690
6836
6771
6829
6745
6682
6697
6719
6521
6510
6527
6742
6637
6396
6468
6652
6670
6609
6685
6484
6302
6226
6359
6354
6340
6141
6133
5956
5865
5689
5674
5808
5940
6004
5797
5698
5691
5676
5782
5863
6060
6173
6132
6030
6180
6245
6294
6180
6265
6249
6338
6243
6214
6327
6293
6337
6470
6316
6303
6304
6283
6470
6684
6769
6935
7069
6997
7016
6960
6745
6745
6843
7053
7133
7161
7107
7078
7164
7212
7222
7206
7159
7123
7003
6959
6923
6852
6828
6784
6702
6788
6813
6714
6749
6970
6837
6869
6978
6943
7056
7025
7035
7078
7114
7219
7121
7230
7245
7308
7399
7444
7592
7536
7640
7633
7657
7464
7370
7190
7133
7189
7082
7201
7302
7451
7455
7572
7532
7470
7343
7512
7655
7492
7620
7617
7767
7924
7861
7849
7776
7682
7619
7432
7215
7320
7231
7333
7141
7021
6830
6775
6789
6715
6789
6815
6698
6687
6644
6591
6562
6561
6479
6432
6306
6259
6096
6121
6292
6371
6187
6054
6143
6024
5841
5834
5842
5933
6062
6068
6020
6059
6191
6276
6272
6440
6454
6294
6132
6262
6251
6374
6400
6443
6442
6613
6711
6569
6535
6510
6514
6567
6602
6471
6662
6873
6993
7075
6789
6832
6799
6681
6694
6519
6568
6649
6567
6608
6640
6685
6669
6581
6789
6826
6831
6945
6897
6984
6918
6926
6763
6872
6656
6738
6756
6576
6628
6373
6325
6400
6422
6259
6294
6405
6416
6340
6392
6518
6651
6730
6712
6742
6794
6644
6509
6560
6673
6709
6581
6691
6517
6588
6683
6745
6710
6631
6468
6369
6644
6628
6473
6325
6220
6371
6552
6523
6584
6529
6528
6366
6290
6146
6090
6066
5973
5943
5825
5878
5830
5876
5831
5875
5880
5913
5999
6039
6052
6150
6130
6194
6348
6383
6561
6530
6507
6701
6607
6508
6477
6369
6407
6500
6401
6449
6394
6208
6100
6001
5942
6070
5989
5988
5893
5861
5902
5913
6147
6174
6423
6325
6291
6121
6248
6206
6253
6175
6231
6459
6440
6449
6510
6378
6478
6541
6570
6433
6547
6658
6736
6624
6740
6698
6433
6282
6153
6160
6186
6086
6037
5867
5788
5709
5702
5641
5767
5705
5797
5719
5758
5771
5968
6073
5888
5879
5739
5504
5536
5421
5575
5627
5518
5456
5488
5478
5530
5445
5495
5431
5415
5572
5569
5422
5249
5301
5348
5350
5308
5265
5374
5233
5198
5217
5115
5129
4973
4885
4728
4946
4845
4727
4666
4530
4504
4517
4674
4626
4591
4652
4631
4590
4667
4625
4599
4372
4464
4496
4334
4474
4621
4733
4791
4797
4861
4596
4659
4722
4725
4707
4547
4396
4504
4748
4822
4978
4946
4866
5013
5036
5141
5190
5156
5247
5136
5103
4965
4955
5044
4902
5001
5028
5079
5034
5069
5208
5335
5369
5266
5269
5154
5047
5079
5145
5226
5230
5328
5243
5328
5244
5270
5204
5312
5341
5387
5353
5357
5350
5309
5165
5058
5203
5096
4966
5100
5073
4951
5100
4972
5065
5026
5018
4901
4866
4910
4893
4996
5041
5157
4959
5093
5017
5071
5138
5023
5090
5209
5153
5107
4946
5245
5287
5145
5162
5101
5181
5161
5236
5196
5077
5091
4985
4837
4868
4929
4770
4843
4898
5035
4836
4780
4633
4651
4620
4909
4848
4899
4682
4641
4753
4754
4954
4973
5201
5049
4956
4859
4910
4897
4695
4565
4610
4623
4679
4639
4475
4637
4619
4703
4771
4722
4805
4851
4994
5000
4928
4857
4733
4812
4829
4774
4595
4566
4446
4319
4299
4260
4228
4218
4294
4221
4190
4176
4207
4264
4258
4183
4126
4198
4301
4285
4229
4114
4174
4265
4393
4398
4354
4300
4217
4195
4015
4100
4139
4185
4129
4073
4026
4032
3949
3953
4068
4117
4015
4072
4112
4036
3980
4028
3973
3968
3923
3773
3750
3809
3825
3794
3772
3792
3740
3583
3489
3538
3460
3405
3283
3156
3057
3102
3080
3179
3243
3224
3287
3292
3240
3299
3114
3214
3321
3265
3308
3280
3324
3430
3373
3260
3346
3425
3606
3562
3501
3594
3660
3544
3564
3497
3288
3287
3196
3110
3017
3073
3133
3145
3370
3270
3085
3139
3140
3073
3093
3144
3193
3179
3230
3222
3205
3236
3211
3285
3249
3195
3092
2955
2736
2804
2710
2754
2826
2961
3045
3154
3124
3147
3087
3271
3319
3456
3585
3636
3635
3762
3786
3925
3918
3898
3867
3927
4000
3886
3843
3790
3732
3660
3781
3738
3627
3726
3827
3673
3732
3784
3772
3924
4054
4069
4107
4089
4177
4174
4204
4081
4126
4108
4167
4303
4324
4164
4104
4005
4004
3995
4153
4158
4316
4251
4150
4176
4218
4306
4421
4609
4661
4564
4608
4594
4484
4548
4652
4762
4629
4606
4476
4533
4718
4536
4602
4604
4541
4531
4491
4384
4324
4332
4296
4411
4353
4421
4603
4638
4746
4705
4635
4682
4799
4818
4985
4806
4923
4902
4820
4749
4826
4675
4738
4855
4730
4545
4635
4570
4704
4673
4624
4649
4652
4597
4533
4527
4559
4446
4370
4398
4312
4444
4341
4417
4354
4303
4202
4200
4360
4481
4447
4431
4364
4139
4135
4216
4208
4317
4280
4339
4396
4324
4218
4310
4334
4308
4358
4503
4550
4596
4737
4744
4663
4779
4645
4647
4788
4862
4885
4979
5013
4883
4714
4763
4841
4942
5106
5114
5062
5085
4894
4863
5049
4971
5141
5297
5327
5252
5178
5182
5269
5343
5613
5613
5609
5606
5592
5630
5653
5711
5922
5965
5814
5895
5936
6042
5895
5995
5938
5872
5942
5782
5609
5485
5438
5504
5440
5603
5736
5936
5892
6053
5896
5936
5992
5866
6052
6204
6392
6402
6467
6304
6333
6544
6434
6339
6329
6167
6009
5997
6003
5886
5911
5896
5763
5732
5635
5693
5813
5705
5694
5694
5768
5822
5780
5742
5403
5356
5333
5350
5249
5383
5496
5353
5282
5131
5047
4952
4865
4734
4692
4727
4792
4919
4855
4685
4805
4784
4592
4518
4616
4563
4797
4869
5056
5053
5114
5220
5116
4990
5087
4986
5049
5106
5003
4972
4868
4873
4955
4952
5056
4798
4855
4690
4711
4710
4626
4465
4456
4568
4689
4690
4569
4590
4613
4750
4636
4602
4486
4435
4435
4518
4455
4411
4051
3990
4143
4154
4165
4263
4198
4057
4118
4238
4257
4359
4419
4224
4326
4295
4193
4267
4348
4279
4394
4301
4494
4548
4573
4516
4481
4502
4683
4663
4634
4666
4712
4683
4739
4564
4617
4550
4598
4610
4589
4580
4442
4354
4240
4366
4379
4513
4494
4667
4665
4621
4538
4580
4561
4459
4553
4490
4397
4654
4517
4608
4630
4555
4654
4690
4604
4651
4478
4477
4497
4547
4586
4561
4658
4595
4515
4694
4634
4588
4608
4793
4873
4853
4866
4734
4704
4566
4656
4553
4589
4597
4740
4784
4772
4746
4746
4784
4808
4710
4687
4665
4697
4814
4789
4954
4990
4952
5108
5189
5256
5468
5488
5533
5622
5691
5720
5572
5785
5803
5944
6021
6022
5842
5906
5922
5807
6007
5983
5851
5808
5797
5747
5766
5691
5935
5825
5876
5793
5798
5860
6059
6115
6156
6304
6184
6244
6054
6107
6355
6326
6440
6324
6269
6355
6402
6546
6688
6634
6597
6671
6626
6634
6558
6481
6435
6213
6027
6048
5998
5849
5708
5697
5779
5943
5873
5935
6082
6095
6011
5880
6003
6009
5812
5911
5959
6213
6165
6097
6122
6177
6055
6124
6116
5952
5921
5944
5949
5906
5868
5783
5717
5815
5657
5646
5672
5584
5748
5785
5731
5712
5737
5733
5703
5616
5556
5622
5576
5516
5571
5552
5696
5786
5728
5709
5688
5830
5979
5942
5907
5704
5742
5819
5856
5836
5952
5875
5875
5753
5975
5955
5996
6046
6102
6080
6194
6156
6090
6249
6415
6500
6719
6546
6636
6698
6657
6681
6842
6944
6907
6947
6927
6861
6783
6567
6589
6686
6589
6610
6718
6688
6544
6524
6535
6403
6430
6535
6548
6784
6985
6685
6681
6818
6728
6920
6752
6928
6946
6843
6748
6893
6861
6603
6733
6818
6826
6866
6971
6805
6747
6735
6617
6502
6445
6626
6540
6387
5922
5920
6003
5891
5932
6066
6154
6278
6097
5984
5846
5927
6005
6109
6090
6355
6267
6202
6342
6290
6113
6103
6044
6123
6233
6301
6379
6411
6308
6292
6364
6403
6431
6281
6244
6293
6240
6104
6183
5946
6097
5988
5981
6164
6095
5923
6010
6052
6250
6242
6350
6399
6376
6443
6630
6607
6651
6767
6680
6728
6875
6956
6892
6806
6640
6547
6323
6285
6306
6073
6071
6095
6249
6319
6318
6267
6198
6424
6338
6294
6236
6208
6209
6283
6516
6536
6445
6430
6515
6460
6274
6368
6542
6509
6490
6457
6340
6275
6343
6401
6346
6435
6437
6277
6272
6393
6330
6453
6422
6437
6368
6446
6388
6378
6570
6413
6616
6693
6527
6640
6766
6782
6822
6832
7065
6950
6986
7046
6983
7073
7088
7147
7081
7100
6950
6994
6961
6888
6869
7016
6758
6683
6669
6591
6757
7003
6905
7016
7084
7123
7123
7137
7290
7239
7312
7253
7148
7103
7357
7473
7508
7304
7444
7362
7225
7209
7150
7146
7126
7073
7144
6961
6938
6898
6758
6603
6728
6659
6591
6728
6768
6648
6788
6790
6800
7000
7043
7152
7174
7159
7167
7413
7380
7480
7557
7575
7535
7458
7583
7697
7613
7852
7707
7620
7640
7610
7614
7722
7785
7712
7633
7536
7408
7442
7387
7246
7147
7188
7393
7209
7112
7108
7067
6892
6805
6766
6960
6960
6661
6652
6561
6630
6704
6647
6501
6459
6170
6195
6051
6045
6065
6051
6147
6358
6476
6461
6457
6476
6442
6708
6685
6663
6609
6578
6367
6480
6433
6268
6313
6395
6414
6250
6223
6281
6345
6359
6287
6254
6158
6015
5969
5904
5661
5426
5507
5596
5754
5788
6021
6100
6241
6314
6528
6564
6491
6599
6513
6418
6292
6349
6265
6327
6524
6423
6345
6297
6263
6175
6245
6242
6375
6331
6280
6230
6010
6087
6125
6143
6278
6129
6114
6125
6082
6153
6224
6344
6504
6498
6419
6482
6700
6671
6683
6904
6879
6916
6838
7002
6853
6774
6708
6527
6565
6617
6845
6706
6651
6639
6633
6824
6913
6790
6946
7028
7136
7035
6903
6867
6744
6620
6621
6517
6493
6558
6470
6363
6439
6696
6809
6717
6792
6704
6679
6934
6699
6829
6732
6730
6667
6639
6581
6623
6584
6689
6690
6740
6790
6877
6950
6928
6932
6872
6910
6968
6698
6556
6549
6554
6499
6510
6501
6426
6352
6405
6284
6234
6161
6141
6106
6293
6325
6456
6346
6168
6166
6345
6295
6233
6257
6312
6193
6017
5990
6003
5978
6003
5989
6043
6035
6060
6079
6113
6008
5972
6265
6300
6345
6384
6412
6308
6271
6105
6038
5960
6117
6207
6202
6257
6189
6101
6156
6076
5918
6139
6177
6075
6089
5957
5828
5870
5826
5697
5605
5668
5721
5938
6058
5812
6076
6126
6115
6150
6069
6226
6197
6132
6192
6194
6055
6115
6091
6120
6017
6140
6116
6032
6155
6324
6257
6291
6419
6353
6278
6317
6362
6272
6118
6089
6087
6096
6053
5988
5926
5907
5994
6166
6384
6577
6628
6594
6541
6436
6450
6575
6617
6498
6618
6574
6563
6490
6453
6491
6608
6510
6470
6437
6498
6604
6585
6612
6572
6603
6584
6578
6568
6390
6513
6476
6395
6381
6320
6363
6587
6500
6634
6686
6652
6807
6765
6898
6895
6929
6829
6672
6636
6640
6873
6674
6935
6914
6785
6681
6677
6697
6769
6775
6794
6800
6775
6942
6944
6904
6981
6795
6636
6589
6670
6685
6686
6648
6654
6600
6681
6785
6909
6975
6760
6734
6952
6948
6836
6833
6861
6845
6820
6813
6817
6779
6640
6632
6721
6808
6737
6514
6441
6313
6359
6444
6410
6631
6618
6472
6355
6306
6244
6377
6206
6341
6387
6397
6366
6430
6415
6567
6436
6472
6587
6469
6534
6363
6535
6776
6738
6676
6718
6702
6807
7023
7088
7067
7204
7231
7214
7341
7308
7360
7235
7136
7145
7183
7176
7299
7306
7612
7613
7625
7851
7691
7768
7734
7784
7815
7853
7786
7848
7809
7957
7993
7887
8030
7975
7806
7651
7680
7607
7723
7542
7582
7735
7835
7741
7606
7659
7706
7753
7523
7409
7476
7395
7366
7296
7175
7283
7249
7354
7357
7409
7339
7254
7216
7142
7468
7486
7465
7460
7358
7501
7611
7722
7820
7644
7528
7422
7135
7168
7069
7319
7306
7185
7164
7096
7221
7168
7227
7205
7141
7054
6952
6875
6792
6699
6780
6822
6788
6942
6807
6790
6713
6532
6603
6664
6562
6582
6516
6419
6265
6242
6427
6403
6534
6601
6677
6614
6777
6692
6703
6591
6422
6277
6243
6337
6476
6480
6251
6105
6074
6098
6164
6115
5999
5975
6110
6124
6258
6083
6209
6304
6220
6239
6302
6351
6422
6513
6424
6422
6081
5955
5912
5746
5589
5571
5623
5668
5718
5846
5770
5855
5897
5822
5854
5787
5834
5927
5937
5826
5769
5898
5693
5792
5904
5934
6017
6004
6062
6156
6161
6169
6357
6305
6260
6411
6527
6702
6584
6601
6804
6860
6962
7037
7177
7280
7394
7141
7107
7173
7339
7057
6995
7011
7006
6912
6767
6780
6691
6629
6540
6607
6622
6510
6632
6464
6395
6459
6585
6652
6669
6686
6760
6748
6596
6722
6892
6782
6915
6960
7092
7027
7119
7208
7337
7314
7075
7037
6943
6748
6840
6952
7143
7140
7244
7157
7153
7255
7073
7123
7155
7011
6948
6967
7142
7128
7207
7101
7003
6999
6902
6715
6741
6851
6710
6694
6637
6792
6868
6789
6722
6674
6598
6609
6613
6619
6562
6408
6374
6315
6365
6556
6501
6587
6382
6388
6412
6476
6520
6605
6522
6536
6387
6269
6217
5972
6039
5951
5921
5765
5713
5616
5742
5742
5784
5795
5819
5814
5952
5874
5940
5991
5906
5969
5962
5912
5959
5883
5950
6059
5876
5838
5855
5716
5841
5726
5849
5893
5946
5969
5871
5865
5880
5799
5730
5823
6090
6134
6126
6024
6118
5935
5833
5778
5907
5902
6127
6283
6134
6184
6147
6056
5911
5876
5867
6038
5961
5735
5766
5791
5759
5675
5479
5588
5600
5547
5474
5701
5827
5830
5902
5860
5704
5648
5556
5577
5573
5598
5636
5608
5754
5639
5489
5612
5552
5603
5727
5659
5678
5666
5559
5280
5150
5133
5066
5191
5128
5188
5034
5083
5045
5167
5175
5183
5270
5137
5160
4987
4977
4985
5023
5071
5091
5024
5063
5094
5062
5102
5097
5253
5257
5432
5520
5777
5697
5803
5789
5813
5969
6049
6038
6205
6065
5949
5562
5710
5502
5581
5442
5363
5304
5397
5425
5486
5439
5416
5487
5639
5861
5926
5959
5846
5944
6155
6254
6144
5968
6031
5990
5873
5744
5670
5552
5648
5664
5645
5753
5684
5650
5759
5914
6085
5953
5929
5948
5774
5872
5767
5893
5947
5894
5734
5534
5492
5494
5559
5487
5607
5504
5293
5452
5365
5408
5468
5490
5514
5437
5533
5507
5369
5514
5368
5296
5368
5346
5307
5227
5138
4987
5020
5135
5153
5041
5092
5043
4979
5037
5060
5100
5183
5156
5338
5188
5224
5047
5148
5125
5168
5220
5059
5060
5050
5032
4930
4985
4818
4849
4766
4941
4836
4554
4600
4598
4544
4803
4883
4874
4910
5049
5067
5012
5066
5169
5130
5259
5197
5179
5112
5160
5052
5021
4985
5141
5132
5242
5316
5264
5405
5414
5311
5203
5208
5153
5252
5060
5177
5182
5270
5123
5082
5079
5072
5137
5262
5136
5153
5163
5147
5300
5149
5036
4981
4929
4899
4821
4762
4910
5121
5228
5175
5027
5043
5051
4911
4870
4767
4740
4834
4957
4877
4945
4785
4882
4761
4879
4898
4811
4793
4883
4954
5063
4888
4862
4864
4798
4725
4680
4621
4816
4797
4673
4704
4825
4824
4582
4701
4812
4819
4826
5034
5132
5113
5075
5133
5086
5135
5127
5158
5153
5174
5087
5126
5037
5002
5028
5154
5055
5161
5252
5003
5016
5215
5283
5188
5158
4954
4942
4865
4887
4889
4937
4829
4928
5007
5085
5014
5094
5048
5113
5279
5264
5090
4997
5046
5081
5250
5221
5208
5139
5022
5048
5040
4941
4938
4914
4886
4843
4814
4822
4794
4884
4878
4914
4851
4768
4992
4957
4977
5183
5218
4987
5094
5085
5071
5066
5146
5177
5281
5184
5084
5078
5050
5114
5047
5156
4991
5050
5048
4926
4999
5070
5105
5108
5155
5135
5286
5438
5481
5580
5480
5594
5556
5525
5446
5423
5606
5480
5405
5314
5461
5367
5359
5343
5400
5342
5372
5337
5410
5512
5588
5691
5728
5807
5990
5995
6029
6019
5968
5924
5826
5988
6117
6109
6102
6197
6051
6243
6232
5991
5911
5940
5910
6009
5994
6174
6001
6164
6242
6159
6009
6059
6179
6192
5977
6022
6192
6361
6534
6559
6704
6611
6535
6427
6501
6636
6599
6572
6637
6897
7002
7009
7072
7054
7091
6924
6812
6779
6970
6960
6845
6621
6479
6582
6797
6807
6812
6917
6935
6911
6913
7009
6976
6971
6870
6694
6744
6633
6554
6799
6642
6582
6673
6601
6703
6589
6769
6644
6646
6640
6930
7044
7146
7138
6991
7021
6877
6806
6933
6842
6804
6938
6883
6955
6975
6921
6994
6834
6984
6738
6891
7024
6813
6798
6928
7011
7029
7003
6895
7086
7282
7063
6953
7041
6916
6942
7007
6884
6928
6935
6876
6804
6772
6672
6709
6954
7057
7014
6976
6819
6970
6882
6952
6746
6678
6732
6838
6788
6832
7023
6810
6738
6820
6898
6893
6681
6713
6662
6706
6815
6874
6935
6825
6684
6581
6623
6704
6727
6577
6247
6129
6260
6239
6147
6162
6390
6373
6361
6335
6401
6218
6403
6580
6544
6500
6525
6435
6387
6405
6371
6295
6299
6297
6390
6429
6140
6276
6145
6204
6251
6278
6166
6195
6029
6104
6070
6143
6027
6099
6200
6340
6299
6324
6295
6224
6168
6246
6134
6114
6125
6201
6071
6216
6120
6090
6117
6305
6373
6336
6456
6544
6443
6495
6436
6361
6323
6311
6348
6447
6237
6093
6095
6129
6134
6209
6198
6212
6286
6369
6353
6433
6322
6269
6287
6220
6219
6215
6244
6254
6291
5987
5978
5922
5834
5869
5867
5998
6119
6214
6231
6283
6400
6158
6159
6057
6106
6069
5987
5934
5960
6004
5941
5869
5706
5761
5810
5647
5639
5802
5954
5728
5867
6038
5973
5896
5855
5817
5732
5822
5928
5827
5778
5635
5749
5730
5643
5562
5494
5461
5616
5765
5731
5660
5674
5577
5543
5401
5381
5443
5732
5818
5926
5588
5667
5548
5726
5685
5597
5538
5569
5510
5511
5453
5508
5578
5653
5825
5883
5837
5641
5439
5510
5383
5392
5261
5346
5366
5348
5318
5320
5366
5309
5208
5400
5414
5526
5488
5453
5364
5378
5400
5318
5349
5260
5135
5066
5050
5076
5053
4951
4879
4825
4825
4866
4999
5083
5022
5155
5175
5062
4860
4627
4671
4493
4450
4436
4566
4520
4440
4479
4467
4429
4192
4290
4212
4185
4180
4194
4012
3983
4065
3977
3984
3913
3968
3953
4044
4018
4075
4039
4058
4017
3882
4048
3947
3850
3840
3957
3769
3914
3819
3843
3779
3762
3807
3730
3733
3692
3534
3499
3460
3410
3235
3269
3225
3244
3311
3324
3429
3287
3285
3411
3442
3460
3558
3513
3475
3522
3591
3563
3490
3463
3537
3470
3469
3485
3533
3448
3557
3592
3727
3855
3817
3865
3811
3724
3762
3748
3764
3733
3604
3697
3771
3907
3920
3988
3967
3977
4077
4180
4256
4358
4518
4587
4723
4758
4852
4745
4704
4805
4807
4890
4880
4927
4927
4897
4875
4759
4627
4640
4561
4508
4535
4584
4534
4476
4393
4208
4313
4201
4217
4321
4354
4184
4113
4153
4236
4216
4141
4170
4126
4080
4148
4238
4262
4288
4421
4381
4362
4284
4167
4175
4261
4114
4095
4229
4270
4298
4264
4380
4287
4241
4455
4337
4260
4264
4309
4425
4364
4241
4120
4175
4308
4469
4646
4655
4622
4558
4489
4497
4584
4430
4441
4349
4459
4398
4508
4574
4565
4543
4718
4649
4743
4669
4588
4628
4470
4567
4497
4588
4593
4630
4627
4557
4585
4561
4440
4518
4560
4638
4611
4633
4562
4508
4483
4677
4728
4866
4675
4767
4844
4847
4936
4974
4961
5024
4970
5088
5116
5018
4944
4850
4587
4707
4752
4740
4741
4769
4664
4736
4597
4622
4881
4856
4952
5116
5171
5301
5368
5398
5356
5345
5304
5300
5190
4979
4739
4746
4736
4433
4397
4454
4462
4455
4412
4528
4488
4397
4460
4398
4389
4350
4221
4357
4352
4377
4584
4451
4506
4476
4483
4652
4794
4944
5038
5002
5032
5027
5009
4919
5013
4997
5170
5074
5166
5231
5273
5235
5018
5150
5154
5108
5308
5206
5220
5084
5259
5421
5257
5200
5242
5267
5239
5213
5456
5555
5718
5667
5659
5639
5718
5659
5668
5707
5701
5787
5589
5496
5611
5725
5612
5684
5950
5906
5875
5994
5853
5882
5775
5764
5733
5587
5514
5457
5378
5423
5361
5427
5345
5274
5187
5181
5086
5072
5114
5179
5080
5020
4887
4939
4983
4979
4918
4838
4693
4644
4630
4590
4509
4420
4194
4254
4292
4259
4194
4182
4167
4236
4269
4246
4251
4338
4354
4417
4350
4317
4269
4282
4318
4396
4418
4367
4276
4160
4087
4109
4138
4216
4165
4292
4300
4317
4375
4498
4630
4599
4576
4494
4407
4340
4374
4401
4418
4411
4458
4477
4477
4456
4530
4664
4765
4906
4840
4850
4810
4760
4894
5027
5107
5077
5094
5041
4760
5144
5152
5199
5119
5189
5185
5085
5102
5188
5145
5350
5424
5395
5436
5461
5543
5523
5562
5819
5869
5819
6013
5976
5868
5932
5986
6025
6038
6154
5954
5780
5689
5620
5770
5766
5617
5650
5802
5871
5833
5724
5664
5459
5520
5409
5408
5379
5221
5129
5129
5207
5372
5304
5291
5231
5223
5149
5146
5236
5221
5387
5462
5431
5432
5509
5572
5454
5518
5516
5511
5533
5586
5697
5738
5706
5737
5819
5679
5814
5906
6044
6187
6036
6069
6119
6102
6117
5953
6094
6151
6188
6218
6220
6151
6248
6363
6417
6438
6594
6689
6892
6841
6883
6765
6737
6657
6582
6710
6673
6708
6717
6795
6822
7045
7098
7232
7356
7252
7113
7073
7057
7150
6937
6707
6664
6633
6706
6715
6674
6678
6556
6367
6331
6395
6470
6549
6492
6420
6440
6522
6415
6607
6698
6829
6681
6664
6665
6680
6680
6859
6882
6871
6960
6853
6921
6937
6888
6924
6898
6878
6999
7085
6924
6960
7042
7029
7188
7242
7172
7245
7330
7263
7213
7234
7263
7295
7550
7613
7562
7497
7393
7312
7260
7200
7019
7034
6840
6846
6805
6678
6653
6644
6776
6902
7025
6934
6847
6785
6634
6461
6267
6252
6204
6136
6253
6147
6258
6085
6034
6067
6064
6063
5978
5896
5922
5945
5955
5753
5605
5640
5618
5682
5740
5721
5750
5807
5834
5910
5984
5839
5986
5946
5961
5818
5847
5835
5840
5798
5934
5980
6046
5947
5857
5730
5660
5698
5728
5561
5705
5630
5543
5452
5428
5482
5472
5327
5451
5390
5607
5739
5840
5824
5895
5899
5863
5818
5767
5797
5605
5578
5625
5707
5603
5505
5493
5335
5292
5419
5438
5559
5647
5485
5639
5546
5720
5674
5661
5728
5924
6006
6139
6093
6157
5938
5793
5807
5792
5765
5628
5504
5482
5569
5454
5611
5717
5949
5951
5786
5946
6091
5940
5898
5853
5851
5850
5893
5860
6029
5880
5821
5689
5594
5546
5419
5444
5332
5615
5408
5398
5452
5494
5591
5714
5654
5646
5754
5870
5687
5735
5703
5493
5752
5834
5841
5760
5736
5756
5669
5665
5819
5738
5650
5756
5723
5860
5809
6003
6225
6277
6408
6516
6498
6241
6208
6320
6443
6570
6554
6545
6641
6609
6718
6767
6708
6603
6675
6631
6534
6614
6669
6667
6686
6739
6864
6845
6823
6896
6801
6715
6817
6907
6954
6970
6979
6844
6883
6883
6758
6583
6795
6837
6731
6815
6665
6671
6715
6724
6776
6967
6957
6921
6922
6998
6965
7118
7071
7167
6934
6703
6769
6899
6990
7039
7173
7216
7308
7206
7084
6899
6697
6768
6893
6794
6808
6888
6793
6671
6581
6525
6389
6555
6612
6682
6698
6799
6788
6716
6644
6674
6689
6748
6892
6789
6722
6688
6835
6891
6807
6758
6688
6787
6704
6604
6658
6511
6554
6521
6527
6360
6381
6531
6384
6370
6500
6526
6506
6466
6332
6189
6260
6329
6297
6326
6312
6268
6282
6248
6377
6422
6437
6386
6443
6377
6389
6419
6574
6511
6285
6368
6255
6288
6233
6390
6237
6121
6158
6185
6209
6288
6460
6419
6527
6390
6314
6085
6170
6275
6353
6200
6176
6116
6047
5822
5868
5783
5851
5849
5643
5561
5685
5788
5994
6110
6017
6068
5995
5906
5745
5966
5903
5836
5869
6163
6112
6267
6436
6473
6519
6418
6396
6520
6508
6539
6506
6514
6316
6173
5908
5749
5686
5707
5589
5654
5752
5854
5806
5722
5749
5624
5758
5759
5772
5542
5425
5336
5118
5107
5218
5254
5069
5021
4894
4978
4941
4841
4774
4942
5171
5104
4970
4963
4898
4879
4994
5052
5014
5110
5116
5080
4981
5123
5015
4997
4847
4886
4774
4780
4715
4613
4716
4695
4670
4837
4902
4819
4636
4642
4680
4682
5000
4934
4982
5086
4916
4991
4883
4876
4862
4766
4869
4813
4649
4594
4607
4579
4562
4764
4728
4583
4527
4520
4364
4370
4409
4388
4577
4601
4613
4875
4932
4791
4855
4833
4699
4622
4646
4777
4861
4680
4864
4843
4911
4944
4764
4683
4752
4635
4755
4749
4886
4853
4849
4852
4770
4743
4900
4877
4889
4804
4776
4776
4751
4851
4707
4679
4586
4507
4684
4623
4647
4482
4576
4554
4672
4697
4767
4829
4992
5126
5232
5178
5265
5223
5280
5128
5315
5347
5512
5447
5368
5485
5629
5569
5433
5412
5230
5254
5119
5106
4955
4961
4859
4822
4760
4838
4897
4912
4789
4996
5005
4777
4778
5025
5118
5056
5060
5120
5046
5010
5007
4837
4692
4680
4746
4801
4773
4809
4648
4573
4577
4540
4763
4662
4613
4526
4611
4602
4585
