1005000
268007
173108
128730
102357
85587
73278
64030
56546
50199
45278
41427
37870
34744
31729
29285
27345
25561
24101
22596
21863
20862
19943
19010
18149
17455
16886
16141
15223
14824
14478
14081
13664
13023
12495
12091
11522
11063
10933
10663
10238
9839
9621
9825
9623
9377
9413
9282
9192
9176
9086
8893
8529
8430
8433
8368
8471
8375
8320
8267
8113
7958
7703
7651
7574
7594
7546
7273
7260
7332
7282
7256
7198
6969
6865
6677
6713
6720
6801
6525
6466
6275
6216
5958
5807
5719
5585
5684
5693
5560
5448
5330
5387
5420
5319
5302
5177
5197
5020
4869
4786
4721
4830
4566
4571
4433
4402
4475
4633
4513
4603
4776
4644
4700
4619
4662
4534
4499
4285
4337
4279
4271
4154
4290
4317
4153
4202
4261
4189
4187
4043
3979
3910
3892
3738
3592
3540
3495
3382
3181
3139
3262
3388
3343
3436
3285
3227
3159
3172
3129
3111
3004
3037
3022
3049
3118
3011
3077
3007
3002
2976
2831
2779
2863
2731
2769
2693
2632
2533
2608
2545
2522
2577
2668
2716
2787
2711
2829
2719
2728
2740
2681
2659
2752
2752
2692
2688
2668
2610
2591
2593
2529
2531
2645
2607
2632
2606
2569
2405
2415
2394
2452
2358
2205
2183
2188
2152
2151
2052
2081
2085
2067
2134
2119
2194
2176
2207
2180
2062
2059
1962
2037
2036
2094
2122
2133
2059
2078
2038
2085
2028
2097
2028
2007
2080
2076
2112
2145
2109
2058
2103
2110
2079
2029
2101
2152
2099
2076
2047
1945
1990
2052
2100
2076
2098
2072
2133
2036
2029
1968
2080
2081
1969
1853
1746
1767
1767
1746
1750
1813
1719
1608
1575
1563
1555
1584
1639
1692
1762
1900
1888
1830
1749
1773
1735
1701
1790
1802
1773
1741
1683
1704
1687
1692
1827
1836
1746
1824
1822
1879
1879
1841
1809
1807
1761
1770
1707
1698
1686
1723
1769
1723
1782
1791
1686
1683
1680
1665
1642
1726
1689
1622
1678
1647
1757
1713
1664
1656
1675
1734
1782
1777
1868
1830
1902
1881
1852
1905
1883
1884
1950
1998
2059
2098
2125
2224
2232
2266
2206
2124
2129
2108
2030
1995
2020
2080
2151
2209
2070
2160
2221
2298
2403
2443
2352
2254
2139
2213
2203
2211
2325
2394
2362
2254
2300
2353
2262
2238
2319
2382
2419
2310
2324
2386
2303
2332
2317
2386
2317
2169
2083
2161
2127
2250
2218
2173
2209
2104
2049
2034
1921
1890
1787
1795
1821
1803
1905
1915
1854
1770
1743
1699
1743
1701
1701
1852
1809
1746
1749
1710
1704
1683
1644
1516
1533
1521
1527
1585
1638
1632
1665
1695
1620
1701
1771
1662
1764
1869
1842
1914
1890
1965
1938
1891
1872
1754
1767
1800
1761
1728
1708
1653
1803
1783
1911
1856
1977
1893
1962
1995
1876
1893
1864
1926
2004
2031
1989
1978
2022
2052
2157
2145
2208
2212
2259
2217
2387
2322
2422
2325
2324
2227
2235
2226
2309
2236
2320
2382
2409
2356
2277
2241
2161
2170
2291
2271
2353
2311
2264
2289
2298
2220
2268
2281
2220
2274
2199
2250
2163
2137
2077
2224
2267
2269
2322
2305
2294
2340
2349
2410
2469
2411
2293
2283
2437
2445
2495
2499
2496
2511
2647
2627
2590
2511
2514
2457
2478
2487
2464
2472
2604
2633
2687
2635
2574
2611
2658
2451
2430
2332
2283
2304
2294
2294
2278
2341
2510
2351
2355
2470
2404
2352
2369
2479
2524
2559
2590
2622
2579
2580
2726
2726
2682
2689
2709
2703
2703
2727
2664
2710
2720
2662
2632
2677
2758
2747
2802
2869
2871
2885
2943
2976
3022
3222
3174
3254
3129
3147
3044
3030
2970
2987
2992
3039
3095
2970
3049
3047
2932
2900
2906
2935
2842
2826
2889
2967
2910
2830
2812
2820
2958
2881
2907
2802
2695
2698
2771
2774
2903
2850
2791
2859
2843
2902
2889
2900
2970
3003
3032
3057
3197
3036
2956
2928
2981
3005
2885
2951
3026
2999
2993
2866
2838
2911
3038
2971
2990
3042
3138
3133
3113
3062
3064
3107
3006
2987
2804
2809
2692
2665
2650
2554
2726
2757
2750
2777
2781
2908
2963
2935
3020
2977
2964
2929
2863
2834
2851
2778
2849
2970
3045
3054
3012
3008
2994
3050
3094
3074
3055
2988
2950
2965
3013
3093
3156
3152
3269
3393
3352
3402
3440
3452
3562
3672
3727
3818
3796
3768
3837
3854
3873
4011
3985
4149
4142
4177
4215
4295
4301
4417
4606
4787
4783
4832
4747
4926
4796
4633
4670
4722
4653
4595
4492
4349
4219
4331
4217
4255
4088
4261
4302
4448
4464
4562
4457
4436
4428
4378
4363
4319
4251
4273
4401
4205
4395
4521
4580
4587
4548
4598
4717
4707
4619
4674
4745
4812
4864
4816
4668
4648
4554
4511
4734
4762
4599
4668
4899
4890
5029
4947
5000
4967
5114
5170
5170
5330
5268
5195
5281
5318
5350
5329
5432
5355
5154
5225
5216
5163
5158
5276
5443
5357
5294
5265
5173
5305
5127
5101
5029
4897
4828
4854
4988
5082
5036
5070
4953
4880
4797
4885
4910
4964
4987
4874
4972
5034
4878
5015
5224
5223
5268
5374
5342
5208
5180
5115
5000
4960
5181
5033
4875
4985
4964
5089
5054
4990
4995
5145
4996
5041
4746
4471
4515
4512
4495
4415
4548
4540
4507
4453
4494
4539
4553
4595
4435
4429
4547
4399
4408
4334
4399
4306
4385
4430
4490
4490
4527
4484
4482
4539
4595
4718
4622
4687
4677
4604
4547
4512
4559
4382
4384
4348
4397
4285
4337
4181
4174
4262
4208
4350
4495
4345
4338
4508
4570
4572
4501
4409
4550
4525
4561
4728
4710
4631
4628
4770
4682
4761
4854
4831
4709
4837
4845
4713
4884
4937
4915
5031
4997
4995
5090
5220
5068
5039
5027
5157
5347
5353
5181
5136
5020
4891
4951
4803
4894
4855
5056
5121
5079
5065
4990
4965
5203
4917
4765
4789
4915
4875
4940
4983
4941
4902
4794
4936
4973
5051
5046
5195
5200
5395
5538
5549
5408
5425
5493
5488
5563
5423
5327
5140
5053
5191
5304
5322
5336
5462
5665
5609
5787
5651
5587
5646
5611
5547
5689
5836
5916
5833
5857
5689
5713
5624
5719
5806
5754
5716
5634
5687
5667
5733
5660
5629
5783
5759
5728
5607
5564
5539
5478
5489
5655
5731
5623
5668
5860
5642
5487
5254
5335
5471
5451
5383
5487
5611
5656
5745
5618
5775
5689
5649
5462
5597
5555
5461
5508
5481
5728
5537
5694
5636
5584
5835
5688
5627
5641
5768
5563
5587
5679
5597
5671
5442
5470
5607
5556
5464
5562
5511
5400
5409
5362
5418
5365
5463
5522
5699
5643
5492
5396
5547
5399
5319
5283
5232
5106
5127
4998
4941
4791
4642
4653
4730
4680
4609
4803
4905
4973
5094
5027
5060
5075
5132
5201
5085
5034
5094
5064
5157
5185
5260
5308
5289
5449
5449
5633
5531
5490
5310
5217
5129
5163
5116
5080
5087
5103
5163
5105
5214
5228
5257
5237
5202
5200
5190
5329
5291
5302
5176
5078
5102
5098
5101
5144
5085
5214
5049
5150
5223
5290
5114
5202
5044
5070
5163
5060
5087
5033
5039
4996
5102
5186
5046
5128
4939
4768
4566
4525
4648
4511
4700
4879
4806
4952
5074
5102
5144
5158
5279
5038
4948
5049
5147
5011
5135
5223
5389
5420
5417
5598
5627
5666
5837
5934
5888
5870
5970
5914
5785
5773
5852
5956
5777
5747
5884
5720
5702
5715
5953
5745
5802
5652
5801
5715
5661
5549
5666
5778
5915
5984
5703
5760
5960
6007
6073
6114
6060
6152
6035
5941
6021
5901
5701
5729
5805
5895
5825
5878
5982
6038
6086
6043
6013
5984
5968
5796
5871
6082
5998
6018
6278
6277
6384
6551
6307
6306
6170
6219
6103
5890
5998
5850
5931
5851
6088
5940
5841
5746
5803
5864
6043
5966
5881
5871
5772
5754
5816
5698
5692
5670
5764
5722
5725
5762
5721
5570
5693
5608
5706
5606
5562
5792
5659
5690
5660
5591
5600
5588
5245
5323
5507
5528
5398
5201
5231
5103
5109
5139
5142
5129
5097
5089
4981
5124
5183
5147
5205
5149
5079
5028
4988
4963
5064
5103
5144
5163
5175
5188
5072
5157
5244
5207
5102
5125
5162
5117
5020
4965
4992
4945
4998
5090
5108
5045
4970
4942
4853
4829
4782
4993
4963
5082
5120
5020
4923
4882
4907
4886
4920
5018
4875
4944
4929
4795
4860
4909
4752
4728
4803
4656
4692
4877
4823
4731
4691
4801
5028
5036
5034
4915
5006
4897
4958
4849
4871
4934
5129
5204
5100
5077
5103
5133
5163
5311
5364
5544
5755
5705
5735
5822
5825
5919
5751
5603
5615
5555
5465
5445
5594
5587
5731
5801
5875
5685
5630
5762
5786
5911
6048
6077
6073
5870
5891
5989
6028
6030
5991
6026
6030
6142
6202
6194
6113
6021
5953
6112
6194
6228
6087
6074
6107
6156
6010
6153
6023
5938
6103
6134
6049
6246
6290
6323
6312
6304
6377
6338
6437
6524
6516
6412
6537
6561
6621
6553
6665
6643
6417
6283
6100
6004
6142
6176
6203
5989
6076
6035
6064
6118
6314
6357
6206
6226
6005
6334
6229
6087
6058
6056
5970
5774
5766
5655
5738
5819
6039
6071
6090
6074
6254
6320
6161
6157
6016
6036
6073
5903
5798
5660
5833
5921
5919
6112
6122
5946
5892
5765
5654
5658
5553
5487
5420
5441
5255
5225
5347
5243
5331
5365
5467
5503
5548
5612
5694
5854
5784
5569
5568
5607
5496
5318
5539
5589
5702
5761
5711
5805
5764
5601
5625
5570
5728
5707
5767
5706
5603
5524
5522
5558
5541
5501
5600
5686
5497
5222
5155
5103
5072
4923
4752
4822
4758
4778
4810
4833
4788
4811
4723
4796
4965
5057
5018
4964
5002
5075
5188
5101
5092
5226
5230
5328
5403
5446
5447
5491
5623
5674
5574
5590
5511
5488
5450
5436
5469
5543
5819
5994
6009
5927
5792
5820
5946
5998
6089
6074
5922
5887
5961
5972
5877
5898
5927
5727
5865
5695
5621
5846
5738
5764
5862
5745
5770
5833
5872
5875
5909
5949
6150
6161
6011
6118
6300
6217
5972
5987
6110
6103
6222
6362
6443
6250
6151
6033
5944
5925
5923
5846
5866
5893
5758
5774
5769
5749
5847
6006
5836
5805
5896
5788
5934
5756
5771
5754
5646
5716
5717
5841
5675
5662
5724
5559
5580
5634
5664
5788
5771
5671
5842
5922
5828
6148
6005
5885
5783
5563
5661
5629
5570
5407
5542
5553
5487
5458
5574
5525
5510
5481
5530
5356
5454
5552
5590
5412
5216
5322
5382
5151
5333
5269
5320
5293
5267
5475
5630
5596
5529
5686
5755
5705
5747
5686
5634
5647
5679
5703
5646
5592
5649
5791
5705
5614
5798
5783
5845
5901
5949
5858
6052
6118
6134
5849
5825
5852
5664
5694
5659
5587
5559
5645
5599
5646
5871
5811
5640
5620
5724
5862
5824
5783
5739
5644
5647
5456
5440
5482
5286
5151
5177
5300
5215
5244
5232
5317
5415
5345
5339
5297
5341
5346
5166
5306
5435
5557
5433
5430
5355
5224
5416
5463
5423
5456
5328
5354
5422
5441
5592
5472
5596
5625
5774
5798
5857
6040
6027
5986
5858
5920
5872
5795
5940
5907
5972
5881
5934
6114
6107
6236
6431
6368
6297
6346
6298
6303
6200
6087
6117
6039
5971
5860
5662
5891
5760
5767
5764
5877
6012
6009
6089
6024
6171
6117
6183
6049
6000
5933
5896
5774
5654
5802
5879
5781
5723
5777
5773
5879
5753
5769
5831
5765
5807
5690
5573
5533
5502
5576
5665
5677
5638
5542
5568
5562
5468
5452
5374
5191
5105
4936
4897
5047
5161
5239
5187
5170
5158
5031
5141
5193
5270
5219
5243
5204
5223
5163
5380
5357
5385
5457
5449
5529
5451
5581
5484
5495
5393
5283
5206
5083
5211
5367
5336
5430
5401
5407
5234
5274
5333
5268
5373
5400
5292
5233
5207
5074
5057
5003
5097
5108
5088
5013
4952
5140
5035
4763
4613
4487
4536
4775
4762
4649
4576
4652
4635
4459
4398
4392
4572
4542
4466
4345
4368
4303
4224
4264
4202
4195
4312
4179
4339
4517
4537
4609
4626
4739
4863
4851
4749
4714
4776
4825
4868
4810
4851
4774
4761
4777
4852
4962
4732
4702
4523
4471
4674
4763
4650
4777
4923
4965
5060
5104
5194
5211
5217
5195
5068
5132
5178
5090
5131
5145
5133
5280
5361
5525
5423
5581
5848
5936
6023
6226
6254
6236
6210
6314
6262
6211
6224
6232
6212
6156
6182
6206
6206
6222
6218
6104
6082
6192
6281
6365
6351
6390
6348
6275
6338
6378
6501
6463
6514
6473
6505
6810
6735
6985
7117
6984
6984
7094
6975
6924
7202
7057
6950
6939
6898
6915
6945
6896
6754
6638
6605
6732
6581
6371
6572
6680
6761
6675
6809
6859
6815
6820
6581
6522
6595
6627
6766
6652
6841
6832
6786
6874
6827
6869
7091
6998
7027
7077
6902
6725
6378
6350
6366
6447
6428
6386
6268
6305
6381
6456
6626
6733
6623
6606
6517
6625
6722
6668
6781
6743
6650
6723
6719
6635
6571
6751
6712
6540
6597
6744
6533
6608
6518
6594
6665
6616
6636
6573
6638
6522
6219
6241
6507
6754
6772
6780
6821
6993
7176
7103
6981
6850
6729
6865
6884
6880
6819
6678
6703
6849
6773
6867
6874
6922
7058
7088
7237
7146
7099
7231
7240
7116
7209
7147
7087
6792
6759
6966
6930
6749
6768
6828
6704
6707
6765
6666
6649
6948
6721
6809
6818
6859
6939
6747
6631
6707
6699
6640
6732
6666
6560
6508
6468
6534
6451
6291
6428
6436
6719
6544
6613
6594
6346
6530
6483
6511
6399
6495
6383
6407
6335
6273
6282
6104
6180
6138
6231
6143
6148
5970
6012
5939
5812
5789
5726
5818
5751
5721
5828
6028
5974
5997
5959
6028
6064
6162
6136
6163
6215
6120
6189
6249
6345
6251
6239
6216
6110
6127
6155
6161
6217
6235
6211
6412
6498
6407
6455
6378
6438
6401
6200
6350
6414
6581
6377
6309
6476
6362
6449
6595
6617
6658
6541
6328
6159
6046
6039
5917
5980
5865
5696
5774
6047
6085
6010
6074
6047
6020
5840
5938
5993
6053
5943
5806
5840
5938
5910
5948
5984
5900
5657
5795
5866
5840
5805
5695
5613
5428
5392
5352
5446
5370
5477
5604
5623
5526
5419
5338
5235
5382
5337
5488
5349
5401
5634
5721
5674
5740
5801
5786
5728
5636
5494
5316
5213
5225
5307
5346
5350
5232
5203
5286
5309
5264
5210
5089
5228
5431
5382
5363
5474
5428
5268
5357
5339
5460
5373
5485
5398
5388
5561
5617
5601
5487
5364
5357
5343
5357
5516
5538
5445
5443
5391
5349
5597
5650
5723
5729
5735
5646
5626
5564
5456
5517
5558
5486
5537
5553
5527
5520
5445
5736
5826
5797
5760
5717
5811
5760
5768
5815
5973
5887
5770
5895
5924
5858
5877
5851
5857
5828
5887
5802
5775
5827
5715
5702
5841
5859
5923
6084
6010
6065
6089
5943
5806
5511
5723
5676
5649
5626
5627
5597
5668
5679
5715
5743
5739
5698
5792
5803
5808
5797
5850
5741
5886
5955
6002
6099
5906
5907
5896
5915
5887
5996
5886
5889
5856
5924
5899
6122
6108
6102
6181
6026
6089
5980
6137
6111
6100
6093
6081
6155
6143
6152
6051
6006
5959
5694
5770
5623
5679
5722
5674
5682
5472
5480
5617
5582
5768
5649
5630
5773
5880
5861
5823
5894
5908
5982
6082
6027
6013
5966
6062
5867
5967
5888
5852
5853
5931
5924
5923
5871
5772
5816
5893
5865
5828
5813
5931
5856
5854
5986
5933
5977
6086
6229
6133
6261
6321
6245
6341
6449
6479
6663
6586
6690
6634
6731
6732
6842
6660
6631
6497
6610
6611
6779
6803
6762
6495
6527
6614
6693
6613
6646
6597
6484
6355
6505
6567
6647
6561
6461
6491
6478
6596
6434
6306
6476
6545
6533
6588
6385
6363
6515
6486
6387
6426
6509
6509
6652
6944
6920
6779
6889
7017
7089
6949
6950
7105
7123
7066
7229
7516
7561
7189
7271
7335
7461
7439
7364
7198
7252
7161
7234
7061
6984
7031
7036
6960
7134
7210
7148
7059
7141
7035
7134
7002
6707
6857
6844
7044
7005
7011
7187
7152
7216
7309
7095
7198
7135
7190
7065
6835
6791
6846
6810
6911
7113
7246
7214
7091
7210
7109
7077
7183
7119
7136
7132
7265
7109
7489
7619
7860
7764
7838
7806
7951
7803
7642
7683
7748
7747
7579
7487
7412
7357
7410
7427
7463
7468
7535
7507
7358
7324
7234
7238
7350
7379
7384
7371
7382
7144
7249
7364
7482
7732
7728
7858
7887
7896
7902
8126
8383
8531
8258
8283
8443
8430
8282
8113
8254
8248
8139
8150
8034
8045
8066
7950
7990
8077
8005
8087
8044
7966
8039
7959
7975
8050
7921
7904
7667
7548
7484
7563
7422
7574
7547
7722
7790
7912
7709
7941
7806
7908
7891
8011
7811
7958
8255
8169
8173
8316
8418
8529
8399
8326
8484
8467
8474
8369
8390
8395
8350
8425
8307
8458
8451
8275
8247
8283
8259
8260
8237
8266
8087
8072
7952
7833
7798
8081
7975
8042
7878
7862
7774
7627
7490
7462
7527
7474
7500
7448
7400
7395
7545
7387
7545
7458
7610
7518
7302
7446
7547
7648
7708
7686
7604
7772
7953
8002
7977
8074
8243
8189
7960
7886
7799
7794
7638
7507
7395
7331
7030
7157
7258
7227
7349
7231
7384
7408
7540
7559
7360
7422
7392
7444
7493
7580
7691
7473
7340
7383
7429
7476
7384
7441
7528
7622
7523
7331
7168
7185
7126
6955
6853
7094
7019
6981
6768
6810
6749
6731
6695
6630
6505
6371
6247
6433
6428
6493
6297
6172
6283
6305
6358
6413
6414
6412
6448
6620
6528
6527
6479
6636
6720
6647
6701
6883
6920
7113
6887
6844
6799
6826
6846
6812
6657
6668
6612
6544
6576
6574
6353
6339
6457
6485
6635
6689
6782
6764
6718
6639
6600
6663
6824
6819
6849
7108
7104
7263
7325
7571
7548
7485
7640
7571
7440
7500
7602
7606
7443
7341
7408
7332
7230
7359
7249
7168
7202
7472
7350
7444
7375
7192
7398
7489
7483
7272
7231
7176
7094
6977
6947
6902
6922
6929
6942
6817
6688
6821
6817
6916
6949
6916
6923
6852
6465
6318
6169
6091
6085
6115
6093
5898
5825
5857
5664
5700
5638
5726
5664
5891
5846
5859
5958
5809
5889
5769
5751
5757
5865
5713
5872
5865
5574
5492
5370
5230
5336
5233
5140
5306
5225
4981
5015
5160
5149
5202
5348
5379
5337
5322
5444
5507
5340
5473
5347
5381
5414
5399
5382
5506
5580
5530
5809
5846
6036
5910
5783
5752
5840
5768
5798
5743
5806
5914
6025
5870
5775
5627
5752
5870
5836
5577
5519
5449
5359
5395
5319
5231
5148
5185
5122
5224
5374
5301
5414
5567
5486
5513
5539
5403
5396
5576
5610
5563
5613
5761
5722
5861
5968
5955
5969
5917
5811
5776
5709
5925
5931
5850
5962
5968
5852
5677
5686
5745
5654
5725
5621
5612
5478
5790
5964
6015
5957
5968
5708
5743
5721
5920
6096
6212
6236
6199
6201
6204
6289
6205
6067
6279
6275
6386
6440
6499
6405
6357
6126
6107
5927
5867
5667
5773
5681
5391
5444
5540
5448
5406
5414
5427
5445
5464
5398
5522
5561
5545
5727
5621
5455
5630
5465
5473
5448
5436
5519
5513
5493
5492
5446
5374
5224
5280
5248
5215
5049
5000
4992
4961
5000
4886
4828
4709
4640
4483
4615
4545
4583
4469
4468
4525
4441
4647
4872
4821
4731
4824
4856
4800
5005
4862
4801
4785
4794
4785
4821
4793
4725
4820
4954
4960
4891
4770
4866
4820
4768
4624
4825
4590
4556
4524
4639
4549
4827
4893
4993
4889
4900
5006
4826
4699
4619
4680
4637
4517
4474
4511
4620
4731
4716
4548
4599
4632
4597
4537
4428
4268
4204
4231
4177
4257
4164
4202
4254
4104
4113
4125
4140
4100
4147
4121
4132
4213
4212
4311
4208
4329
4510
4568
4579
4526
4610
4654
4707
4644
4675
4597
4537
4608
4715
4663
4732
4569
4689
4810
4784
4844
4847
4838
4882
4914
4928
5091
5067
5059
4968
4894
5036
4931
4894
5031
5088
5090
5214
5236
5147
5392
5505
5486
5549
5546
5589
5610
5668
5476
5380
5423
5465
5416
5400
5709
5714
5734
5774
5870
6000
5897
5813
5782
5930
6085
6059
6112
6265
6205
6182
6079
5905
5873
5630
5575
5710
5544
5740
5835
5987
6039
6126
6176
6214
6109
6042
6079
6031
6185
6215
6354
6267
6249
6172
6317
6387
6351
6519
6401
6124
6071
5944
5867
5877
5992
6075
6044
6151
6191
6174
6257
6357
6500
6547
6581
6566
6540
6728
6796
7044
7121
7043
7171
6964
6854
6990
6949
6971
6899
7034
6966
7053
6954
6978
6888
6668
6417
6443
6424
6418
6514
6499
6597
6549
6574
6517
6564
6630
6661
6601
6599
6350
6531
6453
6437
6514
6587
6740
6733
6547
6745
6659
6623
6738
6702
6944
6909
6983
7085
7007
6871
6811
7001
6770
6739
6744
6542
6647
6565
6675
6767
6833
6813
6992
7050
7271
7377
7340
7462
7442
7463
7308
7204
7147
7102
7305
7328
7468
7403
7402
7389
7440
7362
7356
7461
7468
7307
7408
7170
7253
7328
7311
7492
7495
7506
7265
7377
7369
7366
7276
7280
7406
7314
7504
7530
7363
7201
7264
7314
7200
7199
7118
7057
7167
7175
7334
7149
7167
7043
7130
6941
6871
7046
7025
7026
6863
6924
7094
7014
7114
7106
7200
7174
7063
6888
6911
6889
6808
6871
7005
6862
6840
6949
6959
6828
6819
6684
6787
7056
7078
6980
7019
7200
7147
7219
7102
7137
7203
6992
6881
6707
6846
6787
6772
6945
7064
6879
7154
7032
7122
7248
7060
7157
7239
7104
6957
7006
7046
6975
6721
6730
6748
6732
6666
6684
6502
6487
6605
6580
6610
6560
6505
6494
6504
6504
6481
6582
6389
6242
6267
6240
6215
6454
6326
6384
6567
6673
6588
6703
6771
6693
6592
6465
6577
6394
6335
6258
6679
6800
6873
6873
6750
6407
6505
6490
6346
6390
6218
6276
6252
6375
6137
6234
6413
6371
6431
6489
6678
6790
6780
6543
6507
6374
6453
6469
6561
6528
6392
6503
6474
6290
6247
5966
5991
6038
6285
6123
5977
5858
5794
5773
5610
5602
5733
5777
5777
5764
5892
5840
5724
5846
5862
5926
5805
5752
5673
5733
5755
5923
5915
6084
6130
6010
6133
6149
6162
6067
6191
6128
6075
6062
6200
6139
6089
6153
6163
6178
6219
6468
6695
6740
6808
6862
6640
6680
6589
6822
6932
6934
6915
6863
6927
7080
7226
7259
7188
7118
6726
6735
6860
6970
6849
7017
7107
7096
6846
6755
6980
6924
6802
6642
6578
6518
6470
6515
6660
6668
6620
6451
6452
6375
6479
6674
6664
6653
6626
6522
6624
6622
6659
6416
6296
6340
6299
6327
6492
6596
6289
6423
6351
6329
6284
6183
6207
6025
6089
6032
6048
6190
6248
6159
6174
6050
6109
6229
6179
6013
5972
6070
6139
6379
6331
6420
6391
6471
6480
6640
6530
6521
6619
6611
6668
6589
6573
6539
6487
6514
6513
6365
6219
6106
5903
5882
5967
6057
6225
6307
6454
6449
6494
6414
6258
6336
6299
6317
6184
6218
6043
5775
5784
5729
5882
5840
6101
6106
6151
6060
5970
5841
5768
5670
5590
5620
5638
5527
5288
5365
5388
5303
5268
5157
5108
5108
5206
5252
5191
5154
5244
5133
5082
5232
5115
4973
5063
5190
5307
5472
5471
5493
5537
5552
5679
5618
5563
5642
5752
5936
6045
6145
6243
6129
6016
5889
5981
5778
5663
5720
5699
5648
5728
5756
5769
5804
5796
5690
5466
5419
5179
5277
5192
5021
5050
5004
4941
4956
4826
4627
4622
4713
4816
4927
5030
5117
5246
5131
4979
5005
4912
4902
4855
4839
4921
4930
4933
4994
4974
5013
4965
5019
5155
5138
5067
5045
5008
4877
4743
4912
4745
4744
4732
4791
4700
4716
4514
4534
4555
4644
4710
4667
4531
4474
4477
4540
4484
4421
4570
4617
4547
4619
4554
4426
4381
4363
4250
4382
4545
4586
4494
4447
4413
4403
4360
4281
4278
4338
4319
4275
4346
4304
4260
4219
4224
4271
4222
4267
4232
4299
4447
4483
4490
4481
4420
4450
4450
4544
4466
4546
4505
4410
4392
4432
4555
4569
4522
4522
4537
4542
4598
4453
4404
4461
4522
4610
4654
4403
4458
4409
4453
4672
4620
4577
4446
4540
4751
4583
4673
4729
4616
4443
4604
4706
4822
4704
4841
5012
4846
4847
4793
4849
4777
4896
4714
4757
4742
4625
4759
4712
4674
4635
4435
4300
4214
4302
4256
4119
4174
4304
4291
4152
4182
4433
4373
4178
4221
4157
4086
4121
4023
4104
4201
4224
4080
4158
4195
4317
4363
4372
4541
4476
4451
4393
4416
4552
4503
4436
4402
4631
4629
4673
4672
4680
4605
4529
4614
4564
4563
4519
4518
4582
4571
4581
4540
4658
4674
4620
4593
4573
4483
4471
4506
4784
4670
4647
4701
4771
4786
4837
4804
4783
4899
4920
4804
4813
4779
4883
4916
4981
4842
5003
5120
5093
5076
5018
5000
5087
5186
5345
5380
5401
5449
5344
5141
5366
5367
5420
5414
5389
5377
5291
5319
5510
5342
5401
5344
5274
5385
5306
5399
5379
5305
5261
5334
5418
5624
5741
5651
5583
5627
5712
5721
5573
5491
5447
5292
5450
5447
5481
5505
5443
5386
5484
5431
5369
5098
5058
5110
5308
5229
5139
5296
5308
5235
5393
5422
5580
5591
5742
5709
5718
5747
5630
5609
5450
5460
5439
5286
5216
5403
5700
5581
5583
5768
5762
5785
6002
5988
6073
6260
6077
6116
6010
5919
5798
5589
5648
5546
5682
5608
5801
5886
5847
5916
6035
6027
6050
5868
5843
5833
6015
5895
5957
5846
5849
5854
5880
5758
5782
5876
5829
5723
5801
5634
5749
5707
5770
5936
5990
5970
5963
5917
5999
6001
5937
6086
6175
6270
6286
6315
6147
6264
6333
6038
6027
5980
5945
5785
5860
5889
5695
5644
5416
5403
5347
5311
5194
5319
5276
5343
5518
5454
5484
5642
5721
5686
5768
5952
5835
5906
5943
6010
5929
5868
5717
5779
5851
5839
5779
5560
5545
5506
5475
5446
5552
5664
5674
5678
5740
5833
5912
6082
5984
5995
6057
6127
6008
5973
6034
5949
6148
6209
6173
6177
6108
6282
6540
6510
6428
6342
6364
6292
6506
6695
6898
7001
6803
6729
6649
6640
6496
6618
6576
6507
6564
6493
6334
6412
6383
6448
6367
6288
6259
6331
6382
6397
6286
6188
6103
6218
6176
6054
5891
5771
5863
6066
6185
6321
6389
6431
6444
6495
6588
6556
6562
6457
6480
6453
6501
6368
6530
6453
6487
6520
6477
6467
6608
6445
6406
6176
6222
6165
6198
6315
6291
6244
6247
6158
6154
6331
6226
6047
6139
6124
6111
6335
6272
6248
6170
6105
5772
5899
5924
5859
5803
5980
5997
5960
5793
5804
5737
5680
5646
5439
5584
5607
5505
5607
5556
5403
5493
5624
5622
5791
5726
5848
5847
5885
5948
5979
5957
5993
6027
5890
6123
6121
5935
6177
6222
6254
6273
6109
6131
5979
5985
6038
6090
5748
5861
5914
6064
5840
5742
5658
5679
5849
5811
5776
5734
5606
5527
5505
5563
5634
5790
5756
5698
5738
5907
5883
5811
5939
6050
6071
6272
6436
6506
6399
6244
6348
6423
6455
6490
6326
6364
6236
6405
6278
6227
6131
6056
6081
5933
5961
6099
6260
6234
6197
6291
6209
6290
6225
6236
6226
6272
6314
6460
6457
6415
6321
6175
6243
6285
6265
6261
6302
6161
6209
6442
6332
6302
6248
6199
6145
6202
5980
5903
5891
6006
6035
6132
6278
6326
6334
6207
6191
6219
6180
6157
6188
6178
6182
6108
6009
6130
6067
6254
6056
6263
6042
5964
6083
5832
5601
5668
5791
5867
5864
5959
5954
5974
5940
5705
5709
5590
5360
5378
5428
5355
5341
5116
5017
5036
5104
5223
5213
5179
5232
5403
5449
5386
5340
5125
5032
5120
5120
5225
5245
5294
5294
5152
5119
5133
4957
4786
4714
4765
4643
4631
4616
4659
4782
4802
4835
4965
4877
4795
4881
4916
4989
5169
5171
5093
4896
4824
4890
4933
4699
4784
4756
4780
4616
4754
4720
4773
4752
4812
4820
4947
5049
5101
5135
5122
5177
5203
5242
5141
5082
5174
5210
5103
5161
5026
4951
5119
5051
5273
5370
5209
5140
5263
5268
5338
5422
5430
5496
5557
5568
5536
5420
5551
5521
5595
5478
5469
5334
5452
5402
5592
5638
5615
5679
5653
5613
5519
5437
5357
5225
5322
5317
5204
5142
5115
5103
5051
5136
5195
5287
5169
4982
5289
5411
5320
5285
5220
5215
5275
5411
5415
5446
5517
5352
5372
5359
5440
5542
5781
5630
5743
5693
5797
5759
5790
5735
5527
5519
5439
5471
5312
5221
5341
5325
5232
5382
5320
5252
5291
5237
5223
5191
5127
5080
5082
5000
5036
5051
4951
4970
4923
4793
4686
4612
4693
4718
4776
4654
4610
4616
4614
4793
4801
4900
4893
4868
4775
4802
4730
4762
4754
4749
4708
4791
4775
4703
4515
4419
4226
4262
4113
3952
3820
3941
3919
3854
3901
3874
4035
3909
3754
3760
3732
3873
3953
3833
3864
3754
3617
3708
3594
3586
3705
3766
3793
3875
3752
3901
3878
3903
3919
3852
3855
4039
4008
3918
4071
4110
4084
4014
4120
4012
4081
4099
4113
4138
4186
4199
4112
4081
4110
4262
4310
4312
4217
4341
4288
4172
4274
4273
4294
4356
4220
4264
4250
4239
4238
4157
4047
4046
4063
4179
4129
4028
4122
4228
4437
4636
4721
4693
4581
4511
4445
4412
4490
4414
4497
4510
4597
4695
4614
4705
4795
4828
4909
4920
4748
4638
4413
4511
4502
4527
4542
4654
4670
4487
4378
4409
4470
4620
4513
4547
4630
4430
4465
4367
4358
4312
4354
4424
4343
4300
4474
4381
4378
4347
4534
4690
4592
4567
4609
4556
4568
4649
4646
4776
4872
4917
4931
4960
4966
4868
4916
4729
4729
4737
4737
4815
4614
4678
4816
4769
4789
4942
4917
4956
5085
5157
5052
4963
4988
4887
4876
5077
4961
4990
5071
4885
4955
4741
4847
4899
5040
4979
5192
5127
5143
5134
5092
4977
4952
4913
4857
4948
5011
4986
5031
5147
5223
5227
5235
5262
5316
5435
5363
5291
5267
5299
5307
5302
5219
5149
5069
5004
5064
5019
4943
4772
5063
5068
5087
5184
5215
5392
5286
5348
5279
5365
5254
5419
5476
5610
5696
5696
5655
5615
5672
5499
5683
5685
5702
5713
5824
5745
5763
5702
5659
5758
5924
6145
6166
6102
6165
6134
5992
6093
6125
6175
6159
6159
6198
6157
6197
