1005000
267082
173715
128669
101907
84932
72309
63043
55998
49949
44767
40182
36536
33825
31412
29503
26866
25362
24011
22580
21553
20975
20271
19053
18175
17307
16490
15716
15076
14774
14160
13641
13158
12666
12549
12270
11847
11560
11161
11026
10428
9933
9722
9552
9204
8939
8730
8481
8119
7787
7746
7484
7302
7155
6811
6611
6599
6491
6467
6296
6367
6257
6216
6259
6365
6106
6070
6010
5887
5862
5671
5636
5861
5779
5570
5459
5426
5477
5297
5252
5109
5035
4948
4869
4975
4885
4939
4795
4727
4539
4402
4224
4381
4401
4426
4510
4468
4333
4117
4245
4158
4144
4309
4378
4394
4531
4349
4317
4307
4229
4239
4128
4040
4000
4004
3983
4017
3860
3754
3666
3617
3622
3646
3364
3363
3330
3367
3297
3180
3060
3062
3161
3175
3182
3134
3129
3129
3143
3174
3200
3123
3090
3104
3217
3346
3351
3219
3176
3179
3186
3123
3114
3055
3055
3031
2944
2795
2844
2864
2899
2926
2959
2998
3067
2903
2863
2903
2919
2864
2843
2798
2794
2776
2739
2682
2575
2739
2729
2607
2661
2685
2637
2640
2706
2683
2674
2635
2665
2576
2632
2602
2514
2592
2602
2664
2728
2814
2799
2740
2693
2661
2617
2520
2510
2472
2583
2530
2508
2427
2484
2458
2428
2306
2192
2193
2157
2199
2247
2295
2290
2178
2244
2231
2182
2145
2204
2158
2204
2112
2080
2101
2137
2277
2259
2283
2433
2477
2367
2335
2313
2319
2375
2340
2481
2497
2550
2522
2592
2570
2611
2581
2606
2585
2470
2413
2304
2227
2121
2053
2052
2001
1957
1944
1955
1914
1979
1918
1906
1759
1741
1717
1809
1743
1830
1810
1770
1789
1917
1941
1836
1723
1746
1840
1871
1824
1806
1737
1728
1695
1629
1560
1567
1572
1544
1641
1608
1638
1674
1732
1698
1630
1645
1596
1536
1425
1497
1419
1515
1509
1530
1587
1617
1629
1506
1439
1456
1573
1585
1530
1463
1471
1525
1539
1570
1690
1656
1680
1824
1836
1768
1809
1833
1764
1773
1746
1830
1865
1794
1822
1803
1799
1825
1893
1851
1882
1974
1965
1887
1942
1987
1930
1839
1884
1936
1873
1907
1855
1911
1896
1879
1813
1851
1828
1746
1747
1809
1881
1846
1824
1806
1780
1797
1833
1812
1830
1854
1905
2025
1924
1933
1950
1953
1992
1993
2001
2005
2058
2025
1992
1965
2038
1985
2039
2028
2073
2079
2090
2158
2205
2024
2011
2038
2109
2031
2023
2023
1980
2034
2050
2086
2061
1924
1938
2039
2018
2000
2016
2017
2037
1972
1992
1981
1855
1912
1899
1926
1989
2038
2035
2057
2079
2169
2213
2192
2229
2247
2244
2272
2163
2114
2154
2118
1977
2009
2071
2131
2115
2089
2125
2149
2148
2140
2214
2248
2277
2317
2332
2388
2456
2470
2383
2394
2379
2394
2298
2262
2250
2259
2169
2277
2254
2236
2275
2289
2344
2277
2241
2155
2136
2103
2044
1939
1907
1902
1960
1992
1908
1884
2021
1956
1969
2045
1985
2024
1917
1962
1935
1855
1875
1882
1926
1828
1884
2058
2082
2058
2098
2037
2130
2160
2178
2155
2227
2385
2344
2335
2347
2358
2398
2422
2401
2392
2466
2478
2431
2463
2519
2415
2343
2324
2365
2313
2311
2226
2230
2341
2398
2464
2457
2483
2491
2581
2619
2531
2616
2629
2718
2837
2874
3012
3067
2950
2955
3006
3139
3166
3217
3226
3173
3212
3279
3269
3241
3291
3333
3581
3438
3561
3632
3592
3566
3610
3725
3740
3744
3818
3867
3917
4011
4062
4093
4120
4086
4150
4054
3944
4062
4014
4196
3960
3941
3970
3853
3876
3815
3595
3467
3431
3388
3443
3567
3513
3548
3577
3609
3683
3719
3722
3779
3780
3683
3691
3689
3653
3524
3446
3508
3652
3720
3771
3727
3657
3517
3571
3537
3571
3628
3639
3555
3542
3509
3435
3441
3504
3502
3489
3352
3360
3340
3530
3585
3624
3505
3429
3430
3340
3429
3412
3463
3508
3450
3447
3522
3558
3710
3626
3653
3749
3729
3837
3863
3903
4057
4102
4242
4373
4514
4567
4559
4619
4633
4664
4691
4796
4818
4793
4729
4924
4860
5035
5001
5186
5156
5043
5117
5135
5057
5123
5227
5207
4982
4947
4929
4891
4848
4975
4922
4835
4817
4790
4635
4701
4750
4605
4627
4572
4549
4652
4749
4722
4838
4740
4776
4760
4684
4548
4590
4606
4626
4581
4566
4590
4516
4615
4871
5096
5078
5078
4933
4931
5001
5064
5072
5135
5108
5290
5188
5173
5072
5065
5033
4964
4959
5025
5081
5074
5225
5282
5488
5655
5709
5802
5764
5731
5745
5919
5759
5763
5832
5790
5767
5805
5738
5890
5836
5720
5615
5602
5627
5664
5685
5665
5483
5569
5558
5598
5728
5578
5505
5351
5407
5415
5405
5506
5586
5435
5504
5489
5512
5585
5591
5603
5566
5515
5400
5477
5379
5294
5244
5201
5216
5246
5209
5134
5094
5050
4793
4691
4541
4605
4489
4498
4569
4543
4495
4521
4652
4532
4341
4155
4272
4268
4268
4406
4487
4408
4565
4631
4729
4703
4907
4926
5029
4900
4950
5203
5157
5234
5194
5047
5297
5017
4979
4963
5034
4956
4946
4992
5122
5119
4953
5046
5100
5138
5042
5116
5067
5103
5133
5160
4936
4896
4944
5042
4964
4997
4818
4914
5144
5038
5086
4962
4786
4519
4436
4398
4256
4247
4385
4390
4419
4460
4542
4558
4513
4478
4331
4502
4538
4586
4588
4702
4763
4914
5106
5168
5132
5098
5123
5107
4991
5080
5134
5103
4989
4900
4882
4712
4770
4761
4763
4673
4780
4795
4610
4594
4712
4674
4811
4947
4933
5094
4976
5044
4971
4772
4794
4786
4998
4868
4926
4892
5046
4983
4965
5023
4874
4963
5155
5038
5041
5014
5008
4881
4964
4952
5101
4932
5042
4851
4798
4907
4936
5028
5033
5134
5256
5287
5212
5237
5237
5353
5342
5323
5479
5515
5406
5255
5381
5528
5625
5620
5537
5586
5583
5685
5661
5653
5764
5785
5902
5947
5781
5959
6094
6245
6333
6611
6597
6699
6788
6579
6653
6699
6773
6687
6754
6699
6611
6615
6611
6627
6713
6697
6469
6553
6572
6579
6534
6534
6637
6610
6505
6555
6673
6546
6388
6454
6205
6344
6405
6407
6475
6491
6518
6562
6443
6242
6415
6438
6482
6398
6310
6264
6232
6351
6345
6271
6177
6159
6254
6144
6102
6200
6167
6391
6276
6316
6328
6287
6269
6315
6197
6045
6121
5984
5954
5909
5894
5952
5966
5824
5816
5865
5916
6085
6204
5950
5891
5994
6002
5976
5777
5792
5941
5946
5890
6024
5981
6100
6288
6253
6234
6336
6420
6429
6392
6403
6437
6313
6128
6373
6283
6309
6154
6256
6508
6470
6195
6233
6207
6095
6167
6267
6317
6262
6405
6297
6284
6199
6148
6063
6078
5910
5741
5609
5612
5559
5584
5735
5649
5664
5634
5728
5688
5789
5813
5788
5768
5674
5736
5849
5694
5753
5990
6035
6000
6177
6142
6127
6201
6142
6121
6107
6210
6131
6202
6093
6060
5935
5763
5768
5937
6012
6029
5994
6191
6081
6151
6033
5852
5836
5805
5816
5967
6045
6056
6207
6453
6464
6354
6529
6726
6765
6924
6782
6932
7024
7016
7061
6999
6990
6904
7025
7084
7134
7232
7130
6952
6771
6725
6643
6618
6644
6515
6362
6269
6258
6316
6272
6129
5868
6031
5959
5952
5794
5744
5788
5904
5859
5840
5912
5787
5834
5884
5870
5886
5794
5654
5782
5845
5818
5962
5875
5871
5928
6057
6027
6042
6096
6248
6100
6130
6149
6361
6363
6343
6279
6213
6072
6072
5935
5902
5772
5853
5913
5928
5736
5725
5738
5661
5763
5832
5893
5858
5763
5712
5746
5790
5962
5945
6072
5901
5801
5881
6028
6229
6283
6394
6298
6196
6117
5970
6033
5926
5886
5685
5596
5498
5553
5405
5364
5524
5623
5632
5636
5797
5792
5796
5836
5874
5827
5997
5996
6180
6314
6382
6469
6373
6231
6062
5909
5867
5877
6046
6124
5992
6077
6117
6020
6058
6013
6106
6024
6151
5933
6009
6053
5827
5879
5719
5768
5845
5679
5579
5391
5307
5285
5197
5205
5220
5087
5138
5255
5163
5264
5285
5278
5210
5211
5384
5461
5589
5494
5556
5663
5639
5616
5848
5783
5735
5861
5899
5970
5916
5950
6011
5903
5962
5880
5901
5793
5966
5850
5915
6096
6137
6234
6170
6038
5952
5903
6146
6071
6047
6109
6227
6279
6398
6350
6499
6238
6440
6405
6407
6376
6392
6314
6328
6385
6337
6344
6316
6074
6109
6097
6202
6227
6314
6307
6368
6269
6072
6230
6264
6261
6320
6404
6501
6506
6570
6472
6535
6711
6867
6866
6879
6833
6692
6547
6611
6730
6874
6772
6760
6825
6747
6666
6682
6621
6651
6627
6379
6367
6304
6272
6184
6273
6293
6396
6303
6289
6190
6271
6189
6337
6363
6356
6342
6405
6396
6355
6216
5985
6006
5922
5563
5717
5801
5881
6004
6043
6020
6143
6267
6325
6298
6270
6189
6267
6242
6254
6232
6157
6196
6133
6334
6282
6357
6320
6302
6078
6028
6142
6183
6155
5973
6079
5906
5949
5954
6029
6151
6135
6171
5933
5775
5891
6095
6076
6085
6051
6230
6118
6098
5970
6129
6090
5959
6015
6089
6280
6191
6137
6276
6261
6344
6225
6268
6202
6245
6338
6185
6145
6156
6287
6349
6129
6142
6280
6285
6364
6184
6169
6033
6059
5940
5876
6011
5939
5899
5810
5833
6005
5983
6039
6109
6100
6192
6152
6313
6298
6395
6289
6253
6287
6296
6277
6258
6417
6550
6424
6431
6585
6608
6658
6724
6726
6680
6564
6738
6809
6712
6556
6542
6588
6713
6873
6751
6739
6417
6577
6759
6756
6854
6643
6631
6673
6675
6589
6544
6741
6722
6889
6863
6794
6847
7006
6916
6879
6893
6921
7036
7091
7187
7306
7257
7257
7250
7259
7260
7294
7100
7052
6935
7004
6931
7118
7212
7240
7310
7468
7348
7301
7203
7184
7186
7387
7723
7818
7694
7790
7668
7776
7836
7869
7785
7775
7704
7625
7669
7576
7564
7637
7846
7864
7789
8010
7996
7956
8019
8039
7799
7636
7600
7474
7565
7627
7698
7652
7701
7749
7590
7423
7269
7260
7044
6986
6983
7081
7244
7154
7214
7419
7474
7598
7610
7833
7813
8002
7993
7964
7866
7853
7802
7860
7980
8041
8175
8329
8147
8148
8241
8261
8192
8256
8431
8382
8306
8153
8169
8043
8010
7978
7840
7949
7751
7822
7602
7656
7894
7749
7651
7435
7296
7193
7098
7094
6884
6978
6758
6636
6682
6684
6914
7039
6891
7008
7083
7199
7079
7097
7080
7137
7239
7385
7257
7296
7384
7267
7322
7403
7303
7290
7289
7253
7318
7187
7241
7196
7232
7354
7484
7566
7710
7650
7707
7667
7568
7705
7710
7757
7773
7772
7793
7750
7770
7839
7753
7810
7973
8105
8084
8186
8081
7929
7870
7753
7779
7704
7619
7484
7499
7528
7400
7430
7349
7282
7308
7351
7348
7359
7167
7104
7101
7171
7288
7070
7175
7105
7130
7253
7422
7400
7186
7094
7193
6870
7057
7140
7062
7223
7052
6963
6874
7048
7173
7089
6905
7092
7265
7331
7154
7046
7002
7068
7116
7119
6779
6691
6698
6753
6807
6719
6524
6289
6473
6648
6369
6282
6221
6039
6128
6074
6182
6090
6200
6025
6024
6090
6034
6210
6263
6110
6169
6239
6152
6078
5953
5965
6014
6146
6149
6077
5857
5822
5861
5945
6008
5979
5885
6029
5867
5901
6111
6124
6317
6529
6615
6799
6669
6580
6808
6818
6808
6756
6924
6947
6852
6764
6790
6767
6796
6664
6695
6674
6528
6513
6413
6599
6562
6647
6754
6825
6833
6742
6541
6417
6389
6372
6099
6147
6073
5981
5890
5824
5835
5933
5842
5935
5906
5977
5894
6089
6123
6190
6025
6211
6173
6158
6165
6078
6129
6263
6231
6139
5979
5886
6003
5910
5942
5929
5971
5852
5724
5718
5788
5909
5775
5761
5763
5927
5926
5966
5700
5858
6013
5798
5680
5703
5643
5648
5470
5404
5412
5304
5395
5399
5297
5195
5266
5348
5369
5473
5608
5660
5653
5537
5439
5350
5360
5409
5443
5363
5388
5415
5365
5311
5468
5390
5354
5427
5514
5554
5549
5387
5360
5296
5120
5131
5193
5273
5054
4896
5212
5091
5049
5101
5097
5022
4871
4810
4808
5027
5103
5217
5410
5461
5453
5336
5228
5185
5141
5066
5084
5103
5066
5023
4974
5018
4958
4877
4769
4753
4695
4703
4706
4937
4789
4725
4689
4880
4921
4993
4860
4943
5047
5086
5210
5220
5089
4940
5154
4993
4961
4978
5036
4870
4922
4965
4958
4885
4944
5064
5009
5069
5064
4985
4942
4851
4783
4723
4721
4789
4803
4852
4918
4819
4777
4781
4878
4776
4826
4881
4987
4952
5037
4944
4915
4899
4968
5011
5100
5145
5060
4988
4982
5013
4881
4981
4971
5086
5140
5107
5224
5048
5064
5139
5051
5108
5336
5333
5351
5284
5375
5410
5296
5229
5306
5358
5329
5369
5489
5437
5413
5427
5354
5364
5323
5514
5524
5600
5682
5634
5802
5912
5876
5927
5976
6160
6211
6327
6385
6533
6642
6685
6608
6582
6695
6744
6641
6638
6780
6837
6799
6874
6923
6819
6614
6403
6504
6454
6397
6391
6277
6196
5972
6174
6213
6361
6388
6554
6704
6616
6711
6611
6620
6743
6883
6903
6947
6850
6838
6734
6894
6951
6947
6780
6627
6457
6446
6402
6397
6343
6363
6483
6542
6451
6429
6472
6488
6567
6580
6445
6489
6387
6267
6276
6178
6149
6248
6310
6206
6148
5967
5866
5767
5838
6021
5950
6120
6176
6122
6222
6137
6112
6094
6033
6104
6056
5920
5879
5728
5635
5760
5821
5874
5891
6061
6112
6101
5791
5765
5722
5920
5966
6174
6058
6015
5900
5771
5702
5683
5836
5692
5682
5623
5557
5657
5388
5526
5685
5848
5838
5811
5695
5710
5534
5494
5551
5550
5369
5304
5333
5275
5176
5069
5151
5249
5360
5329
5477
5404
5493
5179
5278
5364
5368
5366
5258
5262
5227
5357
5395
5375
5204
5152
5175
5070
5074
4993
4846
4729
4900
5002
5027
5041
5159
5338
5457
5580
5616
5629
5724
5713
5813
5750
5783
5643
6061
5951
6041
6087
6058
6105
6205
6176
5924
5914
6095
6365
6253
6272
6286
6273
6321
6328
6418
6391
6431
6580
6286
6246
6457
6504
6688
6631
6452
6258
6238
6053
5981
6027
6061
6156
6113
6088
6171
6121
6105
6208
6174
6083
6005
6077
6097
6184
6262
6342
6487
6591
6673
6904
6977
6893
6967
6945
6979
7081
7273
7242
7286
7189
7060
7057
7133
7182
7134
7180
7074
7025
6851
6784
6776
6648
6690
6693
6578
6651
6551
6572
6368
6348
6333
6502
6441
6426
6407
6123
6063
6113
6261
6236
6136
6123
6061
6021
6098
6074
6094
6268
6101
5972
5967
6093
6142
6315
6343
6156
6180
5916
5980
5814
5919
6034
6074
5846
5815
5918
5807
5599
5674
5495
5534
5501
5477
5578
5709
5633
5572
5428
5398
5448
5605
5669
5743
5812
5771
5666
5687
5673
5746
5892
5870
5959
5788
5733
5878
5831
5933
6069
6170
6161
6194
6115
5949
5835
5801
5827
5853
5827
5735
5787
5766
5661
5862
5751
5829
5767
5663
5752
5750
5909
5979
6194
6207
6169
6069
6190
6197
6458
6292
6183
6134
6111
6229
6118
6133
5913
5991
6080
6077
5955
5916
5966
6000
5947
5831
6002
6168
6189
6007
6066
6115
6054
6160
6324
6181
6168
6112
6150
6202
6299
6299
6278
6382
6470
6433
6434
6445
6319
6323
6238
6058
5926
6204
6305
6488
6458
6222
6504
6391
6561
6588
6695
6533
6565
6413
6293
6256
6235
6097
5935
5958
6106
5944
6149
6106
6117
6173
6178
6126
6169
6068
6135
6084
6199
6209
6164
6165
6120
6077
6012
6079
5943
5849
5679
5647
5731
5736
5931
5979
5918
5954
6035
6214
6191
6320
6176
6181
6132
5917
5958
6040
5926
6031
6076
6120
6110
6150
6338
6365
6462
6400
6319
6233
5993
5987
5986
6149
6078
6141
6115
6129
6140
6061
6039
6065
6157
6073
6096
6146
6190
6243
6194
6254
6288
6500
6578
6657
6743
6854
6822
6611
6645
6833
6657
6642
6557
6703
6669
6547
6771
6689
6437
6593
6627
6719
6698
6906
7122
6942
7067
7030
6838
6938
6893
6802
6967
7170
7244
7300
7131
7169
7202
7124
7051
7063
7135
7022
6919
6877
6635
6577
6630
6376
6604
6603
6591
6596
6679
6663
6708
6770
6693
6708
6626
6567
6566
6569
6586
6555
6605
6560
6591
6587
6688
6551
6416
6221
6398
6273
6351
6340
6178
6077
5938
5922
5921
5610
5569
5553
5555
5418
5210
5300
5249
5311
5375
5274
5446
5420
5562
5533
5460
5495
5600
5693
5658
5710
5683
5468
5443
5409
5491
5497
5527
5368
5144
5067
5212
5316
5379
5526
5470
5436
5580
5443
5494
5553
5379
5482
5346
5386
5276
5383
5413
5627
5641
5688
5585
5636
5527
5728
5620
5481
5462
5365
5168
5179
5190
5374
5342
5366
5319
5359
5444
5472
5508
5565
5570
5644
5736
5860
6041
6171
5991
5951
5671
5635
5441
5480
5374
5238
5130
5219
5180
5187
5161
5151
5177
5324
5503
5417
5332
5216
5382
5479
5540
5538
5579
5731
5786
5756
5948
5911
5923
5818
5994
6001
6139
6015
5995
6070
5988
6042
5950
5967
5903
5969
6009
5969
5971
5852
5879
5755
5694
5600
5629
5547
5714
5611
5561
5692
5761
5822
5911
5952
5911
5780
5861
5745
5681
5689
5586
5727
5818
5787
5826
5855
5678
5624
5605
5564
5395
5372
5375
5252
5273
5313
5392
5610
5609
5487
5433
5498
5375
5452
5402
5542
5492
5596
5455
5345
5617
5748
5786
5744
5799
5815
5939
5984
6007
5980
5967
5830
5860
5613
5513
5482
5642
5705
5696
5680
5573
5659
5503
5277
5288
5277
5267
5366
5574
5778
5763
5733
5682
5830
5855
5799
5973
6060
6077
6124
6074
6114
6052
6003
6143
6301
6323
6105
5970
5857
5801
6054
6049
5938
5775
5869
5859
5647
5779
5852
5965
5896
5921
5980
5877
5837
5883
5939
5746
5797
5821
5838
5944
5964
5721
5665
5762
5694
5782
5632
5682
5766
5894
5883
5701
5827
6022
6046
6131
6316
6386
6379
6249
6298
6337
6394
6354
6227
6300
6355
6386
6327
6285
6265
6170
5842
5882
5642
5819
5739
5877
5786
5898
5699
5634
5650
5578
5603
5596
5581
5701
5783
5892
5958
6074
5964
6043
6134
6125
6110
5999
6061
5969
5937
5950
6073
6026
5946
5997
6119
6008
6012
5891
5839
5744
5610
5562
5528
5580
5748
5818
5819
5766
5949
5926
5837
5825
5826
5988
5860
5657
5755
5737
5523
5884
6042
5891
5943
5839
5829
5753
5634
5703
5766
5666
5743
5763
5809
5805
5855
5920
5857
5570
5828
5719
5845
5764
5715
5676
5501
5591
5405
5184
5348
5405
5509
5414
5581
5581
5637
5522
5392
5205
5347
5571
5577
5724
5652
5647
5503
5466
5470
5550
5592
5565
5506
5550
5562
5858
5881
5793
5899
5957
5980
5804
5668
5603
5696
5725
5622
5646
5672
5592
5650
5687
5536
5708
5820
5935
6007
6123
6102
6043
5947
5870
5885
5918
6023
5959
5934
5832
5721
5623
5386
5179
5265
5370
5338
5458
5503
5502
5377
5402
5486
5463
5469
5483
5467
5571
5542
5376
5345
5344
5482
5523
5605
5813
5705
5597
5702
5677
5559
5677
5556
5532
5541
5492
5459
5562
5514
5552
5697
5700
5651
5493
5684
5711
5683
5719
5760
5870
5925
5866
5960
6047
5706
5682
5603
5382
5304
5217
5148
5317
5320
5275
5298
5300
5301
5302
5440
5408
5433
5381
5266
5365
5445
5521
5704
5699
5707
5811
5705
5647
5575
5703
5857
5880
5748
5769
5840
5845
6019
6000
6107
6163
6025
6118
5829
5769
5742
5863
5867
6030
6047
6046
6068
6013
5940
5791
5760
5681
5657
5390
5417
5398
5430
5508
5654
5706
5708
5795
5750
5672
5667
5625
5577
5453
5460
5443
5458
5364
5397
5539
5676
5672
5598
5588
5529
5326
5229
5143
5201
5171
5110
4947
4933
5017
4999
5006
5237
5234
5293
5052
5048
4982
4927
4832
4927
4937
4919
4898
4937
4889
4885
4875
5089
5384
5234
5213
5014
4994
5060
5232
5216
5222
5210
5376
5296
5394
5364
5382
5459
5448
5607
5621
5629
5631
5648
5750
5678
5663
5489
5358
5405
5415
5597
5518
5591
5526
5652
5677
5634
5621
5592
5646
5710
5705
5652
5704
5730
5578
5642
5748
5830
5771
5768
5776
5692
5697
5802
5631
5645
5657
5717
5988
5916
5836
5972
5819
5841
6003
6001
5943
5911
5927
5893
5806
5783
5971
6024
5903
5881
6054
5989
5927
6099
6147
6219
6250
5891
5793
5803
5749
5643
5661
5563
5607
5661
5544
5740
5789
5653
5491
5533
5539
5600
5648
5725
5793
5696
5665
5733
5730
5752
5747
5795
5775
5788
5842
5828
5775
5826
5871
5740
5846
5685
5597
5889
5814
6019
6192
6314
6493
6452
6559
6596
6633
6580
6653
6494
6610
6685
6674
6623
6744
6679
6776
6721
6727
6664
6530
6346
6259
6370
6252
6281
6217
6215
6175
6139
6141
6038
6097
6114
6010
5846
5835
5709
5858
6043
5950
6021
6062
6171
6065
6116
6211
6322
6518
6399
6325
6252
6085
6277
6297
6477
6493
6318
6244
6417
6529
6429
6339
6375
6308
6310
6456
6591
6638
6734
6755
6778
6923
6913
6876
6748
6776
6916
6881
6840
6975
7087
7079
7140
6975
6819
6754
6802
6694
6688
6621
6586
6692
6620
6711
6974
6955
6757
6677
6803
6859
6890
6929
6972
6994
7023
6962
6984
7025
6846
6598
6719
6687
6563
6673
6846
6873
6786
6704
6832
6870
6873
6920
6796
6877
6895
6828
6813
6922
7129
7082
7209
7160
7047
7124
7103
7102
7211
7127
7188
7548
7482
7345
7477
7603
7685
7796
7833
7865
7791
7725
7760
7898
8114
8089
8132
8044
8049
7800
7907
8017
7827
7908
7956
8096
7981
8135
8160
8402
8274
8326
8159
8088
8096
8011
7810
7696
7402
7447
7443
7389
7260
6963
6983
7166
7090
6974
7110
7146
7219
7250
7255
7373
7082
7259
7266
7243
7361
7330
7220
7222
7340
7363
7442
7190
7012
6994
7119
7080
6730
6653
6556
6763
6758
6636
6753
6803
6565
6600
6380
6330
6439
6482
6467
6496
6300
6279
6160
6025
6051
6082
6078
6032
5973
6056
6159
6214
6424
6454
6521
6477
6334
6197
6203
6135
6234
6102
6134
6164
6035
5916
5962
6170
6348
6368
6260
6187
6141
6094
6150
6073
6124
6101
6095
5949
6048
5976
5855
5936
5832
5771
5909
6020
5992
6166
6222
6339
6260
6232
6450
6416
6366
6453
6279
6383
6326
6158
6059
6002
5867
5944
5895
5935
5870
5971
6153
6264
6251
6372
6336
6244
6095
5971
6036
6203
6154
6197
6171
6140
6153
6170
6113
5956
6072
6003
5879
5974
6086
5984
5968
6075
6149
5968
5985
6077
6018
5927
5847
5771
5876
5825
5860
5904
6009
6137
6080
5962
5813
5830
5759
5663
5672
5765
5968
6190
6200
6041
6202
6173
6257
6240
6245
6268
6258
6290
6146
5954
5842
5808
5778
5934
5895
5894
5931
5923
5898
5895
5960
5993
5861
5888
5907
5891
5835
5747
5634
5764
5867
5952
5982
5954
6076
6155
6113
6160
6172
6110
6119
6112
5977
5887
5913
5953
6003
6009
6056
6053
5975
6045
6109
6018
5867
5799
5693
5739
5816
5955
6222
6274
6251
6382
6487
6396
6522
6750
6539
6873
6782
6911
6769
6844
6700
6714
6752
6778
6629
6742
6702
6658
6676
7005
7134
6991
7153
7130
6973
6889
6799
6778
6924
6953
7075
7115
7135
7148
7053
7103
7166
7052
7216
7204
7209
7263
7229
7294
7270
6960
7078
6829
6697
6893
7000
7024
7005
7381
7416
7247
7182
7162
7155
7202
7258
7245
7013
7149
7189
7505
7524
7508
7475
7429
7546
7654
7592
7626
7802
7826
7874
7962
8010
7994
7793
7734
7703
7793
7719
7670
7640
7554
7614
7456
7633
7520
7363
7306
7355
7304
7171
7303
7164
7089
6954
7003
7197
7251
7441
7378
7296
7345
7318
7323
7310
7344
7238
7218
7221
7302
7342
7190
7194
7125
7068
7015
7067
7010
7223
7160
7084
7130
6934
6885
6904
6609
6486
6487
6256
6284
6287
5952
5836
5759
5666
5762
5643
5679
5698
5565
5657
5435
5357
5318
5288
5118
5229
5315
5334
5163
5327
5219
5241
5421
5407
5449
5282
5101
5223
5232
5020
5147
5262
5265
5218
5206
5264
5361
5413
5404
5380
5269
5485
5517
5546
5470
5414
5397
5352
5397
5424
5343
5292
5394
5530
5666
5480
5326
5298
5353
5487
5531
5694
5841
5936
5976
5906
5952
6000
6132
6126
6343
6531
6502
6544
6560
6550
6534
6421
6549
6627
6620
6613
6631
6732
6834
6948
7170
7256
7116
7077
7192
7136
7272
7362
7483
7415
7513
7595
7415
7536
7510
7701
7624
7545
7763
7908
7858
7835
7715
7690
7807
7563
7448
7636
7457
7587
7586
7588
7510
7383
7459
7436
7574
7541
7521
7399
7243
7130
7275
7435
7302
7187
6981
6777
6716
6593
6739
6823
6761
6869
6942
6635
6710
6690
6768
6697
6527
6325
6335
5930
6000
6006
5948
5847
5793
5815
5780
5827
5865
5874
5865
5865
5752
5930
5982
5720
5892
5895
5877
6068
5945
5997
5974
6065
6092
6204
6008
5970
6145
6200
6242
6309
6309
6489
6514
6226
6103
6155
6007
6009
5920
5881
5894
5836
5677
5736
5821
5898
6033
6087
6010
6106
6167
6211
6154
6160
6183
6236
6224
6340
6280
6405
6464
6638
6492
6478
6624
6644
6703
6702
6879
6906
7012
7190
7050
6834
6828
6727
6602
6513
6407
6405
6443
6586
6777
6565
6690
6619
6645
6568
6503
6473
6396
6590
6588
6633
6837
6648
6501
6420
6516
6588
6534
6588
6496
6471
6461
6514
6472
6363
6492
6550
6486
6711
6569
6710
6699
6656
6623
6645
6673
6659
6595
6490
6365
6301
6267
6330
6465
6475
6507
6483
6385
6342
6502
6436
6402
6375
6459
6454
6458
6483
6715
6639
6437
6327
6427
6436
6593
6462
6476
6529
6507
6440
6220
6158
6122
6122
6182
6296
6310
6169
6218
6056
5802
5790
5748
5593
5686
5629
5674
5691
5515
5670
5435
5414
5476
5616
5616
5598
5608
5730
5557
5369
5183
5247
5415
5397
5472
5299
5304
5481
5364
5365
5497
5376
5377
5432
5547
5542
5436
5425
5339
5412
5317
5280
5287
5340
5174
5300
5477
5449
5449
5481
5784
5854
5852
5830
5810
5731
5859
5897
6159
6124
6101
6005
5947
5837
5756
5816
5971
6035
6018
6096
6206
6177
6068
5941
5864
5705
5821
6028
5954
5937
6002
5968
5975
5984
5985
5939
6041
6145
6008
6056
5919
5573
5457
5381
5411
5274
5270
5296
5443
5533
5667
5806
5882
5916
5814
5515
5671
5708
5544
5455
5342
5434
5286
5295
5149
5007
5047
5003
4911
4673
4780
4940
4907
4991
5071
5226
5371
5252
5189
5144
5115
5073
5065
5047
5044
5035
5115
5218
5161
5202
5163
5066
5105
5287
5361
5410
5365
5309
5373
5476
5474
5616
5501
5435
5561
5495
5696
5643
5555
5595
5583
5587
5739
5634
5837
5807
5783
5625
5539
5762
5763
5884
5822
5855
5951
5766
5620
5559
5481
5484
5435
5426
5372
5438
5381
5336
5277
5255
5208
5155
4905
4874
4705
4661
4766
4905
4680
4765
4747
4781
4714
4593
4714
4751
4778
4668
4654
4606
4691
4740
4693
4627
4832
4805
4706
4643
4777
4850
4861
4818
4862
4915
4871
4853
4836
4909
4906
4993
4954
4800
4883
4883
4867
4777
4889
4918
5039
5135
5077
5081
5085
5154
5158
5119
5199
5213
5153
5187
5050
5103
5015
5087
5035
5044
5168
5098
5130
5125
5098
4865
4693
4813
4879
4961
4970
4887
4976
5118
5039
5156
5333
5356
5396
5351
5243
5234
5431
5373
5437
5257
5381
5260
5255
5058
5011
4916
4917
4876
5053
5215
5320
5496
5619
5463
5587
5635
5510
5390
5267
5317
5371
5362
5502
5459
5506
5454
5345
5384
5486
5454
5147
5100
4995
5167
5417
5469
5318
5184
5325
5466
5656
5640
5495
5400
5509
5612
5506
5462
5552
5574
5479
5562
5517
5544
5587
5554
5343
5348
5309
5310
5237
5350
5357
5294
5260
5343
5334
5281
5243
5341
5437
5592
5525
5523
5509
5863
5826
5710
5699
5629
5587
5634
5527
5487
5521
5674
5774
5650
5727
5735
5772
5541
5652
5750
5754
5912
5920
5916
5871
5728
5844
5942
5849
5860
5907
5772
5721
5452
5458
5265
5118
5037
5168
5054
5047
4971
5023
4942
4862
5130
5156
5284
5209
5255
5198
5359
5311
5412
5328
5382
5353
5486
5490
5548
5566
5523
5566
5512
5509
5377
5636
5577
5550
5426
5451
5397
5175
5113
5027
4867
4968
5055
5129
5119
5090
5168
5225
4967
4861
4885
4934
4979
4971
4848
4945
5192
5125
5271
5207
4991
4893
4778
4730
4723
4626
4634
4650
4623
4576
4791
4855
4899
4869
4724
4511
4431
4379
4264
4221
4120
4112
4013
4131
4065
4160
4253
4212
4041
4225
4237
4244
4302
4376
4280
4217
4128
4136
4286
4346
4294
4334
4253
4262
4239
4203
4406
4526
4590
4528
4371
4568
4614
4638
4331
4237
4225
4264
4158
4276
4294
4257
4226
4141
4182
4336
4360
4359
4424
4334
4360
4482
4471
4489
4374
4515
4570
4517
4488
4474
4366
4373
4427
4431
4462
4447
4428
4361
4474
4479
4465
4397
4346
4336
4228
4356
4285
4325
4358
4291
4145
3933
3953
3966
3962
3937
3974
4019
4113
4306
4308
4403
4384
4529
4525
4566
4675
4738
4751
4816
4879
4984
4981
5009
5041
5164
5227
5321
5372
5292
5354
5373
5554
5551
5507
5661
5624
5567
5652
5548
5523
5574
5613
5635
5697
5460
5382
5402
5496
5532
5495
5376
5471
5457
5431
5525
5700
5698
5673
5743
5742
5870
6006
5907
5882
5906
5846
5892
5934
5946
5856
5729
5713
5756
5840
5934
5978
6043
6177
6173
6224
6099
6089
6043
6260
6444
6506
6449
6234
5996
5960
5799
5822
5877
5808
5862
5906
5929
5866
6138
6161
6006
5896
5955
6079
6098
6085
6185
6078
6008
5966
5797
5730
5814
5826
5904
5914
5993
5997
5908
5806
5920
5865
5834
5888
5880
5996
6161
6099
6204
6178
6041
6121
6280
6318
6201
6243
6190
6149
6036
5940
5764
5737
5667
5516
5486
5521
5610
5559
5408
5302
5368
5347
5468
5479
5491
