1005000
267337
173657
129239
102359
84688
72453
63241
55271
49195
43989
40155
37473
34697
32365
29931
28304
26105
24800
23725
22573
21304
20274
19544
18183
17397
16955
16075
15361
15164
14550
14034
13602
12998
12617
12002
11652
11612
11534
11356
11182
11043
10670
10708
10424
10228
10072
9566
8883
8832
8645
8434
8127
8184
7973
7766
7555
7335
7271
7297
7183
7017
7037
6917
6837
6654
6596
6542
6505
6460
6558
6306
6278
6105
6042
5937
5773
5856
5825
5911
5954
5886
5715
5659
5503
5494
5540
5515
5504
5529
5463
5372
5442
5435
5446
5114
5046
4950
4959
4938
4815
4812
4900
4941
4943
4687
4624
4543
4636
4973
5040
5009
4924
4787
4674
4637
4461
4612
4718
4868
4717
4705
4564
4535
4475
4426
4421
4387
4397
4380
4535
4495
4513
4383
4362
4263
4216
4221
4261
4145
4277
4134
4158
3924
3839
3772
3754
3745
3573
3687
3699
3738
3618
3733
3727
3794
3575
3627
3541
3592
3556
3624
3703
3721
3664
3580
3547
3588
3549
3475
3431
3529
3422
3327
3226
3296
3365
3294
3240
3255
3229
3421
3504
3466
3502
3440
3399
3429
3529
3743
3807
3697
3563
3705
3629
3716
3621
3775
3883
3933
4004
3878
3815
3772
3914
3847
3851
3788
3826
3745
3849
3826
3849
3822
3751
3722
3682
3611
3550
3493
3510
3442
3476
3461
3480
3452
3506
3537
3583
3538
3442
3528
3666
3700
3668
3631
3690
3694
3711
3637
3616
3561
3575
3543
3516
3367
3504
3487
3569
3642
3656
3707
3682
3561
3720
3814
3844
3859
3872
3907
3894
3984
3981
4032
4042
4107
3901
3901
3913
3863
3868
3773
3706
3604
3520
3543
3514
3476
3399
3292
3468
3568
3404
3348
3262
3136
3275
3288
3382
3464
3495
3421
3411
3441
3489
3560
3677
3797
3712
3695
3704
3757
3795
3645
3590
3696
3780
3773
3809
3729
3857
3849
3815
3945
3921
3999
4109
4082
4116
4217
4223
4170
4168
4156
4229
4294
4297
4240
4295
4431
4294
4191
4476
4488
4548
4432
4397
4320
4240
4225
4279
4265
4210
4145
4265
4386
4264
4405
4458
4473
4429
4285
4248
4224
4367
4356
4383
4423
4404
4264
4322
4213
4071
4105
4161
4280
4298
4270
4215
4225
4229
4112
4111
3961
3956
4034
4208
4289
4509
4490
4580
4684
4696
4699
4719
4888
4804
4875
4924
4920
4954
4854
4896
4860
4957
5020
4976
4838
4861
4875
4907
4987
5066
5102
5081
5060
5098
5094
5140
5063
5133
5020
5023
5136
5011
5096
5116
5116
5182
5343
5417
5337
5443
5384
5531
5380
5615
5611
5629
5607
5420
5527
5560
5533
5592
5616
5624
5794
5733
5823
5874
5921
5938
5950
6156
6216
6139
6083
6097
6081
6055
6208
6216
6199
6020
6009
6003
5990
5811
5766
5749
5754
5753
5828
5790
5708
5751
5683
5645
5771
5691
5424
5576
5551
5666
5823
5693
5704
5914
5922
5880
6095
6262
6266
6294
6375
6359
6201
6368
6608
6590
6492
6328
6380
6180
6258
6283
6319
6378
6138
6191
6294
6346
6407
6433
6317
6362
6541
6539
6534
6675
6614
6775
6704
6816
6768
6786
6767
6893
6630
6714
6478
6237
6245
6282
6023
6043
5916
6105
6055
6054
5969
6120
6057
6094
6303
6298
6339
6332
6317
6497
6367
6438
6555
6593
6677
6579
6579
6692
6614
6643
6583
6616
6848
6816
6672
6751
6504
6488
6638
6702
6577
6485
6547
6558
6439
6556
6350
6297
6545
6374
6286
6460
6278
6288
6257
6485
6502
6505
6602
6612
6472
6518
6505
6496
6391
6418
6363
6528
6571
6485
6634
6805
6759
6853
6904
6772
6725
6801
6923
6976
7041
6994
7157
7097
7137
7100
7012
7010
6952
6862
6925
6888
6843
6854
6835
6801
6791
6704
6730
6878
6943
6806
6598
6589
6613
6701
6702
6661
6624
6467
6533
6419
6618
6696
6853
6927
6867
6948
6887
7003
6906
6799
6802
6867
6947
6869
6832
6774
7078
7084
7188
7247
7319
7467
7216
7106
7231
7284
7393
7390
7458
7502
7651
7698
7788
7832
7737
7705
7734
7663
7513
7553
7576
7438
7286
7418
7428
7332
7542
7494
7540
7476
7539
7453
7310
7344
7194
7203
7068
6950
6889
6682
6597
6634
6790
6778
6842
6954
6763
6670
6856
6767
6610
6473
6305
6461
6327
6215
5979
6150
5889
5736
5569
5645
5719
5962
5995
5983
5902
5921
5875
5877
5902
5849
5895
5762
5722
5676
5856
5776
5718
5670
5561
5592
5552
5575
5600
5598
5866
5724
5684
5781
5936
6021
5859
5708
5605
5597
5622
5621
5736
5704
5840
5833
5787
5847
5852
5872
5765
5780
5843
6031
6063
5865
5791
5628
5666
5933
5882
5908
6012
5998
5887
5944
5998
6132
6376
6284
6230
6345
6096
6019
6050
6123
5990
5962
6071
5934
6065
5904
5917
6011
5898
5982
6112
6143
6117
6033
5910
5919
5917
5980
5762
5771
5773
5911
5825
6041
6016
6009
5873
5859
5811
5882
5792
5862
5976
5874
5790
5788
5888
5894
5837
5949
5972
6051
6071
6217
6147
6173
6031
5944
5783
5943
5926
6144
6168
6141
5993
5954
5963
6031
5976
6053
6026
6030
5902
6095
6153
6049
5964
5884
5855
5896
5929
5899
5777
5812
5736
5614
5598
5557
5460
5302
5169
5204
5487
5454
5299
5332
5505
5557
5643
5732
5782
5787
5591
5472
5693
5661
5727
5636
5670
5841
5818
5838
5837
5907
6132
6324
6278
6327
6159
5969
5788
5836
5837
5802
5867
5736
5608
5601
5570
5587
5415
5555
5433
5686
5708
5896
5864
6092
5958
5824
5826
5887
5888
6037
6099
6045
6070
6007
6187
6358
6283
6036
6168
5999
6206
6437
6322
6362
6510
6132
6138
6067
6108
5889
5845
5737
5590
5658
5657
5651
5709
5934
5984
5962
5798
5780
5651
5623
5715
5856
5757
5749
5976
5889
6128
6010
5895
5757
5702
5627
5583
5409
5508
5552
5451
5509
5566
5426
5424
5359
5365
5269
5285
5430
5443
5504
5332
5380
5239
5263
5286
5218
5226
5156
4973
4932
5005
4873
4874
4908
5000
5121
5000
4888
4949
4842
4771
4812
4764
4744
4854
5083
4971
4924
4826
4782
4734
4607
4505
4637
4746
4822
5034
5082
5088
4996
5030
4971
4919
4874
4938
4967
4922
4848
4894
4832
4789
4770
4924
4888
4928
4844
4815
4810
4638
4519
4550
4610
4763
4693
4747
4719
4887
4818
4774
4826
4856
4816
4850
4996
4983
4948
4904
4848
4842
4958
4949
5029
4871
4912
4918
5136
5020
5006
4980
5023
5000
5043
4822
4897
4939
4827
4788
4780
5009
4795
4728
4790
4909
4849
4968
4941
4942
4903
4924
5036
5208
5224
5071
5023
4913
4851
5042
5084
5088
5230
5239
5321
5394
5451
5332
5213
5047
5036
4966
4810
4730
4719
4751
4718
4659
4454
4413
4421
4402
4532
4730
4739
4747
4588
4489
4511
4589
4637
4678
4453
4530
4452
4273
4440
4461
4453
4499
4442
4454
4396
4298
4298
4198
4168
4022
3912
4050
4083
4112
4117
4230
4130
4077
4185
4159
4091
4183
4227
4191
4240
4212
4212
4119
4146
4234
4108
4087
4004
4027
4098
4160
4156
4198
4221
4247
4260
4173
4044
4131
4150
4128
3958
3928
4006
4104
3895
3976
4053
4091
4009
4093
4048
4134
4033
4230
4184
4232
4223
4240
4352
4284
4218
4168
4170
4183
4132
4163
4132
4179
4294
4326
4424
4429
4333
4349
4109
4180
4261
4436
4413
4426
4517
4459
4358
4337
4370
4371
4281
4129
4193
4361
4402
4439
4479
4482
4442
4482
4556
4564
4550
4508
4548
4583
4580
4605
4730
4794
4833
4637
4601
4639
4624
4618
4836
4809
4839
4803
4893
4787
4619
4522
4522
4434
4448
4375
4405
4421
4333
4272
4291
4316
4242
4403
4429
4399
4377
4382
4254
4239
4374
4360
4452
4541
4473
4575
4659
4735
4713
4607
4744
4656
4595
4603
4534
4493
4457
4488
4527
4649
4692
4493
4385
4415
4450
4421
4331
4164
4219
4285
4184
4117
4152
4050
4131
4129
4195
4030
3890
3769
3757
3737
3786
3959
4050
3842
3903
3970
3955
3880
3923
3947
4164
4220
4113
4245
4089
4134
4131
4074
3978
3974
4113
4122
4089
4154
4109
4266
4197
4121
4134
4262
4278
4259
4295
4291
4454
4536
4576
4597
4544
4542
4503
4634
4623
4592
4527
4407
4300
4248
4274
4454
4465
4490
4510
4504
4396
4521
4619
4581
4777
4815
4973
5021
4940
5014
4944
4954
4922
4934
5011
4958
5005
4921
5012
4996
5034
5050
4963
4853
4722
4677
4745
4598
4573
4431
4643
4881
4842
4809
4912
5068
4783
4833
4892
5035
5079
5111
5142
4996
5001
5259
5050
5100
5207
5287
5169
5159
5054
5039
5036
5103
5144
5184
5244
5328
5385
5352
5375
5500
5559
5611
5683
5701
5588
5718
5889
5919
5997
5970
5899
5999
5920
6039
5896
5933
5788
5651
5611
5729
5539
5437
5449
5527
5721
5712
5771
5945
5839
5649
5762
5820
5838
5745
5705
5735
5806
5910
6035
6228
6278
6020
5926
6002
6049
6095
6051
6214
6415
6336
6289
5839
5670
5794
5867
5835
5849
5755
5938
5840
5848
5778
5712
5660
5735
5609
5531
5705
5838
5900
6074
6059
6122
6037
6031
5954
6000
6015
6023
6003
6217
6210
6322
6390
6306
6294
6354
6251
6585
6622
6611
6772
6874
6743
6767
6641
6687
6693
6784
6764
6732
6698
6667
6629
6664
6545
6588
6638
6492
6701
6897
6886
6862
7020
7033
7237
7107
7083
7146
7114
7148
7314
7352
7194
6989
6993
6913
6956
7029
7124
6899
6823
6831
6519
6333
6132
6229
6197
6422
6455
6489
6412
6189
6121
6086
5933
5948
5953
5793
5687
5656
5815
5834
5889
5867
5983
6010
6030
5950
5946
6003
6222
6069
5921
5860
5971
6026
5900
5781
5708
5698
5714
5688
5710
5725
5690
5665
5758
5729
5596
5654
5630
5828
5910
5938
5920
5878
5968
5946
5935
5988
5969
6140
6059
6018
5901
5767
5630
5557
5398
5601
5731
5621
5534
5403
5593
5592
5476
5724
5759
5763
5870
5840
5734
5550
5517
5628
5676
5746
5980
6152
6122
6089
6059
6157
6129
6163
6344
6282
6071
6151
6316
6269
6243
6348
6302
6180
6035
6171
6242
6157
5919
5820
5860
5717
5790
5691
5677
5590
5728
5743
5742
5800
5847
5836
5927
5997
6108
6198
6474
6333
6597
6469
6462
6535
6552
6675
6685
6738
6856
6902
6803
6803
6936
7006
7059
7170
7320
7197
7159
7187
7188
7054
7260
7306
7336
7429
7399
7384
7263
7392
7344
7243
7250
7162
7103
7094
7081
6947
6866
6954
6894
6832
6715
6775
6533
6613
6701
6658
6727
6939
7066
7043
7128
7280
7208
7338
7409
7536
7545
7790
7743
7583
7502
7492
7510
7327
7292
7227
7250
7202
7240
7391
7412
7365
7210
7244
7160
6931
6846
7083
7191
7438
7283
7325
7433
7264
7226
7291
7226
7159
7131
7102
7230
7148
7214
7263
7155
7045
7061
7100
6958
6831
6740
6660
6719
6569
6596
6574
6463
6479
6406
6454
6371
6333
6325
6347
6292
6263
6093
6182
6314
6361
6205
6440
6551
6410
6413
6350
6019
5975
6080
6033
6100
6093
6164
6041
6241
6164
5954
5877
5944
5788
5880
5793
5963
5961
5811
5733
5686
5756
5911
6131
5968
5811
6004
6126
6402
6433
6346
6468
6387
6778
6842
6857
6778
6782
6830
6853
6883
6938
6915
6806
6678
6527
6389
6300
6414
6347
6442
6557
6620
6742
6769
6835
6804
6692
6583
6822
6799
6804
6749
6833
6701
6630
6708
6658
6625
6651
6656
6566
6564
6689
6675
6671
6730
6591
6598
6282
6191
6232
6207
6252
6520
6648
6759
6931
6926
6876
6753
6656
6622
6735
6609
6615
6728
6739
6646
6452
6417
6398
6367
6197
6058
5965
6228
6316
6219
6270
6340
6261
6157
6182
6161
6096
6135
6321
6102
6166
6151
6146
6068
6250
6229
6217
6282
6164
6190
5953
5927
5722
5786
5785
5918
5966
5970
6105
6127
6058
5893
5883
5841
5711
5801
5834
5728
5799
5887
5843
5829
5742
5808
5946
5932
6083
6139
6108
6070
6018
5974
5846
5738
5638
5499
5567
5473
5470
5386
5404
5504
5444
5286
5224
5392
5429
5435
5436
5500
5432
5615
5463
5405
5527
5554
5577
5525
5524
5518
5332
5279
5247
5138
5160
5073
5094
5134
5046
5122
5107
5120
5114
5021
5069
5068
5026
4999
5343
5236
5374
5386
5532
5387
5497
5527
5356
5320
5356
5350
5298
5396
5353
5382
5408
5386
5570
5428
5457
5451
5605
5608
5580
5431
5475
5337
5426
5508
5527
5531
5676
5858
5918
5775
5977
5908
5851
5845
6023
6064
5994
5872
5727
5698
5893
5786
5785
5855
5851
5968
5956
5744
5790
5860
5819
5882
5964
5957
6083
6011
6032
6072
5963
5986
5979
5970
6084
6109
6211
6258
6166
6282
6338
6360
6134
6174
6226
6368
6360
6256
6237
6424
6311
6296
6339
6252
6372
6366
6243
6052
6184
6084
6087
6183
6194
6388
6193
6204
6030
6092
6186
6095
6044
6151
6092
6033
6056
5882
5905
5731
5736
5970
5978
6091
6017
5898
6057
5939
5972
5990
5943
5989
5879
5925
5751
5711
5638
5668
5857
5835
5622
5526
5514
5384
5401
5290
5193
5154
5133
5197
5183
5012
5116
4994
4963
5073
4964
4925
4934
5038
4945
4896
5094
4979
4961
4953
4899
4965
4896
4845
5007
4990
5051
5136
4886
4760
4719
4638
4706
4783
4763
4771
4745
4919
4822
4855
4848
4889
4919
4966
4878
4955
4954
5024
5136
5087
5138
5118
5308
5344
5302
5292
5352
5505
5427
5281
5389
5319
5331
5329
5529
5610
5727
5689
5396
5498
5521
5703
5711
5742
5810
5869
5765
5757
5484
5375
5502
5488
5481
5352
5376
5390
5253
5145
5012
4945
5033
4885
4827
4863
4830
4775
4843
4747
4621
4628
4708
4700
4775
4770
4854
4802
4802
4834
4974
4879
4896
4870
4896
4674
4544
4456
4448
4408
4360
4439
4465
4412
4331
4318
4329
4184
4132
4274
4352
4379
4521
4529
4547
4462
4609
4483
4349
4413
4528
4528
4616
4473
4498
4563
4743
4617
4686
4507
4716
4714
4620
4665
4571
4702
4630
4588
4525
4419
4508
4695
4728
4771
4929
4972
5057
5129
5156
5289
5168
5021
5020
5071
4939
4778
4775
4847
4911
4763
4818
4758
4876
4964
4694
4624
4690
4678
4743
4778
4679
4747
4655
4636
4833
4865
4810
4771
4886
4813
4870
4619
4694
4716
4714
4646
4685
4669
4651
4670
4621
4621
4587
4665
4819
4940
4961
5076
5124
4898
4877
4835
4816
4752
4617
4480
4588
4643
4618
4623
4701
4819
4824
4968
5019
4949
4896
4885
5183
5306
5304
5182
5126
5141
5162
5107
5202
5308
5464
5491
5320
5202
5223
5155
5072
5171
5084
5229
5079
5073
5120
5127
5230
5346
5325
5165
5272
5248
5137
5212
5145
5298
5391
5470
5226
5162
5066
4967
4763
4877
4891
4906
4751
4634
4639
4622
4580
4545
4555
4719
4628
4699
4860
4928
4925
4990
4890
4947
4872
4877
4910
4818
4679
4721
4843
4946
5190
5203
5293
5317
5418
5375
5414
5471
5590
5592
5561
5523
5520
5590
5737
5671
5711
5922
5983
6002
6011
5990
6063
6148
6121
6019
6124
6239
6262
6424
6305
6427
6535
6474
6601
6485
6702
6648
6539
6327
6497
6631
6602
6600
6726
6622
6609
6639
6629
6687
6752
6694
6657
6743
6868
6931
7065
6962
7180
7199
7242
7380
7079
6975
7026
7016
7177
7456
7439
7294
7442
7324
7489
7346
7310
7262
7310
7422
7366
7457
7580
7591
7733
7660
7748
7661
7680
7802
7729
7979
8110
7870
8132
8492
8382
8507
8524
8502
8650
8649
8547
8595
8592
8576
8421
8271
8114
7959
7778
7425
7354
7299
7029
7028
6856
6989
7024
7003
6847
6875
6918
6854
6855
6640
6475
6476
6654
6650
6663
6468
6591
6612
6515
6478
6506
6422
6320
6457
6364
6352
6214
6153
5982
6058
6047
5854
5955
6126
6032
6137
6202
6069
6109
5944
5989
5975
6039
5934
5970
6161
6418
6362
6496
6481
6337
6202
6135
6116
6180
6231
6058
5988
6022
5863
6034
6059
6023
6099
6105
6124
5899
5926
5876
5898
5877
6005
6185
6096
5957
6223
6150
6068
6118
5886
5894
6048
6073
6385
6332
6330
6416
6302
6332
6344
6337
6270
6262
6448
6487
6436
6451
6429
6487
6317
6419
6427
6236
6066
6208
6390
6264
6479
6596
6450
6561
6479
6277
6200
6114
5981
6134
6403
6314
6259
6301
6095
6083
6055
6300
6328
6087
6199
6122
6171
6070
6288
6288
6287
6348
6492
6292
6279
6177
6167
6257
6327
6325
6244
6110
5917
5701
5799
6022
6028
5942
5870
6150
6189
6391
6505
6591
6525
6555
6289
6376
6389
6310
6516
6404
6400
6275
6207
6054
6053
5739
5731
5682
5634
5684
5393
5431
5283
5373
5325
5353
5360
5350
5474
5540
5590
5688
5740
5707
5737
5550
5590
5576
5432
5239
5349
5413
5525
5561
5423
5387
5500
5554
5785
5901
5942
5819
5639
5512
5364
5359
5606
5468
5682
5504
5444
5368
5386
5508
5380
5373
5248
5320
5334
5410
5196
5302
5298
5274
5259
5149
5056
5060
5115
4985
5066
5051
4996
5124
5122
5009
4939
4999
5080
4997
4928
5043
5202
5164
4957
5015
5040
4971
4892
4948
4877
5022
5103
5058
5033
4976
4912
4746
4597
4521
4529
4665
4562
4503
4466
4426
4346
4274
4469
4421
4403
4447
4541
4572
4544
4654
4766
4854
4956
4865
4838
4754
4649
4516
4415
4488
4465
4455
4362
4354
4425
4521
4424
4371
4186
4315
4260
4271
4326
4333
4420
4443
4340
4352
4375
4450
4503
4518
4469
4566
4682
4731
4754
4542
4536
4441
4612
4699
4656
4788
4976
5128
5067
5001
4923
4893
4931
5002
5054
5093
5020
5111
5221
5262
5304
5297
5302
5355
5552
5643
5712
5673
5791
5878
5940
5615
5654
5605
5719
5728
5696
5559
5589
5658
5744
5679
5555
5784
5761
5688
5606
5625
5648
5791
5667
5564
5742
5907
5763
5756
5908
5861
5546
5444
5447
5608
5569
5543
5639
5611
5522
5605
5411
5393
5258
5117
4968
4919
4872
4994
4933
4958
5012
5111
4957
4987
4882
5050
5228
5149
5027
4969
5032
4964
5011
5129
5192
5225
5440
5433
5443
5527
5562
5720
5702
5771
5682
5650
5644
5602
5332
5253
5355
5342
5459
5615
5536
5542
5344
5316
5321
5389
5468
5700
5809
5724
5706
5533
5498
5465
5555
5566
5490
5662
5717
5678
5627
5716
5665
5751
5678
5782
5847
5770
5773
5666
5765
5817
5839
5996
5971
5923
6065
6011
6138
6126
6189
6019
6080
6163
6214
6349
6188
6015
6082
6094
6135
6044
6021
5951
5828
5869
5818
5779
5953
5884
5814
5754
5813
5777
5753
5763
5684
5766
5629
5742
5751
5635
5742
5822
5726
5827
5882
5591
5630
5864
5892
5756
5791
5841
5900
5858
6122
5995
6016
6008
5967
5875
5946
6027
5881
5662
5576
5517
5511
5507
5336
5346
5327
5248
5187
5219
5229
5326
5531
5434
5444
5613
5627
5710
5761
5711
5852
5705
5710
5594
5230
5256
5324
5237
5158
5203
5094
5252
5286
5244
5271
5270
5172
5244
5222
5121
4973
4946
5102
5020
4995
4910
4991
4940
4981
4957
4900
4986
4760
4712
4912
4965
4936
5092
4996
4941
4959
5063
5127
5223
5205
5312
5414
5325
5363
5486
5371
5362
5251
5332
5334
5394
5404
5605
5685
5938
5770
5814
5646
5602
5407
5618
5706
5868
5691
5641
5835
5739
5733
5726
5670
5667
5761
5765
5869
5751
5756
5793
5824
5871
5869
6041
6018
6116
6060
6238
6230
6242
6183
6116
5988
6038
6066
6140
6129
6144
5914
5884
5886
5799
5714
5908
5843
5894
5846
5936
5986
6133
6341
6354
6277
6132
6218
6300
6389
6306
6268
6219
6376
6166
6398
6380
6279
6400
6447
6487
6531
6424
6469
6702
6765
6894
6905
6921
6787
6686
6523
6489
6307
6282
6269
6099
6152
6135
6204
6240
6162
6215
6033
6051
5989
5953
6163
6181
6202
6184
6199
6216
6147
6349
6430
6460
6406
6610
6863
6913
6879
6869
6781
6841
6850
6799
6902
7043
7154
7029
7239
7404
7377
7306
7244
7326
7385
7557
7577
7501
7496
7473
7428
7335
7169
7171
7351
7392
7398
7377
7355
7643
7483
7437
7568
7588
7365
7232
7325
7269
7218
7103
7210
7261
7190
6985
7022
7122
7428
7468
7538
7498
7567
7494
7457
7491
7543
7629
7595
7526
7416
7278
7524
7787
7816
7929
8044
7906
8064
7961
7872
7583
7512
7497
7521
7569
7737
7661
7641
7589
7657
7626
7511
7674
7452
7425
7259
7113
7101
7087
7134
6923
6968
7024
6955
7046
6880
6877
6757
6679
6758
6723
6625
6468
6785
6733
6682
6742
6714
6771
6729
6763
6595
6547
6674
6645
6684
6519
6561
6571
6528
6625
6539
6597
6540
6467
6469
6403
6448
6327
6306
6353
6492
6630
6508
6458
6596
6369
6375
6211
6076
5889
5916
5735
5647
5730
5836
5981
5759
5577
5637
5559
5569
5576
5358
5320
5287
5287
5238
5136
5123
5178
5218
5079
5212
5222
5224
5217
5092
4911
4826
4850
4896
4860
4921
4987
5006
4925
4785
4822
4857
4874
5007
5205
5223
5102
5156
5255
5275
5309
5320
5399
5419
5395
5415
5345
5255
5122
5001
4960
4937
4830
4793
4830
4731
4880
4854
4866
4689
4772
4916
4896
4824
4771
4785
4710
4838
5034
4950
4968
4953
5114
5117
5153
5062
5076
5130
4975
5081
5012
4970
5037
5130
5046
5135
5105
5228
5061
5022
4969
5089
5057
5023
4968
4988
5010
5158
5060
4950
5040
5036
5017
4914
4874
4953
5014
5037
4911
4928
4918
4935
4976
4861
4923
4784
4729
4660
4786
4598
4686
4623
4768
4866
4867
4910
4990
4938
4995
4844
4879
4985
5028
4979
4964
5040
4873
4825
4989
5013
5050
5007
4989
4970
4972
5209
5399
5397
5316
5292
5298
5179
4947
4979
4893
4785
4740
4617
4558
4396
4436
4638
4704
4522
4433
4391
4552
4554
4520
4568
4604
4756
4661
4921
4925
4873
4863
4889
4927
4842
4788
4689
4656
4795
4616
4575
4623
4772
4793
4767
4683
4629
4755
4924
5082
5034
5084
5109
5035
5113
5183
4993
4899
5009
4953
4755
4646
4579
4629
4833
4855
4769
4934
5061
5115
5162
5415
5318
5355
5360
5326
5315
5317
5428
5487
5551
5505
5629
5615
5482
5615
5653
5684
5634
5832
5796
5756
5867
5959
5737
5741
5952
5975
6117
6134
6131
6092
6163
6120
5967
5780
5752
5705
5592
5581
5614
5620
5907
5816
5918
5713
5799
5883
5861
5876
5986
5878
6088
6087
6192
6282
6225
5835
5985
5968
5720
5808
5847
5865
5861
5873
5920
5840
5900
6074
6013
6086
6051
5983
6039
6116
5944
6053
6119
6361
6376
6252
6055
6009
6066
6108
6010
6007
6065
6088
6115
5977
5938
6012
6240
6108
5949
5689
5690
5556
5632
5763
5721
5764
5704
5615
5547
5438
5484
5480
5453
5537
5556
5687
5636
5562
5492
5472
5478
5442
5356
5171
5225
5339
5491
5489
5340
5438
5272
5334
5486
5584
5651
5619
5548
5652
5714
5686
5735
5688
5684
5683
5740
5656
5654
5701
5664
5543
5445
5273
5295
5458
5494
5400
5284
5269
5193
5210
5318
5302
5303
5483
5349
5306
5259
5028
4996
4991
4786
4876
4856
4884
4899
4809
4815
4905
4887
4830
4890
4875
5021
5014
5136
5263
5294
5295
5400
5426
5637
5449
5524
5565
5619
5654
5734
5699
5646
5668
5710
5702
5663
5470
5581
5711
5707
5625
5472
5396
5459
5521
5473
5439
5361
5389
5293
5085
5205
5161
4903
5075
5145
5156
5108
5075
5109
5167
5142
5153
5198
5327
5302
5415
5258
5131
5107
5074
5037
4942
4922
4869
4919
5002
4841
4828
4772
4993
5090
5103
5038
5029
5232
5112
5166
5266
5154
5051
5110
5203
5217
5385
5231
5043
5037
4967
5220
5221
5227
5318
5321
5333
5326
5266
5072
4947
4842
4942
4983
4980
4831
4967
4926
4718
4594
4640
4701
4672
4653
4753
4792
4685
4711
4688
4736
4877
4959
5150
5038
5077
5166
5018
5074
5057
4926
4983
4788
4661
4747
4824
4680
4795
4783
4859
4707
4789
4847
4808
4996
4919
4995
4872
4974
4862
4999
4935
5001
4929
5114
4948
4874
4802
4884
4780
4675
4742
4739
4683
4679
4753
4898
4898
4875
4969
4829
4935
5119
5112
5346
5251
5436
5456
5630
5670
5348
5344
5488
5429
5510
5474
5458
5334
5267
5132
5154
5210
5187
5294
5231
5170
5196
5351
5335
5284
5286
5240
5195
5202
5163
5055
5132
4948
5053
5136
5185
5086
5049
4912
4994
5098
5057
5019
5010
4937
5030
4964
4964
4836
5078
5124
5165
5214
5165
5198
5095
5005
5031
5149
5093
5154
5152
5264
5060
4990
5224
5129
5026
5161
5070
4897
4830
4914
4852
4781
4812
4855
4912
5034
5022
5169
5198
5105
5080
5156
5329
5491
5552
5455
5449
5320
5214
5426
5620
5531
5599
5560
5507
5521
5448
5439
5399
5589
5619
5510
5435
5557
5616
5431
5537
5605
5653
5642
5684
5711
5681
5749
5792
5798
5732
5940
6021
6082
6059
5916
5796
5888
5976
6252
6368
6287
6236
6269
6453
6386
6492
6631
6567
6622
6655
6688
6677
6577
6630
6350
6415
6521
6532
6578
6616
6574
6446
6492
6293
6277
6440
6473
6487
6551
6579
6550
6560
6558
6415
6498
6484
6672
6578
6557
6573
6734
6606
6567
6716
6694
6741
6729
6534
6573
6646
6508
6648
6621
6559
6467
6433
6431
6384
6296
6054
5967
5946
5888
5872
5940
6015
6084
6261
6371
6389
6393
6403
6402
6327
6513
6510
6606
6610
6488
6355
6264
6273
6287
6359
6544
6626
6574
6685
6626
6719
6791
6601
6590
6664
6707
6745
6864
7109
7098
7005
7210
7087
7421
7272
7429
7186
7015
6866
6798
6697
6543
6614
6599
6530
6484
6552
6597
6653
6957
6886
7057
6997
6995
7011
7110
7122
7185
7322
7220
7106
7068
7148
7049
7249
7204
7052
7187
7108
6953
7121
7335
7273
7275
7286
7250
7481
7299
7198
7273
7376
7267
7138
7068
7152
7010
6932
6742
6690
6714
6437
6264
6391
6361
6522
6511
6422
6258
6425
6378
6275
6306
6397
6325
6356
6461
6468
6430
6359
6193
6307
6433
6396
6477
6373
6487
6491
6661
6675
6765
6945
6947
7176
7302
7189
7227
7136
7043
6864
6870
6951
7043
7132
6955
6927
7007
7231
7172
7043
7223
7118
7093
7152
7144
7250
7140
6993
6923
6921
6943
6919
7058
7015
6908
6834
6880
6936
7063
7144
6929
7059
7097
7140
7274
7454
7440
7527
7451
7462
7370
7247
7066
7060
6852
6952
6772
6786
6800
6828
6757
6737
6607
6565
6634
6639
6477
6528
6482
6289
6452
6422
6536
6514
6488
6520
6689
6689
6684
6651
6569
6795
6986
7060
6816
6905
6951
6786
6852
6856
6939
6892
6955
6958
6818
6925
6757
6806
6807
6860
6790
6708
6790
6824
6871
6802
6768
6713
6569
6553
6500
6587
6316
6426
6412
6356
6375
6197
6187
6143
5854
6124
6009
6041
6154
6126
6409
6420
6364
6396
6435
6353
6511
6286
6235
6157
6001
6045
6008
6088
6136
6138
6250
6078
6086
6121
6091
6124
5994
5910
5864
5778
5700
5834
5804
5954
6074
5941
6038
6151
6173
6164
6332
6129
6253
6259
6210
6401
6515
6719
6657
6476
6333
6127
6135
6232
6195
6004
5930
5993
6096
6132
5863
5944
5991
5747
5818
5805
5609
5604
5485
5593
5570
5477
5512
5288
5283
5268
5268
5304
5382
5442
5373
5371
5469
5524
5565
5549
5485
5514
5553
5765
5858
5853
5883
5774
5822
5652
5677
5851
5889
5912
5819
5725
5945
6143
6033
5932
5616
5648
5721
5687
5535
5595
5669
5483
5496
5515
5613
5517
5533
5618
5632
5654
5532
5586
5539
5717
5679
5679
5772
5709
5804
5651
5670
5584
5566
5563
5664
5862
5882
5892
5961
6033
6036
5883
5738
5803
5585
5633
5560
5540
5312
5448
5608
5534
5553
5611
5607
5349
5383
5299
5406
5399
5336
5129
5021
5019
5080
5028
4971
5026
5086
5302
5408
5370
5336
5343
5346
5210
5090
5098
5186
5328
5373
5417
5527
5494
5459
5609
5598
5579
5932
5925
5941
5994
5935
5782
5646
5700
5501
5458
5568
5697
5731
5640
5539
5689
5697
5610
5741
5739
5790
5920
5996
6101
5891
5879
5824
6026
6110
6086
6060
5988
5879
5850
5928
6094
6105
6074
5955
5830
5855
5912
5986
6100
6255
6279
6222
6332
6521
6453
6316
6200
6016
6182
6308
6328
6180
6352
6133
6247
6207
6211
6052
6017
5807
5777
5645
5657
5679
5867
5923
5991
5884
5786
5787
5654
5751
5534
5506
5584
5683
5679
5827
5799
5687
5749
5625
5585
5629
5518
5587
5385
5441
5560
5491
5367
5071
5086
5153
5155
5166
5091
5264
5287
5216
5340
5373
5162
5356
5419
5487
5614
5438
5498
5630
5674
5572
5719
5642
5479
5598
5686
5700
5653
5449
5593
5547
5461
5487
5428
5327
5369
5362
5256
5305
5392
5191
5306
5313
5376
5384
5446
5432
5296
5210
5250
5102
4985
4931
5008
5098
5004
4800
4744
4664
4766
4750
4808
4786
4852
4889
4762
4693
4646
4592
4710
4659
4566
4532
4530
4649
4572
4557
4511
4409
4286
4350
4355
4239
4277
4334
4574
4499
4500
4400
4425
4387
4424
4493
4330
4123
4017
4064
4125
4145
4023
3986
3986
3905
3994
4040
3955
3963
4017
4086
4206
4228
4249
4236
4145
3990
4057
4083
4235
4206
4246
4172
4074
4024
4000
3974
3983
3926
4021
4031
3994
4144
4056
4046
4114
3964
4091
4162
4065
4205
4295
4336
4330
4432
4477
4485
4508
4567
4569
4617
4734
4778
4747
4804
4927
4901
4707
4655
4640
4742
4671
4623
4571
4617
4654
4727
4840
4706
4724
4776
4747
4819
4945
5006
5091
5075
5188
5182
5131
5155
5035
5083
5271
5296
5282
5459
5443
5480
5508
5461
5444
5490
5431
5284
5504
5464
5359
5503
5584
5692
5742
5629
5737
5720
5735
5808
5998
5975
6001
5955
5944
5687
5560
5639
5676
5596
5580
5716
5675
5598
5813
5741
5799
5677
5688
5582
5590
5605
5634
5619
5762
5699
5634
5716
5754
5744
5667
5583
5609
5701
5739
5791
5921
5939
6226
6149
6141
6237
6538
6379
6428
6639
6725
6849
6818
6933
