1005000
266265
173049
128252
101963
84529
72184
63203
56297
50454
45692
41748
38529
35505
33116
31006
29098
27583
26324
25116
23485
22404
21334
20168
19322
18411
17953
17179
16392
15959
15406
15053
14703
14252
14074
13687
13247
13049
13026
12883
12761
12534
11965
11778
11599
11362
10947
10524
10313
10041
9814
9667
9478
9209
9007
9022
8763
8458
8289
8398
8590
8619
8469
8342
8203
8042
7778
7705
7424
7313
7090
6906
7085
7024
7018
7054
7074
6875
6646
6737
6716
6873
6817
6790
6628
6685
6611
6290
6455
6338
6250
6110
5979
5979
5821
5647
5587
5447
5186
5117
5202
5131
5189
4991
4986
5094
5091
4788
4693
4865
4717
4725
4616
4616
4426
4515
4508
4421
4397
4295
4322
4103
4014
4001
4051
4072
4099
4136
4188
4295
4130
4135
4223
4242
4222
4086
4017
3911
3875
3950
4025
4033
3968
4038
3996
3946
3855
3768
3827
3686
3585
3556
3562
3480
3476
3529
3492
3484
3558
3593
3485
3528
3661
3607
3572
3650
3568
3644
3602
3579
3702
3470
3570
3514
3530
3310
3262
3245
3301
3224
3258
3358
3278
3291
3265
3149
3005
3052
2979
2946
3134
3160
3106
3118
3042
3028
2984
2946
2686
2742
2773
2838
2779
2686
2675
2719
2749
2624
2633
2707
2769
2752
2563
2543
2616
2706
2726
2741
2773
2800
2746
2724
2607
2623
2649
2643
2752
2873
2877
2918
2832
2926
2772
2736
2719
2814
2755
2671
2738
2677
2584
2553
2467
2578
2566
2511
2554
2569
2586
2496
2570
2546
2508
2488
2424
2463
2320
2257
2229
2166
2229
2166
2254
2238
2327
2365
2331
2226
2121
2074
2040
2136
2208
2277
2310
2484
2512
2445
2381
2404
2292
2213
2260
2274
2332
2269
2347
2427
2497
2501
2468
2461
2392
2467
2416
2458
2428
2410
2491
2605
2662
2743
2613
2559
2619
2603
2771
2785
2730
2719
2656
2758
2643
2694
2645
2601
2673
2556
2733
2704
2701
2706
2708
2694
2795
2929
2998
2892
2947
2977
2907
2871
2860
2929
3001
3086
3344
3441
3477
3363
3512
3505
3444
3437
3425
3480
3527
3429
3418
3377
3437
3454
3481
3404
3259
3402
3253
3273
3194
3207
3166
3128
3069
3045
2995
3070
2950
2928
3008
3033
2966
2883
2953
2923
2972
3003
2929
2842
2737
2772
2643
2641
2671
2679
2712
2679
2650
2546
2533
2620
2653
2712
2764
2745
2749
2784
2698
2721
2774
2848
2823
2783
2796
2803
2911
2903
2846
2843
2800
2875
2934
2899
2979
2956
2861
2818
2878
2867
2826
2793
2691
2632
2565
2695
2611
2698
2782
2871
2838
2910
2925
2942
2989
3023
2896
2905
2851
2728
2759
2781
2932
2639
2620
2804
2863
2745
2716
2785
2826
2877
2808
2865
2749
2730
2544
2500
2418
2335
2248
2231
2281
2265
2200
2141
2218
2199
2238
2238
2265
2211
2203
2270
2259
2364
2445
2456
2592
2477
2517
2448
2475
2458
2579
2610
2529
2608
2605
2662
2727
2701
2686
2760
2745
2891
2981
3017
3098
3120
3172
3248
3458
3465
3445
3402
3492
3417
3368
3234
3280
3138
3072
3112
3073
3084
3042
3126
3101
2999
2987
2978
3063
3124
3121
3046
2993
3101
3180
3185
3217
3314
3266
3204
3323
3334
3317
3369
3429
3430
3457
3224
3271
3215
3148
3148
3198
3373
3408
3483
3445
3441
3567
3655
3554
3696
3631
3637
3590
3743
3604
3562
3496
3524
3398
3318
3262
3240
3305
3343
3374
3377
3371
3387
3560
3608
3762
3853
3943
3953
3888
3834
3725
3740
3822
3830
3809
3767
3854
3913
3733
3694
3747
3580
3689
3718
3912
4025
3981
3976
3873
3773
3903
3934
3892
3914
3893
4022
4175
4280
4214
4269
4207
4237
4145
4219
4233
4301
4106
4265
4248
4357
4568
4515
4436
4435
4352
4305
4142
4165
4095
4154
4012
3897
3917
3882
4075
4197
4187
4282
4402
4354
4243
4166
4258
4053
4021
4069
3871
3771
3806
3797
3678
3601
3678
3595
3696
3661
3575
3431
3451
3497
3591
3667
3561
3583
3480
3558
3547
3394
3266
3357
3353
3397
3315
3198
3262
3122
3145
3255
3210
3256
3254
3292
3400
3403
3480
3443
3446
3582
3602
3672
3672
3755
3816
3852
3919
3976
4051
4021
3953
3952
4019
4088
3931
3888
3689
3864
3832
3899
3905
3923
3840
3831
3870
3930
3965
3861
3871
3903
3989
3970
4047
3913
3893
3881
4042
4007
3999
4173
4205
4179
4123
4065
3940
4020
4117
4025
4215
4283
4285
4236
4282
4400
4467
4621
4447
4459
4524
4543
4608
4501
4458
4565
4362
4248
4172
4160
4165
4267
4095
4091
4066
4136
4147
4138
4128
4052
4104
4021
3946
3796
3582
3701
3773
3805
3906
3863
3936
3959
4047
4198
4201
4352
4509
4360
4423
4394
4198
4189
4255
4499
4635
4639
4578
4496
4636
4406
4491
4461
4451
4393
4394
4359
4274
4306
4335
4282
4316
4252
4152
4332
4238
4304
4218
4133
3996
3976
4048
4128
4144
4087
4309
4293
4197
4359
4259
4280
4117
4184
4121
4165
4099
4035
4185
4185
4107
4090
4160
4260
4320
4332
4357
4336
4479
4676
4750
4878
4987
5109
5028
5119
5168
5273
5245
4959
4973
5040
4990
4971
4981
5045
4978
5124
4869
4835
4737
4700
4738
4702
4672
4643
4655
4669
4728
4796
4719
4566
4653
4656
4803
4717
4727
4864
4895
5058
5089
5105
5064
5101
4972
5008
4985
4911
4912
4884
4803
4917
5105
5169
5184
5245
5115
5318
5423
5598
5649
5811
5726
5910
5830
5994
5958
6061
6021
5884
6015
5874
5876
5953
5743
5829
5831
5892
5744
5650
5560
5618
5926
5870
6008
5934
5774
5831
5840
5793
5907
5909
5736
5678
5693
5663
5718
5773
5602
5538
5582
5516
5319
5370
5457
5496
5664
5581
5598
5801
5717
5692
5646
5833
5896
5677
5766
5735
5849
5870
5717
5603
5558
5574
5710
5567
5582
5664
5742
5848
6009
6106
6135
6023
5947
6071
6120
6139
6097
6174
5939
5894
6039
6167
6189
6174
6273
6211
6119
6129
6091
6143
6138
6105
6128
5983
6126
6009
5948
5954
6125
6198
6086
6102
5938
6015
6212
6144
6357
6310
6217
5990
5917
6063
5961
6061
6072
6025
5869
5771
5775
5823
6027
6032
6010
5963
6056
6089
5948
6000
6175
6333
6301
6252
6313
6287
6245
6255
6191
6285
6219
6222
6276
6331
6250
6092
6022
6074
5964
6036
6011
6195
6069
5979
5922
6059
5998
6004
5817
5855
5817
5800
5796
5809
6015
6024
5855
6040
6098
6185
6014
5828
5915
6136
5844
5939
6136
6120
6156
6098
6160
6350
6201
6132
6024
6164
6232
6200
6079
6144
6265
6144
6089
6006
6008
6013
5947
6124
6104
6322
6479
6438
6586
6510
6559
6552
6568
6587
6769
6917
7043
6964
7015
7021
6946
6991
6907
6814
6691
6718
6867
6802
6807
6680
6621
6596
6509
6363
6345
6352
6559
6576
6583
6740
6675
6662
6774
6903
6916
6935
6981
6658
6742
7018
7067
6947
6830
6894
6761
6842
6757
6725
6523
6490
6520
6631
6411
6543
6551
6404
6506
6497
6466
6509
6633
6711
6664
6823
6917
6780
6874
7016
7045
6969
7013
7047
6903
6987
6946
7163
7207
7262
7074
7206
7236
7124
7040
7232
7210
7392
7192
7671
7556
7553
7566
7608
7554
7497
7381
7357
7277
7330
7205
7221
7139
7332
7498
7596
7702
7856
7914
7968
7873
7744
7661
7380
7271
7266
7403
7462
7306
7175
7078
7016
7225
7342
7373
7320
7150
7159
7250
7249
7204
7296
7279
6960
6890
6816
6899
7067
7027
6941
6781
6810
6909
6857
6632
6571
6463
6289
6374
6235
6271
6294
6394
6281
6260
6343
6340
6240
6142
6112
6284
6240
6067
6170
6156
6149
6055
6120
6264
6074
6102
6163
6247
6016
5880
5829
5927
5817
5723
5581
5452
5447
5465
5356
5420
5583
5535
5555
5690
5665
5594
5483
5557
5613
5735
5665
5637
5818
5657
5620
5709
5797
5601
5484
5541
5628
5630
5581
5610
5574
5589
5559
5411
5298
5294
5424
5418
5288
5335
5042
5128
5271
5259
5156
5163
5026
5224
5165
5171
5169
5043
4987
5127
5308
5319
5454
5501
5693
5771
5770
5732
5836
5760
5510
5354
5477
5598
5663
5909
5988
5965
5926
5825
5939
6190
6220
6106
6245
6297
6157
6207
6285
6152
6252
6169
6214
6288
6110
6034
6057
5929
5901
5947
5960
6068
6185
6434
6331
6404
6368
6236
6152
6215
6343
6321
6410
6326
6192
6180
6231
6211
6137
6185
6258
6353
6288
6206
6353
6306
6307
6084
6178
6137
6164
6067
5929
6077
5859
5940
6015
6081
6219
6013
6043
5892
5927
5871
5777
5930
6075
6231
6072
6113
6150
6044
6128
6088
5999
5997
5930
5933
5966
5967
5971
6050
5998
6005
5910
5757
5767
5836
5701
5717
5709
5586
5611
5860
6002
6109
6142
6127
6150
6289
6355
6498
6430
6584
6666
6849
6939
7026
7100
7153
7149
7211
7353
7399
7260
7291
7377
7284
7210
7414
7531
7648
7740
7743
7815
7898
7829
7851
7584
7673
7685
7872
7636
7499
7355
7336
7506
7552
7394
7438
7305
7043
7083
6975
6968
6971
6793
6562
6554
6628
6507
6396
6436
6174
6093
6118
6127
6143
6320
6444
6232
6090
6027
6002
5983
5925
5731
5756
5716
5907
5891
5796
5757
5694
5855
5873
5734
5805
5642
5628
5678
5658
5796
5754
5796
5802
5670
5589
5657
5683
5638
5616
5613
5540
5482
5404
5392
5399
5514
5541
5498
5473
5636
5693
5527
5453
5504
5482
5497
5463
5427
5502
5506
5463
5551
5582
5463
5478
5603
5503
5538
5725
5697
5729
5866
5867
5995
6071
6188
6034
5944
5917
5901
5980
5940
5870
5873
5749
5926
5857
5789
5760
5735
5683
5798
5746
5685
5682
5573
5638
5592
5591
5579
5701
5664
5649
5768
5680
5667
5598
5594
5662
5478
5643
5621
5657
5656
5596
5605
5436
5434
5335
5368
5285
5348
5383
5407
5807
5735
5567
5548
5549
5727
5653
5561
5364
5383
5358
5350
5399
5583
5690
5642
5452
5440
5468
5328
5408
5261
5263
5297
5338
5411
5522
5634
5650
5607
5647
5660
5554
5533
5564
5273
5062
4965
4982
4901
5016
4975
5210
5209
5126
5102
5122
5002
5166
5146
5019
5064
4847
4859
4937
5002
4979
5106
5125
5226
5142
5249
5465
5564
5649
5709
5725
5759
5895
5882
5889
5908
5841
5859
5785
5783
5960
5684
5702
5680
5869
5827
5629
5425
5527
5612
5408
5556
5463
5561
5616
5567
5407
5383
5253
5220
5145
5094
5168
5199
4979
4975
4982
5107
5162
5214
5400
5503
5407
5408
5311
5235
5358
5428
5491
5450
5538
5488
5454
5361
5326
5517
5438
5440
5459
5311
5233
5211
5242
5269
5326
5352
5261
5514
5634
5829
5908
5861
5959
5884
5897
5887
5743
5804
5774
5524
5484
5719
5759
5745
5763
5546
5470
5370
5448
5680
5564
5575
5615
5453
5496
5409
5202
5003
4985
4972
5140
5049
5043
4839
4880
5040
4985
4933
5032
5085
5172
5128
5205
5251
5218
5233
5218
5306
5365
5379
5354
5393
5391
5222
5328
5422
5388
5404
5429
5156
5198
5430
5479
5302
5203
5239
5141
5126
5082
5169
5219
5184
5067
5095
5134
5237
5348
5471
5399
5370
5505
5401
5320
5161
5108
5049
5001
5066
5032
5031
5089
5070
4958
4865
4889
4976
4963
5260
5220
5192
5016
5185
5228
5229
5123
5075
5022
4868
4798
4863
4820
4881
4946
4858
4764
4591
4634
4637
4739
4744
4892
4921
5037
5302
5246
5281
5141
5041
5014
5045
4997
5008
4921
4803
4829
4876
4884
5047
5069
5054
4889
4983
4916
4925
4875
4958
4912
5090
4992
4869
4936
4985
5011
5006
4988
5088
5155
4906
5040
5050
5091
5343
5170
5200
4967
5023
4876
4845
4935
5062
5083
5084
5006
4919
4990
5164
5023
4887
4898
4805
4939
4904
4955
4987
4943
4884
4865
4958
4902
4751
4667
4650
4658
4690
4773
4756
4710
4792
4744
4747
4764
4797
4877
4769
4745
4807
4926
5125
5164
5148
5299
5400
5524
5590
5661
5674
5604
5630
5585
5597
5477
5458
5587
5711
5814
5748
5774
5843
5673
5833
5895
6043
6056
6133
6102
6185
6153
6204
6318
6281
6262
6366
6342
6390
6440
6601
6665
6590
6574
6683
6595
6438
6108
6073
6219
6287
6354
6223
6303
6314
6205
6181
6474
6464
6443
6485
6300
6408
6387
6415
6278
6236
6214
6251
6333
6382
6373
6298
6275
6137
6275
6370
6358
6290
6293
6275
6338
6297
6278
6213
6225
6251
6306
6374
6135
6278
6194
6251
6208
6316
6155
6152
6288
6303
6364
6356
6253
6382
6384
6346
6444
6263
6178
6194
6105
6328
6242
6330
6207
6481
6574
6442
6131
6047
5957
5947
5963
6043
6205
6252
6155
6189
6190
6001
6152
6147
6090
6294
6393
6132
6049
6078
6164
6118
6199
6215
6330
6360
6440
6554
6522
6351
6332
6362
6522
6526
6498
6563
6537
6472
6342
6430
6344
6119
6103
6103
6127
6147
6224
6269
6192
6326
6462
6636
6604
6465
6334
6353
6339
6349
6237
6132
6225
6258
6168
6258
6288
6256
6200
6196
6222
6112
6013
6025
6048
6054
6109
6128
6166
6111
6122
6104
5876
6054
6066
6066
5895
5843
5982
5721
5606
5727
5679
5624
5504
5512
5533
5419
5563
5614
5553
5628
5566
5413
5296
5256
5260
5180
5211
5187
5208
5141
5226
5063
5072
5034
5111
5176
5140
5213
5233
5194
5046
5059
5064
4935
4870
4836
4781
4751
4703
4780
4795
4667
4827
4675
4602
4684
4535
4425
4387
4173
4275
4296
4285
4147
4060
4156
4046
4048
4103
4117
4172
4319
4402
4415
4361
4425
4578
4424
4498
4592
4679
4606
4579
4634
4717
4838
4832
4847
4916
5032
5093
5018
4881
5060
5048
5098
5084
5292
5233
5241
5157
5207
5293
5268
5175
5076
5016
5074
5110
5118
5089
5127
5071
5234
5195
5211
5181
5185
5101
5155
5148
5220
5133
5135
5183
5203
5024
4939
5023
5098
5115
5008
5150
5064
5152
5056
5121
5129
5275
5032
5126
5184
5490
5363
5394
5489
5485
5373
5388
5544
5666
5620
5637
5641
5587
5578
5552
5629
5619
5664
5693
5830
5892
5885
6098
6195
6224
6234
6213
6154
6159
6265
6206
6359
6119
5943
6035
5770
5778
5956
5923
5892
5877
5983
5965
5939
5914
6191
6335
6368
6233
6443
6474
6547
6514
6567
6676
6473
6433
6488
6535
6442
6318
6307
6280
6245
6282
6332
6333
6420
6429
6422
6438
6345
6451
6465
6302
6312
6305
6447
6535
6500
6581
6560
6507
6534
6752
6657
6675
6684
6649
6439
6402
6458
6507
6516
6351
6360
6293
6270
6223
6176
6247
6364
6453
6570
6613
6648
6598
6691
6603
6603
6580
6672
6769
6738
6742
6661
6570
6644
6474
6562
6475
6424
6294
6294
6310
6213
6264
6317
6481
6719
6929
6968
6894
6806
6762
6883
6742
6668
6548
6631
6602
6871
6754
6487
6392
6465
6545
6732
6806
6719
6816
6754
6833
6845
6802
6967
6854
6732
6839
6811
6554
6484
6450
6478
6330
6208
6340
6418
6283
6286
6130
6033
6044
5956
5756
5966
5882
5628
5625
5662
5791
5935
6089
5949
5966
5923
6000
6098
6102
6125
6239
6157
6253
6187
6511
6523
6582
6415
6331
6303
6356
6224
6031
5918
5760
5740
5889
6095
6018
6050
6364
6358
6457
6313
6314
6168
6104
6313
6299
6174
6088
6185
6219
6205
6042
6275
6258
6425
6392
6199
6087
6022
6024
5957
6056
6138
6242
6347
6099
6034
5968
6106
6092
5835
5757
5799
5838
5891
6039
5936
5937
5781
6003
5904
5917
5852
5812
5894
5767
5824
5861
5810
5763
5891
6016
6211
6172
6160
6239
5891
5949
5932
5897
5966
5837
5717
5770
5718
5736
5684
5751
5765
5586
5549
5612
5539
5345
5319
5338
5467
5621
5675
5671
5654
5691
5694
5644
5823
5829
5994
6125
6210
6214
6227
6036
6111
5962
5997
6021
6050
6011
5980
5987
5846
6008
6016
5860
6070
6085
5868
5856
6081
6213
6126
6078
6137
6095
6137
6059
6021
6028
5996
6107
6156
5928
5971
5944
5949
5944
5912
5971
5967
5961
5987
5981
5962
6095
6178
6312
6199
6336
6186
6021
5961
5784
5876
5853
5773
5726
5647
5860
5895
5954
5932
6045
5970
6001
5961
5791
5617
5450
5344
5188
5067
5100
5060
5132
4992
4960
4885
4969
5070
5134
5066
5198
5218
5347
5135
5043
4917
5049
5070
5016
4992
4941
4911
4798
4863
4833
4729
4591
4525
4646
4705
4681
4645
4692
4718
4719
4508
4484
4311
4319
4455
4386
4502
4467
4377
4330
4398
4418
4588
4656
4732
4721
4437
4612
4515
4548
4528
4480
4535
4608
4722
4563
4555
4443
4432
4541
4616
4636
4802
4950
4816
4826
4599
4509
4656
4614
4629
4693
4721
4712
4801
4848
4952
5012
5237
5083
5079
5031
5115
5041
5143
4983
5058
5264
5264
5343
5435
5620
5732
5885
5954
5791
5662
5504
5525
5846
5789
5880
5866
5887
5752
5737
5895
5841
5996
5973
6142
6078
6067
6044
6090
5830
5878
5896
5918
5808
5783
5846
5844
5988
6155
6233
5992
5919
6085
6261
6181
6186
6104
6001
6053
6162
6106
6113
6278
6221
6381
6456
6567
6573
6466
6359
6241
6240
6327
6338
6178
6209
6235
6088
6171
6129
6361
6268
6236
6240
6289
6369
6127
5975
5947
6001
6255
6053
6005
6143
6296
6307
6148
6178
6345
6376
6328
6292
6213
6086
6294
6505
6516
6462
6418
6291
6229
6193
6435
6576
6628
6638
6664
6706
6641
6751
6848
6574
6740
6622
6613
6697
6586
6561
6532
6378
6327
6287
6276
6216
6204
6272
5992
5992
6115
6024
6165
6308
6113
6270
6467
6574
6571
6568
6460
6353
6314
6401
6388
6434
6371
6210
6208
6244
6484
6549
6472
6445
6418
6390
6474
6392
6530
6726
6890
6842
7015
6945
7023
7154
7071
7050
7010
7064
6905
6838
6582
6653
6764
6672
6553
6494
6548
6638
6509
6428
6157
6272
6419
6358
6449
6384
6542
6535
6586
6706
6675
6730
6593
6664
6848
6787
6779
6854
6781
6839
6697
6528
6836
6698
6738
6504
6403
6526
6541
6667
6561
6693
6662
6503
6413
6392
6353
6426
6193
6355
6283
6205
6106
6059
6039
5983
6040
6024
6131
6157
5841
5721
5644
5593
5580
5643
5752
5763
5807
5781
5950
6168
6116
6060
5955
5986
5842
5837
5768
5893
6013
5908
6023
6084
6084
6045
6080
5942
6045
6105
6002
6068
5908
6041
5868
5928
5935
6078
5954
6192
6156
6277
6286
6051
6004
6155
5950
6224
6317
6247
6230
6195
6199
6113
6065
6069
5977
5993
5894
5992
5831
6030
5975
6006
6198
6231
5944
5774
5795
5773
5589
5504
5447
5626
5609
5720
5536
5439
5514
5396
5230
5106
5039
4960
4799
4995
4926
4936
5056
5007
5172
4958
4853
5088
5148
5207
5507
5445
5570
5488
5439
5488
5502
5562
5598
5734
5635
5588
5692
5633
5688
5637
5693
5635
5752
5741
5645
5521
5626
5635
5577
5564
5529
5537
5445
5443
5377
5425
5552
5507
5461
5461
5318
5320
5308
5185
5185
5262
5125
5321
5332
5354
5044
5017
5028
5042
5024
5056
5187
5218
5365
5134
5075
5132
5002
5046
5020
5006
5011
5123
5208
5160
5097
5110
5082
5062
5265
5021
5227
5174
4993
5144
5287
5338
5260
5427
5452
5384
5482
5579
5742
5782
5841
5908
5900
6068
6077
6108
5918
5833
5814
5906
5868
6000
6037
6045
5873
5789
5787
5818
5814
5851
5699
5634
5715
5666
5655
5743
5734
5839
5983
5969
5917
5846
5794
5622
5811
5856
5768
5741
5824
5783
5962
5831
5726
5630
5785
5712
5632
5737
5784
5799
5870
5942
6169
6070
6173
6165
6316
6265
6134
6269
6378
6259
6452
6469
6455
6522
6453
6338
6226
6289
6444
6433
6386
6502
6552
6455
6514
6527
6595
6489
6408
6609
6785
6371
6401
6462
6445
6604
6590
6472
6431
6587
6737
6717
6763
6829
6704
6954
6881
6978
6909
6996
7045
7034
6987
7093
7227
7217
7062
7059
7075
7066
7237
7508
7590
7482
7477
7410
7455
7444
7759
7715
7599
7496
7438
7334
7259
7296
7215
7190
7246
7332
7259
7226
7424
7453
7403
7055
7069
6968
6942
6991
6919
6860
6973
6959
6850
6793
6817
6962
6772
6847
6746
6965
6858
6828
6803
6773
6642
6664
6584
6671
6693
6602
6474
6290
6072
6117
6187
6093
6079
6004
6134
6204
5937
5942
5800
5927
5796
5861
5908
5726
5685
5653
5610
5513
5602
5751
5804
5840
5806
5783
5915
6025
5998
6001
6036
6178
6224
5949
5985
5984
6198
6225
6206
6125
5998
5736
5695
5562
5687
5750
5536
5595
5427
5381
5539
5422
5308
5297
5426
5449
5427
5603
5536
5406
5503
5558
5333
5437
5626
5565
5536
5546
5494
5270
5261
5285
5238
5218
5138
5173
5237
5285
5345
5334
5311
5255
5188
5130
5017
4963
4928
4809
4815
4948
4885
4797
4718
4537
4586
4559
4675
4661
4575
4771
4813
4701
4714
4853
4692
4827
4950
4986
4884
4961
5038
4949
5055
5234
5258
5335
5382
5365
5463
5575
5451
5384
5384
5381
5348
5147
5093
4947
5028
5100
4845
4929
4797
4845
4917
5071
5218
5206
5388
5336
5300
5225
5237
5410
5284
5423
5426
5531
5549
5695
5617
5497
5476
5478
5537
5370
5472
5533
5486
5462
5462
5441
5402
5441
5413
5171
5361
5475
5403
5337
5251
5317
5375
5207
5335
5334
5449
5594
5585
5564
5561
5671
5653
5800
5959
5861
5787
5735
5630
5666
5674
5642
5554
5676
5775
5763
5748
5584
5656
5677
5701
5398
5061
4929
4935
5111
5006
4938
4864
4814
4929
4925
5019
5060
4960
4894
4963
4807
4997
5029
5204
5131
5088
5227
5301
5397
5464
5494
5688
5715
5598
5735
5745
5688
5696
5709
5669
5568
5526
5530
5450
5244
5195
5038
5059
5106
5152
5116
5322
5260
5100
5216
5330
5377
5368
5428
5500
5320
5301
5072
5016
5309
5341
5376
5259
5160
5413
5382
5261
5252
5313
5170
5072
5255
5182
5074
5296
5335
5486
5421
5303
5206
5138
5149
5173
5095
5090
5092
5068
4933
4733
4772
4774
4807
4859
4626
4477
4467
4487
4526
4575
4609
4396
4551
4436
4477
4523
4533
4339
4326
4262
4142
4267
4394
4230
4448
4502
4554
4532
4444
4564
4585
4613
4623
4532
4607
4786
4733
4862
4858
4918
4742
4785
4748
4834
5000
4999
5183
5392
5428
5395
5406
5584
5536
5533
5673
5737
5775
5670
5803
5736
5602
5541
5534
5555
5550
5652
5559
5477
5500
5661
5630
5600
5655
5773
5624
5717
5700
5750
5940
6030
6050
5915
5899
6055
6187
6116
5954
6091
6090
6066
6113
6211
6204
6210
6046
6149
5946
5815
5729
5792
5651
5654
5423
5237
5220
4981
5056
4958
5074
5110
5138
5224
5210
5327
5337
5456
5308
5142
5151
5309
5298
5113
5050
5041
5096
5166
5211
5395
5495
5622
5659
5644
5647
5745
5728
5742
5760
5857
5763
5581
5639
5512
5430
5255
5208
5112
4931
4845
4663
4869
4867
4915
5040
5079
5234
5199
5293
5194
5176
4964
5032
5076
5184
5084
5119
5101
5092
5129
5129
5240
5297
5182
5239
5472
5455
5324
5337
5426
5533
5447
5369
5391
5388
5491
5472
5566
5576
5558
5472
5366
5354
5323
5376
5353
5264
5115
5125
5273
5387
5427
5479
5493
5268
5436
5602
5511
5504
5381
5261
5457
5448
5487
5596
5641
5725
5790
5751
5610
5664
5709
5791
5761
5837
5933
5764
5713
5937
5941
6000
5989
5935
5812
5787
5750
5730
5635
5553
5500
5522
5618
5646
5671
5577
5489
5642
5573
5533
5658
5528
5592
5597
5793
5975
5729
5700
5541
5596
5595
5459
5333
5299
5261
5208
5267
5191
4960
4992
4839
4795
4909
4908
4863
4737
5081
5231
5328
5246
5296
5311
5238
5263
5176
5203
5151
5177
5271
5142
5095
5075
4930
5022
5140
5408
5305
5127
5196
5174
5364
5471
5406
5416
5555
5619
5631
5680
5726
5976
6158
6188
6016
6096
6169
6295
6448
6401
6453
6349
6460
6442
6443
6435
6446
6533
6345
6331
6067
6164
6245
6260
6356
6355
6217
6328
6379
6292
6486
6565
6461
6597
6611
6454
6588
6462
6496
6508
6294
6272
6400
6490
6515
6533
6361
6281
6245
6120
5970
6051
5885
5988
6032
6017
6097
6124
6124
6314
6427
6473
6536
6467
6595
6493
6359
6345
6343
6302
6161
6226
6473
6360
6488
6434
6552
6636
6575
6707
6896
6733
6737
6870
6996
7050
7075
6937
6856
6990
6942
7039
7084
7078
6935
7005
6823
6868
6830
6880
6816
6676
6541
6517
6739
6679
6543
6618
6706
6633
6408
6398
6332
6411
6464
6494
6440
6573
6570
6671
6833
6648
6689
6581
6645
6677
6794
6865
7097
7093
7037
7005
7165
7124
7115
6969
6787
6874
7015
7153
7115
7190
7000
6943
6658
6413
6416
6477
6534
6489
6362
6377
6561
6728
6628
6454
6253
6399
6329
6570
6614
6643
6527
6376
6522
6607
6725
6651
6590
6758
6717
6617
6615
6624
6375
6311
6388
6446
6212
6275
6157
6171
6153
6355
6185
6184
6291
6292
6211
6124
6172
6146
6203
6094
5950
6008
6111
6065
6180
6239
6173
6280
6407
6450
6484
6569
6841
6736
6626
6534
6428
6604
6773
6721
6668
6596
6743
6671
6859
7099
7084
7159
7164
7000
7124
7003
7091
7161
7167
7204
7029
6971
6936
6923
7097
7281
7229
7253
7167
7061
7009
7026
6844
6733
6882
6643
6665
6592
6645
6563
6562
6680
6772
6831
6856
6929
7132
7107
7114
7303
7236
7142
7189
7062
6858
7008
7059
7159
7038
7185
7297
7240
7296
7381
7536
7433
7318
7072
7274
7205
7309
7318
7449
7632
7830
7761
7638
7580
7497
7366
7367
7378
7721
7688
7623
7597
7744
7548
7496
7384
7571
7634
7680
7675
7628
7586
7462
7341
7202
6987
6976
7032
6898
6874
7073
7304
7493
7262
7050
6987
7001
6905
6892
6948
6893
7026
6777
6851
6879
7036
7058
7008
6796
6913
6915
6889
6810
6966
7180
7374
7698
7750
7711
7673
7763
7595
7536
7549
7571
7675
7855
7565
7666
7784
7698
7783
7600
7474
7252
7208
7199
7234
7015
6835
7009
7031
7031
7148
7247
7222
7254
7399
7315
7193
7175
7090
7176
7012
6895
6891
6656
6623
6625
6589
6622
6370
6498
6543
6439
6441
6462
6292
6313
6261
6284
6323
6306
6444
6303
6425
6447
6387
6431
6421
6532
6451
6403
6215
6183
6063
6031
6034
6031
5952
6059
5979
5951
5754
6091
6075
6001
6034
6069
6224
6188
6155
6162
6150
6010
6144
6048
6065
6004
6120
6155
6094
6009
6046
6327
6361
6302
6385
6390
6577
6579
6624
6465
6518
6524
6539
6667
6729
6823
7002
6946
7025
7095
7022
7103
7245
7138
7041
7180
7334
7163
7000
6956
6971
6814
6628
6526
6304
6309
6436
6398
6603
6768
6677
6849
6494
6449
6579
6674
6643
6691
6597
6595
6649
6672
6636
6490
6571
6585
6640
6571
6268
6152
6061
6018
5841
5890
5940
5944
5976
5857
5977
6072
6167
6197
6169
6360
6264
6286
6394
6286
6401
6424
6320
6400
6275
6153
6251
6108
6138
5982
5917
5834
6020
6059
6140
6151
6282
6352
6374
6274
6236
6162
6089
6011
6115
6119
6044
5987
6288
6264
6504
6667
6667
6640
6700
6653
6560
6429
6720
6757
6892
7101
7313
7403
7601
7570
7419
7305
7387
7397
7415
7214
7333
7362
7232
7245
7519
7376
7220
7038
6987
6983
7004
6914
6765
6555
6448
6649
6467
6485
6598
6552
6725
6796
6769
6922
6969
6845
6639
6693
6651
6386
6344
6628
6566
6526
6481
6480
6415
6358
6127
6033
5906
6164
6051
6236
6211
5937
5889
5930
5843
5857
5742
5884
5985
5873
5739
5651
5737
5634
5535
5347
5438
5526
5428
5308
5329
5360
5367
5288
5601
5717
5864
5755
5605
5733
5903
5900
5777
5592
5722
5719
5683
5715
5770
5846
5813
5838
5937
5863
5957
6107
6072
6019
5979
6029
6267
6192
6192
6411
6334
6377
6278
6478
6516
6543
6495
6508
6582
6654
6665
6700
6592
6415
6357
6139
6074
6085
6112
6048
6075
6260
6162
6035
6218
6264
6214
6036
5917
5951
5745
5580
5543
5547
5553
5621
5585
5638
5634
5750
5892
5840
5712
5743
5599
5474
5505
5422
5643
5735
5672
5652
5702
5640
5531
5753
5792
5817
5810
6003
5992
5927
5997
6101
6286
6264
6134
6141
6104
6193
6030
6182
6254
6382
6421
6389
6387
6446
6486
6311
6447
6411
6450
6344
6685
6811
6838
6725
6375
6413
6519
6498
6423
6465
6428
6367
6307
6337
6321
6477
6263
6187
6168
6360
6184
6286
6243
6240
6330
6298
6258
6052
5987
6068
5949
5842
5767
5612
5653
5718
5604
5372
5348
5336
5365
5367
5410
5325
5311
5150
5205
5005
5098
5181
5038
5295
5347
5318
5387
5415
5166
5070
5148
4863
5100
5165
5178
5252
5297
5447
5316
5264
5043
5063
5120
5204
5213
5155
5232
5335
5289
5474
5578
5626
5852
5910
5943
5882
5986
6040
6008
6028
6063
6014
5933
5608
5771
5807
5869
5728
5688
5635
5699
5756
5469
5439
5380
5286
5383
5252
5337
5325
5489
5465
5528
5527
5533
5466
5343
5415
5493
5552
5658
5644
5736
5771
6115
6025
6062
6014
6037
6063
6065
6051
5933
5845
5957
6065
6042
6246
6205
6223
6342
6206
6202
6324
6314
6174
6111
6111
6092
6103
6167
6256
6151
6223
6381
6428
6450
6254
6382
6456
6320
6528
6508
6365
6424
6370
6450
6499
6542
6395
6539
6405
6611
6504
6643
6591
6653
6523
6267
6169
6258
6189
6247
6330
6302
6431
6384
6298
6335
6401
6324
6280
6206
5978
6073
6016
6129
6285
6330
6319
6303
6442
6407
6378
6333
6282
6303
6193
6233
6184
6162
6116
6141
6250
6230
6307
6329
6404
6321
6372
6395
6152
6095
6166
6056
5966
5966
6032
6294
6213
5968
6064
6106
6167
6186
6208
6113
6123
6100
6119
6117
6259
6152
6142
6304
6247
6275
6098
5994
5893
5971
5928
5929
5984
5930
5811
6014
6086
6034
6008
6162
6102
5936
6032
5863
5884
5977
5961
5945
6219
6098
6131
6004
6088
6166
6264
6167
6143
6066
6076
6244
6234
6186
6417
6578
6484
6489
6350
6504
6719
6515
6431
6566
6643
6494
6458
6457
6500
6445
