1005000
268650
173665
129695
103441
85567
73013
63147
56116
50253
46160
42341
38916
35709
33109
30409
28477
27122
25587
24127
22976
22203
21318
20157
19046
18414
17590
16792
15882
15576
14951
14066
13840
13475
13322
12857
12588
12337
11894
11365
11084
10784
10521
10122
9876
9820
9909
9704
9804
9608
9192
9043
8796
8780
8619
8542
8496
8262
8123
7921
7951
8106
7959
7711
7678
7731
7680
7683
7701
7521
7331
7263
7013
7019
7091
7227
7219
7079
6947
6765
6603
6532
6584
6497
6513
6680
6740
6575
6611
6497
6452
6344
6251
6088
6109
5987
5838
5828
5832
5611
5431
5349
5141
5221
5009
4769
4850
4809
4765
4665
4594
4475
4498
4441
4449
4205
4360
4541
4712
4649
4670
4835
4694
4632
4725
4702
4674
4518
4416
4466
4439
4439
4398
4457
4737
4780
4574
4669
4558
4490
4548
4523
4593
4673
4628
4570
4570
4693
4704
4734
4744
4662
4520
4550
4399
4291
4185
4123
4172
4076
4108
4207
4272
4461
4474
4460
4747
4850
4715
4770
4714
4688
4618
4563
4653
4600
4714
4721
4588
4562
4618
4489
4501
4385
4388
4446
4489
4565
4623
4624
4500
4535
4530
4564
4644
4755
4875
4798
4772
4783
4869
4842
4821
4680
4795
5042
4954
5149
5133
5038
5029
4990
4982
5032
5021
4906
4781
4823
4753
4774
4881
4797
4952
4987
5011
4927
4931
4931
4889
4738
4498
4491
4533
4470
4476
4409
4386
4324
4327
4203
4284
4224
4182
4079
4061
4145
4174
4127
3905
3897
3948
3948
3992
3991
4024
3988
3882
3912
3815
3906
3969
4149
4286
4179
4339
4246
4245
4195
4218
4388
4312
4285
4344
4259
4347
4400
4218
4287
4290
4352
4260
4235
4211
4200
4188
4141
4239
4189
4173
4144
4062
4003
4067
4113
4089
4229
4173
4387
4381
4354
4348
4306
4147
4235
4119
4205
4137
4181
4077
4240
4211
4214
4278
4256
4305
4206
4108
4137
3979
3999
4149
4076
3992
3859
4001
3964
3968
4034
3976
3829
3950
3988
4245
4191
4213
4262
4389
4337
4418
4540
4551
4476
4558
4476
4473
4428
4495
4464
4402
4369
4408
4420
4528
4481
4510
4582
4566
4595
4757
4718
4690
4571
4783
4784
4767
4711
4830
4705
4636
4738
4817
4699
4785
4873
4917
4853
4943
5043
5076
5245
5328
5104
5231
5207
5151
5364
5427
5525
5488
5360
5449
5486
5798
5866
5931
6036
5944
5990
5941
5935
5830
5879
5826
5868
5632
5720
5704
5745
5753
5843
5769
5724
5635
5677
5570
5592
5718
5633
5677
5711
5677
5488
5522
5442
5521
5499
5338
5417
5422
5588
5705
5695
5801
5703
5846
5955
6128
6075
6072
6185
6216
6266
6082
5935
5839
5948
5857
5766
5785
5646
5458
5647
5664
5711
5840
5912
6022
5939
5759
5705
5674
5743
5666
5721
5731
5801
5792
5830
5775
5627
5617
5661
5758
5715
5583
5531
5552
5463
5368
5325
5417
5376
5367
5239
5346
5199
5226
5235
5401
5339
5435
5375
5536
5512
5486
5372
5553
5417
5547
5632
5634
5590
5593
5671
5523
5435
5354
5276
5386
5444
5600
5613
5552
5578
5688
5731
5834
5878
5898
6069
6220
6075
6056
6062
6061
6181
6099
5942
6063
6112
6068
6192
6348
6288
6174
6240
6139
6089
6209
6259
6312
6397
6588
6532
6690
6570
6574
6605
6331
6272
6191
6157
6230
6217
6091
5949
5949
5798
5922
6058
6234
6102
5927
5840
5855
5879
5860
5897
5879
5959
5902
6069
6056
5985
6012
6114
6136
6154
6181
6158
6293
6206
6179
6225
6105
6088
6102
6052
5941
6028
5855
5882
5908
5683
5875
5980
6060
6247
6407
6426
6399
6388
6366
6358
6307
6331
6526
6695
6631
6752
6890
7091
7141
7231
7042
7225
7081
7090
6960
6929
7079
7072
7171
6889
6814
6775
6666
6820
7096
7123
7086
7103
7244
7330
7380
7560
7552
7636
7714
7790
7684
7914
7843
7834
7590
7726
7832
7744
7690
7552
7501
7601
7670
7695
7904
7876
7904
7698
7924
8096
8108
7740
7803
7695
7631
7343
7501
7485
7478
7375
7276
7113
7163
7124
7095
7113
7361
7444
7433
7597
7570
7639
7564
7496
7580
7656
7781
7778
7852
7859
7908
8043
8021
7805
7821
7876
7998
8030
7792
8065
8101
8105
8120
8343
8282
8263
8425
8331
8423
8465
8485
8275
8224
8011
7972
8144
8138
8121
7824
7758
7788
7609
7649
7639
7448
7377
7200
7166
7008
7019
7093
7051
6937
7164
7398
7318
7462
7570
7438
7564
7637
7652
7448
7528
7432
7534
7594
7511
7526
7414
7344
7560
7655
7871
7855
7910
7726
7609
7485
7566
7529
7595
7638
7649
7617
7520
7714
7678
7639
7577
7767
7595
7663
7621
7538
7591
7717
7790
7658
7549
7489
7507
7416
7471
7483
7176
7187
7154
7155
7196
7176
7098
7164
7275
7236
7245
7160
7203
7101
7163
6989
6989
6921
6793
6728
6822
6761
6687
6616
6775
6675
6754
6716
6813
6818
6884
7047
7043
7160
7116
7049
7183
7291
7482
7509
7496
7486
7348
7339
7295
7373
7623
7364
7405
7519
7401
7424
7431
7483
7474
7372
7355
7562
7701
7553
7368
7274
7240
7109
7130
7209
7358
7335
7362
7160
7168
7109
7086
7012
6905
6809
6794
6793
6755
6735
6958
6868
6963
6918
6914
6990
6940
6932
7069
7185
7356
7328
7267
7099
7013
6960
6896
7101
7215
7351
7371
7437
7392
7310
6999
6771
6803
6817
6761
6648
6785
6795
6778
6525
6500
6536
6619
6675
6637
6522
6708
6751
6612
6674
6622
6730
6490
6354
6345
6238
6382
6450
6623
6560
6571
6526
6341
6215
6278
6082
6042
5970
5823
5989
6023
6102
5923
5772
5742
5822
5782
5976
5821
6079
6370
6338
6441
6394
6203
6236
6286
6343
6580
6522
6551
6307
6217
6258
6240
6210
6383
6467
6583
6649
6663
6808
6910
6896
7136
7217
7288
7402
7455
7587
7614
7590
7656
7634
7616
7714
7610
7353
7296
7233
7166
7182
7194
7125
7181
7220
7106
7058
7025
6761
6605
6703
6555
6690
6675
6771
6751
6866
6961
6877
6884
6941
7091
7054
7133
7026
7042
7126
6944
6802
6755
6772
6923
7039
6883
6962
7083
7028
6987
6918
6840
6975
7182
7058
6948
6941
7083
7243
7491
7405
7514
7561
7658
7756
7971
7801
7718
7554
7684
7605
7606
7523
7626
7700
7791
7583
7333
7249
7211
7245
7228
7158
7310
7254
7247
7039
7006
6987
7124
7066
7164
7055
7113
6995
7229
7311
7433
7337
7259
7191
7044
7090
7021
7084
6930
6967
6991
6944
6769
6756
6803
6847
6852
6951
6884
6909
6899
6833
6752
6933
7072
6931
6891
6887
6891
6829
6912
6821
6857
6827
7086
7192
7207
7236
7140
7225
7314
7272
7012
7020
7246
7118
7081
7266
7162
7184
7088
7176
7135
7122
7045
7132
7183
7070
7227
7240
7084
7129
6993
7210
7138
7110
7085
7282
7254
7350
7465
7510
7262
7279
7300
7394
7338
7417
7477
7428
7445
7363
7153
7055
6883
6909
6953
6823
6702
6546
6529
6428
6271
6145
6209
6257
6433
6338
6217
6277
6336
6298
6240
6243
6135
6172
6082
6104
6173
6153
6174
6088
6036
6101
6048
6068
6136
6018
5792
5633
5592
5676
5594
5375
5431
5506
5659
5644
5646
5763
5623
5387
5306
5338
5397
5483
5650
5809
5714
5675
5719
5590
5654
5515
5530
5663
5677
5585
5620
5457
5448
5373
5055
4963
4976
5103
5119
5192
5155
5192
4955
4873
4732
4717
4639
4594
4609
4637
4623
4511
4398
4459
4410
4443
4298
4323
4405
4319
4338
4426
4295
4395
4355
4390
4444
4499
4301
4235
4113
4080
4180
4149
4103
4214
4288
4356
4372
4268
4240
4223
4327
4286
4125
4244
4298
4389
4418
4328
4337
4327
4239
4172
4134
4198
4278
4277
4207
4298
4348
4311
4199
4269
4259
4256
4275
4299
4438
4345
4338
4255
4139
4105
4037
4031
3979
4095
4056
4123
4130
4036
4017
4186
4196
3894
3924
3921
3942
4022
3982
4116
4049
3853
3856
3943
3829
3740
3843
3807
3772
3851
3934
3994
4046
4134
4165
4138
4170
4118
4165
4301
4352
4440
4306
4394
4305
4277
4160
4162
4138
4284
4245
4232
4265
4230
4184
4230
4166
4167
4223
4202
4363
4288
4310
4395
4372
4189
4234
4224
4097
4125
3996
4008
3923
3942
4025
4052
3998
3939
3902
4054
4019
3963
3876
4015
3873
3703
3797
3708
3600
3571
3534
3716
3857
3936
3949
3893
3909
3879
3898
3966
3861
3808
3684
3646
3653
3878
3892
3982
3856
3747
3610
3666
3715
3804
3813
3859
3884
3929
3937
3886
4016
4050
4165
4259
4260
4078
4066
4077
4029
4115
4176
4111
4169
4318
4346
4209
4349
4378
4492
4509
4620
4425
4584
4511
4596
4786
4751
4806
4874
5027
5079
4977
4930
4994
5008
4918
5073
5053
4971
4908
4928
4670
4719
4710
4679
4619
4709
4631
4691
4502
4581
4687
4620
4767
4838
4730
4632
4695
4700
4807
4705
4748
4746
4790
4681
4635
4581
4609
4598
4530
4397
4491
4387
4421
4308
4260
4057
3850
3758
3802
3893
3998
4031
4106
4049
3991
4046
4093
4172
4148
4210
4136
4079
4081
4072
4238
4243
4338
4363
4396
4308
4374
4261
4138
4311
4211
4258
4170
4204
4361
4472
4315
4244
4198
4242
4224
4168
4128
4184
4102
4231
4206
4248
4211
4301
4235
4226
4169
4184
4271
4311
4454
4402
4300
4411
4527
4451
4373
4425
4385
4478
4636
4763
4888
5038
5061
4941
4829
4831
4743
4678
4696
4863
4981
5070
5029
5238
5295
5374
5318
5358
5379
5394
5264
5146
5030
5018
5151
5081
5048
5062
5036
5001
4925
5105
5216
5299
5191
5207
5209
5282
5146
5192
5089
5074
5044
5161
5096
4950
4916
4920
5182
5239
5310
5368
5361
5331
5432
5329
5184
5209
4967
4834
4761
4754
4809
4784
4942
4924
4867
4797
5023
4975
5029
5154
5359
5351
5252
5196
5250
5351
5226
5234
5311
5073
5035
5096
5073
5233
5247
5010
4973
5004
5007
5122
5159
5339
5375
5574
5425
5305
5151
5231
5098
5172
5115
5050
4983
4982
5046
4984
5104
5209
5324
5273
5444
5434
5410
5355
5439
5461
5397
5293
5528
5318
5157
5211
4878
5086
5054
5081
5192
5230
5285
5210
5095
5053
5175
5584
5595
5449
5598
5630
5565
5588
5876
6032
6071
6024
6098
6097
6185
6101
6142
6297
6156
6104
6153
6325
6387
6347
6448
6585
6549
6387
6443
6443
6372
6226
6252
6273
6319
6283
6342
6446
6485
6376
6570
6498
6690
6751
6729
6744
6923
6743
6764
6918
7083
7150
7030
7181
7224
7337
7330
7222
7186
7206
7230
7105
7047
6940
7050
7050
7073
7206
7403
7540
7471
7259
7509
7554
7323
7413
7334
7283
7382
7435
7460
7480
7634
7500
7386
7447
7251
7402
7307
7411
7397
7509
7428
7401
7423
7353
7167
7163
7059
7143
7243
7457
7352
7141
7314
7339
7230
7178
7138
7255
7317
7317
7263
7115
7196
7120
7104
7099
7281
7297
7373
7205
7013
7132
7200
6943
6804
6840
6860
6930
7034
6826
6772
6836
6827
6771
6852
6692
6712
6736
6831
7042
6964
6847
6749
6707
6629
6608
6703
6824
6964
6901
7059
7135
6948
7302
7172
6950
7101
7162
7095
7018
6931
6896
7008
6802
6729
6768
6837
6831
6570
6464
6468
6219
6233
6215
6147
6017
5791
5803
5705
5722
5722
5926
5777
5744
5814
5946
6062
6104
6183
6246
6240
6332
6451
6635
6650
6651
6507
6497
6670
6679
6788
6726
6649
6616
6475
6389
6177
6048
6071
6025
6137
5981
5973
6184
6118
5944
5937
5908
5964
5963
5930
6022
6035
6034
5949
6023
6049
6265
6253
6308
6200
6289
6389
6396
6328
6193
6215
6225
6258
6595
6411
6517
6514
6525
6379
6581
6581
6460
6183
6304
6460
6393
6619
6539
6903
6962
6958
7176
7116
7079
7025
6810
6961
6860
6757
6942
6870
6839
6908
7024
6905
6891
6818
6759
6790
6706
6601
6637
6593
6441
6458
6587
6568
6659
6590
6665
6671
6813
6902
6797
6888
6682
6963
7119
7048
7062
6951
7115
6907
6990
6946
6992
6765
6765
6672
6834
6901
7058
7106
6865
6922
6905
6854
6751
6881
7036
7120
7257
7347
7198
7019
6966
6913
6816
6658
6687
6620
6501
6408
6513
6578
6573
6539
6528
6416
6174
6153
6034
6081
5968
5849
5991
6020
6009
5790
5657
5561
5541
5728
5829
5834
5956
5756
5912
5951
5879
5923
5916
5788
5760
5510
5526
5652
5650
5761
5776
5821
5973
5931
5921
5833
5781
5639
5564
5562
5613
5713
5715
5600
5743
5618
5511
5641
5607
5486
5464
5514
5570
5521
5469
5483
5279
5284
5322
5258
5296
5492
5445
5401
5355
5287
5166
5203
5091
4923
4992
5181
5110
5288
5251
5286
5198
5103
5117
5184
5104
4991
4966
4906
5003
5227
5258
5339
5368
5266
5331
5290
5275
5269
5323
5219
5321
5193
5085
5087
5028
5027
5080
4974
4840
4795
4892
4696
4716
4694
4827
4813
4914
4971
4793
4758
4762
4737
4905
4820
4834
4951
5109
5198
5063
5023
4991
5054
5118
5174
5063
4920
4970
4789
4656
4591
4474
4357
4465
4336
4334
4412
4454
4500
4340
4415
4423
4487
4484
4258
4396
4448
4542
4535
4586
4511
4555
4594
4692
4718
4543
4552
4407
4619
4392
4409
4376
4310
4191
4257
4111
4099
3974
4127
4040
3974
4087
4066
4028
4070
4075
4139
4035
4129
4096
3924
3937
3938
4057
3983
3888
3913
3728
3742
3784
3653
3572
3761
3830
3628
3532
3566
3424
3387
3207
3123
3096
3025
3106
3049
2961
3081
3048
3076
3091
3113
3136
3190
3134
3132
3164
3206
3160
3015
3029
3238
3342
3401
3320
3394
3341
3340
3312
3296
3322
3297
3259
3190
3321
3050
3016
2916
2994
3019
3075
3041
2982
2952
3176
3199
3259
3264
3200
3025
2990
3092
3060
3145
3147
3181
3234
3165
3229
3256
3388
3538
3476
3401
3384
3317
3305
3385
3415
3360
3266
3374
3219
3303
3242
3292
3302
3274
3266
3351
3294
3370
3429
3486
3498
3387
3504
3535
3415
3433
3472
3400
3507
3630
3588
3566
3612
3540
3700
3782
3647
3601
3582
3700
3657
3752
3547
3520
3501
3540
3649
3715
3661
3677
3635
3742
3675
3762
3800
3910
3913
3845
3804
3836
3745
3765
3854
3935
3879
3902
3831
3803
3906
3929
4009
3926
3919
3984
4015
4094
4122
4078
4138
4135
4064
4205
4260
4230
4183
4141
4346
4296
4254
4346
4324
4155
4207
4140
4172
4307
4359
4462
4438
4481
4619
4678
4680
4755
4837
4996
4892
4850
4903
4858
4866
4685
4637
4672
4696
4691
4775
4673
4789
4846
4903
4797
4823
4700
4579
4621
4699
4426
4248
4195
4315
4265
4269
4100
4281
4376
4478
4392
4327
4448
4440
4356
4287
4329
4239
4362
4233
4349
4234
4278
4274
4406
4412
4588
4549
4614
4832
4734
4660
4522
4491
4453
4445
4467
4362
4283
4196
4269
4317
4405
4420
4387
4524
4634
4471
4572
4463
4685
4703
4726
4735
4841
4798
4938
4875
4901
5068
5032
5004
5049
5105
5276
5258
5279
5184
5215
5231
5044
5141
5093
5082
5040
5050
5021
4923
5029
5227
5227
5227
5191
5256
5297
5219
5125
5182
5197
5277
5162
5106
5185
5250
5356
5274
5236
5135
5273
5197
5157
5236
5086
5163
5163
5030
5061
4945
4862
5122
5386
5493
5557
5458
5313
5371
5287
5267
5618
5703
5625
5673
5743
5819
6012
6175
6350
6404
6430
6322
6202
6411
6292
6205
6097
6166
6198
6362
6388
6401
6251
6337
6445
6491
6424
6571
6501
6209
6325
6308
6515
6466
6515
6477
6464
6441
6269
6409
6575
6648
6346
6385
6442
6388
6388
6572
6729
6493
6395
6350
6388
6464
6764
6345
6369
6429
6373
6305
6281
6317
6355
6453
6379
6402
6532
6688
6855
6941
6882
6790
6791
6486
6347
6437
6436
6355
6290
6313
6375
6453
6222
6257
6106
6256
6320
6219
6384
6502
6603
6499
6540
6455
6530
6627
6723
6562
6676
6667
6660
6458
6488
6476
6388
6388
6509
6411
6354
6198
6061
6165
6027
5915
5853
5954
6077
5815
5853
5953
5949
6123
6316
6310
6406
6463
6370
6356
6205
6133
6214
6174
6279
6412
6409
6271
6288
6312
6260
6200
6165
6071
6291
6097
6172
5951
5900
5793
5841
5885
6023
5883
5888
5705
5790
5872
5811
5950
5885
5989
5851
5959
6039
5999
5912
5937
5889
5754
5659
5664
5797
5759
5544
5415
5397
5340
5218
5086
5144
5258
5138
5123
5016
4890
4931
4962
5102
4948
4921
5051
4915
5059
5058
4904
5006
5096
5093
5171
5260
5253
5271
5387
5328
5357
5406
5401
5270
5216
5122
5133
5013
5034
5048
5127
5227
5247
5260
5449
5375
5340
5307
5280
5282
5375
5545
5538
5540
5635
5614
5672
5863
5921
5961
6006
5866
5730
5639
5760
5847
5834
5923
5724
5783
6002
6042
6117
5980
5766
5830
5676
5708
5724
5634
5726
5848
5841
5896
5921
5881
5875
5775
5777
5731
5762
5840
5789
5640
5632
5489
5558
5594
5538
5419
5447
5476
5638
5689
5697
5664
5652
5749
5812
5755
5765
5750
5765
5548
5641
5689
5770
5444
5506
5527
5486
5549
5547
5714
5807
5699
5846
5839
5852
5644
5730
5615
5494
5694
5656
5640
5719
5623
5601
5474
5467
5339
5124
5065
5120
5135
5150
5067
5014
5076
5016
5079
5046
4993
5087
5272
5270
5323
5348
5428
5434
5431
5317
5344
5468
5296
5358
5502
5476
5702
5801
5809
5810
5839
5608
5583
5607
5597
5649
5738
5691
5638
5592
5620
5537
5623
5631
5850
5635
5527
5481
5314
5410
5519
5366
5451
5515
5634
5608
5576
5517
5390
5419
5485
5531
5405
5528
5592
5503
5605
5634
5780
5541
5602
5591
5492
5574
5638
5730
5708
5660
5635
5701
5681
5686
5724
5551
5404
5597
5634
5567
5391
5407
5327
5191
5115
5110
5019
4975
5214
5204
5226
5400
5283
5247
5165
5025
5033
5132
5221
5189
4955
4983
4814
4921
4985
4958
5207
5181
5007
5091
4939
5030
5010
4898
4960
5049
5106
5363
5417
5323
5384
5524
5479
5278
5216
5147
5150
5180
5446
5465
5478
5450
5315
5281
5215
5388
5335
5415
5317
5199
5379
5446
5418
5401
5420
5379
5348
5392
5219
5245
5176
5281
5326
5212
5172
5162
5090
5080
4999
5120
5032
5019
5114
5140
5239
5205
5111
5150
5273
5281
5204
5136
5082
5270
5108
4915
5025
5112
5304
5326
5422
5539
5435
5305
5467
5410
5259
5272
5345
5399
5303
5466
5414
5349
5309
5363
5186
5095
5205
5294
5127
5005
4938
5030
5074
5347
5373
5474
5555
5809
5689
5724
5653
5846
5706
5822
5806
5762
5785
5890
6046
6074
6016
6148
6162
6249
6174
6244
6214
6159
6155
5938
5857
6054
6118
6160
5975
6122
6050
6084
5986
6007
6003
5866
5716
5641
5497
5438
5360
5360
5532
5519
5515
5650
5629
5646
5461
5541
5585
5533
5385
5459
5470
5506
5548
5658
5581
5607
5784
5874
5997
6088
6223
6204
6133
6288
6408
6528
6358
6261
6231
6282
6092
6095
6224
6184
6174
6419
6520
6476
6385
6464
6601
6611
6619
6725
6685
6786
6816
7017
7041
6965
6754
6601
6269
6240
6265
6378
6346
6218
6189
6214
6230
6305
6182
6457
6412
6485
6426
6558
6608
6505
6444
6412
6387
6492
6508
6469
6438
6704
6545
6614
6730
6815
6966
6847
6844
6816
6477
6235
6204
6234
6311
6345
6393
6413
6297
6238
6274
6355
6270
6360
6518
6758
6896
7110
6992
6970
6820
6857
6800
6868
6715
6649
6673
6570
6470
6575
6644
6786
6873
6613
6477
6496
6559
6505
6762
6718
6674
6777
6876
7021
6873
6925
7003
6994
7037
6959
6942
6761
6891
6984
6978
7004
6937
6935
6888
6940
6860
6663
7062
7045
6883
6970
7267
7334
7338
7380
7414
7272
7105
7163
7275
7210
7253
7361
7512
7657
7792
7678
7633
7737
7937
7870
7866
7965
7803
7580
7631
7822
7922
8110
8009
7872
8133
8244
8086
8176
8341
8568
8371
8291
8303
8440
8424
8580
8546
8586
8539
8539
8490
8333
8185
8130
8215
8018
8170
8090
7969
8040
7810
7615
7502
7700
7595
7618
7921
7832
7960
7796
7721
7659
7746
7836
7644
7648
7743
7720
7605
7340
7360
7402
7509
7526
7418
7328
7237
7131
7052
7037
6886
6674
6584
6515
6439
6556
6378
6399
6447
6644
6603
6659
6760
6853
6556
6502
6540
6439
6358
6433
6448
6612
6744
6519
6591
6594
6394
6207
6149
6121
6140
6177
6086
6181
5986
5986
6097
6114
6071
6148
6194
6248
6030
5898
5771
5725
5769
5982
6065
5938
5851
6052
5992
5967
5906
5922
5997
6108
6056
6112
6194
6100
6286
6047
6185
6202
6270
6201
6361
6101
5962
5914
6002
6032
6033
5761
5751
5700
5670
5712
5878
5964
5972
5924
5989
5828
5911
6049
5979
5824
5780
5641
5674
5599
5695
5786
5712
5660
5539
5646
5768
5709
5734
5795
5892
5989
5930
6025
6088
6133
6230
6360
6605
6357
6272
6213
5930
5882
5919
5882
6113
6206
5941
6094
6253
6295
6226
6130
6158
6114
6447
6389
6270
6453
6311
6151
6036
5769
5641
5698
5670
5565
5378
5328
5289
5243
5371
5419
5460
5524
5418
5589
5631
5471
5470
5392
5339
5596
5735
5750
5533
5496
5331
5289
5236
5250
5200
5260
5051
5084
5214
5203
5372
5435
5309
5323
5243
5131
5225
5370
5530
5645
5921
5821
5706
5619
5667
5595
5656
5797
5803
6000
6011
6060
6039
6049
6066
6155
5875
5920
5863
5856
5933
5959
5798
5784
5861
5725
5685
5662
5649
5594
5785
5713
5711
5702
5839
5886
5927
5884
5897
5955
6051
6076
6096
6380
6352
6445
6396
6144
6076
6206
6189
6063
6007
6028
6026
6293
6380
6366
6253
6112
6024
5917
5977
6066
6055
5861
5735
5727
5715
5722
5611
5492
5324
5484
5553
5431
5515
5412
5471
5400
5413
5381
5479
5548
5521
5641
5658
5615
5489
5333
5364
5400
5428
5273
5211
5152
5113
5099
5144
4981
4886
4862
4694
4697
4668
4679
4881
5092
5108
5106
4976
5099
4991
4962
4897
4974
4935
4878
4866
5101
4913
5078
5104
5018
5154
5244
5130
5112
5304
5307
5235
5287
5314
5293
5421
5490
5617
5716
5876
5638
5662
5651
5731
5777
5752
5832
5906
6048
6056
6089
5973
5906
6107
5847
5860
5987
5810
5857
5943
5953
5993
5975
5764
5858
5929
6067
6008
6184
6306
6097
6114
6055
6085
6233
6338
6592
6694
6729
6552
6518
6577
6573
6300
6443
6391
6602
6559
6477
6643
6506
6542
6425
6461
6450
6404
6547
6618
6472
6380
6274
6151
6119
6121
6169
5893
5847
5856
5950
5905
5898
5888
5934
6015
6025
5978
5853
5898
5980
5998
5987
6072
6111
6118
5987
5948
6012
6028
5931
5913
5933
6041
6179
6166
6303
6228
6052
5937
5911
5790
5937
6006
6133
6275
6224
6095
5873
5871
6011
6011
6249
6301
6267
6334
6245
6394
6276
6243
6349
6363
6323
6247
6384
6262
6224
6061
5924
5871
5985
6012
6052
6148
6042
6227
6060
5964
6117
6098
6013
6070
5854
5896
5852
6049
6182
6268
6285
6242
6423
6337
6257
6421
6309
6308
6251
6346
6167
6258
6276
6405
6595
6561
6514
6414
6391
6381
6420
6490
6356
6415
6562
6525
6576
6737
6606
6652
6504
6334
6310
6144
6277
6342
6495
6495
6645
6599
6575
6630
6717
6750
6686
6584
6749
6788
6734
6647
6782
6716
6773
6790
6925
6975
6920
6909
6725
6609
6729
6769
6709
6690
6788
6824
6802
6902
6799
6783
6843
6897
6881
6670
6693
6623
6818
6941
6991
6828
6777
6856
6993
7069
6885
6833
6793
6930
7078
6902
6882
6962
6944
6987
7041
7033
6933
6840
7025
6931
7104
7040
7357
7626
7637
7489
7461
7673
7573
7612
7619
7508
7531
7371
7100
7114
7235
7109
7201
7297
7251
7293
7107
6937
6776
6867
6715
6646
6581
6488
6474
6193
6116
6136
6192
6175
6256
6262
6381
6231
6327
6336
6310
6548
6545
6531
6557
6531
6471
6409
6330
6275
6241
6086
5973
5928
5837
5763
5879
5790
5660
5570
5585
5513
5457
5414
5557
5325
5241
5107
5045
4939
4857
4936
4957
4991
4776
4756
4820
4802
4912
4883
4763
4879
4977
4926
5042
5031
5106
5254
5310
5275
5218
5146
5116
5237
5392
5488
5332
5211
5205
5261
5360
5344
5379
5261
5256
5290
5169
5120
5280
5231
5173
5099
5120
5197
5228
5136
4991
5189
5195
5348
5412
5521
5365
5500
5355
5343
5370
5480
5428
5273
5377
5399
5410
5429
5669
5645
5659
5676
5918
6004
5925
6061
6331
6444
6593
6371
6324
6266
6457
6382
6376
6359
6428
6237
6103
5930
5914
6033
6147
6044
6105
6225
6199
6245
6176
6080
6013
6004
5955
5845
5782
5803
5619
5493
5493
5551
5647
5520
5438
5464
5472
5580
5731
5595
5766
5683
5656
5798
5853
6006
6196
6298
6429
6452
6459
6390
6578
6529
6523
6496
6523
6438
6397
6575
6660
6646
6773
6810
6850
6958
6849
6804
6713
6749
6826
6727
6816
6607
6529
6473
6445
6468
6379
6348
6246
6510
6478
6535
6492
6416
6534
6362
6409
6469
6379
6581
6547
6665
6523
6536
6603
6795
6811
6954
7075
7035
7015
6839
6826
6796
6838
6902
7165
6988
7123
7178
7316
7480
7496
7537
7380
7272
7223
7098
7172
7223
7157
7091
7033
6866
6984
7085
7047
6897
6998
7029
7102
6992
7136
7196
7114
7244
7170
7334
7251
7143
7280
7208
7235
7232
7487
7707
7503
7468
7547
7422
7437
7327
7228
7107
7295
7414
7393
7251
7190
7090
7257
7217
7127
7046
7125
6962
7008
7155
7221
7256
7105
7009
6713
6645
6701
6649
6573
6436
6221
6403
6346
6408
6381
6315
6345
6116
6205
6086
6217
6103
6021
6100
6024
5961
6116
6022
6023
5927
5878
5883
5895
6025
5956
5993
5866
5938
5927
5812
5808
5779
5910
5651
5706
5533
5556
5426
5537
5472
5442
5408
5312
5281
5427
5491
5495
5570
5335
5194
5291
5403
5342
5359
5439
5401
5388
5571
5435
5370
5264
5313
5321
5344
5351
5454
5681
5535
5669
5780
5757
5795
5774
5640
5554
5548
5739
5878
5959
5858
5774
5730
5780
5807
5699
5656
5596
5393
5380
5557
5712
5970
5839
5667
5734
5508
5454
5431
5643
5705
5714
5751
5891
5915
5933
5784
5805
5996
5665
5660
5626
5635
5669
5546
5531
5418
5496
5600
5765
5915
5900
5572
5707
5606
5586
5504
5702
5589
5507
5666
5677
5723
5826
5661
5554
5573
5668
5715
5729
5677
5657
5613
5627
5734
5908
5937
5912
5968
5869
5780
5872
6027
6077
6206
6190
6080
6082
6132
5989
6072
5972
5903
5840
5669
5822
5798
5766
5884
5901
5683
5591
5582
5722
5680
5624
5697
5625
5843
5893
5712
5937
6055
5874
5801
5880
5915
5945
5937
5933
5839
5742
5923
6039
6117
6079
6068
6016
6008
6163
6186
6205
6181
6018
6046
6042
5947
6017
6014
5990
5994
6045
6075
6123
5991
6000
5962
5925
5934
5987
5960
6038
6049
5866
5883
5902
6032
5870
5846
5838
5850
5764
5861
5969
5972
5829
5775
5711
5540
5447
5466
5319
5239
5091
5339
5170
5212
5036
5150
5190
5425
5644
5713
5715
5660
5623
5505
5555
5693
5734
5844
5851
5955
5865
5749
5810
5416
5645
5936
5955
6197
6174
6122
6151
6144
6196
6162
6116
6081
6106
6119
6079
6112
5921
5983
5850
5983
5900
5904
5790
5782
5674
5593
5530
5482
5519
5640
5550
5561
5375
5569
5447
5420
5457
5471
5493
5396
5469
5509
5606
5661
5621
5473
5357
5459
5452
5457
5399
5383
5572
5562
5483
5501
5449
5326
5254
5414
5374
5489
5462
5377
5201
5230
5124
5212
5559
5675
5808
5809
5824
5885
5953
5854
5912
5841
5684
5715
5751
5682
5807
5664
5708
5439
5267
5220
5100
5136
5064
5239
5203
5231
5494
5400
5358
5255
5179
5219
5125
5079
5150
5241
5146
5187
5199
5277
5310
5223
5150
5256
5297
5355
5559
5550
5747
5812
5835
6083
6271
6462
6660
6702
6828
6903
6927
6871
6879
6755
6552
6567
6446
6552
6414
6407
6396
6283
6296
6259
6319
6237
6155
6106
6120
6138
6271
6383
6400
6518
6417
6475
6485
6329
6141
6193
6127
6050
5805
5892
6013
6023
5913
5837
5577
5815
5741
5745
5615
5666
5686
5426
5506
5748
5825
5995
5884
5880
5919
5821
5856
5730
5589
5579
5598
5428
5381
5389
5380
5282
5250
5273
5265
5332
5238
5380
5492
5631
5657
5586
5393
5277
5327
5257
5315
5340
5324
5300
5364
5103
5066
5077
4941
4922
4972
5163
5385
5498
5482
5468
5509
5387
5370
5250
5234
5227
5042
4969
4730
4546
4575
4495
4509
4561
4519
4339
4255
4250
4101
4193
4158
4203
4116
4065
4103
4180
4291
4281
4276
4273
4257
4044
4099
4060
4075
3922
3928
4002
3989
3987
4068
3997
3985
4043
4170
4345
4149
4122
4244
4175
4212
4155
4053
3967
3952
3926
4183
4194
4197
4103
4211
4304
4394
4395
4379
4363
4407
4408
4313
4277
4421
4399
4344
4342
4253
4311
4232
4189
4164
4185
4210
4151
4186
4260
4217
4188
4251
4246
4251
4317
4332
4337
4422
4490
4449
4393
4375
4456
4463
4435
4464
4358
4242
4278
4264
4303
4112
4193
4376
4357
4376
4222
4103
4166
4341
4492
4657
4583
4516
4574
4650
4790
4613
4474
4437
4548
4550
4407
4482
4338
4329
4324
4314
4234
4136
4140
4147
4259
4211
4017
3947
3986
4067
4155
4092
4011
3909
3834
3849
3898
3922
3906
3878
3808
3898
3938
3905
3853
4054
4033
3906
3955
3946
4080
4040
4108
3977
3959
3951
3966
3990
4024
4116
4125
4060
4079
4231
4154
4219
4245
4107
4176
4088
4081
4261
4410
4563
4665
4783
4671
4795
4820
4841
4866
4974
4980
4963
4950
4933
4860
4898
4754
4793
4763
4701
4841
4890
4907
5069
5020
5019
5132
5210
5222
5395
5471
5543
5419
5518
5481
5393
5517
5648
5562
5572
5652
5579
5738
5615
5640
5789
5671
5517
5427
5217
5225
5161
5257
5031
5013
4924
4961
4902
5103
5086
5018
5162
5141
5160
5311
5175
5379
5332
5279
5246
5366
5294
5416
5307
5499
5545
5618
5580
5506
5415
5300
