1005000
266741
173435
128704
102957
85580
73345
64046
56558
50561
45480
41627
38387
35712
32989
30546
28122
26205
24750
23509
22174
21211
20604
19851
19012
18208
17460
17109
16322
15652
15126
14199
13865
13312
12861
12616
12362
12076
11798
11524
11102
10946
10805
10671
10484
10145
9791
9673
9419
9381
9248
9029
8838
8678
8692
8488
8469
8373
8220
8000
7964
7793
7724
7652
7618
7476
7422
7262
7117
7241
7259
6962
6679
6438
6349
6351
6234
6106
6078
6160
6004
6010
5886
5773
5723
5697
5669
5604
5623
5483
5285
5324
5273
5203
5206
5345
5350
5327
5394
5395
5380
5396
5243
5240
5119
5258
5234
5117
5186
5018
4951
5024
4916
4832
4787
4657
4630
4528
4447
4365
4332
4254
4280
4168
4203
4320
4225
4127
4218
4027
4061
4098
4117
4169
4247
4143
4031
3942
3906
3872
3833
3837
3820
3983
3923
3966
3850
3705
3717
3599
3628
3750
3738
3595
3477
3429
3460
3469
3504
3472
3460
3405
3605
3768
3876
3793
3949
3968
4027
3891
3717
3746
3621
3629
3666
3612
3585
3438
3484
3490
3416
3310
3353
3358
3329
3319
3312
3408
3342
3364
3474
3417
3479
3434
3437
3398
3305
3323
3282
3141
3120
3203
3174
3258
3158
3171
3180
3171
3055
3025
3138
3117
3176
3238
3179
3286
3334
3291
3210
3265
3206
3063
3151
3036
3154
3039
3168
3077
3131
3084
2897
2928
3036
2969
2922
2913
2958
2988
3110
3117
3077
3067
3060
3223
3128
3093
3133
3237
3244
3278
3264
3196
3254
3340
3336
3291
3440
3483
3361
3445
3553
3661
3664
3712
3739
3729
3960
4068
4193
4385
4332
4435
4684
4728
4618
4715
4620
4732
4805
4789
4847
4946
5066
4982
4961
4900
4972
4913
5073
5088
5067
4935
4863
5164
5344
5201
5282
5114
4984
4936
5056
4996
5088
4892
4875
4849
4859
4801
4870
4822
4669
4576
4560
4564
4264
4295
4078
3945
3822
3837
3831
3895
3850
3897
4013
4042
4105
4146
4283
4373
4371
4433
4367
4461
4539
4546
4749
4867
4848
4733
4674
4740
4650
4677
4799
4875
4952
4898
4985
5002
4898
4914
4782
4763
4815
4998
5089
5267
5310
5178
5122
5162
5089
5187
5280
5068
4976
4920
4800
4813
4937
5151
5128
5222
5159
5170
5176
4915
4921
5051
4895
4840
4834
4766
4889
4848
4752
4777
4788
4984
4781
4906
4869
4732
4828
4728
4886
4711
4722
4780
4739
4683
4685
4795
4826
4758
4800
4671
4842
4900
4794
4727
4726
4664
4601
4545
4368
4401
4509
4489
4421
4406
4559
4642
4610
4725
4808
4919
4896
4911
4816
4798
4796
4875
4895
4775
4616
4657
4681
4666
4826
4835
4826
4774
4668
4612
4567
4656
4688
4651
4793
4668
4671
4520
4266
4316
4340
4362
4438
4648
4670
4832
4830
4642
4700
4803
4761
4862
4925
4896
4811
4717
4635
4636
4637
4444
4555
4600
4601
4640
4768
4672
4604
4624
4785
4888
4942
4848
5027
4941
4967
4863
4844
4772
4848
4863
4913
5050
4822
4823
4863
4806
4706
4764
4667
4749
4689
4787
4684
4571
4479
4543
4662
4605
4646
4588
4589
4616
4554
4305
4354
4359
4332
4316
4207
4101
4174
4110
4251
4163
4290
4333
4315
4450
4475
4581
4451
4471
4481
4521
4588
4557
4495
4620
4533
4666
4662
4637
4572
4678
4670
4588
4705
4762
4614
4389
4345
4501
4563
4566
4479
4508
4684
4772
4900
4995
4804
4844
5030
5017
5203
5285
5266
5185
5269
5370
5473
5468
5352
5300
5387
5573
5507
5550
5518
5504
5470
5373
5297
5192
5123
5150
5259
5266
5255
5185
5318
5229
5186
5323
5369
5523
5670
5710
5711
5738
5870
5918
5709
5740
5829
5624
5452
5339
5395
5336
5395
5345
5361
5431
5350
5372
5349
5379
5453
5431
5538
5625
5556
5551
5534
5550
5506
5352
5417
5393
5431
5499
5593
5594
5507
5656
5593
5653
5497
5411
5679
5624
5611
5384
5242
5152
5040
5145
5048
5043
5200
5132
5262
5353
5437
5398
5354
5301
5286
5338
5454
5486
5408
5439
5457
5356
5309
5280
5134
5131
5147
5056
5019
5064
5068
4981
4999
5059
5065
5001
4985
4805
4753
4600
4643
4824
4908
4816
4831
4838
4724
4758
4879
4870
4888
4852
4691
4816
4845
4818
4893
4753
4811
4851
4813
4689
4747
4644
4663
4809
4719
4857
4713
4713
4706
4838
4866
4915
4831
4874
4893
4992
5164
5147
5106
5146
4966
5100
4958
5097
5082
5065
5137
5283
5316
5204
5429
5468
5359
5418
5416
5315
5272
5327
5293
5217
5077
4981
4954
5030
4856
4951
5033
5062
5020
4929
4931
5037
5108
5047
5013
4990
4988
4800
4864
4879
4896
4941
4766
4733
4671
4615
4583
4591
4395
4399
4583
4491
4402
4380
4373
4356
4337
4346
4375
4344
4464
4359
4471
4488
4738
4735
4574
4432
4465
4288
4199
4172
4061
4109
3952
3956
3942
3875
3873
3855
3784
3908
3884
3819
3755
3771
3704
3821
3890
3830
3881
3972
3885
3769
3753
3897
4006
4086
4043
4097
4157
4047
4080
3920
4016
3926
3988
4061
4044
4139
4182
4238
4095
4218
4321
4465
4355
4305
4339
4443
4370
4205
4096
4016
4035
4155
4115
4305
4420
4348
4257
4398
4366
4373
4345
4324
4358
4385
4530
4433
4403
4398
4368
4358
4303
4526
4430
4282
4370
4443
4346
4286
4335
4378
4319
4397
4307
4324
4360
4408
4358
4390
4252
4178
4015
4017
3916
4017
3956
3832
3830
3785
3812
3713
3699
3872
3934
3901
3983
3882
3949
4009
4201
4104
4048
3980
3955
4003
3846
3911
4051
3978
3879
3904
3863
3777
3736
3740
3708
3769
3923
3961
3857
3965
4053
4150
4273
4193
4137
4195
4347
4595
4625
4441
4465
4594
4452
4247
4340
4264
4304
4284
4193
4215
4243
4183
4111
4075
4025
4052
4051
3991
3886
3729
3725
3903
3793
3727
3758
3521
3537
3576
3615
3671
3614
3691
3638
3599
3542
3440
3324
3260
3386
3296
3298
3300
3353
3376
3398
3469
3558
3553
3552
3535
3541
3593
3539
3433
3284
3177
3191
3232
3237
3274
3291
3175
3170
3190
3290
3264
3366
3377
3354
3502
3502
3491
3646
3618
3537
3525
3484
3526
3525
3577
3622
3714
3717
3513
3299
3310
3458
3527
3498
3428
3505
3583
3606
3775
3701
3640
3748
3827
3965
3948
3914
4223
4298
4190
4244
4211
4300
4276
4153
4232
4017
3985
4026
4021
3930
3885
3867
3830
3883
3951
3888
3993
3864
3918
4044
4162
4079
3967
4067
4110
4125
4087
4135
4140
4213
4136
4048
4071
4074
4007
4191
4254
4346
4225
4083
4121
4124
4234
4128
3997
3950
3946
3828
3733
3762
3771
3727
3904
3910
3899
3789
3821
3703
3681
3884
3800
3792
3895
3771
3844
3841
3804
3780
4018
3999
3982
3966
4027
4043
4159
4162
4212
4334
4350
4447
4443
4430
4481
4466
4438
4423
4477
4448
4573
4451
4514
4548
4551
4587
4636
4589
4603
4610
4551
4486
4499
4359
4504
4615
4639
4764
4886
4925
4976
4990
5031
5126
5023
4848
5036
5088
5048
5040
5225
5324
5346
5459
5411
5368
5273
5300
5398
5240
5116
5187
5194
5021
5164
5233
5033
5026
5074
4973
4922
4706
4686
4755
4778
4788
4842
4859
4859
4741
4546
4449
4447
4560
4581
4520
4464
4436
4449
4577
4740
4553
4474
4538
4554
4678
4715
4828
4865
4842
4815
4714
4797
4824
4779
4843
4862
4879
4949
4919
4754
4762
4784
4685
4557
4579
4547
4711
4519
4611
4576
4697
4666
4716
4689
4618
4720
5127
5159
5234
5245
5124
5279
5157
5095
5184
5233
5164
5082
4996
5128
5059
5141
5105
5315
5141
5181
5146
5102
5050
4941
5039
5031
5007
4905
4770
4805
4873
4851
4844
5009
5080
5169
5129
5106
5179
5196
5198
5204
5170
5231
5300
5104
5138
5279
5296
5204
5340
5517
5501
5453
5437
5558
5494
5457
5531
5495
5576
5632
5712
5558
5597
5625
5576
5533
5474
5402
5480
5599
5700
5678
5616
5657
5623
5625
5518
5538
5534
5726
5641
5525
5580
5582
5672
5655
5667
5663
5769
5728
5642
5648
5660
5739
5632
5709
5834
5864
5714
5803
5661
5633
5717
5659
5554
5454
5483
5552
5649
5589
5625
5629
5768
5769
5753
5957
5850
5919
5893
5648
5612
5424
5334
5353
5407
5469
5845
5896
5823
5907
5969
5938
5917
5854
5962
6066
5893
6005
5922
5976
6004
6080
6088
6199
6219
6151
6174
6036
6019
6037
6044
6039
6148
6235
6145
6204
6166
6247
6357
6367
6422
6298
6404
6289
6151
6287
6243
6236
6334
6255
6175
6049
5994
5834
6016
5916
5815
5913
5724
5920
6063
6112
6148
6180
6284
6209
6230
6355
6522
6470
6390
6466
6671
6774
6792
6794
6809
7007
7020
6973
7149
7105
6976
6987
6912
6910
6808
6868
6653
6817
6844
7011
7128
6873
7020
6814
6888
6847
6792
6947
6788
6673
6449
6610
6899
6951
7053
6784
6675
6804
6705
6797
6736
6541
6585
6529
6501
6556
6522
6667
6598
6625
6602
6437
6465
6544
6353
6435
6534
6395
6242
6185
6196
6095
5972
6225
6153
6018
6121
6225
6421
6440
6532
6585
6673
6848
6545
6571
6793
6719
6688
6637
6615
6507
6580
6696
6482
6532
6369
6348
6262
6198
6181
6299
6381
6701
6521
6445
6471
6366
6350
6652
6685
6817
7053
7082
6955
6998
7185
7302
7379
7302
7295
7266
7242
7276
7338
7318
7563
7601
7674
7651
7519
7554
7750
7553
7394
7159
7155
7063
7129
7220
7415
7553
7582
7382
7509
7573
7534
7588
7743
7721
7736
7708
7811
7638
7422
7534
7444
7538
7470
7487
7514
7521
7368
7336
7387
7268
7243
7067
7156
7142
7227
6976
6927
7006
6886
7116
7140
7327
7423
7351
7425
7442
7490
7388
7521
7289
7449
7238
7328
7209
7164
7020
6905
6829
6851
7011
7029
7236
7209
7152
7254
7291
7402
7434
7553
7657
7617
7557
7520
7586
7447
7359
7468
7482
7426
7366
7381
7561
7324
7210
6977
6789
6693
6597
6607
6458
6566
6600
6662
6649
6580
6579
6459
6396
6213
6365
6232
6146
6068
6126
6081
6135
6187
6156
5895
5914
5995
6126
5898
5849
6166
6290
6292
6155
6229
6192
6006
6198
6318
6198
6566
6543
6353
6421
6395
6496
6510
6300
5947
6021
6087
6010
6000
6143
6167
6316
6383
6320
6246
6056
6037
6241
6159
6111
5957
6137
6161
6039
6071
6023
5961
6134
6215
6318
6296
6289
6204
6271
6238
6265
6343
6401
6359
6494
6325
6435
6284
6366
6360
6468
6374
6377
6221
6196
6115
6147
6075
5975
5869
6018
5938
5904
5926
6021
6072
5792
5752
5794
5728
5636
5521
5443
5447
5589
5680
5743
5873
5939
5935
5986
5958
5925
5773
5724
5646
5705
5674
5638
5655
5693
5955
6048
6023
5881
6005
6048
5918
5875
5778
5698
5811
5781
5685
5868
5938
5846
5785
5690
5839
5743
5910
6116
6165
6257
6331
6156
6124
6058
6224
6408
6483
6455
6418
6523
6573
6568
6757
6719
6721
6706
6809
6752
6660
6649
6749
6555
6233
6319
6109
6079
5990
5825
5850
5792
5795
5716
5694
5486
5634
5544
5481
5471
5572
5612
5633
5584
5597
5563
5739
5896
5973
5830
6013
6071
5986
5904
5816
5663
5547
5494
5371
5413
5255
5269
5196
5169
5160
5327
5220
5252
5221
4932
5078
5120
5049
5052
4923
4909
4746
5049
5041
4980
5140
5241
5209
5203
5310
5377
5182
5068
5128
5123
5150
5173
5158
5158
5277
5136
5148
5282
5510
5545
5400
5651
5778
5743
5833
5862
5908
5845
5706
5635
5739
5761
5762
5615
5457
5382
5415
5435
5351
5432
5383
5595
5762
5935
5887
6053
6133
6177
6212
6037
6010
6162
6174
6319
6376
6296
6006
5968
6067
6234
6140
6327
6231
6114
6079
6003
6213
6163
6202
6030
5854
5925
5952
5980
6159
6065
6043
5984
6053
5973
6062
6118
5987
6078
5985
5978
5795
5701
5819
5887
5837
5934
5859
5985
5958
5892
5925
6051
6094
6313
6386
6335
6470
6565
6534
6492
6482
6574
6516
6611
6466
6464
6457
6470
6600
6485
6533
6546
6385
6287
6292
6275
6272
6281
6252
6352
6387
6213
6128
5998
6140
6089
6119
6127
6002
6132
6036
5876
5695
5600
5770
5789
5911
5776
5915
5991
6055
5944
5887
5696
5735
5750
5931
6050
6031
6152
6264
6309
6394
6140
6182
6113
6087
6097
5939
5868
5774
5850
5710
5538
5644
5758
5711
5691
5747
5639
5572
5597
5513
5492
5539
5344
5280
5378
5264
5277
5260
5386
5297
5331
5349
5219
5152
5059
5048
5080
5119
5194
5060
4923
5050
4922
4934
4931
5059
4929
4906
4877
4870
4767
4677
4692
4647
4555
4554
4495
4442
4589
4444
4543
4555
4650
4758
4825
5000
4950
4803
4683
4715
4633
4663
4681
4693
4647
4468
4459
4494
4336
4270
4290
4392
4395
4242
4275
4309
4127
4168
4239
4306
4294
4304
4295
4264
4402
4259
4247
4192
4170
4041
4103
4127
4165
4224
4272
4283
4257
4217
4261
4246
4295
4217
4091
4112
3997
4023
4104
4029
4094
3997
3858
3912
4024
4069
4144
4150
4210
4311
4299
4235
4194
4308
4253
4396
4408
4432
4306
4396
4518
4656
4594
4540
4507
4456
4354
4359
4311
4468
4306
4162
4183
4009
4086
3950
3851
4018
4065
4182
4314
4274
4185
4176
4193
4228
4326
4469
4567
4544
4434
4390
4470
4491
4442
4550
4712
4522
4393
4323
4378
4419
4396
4456
4440
4302
4280
4305
4260
4197
4137
4092
3974
4013
4043
3895
3922
3867
3788
3843
3809
3684
3723
3778
3835
3850
3757
3785
3700
3668
3684
3643
3596
3607
3651
3779
3914
3747
3901
3851
3987
4110
4169
4251
4152
4256
4308
4339
4360
4506
4541
4579
4643
4724
4901
5114
5178
5114
5256
5302
5365
5145
4848
4655
4758
4757
4749
4683
4849
4785
4956
5059
4989
5026
4965
4974
5058
5137
5228
5339
5459
5456
5515
5651
5536
5320
5270
5174
5161
5258
5366
5225
5195
5397
5417
5508
5492
5496
5571
5562
5473
5528
5516
5661
5696
5689
5647
5597
5478
5419
5459
5529
5722
5870
5926
6155
5931
5873
5781
5833
5803
5805
5680
5686
5762
5803
5853
5701
5576
5647
5749
5734
5809
5781
5736
5723
5798
5648
5619
5550
5619
5531
5313
5206
5202
5139
5090
5116
5261
5099
5118
5145
5323
5373
5347
5229
5391
5533
5646
5543
5452
5329
5320
5603
5631
5548
5500
5769
5800
5993
6064
6129
6077
5916
5968
5966
6040
6099
6333
6416
6451
6403
6518
6583
6570
6843
6891
6844
6860
6829
6909
6826
6808
6512
6598
6613
6579
6574
6660
6626
6581
6464
6477
6542
6604
6602
6716
6643
6514
6442
6350
6353
6286
6325
6167
6047
6074
6030
6050
6007
6005
5768
5802
5688
5743
5571
5689
5859
5826
5776
5666
5686
5708
5842
5751
5584
5718
5681
5675
5649
5587
5488
5299
5353
5528
5556
5603
5582
5616
5561
5720
5769
5774
5744
5781
5840
5796
5683
5807
5762
5629
5585
5449
5444
5587
5729
5931
5984
5820
5792
5885
5915
6007
5920
6169
6057
6123
6291
6117
6049
6138
6102
6089
6076
6145
6026
6030
5732
5714
5844
5937
6036
6079
6146
6275
6184
6094
6106
6035
6028
5977
6117
6115
6245
6340
6389
6326
6386
6169
6246
6070
5983
5821
5747
5618
5815
5770
5914
5871
5837
5896
5981
6008
5916
5980
6078
6045
5960
6076
5975
6030
6214
6268
6243
6093
6250
6260
6335
6430
6536
6503
6614
6431
6327
6172
6233
6371
6342
6335
6526
6646
6677
6605
6537
6514
6577
6580
6422
6474
6471
6597
6437
6207
6252
6137
5995
6177
6243
6204
6184
5981
5988
6204
5940
6051
6167
6352
6397
6208
6359
6279
6286
6334
6429
6477
6558
6581
6664
6672
6635
6734
6721
6845
6905
6867
6811
7026
7237
7135
7047
6901
7058
7249
7122
7122
7045
7082
6897
6872
7010
7029
6846
6720
6783
6968
6745
6675
6952
6852
7040
6999
7029
7169
7310
7421
7166
7266
7405
7250
7498
7468
7538
7624
7524
7395
7286
7160
7049
6995
6953
6880
6881
6601
6488
6520
6572
6606
6781
6773
6885
6806
6828
6820
6830
6712
6804
6660
6896
6907
6859
6820
6925
7010
7119
7217
7245
7332
7395
7143
7150
7331
7357
7267
7220
7154
7264
7314
7204
6997
7117
6960
7079
7102
7202
7207
7226
7333
7447
7558
7804
7905
7528
7478
7301
7157
7135
7241
7222
7191
6937
7116
7107
6873
6823
6785
6647
6387
6252
6279
6245
6099
6200
6183
6369
6373
6366
6168
6139
6102
6071
5944
5707
5717
5687
5624
5670
5661
5683
5690
5790
5628
5560
5597
5760
5747
5740
5649
5727
5634
5685
5761
5748
5749
5748
5745
5821
5875
6131
5993
5993
6020
5872
5805
5876
5762
5936
5992
5952
6139
6179
6205
6297
6330
6195
6059
5953
6026
5983
5842
5804
5876
5746
5809
5879
5860
5970
5890
5799
5730
5742
5714
5524
5522
5397
5384
5264
5390
5258
5140
5187
5350
5404
5382
5290
5409
5075
5185
5178
5044
5044
5023
5072
5126
5129
5032
4952
4922
4763
4685
4714
4600
4644
4637
4692
4648
4882
5064
5203
5211
5287
5139
5284
5204
5181
5335
5343
5265
5147
5251
5261
5297
5199
5213
5284
5430
5344
5413
5387
5506
5506
5535
5627
5623
5684
5754
5883
6040
6005
6130
6251
6303
6309
6331
6403
6462
6444
6480
6627
6653
6710
6691
6829
6630
6639
6776
6695
6574
6413
6335
6372
6399
6456
6439
6516
6610
6456
6570
6226
6193
6146
6135
6217
6398
6451
6365
6470
6409
6290
6469
6243
6279
6304
6393
6496
6443
6337
6541
6394
6286
6265
6482
6206
6221
6268
6298
6306
6517
6407
6450
6421
6453
6336
6435
6518
6473
6473
6384
6364
6321
6353
6424
6327
6564
6319
6438
6304
6505
6638
6741
6658
6630
6455
6508
6529
6511
6475
6553
6304
6284
6348
6176
6230
6250
6274
6204
6467
6291
6475
6400
6509
6319
6026
6050
5911
5778
5685
5616
5611
5598
5583
5765
5706
5681
5681
5813
5830
5693
5760
5805
5758
5634
5705
5509
5559
5481
5473
5403
5238
5200
5305
5284
5238
5326
5135
5233
5277
5286
5392
5245
5265
5208
5245
5387
5340
5033
5068
5138
4798
4850
4931
4888
4958
4942
5017
5219
5137
5067
4953
4817
4664
4638
4767
4739
4891
4840
5034
4884
4861
4801
4728
4768
4892
4919
4880
4980
5041
5033
5255
5280
5387
5351
5411
5375
5411
5437
5469
5604
5584
5727
5685
5867
5881
6013
6175
6287
6280
6170
6200
6257
6135
6150
6179
6050
5858
5898
6065
6093
6239
6194
6412
6283
6363
6406
6476
6233
6069
5998
5958
6094
5930
5910
6067
5871
5746
5635
5521
5462
5448
5438
5502
5468
5447
5338
5351
5036
5127
5130
5017
4928
4960
5174
5239
5215
5279
5372
5339
5545
5479
5439
5375
5411
5371
5394
5453
5437
5435
5376
5473
5514
5390
5313
5175
5240
5053
5014
4974
4854
4892
4843
4765
4746
4790
4664
4660
4695
4539
4636
4642
4490
4429
4531
4582
4616
4597
4609
4777
4875
4748
4737
4765
4899
4740
4793
4903
5022
4876
4859
4849
4840
4870
4906
5035
5268
5232
5071
5199
5336
5269
5339
5234
5133
5206
5377
5460
5492
5299
5255
5405
5321
5436
5392
5339
5449
5470
5576
5524
5488
5445
5557
5523
5450
5450
5583
5786
5714
5649
5598
5523
5560
5643
5628
5585
5506
5384
5499
5541
5625
5691
5788
5818
5894
5917
5955
6100
6140
6203
6482
6534
6431
6442
6424
6333
6264
6177
6077
6107
6275
6223
6100
6100
6197
6054
6190
6353
6241
6302
6165
6267
6435
6601
6717
6878
7097
7138
7146
7094
7106
7096
7063
7015
7047
6972
7073
7158
7202
7154
7134
7083
6886
6864
6745
6675
6586
6652
6556
6564
6642
6756
6845
6764
6653
6533
6572
6536
6545
6340
6497
6399
6331
6237
6118
6315
6252
6273
6375
6260
6223
6309
6231
6248
6137
6187
6192
5996
5901
5784
5698
5813
5812
5875
5898
5978
5872
5881
5941
5805
5801
5931
5917
6110
6223
6080
6092
5970
6024
6157
6190
6079
6283
6136
6230
6243
6271
6271
6307
6343
6288
6494
6404
6493
6495
6398
6343
6429
6385
6318
6318
6534
6526
6704
6726
6674
6690
6849
6576
6495
6393
6332
6377
6391
6365
6407
6456
6640
6549
6692
6543
6527
6601
6530
6323
6323
6433
6365
6157
6038
6165
6184
6037
5887
5834
5893
5863
5721
5790
5716
5571
5561
5592
5481
5500
5439
5523
5490
5564
5552
5478
5457
5427
5458
5454
5545
5497
5445
5337
5410
5483
5466
5432
5444
5573
5481
5534
5538
5419
5332
5313
5404
5498
5428
5300
5327
5162
5146
5235
5066
4851
4937
4907
4876
4877
4893
4803
4827
4880
4957
4998
5140
5090
5087
5105
5066
5080
5077
5155
5186
5269
5306
5390
5161
5203
5256
5169
5186
5257
5234
5229
5239
5331
5433
5315
5303
5070
4985
4922
4996
5008
4958
5066
5047
5204
5119
5230
5226
5226
5183
5275
5239
5205
5221
5233
5265
5177
5370
5358
5394
5479
5514
5489
5476
5583
5646
5633
5734
5764
5564
5547
5580
5481
5500
5562
5677
5816
5781
5632
5620
5578
5544
5622
5638
5573
5617
5683
5720
5662
5599
5562
5573
5479
5509
5650
5503
5599
5583
5440
5480
5540
5540
5550
5532
5450
5500
5448
5509
5426
5628
5819
5980
5787
5770
5698
5688
5668
5583
5378
5500
5430
5575
5646
5530
5602
5750
5909
6116
6075
6039
5917
6002
6050
6011
5944
5994
5901
5958
5946
5875
5906
5870
5805
5713
5731
5595
5642
5720
5927
5953
5985
5887
5795
5728
5879
6025
5957
5891
5961
6022
6152
6280
6393
6481
6361
6429
6301
6352
6536
6511
6487
6435
6362
6413
6485
6513
6623
6628
6502
6557
6606
6589
6455
6448
6386
6319
6404
6248
6173
6201
6261
6326
6247
6456
6491
6513
6509
6716
6575
6542
6504
6367
6434
6357
6313
6305
6149
6142
6084
6156
5892
5789
5771
5767
5819
5894
5689
5647
5623
5619
5671
5775
5804
5659
5694
5553
5588
5576
5542
5532
5504
5449
5435
5302
5425
5340
5254
5187
5151
5158
5178
5265
5231
5021
5144
5115
5241
5340
5458
5491
5376
5352
5244
5342
5378
5282
5199
5091
5044
5140
5214
5144
5048
5125
5113
5017
4988
5083
5235
5262
5324
5323
5336
5357
5451
5531
5632
5617
5740
5852
5816
5630
5613
5556
5520
5478
5458
5247
5339
5430
5446
5452
5487
5503
5534
5532
5593
5618
5380
5488
5540
5491
5597
5452
5565
5651
5647
5506
5410
5440
5297
5282
5182
5272
5205
5078
5108
5213
5197
5376
5385
5343
5425
5326
5423
5353
5547
5577
5453
5530
5534
5646
5571
5517
5376
5352
5345
5461
5480
5445
5575
5537
5513
5438
5538
5511
5414
5320
5415
5472
5505
5373
5555
5623
5600
5545
5680
5685
5667
5582
5492
5432
5456
5421
5470
5314
5434
5411
5489
5410
5313
5291
5382
5314
5197
5309
5193
5058
5066
4879
4956
4864
4855
4908
4865
4923
4811
4856
4891
4900
4858
4722
4585
4586
4518
4584
4570
4614
4652
4566
4442
4547
4726
4999
4978
5078
5007
4889
4707
4736
4774
4845
4835
5077
5211
5298
5399
5607
5610
5538
5611
5810
5907
5773
5709
5711
5826
5864
5905
5871
5883
5935
5904
5770
5952
5948
5894
5857
5756
5663
5627
5535
5640
5623
5523
5468
5506
5380
5270
5313
5370
5521
5493
5488
5550
5580
5499
5340
5315
5474
5443
5492
5479
5551
5533
5434
5452
5417
5505
5231
5414
5499
5550
5564
5876
5847
5581
5702
5732
5809
6031
6079
6232
6050
6132
6221
6273
6212
6366
6243
6423
6285
6327
6241
6191
6060
6085
5946
5939
6050
6159
6076
6281
6247
6321
6458
6554
6631
6562
6473
6334
6490
6506
6492
6395
6326
6451
6575
6600
6570
6594
6553
6350
6427
6382
6470
6558
6769
6838
6592
6641
6605
6661
6703
6691
6567
6776
6939
6685
6469
6359
6295
6298
6128
5988
5938
5841
5752
5840
5691
5699
5702
5812
5918
5934
5937
5923
6069
6067
5963
6053
5930
5833
5868
5946
5863
5788
5631
5696
5748
5750
5827
5724
5439
5534
5398
5297
5343
5460
5560
5554
5696
5882
5845
5881
5697
5645
5389
5437
5315
5518
5426
5336
5348
5346
5571
5692
5807
5602
5564
5469
5403
5325
5353
5260
5403
5347
5296
5311
5428
5336
5203
5095
4979
5014
4812
4794
4796
4878
4903
4907
4723
4658
4642
4620
4885
4770
4779
4642
4674
4616
4646
4653
4743
4803
4966
5026
5169
5075
5029
4980
4974
5042
5070
5057
5000
4944
5067
5266
5396
5481
5594
5456
5745
5688
5565
5637
5511
5537
5561
5220
5243
5340
5303
5421
5179
5088
5109
5090
4974
4918
4970
5017
5143
5052
5015
5084
5146
5208
5177
5316
5281
5145
5249
5240
5241
5239
5215
5387
5435
5508
5558
5496
5484
5535
5616
5529
5656
5712
5785
5892
6049
6245
6192
6207
6334
6403
6358
6412
6606
6591
6535
6547
6648
6605
6698
6762
6851
7025
7178
7063
7105
7001
7054
7096
7126
7144
7208
7249
7161
7110
7168
7166
6981
7030
6994
6869
6930
6609
6717
6658
6661
6840
6934
6869
6822
6987
6986
7035
6931
7064
7067
7175
7255
7241
7224
7128
7063
7052
7140
7101
6971
6830
6764
6915
6875
6809
6754
6636
6418
6539
6517
6517
6403
6283
6320
6339
6298
6228
6174
6147
6131
5955
5895
5761
5856
5778
5770
5772
5671
5739
5721
5758
5817
5774
5572
5644
5586
5523
5718
5633
5634
5542
5550
5631
5466
5239
5257
5287
5528
5607
5801
5804
5609
5592
5436
5303
5331
5301
5348
5382
5406
5510
5518
5514
5599
5610
5734
5730
5629
5612
5591
5598
5490
5597
5844
6056
6105
6052
6107
6101
6259
6398
6387
6483
6392
6417
6481
6460
6275
6343
6450
6519
6622
6784
6868
6878
6916
6979
6828
6928
6682
6750
6639
6497
6525
6511
6517
6344
6261
6348
6402
6411
6480
6351
6182
6195
6177
5875
5917
6004
6065
5920
5760
5806
5692
5532
5663
5732
5700
5600
5702
5591
5756
5810
5864
5800
5920
5895
5985
6037
6012
5786
5842
6000
5977
6034
6211
6174
6391
6345
6516
6545
6500
6430
6557
6437
6310
6324
6262
6446
6307
6214
6392
6571
6420
6489
6428
6357
6492
6324
6454
6476
6326
6340
6224
6231
6287
6202
6218
6309
6294
6236
6200
6334
6445
6355
6294
6489
6236
6337
6409
6355
6431
6337
6395
6527
6527
6594
6369
6421
6732
6545
6677
6760
6749
7032
6941
6813
6742
6777
6753
6853
6744
6725
6807
6853
6826
6585
6488
6243
6223
6157
6088
6061
6027
5995
6025
5883
5758
5607
5773
5674
5481
5552
5503
5587
5443
5492
5417
5512
5493
5489
5400
5281
5257
5073
5115
5268
5241
5082
5141
5174
5240
5268
5425
5231
5206
5158
5167
5075
5061
5049
4959
4915
4930
4908
4987
4952
4944
4996
5015
5062
5138
5017
4898
4939
4884
4841
4965
4954
5064
5065
5139
5267
5289
5248
5311
5321
5390
5339
5288
5365
5198
5172
5058
4976
4999
5144
5019
5119
5121
5096
5170
5065
5003
4855
4788
4885
4966
4888
4926
4984
4990
5066
4910
4949
4885
4771
4878
4756
4717
4792
4838
4661
4673
4749
4646
4611
4532
4409
4362
4337
4356
4096
3954
3882
3802
3957
3885
3858
3924
3860
3883
3903
3830
3888
3841
3787
3872
3722
3736
3755
3819
3843
3867
3864
4070
4094
4103
4248
4093
4227
4261
4418
4332
4255
4504
4554
4437
4431
4282
4283
4286
4254
4284
4303
4356
4417
4398
4585
4677
4720
4891
4940
4896
4809
4741
4716
4792
4833
4691
4765
4782
4781
4705
4632
4657
4444
4398
4582
4668
4647
4636
4696
4571
4594
4617
4510
4566
4641
4768
4752
4760
4649
4654
4614
4598
4589
4600
4580
4495
4398
4400
4615
4606
4385
4453
4323
4275
4298
4483
4523
4558
4713
4728
4692
4628
4677
4723
4732
4754
4719
4791
4962
5077
5012
4986
5090
5006
5019
4932
4784
4800
4874
4875
5008
5093
5210
5355
5513
5638
5822
5788
5887
5882
5773
5743
5726
5906
5950
5852
5883
5866
5828
6078
5959
5953
6065
6136
6328
6139
6005
6081
6021
5997
6002
5854
6093
6171
6159
6082
5944
5957
5967
5944
5829
6100
6183
6093
6020
5816
5605
5801
5831
5690
5818
5907
6037
6052
6009
5868
5948
5959
6018
6209
6473
6612
6594
6546
6586
6468
6309
6493
6628
6406
6640
6559
6588
6792
6603
6579
6422
6410
6220
6237
6131
6209
5993
5844
5955
5966
5927
6214
6438
6555
6678
6865
6917
6946
6819
6930
7054
7015
7064
6909
6996
6886
7011
6840
6975
6987
6844
6753
6885
6879
6861
6911
6942
6961
6858
6800
6951
6927
6985
7127
7130
6931
6881
6765
6712
6639
6606
6591
6531
6517
6405
6220
6347
6485
6455
6405
6450
6322
6337
6462
6533
6623
6538
6626
6789
6779
6681
6746
6751
6795
6611
6637
6572
6498
6395
6586
6412
6302
6359
6149
6280
6450
6298
6321
6346
6327
6315
6383
6311
6235
6261
6195
6266
6230
6293
6361
6175
6129
6041
6051
6014
5936
5970
6071
5860
5995
5990
6096
5877
5880
5734
5745
5756
5824
5809
5746
5803
5937
5981
6021
5927
5882
5961
5980
6028
6069
6089
5997
6146
6230
6250
6356
6322
6267
6065
5960
5905
5863
5876
5782
5912
5855
5796
5722
5615
5659
5739
5511
5426
5496
5453
5537
5703
5682
5839
5944
5871
5687
5721
5579
5748
5705
5785
5766
5646
5625
5602
5505
5704
5659
5795
5761
5731
5676
5693
5805
5789
6048
6051
6172
6116
6008
6034
6058
6030
6210
6364
6424
6530
6520
6607
6627
6733
6873
6835
6863
6879
6813
6952
6983
6875
6822
6760
6782
6773
6700
6734
6592
6590
6692
6740
6786
6842
6874
6815
6829
6753
6768
6873
6983
7024
6736
6692
6661
6535
6446
6524
6575
6564
6486
6557
6543
6448
6490
6298
6173
6367
6241
6249
6300
6543
6418
6332
6375
6335
6530
6643
6808
6728
6797
6759
6790
6970
7024
7134
7107
7314
7279
7347
7582
7463
7295
7491
7428
7317
7287
7252
7265
7258
7291
7412
7343
7178
7205
7388
7207
7193
7197
7232
7328
