1005000
267345
173430
129052
102061
84869
72057
63084
55688
49669
45023
41051
37648
34784
32115
29872
28235
26703
25211
24092
22859
21778
20711
19955
19211
18174
17366
16718
15989
15541
14814
14316
13659
13318
12907
12377
12119
11968
11320
10940
10899
10639
10405
10178
10152
9747
9803
9754
9534
9479
9104
8801
8687
8856
8775
8793
8455
8179
8180
7909
7895
7630
7710
7545
7325
7390
7228
7078
7114
6851
6826
6930
7001
6722
6624
6537
6352
6247
6209
6163
6180
6164
6131
5976
5888
5864
6036
5799
5601
5525
5457
5372
5395
5513
5545
5554
5486
5464
5464
5224
5186
5063
5194
4978
4909
4888
4785
4721
4542
4526
4512
4425
4369
4365
4311
4513
4443
4287
4190
4149
4117
4254
4289
4192
4222
4261
4188
4217
4107
4067
3960
3962
4103
4105
4109
4228
4227
4099
4147
4218
4086
4046
3924
3912
3806
3926
3907
3907
3848
3811
3771
3790
3714
3576
3562
3380
3336
3282
3361
3372
3234
3287
3250
3242
3171
3153
3085
3088
3078
3001
2982
2947
2964
2907
2844
2865
2872
2929
2844
2856
2957
3060
2982
2989
2870
2768
2779
2817
2861
2730
2690
2654
2648
2484
2438
2572
2535
2481
2470
2310
2435
2450
2343
2272
2325
2278
2383
2449
2549
2401
2451
2463
2462
2343
2293
2343
2346
2386
2545
2486
2532
2463
2535
2462
2468
2440
2572
2599
2670
2536
2460
2404
2421
2389
2281
2309
2466
2417
2446
2540
2559
2454
2445
2511
2604
2615
2652
2674
2461
2448
2377
2401
2467
2536
2715
2752
2698
2708
2788
2830
2859
2780
2764
2679
2592
2555
2601
2667
2626
2703
2710
2683
2779
2748
2805
2775
2885
2917
2932
2802
2757
2705
2602
2639
2743
2519
2509
2440
2382
2452
2379
2319
2244
2331
2316
2294
2280
2298
2164
2216
2188
2173
2225
2241
2202
2178
2206
2213
2208
2217
2328
2259
2244
2377
2375
2403
2446
2454
2348
2138
2095
2100
2176
2205
2136
2139
2106
2077
1995
1992
1957
1993
1932
1986
1951
1926
2026
2097
2118
2128
2221
2335
2202
2221
2211
2271
2397
2368
2271
2237
2200
2170
2101
2113
2266
2253
2191
2151
2142
2142
2171
2297
2390
2376
2315
2348
2451
2430
2436
2411
2492
2488
2470
2466
2494
2435
2295
2425
2337
2306
2325
2151
2138
2062
1979
1925
1900
1915
1944
2052
2038
2119
2182
2056
2132
2124
2259
2214
2190
2134
2178
2211
2278
2294
2280
2224
2346
2307
2427
2337
2349
2379
2424
2337
2343
2445
2409
2469
2493
2391
2463
2416
2584
2579
2569
2452
2403
2430
2476
2461
2512
2595
2620
2675
2610
2580
2640
2719
2743
2722
2802
2883
2819
2830
2842
2906
2861
2849
2760
2766
2687
2716
2811
2791
2861
2891
3048
2991
2927
2856
2826
2899
2827
2897
2831
2724
2607
2640
2681
2619
2609
2662
2553
2522
2477
2521
2517
2631
2682
2615
2734
2721
2915
2983
3009
3015
2973
2927
2931
2813
2932
2932
2999
2941
2979
2927
2878
2677
2757
2768
2750
2730
2689
2606
2716
2786
2677
2732
2751
2775
2843
2918
2784
2896
2958
2939
2934
2942
2985
2980
2914
2832
2855
2823
2785
2640
2611
2548
2577
2607
2663
2794
2786
2817
2950
2946
2903
2946
3019
3089
3071
3162
3163
3275
3271
3332
3407
3475
3488
3624
3585
3636
3731
3687
3766
3637
3686
3719
3713
3781
3856
3862
3808
3779
3775
3735
3710
3672
3664
3585
3655
3594
3521
3503
3473
3517
3484
3419
3399
3484
3410
3329
3243
3415
3410
3391
3316
3317
3268
3342
3384
3466
3457
3390
3512
3534
3517
3453
3421
3352
3426
3322
3410
3262
3185
3115
3141
3154
3255
3274
3322
3284
3236
3278
3319
3260
3229
3322
3290
3300
3398
3392
3382
3347
3405
3420
3419
3564
3704
3600
3609
3643
3704
3898
4059
4197
4191
4104
4266
4236
4210
4310
4574
4529
4404
4487
4615
4519
4636
4474
4421
4410
4614
4684
4659
4637
4616
4586
4379
4334
4475
4693
4772
4484
4418
4489
4766
4561
4823
4734
4938
4902
4920
5062
5031
5254
5205
5223
4922
4839
4824
4964
4967
4925
4919
4893
4763
4776
4661
4594
4545
4566
4476
4493
4568
4520
4315
4470
4670
4566
4527
4607
4661
4660
4555
4646
4624
4579
4488
4412
4412
4262
4277
4372
4317
4281
4109
4167
4170
4068
4230
4216
4229
4237
4285
4146
4187
4231
4314
4372
4417
4453
4538
4482
4533
4641
4623
4599
4639
4598
4682
4775
4679
4565
4565
4517
4718
4514
4468
4354
4361
4466
4473
4247
4452
4341
4513
4489
4533
4624
4559
4481
4427
4362
4227
4166
4286
4256
4398
4483
4494
4831
4728
4725
4778
4814
4705
4681
4618
4737
4548
4539
4516
4643
4557
4461
4568
4608
4508
4420
4578
4596
4535
4398
4339
4295
4138
4148
4197
4204
4141
4380
4281
4323
4202
3865
3772
3800
3742
3812
3866
3949
4071
4016
4037
4120
4271
4290
4417
4504
4530
4407
4416
4461
4557
4334
4466
4437
4545
4633
4496
4496
4506
4452
4502
4569
4591
4727
4809
4874
4922
5039
5090
5179
5172
5291
5321
5257
5232
5381
5379
5253
5302
5394
5432
5437
5451
5404
5381
5581
5349
5304
5349
5546
5537
5312
5254
5193
4982
5149
5398
5494
5585
5722
5747
5655
5672
5611
5570
5594
5479
5452
5553
5595
5434
5391
5534
5556
5669
5531
5595
5595
5597
5662
5559
5498
5346
5336
5346
5469
5475
5528
5477
5591
5712
5794
5789
6023
5830
5877
5939
5876
5720
5796
5725
5567
5490
5699
5753
5719
5737
5675
5692
5636
5488
5448
5373
5412
5409
5347
5270
5404
5251
5329
5488
5670
5685
5651
5846
5779
5635
5651
5439
5343
5418
5428
5368
5142
5098
5247
5131
5239
5245
5371
5320
5310
5424
5429
5272
5245
5233
5162
5234
5170
5135
5041
5045
5056
4958
4836
4999
5166
5099
5078
5135
5059
5001
4898
4830
4718
4765
4881
4906
5019
4827
4882
4875
4790
4687
4611
4776
4666
4663
4807
4620
4655
4550
4617
4711
4611
4588
4546
4615
4672
4696
4842
4885
4804
4963
5135
5357
5438
5509
5337
5426
5347
5309
5131
5072
4937
4857
4923
4993
5006
5007
5014
4984
4921
4825
4736
4678
4595
4476
4436
4341
4369
4412
4379
4491
4559
4635
4668
4609
4460
4493
4494
4390
4359
4479
4541
4548
4621
4503
4405
4515
4406
4505
4450
4395
4464
4399
4188
4134
4287
4138
4265
4344
4329
4427
4483
4603
4765
4888
4854
4909
5007
4779
4803
4786
4759
4625
4646
4608
4723
4717
4648
4727
4774
4903
4929
4754
4908
5052
4923
4812
4908
4972
4987
5057
4977
5128
5173
5198
5043
4994
5044
5083
5060
4895
4766
4817
5029
4930
4911
4979
4977
5152
5297
5353
5234
5381
5508
5530
5488
5434
5291
5285
5318
5497
5590
5557
5724
5769
5863
5747
5736
5672
5648
5698
5766
5912
5920
5808
5923
6065
6317
6321
6488
6497
6593
6721
6536
6365
6421
6252
6342
6266
6353
6203
6194
6189
6166
6199
6255
6145
6084
6213
6179
6327
6162
6355
6459
6521
6591
6677
6710
6627
6627
6695
6733
6598
6653
6639
6855
7063
7194
7352
7372
7435
7547
7323
7385
7504
7584
7274
7301
7461
7369
7251
7101
7081
7099
7033
6787
6761
6758
6592
6502
6473
6582
6739
6703
6736
6847
6623
6479
6538
6685
6531
6577
6413
6306
6371
6478
6519
6314
6201
6296
6257
6443
6650
6550
6572
6584
6308
6288
6342
6422
6320
6176
6036
6067
5929
5916
5828
5845
5731
5762
5789
5774
5942
6043
5959
6069
6083
6133
6333
6181
6193
5971
5930
6020
6056
6199
6212
6235
6204
6133
6188
5985
5926
5760
5552
5723
5675
5688
5555
5475
5376
5531
5434
5272
5376
5470
5409
5361
5266
5300
5317
5237
5381
5315
5402
5441
5486
5554
5725
5427
5378
5438
5537
5732
5727
5611
5784
5814
5967
6077
6048
5858
5856
5805
5755
5715
5804
5801
5945
5893
5956
5856
5815
5868
5958
6032
5884
6045
6128
6292
6491
6584
6587
6407
6238
6165
6121
6060
6019
6220
6080
6072
6003
6075
6050
6262
6203
6276
6263
6151
6174
6121
6256
6235
6115
6062
5973
6181
6357
6362
6520
6585
6775
6747
6733
6591
6694
6488
6404
6365
6201
6225
6224
6123
6037
5910
6055
6105
6199
6141
6351
6474
6458
6375
6550
6431
6344
6380
6420
6679
6580
6566
6533
6597
6464
6336
6347
6310
6236
6273
6314
6352
6399
6339
6358
6364
6336
6237
6349
6328
6243
6143
6015
5947
6046
5985
5991
6095
5866
5719
5834
5777
5794
5774
5825
6032
5907
5967
5981
5680
5764
5781
5728
5814
5602
5666
5773
5693
5786
5844
5756
5757
5789
5768
5830
5828
5809
5868
6160
6061
6227
6139
6163
6165
6116
6242
6143
6120
6153
6160
5997
5809
5762
5815
5945
5905
5840
5728
5791
5863
6016
5964
6072
6106
6086
6049
6137
6008
5817
5870
5972
5887
5995
6212
6328
6161
6033
5944
5749
5613
5658
5635
5628
5813
5664
5669
5804
5872
5753
5861
5626
5849
5883
5957
5918
5800
5738
5780
5929
5788
5804
5702
5777
5683
5569
5562
5569
5645
5606
5587
5709
5667
5818
5681
5725
5575
5315
5284
5184
5038
5127
5158
5161
5292
5278
5304
5513
5478
5327
5264
5201
5225
5385
5414
5295
5295
5362
5391
5259
5189
5089
5202
5265
5297
5337
5420
5426
5182
5195
4988
4947
4978
4966
5014
4904
4833
4873
4800
4695
4723
4939
4957
4862
4861
4818
4870
4823
4909
4796
4724
4757
4925
4916
4885
4889
4707
4634
4522
4549
4527
4572
4587
4578
4668
4765
4803
4830
4919
5010
5163
5122
5227
5414
5315
5294
5282
5214
5153
5161
5066
5093
5059
5131
5179
5383
5368
5345
5353
5446
5319
5239
5018
5047
4922
4882
5023
5116
5061
5119
5089
5158
5115
5146
5124
4971
5047
4868
4970
5072
4960
5074
5058
5348
5415
5189
5329
5450
5499
5493
5391
5416
5622
5694
5642
5668
5702
5468
5529
5396
5468
5429
5510
5403
5436
5377
5430
5485
5499
5594
5881
5976
6085
6187
6200
6226
6325
6602
6698
6620
6703
6511
6479
6453
6409
6369
6173
6072
6098
6072
5916
5993
6055
5994
5892
5975
6023
5977
6024
5958
5960
5956
6110
6061
6178
6238
6257
6122
6222
6224
5909
5954
5872
5877
5972
6179
6204
6220
6294
6275
6391
6344
6323
6370
6250
6197
6244
6178
6205
6244
6442
6364
6327
6273
6173
6049
5909
5935
6010
6006
5894
5955
6006
6045
6148
6239
6109
5996
6037
6052
6072
5971
6063
5845
6074
6124
6224
6285
6284
6068
5993
6000
5913
5857
5824
5979
6111
6291
6174
6202
5958
5934
5930
6118
6176
6177
6205
6035
5926
6044
6156
6041
6303
6399
6409
6302
6137
5906
5869
5811
5802
5718
5697
5701
5684
5580
5625
5632
5641
5738
5808
5890
5997
5952
6074
6101
6026
6033
6055
6294
6114
6138
6148
6108
6023
5953
6067
6295
6194
5937
5929
5921
5826
5795
5421
5535
5685
5719
5751
5856
5860
5888
5861
5830
5874
5791
5697
5639
5542
5454
5453
5630
5721
5807
5749
5823
5717
5571
5602
5547
5748
5681
5898
6043
6176
6225
6413
6547
6584
6386
6370
6571
6639
6616
6907
6989
6889
6918
7030
7050
6723
6715
6592
6547
6483
6491
6483
6526
6688
6910
6817
6683
6727
6823
6981
7147
7137
6947
6961
6869
6708
6893
6974
6803
6624
6538
6638
6399
6573
6515
6566
6604
6668
6691
6686
6944
6777
6921
6998
6909
6813
6693
6671
6584
6598
6632
6851
6747
6824
6713
6781
6579
6534
6401
6552
6395
6557
6523
6523
6594
6721
6497
6604
6533
6545
6778
6836
6984
6889
6896
6885
6999
6897
6905
7075
6932
6993
7097
7172
7063
7130
7317
7484
7433
7326
7224
7210
7331
7566
7653
7692
7637
7463
7667
7534
7669
7672
7494
7653
7673
7768
7667
7864
7749
7629
7710
7622
7747
7686
7702
7692
7508
7520
7444
7459
7663
7814
7650
7570
7510
7510
7548
7547
7489
7469
7476
7572
7574
7639
7573
7583
7700
7708
7592
7607
7605
7774
7664
7539
7490
7449
7439
7641
7315
7166
7218
7283
7260
7321
7327
7228
7157
7263
7332
7351
7473
7437
7512
7476
7514
7464
7620
7571
7505
7600
7647
7631
7653
7529
7467
7495
7356
7131
7230
7115
7246
7224
7363
7435
7513
7632
7715
7698
7623
7612
7560
7391
7178
7170
7165
7118
6863
6897
6867
6922
6902
6846
6794
6786
6586
6469
6359
6397
6553
6706
6702
6623
6532
6422
6690
6772
6816
6813
6903
6736
6558
6544
6503
6476
6544
6418
6682
6628
6514
6435
6441
6487
6442
6340
6566
6582
6533
6673
6304
6220
6189
6183
6266
6375
6345
6283
6216
6428
6370
6577
6553
6474
6321
6266
6361
6478
6482
6356
6194
6148
6075
6283
6165
6140
6218
6127
6136
6098
5996
5966
6010
6057
5967
5824
5769
5844
5782
5790
5788
5742
5666
5695
5792
5876
6036
5894
6044
6081
6313
6362
6357
6376
6468
6281
6411
6320
6326
6503
6374
6409
6198
6300
6324
6456
6463
6462
6478
6389
6473
6575
6583
6397
6415
6307
6383
6509
6575
6577
6613
6597
6624
6727
6752
6681
6509
6471
6465
6508
6688
6693
6703
6698
6729
6616
6468
6280
6235
6084
6100
6280
6259
6100
6147
6209
6427
6404
6293
6261
6370
6359
6230
6076
6319
6243
6265
6196
6054
6110
6165
6208
6295
6404
6506
6429
6419
6270
6255
6290
6100
6223
6295
6104
6290
6174
6251
6362
6457
6343
6544
6618
6602
6737
6732
6851
6638
6588
6434
6512
6399
6411
6679
6614
6608
6545
6621
6742
6694
6782
6791
6775
6704
6627
6576
6718
6808
6722
6722
6758
6949
6792
7002
7059
6924
6930
7111
7117
7171
7242
7188
7094
7067
7150
7205
7337
7364
7480
7446
7492
7421
7488
7456
7377
7143
6933
6914
7091
7031
7108
7076
6883
6896
6640
6653
6780
6729
6652
6618
6719
7011
6994
7072
7268
7220
7180
7110
7259
7101
7212
7228
7383
7312
7185
7097
6803
6947
6843
6816
6758
6552
6514
6511
6635
6746
6729
6537
6619
6623
6540
6556
6586
6663
6644
6777
6741
6672
6609
6824
6725
6883
6816
6624
6585
6562
6620
6677
6786
6792
6672
6810
6697
6670
6651
6785
6738
6930
6892
7013
6972
7108
7051
6971
6912
6909
6935
6807
6770
6683
6639
6491
6336
6197
6146
6299
6454
6345
6445
6411
6265
6257
6242
6576
6640
6620
6781
6905
6909
7075
7177
7156
7331
7375
7277
7048
7013
7061
6753
6791
6581
6625
6471
6570
6673
6654
6799
6793
6983
7075
7113
7096
7049
6957
6989
6868
6903
7048
7140
7070
7190
7082
7099
7022
6978
6998
7044
7011
7113
6998
7024
6893
6701
6902
6967
7116
7147
7200
7397
7387
7345
7286
7171
7152
7136
7172
6980
6987
7264
7279
7332
7283
7182
7154
7251
7195
7125
7227
7302
7244
7183
7258
7210
7198
7291
7561
7640
7729
7661
7606
7730
7752
7883
7886
7864
7780
7586
7772
7558
7633
7625
7605
7390
7488
7326
7466
7428
7351
7262
7161
7139
6854
6964
7011
7107
7133
7251
7358
7341
7299
7091
6997
7065
6992
6775
6725
6682
6690
6780
6662
6673
6855
7069
6873
6920
6891
7058
7252
7271
7241
7181
7197
7233
7175
7305
7434
7457
7598
7855
7945
8109
8109
7881
7992
7825
8012
8033
8014
7968
7878
7823
7997
7908
7881
7807
7678
7816
7661
7683
7663
7703
7828
7807
7797
7806
7737
7601
7477
7630
7606
7727
7760
7755
7728
7409
7406
7436
7458
7507
7364
7345
7293
7250
7147
7195
7123
7071
6964
7056
7044
6954
6901
6707
6433
6585
6578
6579
6633
6602
6566
6341
6458
6252
6126
6022
6124
6197
6092
6132
6050
6308
6331
6582
6586
6263
6163
6243
6090
6062
5759
5774
5786
5722
5823
5715
5701
5813
5752
5702
5752
5560
5673
5809
5766
5738
5577
5483
5368
5404
5559
5582
5526
5569
5484
5325
5320
5188
5245
5232
5296
5446
5596
5709
5708
5631
5706
5798
5749
5601
5497
5560
5588
5613
5565
5478
5506
5388
5611
5543
5380
5369
5654
5634
5728
5636
5644
5872
6053
6068
6107
6050
6191
6037
5868
5841
5822
5857
5792
5745
5844
5712
5644
5501
5747
5594
5644
5701
5640
5659
5558
5584
5550
5396
5412
5404
5346
5449
5596
5716
5677
5690
5605
5633
5715
5653
5731
5782
5829
5673
5720
5655
5633
5389
5392
5489
5533
5539
5670
5664
5422
5346
5350
5347
5487
5533
5278
5439
5403
5382
5393
5417
5354
5297
5323
5445
5649
5530
5556
5661
5618
5623
5606
5529
5486
5378
5513
5644
5746
5587
5569
5642
5648
5638
5605
5729
5644
5443
5474
5455
5450
5431
5236
5242
5318
5180
5080
5158
5065
4995
4809
4812
4882
4932
4917
5051
5033
5160
5231
5351
5549
5460
5233
5061
5139
5188
5201
5349
5432
5403
5343
5466
5475
5590
5727
5672
5506
5426
5447
5378
5312
5361
5418
5494
5622
5747
5813
5775
5779
5831
5967
6031
6000
6107
6276
6423
6514
6282
6310
6262
6098
6064
6178
6047
6151
6023
6037
5908
5582
5485
5459
5463
5433
5312
5396
5370
5470
5455
5456
5497
5513
5385
5508
5580
5461
5369
5395
5393
5307
5281
5341
5380
5357
5380
5254
5177
4932
4962
5031
4789
4826
4725
4644
4630
4834
4768
4840
4937
4881
5076
4901
4735
4700
4712
4963
4923
4901
4772
4632
4664
4527
4517
4562
4482
4306
4305
4358
4388
4401
4337
4312
4397
4380
4476
4253
4397
4438
4473
4397
4296
4359
4331
4519
4389
4292
4363
4289
4335
4343
4305
4202
4202
4085
4110
4055
3922
3942
4043
3950
4020
4099
4045
4222
4310
4139
4214
4337
4360
4302
4201
4261
4228
4146
4166
4224
4062
4125
4095
4111
4027
4057
4125
4007
4114
4068
4083
4070
4164
4081
3994
3883
3832
3680
3660
3487
3597
3581
3694
3632
3657
3746
3789
3765
3882
3848
3754
3842
3877
3674
3686
3601
3621
3523
3621
3535
3618
3555
3417
3529
3522
3464
3460
3533
3414
3546
3612
3485
3399
3496
3573
3681
3715
3703
3732
3778
3811
3768
3958
4116
4129
4111
4219
4228
4173
4173
4395
4513
4584
4403
4328
4570
4479
4651
4833
4768
4655
4658
4568
4581
4568
4471
4367
4336
4556
4542
4498
4516
4515
4600
4632
4834
4785
4837
4772
4841
4814
4710
4662
4696
4743
4742
4870
5024
5022
5134
5276
5147
4972
5158
5064
5063
5030
5006
5078
5041
5007
4978
5084
4977
4966
4765
4840
4734
4687
4779
4794
4911
4955
4997
5039
5134
5158
5210
5143
5060
5041
5007
4917
4851
4964
4861
4850
4809
4774
4576
4526
4579
4534
4339
4233
4261
4145
4320
4335
4208
4058
4041
3885
3853
3747
3743
3794
3864
3832
3860
3821
3791
3850
3873
3988
3835
3849
3768
3723
3723
3831
3755
3722
3706
3667
3710
3757
3872
3901
3881
3908
3701
3711
3866
3776
3812
3690
3771
3759
3826
3874
3779
3795
3776
3793
3952
3933
4069
4155
4275
4314
4371
4322
4197
4082
4150
4093
4066
4099
4026
4137
4149
4082
4206
4276
4483
4588
4824
4883
4969
4834
4750
4801
4718
4767
4743
4843
4905
4805
4804
4663
4752
4801
5067
5176
5300
5212
5297
5355
5371
5455
5352
5308
5335
5410
5416
5405
5399
5360
5389
5587
5677
5611
5692
5763
5820
5833
5665
5578
5484
5530
5500
5450
5440
5516
5660
5672
5763
5690
5684
5703
5679
5778
5699
5579
5638
5669
5696
5640
5784
5819
5726
5853
5814
5842
5855
5859
5944
5960
5708
5951
5959
5932
5951
6080
5961
6150
6085
5965
5871
5939
5862
5856
5853
5702
5699
5843
5769
5611
5711
5718
5620
5603
5578
5667
5782
5866
5960
5939
5928
5812
5863
5736
5858
5674
5403
5287
5223
5270
5484
5577
5636
5824
5696
5601
5730
5606
5593
5474
5428
5204
5328
5390
5465
5512
5573
5604
5532
5476
5477
5408
5379
5426
5430
5460
5324
5426
5399
5434
5460
5435
5501
5545
5756
5828
5816
5756
5787
5534
5462
5222
5246
5237
5234
5264
5138
5148
5215
5199
5032
5019
5027
5122
5064
5107
5168
5046
5121
5171
5233
5094
5024
5186
5345
5289
5199
5383
5288
5069
5036
5109
5194
5235
5120
5106
5200
5343
5237
5089
5163
5183
5094
4887
4811
4652
4635
4623
4594
4393
4401
4467
4488
4352
4363
4278
4174
4305
4430
4382
4406
4361
4380
4522
4431
4365
4313
4378
4211
4372
4316
4433
4393
4367
4400
4422
4378
4278
4210
4096
3886
3871
4057
4003
3924
3948
3993
3979
3933
3957
4047
3831
3864
3939
4027
4017
3979
3851
3879
3952
4006
4036
3899
3833
3791
3806
3897
3862
4001
4028
3989
4103
4084
4099
3947
3985
4042
4055
3855
3752
3749
3683
3724
3695
3630
3664
3575
3636
3725
3700
3724
3791
3764
3847
3836
3918
4012
4017
4041
4105
3961
4121
3985
3940
3881
3885
3901
3864
3907
3966
3974
3921
3853
3809
3698
3617
3649
3653
3731
3547
3735
3677
3730
3749
3904
3803
3804
3911
3936
3939
3946
3865
3766
3864
3874
4016
3892
3808
4002
4141
4256
4404
4396
4347
4403
4354
4371
4397
4437
4468
4550
4625
4650
4752
4905
4979
5007
5044
5115
5123
5246
5232
5254
5244
5172
5204
5256
5328
5285
5351
5557
5656
5731
5816
5959
5727
5793
5860
5727
5970
6035
5979
5819
5890
5912
5733
5693
5539
5525
5423
5503
5445
5480
5518
5430
5467
5588
5677
5639
5618
5539
5372
5324
5040
4923
4899
4885
5042
4976
4982
4833
4793
4798
4728
4644
4652
4614
4746
4754
4728
4663
4596
4429
4535
4483
4496
4471
4470
4672
4581
4561
4634
4546
4463
4564
4570
4656
4616
4602
4595
4644
4497
4571
4502
4510
4521
4664
4741
4605
4710
4723
4593
4458
4403
4527
4616
4767
4859
4870
4650
4640
4532
4593
4683
4453
4405
4348
4437
4389
4336
4174
4213
4264
4258
4164
4125
4263
4251
4333
4230
4232
4333
4444
4435
4557
4468
4515
4257
4212
4293
4385
4310
4345
4409
4344
4564
4484
4457
4371
4392
4414
4328
4356
4359
4313
4263
4178
4113
4200
4281
4457
4540
4553
4573
4485
4584
4736
4786
4644
4754
4821
5021
5011
5009
4987
5060
5065
5169
4991
5056
5104
4975
5104
5025
5033
5311
5308
5304
5292
5208
5331
5433
5405
5460
5406
5490
5445
5269
5233
5153
5041
5087
4931
4799
4715
4793
4731
4600
4561
4584
4556
4679
4751
4931
4952
5076
5000
4990
5038
5041
4990
4854
4848
4971
5088
5043
4877
4793
4658
4641
4619
4581
4632
4507
4428
4503
4606
4673
4854
4791
4816
4765
4802
4916
4867
4771
4907
4866
4928
4670
4706
4718
4770
4817
4856
4960
4905
4859
5009
4987
5128
5052
5276
5199
5290
5101
5076
5174
5340
5501
5530
5462
5336
5314
5275
5442
5484
5528
5414
5282
5380
5559
5728
5647
5576
5522
5472
5334
5234
5370
5374
5292
5437
5286
5137
5106
5011
4883
4772
4864
4907
4832
4851
4860
4955
4871
4786
4787
4669
4679
4733
4689
4794
4882
4852
5101
5070
5032
5114
4992
5234
4997
4854
4795
4697
4713
4774
4747
4837
4891
4978
5088
5166
5081
5198
5209
5201
5063
5066
4977
4959
4893
4963
5149
5223
5308
5229
5100
5030
5055
5096
5142
5339
5393
5358
5519
5695
5553
5519
5366
5282
5289
5238
5116
5144
5034
4911
4963
5023
5070
5321
5375
5472
5468
5439
5510
5648
5510
5542
5509
5468
5358
5278
5168
5142
5158
5242
5307
5335
5295
5240
5133
5264
5179
5169
5111
5018
4855
4804
4897
4819
4783
4783
5032
5050
4986
4943
4928
4966
5005
5111
5132
5048
5095
4953
4740
4685
4695
4698
4566
4807
4857
4805
4789
4766
4722
4612
4514
4476
4548
4423
4432
4282
4492
4513
4636
4649
4652
4564
4497
4544
4551
4508
4402
4542
4658
4588
4419
4409
4313
4171
4259
4295
4384
4449
4534
4518
4530
4536
4642
4664
4661
4754
4830
4715
4657
4725
4674
4600
4658
4693
4657
4780
4923
4815
4743
4765
4740
4694
4628
4683
4843
4713
4683
4716
4833
4877
4841
4841
4950
4925
4787
4844
5043
4970
4957
5050
4906
4885
4902
5024
4996
4978
5137
5348
5392
5222
5322
5344
5349
5350
5415
5401
5419
5296
5472
5605
5636
5668
5563
5422
5251
5123
5258
5337
5467
5322
5490
5422
5309
5336
5364
5218
5133
4927
4923
4810
4898
4825
4886
4957
4902
4924
4832
4907
5009
5111
5152
5200
5156
5318
5217
5276
5354
5172
5095
5053
4943
5043
4990
4747
4807
4838
4890
5006
5021
5092
5055
5183
5200
5014
4959
5097
5071
5060
4903
4964
4854
4925
4944
4944
4995
4959
4988
5210
5170
5226
5071
5141
5070
5001
4979
4984
5155
5198
5196
5208
5228
5159
4899
4891
4831
5001
5026
5033
4987
4864
4960
4985
4979
4941
4903
4962
5034
4971
5056
4830
4932
4955
4905
4931
5108
5230
5164
5333
5232
5346
5215
5163
5006
4764
4704
4570
4537
4646
4743
4530
4448
4443
4536
4628
4682
4764
4844
4731
4637
4584
4620
4599
4494
4595
4560
4558
4530
4477
4693
4742
4571
4598
4509
4454
4368
4376
4424
4478
4331
4185
4173
4181
4058
4026
4248
4341
4343
4392
4391
4337
4493
4592
4604
4542
4408
4507
4560
4595
4528
4386
4309
4265
4375
4302
4310
4266
4292
4415
4448
4568
4460
4638
4510
4602
4676
4770
4737
4725
4728
4683
4575
4710
4709
4867
4790
4742
4640
4536
4561
4546
4620
4655
4733
4788
4802
4810
4863
4906
4813
4772
4714
4924
5016
4813
4833
5054
4958
4863
4910
4847
4925
4932
4936
5024
4841
4910
4891
4867
5042
5166
5206
5291
5293
5278
5485
5518
5457
5543
5497
5306
5414
5253
5211
5411
5381
5358
5347
5313
5175
5089
5115
4930
4804
4683
4931
4821
4801
4911
5064
4955
4902
4976
5153
5304
5420
5578
5612
5807
5848
5799
5814
5789
5722
5782
5640
5745
5766
5722
5651
5675
5625
5619
5697
5821
5661
5666
5794
5675
5655
5635
5714
5626
5645
5779
5804
5612
5696
5750
5800
5843
5692
5525
5583
5517
5718
5754
5828
5671
5580
5612
5756
5627
5688
5864
5988
5815
5881
5807
5782
5771
5759
5843
5803
5870
6019
6045
5976
5933
5803
5877
5794
5716
5632
5508
5341
5320
5367
5506
5560
5543
5495
5438
5586
5491
5456
5237
5243
5244
4988
4969
5023
5104
5093
5105
5074
4960
5099
5078
5190
5242
5308
5273
5407
5710
5716
5751
5859
5865
5959
5796
5773
5782
5633
5633
5626
5742
5789
5670
5563
5663
5771
5824
5877
5706
5548
5539
5588
5629
5658
5773
6050
6018
6181
5933
5886
6120
6096
6127
6164
6180
6343
6396
6372
6283
6416
6422
6529
6466
6445
6608
6616
6584
6663
6705
6704
6783
6772
6486
6346
6238
6360
6324
6489
6625
6626
6590
6517
6600
6589
6466
6430
6447
6727
6896
7097
7164
7104
6952
7229
7239
7102
6978
6905
7033
7115
6889
6925
6889
6917
7015
6878
6899
6911
6808
6881
6779
7065
6755
6702
6464
6469
6478
6416
6495
6490
6347
6331
6255
5970
5886
5812
5667
5551
5434
5724
5781
5876
5826
5841
5923
5956
5855
5792
5785
5665
5789
5840
5773
5711
5712
5631
5472
5489
5350
5436
5352
5291
5280
5224
5220
5355
5197
5265
5442
5575
5680
5707
5810
5671
5802
5916
6066
6032
6121
6058
6041
6160
6195
6310
6250
6278
6154
6012
5913
5992
6146
6152
6043
5936
5929
6073
6047
6086
5955
6067
6214
6185
6272
6172
6172
6253
6438
6339
6459
6591
6624
6823
6772
6781
6864
6819
6796
6859
6851
6959
7020
6999
7091
7112
6803
6570
6661
6534
6689
6818
6828
6998
6897
6797
6753
6802
6785
6804
6764
6780
6829
6803
6697
6873
7013
7318
7225
7079
7063
7235
7349
7342
7411
7379
7561
7577
7581
7607
7590
7370
7301
7332
7277
7344
7206
7249
7161
7090
7012
6994
6955
7014
7049
7105
7071
7302
7070
6950
7091
7025
7164
7281
7301
7359
7394
7408
7544
7573
7448
7391
7264
7195
7182
7057
7245
7283
7510
7456
7393
7163
7250
7017
7131
7127
7102
6990
7009
7127
7286
6987
7066
7230
7220
7187
7072
6981
6893
6969
6720
6717
6527
6509
6729
6876
6908
6913
6885
6946
6925
6930
6968
6915
6929
6888
6871
6630
6596
6492
6350
6475
6275
6189
6268
6261
6220
6216
6327
6143
5920
5841
6002
6055
6003
6069
6227
6021
6236
6294
6366
6378
6343
6194
6110
5958
5875
6107
6153
5985
5985
6242
6312
6310
6147
6032
5875
5842
5840
5877
5929
5990
6168
6291
6173
6300
6263
6022
6039
6132
6108
6357
6224
6311
6273
6072
6153
6177
6117
6064
5980
6062
5963
5949
5889
6002
5875
5947
5953
5998
5852
5929
6011
5986
6095
6200
6067
6079
6008
6001
5981
5974
6097
6267
6482
6329
6313
6323
6082
6174
6260
6205
6180
6020
6198
5995
5934
5994
5990
5956
6174
6135
6175
6156
6274
6241
6487
6401
6383
6157
6109
6096
6016
6099
5980
5914
5910
5955
6144
6142
6035
6060
6068
5999
6079
6107
6343
6567
6503
6538
6529
6772
6658
6788
6521
6356
6353
6403
6421
6455
6269
6329
6368
6458
6520
6336
6349
6293
6188
6084
6049
5929
5904
5975
5741
5642
5728
5797
5705
5510
5420
5252
5379
5415
5328
5255
5205
5206
5346
5235
5174
5153
5062
5196
5106
5076
5002
5117
5149
5188
5330
5233
5358
5289
5408
5470
5309
5292
5283
5435
5443
5443
5568
5533
5621
5689
5740
5865
5848
6121
6131
6217
6327
6398
6405
6433
6445
6540
6508
6585
6304
6218
6171
6275
6109
5872
5992
5987
6026
5949
5906
5926
5982
6029
6131
6073
6031
6037
6148
6338
6472
6288
6172
6090
5983
5944
6026
6071
6261
6288
6287
6366
6334
6543
6712
6854
6761
6724
6617
6519
6566
6655
6895
6941
6853
6725
6678
6568
6483
6600
6626
6615
6516
6418
6357
6244
6276
6215
6278
6388
6463
6124
6139
6120
6018
5944
5916
5913
5943
6028
6053
5985
5906
5859
5883
5850
5894
5955
6088
6011
5820
5747
5714
5694
5667
5622
5442
5461
5442
