1005000
266929
173949
129067
101936
84098
71840
63047
55787
49891
45017
41071
37979
35149
32837
30401
28416
27037
25740
24232
22871
21959
21003
20006
19033
18444
17651
16878
15912
15184
14833
14301
13693
12864
12927
12856
12225
11728
11227
10964
10631
10560
10154
9858
9809
9681
9490
9329
9144
8937
8767
8497
8328
8171
8046
8047
7680
7758
7919
7684
7571
7290
7042
7104
6910
6746
6646
6276
6173
6012
5879
5632
5493
5389
5297
5201
5188
5050
4971
4959
4825
4652
4493
4568
4451
4290
4366
4452
4368
4287
4220
4206
4110
4135
4019
4009
4000
4028
4057
4170
3888
3891
3896
3868
3860
3879
3834
3752
3784
3946
3987
4003
3996
4032
3967
3874
3761
3615
3431
3401
3440
3414
3340
3310
3240
3207
3255
3294
3248
3316
3407
3509
3413
3384
3455
3447
3471
3470
3515
3611
3607
3560
3471
3397
3429
3437
3443
3454
3537
3514
3454
3331
3455
3201
3263
3397
3334
3360
3289
3211
3203
3225
3248
3171
3075
3117
3117
3055
3285
3261
3347
3503
3556
3632
3642
3535
3352
3229
3219
3224
3173
3136
3044
2998
2937
3076
3015
3063
3041
3037
2817
2767
2691
2744
2775
2880
2868
2742
2717
2764
2754
2821
2983
2976
2885
2817
2806
2815
2868
2810
2926
2908
2848
2669
2674
2717
2550
2434
2445
2509
2641
2731
2799
2804
2826
2935
2931
2997
2952
2836
2807
2800
2694
2566
2422
2392
2332
2289
2337
2304
2342
2461
2526
2452
2286
2322
2380
2341
2319
2384
2523
2484
2461
2443
2431
2289
2213
2160
2169
2208
2286
2281
2203
2211
2203
2269
2215
2200
2200
2166
2171
2223
2256
2162
2154
2294
2292
2310
2350
2461
2511
2475
2526
2522
2547
2625
2717
2600
2691
2791
2912
2942
2872
2862
2812
2797
2806
2833
2831
2897
2899
2919
2991
2990
3079
3066
3141
3204
3291
3420
3311
3238
3178
3178
3168
3172
3114
3069
3181
3270
3332
3333
3374
3359
3509
3387
3408
3461
3351
3396
3363
3435
3544
3571
3756
3700
3822
3769
3823
3819
3577
3607
3716
3757
3721
3836
3673
3889
3804
3680
3865
3778
3700
3767
3809
3632
3653
3763
3731
3729
3636
3684
3479
3683
3768
3639
3482
3497
3452
3537
3555
3463
3522
3476
3455
3509
3418
3463
3556
3593
3498
3646
3788
3762
3733
3723
3826
3912
4045
3986
3856
3887
3865
3758
3812
3803
3867
3792
3836
3822
3839
3895
3794
3824
4027
3878
3821
3861
4022
3825
3782
3726
3804
3768
3705
3735
3832
3815
3803
3800
3731
3841
3755
3721
3912
3873
3886
4001
4015
4101
4235
4239
4275
4253
4382
4259
4229
4320
4244
4148
4294
4178
4160
4112
4112
4090
4001
3920
3984
3938
3962
3988
4176
4137
4239
4295
4182
4273
4181
4422
4309
4306
4447
4642
4752
4772
4813
4633
4561
4404
4415
4397
4523
4458
4450
4468
4248
4201
4214
4117
4079
4230
4177
4149
4141
4137
4213
4182
4272
4355
4192
4305
4331
4264
4174
4142
4001
3985
3827
3703
3569
3616
3477
3526
3654
3688
3571
3690
3638
3670
3702
3735
3665
3577
3626
3549
3425
3486
3478
3541
3562
3630
3600
3475
3329
3365
3394
3453
3327
3415
3341
3419
3489
3415
3521
3490
3549
3588
3548
3559
3547
3605
3641
3571
3633
3556
3565
3650
3655
3728
3861
3851
3772
3733
3789
4011
4033
4163
4171
4131
4023
4017
4018
4024
4090
4117
4083
4113
4078
4101
4106
4095
4030
4018
3930
3911
3982
3868
3993
4188
4186
4206
4107
4099
4079
3975
4042
4025
4163
4152
4240
4303
4276
4261
4418
4449
4528
4500
4598
4740
4731
4629
4541
4414
4460
4405
4373
4231
4120
4024
4086
4034
3888
3920
4051
4040
4039
4222
4343
4305
4432
4503
4459
4426
4505
4649
4771
4720
4628
4728
4771
4855
4690
4659
4650
4612
4691
4455
4539
4490
4496
4503
4531
4397
4295
4358
4480
4555
4545
4507
4474
4581
4592
4580
4557
4634
4483
4336
4439
4418
4502
4571
4689
4800
4732
4714
4905
4920
4980
4870
4813
4886
4895
5052
5041
5029
4928
5047
5022
5050
4991
4970
5004
5074
5220
5299
5195
5069
5013
5017
4887
4925
5064
5085
5186
5209
5149
5082
5184
5189
5013
4966
5005
5016
4923
4708
4830
4786
4766
4659
4734
4648
4755
4805
4773
4914
5111
5188
5315
5274
5297
5264
5336
5269
5362
5543
5476
5579
5542
5339
5334
5403
5439
5340
5317
5375
5167
5271
5208
5329
5118
4963
5014
5117
5166
5324
5353
5310
5301
5388
5417
5297
5356
5401
5422
5410
5367
5496
5484
5522
5649
5558
5659
5888
5863
5920
5970
5841
5943
5976
5986
6029
6074
5957
6036
6084
6064
6148
6179
6209
6357
6304
6302
6310
6321
6321
6363
6238
6369
6340
6231
6166
6112
6040
6274
6169
5905
5971
6021
6262
6233
6571
6375
6258
6227
6307
6232
6203
5994
6104
6105
6188
6084
5837
5891
6117
6280
6257
6171
6137
6234
6275
6259
6321
6323
6358
6287
6442
6450
6224
6242
6312
6308
6267
6318
6474
6476
6426
6258
6227
6093
6126
6228
6313
6354
6170
5917
5963
6050
6210
6119
6196
6070
6210
6260
6363
6420
6388
6350
6288
6206
6224
6289
6136
6175
6049
5942
6026
5985
6073
6146
6082
6109
6177
6170
6240
6399
6409
6521
6629
6566
6576
6614
6623
6597
6670
6622
6591
6712
6966
7019
7063
6789
6859
6942
6878
6779
6695
6650
6767
6849
6895
6825
7068
6942
6921
7054
6861
7026
7231
6982
6904
6807
6798
6938
6911
6840
6813
6702
6932
7061
7213
7157
7047
7157
7120
7053
7056
6857
6707
6732
6626
6534
6528
6527
6425
6521
6429
6308
6262
6200
6257
6566
6606
6827
6708
6644
6572
6656
6686
6589
6525
6517
6465
6610
6514
6413
6323
6350
6270
6301
6322
6330
6406
6345
6374
6391
6150
6081
5811
5773
5725
5748
5931
6093
6300
6086
6198
6557
6389
6164
6250
6267
6316
6366
6451
6345
6394
6461
6763
6764
6759
6638
6614
6822
6688
6636
6547
6292
6484
6463
6262
6392
6408
6208
6141
6158
6165
5865
5887
5740
5835
5832
5730
5779
5605
5820
5852
5825
5660
5711
5495
5623
5617
5593
5532
5555
5453
5276
5122
4986
5005
5095
4893
4858
5024
5059
5178
5408
5136
5108
5121
5040
5134
5190
5116
5048
5023
5137
5051
4997
5010
5035
5111
5081
5029
5105
5041
4987
5136
5022
4941
4854
4761
4868
4949
4950
5036
5122
5370
5401
5392
5614
5571
5681
5782
6010
5968
5908
5922
5817
5816
5820
5853
5847
5859
5997
6204
6271
6100
6203
6547
6554
6509
6589
6724
6730
6650
6690
6804
6897
6752
6724
6866
6893
6810
6918
6953
6915
6917
6785
6824
6864
6758
6712
6375
6543
6529
6627
6599
6600
6451
6342
6262
6429
6420
6428
6489
6301
6399
6375
6351
6321
6308
6280
6368
6153
6233
6224
6242
6321
6349
6248
6330
6468
6471
6356
6524
6415
6305
6196
6158
6216
6068
6168
6039
5845
6011
5926
5856
5840
5775
5674
5621
5676
5836
5887
5870
5862
5923
5777
5915
5874
5852
5876
5664
5670
5462
5401
5643
5621
5585
5588
5614
5525
5477
5404
5385
5381
5520
5626
5683
5736
5543
5532
5419
5467
5544
5655
5639
5644
5570
5472
5365
5574
5502
5542
5724
5911
5793
5794
5792
5781
5794
5741
5645
5546
5584
5810
5766
5970
6233
6189
6132
6095
6047
5961
5871
5927
5933
5915
5912
5991
6176
6075
6312
6153
6053
6252
6250
6440
6392
6451
6522
6510
6277
6390
6497
6782
6835
7008
6942
6741
6722
6729
6665
6576
6698
6684
6853
6507
6578
6645
6565
6507
6470
6161
6107
6084
6024
5812
5820
5682
5555
5524
5432
5319
5436
5507
5290
5539
5574
5454
5624
5577
5711
5706
5838
5953
5942
5983
6168
6114
6187
6337
6412
6308
6343
6385
6264
6246
6027
6196
6312
6247
6339
6314
6168
6372
6495
6532
6512
6599
6778
6749
6591
6491
6619
6449
6456
6231
6145
6213
6146
6032
6038
5990
6023
5905
5932
6081
6096
6071
6101
5976
5918
6032
5975
5874
5860
5791
5754
5647
5493
5558
5590
5516
5578
5641
5551
5643
5692
5809
5843
5896
5892
5847
5767
5749
5886
5977
6132
6256
6244
6073
6040
6107
6158
6104
6052
6081
5965
5869
5965
5973
5989
6121
6130
6311
6295
6248
6219
6066
6013
5908
6064
6071
6021
5929
5938
5897
5835
5850
5882
5801
5827
5646
5549
5449
5440
5467
5695
5758
6044
6138
6266
6516
6598
6801
6775
6680
6581
6657
6513
6655
6635
6789
6734
6605
6654
6701
6873
6639
6747
6631
6653
6727
6823
6766
6852
6806
6906
6975
6797
6679
6945
7020
6986
7023
6985
7017
7074
7019
6835
6740
6923
6920
6936
7039
7095
6925
6716
6781
6711
6817
6832
6928
6870
6773
6746
6710
6558
6572
6592
6673
6693
6682
6792
6907
6719
6739
6619
6760
6500
6739
6912
6805
6885
6887
6829
6782
6608
6502
6333
6083
6209
6211
5976
5881
5956
6137
6360
6360
6405
6428
6388
6609
6698
6554
6555
6589
6559
6606
6718
6606
6512
6537
6733
6833
6883
7305
7326
7370
7462
7355
7265
7257
7207
7134
7063
7115
7345
7061
6993
6923
7208
7213
7303
7508
7503
7547
7508
7707
7624
7555
7486
7484
7344
7151
7196
7310
7330
7314
7324
7433
7461
7335
7291
7206
7318
7279
7310
7221
7308
7295
6941
7058
6877
6886
7011
6878
6885
6867
6725
6838
6874
6806
6793
6650
6617
6475
6502
6663
6566
6458
6474
6349
6469
6372
6330
6497
6638
6601
6500
6519
6586
6355
6434
6499
6522
6515
6498
6395
6385
6332
6097
6141
6093
5919
5932
6060
6154
6026
5845
5725
5696
5650
5560
5542
5624
5614
5611
5550
5545
5508
5643
5598
5672
5851
6007
5820
5881
6141
6084
5891
6067
6169
6194
6156
6182
6346
6377
6099
6155
6010
6069
6107
6193
6017
5818
5796
5671
5707
5811
5713
5511
5343
5326
5416
5516
5495
5273
5198
5235
5289
5535
5441
5529
5505
5403
5309
5508
5539
5567
5406
5216
5199
5164
5082
5080
4997
4930
4944
4804
5066
5070
4921
4941
4939
4889
4921
4887
4866
4735
4829
4900
4844
4870
4966
4989
4988
4999
5017
4994
5120
5173
5083
5041
5025
5093
5055
5000
5064
4942
5099
5109
5189
5165
5220
5167
5193
5302
5237
5304
5279
5248
5175
5260
5500
5626
5750
5859
5691
5581
5648
5681
5776
5645
5491
5492
5390
5370
5322
5345
5412
5492
5429
5407
5414
5499
5496
5446
5356
5378
5345
5350
5398
5619
5568
5480
5443
5537
5607
5647
5844
5710
5823
5950
5939
6161
5947
6034
6002
6106
5941
6009
5951
5758
5650
5569
5370
5378
5508
5727
5917
5901
5781
5794
5792
5606
5420
5471
5476
5534
5402
5115
5105
5045
5011
5099
5028
5107
5114
5219
5337
5102
5011
4944
5030
5057
4977
4922
4922
4914
4936
4854
4777
4932
4646
4548
4593
4702
4675
4634
4548
4419
4421
4308
4252
4335
4487
4429
4380
4399
4574
4578
4554
4518
4673
4880
5013
5109
4926
4903
4852
4933
4913
5085
5062
5063
5118
5072
5084
4938
4822
4776
4642
4572
4422
4428
4318
4212
4281
4174
4109
4057
4086
4261
4384
4411
4367
4357
4160
4210
4337
4380
4228
4211
4208
4336
4513
4548
4671
4712
4820
4800
4848
4958
4826
4858
4759
4653
4506
4550
4539
4546
4475
4545
4481
4354
4290
4361
4392
4546
4479
4431
4339
4266
4345
4395
4311
4202
4211
4134
4076
4138
4242
4276
4313
4349
4225
4123
4109
4175
4355
4414
4436
4460
4556
4463
4556
4671
4789
4829
4898
4907
4737
4770
4735
4648
4613
4555
4600
4648
4771
4778
4701
4742
4682
4701
4624
4573
4463
4664
4517
4489
4273
4243
4126
4056
3951
3931
3849
3881
3852
3883
3883
3974
3876
4062
3965
3963
3945
3960
4068
4162
4070
4062
3959
3842
3956
3978
3908
4015
4060
4121
4205
4221
4212
4113
4078
4000
4031
4089
4185
4306
4270
4135
4249
4261
4236
4170
4251
4204
4176
4098
4077
4203
4447
4358
4210
4182
4176
4189
4078
4280
4263
4330
4330
4343
4308
4329
4275
4310
4266
4291
4348
4348
4432
4637
4454
4458
4559
4699
4746
4781
4808
4908
5018
5025
5031
5170
5211
5278
5221
5281
5220
5370
5360
5483
5641
5767
5923
5835
5842
5904
5752
5895
5975
5947
6184
6108
6252
6269
6405
6144
6193
6214
6287
6256
6303
6221
6028
6033
5882
5899
6042
6016
5908
5861
5802
5591
5701
5760
5661
5688
5611
5760
5723
5790
5795
5877
5818
6023
6194
6115
5931
5967
6017
6094
6038
6065
6208
6326
6225
6155
6137
6090
6073
5990
5940
5931
6081
6046
6099
6130
6280
6455
6431
6170
6241
6442
6494
6333
6268
6366
6349
6340
6153
6259
6377
6446
6478
6504
6731
6873
6773
6665
6721
6754
6532
6540
6278
6527
6539
6371
6440
6370
6291
6319
6266
6521
6683
6660
6790
6814
7020
6825
6959
6796
6728
6719
6814
7035
7217
7154
7158
7332
7252
7095
7076
7096
7328
7025
7013
6880
6758
6840
6783
6701
6513
6535
6358
6339
6415
6456
6492
6362
6481
6453
6416
6496
6681
6699
6771
6867
6935
6974
7075
7257
7107
7002
6768
6827
6976
6981
6980
6861
6702
6621
6590
6756
6836
6659
6717
6824
6886
6858
6837
6946
7102
7261
7332
7348
7289
7379
7319
7441
7593
7498
7615
7459
7279
7292
7249
7141
7277
7350
7213
7284
7223
7238
7243
7361
7388
7331
7374
7293
7284
7123
7108
7125
7218
7231
7212
7046
6996
6937
6812
6674
6716
6877
6659
6919
6770
6744
6711
6738
6817
6962
6875
6791
6876
6862
6819
6944
6890
6893
6910
6569
6506
6548
6392
6397
6414
6416
6264
6285
6387
6789
6715
6745
6685
6687
6663
6641
6590
6581
6540
6582
6706
6731
6845
6902
6958
7031
7002
7091
7051
6903
6901
6938
6666
6798
6841
6793
6821
6672
6612
6594
6659
6739
6631
6557
6535
6555
6630
6573
6557
6544
6536
6379
6435
6439
6604
6761
6918
6754
6782
6799
6677
6497
6404
6498
6444
6199
6192
6056
6159
5981
5889
5971
6025
6085
5931
6111
6150
6101
6109
6019
5986
6027
5901
5838
5947
6054
6171
6156
5973
5871
5829
5635
5848
5746
5840
5845
5880
5904
5934
5695
5593
5451
5627
5508
5640
5598
5768
5675
5496
5582
5653
5607
5605
5484
5320
5272
5297
5413
5456
5498
5513
5540
5435
5516
5632
5674
5764
5785
6036
6105
6202
6311
6468
6439
6435
6721
6671
6808
6859
6887
6952
7020
7255
7333
7305
7346
7574
7511
7536
7583
7669
7608
7672
7753
7811
7766
7749
7849
8144
8120
8035
8001
7958
7852
7851
7827
7965
7940
7870
7980
7977
8190
8250
8251
8514
8308
8329
8486
8746
8608
8445
8470
8603
8621
8483
8335
8234
8278
7902
8046
8063
7891
7755
7859
8016
7903
7952
7929
7849
8090
8129
8270
8154
8067
8240
8224
8050
8042
7756
7667
7760
7767
7814
7940
8027
7904
7974
7908
7784
7808
7706
7680
7612
7507
7606
7604
7447
7616
7709
7874
7521
7558
7355
7547
7485
7464
7548
7478
7550
7639
7589
7727
7764
7840
8017
7897
7968
8085
8001
7997
7972
7979
8032
8028
8284
8452
8214
8367
8353
8266
8104
8152
7951
7990
8014
8145
8272
8339
8443
8722
9004
8697
8524
8596
8480
8297
8329
8360
8249
8486
8404
8072
8103
7887
7921
7876
8021
8104
8094
8018
7922
7650
7796
7659
7520
7432
7296
7315
7214
7173
7299
7376
7190
7315
7595
7790
7861
7941
8022
8007
7957
7986
8008
7984
7976
8006
7968
7858
7862
8044
8079
7942
7858
7994
8036
7860
7807
7506
7356
7311
7198
7187
7225
7083
7019
6881
6990
6941
6770
6778
6521
6573
6502
6380
6489
6328
6253
6428
6439
6545
6610
6730
6822
6677
6718
6800
6836
6834
6757
6895
6841
7094
6802
6460
6254
6105
6135
6024
6139
6149
6101
6053
5941
5831
5962
6009
6056
5993
6013
5994
6223
6141
6151
6162
6273
6292
6302
6481
6512
6447
6367
6473
6421
6270
6071
6055
6295
6457
6447
6526
6540
6592
6559
6518
6457
6604
6575
6615
6469
6699
6546
6511
6495
6554
6709
6872
6943
6760
6610
6587
6647
6764
6590
6524
6481
6509
6609
6616
6526
6587
6292
6158
6081
5915
5870
5863
5787
5663
5623
5781
5677
5694
5613
5568
5437
5335
5300
5324
5129
5007
5128
5076
5009
5032
5115
4981
5048
5048
5025
5259
5259
5295
5213
5352
5355
5331
5349
5151
5112
5087
4988
5142
5097
5078
4929
4956
4923
4811
4875
4777
4687
4591
4625
4702
4749
4808
4857
4763
4930
4908
4787
4640
4620
4723
4600
4583
4531
4535
4428
4612
4652
4580
4606
4620
4493
4333
4418
4483
4431
4484
4401
4370
4407
4643
4606
4705
4677
4747
4866
4850
4996
4846
4923
4781
4689
4520
4514
4367
4326
4456
4575
4618
4690
4716
4894
4954
4869
4901
4951
4942
5028
4940
5072
5091
5097
5244
5279
5107
5201
5200
5293
5268
5427
5419
5229
5292
5305
5326
5202
5259
5332
5333
5417
5605
5615
5666
5651
5629
5711
5748
5571
5308
5231
5344
5398
5445
5327
5447
5343
5256
5298
5410
5292
5320
5392
5307
5454
5478
5356
5334
5269
5323
5311
5257
5464
5293
5238
5056
5135
5305
5472
5332
5297
5333
5418
5395
5371
5355
5424
5456
5586
5619
5669
5716
5767
5860
6027
5971
5824
5870
5697
5562
5563
5561
5433
5524
5593
5618
5602
5405
5557
5569
5565
5718
5704
5758
5865
6119
6178
6146
6239
6171
6254
6388
6182
6093
6084
6019
6039
6126
6186
6194
6175
6119
6096
6162
6103
6062
6060
5948
5885
5973
5858
5924
5751
6096
6107
6022
6078
5871
5827
5929
6113
6046
6219
6149
6118
6044
6051
6070
6008
5884
5872
5871
5787
5981
6095
6214
6059
6002
5881
5723
5823
5753
5975
6092
6021
6110
6041
6043
6059
6007
5704
5685
5644
5554
5685
5841
5734
5541
5461
5535
5490
5614
5735
5884
5849
5845
5734
5756
5944
5738
5771
5854
5853
5867
5916
5829
5933
6167
6108
6270
6306
6224
6153
6127
6121
6256
6605
6321
6359
6283
6287
6280
6388
6590
6489
6630
6517
6452
6379
6390
6497
6428
6593
6369
6530
6478
6227
6055
6023
6179
6551
6457
6359
6295
6343
6105
6062
5985
6100
6248
6141
6001
5892
5833
5832
5704
5726
5666
5656
5566
5400
5551
5361
5397
5199
5222
5216
5278
5360
5530
5640
5584
5686
5624
5574
5449
5392
5153
5098
5212
5256
5389
5322
5399
5725
5692
5712
5657
5524
5337
5351
5468
5486
5493
5520
5407
5518
5529
5511
5566
5582
5624
5360
5488
5638
5714
5740
5774
5843
5726
5633
5558
5671
5656
5813
5998
5952
6042
6000
6102
6044
6087
6017
6003
6029
6062
6214
6185
6304
6386
6262
6282
6276
6224
6035
5867
5910
5801
5859
5915
5989
5846
5918
5875
5853
5860
5568
5390
5280
5505
5522
5634
5562
5484
5603
5526
5578
5420
5407
5379
5283
5361
5335
5261
5044
5034
5078
5118
5150
5234
5225
5150
5197
5133
5116
4945
4904
4832
4683
4668
4672
4814
4860
4840
4717
4728
4835
4885
4937
4828
4748
4733
4798
4950
4880
5012
5002
5139
5222
4928
5013
4893
5068
5147
5294
5207
5415
5296
5376
5551
5682
5702
5695
5570
5555
5550
5718
5680
5716
5778
5890
5911
6075
6032
6258
6250
6113
6107
5987
6104
5962
6054
5879
5915
5772
5726
5699
5724
5656
5648
5749
5745
5928
5900
5795
5698
5783
5784
5686
5603
5496
5656
5489
5458
5539
5438
5473
5447
5420
5302
5310
5383
5287
5153
5201
5345
5203
5278
5149
5318
5414
5283
5255
5214
5038
5135
4927
4748
4713
4720
4736
4707
4723
4922
4775
4866
4959
5087
5191
5064
5010
4844
4837
5020
5024
5143
5125
5148
5148
5064
5105
5234
5289
5128
5016
4947
5022
4946
4970
4981
5015
5082
4982
4947
4934
4838
4829
4905
4856
4885
4949
4876
5015
4797
4920
4885
4806
4670
4608
4768
4755
4719
4645
4660
4743
4815
4791
4932
4933
4880
4892
4654
4683
4597
4755
4868
4963
5012
5037
5180
5243
5248
5270
5375
5376
5183
5158
5216
5078
5200
5221
5254
5100
5076
5208
5253
5160
5145
5324
5429
5390
5327
5237
5235
5319
5398
5420
5488
5500
5494
5524
5563
5575
5764
5857
5897
6028
5973
5878
5926
5785
5784
5749
5737
5707
5692
5776
5768
5510
5467
5507
5562
5573
5651
5517
5678
5723
5715
5573
5316
5286
5269
5317
5290
5286
5433
5548
5727
5760
5575
5559
5524
5573
5588
5394
5381
5430
5349
5302
5214
5359
5498
5601
5622
5384
5292
5321
5429
5285
5271
5234
5239
5398
5448
5575
5687
5641
5623
5575
5557
5537
5460
5495
5520
5576
5653
5481
5459
5214
5260
5233
5368
5170
5241
5315
5310
5207
5032
4865
4860
4991
5080
4866
4808
4807
4929
5007
5090
5043
5126
4993
4888
4922
4912
5014
4981
5025
5026
4931
4909
4814
4697
4698
4763
4888
4876
4703
4749
4662
4613
4569
4485
4618
4436
4486
4425
4334
4210
4141
4222
4296
4333
4293
4322
4474
4425
4419
4291
4277
4283
4322
4282
4307
4207
4220
4291
4561
4555
4400
4560
4419
4516
4560
4551
4479
4628
4683
4706
4906
4867
4788
4895
4875
4892
4861
4872
4927
4836
4852
4862
4757
4777
4769
4765
4843
4860
4782
4774
4544
4635
4628
4574
4507
4521
4541
4507
4599
4511
4545
4602
4642
4689
4635
4589
4604
4772
4881
4703
4560
4538
4555
4692
4656
4709
4672
4838
4809
4808
4711
4769
4828
4946
4914
4947
5072
4916
4956
5094
5128
5237
4983
4969
4704
4674
4636
4725
4763
4746
4749
4690
4679
4759
4864
4874
5056
5123
5130
5035
5053
5011
5036
4823
4720
4596
4557
4513
4483
4554
4583
4555
4703
4647
4770
4769
4800
4682
4846
4620
4477
4412
4371
4498
4369
4414
4399
4493
4554
4475
4497
4524
4586
4558
4459
4517
4498
4624
4747
4696
4736
4965
5078
5176
5224
5219
5037
5091
5127
5198
5080
4922
4785
4838
4986
4838
4802
4822
4919
5040
5139
5013
4889
4910
5142
5353
5458
5307
5368
5482
5617
5539
5498
5379
5359
5270
5161
5290
5217
5049
4983
4880
4947
4952
4916
4681
4644
4762
4814
4918
4948
4981
4960
5009
4973
4940
4916
4986
5020
5061
4985
5009
5198
5342
5478
5580
5603
5678
5563
5576
5716
5610
5713
5765
5779
5647
5667
5859
5920
5906
5892
5972
6074
6082
6144
6164
6059
5983
5862
5812
5649
5782
5548
5691
5856
5756
5823
5814
5802
5604
5547
5525
5530
5478
5440
5177
5042
5151
5227
5213
5111
5182
5254
5219
5302
5106
5038
5129
5075
5021
5117
5123
5210
5215
5124
5135
5049
5184
5320
5358
5524
5642
5712
5583
5541
5616
5575
5527
5528
5628
5658
5528
5634
5607
5705
5706
5659
5652
5765
5759
5646
5722
5791
5680
5621
5614
5595
5710
5684
5612
5714
5741
5720
5831
5716
5706
5643
5634
5671
5546
5531
5385
5317
5400
5337
5361
5318
5464
5642
5426
5512
5587
5512
5464
5583
5585
5512
5640
5635
5637
5596
5711
5665
5664
5779
5938
5959
6148
5996
6060
5929
6067
5958
6075
6132
6182
6264
6208
6160
6142
6138
6188
6176
6155
6149
6177
6032
5999
5933
6092
6286
6117
6094
6132
6013
5903
5901
5776
5882
5948
5863
5990
6015
6065
6034
6090
6242
6111
6052
6170
5961
5897
6014
6034
5764
5995
6015
6056
6090
6155
6073
6059
6029
6084
6138
6045
5802
5751
5667
5636
5680
5709
6188
6073
6240
6150
6109
6139
6156
6238
6219
6200
6108
6028
5957
6022
5952
5783
5698
5573
5612
5536
5607
5469
5432
5510
5308
5389
5404
5502
5540
5490
5544
5420
5379
5252
5392
5324
5453
5396
5488
5404
5515
5426
5297
5129
5188
5098
5217
5092
5216
5105
5128
5233
5251
5232
5381
5266
5273
5251
5445
5311
5219
5139
5040
5111
4990
5143
4942
4849
4849
4777
4775
5000
5065
5208
5213
5331
5412
5341
5206
5404
5441
5371
5428
5429
5409
5365
5326
5422
5350
5231
5175
5097
5240
5246
5259
5287
5392
5306
5171
5006
4940
5155
5090
5093
5048
5023
4868
4789
4872
4963
5178
5263
5211
5286
5383
5385
5307
5247
5295
5283
5293
5176
5199
5113
5009
5128
5251
5286
5440
5394
5528
5468
5537
5554
5476
5377
5291
5251
5253
5196
5202
5253
5261
5215
5167
5121
5079
4911
4948
4831
4670
4749
4685
4683
4766
4641
4659
4511
4532
4671
4564
4436
4303
4279
4338
4152
4284
4435
4390
4331
4205
4352
4328
4145
4249
4339
4402
4402
4508
4533
4560
4520
4599
4563
4636
4563
4606
4714
4619
4573
4624
4695
4854
4902
4656
4842
4590
4534
4598
4730
4702
4692
4613
4628
4724
4766
4853
4984
5122
5054
5037
5067
5086
5032
5030
5003
5245
5223
5160
5042
5133
5109
5223
5247
5125
5242
5092
5109
5105
5137
5259
5072
4954
4918
4940
4888
5046
5061
5024
5088
5126
4956
5000
5009
4840
4996
4981
4909
4869
4912
5026
5066
5262
5230
5164
5109
5189
5208
5279
5376
5448
5306
5363
5467
5675
5750
5595
5483
5548
5614
5812
5843
5823
5606
5571
5632
5680
5747
5783
5845
5906
6012
6080
6149
6015
5951
5817
5927
6067
5931
5977
6034
6007
6127
6091
6238
6122
6165
6252
6161
6050
5934
5765
5844
5897
5838
5651
5476
5368
5190
5232
5203
5222
5296
5213
5497
5779
5766
5795
5797
5868
5610
5629
5660
5595
5586
5527
5279
5242
5353
5310
5260
5432
5430
5522
5601
5628
5639
5620
5662
5451
5226
5168
5020
5149
5315
5384
5485
5603
5733
5638
5691
5751
5711
5880
5774
5641
5610
5610
5572
5594
5598
5426
5420
5533
5617
5669
5550
5581
5625
5412
5454
5448
5412
5281
5364
5348
5262
5426
5460
5444
5313
5367
5262
5290
5136
5176
5089
5216
5343
5345
5420
5274
5303
5376
5302
5376
5339
5333
5142
5063
5120
4977
4973
5091
5200
5210
5235
5343
5277
5303
5351
5355
5281
5499
5678
5588
5628
5649
5743
5648
5558
5520
5329
5307
5227
5177
5275
5312
5405
5464
5457
5330
5061
5030
4918
5124
5042
5061
5094
5164
5230
5247
5198
5145
4964
5047
5055
5108
5135
5216
5378
5316
5365
5192
5172
5107
5151
5161
5063
5090
5073
5211
5247
4983
5091
4987
5040
5094
5157
5052
5083
5130
5186
5274
5332
5252
5138
5225
5250
5295
5155
5294
5319
5402
5463
5398
5423
5390
5537
5549
5462
5408
5305
5302
5430
5440
5404
5346
5344
5376
5406
5323
5405
5431
5361
5169
5095
5176
5112
5048
5061
5235
5141
5137
5063
4955
5070
5137
5259
5035
5072
5176
5149
4986
4966
5058
4918
5052
5162
5100
5093
5032
4974
5072
4967
5089
5014
4856
4920
4988
5119
5308
5268
5282
5263
5252
5241
5033
4943
5096
5003
4925
5099
5125
5031
5089
5064
5189
5313
5529
5551
5505
5514
5522
5680
5632
5489
5349
5349
5220
5325
5256
5407
5392
5492
5467
5391
5299
5314
5462
5494
5323
5196
5191
5102
4912
4930
4869
4936
5070
5046
4986
5080
5108
5091
5089
5125
5327
5489
5357
5203
5142
5125
4992
4960
4960
4959
4745
4811
4833
4916
5064
5008
5061
5073
5078
5138
5256
5426
5266
5324
5322
5226
5178
5194
5164
5269
5232
5169
5180
5264
5324
5332
5389
5290
5330
5472
5385
5277
5359
5274
5220
5324
5322
5307
5449
5552
5557
5647
5662
5713
5725
5954
5904
5978
5962
5926
5918
5738
5780
5790
5868
5878
5886
5813
5907
5899
5827
5786
5725
5861
5627
5620
5767
5803
5771
5692
5700
5647
5427
5419
5346
5225
5180
5222
5327
5403
5639
5707
5915
5763
5729
5799
5778
5771
5790
5678
5744
5580
5499
5527
5573
5643
5517
5452
5461
5584
5590
5546
5504
5521
5521
5330
5289
5392
5270
5314
5360
5309
5445
5547
5724
5765
5855
5930
6074
6245
6465
6334
6399
6210
6084
6015
6200
6194
5955
5856
5826
5984
6059
6056
6050
5833
5726
5769
5874
5668
5698
5921
5980
5965
5891
5969
5966
5838
5735
5793
5890
5942
5885
5981
5890
6002
6083
6112
6121
6170
6368
6520
6642
6704
6488
6517
6502
6526
6404
6380
6541
6682
6580
6548
6877
6888
6802
6644
6588
6407
6363
6677
6712
6740
6782
6584
6595
6437
6456
6436
6610
6660
6673
6702
6497
6580
6612
6686
6586
6639
6494
6455
6502
6617
6601
6791
6668
6894
6729
6655
6721
6612
6651
6478
6399
6422
6321
6179
6285
6197
6201
5926
6016
5982
6094
6154
6182
6064
6109
6343
6263
6366
6396
6292
6190
6210
6101
5977
5839
5803
5835
5765
5803
5878
5945
5926
6132
6132
6204
6102
6166
6222
6099
5979
6010
5845
5899
5880
5876
6056
5952
6024
6298
6201
6422
6509
6734
6837
6977
6742
6830
6722
6673
6549
6532
6697
6610
6535
6610
6451
6514
6582
6363
6331
6367
6273
6136
6160
6014
6195
6106
6092
6207
6193
6223
6286
6223
6126
6051
5901
6062
6063
6048
6041
6072
6127
6125
6315
6344
6241
6248
6248
6022
5976
6051
6204
6314
6071
6067
5920
5836
5966
5873
5892
5969
5972
6017
6032
6205
6127
5990
5853
5894
5956
6047
5993
6058
5744
5756
5604
5792
5832
5878
5825
5787
5768
5796
5777
5599
5701
5711
5817
5927
6086
6156
6081
6019
6029
5850
5982
5903
5953
5987
5911
5965
6013
6076
6074
6043
5939
6019
6154
6009
6025
5998
5909
6024
5941
5944
5851
5922
5883
5925
6076
6228
6115
6183
6184
6052
6049
6149
6151
6036
5980
6093
6140
6206
6278
6320
6229
6481
6499
6491
6669
6745
6697
6513
6576
6488
6664
6777
6676
6551
6862
6881
6820
6763
6698
6830
6871
6766
6806
6929
6963
7157
6936
7022
7133
7104
7176
7219
7479
7529
7446
7515
7548
7558
7541
7418
7635
7734
7679
7664
7646
7709
7893
7797
7722
7759
7615
7477
7461
7514
7673
7613
7670
7546
7477
7662
7616
7717
7506
7451
7641
7559
7619
7349
7210
7098
7109
7116
7180
7288
7274
7340
7213
7182
7273
7240
7233
7162
