1005000
267921
174276
129580
102929
84940
72838
63118
56372
50877
45889
42249
38917
36063
33270
31095
28978
27121
25477
23958
23022
21873
20976
20086
19154
18776
17837
17213
16501
16060
15428
14787
14290
14023
13588
13273
12727
12124
11698
11261
11035
10924
10403
10326
10035
10043
9931
10100
9887
9539
9368
8992
8924
8755
8394
8240
8296
8092
8124
8108
7963
7876
7801
7695
7407
7435
7326
7356
7157
7035
7084
6873
6696
6845
6811
6636
6441
6333
6411
6189
6175
5923
5961
5888
5921
5984
5863
5820
5669
5605
5433
5730
5767
5555
5570
5563
5510
5505
5445
5482
5318
5196
5103
5037
4949
4804
4890
4936
4845
4639
4656
4534
4586
4587
4434
4404
4289
4294
4205
4107
4128
4047
3916
3910
3888
3818
3823
3844
3686
3758
3754
3790
3748
3737
3630
3583
3378
3435
3532
3468
3437
3398
3278
3217
3140
3268
3203
3102
2901
2818
2651
2604
2578
2575
2611
2514
2484
2497
2511
2333
2281
2189
2196
2229
2208
2065
1957
1982
2001
1891
1837
1961
1892
1930
1813
1776
1749
1750
1779
1678
1662
1701
1677
1611
1545
1536
1558
1569
1581
1482
1435
1362
1362
1332
1281
1344
1372
1317
1242
1206
1158
1153
1155
1119
1071
1015
1000
990
990
993
996
981
909
861
831
933
994
979
1014
933
918
903
946
951
906
921
852
813
873
864
816
762
748
744
726
696
648
627
690
652
591
606
636
546
597
591
597
630
591
546
499
501
489
477
426
390
429
390
453
459
423
489
498
522
495
492
543
519
522
501
504
567
606
561
534
537
579
528
516
582
576
606
597
597
579
570
537
480
420
441
468
483
432
480
501
474
456
411
426
411
408
387
369
342
348
384
363
390
306
279
288
306
321
354
384
357
372
399
384
399
420
357
366
351
360
360
357
366
354
351
387
426
420
441
453
474
450
426
366
369
396
402
396
348
345
390
393
396
414
447
393
387
411
381
405
420
399
381
399
399
354
345
339
372
402
411
402
429
408
414
456
483
462
483
492
417
462
507
522
546
510
570
576
568
504
585
585
567
519
549
522
492
528
531
576
585
564
573
600
537
526
510
558
579
570
552
546
507
546
513
508
555
552
510
486
474
483
504
519
519
558
519
543
556
531
519
540
495
480
486
474
480
468
474
444
453
453
435
396
405
426
420
423
405
378
351
363
360
321
315
321
309
318
369
357
300
336
342
324
300
321
327
327
381
357
321
255
264
240
258
252
255
291
264
276
273
288
288
306
306
315
315
300
276
315
285
270
324
330
339
354
339
369
300
306
300
288
231
210
234
213
210
204
213
192
201
192
180
144
153
147
171
150
147
150
126
129
144
159
141
138
159
147
144
138
147
150
159
153
123
153
144
126
117
102
75
93
72
66
69
87
72
63
45
57
63
75
111
114
84
72
42
45
57
57
48
51
45
39
21
18
18
24
21
12
6
9
9
18
21
21
18
15
9
15
18
12
21
18
18
6
9
9
15
18
15
15
21
15
18
15
12
6
9
6
9
9
12
15
12
12
15
18
24
30
24
27
21
18
21
9
9
3
3
6
9
6
6
6
9
9
12
12
15
9
9
3
