1005000
267600
173618
128875
102175
84031
71822
62276
54666
49019
44240
40713
37410
34736
32625
30495
28668
26739
24919
23792
22757
21646
20855
20212
19253
18446
17807
17331
16526
15880
15349
14712
14366
13697
13158
12616
12060
11753
11489
11127
11073
10488
10291
9873
9681
9565
9502
9214
8893
8604
8634
8417
8413
8061
7757
7732
7560
7405
7252
7345
7352
7503
7285
7187
7318
7239
7130
6893
6892
6687
6611
6363
6483
6354
6124
5998
6095
6031
5831
5821
5840
5785
5574
5624
5431
5217
5028
5102
4984
4842
4847
4864
4869
4785
4788
4898
4858
4987
5040
5101
5093
5177
4995
4865
4769
4934
4995
4919
4991
4986
4935
4943
4892
4723
4792
4701
4688
4564
4517
4486
4616
4681
4618
4625
4620
4527
4517
4492
4410
4537
4653
4557
4396
4617
4612
4660
4604
4471
4382
4407
4287
4261
4239
4231
4119
4105
4013
4015
3883
4041
4044
3833
3796
3840
3779
3898
3815
3686
3672
3714
3716
3667
3636
3542
3511
3514
3439
3422
3347
3255
3202
3250
3194
3252
3354
3344
3180
3166
3121
3048
3121
3003
3001
2940
2939
2929
2875
2788
2794
2686
2704
2800
2796
2874
2761
2784
2835
3035
2994
2997
3001
3012
3016
3011
2914
2999
2866
2847
2886
2738
2751
2773
2752
2675
2686
2700
2710
2770
2848
2791
2796
2768
2826
2787
2835
2763
2812
2892
2871
2897
2921
2991
3080
2968
3042
2939
2974
3042
2965
2823
2823
2870
2748
2844
2875
2877
2789
2817
2906
2852
2819
2753
2865
2734
2679
2661
2784
2743
2761
2805
2758
2782
2862
2941
3000
3070
3103
3163
3071
3191
3182
2939
2932
2998
3172
3109
2994
3070
3255
3439
3366
3329
3308
3271
3194
3276
3171
3149
3253
3288
3334
3251
3293
3405
3408
3424
3528
3398
3295
3396
3341
3321
3334
3313
3248
3187
3207
3120
3254
3201
3111
3130
3214
3345
3344
3448
3337
3312
3180
3296
3320
3257
3332
3418
3503
3606
3629
3610
3430
3413
3487
3455
3545
3530
3391
3476
3522
3381
3376
3299
3346
3240
3299
3401
3322
3339
3469
3500
3487
3329
3359
3345
3363
3447
3329
3372
3431
3497
3350
3395
3434
3345
3304
3396
3469
3443
3493
3536
3650
3798
3655
3745
3672
3602
3767
3719
3840
3865
3955
3967
4030
4068
4064
4034
3995
4233
4266
4249
4067
3905
3790
3660
3644
3815
3851
3894
3819
3834
3812
3790
3693
3597
3593
3635
3763
3773
3792
3860
3861
3869
3913
3842
3931
3983
4002
4032
4006
4134
4103
4072
4145
4206
4087
4132
4183
4225
4272
4257
4278
4395
4508
4576
4563
4514
4460
4451
4329
4300
4367
4446
4513
4546
4752
4691
4811
4779
4665
4375
4218
4167
4174
4224
4328
4325
4257
4167
4126
4041
3961
3877
3817
3826
3792
3878
3794
3820
3893
3965
3944
3921
3973
3792
3774
3651
3599
3552
3432
3421
3401
3359
3337
3410
3569
3365
3511
3706
3722
3809
3797
3880
3772
3662
3793
3801
3972
3896
3893
3837
3830
3653
3658
3722
3786
3846
3878
3853
3753
3842
4010
4080
4083
3836
3714
3788
3785
3771
3692
3719
3690
3609
3614
3452
3539
3548
3459
3559
3631
3572
3510
3585
3674
3754
3732
3734
3791
3823
3822
4021
4070
4179
4388
4274
4282
4305
4271
4463
4442
4546
4662
4772
4845
4695
4758
4664
4688
4803
4813
5013
4908
4895
4790
4725
4715
4947
4965
5041
5106
5144
5311
5396
5316
5422
5318
5280
5157
5128
5144
5213
5242
5141
5078
4940
5074
5029
4913
5085
5128
5134
5211
5064
4885
4996
5052
5058
4984
5028
5011
4984
4970
5102
5183
5122
5034
4880
4893
4779
4786
4720
4686
4806
4769
4725
4773
4781
4635
4592
4709
4760
4963
4763
4819
4842
4896
5005
5053
5096
5085
5267
5176
5295
5421
5481
5305
5325
5340
5188
5132
5219
5414
5461
5521
5507
5482
5413
5417
5405
5359
5407
5409
5417
5439
5620
5622
5429
5438
5520
5527
5702
5849
5839
6013
6080
6202
6133
6031
5836
5922
6025
5988
5997
6122
6066
6201
6070
6192
5990
6027
6095
5947
5854
5855
5878
5935
6014
6206
6128
6018
5910
5881
5752
5838
5813
5880
5981
6179
6087
6152
6127
5930
6047
5991
6155
6087
6126
6286
6193
6252
6234
6092
5853
5723
5594
5481
5367
5326
5322
5289
5203
5218
5054
5008
4970
4824
4797
4709
4695
4672
4739
4530
4467
4468
4344
4461
4492
4450
4563
4642
4652
4643
4588
4592
4525
4660
4735
4528
4549
4463
4373
4283
4165
4185
4177
4183
4246
4268
4155
4095
4213
4227
4346
4408
4379
4499
4723
4594
4635
4671
4746
4694
4698
4780
4713
4689
4531
4471
4427
4484
4500
4482
4470
4392
4319
4189
4238
4245
4221
4265
4132
4265
4190
4431
4447
4464
4401
4531
4539
4522
4587
4555
4335
4339
4317
4156
4338
4352
4284
4421
4257
4266
4348
4353
4381
4312
4377
4426
4388
4305
4330
4349
4373
4340
4172
4208
4217
4120
4129
4189
4199
4144
4212
4345
4409
4402
4353
4367
4399
4405
4393
4433
4495
4451
4372
4319
4413
4456
4476
4488
4530
4547
4468
4507
4639
4755
4540
4498
4568
4520
4589
4569
4504
4435
4477
4595
4701
4793
4738
4669
4689
4627
4735
4707
4650
4611
4682
4676
4630
4868
4784
4762
4829
4851
4817
4812
4764
4792
4829
4968
4972
4912
4888
5033
5012
5106
5057
5066
5005
4889
4922
5011
5040
5027
5037
4856
4926
4935
4969
4873
4781
4766
4881
4775
4786
4719
4736
4858
4887
4965
4847
4911
4814
4797
4826
4838
4898
4925
4903
5041
4995
4925
5069
5027
5003
5119
4917
4945
5053
4990
5206
5274
5368
5441
5349
5309
5272
5275
5395
5403
5412
5475
5566
5596
5588
5448
5582
5648
5766
5874
5897
6036
6018
5932
5782
5817
5790
5742
5881
5904
5941
5947
6018
6041
5954
6029
6041
5945
5720
5519
5495
5629
5561
5462
5370
5432
5390
5569
5772
5858
6018
6146
6225
6284
6116
6117
6090
6242
6329
6433
6246
6187
6233
6103
5970
5670
5585
5726
5678
5657
5664
5647
5658
5550
5525
5717
5610
5742
5775
5867
5805
5727
5868
5706
5621
5669
5592
5585
5576
5537
5494
5424
5504
5470
5407
5451
5349
5360
5293
5245
4961
5218
5169
5525
5382
5353
5167
5226
5149
5130
5084
5216
5241
5231
5201
5308
5332
5281
5370
5435
5476
5515
5360
5468
5372
5390
5537
5340
5476
5558
5740
5703
5695
5635
5681
5722
5831
5790
5784
5830
5909
5884
5762
5908
5849
5874
5898
5999
6020
5985
6106
6098
6116
6150
5970
6111
6191
6203
6181
6167
6381
6402
6269
6085
6112
6332
6330
6410
6387
6427
6303
6261
6054
6112
6176
6217
6379
6473
6329
6162
6225
6346
6385
6442
6445
6420
6625
6456
6427
6479
6507
6568
6534
6410
6478
6365
6104
6018
5824
5873
5932
5956
5913
5858
5814
5910
5784
5723
5729
5960
6011
5986
6087
5965
5851
5817
5771
6012
5882
5725
5826
5998
6142
6161
6148
6190
6253
6127
6266
6266
6461
6347
6298
6251
6240
6298
6436
6368
6649
6862
6918
6865
6909
6966
6876
6950
7051
7197
7308
7201
7179
7295
7088
7060
6931
6859
6754
6649
6671
6640
6312
6305
6271
6297
6203
6280
6210
6477
6303
6338
6202
6033
6165
6344
6461
6600
6593
6570
6538
6589
6492
6387
6334
6291
6157
6107
6175
6288
6197
6069
6163
6100
6026
6044
6133
6258
6345
6444
6411
6038
6258
6226
6220
6248
6285
6111
6105
6150
6171
6128
6091
6117
6143
6488
6544
6491
6510
6554
6658
6596
6462
6401
6401
6292
6327
6060
5917
5852
5930
5712
5653
5770
5875
5687
5837
5873
6063
6239
5973
6045
6026
5922
5900
5964
5845
5936
6025
6041
6073
6023
6078
6084
6123
6244
6170
5983
5956
5926
5819
5864
5815
5967
5940
5864
5764
5818
5915
5918
6103
5992
6080
6071
6009
6029
6058
6072
6144
6060
5812
5863
6039
5946
6003
6042
6131
6115
6131
6130
6128
6161
6128
6335
6377
6273
6307
6449
6424
6449
6497
6566
6578
6543
6616
6514
6635
6707
6678
6604
6663
6551
6310
6355
6384
6382
6571
6553
6603
6488
6687
6697
6687
6823
6934
6915
6987
6891
6856
6911
7046
6993
6923
7089
6966
7060
7173
7093
7019
7077
7049
7059
7123
7208
7117
7170
7142
7235
7231
7368
7386
7476
7470
7477
7467
7382
7341
7441
7190
7197
7062
6977
6902
6755
6721
6866
6967
7248
7513
7547
7594
7376
7180
6916
6880
6848
6878
6848
7015
6982
6955
7117
7311
7387
7286
7205
7226
7190
7274
7044
6957
7104
7151
7238
7138
7101
7082
7119
7062
6997
6976
6863
6869
6756
6794
6802
7001
6906
7091
6965
6870
6953
6882
7001
6990
6871
6703
6761
6919
7087
7001
6881
6952
7004
6899
6730
6889
6953
6925
7020
7053
7132
7114
7019
6979
7051
6983
7241
7074
7100
7112
7195
7207
7169
7095
7144
7182
7146
7162
7249
7021
7048
7178
7009
7186
7365
7397
7370
7438
7310
7274
7434
7431
7359
7174
7026
7111
7220
7484
7319
7129
7259
7306
7374
7387
7470
7458
7569
7281
7237
7063
7168
7408
7335
7336
7353
7198
7325
7123
7107
7101
7160
7184
6893
6789
6760
6564
6622
6773
6922
6727
6646
6580
6450
6353
6292
6144
6195
6132
5944
5969
5988
5940
5779
5822
5718
5634
5677
5673
5671
5758
5592
5564
5573
5684
5756
5706
5740
5812
6024
5824
5755
5695
5587
5667
5685
5696
5814
5982
5919
6011
6006
5933
6003
5840
5925
5942
6224
6072
6140
5966
6126
6091
5941
6044
5871
5923
5723
5555
5578
5697
5769
5933
5772
5693
5627
5740
5753
5954
6019
6027
6188
6236
6269
6170
6008
6118
6055
5945
6053
5996
5994
5954
5840
5980
6228
6321
6230
6296
6225
6375
6284
6120
6252
6211
6204
6203
6261
6365
6524
6659
6722
6601
6910
7001
7101
7175
7202
7296
7450
7386
7314
7514
7448
7530
7467
7607
7623
7654
7485
7510
7278
7343
7351
7141
7302
7360
7419
7681
7666
7735
7628
7739
7651
7697
7775
7865
8137
8032
8163
8175
7925
7643
7690
7743
7878
7886
7925
7831
7853
7845
7671
7529
7321
7305
7149
7093
7184
6972
7023
7208
7319
7490
7536
7715
7819
8046
7852
7888
7806
7782
7840
7760
7665
7685
7566
7395
7519
7642
7560
7312
7106
6856
6964
7207
7121
6954
6906
6906
6812
6841
7109
7150
7044
7200
7199
6919
6690
6506
6719
6697
6799
6577
6611
6595
6638
6801
6671
6695
6791
6839
6779
6893
6875
6859
6898
6894
6754
6692
6665
6617
6643
6895
6886
6940
7079
7012
7023
7062
7059
7037
7035
7065
7065
7128
7257
7321
7492
7587
7550
7521
7448
7455
7294
7147
7076
7267
7311
7152
6849
6678
6530
6600
6843
6833
6770
6815
6863
6875
6675
6660
6871
6830
6744
6774
6898
6756
6716
6681
6632
6720
6771
6897
6778
6786
6860
6885
6769
6782
6751
6645
6724
6669
6654
6690
6644
6834
7071
7074
6980
6933
6861
6835
6687
6666
6639
6619
6533
6469
6374
6204
6131
5980
5881
5809
5879
5721
5767
5661
5775
5800
5795
5795
5789
5835
5668
5646
5713
5700
5613
5652
5600
5611
5586
5351
5377
5195
5098
5067
5002
5165
5252
5233
5273
5373
5521
5572
5528
5520
5512
5621
5806
5835
5618
5799
5871
5757
5865
5884
5995
5905
5914
5876
5950
5872
5996
6030
6218
6140
6098
6103
6029
5894
5850
5832
5976
5857
5901
6035
5844
5747
5868
5858
5899
5691
5422
5403
5352
5417
5508
5600
5649
5605
5672
5634
5644
5560
5533
5350
5414
5408
5427
5451
5491
5663
5712
5708
5461
5378
5343
5343
5335
5188
5148
5067
4960
5078
5097
4887
4959
5023
4758
4916
4830
4737
4885
4954
4877
4736
4846
4885
4834
4492
4374
4283
4299
4512
4561
4581
4611
4604
4689
4789
4832
4798
4831
4932
4782
4962
4873
4762
4797
4878
4968
4915
5125
5246
5170
5131
5038
4916
4891
4910
4804
4803
4595
4551
4483
4457
4420
4353
4376
4293
4254
4226
4148
4204
4104
4087
4081
4137
4165
4182
4105
4215
4207
4112
4293
4251
4236
4238
4150
4042
3995
3932
4190
4404
4239
4245
4279
4293
4413
4465
4522
4552
4604
4637
4472
4447
4539
4523
4582
4785
4758
4709
4869
4962
4903
4809
4758
4970
4923
5118
5109
5198
5179
5134
5198
5075
4960
4863
4842
4709
4617
4571
4507
4548
4442
4523
4471
4635
4454
4375
4356
4363
4387
4469
4464
4662
4727
4838
4858
4885
4925
4829
4849
4705
4757
4819
4718
4761
4682
4560
4452
4515
4406
4276
4321
4307
4447
4494
4459
4425
4335
4287
4137
4367
4457
4379
4528
4534
4352
4346
4395
4496
4477
4453
4529
4513
4578
4550
4514
4461
4416
4472
4288
4311
4457
4427
4392
4419
4446
4374
4297
4325
4228
4373
4401
4429
4346
4516
4575
4590
4508
4380
4573
4549
4647
4572
4571
4703
4805
4865
4957
5034
4987
4872
4860
4912
4929
4890
4978
4996
4871
4918
4849
4908
4834
4856
5062
5132
5141
5140
5323
5395
5298
5293
5337
5377
5208
5031
5072
5225
5383
5320
5478
5402
5385
5497
5489
5446
5485
5551
5367
5314
5410
5574
5563
5578
5711
5764
5787
5815
5916
5679
5846
5784
5731
5545
5528
5564
5637
6025
6117
6171
6178
6200
6069
6080
5900
5787
5631
5628
5650
5654
5697
5773
5918
5952
5757
5666
5464
5413
5447
5470
5648
5694
5735
5696
5760
6018
5895
5923
5804
5836
5810
5843
5931
6192
6339
6311
6418
6463
6277
6397
6380
6341
6238
6165
5946
5916
5911
5954
5882
5851
5792
5987
6030
6094
6102
5985
6117
6024
6065
6041
6017
5859
5810
5626
5614
5683
5768
5579
5543
5446
5398
5399
5380
5435
5586
5573
5459
5572
5490
5537
5500
5533
5737
5604
5626
5523
5718
5736
5750
5885
6027
6094
6056
5941
5837
5789
5804
5798
5819
5863
5752
5882
5668
5710
5631
5519
5615
5663
5539
5743
5678
5638
5788
5759
5684
5612
5798
5855
5693
5671
5649
5640
5594
5541
5714
5715
5909
5791
5916
5920
5872
5714
5808
5695
5543
5572
5491
5530
5430
5414
5249
5368
5377
5374
5351
5092
5148
5133
5097
4997
5065
5183
5054
5117
5172
4958
5114
5060
5130
5112
5135
5119
5084
5103
5084
5099
5074
4968
4959
4865
4925
4854
4936
4965
5089
5084
5070
5034
4922
4956
4982
5169
5132
5065
4960
4954
5077
5100
5011
4890
4784
4617
4637
4749
4661
4553
4546
4710
4639
4611
4648
4608
4796
4876
4815
4981
4978
4698
4681
4772
4687
4659
4724
4923
4956
4700
4848
4988
5020
4880
4980
5116
5194
5052
5151
5263
5354
5240
5210
5241
5258
5187
5122
5026
4953
4962
4844
4916
5036
5048
4958
4985
4868
4950
5016
4937
5035
5041
5037
4998
5038
5031
5152
5137
5166
5075
5192
5233
5300
5339
5254
5372
5359
5472
5314
5406
5395
5472
5441
5225
5099
5170
5103
5154
5116
5196
5059
5067
5239
5310
5392
5257
5110
5135
5188
5149
5148
5089
5180
5215
5410
5484
5495
5407
5340
5442
5337
5251
5210
5317
5292
5313
5247
5316
5256
5441
5457
5449
5457
5346
5413
5374
5298
5271
5330
5373
5176
5290
5295
5143
5196
5170
5225
5151
5281
5192
5101
5111
5017
4949
4971
4893
4897
4926
4973
5013
5000
5090
5162
5144
5052
5027
5237
4967
5113
5078
5150
5144
5197
5153
5071
5099
5155
5269
5349
5286
5319
5424
5391
5305
5420
5151
5183
5154
5200
5210
5356
5570
5620
5622
5608
5543
5555
5510
5544
5597
5565
5483
5249
5434
5407
5365
5403
5390
5446
5258
5291
5334
5318
5526
5503
5510
5479
5640
5709
5690
5646
5690
5415
5288
5510
5271
5340
5216
5217
5153
5226
5125
4991
4980
4839
4920
4995
4835
4841
4871
4707
4790
4777
4776
4705
4621
4713
4732
4756
4752
4610
4451
4475
4308
4310
4132
4126
4148
4121
4150
4130
4222
4239
4129
4222
4339
4418
4615
4532
4557
4443
4430
4488
4415
4340
4457
4479
4459
4511
4557
4582
4659
4768
4689
4733
4827
4797
4798
4803
4662
4563
4596
4665
4684
4735
4778
4900
4887
4983
5036
4943
5022
4998
5240
5325
5300
5399
5371
5321
5222
5057
5002
5072
5064
5027
5046
5037
5011
4905
5023
4847
4748
4766
4826
4831
4834
5046
4966
4952
5007
4971
5011
5083
5016
5107
5065
5012
4995
5030
5003
4990
4908
5032
5261
5277
5178
5089
5151
5015
5209
5359
5374
5360
5086
5166
5083
5273
5244
5377
5183
5173
5319
5464
5515
5555
5676
5654
5681
5493
5356
5336
5288
5330
5180
5177
5033
5098
5096
5086
5068
5099
5092
5010
5044
5053
4950
4952
5058
5084
5143
5295
5291
5311
5173
5225
5191
5105
4993
5040
5005
4919
4925
4834
4995
4925
4841
4930
4995
5046
5027
5121
5132
5187
5143
5080
5113
5288
5238
5368
5489
5340
5079
5068
5143
5052
4908
4905
4932
4872
4915
5012
4977
4929
5086
5092
5178
5063
5029
5087
5251
5425
5557
5490
5459
5442
5612
5714
5830
5938
5810
5903
6061
5942
6050
5947
5941
6165
6027
6127
6192
6341
6395
6331
6230
6138
6134
6219
6340
6288
6417
6514
6458
6408
6386
6459
6366
6338
6390
6301
6317
6435
6350
6340
6194
6095
6118
6037
5749
5718
5865
5915
5879
6055
6241
6443
6448
6634
6696
6660
6685
6644
6652
6617
6469
6487
6608
6477
6370
6526
6378
6399
6275
6369
6589
6477
6386
6203
6189
6230
6214
6208
6226
6187
5995
6051
6002
5930
6080
6129
6170
6192
6244
6225
6129
5965
5986
6068
5882
5849
5843
5843
5909
6068
5989
5801
5685
5751
5862
5852
5758
5839
5906
6117
6173
6172
6219
6069
6328
6540
6628
6528
6491
6730
6738
6482
6681
6492
6399
6408
6276
6468
6440
6439
6481
6509
6366
6287
6337
6508
6517
6558
6581
6384
6527
6706
6763
6899
6907
6905
6946
6971
6937
7067
7262
7639
7380
7419
7315
7229
7458
7181
7231
7382
7375
7247
7417
7492
7595
7567
7675
7860
7753
7773
7727
7562
7635
7516
7548
7475
7432
7151
7037
6872
6857
6705
6864
6905
7047
7041
7020
7122
7217
7101
6796
6799
6682
6643
6556
6431
6397
6294
6191
6077
6248
6291
6139
6263
6301
6536
6475
6277
6207
6269
6313
6131
6036
6030
5968
5881
5794
5819
5892
5798
5858
5896
6038
6030
6159
6285
6213
6328
6302
6299
6129
6073
6093
6076
6049
6032
6053
6016
5931
5810
5781
5810
5941
5945
6021
5928
6041
6016
6085
6026
6050
5946
5965
6000
5932
6050
6028
6400
6325
6140
6198
6066
6331
6277
6350
6465
6495
6515
6416
6293
6574
6546
6154
6026
6164
6150
6206
6294
6385
6343
6592
6753
6631
6715
6823
6897
6617
6601
6646
6661
6794
6661
6533
6332
6405
6289
6153
6059
5988
5948
5968
5950
5852
5929
5825
5788
5933
5941
5805
5704
5717
5789
5760
5729
5739
5807
5926
5737
5911
5838
5750
5743
5845
5882
5816
5891
5920
5979
5801
5802
5857
5682
5615
5591
5663
5880
5829
5888
5907
5936
6052
6112
6125
6005
5907
6022
6078
5863
5754
5818
5918
5908
5922
6133
5973
5956
5767
5790
5822
5965
6092
6107
6385
6445
6337
6374
6501
6511
6612
6585
6588
6419
6371
6265
6260
6312
6334
6456
6628
6663
6680
6742
6791
6883
6847
6643
6799
6947
6878
7102
7066
6914
6869
6929
6904
6857
6831
6675
6515
6425
6348
6317
6513
6509
6577
6438
6304
6247
6271
6357
6065
5960
5836
5858
5640
5774
5894
5904
5939
5775
5706
5649
5385
5379
5322
5372
5255
5202
5116
5117
5106
5043
5164
5322
5249
5323
5359
5462
5380
5314
5330
5334
5379
5397
5533
5325
5202
5374
5445
5433
5375
5479
5493
5648
5730
5968
6078
5958
6097
6183
5984
5963
6038
6064
5963
6082
6127
6194
6321
6372
6362
6357
6540
6439
6461
6441
6332
6454
6543
6640
6785
6691
6622
6641
6614
6665
6619
6418
6612
6756
6633
6525
6647
6497
6511
6415
6508
6590
6424
6442
6473
6642
6558
6489
6653
6777
6656
6782
6846
6689
6634
6592
6490
6467
6488
6462
6597
6437
6411
6452
6413
6459
6550
6574
6354
6143
6085
6119
6237
6446
6253
6329
6313
6430
6559
6571
6632
6696
6415
6629
6624
6667
6593
6643
6758
6645
6645
6698
6662
6591
6477
6413
6596
6536
6633
6720
6777
7037
7243
6966
7166
7378
7495
7617
7435
7265
7363
7349
7049
7012
7307
7522
7614
7582
7625
7696
7602
7454
7476
7381
7250
7295
7298
7263
7199
7156
7197
7107
7087
6900
7060
7032
7102
7076
6940
6764
6803
6692
6934
6884
7017
7037
6824
6686
6543
6341
6175
6187
6242
6275
6000
5854
5776
5731
5580
5354
5448
5611
5529
5518
5611
5590
5393
5381
5536
5536
5527
5496
5472
5622
5603
5691
5808
5884
5799
5644
5486
5652
5860
5825
5889
5875
5828
5821
5798
5858
5837
5882
6074
6107
6279
6174
6148
6183
6309
6236
6203
6339
6424
6506
6595
6668
6636
6605
6413
6381
6416
6322
6411
6324
6232
6033
6051
6094
6107
6197
6302
6172
6272
6128
6256
6315
6218
6358
6205
6136
5949
5869
5931
5937
5911
5986
5974
6144
6085
5774
5529
5462
5608
5596
5505
5481
5702
5618
5681
5578
5566
5580
5523
5542
5526
5563
5502
5541
5372
5252
5289
5249
5169
5177
5380
5366
5365
5397
5352
5204
5133
5086
5062
5026
5168
5016
4991
4962
4902
4892
4863
4952
4901
4819
4804
4849
4907
4821
4811
4951
4990
5140
5081
4999
4908
4907
4991
4950
4982
5022
5025
5068
5029
4970
4978
4880
4896
4950
5010
4914
5055
4932
4972
4885
4903
4973
5080
5143
5159
5023
5062
5045
5166
5087
5135
4965
4989
4873
4892
4954
4894
4875
4744
4681
4739
4887
4963
5015
5124
5201
5174
5140
5129
5149
5061
4958
4948
4908
5060
5069
5099
5149
5107
5043
5160
5050
4891
5001
4904
5141
5245
5185
5031
5109
5007
5245
5278
5209
5311
5381
5364
5472
5430
5445
5424
5353
5407
5286
5414
5325
5190
5345
5415
5279
5303
5439
5384
5346
5317
5318
5215
5471
5501
5518
5482
5362
5389
5466
5354
5417
5348
5510
5491
5603
5698
5605
5459
5236
5411
5446
5589
5645
5692
5423
5557
5561
5510
5536
5487
5435
5447
5731
5669
5792
5813
5883
5993
5853
5673
5683
5737
5686
5618
5582
5672
5650
5616
5534
5376
5380
5515
5413
5447
5501
5570
5636
5501
5513
5506
5659
5651
5672
5561
5501
5466
5386
5443
5409
5428
5456
5562
5533
5653
5651
5780
5839
5831
5835
5780
5880
5834
5911
5725
5749
5593
5414
5470
5305
5155
5220
5253
5287
5168
5148
5132
5246
5217
5253
5224
5089
5224
5170
5130
5084
5190
5160
5139
5239
5304
5328
5310
5250
5140
5098
5196
5237
5226
5179
5108
5143
5257
5389
5333
5234
5238
5255
5215
5221
5102
5123
5101
5149
5028
5240
5243
5262
5402
5443
5371
5612
5433
5463
5379
5250
5209
5252
5160
5206
5183
5196
5195
5179
5283
5383
5160
4920
4838
4890
4889
4861
4840
5047
4910
5010
4969
5054
4998
4933
4896
4923
4831
4725
4846
4863
4874
4997
5144
5181
5146
4844
4839
5067
5109
5042
4904
5028
5116
5064
5377
5407
5360
5456
5424
5330
5161
5182
5402
5426
5612
5562
5460
5326
5507
5519
5378
5455
5361
5439
5612
5518
5637
5691
5827
5814
5787
5598
5583
5460
5340
5331
5360
5449
5686
5819
5782
5911
5744
5657
5630
5641
5682
5640
5740
5775
5696
5655
5664
5709
5787
5744
5846
5802
5813
5747
5730
5802
5666
5798
5620
5736
5817
5720
5744
5736
5754
5832
5961
5889
5868
5855
5967
6060
6046
6077
6278
6023
5908
6037
6013
6032
6129
6098
6227
5976
5966
6180
6224
6231
6295
6227
6263
6369
6245
6062
6024
6217
6488
6580
6594
6559
6600
6779
6891
6853
6869
6845
6675
6767
6774
6848
6672
6490
6416
6445
6400
6535
6593
6542
6546
6514
6443
6571
6590
6620
6629
6652
6758
6738
6718
6594
6424
6441
6710
6657
6529
6500
6356
6034
6058
6204
6350
6665
6585
6510
6531
6362
6208
6194
6196
6231
6110
6048
5985
6168
6314
6343
6462
6491
6572
6541
6420
6436
6391
6256
6224
6262
6180
6055
6025
6030
6042
6019
6043
6011
5957
5956
5756
5862
5865
5932
5855
5876
5966
6030
5936
5853
5695
5685
5838
5755
5833
5971
6047
5900
5812
5783
5896
5940
5863
5832
5946
6043
5992
5959
6043
6102
6213
6045
5911
5972
5968
6035
5931
5818
5748
5670
5845
5772
5941
5863
5941
5786
5662
5526
5758
5808
5732
5716
5599
5586
5595
5735
5802
5935
5861
5959
6075
6063
6093
5892
5887
5944
5868
5812
5824
5843
6072
5790
5577
5730
5933
5903
5945
5872
5706
5912
6071
5953
6134
5987
5985
6127
5960
5882
5909
5914
5995
5912
5914
5832
5720
5486
5675
5682
5752
5639
5634
5542
5568
5463
5412
5253
5197
5113
5201
5212
5211
5083
4949
4950
4983
5136
5267
5202
5221
5024
4931
4923
5016
5181
5217
5266
5454
5350
5358
5411
5597
5634
5874
5634
5665
5757
5722
5698
5679
5674
5770
5716
5724
5760
5906
6183
6208
6276
6159
6220
6043
6021
5915
6146
6048
5892
6033
6073
6110
6117
6046
6101
6086
6176
6086
6025
6126
6018
6016
6205
6197
6357
6364
6108
6096
5888
5763
5796
5848
5661
5614
5804
5770
5706
5828
5939
5747
5842
5718
5893
5845
5783
5834
5991
6037
6042
6086
6161
6240
6481
6397
6501
6461
6540
6557
6417
6248
6336
6319
6413
6260
6430
6361
6335
6554
6674
6792
6894
6865
6968
6904
6869
6833
6743
6689
6514
6506
6551
6640
6658
6949
7117
6978
6980
6866
6836
6655
6700
6500
6490
6453
6569
6611
6531
6415
6504
6394
6331
6464
6458
6409
6709
6559
6394
6450
6473
6344
6574
6739
6942
7138
7447
7186
7108
7206
7082
7001
6862
6788
6919
6864
6650
6466
6389
6438
6285
6202
6186
6222
6214
6126
5979
5931
6177
6274
6238
6317
6302
6288
6296
6544
6429
6507
6547
6517
6394
6357
6338
6398
6288
6463
6537
6388
6377
6372
6396
6328
6411
6364
6499
6489
6482
6519
6531
6504
6709
6588
6584
6614
6621
6534
6603
6528
6562
6474
6307
6392
6356
6222
6239
6163
6115
6092
6201
6180
6124
5952
5991
5889
5800
5937
6007
5915
6098
6016
6187
6309
6377
6473
6697
6949
6981
6911
6718
6595
6479
6708
6683
6660
6465
6459
6412
6091
6048
6268
6141
6125
6118
6104
6087
6151
6127
6183
6161
6237
6194
6288
6392
6433
6425
6535
6581
6675
6414
6233
6298
6318
6285
6093
6307
6307
6289
6222
6350
6370
6458
6422
6255
6384
6453
6359
6272
6364
6238
6434
6245
6224
6284
6397
6508
6366
6297
6153
6162
6213
6356
6257
6337
6147
5932
5903
5971
6009
6024
6046
6119
5940
6082
6168
6263
6389
6442
6420
6264
6231
6162
6179
6286
5939
5822
5949
5901
6000
6082
5879
5772
5891
5923
5981
6027
5972
5906
5992
6009
6135
6470
6327
6374
6332
6180
6161
6243
6182
6005
6114
6036
6025
6017
6079
6090
6088
6205
6284
6225
6129
6179
6101
6194
6246
6390
6419
6371
6446
6292
6322
6319
6420
6389
6397
6459
6495
6501
6468
6523
6477
6481
6533
6606
6259
6227
6212
6209
6386
6352
6350
6190
6284
6140
6144
6240
6124
6060
5973
6098
6016
5923
5818
5772
5825
5680
5882
5948
6123
6371
6187
6121
5943
6053
6032
6003
5968
6079
6337
6345
6376
6238
6239
6375
6391
6234
6069
6036
6068
6107
6079
6114
6224
6232
6261
6114
5984
5793
5949
5977
5880
5883
5898
5981
6116
6231
6033
6055
6099
6218
5959
5996
6125
5972
6041
5963
5881
5884
5896
6027
5984
6077
6051
5916
5761
5827
5755
5847
5778
5894
6090
6228
6223
6118
6094
6105
6107
6201
6197
6088
6164
6113
6120
5935
5997
6024
6095
5946
5991
5887
6038
6036
6016
6074
6272
6259
6329
6332
6328
6381
6309
6383
6285
6427
6614
6745
6635
6758
6737
6790
6808
6784
6726
6881
6921
6922
6846
6851
6922
7041
7032
6994
7229
7139
7001
6923
7048
7001
7021
7177
7203
7149
7093
7237
7040
6962
6802
6704
6593
6553
6435
6474
6356
6223
6322
6221
6376
6328
6413
6291
6361
6250
6081
6063
5932
5876
5775
5834
5793
5838
6142
6379
6391
6342
6371
6346
6429
6293
6359
6294
6313
6227
5994
5945
5929
6056
5970
6011
6001
6087
6184
5967
6148
6232
6357
6645
6738
6630
6808
6891
6751
6661
6778
6916
6857
6819
6801
6628
6523
6500
6565
6469
6479
6576
6620
6410
6228
6187
6243
6569
6445
6483
6608
6713
6700
6582
6503
6470
6538
6544
6559
6548
6559
6644
6826
6720
6762
6698
6769
6375
6441
6399
6154
6078
6238
6216
6199
6183
6392
6320
6274
6347
6217
6125
6045
6114
6281
6593
6434
6280
6214
6365
6422
6481
6332
6256
6284
6263
6280
6313
6212
6347
6423
6575
6465
6599
6449
6367
6214
6185
5999
5860
5731
5990
5924
5827
5898
6006
5809
5896
5937
6057
6299
6403
6421
6405
6355
6267
6243
6233
6153
6096
5939
6190
6214
6218
6315
6277
6305
6383
6320
6610
6377
6408
6330
6435
6539
6554
6535
6473
6348
6317
6404
6238
6274
6236
6232
6268
6016
6069
5977
6056
6051
6084
6094
6183
6078
6130
6136
6357
6295
6272
6452
6568
6427
6337
6085
5912
6026
6054
6018
6167
6200
6123
6078
6073
6159
6261
6289
6340
6303
6241
6167
6195
6233
6136
6038
6063
6061
5988
6055
6162
6194
6332
6482
6297
6353
6308
6290
6340
6382
6353
6375
6435
6304
6305
6388
6307
6334
6434
6285
6478
6316
6112
5969
6020
6027
5943
5939
5963
5806
5863
5832
5559
5674
5728
5769
5809
5804
5627
5647
5585
5467
5562
5522
5385
5417
5371
5417
5327
5417
5605
5361
5466
5408
5414
5240
5086
4869
4992
4977
5024
4954
4984
5047
4977
4949
4882
4826
4821
4921
4949
5021
4957
4857
4535
4458
4408
4388
4488
4646
4677
4718
4760
4665
4682
