1005000
266837
174355
129923
102896
85733
73162
62781
55545
50039
45244
41429
37939
35063
32663
30076
28294
26327
24737
23796
22742
21618
20312
19624
19154
18433
17579
16745
16359
16196
15733
15117
14688
14145
13621
12908
12714
12199
11878
11299
11002
10572
10400
10375
10162
10097
9781
9795
9416
9248
8945
8674
8657
8640
8557
8425
8207
8086
7946
7718
7489
7423
7154
7025
6920
6861
6666
6745
6754
6696
6905
6966
6882
6946
6931
7014
6677
6545
6533
6581
6570
6314
6359
6188
6175
6066
5869
5835
5720
5701
5735
5608
5523
5467
5453
5545
5651
5594
5428
5387
5406
5379
5420
5317
5273
5384
5452
5327
5394
5447
5486
5421
5514
5372
5293
5284
5394
5392
5352
5147
4929
5008
5028
5012
5093
4994
4935
4836
4860
4829
4749
4782
4635
4606
4457
4485
4563
4424
4443
4403
4352
4273
4447
4397
4656
4719
4597
4508
4427
4415
4342
4385
4312
4296
4268
4178
4227
4300
4129
4238
4235
4418
4310
4205
4189
4332
4403
4260
4247
4206
4319
4310
4188
4278
4259
4301
4377
4397
4330
4274
4285
4181
4220
4275
4374
4261
4403
4513
4386
4499
4579
4538
4646
4600
4655
4732
4574
4534
4267
4185
4167
4263
4162
4138
4104
4199
4243
4341
4315
4169
4144
4124
4102
4034
4182
4302
4186
4306
4230
4284
4366
4345
4296
4350
4291
4307
4446
4556
4738
4603
4695
4933
4980
5027
4847
4757
4678
4779
4714
4737
4740
4620
4504
4560
4500
4632
4692
4765
4632
4676
4788
4640
4695
4753
4689
4673
4668
4635
4598
4703
4747
4523
4387
4188
4047
3967
4038
3985
4068
4145
4279
4216
4268
4326
4281
4324
4274
4289
4304
4417
4441
4565
4576
4490
4576
4639
4584
4667
4765
4654
4681
4449
4376
4495
4484
4486
4543
4467
4464
4477
4356
4560
4596
4588
4711
4752
4856
4754
4762
4791
4774
4820
4794
4589
4642
4804
4916
5070
5091
5009
4971
5156
5083
5065
5209
5207
4973
5148
5279
5295
5246
5205
5112
4986
5061
5101
5082
5171
5025
5121
5004
5041
5106
5149
5007
4859
4958
4828
4906
4806
4823
4856
4853
4920
5157
4998
5030
5048
5191
5153
4987
5059
4939
4942
4861
4845
4804
4847
4847
4839
4919
4925
5088
4958
4924
5100
4983
5024
4986
4927
4847
4789
4896
4953
4897
4959
5006
5076
4917
4990
4945
5112
5103
5133
5214
5264
5248
5217
5227
5171
5183
5301
5405
5398
5267
5407
5566
5480
5543
5679
5738
5739
5674
5631
5589
5670
5646
5691
5775
5809
5810
5829
5746
5579
5386
5274
5070
4962
5014
4961
4982
4918
4868
4968
5174
4920
4970
4996
5051
4976
4933
4889
4944
4913
4881
4997
4915
4885
4890
4623
4774
4802
4846
4869
4775
4810
4874
4792
4979
4910
4980
4860
4868
4826
4880
4768
4807
4806
4950
5077
5060
4972
4831
4760
4862
4928
5031
4977
5094
4931
4957
4995
4974
4981
4886
4879
5010
4975
5053
5165
5165
5198
5167
5296
5198
5114
5092
4982
5078
5131
5214
5261
5369
5273
5203
5244
5216
5313
5298
5366
5383
5496
5596
5614
5702
5601
5606
5767
5859
5850
5797
5864
5846
5973
5949
5867
6020
5921
5875
5877
5859
5833
5716
5639
5653
5494
5715
5598
5502
5423
5317
5395
5474
5349
5301
5297
5287
5282
5463
5583
5492
5514
5455
5305
5244
5326
5189
5295
5358
5173
5202
5339
5277
5386
5466
5478
5437
5521
5618
5533
5647
5557
5517
5606
5467
5474
5561
5419
5440
5391
5475
5599
5621
5472
5336
5183
5332
5405
5345
5415
5434
5580
5573
5652
5447
5585
5588
5541
5601
5530
5703
5780
5673
5826
5673
5679
5876
5771
5733
5719
5799
5754
5609
5745
5846
5957
5985
6225
5962
5995
6166
6089
6210
6248
6414
6281
6306
6318
6295
6190
6037
6054
6004
5956
5988
6146
6128
6041
6055
5979
6101
6146
6038
5965
5852
5829
5901
5849
5786
5784
5816
5833
5717
5747
5876
5968
6189
6004
6116
6097
6068
5933
5902
5926
5873
6165
6238
6310
6135
6509
6533
6677
6577
6864
6861
6828
6703
6666
6644
6512
6562
6695
6801
7110
7128
6866
6767
6998
6840
6837
6615
6475
6253
6171
6240
6371
6229
6194
6149
6189
6194
6279
6191
6284
6243
6390
6248
6018
6297
6396
6366
6457
6425
6418
6273
6323
6276
6261
5945
5934
6081
6047
5977
5960
5968
5987
5811
5752
5847
5808
5639
5770
5717
5938
5825
5836
5949
5971
5921
5675
5596
5605
5636
5889
5950
6012
5929
5876
5973
5908
5782
5765
5913
5858
5946
5731
5732
5753
5922
5880
5808
5900
5865
5762
5896
5879
5823
5773
5757
5591
5604
5706
5751
5489
5625
5756
5710
5836
5854
5891
6064
5959
6041
6099
6192
6144
6178
6274
6293
6450
6635
6645
6600
6280
6000
5912
5873
5877
5953
5993
6033
6172
6334
6145
6181
6171
6244
6178
6169
6172
6265
6229
5929
5941
5979
5975
5992
5864
5891
5843
5912
5894
6065
6147
6197
6269
6381
6579
6685
6549
6580
6540
6702
6571
6740
6781
6787
6752
6603
6515
6515
6440
6274
6170
6000
6064
6052
6129
6192
6097
5992
6044
5800
5998
5973
6034
6085
5910
5799
5980
6101
5911
5962
6039
6209
6188
6155
6238
6351
6359
6463
6433
6576
6624
6791
6642
6547
6532
6474
6525
6602
6629
6632
6491
6442
6389
6366
6281
6567
6813
6818
6636
6693
6427
6493
6462
6361
6377
6458
6599
6667
6704
6573
6605
6543
6462
6400
6328
6225
6360
6265
6389
6373
6303
6411
6400
6353
6494
6516
6321
6392
6363
6536
6489
6377
6317
6322
6181
6209
6257
6379
6207
6228
6182
6503
6490
6521
6655
6551
6655
6677
6588
6640
6546
6558
6605
6590
6500
6491
6496
6349
6321
6365
6238
6273
6336
6149
6204
6200
6135
6202
6292
6232
6147
5994
5904
5965
5724
5881
5859
5782
5917
5806
5840
5529
5613
5478
5475
5296
5495
5571
5483
5260
5095
5025
5138
5302
5399
5410
5370
5441
5544
5602
5748
5800
5579
5597
5668
5536
5707
5716
5956
6022
5991
6028
5907
5888
5841
5795
5743
5808
5885
5987
6082
6074
5910
5858
5752
5822
5966
5774
5765
5813
6092
6218
6186
6128
6192
6301
6431
6515
6513
6559
6446
6432
6430
6444
6538
6698
6598
6687
6782
6766
6713
6424
6474
6504
6566
6623
6488
6500
6550
6633
6479
6564
6529
6463
6501
6571
6691
6776
6841
6652
6753
6673
6649
6758
6792
6773
6607
6527
6495
6427
6447
6300
6267
6281
6200
6179
6071
6107
6214
6113
6048
5962
5864
5822
5947
5813
5807
5870
6053
5888
5764
5703
5566
5623
5547
5577
5540
5727
5932
5905
5941
5892
5922
5862
6034
5991
6016
5896
5771
5839
5845
5747
5835
6024
6109
6096
6140
6125
6115
5893
5927
5986
6031
6153
6306
6297
6401
6348
6319
6303
6602
6702
6706
6738
6761
6935
7116
7238
7219
7331
7381
7496
7419
7230
7057
7047
7136
7172
7111
7112
7145
7215
7268
7274
7230
7420
7422
7493
7426
7234
7270
7309
7340
7181
7241
7142
6933
6779
6576
6520
6537
6678
6822
6811
6970
6976
6936
7035
6832
6817
6630
6650
6582
6604
6700
6663
6762
6758
6764
6618
6462
6335
6349
6437
6468
6435
6613
6518
6373
6256
6225
6054
6063
6116
5865
5749
5716
5723
5628
5789
5945
5862
5875
5970
5905
5718
5710
5864
5791
5882
5832
5798
5768
5718
5686
5587
5514
5674
5744
5755
5776
5935
5981
5958
5961
5895
5874
6016
6161
6070
6060
6133
6179
6074
6128
6146
6133
6168
6147
6091
6173
6466
6482
6499
6409
6380
6620
6679
6567
6392
6440
6550
6370
6495
6348
6395
6283
6304
6432
6497
6538
6382
6596
6460
6255
6224
6158
5989
6130
6015
6045
5864
5817
5590
5574
5469
5574
5745
5967
6114
6007
5993
5712
5658
5483
5519
5691
5923
6006
6057
5874
5925
5959
5937
5951
5903
6018
6179
6117
6229
6237
6488
6330
6393
6298
6418
6541
6578
6560
6554
6656
6553
6508
6450
6330
6193
6233
6220
6226
6184
6137
6282
6256
6142
6078
6251
6068
5945
6019
5885
5983
6007
6051
6056
6046
6261
6322
6446
6306
6566
6673
6834
6880
7010
7192
7179
6915
6863
6952
7044
6955
6776
6717
6679
6634
6714
6745
6613
6339
6321
6211
6235
6099
5875
5909
5911
6068
6039
6091
6053
6169
5932
5956
5979
5934
6127
6165
6047
5924
6060
6167
6071
5940
5863
5950
5874
5737
5749
5807
5822
5730
5684
5656
5628
5743
5874
5688
5693
5692
5482
5557
5561
5644
5770
5724
5701
5537
5601
5599
5393
5390
5204
5309
5214
5297
5251
5334
5279
5375
5322
5309
5366
5450
5513
5507
5554
5518
5457
5517
5523
5498
5334
5469
5308
5441
5598
5485
5554
5461
5497
5492
5562
5524
5456
5452
5410
5360
5413
5384
5430
5394
5497
5519
5401
5464
5415
5344
5481
5623
5637
5651
5605
5647
5638
5685
5695
5623
5607
5736
5702
5545
5459
5537
5672
5761
5699
5727
5721
5717
5592
5584
5675
5560
5442
5336
5377
5516
5632
5502
5697
5923
6021
6008
6277
6225
6171
6273
6273
6283
6229
6195
6240
6397
6409
6507
6635
6456
6652
6662
6604
6704
6603
6613
6842
6888
6804
6720
6665
6615
6548
6530
6430
6493
6662
6593
6557
6510
6493
6561
6524
6619
6430
6237
6214
6266
6318
6447
6527
6566
6578
6610
6691
6764
6862
6855
7019
7169
7261
7232
7476
7440
7420
7588
7378
7433
7303
7501
7459
7599
7555
7698
7492
7618
7803
7688
7715
7882
8070
8180
8305
8210
8240
8162
8199
8179
7956
7902
7740
7718
7703
7617
7483
7431
7516
7376
7173
7248
7124
7092
6901
6721
6833
6727
6723
6566
6718
6726
6650
6495
6479
6517
6619
6533
6425
6358
6483
6322
6326
6419
6371
6335
6400
6347
6208
6198
6206
6162
6057
6246
6241
6274
6309
6398
6383
6333
6320
6264
6334
6290
6239
6170
6325
6457
6575
6735
6756
6535
6432
6400
6376
6400
6274
6263
6271
6209
6167
6157
6079
5882
5842
5842
5824
5866
5806
5644
5686
5731
5676
5711
5934
6250
6305
6330
6135
6250
6243
6109
6061
6046
6115
5981
6142
6168
6103
6191
6285
6115
6032
5833
5819
5683
5902
6005
5939
5802
5631
5744
5868
5938
5919
5978
5886
5827
5824
5801
5877
5895
5854
5751
5576
5543
5636
5631
5587
5249
5391
5571
5785
5697
5920
5867
5704
5492
5637
5694
5815
5757
5629
5641
5613
5639
5922
6061
6089
6121
6356
6385
6440
6433
6429
6425
6454
6427
6414
6216
6157
6313
6300
6277
6271
6193
6304
6192
6123
5909
5802
5953
6030
6045
6057
6195
6426
6294
6280
6135
6215
6323
6351
6227
6075
6054
5971
5905
5740
5812
5919
5933
6007
6032
5891
5879
5766
5882
5991
5964
5957
5987
5974
6002
6080
6164
6068
6142
6226
6187
6280
6345
6268
6229
6193
6110
6028
6087
6185
6053
6206
5998
6002
6025
6088
5853
5850
5919
6038
6078
5991
6074
6083
6242
6190
6068
6007
5918
5687
5604
5635
5602
5767
5800
5725
5908
5901
6054
6044
6056
6065
6092
6255
6154
5985
5847
5827
5938
5768
5875
5652
5821
5773
5676
5561
5544
5535
5754
5761
5488
5653
5499
5336
5264
5237
5336
5302
5349
5455
5621
5664
5644
5759
5788
5817
5540
5715
5801
5695
5724
5917
5887
5832
5903
5974
5921
5851
5574
5545
5686
5676
5537
5594
5437
5353
5473
5391
5316
5290
5387
5357
5495
5541
5524
5626
5753
5812
5821
5744
5577
5575
5679
5906
6019
6006
6049
6030
6044
6021
6124
6189
6468
6316
6476
6378
6475
6575
6663
6574
6433
6673
6820
6715
6587
6622
6722
6797
6549
6498
6429
6503
6463
6443
6575
6545
6507
6535
6550
6419
6384
6513
6592
6469
6368
6343
6329
6306
6300
6186
6139
5999
5992
6041
6034
6089
5994
5995
6078
6038
5967
6110
6069
6075
5917
5873
6099
6146
6331
6504
6449
6496
6673
6545
6741
6675
6622
6624
6479
6678
6757
6644
6721
6722
6729
6457
6366
6556
6595
6614
6593
6438
6542
6502
6512
6371
6363
6353
6570
6828
6689
6527
6659
6577
6612
6434
6418
6431
6510
6540
6416
6290
6426
6213
6120
6032
5726
5706
5819
5937
5852
5868
5791
5839
5902
5827
5781
5943
5693
5562
5599
5740
5988
5926
5934
6004
6077
6265
6205
6179
6123
6238
6118
6103
5956
5846
5974
5977
6033
6181
6228
6228
6053
6014
5936
5816
5561
5392
5463
5507
5527
5353
5358
5203
5279
5213
5199
5203
5246
5275
5244
5221
5220
5213
5115
5093
5042
5002
4869
5027
5105
5202
5299
5297
5270
5259
5351
5343
5415
5448
5466
5521
5567
5659
5679
5740
5727
5923
5926
5964
6099
6246
6304
6131
6100
6087
6160
6307
6106
6215
6316
6206
6184
6177
6164
6012
6045
6006
5910
5692
5694
5713
5548
5709
5692
5746
5667
5569
5514
5394
5516
5567
5595
5672
5603
5625
5670
5697
5504
5406
5260
5332
5520
5598
5418
5588
5714
5757
5880
5605
5679
5860
5777
5967
5926
5885
5864
5814
5671
5657
5590
5718
5792
5929
6081
5779
5657
5682
5699
5709
5620
5655
5642
5693
5705
5659
5544
5585
5575
5553
5546
5665
5559
5781
6094
6022
5767
5678
5722
5555
5662
5885
5931
5828
5706
5796
5859
5944
5897
6003
5990
6129
5913
5741
5706
5653
5737
5726
5799
5724
5666
5601
5662
5761
5605
5578
5430
5345
5276
5369
5425
5612
5644
5693
5755
5683
5596
5660
5578
5533
5444
5428
5374
5374
5284
5242
5172
5317
5189
5216
5273
5411
5499
5548
5557
5438
5546
5454
5468
5478
5610
5383
5343
5345
5317
5352
5280
5256
5089
5096
5059
4886
4836
4702
4682
4632
4810
4846
4990
4904
5174
5369
5137
5374
5460
5533
5367
5375
5498
5452
5533
5562
5572
5480
5496
5598
5639
5607
5521
5731
5822
5883
5870
5828
5889
5829
5712
5739
5885
5809
5905
5902
5806
5715
5687
5782
5626
5577
5508
5486
5494
5530
5807
6029
5947
5810
5638
5603
5528
5343
5212
5240
5377
5414
5461
5383
5350
5046
5049
4950
5045
5094
5093
5208
5199
5191
5076
5059
5130
5044
4976
5095
5333
5145
5133
5014
5050
5058
5202
5197
5141
5087
5095
5061
5041
4873
4888
4943
4839
4900
5047
5223
5369
5194
5072
4993
5133
5108
5026
4868
4807
4810
4773
4996
5036
4992
5037
4776
4712
4629
4519
4649
4753
4547
4456
4419
4632
4612
4688
4822
4763
4558
4532
4646
4562
4496
4236
4275
4395
4508
4467
4470
4553
4484
4509
4463
4374
4241
4162
4102
4334
4178
4268
4164
4056
4056
4123
4319
4328
4332
4204
4185
4156
4401
4459
4452
4543
4573
4751
4875
4853
5064
5185
5165
5280
5089
5041
5043
5022
4991
4896
4906
5039
5306
5255
5074
5083
5286
5139
5263
5319
5495
5445
5468
5381
5385
5422
5523
5678
5699
5634
5716
5700
5724
5700
5634
5654
5793
5878
5757
5906
5930
6015
5991
6021
6098
6065
5825
5768
5608
5573
5540
5507
5285
5111
5209
5066
5005
5028
4966
4896
4843
4910
4806
4771
4895
4815
5003
5049
5096
5193
5144
5226
5223
5211
5314
5283
5319
5052
5002
4806
4940
4821
4941
4812
4925
4988
4946
4907
4959
5116
5070
4976
5202
5228
5196
5072
5279
5129
5195
5169
4964
4973
4900
4862
4844
4788
4869
4820
5128
5015
5055
4969
5044
4913
5030
5098
5090
5065
4914
4924
5043
4962
4955
5001
4833
4700
4816
4848
4740
4889
4906
4856
4806
4703
4566
4598
4751
4803
4920
5034
4975
5011
4999
5061
4848
4864
4853
4874
5070
5036
4945
5076
5173
5027
5029
5197
5171
5272
5337
5306
5347
5231
5391
5296
5157
5065
5062
5016
4992
5056
5027
5095
4982
4818
4746
4752
4804
4762
4681
4744
4794
4747
4943
4859
4604
4523
4599
4606
4498
4444
4445
4515
4640
4605
4590
4605
4607
4683
4671
4734
4761
4569
4521
4637
4526
4556
4708
4734
4596
4546
4727
4614
4543
4685
4593
4627
4702
4701
4782
4796
4806
4866
4716
4605
4532
4501
4631
4670
4723
4946
4918
5017
5161
5299
5264
5238
5153
5237
5222
5205
5180
5195
5188
5175
5160
5185
5087
5126
5153
5252
5363
5310
5328
5321
5098
5225
4915
4729
4689
4690
4733
4723
4817
4621
4770
4821
4852
4789
4810
4934
4708
4725
4674
4685
4635
4446
4472
4449
4428
4403
4447
4549
4453
4366
4429
4402
4533
4518
4530
4433
4397
4379
4421
4408
4363
4351
4438
4545
4461
4427
4391
4224
4304
4272
4251
4235
4286
4297
4278
4217
4100
4247
4311
4393
4492
4351
4423
4409
4369
4381
4383
4413
4395
4407
4495
4579
4738
4856
4792
4855
4807
4869
4968
4994
5112
5108
4876
5084
4992
5035
5028
5053
5182
5114
4904
5018
4975
5075
5262
5140
5199
5101
5108
5133
5287
5259
5121
5054
5115
5257
5212
5261
5237
5216
5217
5185
5256
5182
5129
5168
5165
5089
5117
5250
5208
5252
5296
5265
5315
5299
5305
5300
5502
5380
5594
5501
5475
5691
5702
5667
5476
5417
5356
5266
5271
5285
5347
5362
5339
5310
5142
5207
5089
5176
5263
5374
5244
5322
5480
5537
5414
5433
5478
5413
5492
5499
5444
5222
5426
5322
5531
5709
5736
5663
5770
5816
5884
6086
6168
6201
6221
6209
6331
6559
6637
6794
6674
6827
6859
6801
6722
6876
6735
6572
6398
6459
6449
6527
6325
6291
6329
6380
6582
6633
6787
6888
6889
6812
6877
6991
6984
7039
6910
6969
6845
6665
6747
6664
6621
6648
6794
6713
6680
6681
6725
6801
6971
6974
6909
6976
6865
6917
7122
7101
7063
6990
7145
6952
6951
7048
6904
6496
6506
6617
6749
6764
6743
6536
6467
6336
6372
6201
6371
6152
6252
6267
6175
6218
6191
6089
6086
6099
6261
6195
6329
6276
6358
6407
6376
6212
6263
6229
6175
6299
6187
6006
6042
6291
6268
6331
6282
6349
6398
6350
6395
6530
6450
6621
6547
6419
6500
6502
6620
6516
6468
6343
6386
6430
6439
6587
6604
6754
6542
6337
6413
6312
6045
5936
5871
5873
5895
5930
5959
5815
5787
5765
5754
5750
5733
5668
5442
5546
5662
5777
5774
5600
5553
5525
5480
5463
5598
5493
5565
5733
5948
6020
6069
6099
6285
6283
6202
6193
6202
6276
6209
6128
5968
5887
5845
5911
6081
6075
6210
6160
6284
6292
6295
6317
6423
6387
6481
6522
6521
6508
6571
6563
6617
6692
6650
6725
6684
6935
6968
6828
6881
6732
6584
6546
6479
6434
6444
6382
6426
6475
6475
6504
6446
6456
6476
6533
6430
6468
6519
6373
6600
6586
6635
6655
6767
6588
6375
6443
6618
6659
6827
6778
6912
6897
6989
7026
6985
6917
7011
7032
7075
6989
6844
6926
7125
7210
7279
7344
7443
7435
7552
7367
7357
7347
7326
7109
7055
6916
7027
7044
7054
7162
6982
7167
7185
7185
7157
7144
6982
6764
6810
6549
6594
6657
6858
6780
6920
6866
7008
7012
7171
7232
7401
7381
7549
7601
7582
7582
7674
7648
7625
7578
7333
7255
7180
7215
7205
6960
6771
6611
6510
6590
6874
7160
7119
6927
6896
6804
6783
6765
6659
6649
6594
6733
6570
6758
6559
6710
6757
6658
6744
6676
6614
6648
6496
6303
6200
6422
6443
6247
6083
6198
6169
6072
5999
6009
6052
5857
5854
5976
6005
6035
5939
6057
5998
5908
5855
5724
5573
5533
5387
5272
5246
5131
5114
5175
5253
5200
5264
5339
5226
5109
5115
5215
5262
5115
5012
4921
4851
4938
4834
4924
5025
5024
4861
4967
5087
4984
4960
4733
4666
4725
4676
4604
4583
4572
4700
4680
4819
4866
4871
4935
4935
5001
5112
5076
5189
5062
5215
5217
5030
5089
5069
5123
5278
5325
5508
5382
5282
5309
5321
5369
5236
5176
5103
4982
4919
4967
4968
5033
5051
5051
4973
4946
4952
4963
4919
4926
4924
4997
4863
4770
4608
4698
4621
4428
4395
4321
4266
4227
4423
4329
4326
4316
4194
4175
4208
4241
4264
4263
4080
4112
4059
4001
4084
4072
3982
4022
3934
4091
4059
4165
4092
4225
4166
4208
4178
4012
4122
4171
4293
4362
4284
4250
4321
4249
4132
4279
4254
4233
4160
4120
4177
4237
4240
4192
4166
4287
4336
4138
4063
4134
4441
4440
4590
4674
4511
4604
4424
4291
4344
4307
4318
4358
4336
4312
4354
4401
4400
4302
4428
4603
4576
4621
4509
4636
4718
4694
4627
4590
4532
4523
4540
4462
4619
4627
4608
4758
4900
4963
4966
4942
4837
4831
4928
4944
4913
4926
4926
5141
5177
5272
5286
5346
5309
5346
5363
5408
5367
5360
5398
5335
5406
5446
5322
5390
5642
5712
5779
5751
5696
5716
5610
5307
5363
5374
5439
5425
5485
5509
5383
5434
5315
5315
5305
5381
5310
5334
5234
5334
5369
5254
5201
5320
5470
5375
5385
5448
5619
5665
5882
5803
5716
5748
5589
5576
5615
5613
5503
5609
5684
5904
6074
6120
6138
6081
5998
6121
6075
6004
5960
5874
5906
5920
5913
5841
5860
5879
5873
5857
5726
5655
5572
5508
5615
5531
5550
5538
5630
5696
5675
5768
5809
5820
5600
5517
5516
5536
5366
5312
5366
5371
5325
5243
5358
5414
5399
5432
5363
5282
5325
5306
5326
5155
5019
5025
4823
4796
4781
4857
4836
4687
4702
4700
4811
4836
4809
4835
4838
4815
4749
4681
4790
4765
4778
4711
4529
4621
4683
4671
4566
4452
4496
4407
4358
4406
4450
4419
4554
4452
4553
4558
4466
4517
4506
4476
4443
4644
4570
4593
4696
4731
4625
4575
4388
4368
4377
4429
4468
4604
4660
4612
4449
4401
4327
4281
4440
4502
4505
4514
4551
4561
4645
4567
4681
4821
4978
4802
4626
4656
4649
4525
4641
4634
4677
4476
4289
4102
4197
4147
4226
4203
4307
4268
4343
4386
4338
4424
4376
4368
4460
4519
4362
4124
4258
4272
4481
4757
4815
4882
5012
5022
4958
4996
5089
5190
5229
5054
4943
4990
5064
5063
4944
4949
4887
4930
4978
4915
5029
5013
4894
4925
4935
4947
4920
4873
4815
4991
4990
5103
4974
5060
5042
4967
4885
4761
4716
4669
4713
4719
4703
4833
4767
4811
4691
4789
4718
4758
4751
4672
4710
4847
4842
4912
4845
4720
4686
4700
4596
4524
4596
4651
4695
4693
4590
4460
4625
4721
4718
4652
4597
4656
4694
4679
4709
4681
4700
4639
4563
4590
4599
4475
4433
4416
4108
4031
3923
3961
3983
3880
4005
3929
4044
3959
3972
4007
4087
3935
3962
4214
4277
4340
4340
4211
4193
4317
4293
4283
4465
4444
4689
4672
4787
4775
4803
5024
4905
5015
5008
5086
5189
5140
5115
5029
5090
5190
5361
5194
5172
5063
5418
5416
5656
5772
5785
5569
5443
5426
5540
5417
5423
5278
5308
5291
5267
5304
5336
5063
5057
5051
4961
4855
4847
4935
4956
4976
4927
4899
4997
4920
4869
4693
4632
4648
4606
4722
4571
4631
4718
4659
4563
4505
4557
4609
4754
4708
4577
4506
4538
4581
4700
4733
4655
4605
4703
4890
4963
4945
5249
5063
5153
5149
5115
5069
5033
5064
5145
5067
5223
5322
5280
5343
5352
5302
5245
5167
5131
5177
5206
5187
5123
5200
5406
5340
5198
5276
5192
5265
5010
4853
4985
5041
5025
5064
5107
5172
5296
5277
5309
5344
5305
5226
5288
5468
5467
5487
5597
5622
5623
5713
5867
5787
5713
5650
5644
5679
5516
5608
5499
5560
5694
5431
5584
5521
5531
5610
5589
5764
5723
5641
5672
5647
5846
5775
5796
5694
5779
5851
5831
5832
5724
5673
5732
5752
5616
5655
5672
5533
5674
5656
5519
5541
5568
5606
5652
5854
5845
5780
5955
6054
5960
6021
6054
5906
5855
5855
5875
5866
5853
5930
5972
5998
6010
6122
6241
6256
6175
6188
6161
6037
6038
6133
5974
6246
6005
5864
5649
5642
5728
5690
5539
5380
5261
5145
5210
5075
5205
5264
5154
5035
5221
5265
5194
5396
5308
5186
5264
5305
5477
5608
5500
5561
5592
5639
5597
5526
5483
5549
5717
5586
5598
5375
5324
5350
5365
5273
5362
5473
5477
5471
5524
5526
5726
5604
5418
5486
5641
5575
5635
5374
5291
5315
5467
5388
5501
5528
5675
5722
5898
5643
5535
5506
5572
5729
5771
5789
5567
5594
5508
5477
5512
5534
5506
5550
5531
5625
5450
5588
5577
5477
5524
5635
5530
5411
5419
5580
5676
5795
5795
5740
5763
5620
5670
5387
5370
5387
5310
5417
5324
5250
5296
5245
5108
5164
5111
4787
4711
4674
4832
4902
5058
5125
5056
5159
5212
5207
5281
5223
5242
5391
5547
5527
5715
5843
5996
5977
6221
6373
6357
6330
6304
6299
6022
6057
6182
6237
6290
6334
6233
6170
6201
5917
5930
5802
5981
6001
6050
6045
6183
6020
5897
6004
6050
5952
5949
6163
5951
5875
5983
6032
6059
6270
6409
6417
6157
6174
6366
6488
6525
6643
6562
6718
6567
6439
6431
6549
6575
6438
6676
6491
6381
6411
6437
6381
6403
6617
6697
6612
6559
6547
6669
6618
6603
6701
6648
6560
6566
6637
6871
6878
6704
6613
6606
6589
6497
6558
6621
6606
6431
6461
6366
6333
6332
6411
6462
6367
6390
6419
6385
6194
6192
6176
6066
5916
5869
6074
5962
6133
6248
6202
6133
5937
6349
6619
6412
6387
6198
6372
6456
6452
6524
6430
6358
6419
6576
6638
6843
6690
6760
6887
6988
6978
7080
7009
7082
6947
6979
6998
6796
6813
6929
7080
7246
7116
7133
7128
7208
7227
7099
7252
7474
7472
7511
7633
7536
7505
7516
7521
7355
7216
7153
7006
6785
7073
6786
6713
6615
6641
6641
6686
6570
6462
6493
6694
6664
6849
6976
7063
6909
6723
6758
6775
6724
6856
6852
6704
6834
6739
6810
6857
6878
7058
7318
7213
7214
7022
7101
7041
7019
6960
7117
7107
7058
6932
7036
7016
6910
6909
6871
6920
6799
6992
6875
6747
6797
6882
6809
6852
6852
6852
6935
6930
6662
6661
6510
6531
6438
6480
6599
6590
6655
6565
6470
6604
6551
6444
6459
6463
6276
6299
6238
6241
5981
5917
6013
6096
6026
5937
6075
6036
5891
5926
5840
5790
5730
5541
5542
5558
5427
5441
5587
5709
5459
5545
5641
5440
5503
5556
5760
5764
5624
5715
5717
5710
5731
5724
5718
5840
5803
5607
5625
5747
5832
5840
5706
5649
5487
5429
5495
5686
5784
5883
5951
6108
6046
6233
6423
6313
6264
6037
6013
5867
5745
5704
5774
5582
5488
5704
5826
5904
5786
5971
5699
5735
5854
5886
5764
5748
5877
5890
5970
6054
5906
5817
5906
6057
6003
6056
6343
6545
6751
6744
6763
6599
6565
6622
6565
6559
6685
6657
6541
6487
6591
6697
6757
6682
6746
6608
6546
6653
6440
6418
6293
6309
6223
6097
6106
6105
5837
5640
5738
5822
5938
5883
6009
6115
6015
6147
6199
6320
6212
6145
6245
6078
5929
5756
5832
5846
5902
6294
6358
6469
6473
6535
6522
6565
6716
6738
6829
6752
6785
6949
6788
6717
6616
6833
6758
6488
6549
6510
6292
6300
6187
6208
6183
6369
6464
6400
6483
6425
6218
6238
6352
6361
6377
6264
6463
6540
6597
6585
6388
6252
6168
6064
6131
6214
6125
6060
5899
6026
5985
5923
5787
5820
5816
5812
5895
6017
5895
5771
5816
5760
5791
5798
5733
5648
5723
5844
5881
5827
5929
5984
5827
5881
5883
5895
6066
5879
6002
5946
5954
5778
5830
5736
5789
5729
5742
5781
5828
5803
5784
5805
5810
5797
5917
5884
5953
5913
5791
5720
5680
5764
5831
5804
5895
6021
5894
5852
5880
5955
5990
6126
6294
6293
6479
6419
6513
6476
6501
6380
6419
6529
6465
6627
6549
6365
6212
6250
6132
6157
6348
6226
6305
6369
6390
6383
6380
6497
6687
6506
6608
6483
6415
6380
6377
6315
6232
6227
6077
6093
6064
6055
5972
6040
6154
6390
6200
6168
6099
6264
6323
6279
6339
6362
6319
6331
6226
6101
5986
6060
6078
6107
6006
6075
6131
6158
6371
6323
6220
6294
6203
6160
6025
5928
5790
5801
5972
5906
5830
5699
5729
5827
5715
5537
5472
5387
5415
5429
5428
5376
5320
5239
5374
5341
5239
5179
4989
4987
4968
4949
4997
5119
5191
5287
5407
5564
5714
5681
5626
5637
5805
5717
5778
5782
5821
5810
5933
5981
5940
6025
5995
6110
6038
5940
6021
6094
5992
6027
6038
5788
5694
5680
5655
5744
5719
5622
5585
5424
5353
5377
5533
5562
5665
5555
5559
5495
5430
5400
5499
5491
5387
5212
5280
5143
5167
5238
5017
5107
5181
5113
5302
5155
4997
4935
4853
4940
4927
4855
4826
4893
4679
4759
4831
4794
4887
4793
4858
4842
4683
4633
4780
4942
4994
5124
5246
5227
5207
5052
5037
5342
5250
5351
5369
5362
5280
5278
5485
5766
5647
5870
5859
5927
6044
6106
6235
6180
6171
6413
6404
6250
6185
6125
6095
6083
6025
6088
6148
6203
6137
6158
6202
6071
5930
5816
5731
5695
5967
5752
5710
5717
5780
5760
5937
6044
5983
5979
5963
6196
6307
6499
6665
6543
6521
6490
6594
6408
6518
6443
6359
6399
6667
6889
6956
7009
6876
6833
6822
6831
6811
6921
6834
6587
6455
6385
6325
6329
6236
6040
5926
5978
6052
6150
6192
6466
6351
6312
6158
6140
6386
6278
6222
6321
6460
6559
6512
6426
6351
6467
6323
6440
6509
6537
6471
6506
6506
6454
6273
6359
6297
6288
6474
6614
6644
6807
6707
6737
6716
6701
6682
6925
7108
6974
6983
7118
7270
7363
7362
7482
7448
7553
7669
7704
7901
7879
7811
7742
7543
7445
7416
7513
7476
7424
7264
7228
7139
7155
7040
7212
7400
7294
7411
7445
7598
7671
7336
7268
7303
7167
7316
7319
7349
7234
7188
7254
7335
7239
7230
7207
7237
7275
7343
7366
7530
7645
7695
7655
7887
7769
7568
7697
7736
7843
7800
7888
7819
7797
7797
7963
8013
8248
8252
8310
8161
8156
8153
8195
8197
8123
8258
8387
8311
8379
8323
8256
8045
8112
8147
8150
8251
8353
8434
8399
8388
8169
8030
8011
8083
7719
7700
7910
7895
7807
7473
7681
7664
7677
7575
7514
7497
7395
7418
7412
7274
7161
7122
7028
7068
7193
7032
7147
7004
6894
6731
7023
6926
6861
6766
6704
6689
6805
6627
6482
6663
6830
6844
6943
6834
6884
6976
