1005000
266880
173774
128805
102500
85166
73060
63590
56540
51116
46013
42001
38280
35280
32900
30756
28688
26748
25421
24056
22442
21450
20633
19752
18942
18100
17599
16957
16429
15740
15401
15002
14505
14203
13436
13077
12667
12598
12265
11885
11663
11247
11013
10708
10390
10143
10123
9705
9709
9598
9422
9133
8810
8751
8509
8496
8717
8836
8706
8495
8223
8212
8019
7800
7563
7392
7264
7267
7177
7262
7383
7184
7191
7176
7149
7138
7194
7154
7086
6964
6603
6592
6405
6482
6325
6462
6279
6429
6408
6178
6190
6511
6166
5910
5745
5744
5669
5638
5454
5455
5377
5260
5227
5150
5273
5198
5084
5050
5004
4930
4809
4727
4703
4690
4707
4751
4787
4816
4843
4844
4910
4859
4789
4540
4554
4598
4657
4635
4653
4642
4634
4591
4639
4649
4766
4690
4734
4619
4617
4652
4748
4564
4702
4773
4616
4623
4511
4488
4451
4315
4296
4186
4091
4075
4135
4175
4211
4273
4268
4298
4187
4035
3935
3887
3869
3860
3880
3902
3922
4059
3974
3974
3989
4057
3910
3938
4025
3944
4027
4101
3980
3986
3960
4079
4143
4247
4202
4149
4181
4045
4148
3997
3969
3906
3769
3695
3649
3557
3563
3444
3495
3434
3529
3613
3765
3788
3682
3659
3634
3494
3497
3478
3288
3212
3202
3363
3399
3475
3369
3449
3520
3404
3458
3506
3580
3430
3493
3444
3423
3443
3389
3280
3223
3214
3117
3097
3186
3255
3311
3325
3396
3457
3500
3540
3555
3467
3550
3560
3579
3641
3595
3553
3595
3621
3610
3546
3384
3264
3199
3090
3093
3170
3206
3117
3132
3215
3161
3167
3220
3156
3207
3138
3189
3021
3070
3061
2956
2938
2865
2839
2872
2873
2881
2813
2797
2768
2779
2845
2926
3055
3181
3135
3052
3052
3197
3279
3398
3549
3467
3346
3446
3440
3511
3562
3608
3618
3779
3744
3677
3738
3787
3871
3952
3912
4072
4151
4277
4172
4198
4136
4240
4326
4333
4472
4373
4384
4545
4516
4433
4430
4288
4206
4352
4290
4288
4388
4356
4430
4578
4677
4467
4397
4283
4311
4261
4361
4300
4111
4195
4261
4342
4277
4335
4237
4093
4183
4272
4273
4486
4570
4474
4408
4428
4369
4279
4425
4350
4338
4325
4389
4475
4368
4422
4483
4416
4403
4398
4499
4528
4419
4408
4340
4382
4387
4465
4446
4417
4403
4602
4707
4747
4856
4814
4798
4803
4853
4910
5095
5111
5100
5178
5138
5304
5285
5188
5062
5060
4953
5076
5071
5080
5227
5076
5140
5122
5072
5106
5200
5148
5241
5260
5289
5363
5444
5597
5512
5409
5396
5444
5038
5241
5298
5539
5718
5846
5841
5724
5918
6086
6223
6266
6310
6270
6220
6337
6462
6472
6534
6525
6388
6372
6485
6630
6576
6687
6655
6622
6666
6715
6743
6872
6810
6675
6488
6456
6428
6408
6577
6537
6656
6534
6615
6628
6482
6507
6353
6326
6306
6416
6440
6408
6415
6415
6213
6114
5935
5898
5957
5952
6012
5873
5912
6095
5981
6069
6064
6134
6133
6153
6449
6392
6311
6371
6469
6205
6012
5958
6006
6023
6007
6026
6123
6110
6037
6247
6166
6129
6075
6060
5986
6003
6075
6277
6262
6279
6344
6141
6166
6092
6133
6336
6342
6296
6433
6523
6600
6493
6566
6449
6438
6383
6423
6462
6500
6537
6499
6524
6648
6588
6597
6727
6911
6822
6841
6735
7014
7099
6846
6650
6681
6683
6622
6623
6532
6504
6741
6674
6718
6671
6702
6608
6510
6613
6579
6722
6717
6608
6535
6444
6413
6342
6299
6308
6295
6407
6598
6531
6353
6253
6226
6461
6389
6441
6237
6066
5865
5861
5709
5430
5619
5781
5852
5701
5615
5549
5762
5833
5862
5840
5641
5441
5582
5714
5598
5482
5351
5336
5260
5198
5139
5252
5227
5276
5176
5174
5215
5267
5414
5525
5417
5492
5628
5368
5433
5555
5550
5506
5531
5635
5741
5754
5860
5798
5857
6035
5880
5975
5907
5858
5893
5909
5889
6037
6125
6165
6225
6143
6030
6119
6119
5981
6056
5872
5959
5753
5722
5592
5547
5455
5496
5537
5394
5235
5190
5109
5097
5047
5115
4938
5048
5122
5086
5140
5289
5275
5223
5367
5353
5299
5264
5436
5440
5538
5546
5602
5615
5669
5547
5715
5841
5889
6055
6195
6195
6128
6282
6308
6257
6185
6286
6196
6183
6178
6277
6184
6150
6086
6218
6429
6363
5944
6124
6016
6098
6049
6028
6065
5932
5901
5825
5836
5849
5933
5851
6109
6019
5956
6040
5972
5976
6036
5935
5950
6021
5863
5877
5828
5690
5626
5783
5686
5415
5508
5465
5449
5347
5401
5349
5307
5335
5360
5211
5295
5218
5151
5197
5151
5509
5595
5643
5656
5503
5674
5697
5717
5712
5864
5924
6066
6188
6323
6483
6478
6405
6574
6476
6485
6344
6289
6169
6235
6399
6422
6571
6463
6563
6683
6588
6453
6336
6465
6280
6157
6141
6215
6261
6188
6269
6491
6334
6324
6482
6431
6544
6453
6454
6337
6469
6616
6658
6764
6863
6877
6834
6718
6507
6461
6292
6404
6324
6363
6501
6473
6272
6308
6327
6236
6181
6306
6222
6109
6131
6034
5982
6048
6149
6281
6304
6117
6021
5904
5754
5640
5821
5839
5643
5695
5550
5506
5510
5623
5556
5631
5725
5757
5712
5812
6067
5882
5954
6047
6106
6357
6427
6505
6451
6325
6311
6284
6376
6580
6530
6332
6532
6766
6795
6794
6832
6949
7081
7144
6877
6917
6959
6891
6751
6800
6624
6550
6409
6484
6285
6213
6211
6211
6208
6296
6234
6188
6340
6268
6173
6190
6164
5992
5887
5811
5737
5559
5655
5643
5754
5755
5786
5762
5837
5743
5692
5760
5719
5919
6084
6184
6198
6149
6236
6223
6170
6165
6030
5875
5723
5715
5775
5674
5552
5659
5686
5656
5642
5720
5688
5780
5820
5924
5850
5789
5803
5773
5734
5672
5693
5559
5595
5654
5710
5741
5735
5869
5970
6100
6155
6191
6172
6150
6116
6010
5980
5843
5725
5747
5731
5769
5927
5946
5770
5873
5808
5906
5839
5702
5686
5772
5956
5834
6034
5994
6036
6090
5949
5939
5824
5762
5618
5567
5510
5370
5396
5398
5420
5362
5366
5270
5350
5172
5350
5352
5427
5520
5595
5681
5644
5661
5545
5699
5746
5653
5649
5629
5678
5737
5737
5603
5665
5338
5252
5273
5217
5115
5032
4962
4906
4942
5078
4945
4813
4699
4688
4644
4645
4621
4487
4561
4528
4560
4570
4599
4639
4693
4851
4938
4788
4768
4639
4690
4645
4676
4651
4519
4558
4537
4510
4317
4391
4358
4306
4314
4365
4199
4156
4248
4244
4205
4163
4228
4178
4081
4152
4095
4005
4017
4141
4125
4183
4334
4240
4173
4216
4036
3970
3967
3818
3984
4002
3968
4008
3992
3930
3948
4014
3909
3931
3865
3800
3886
3968
3930
3968
3952
3999
3984
3946
3908
4077
4055
4139
4206
4136
3971
3958
3997
4082
3960
4042
4074
3956
4026
4081
3900
3826
3687
3554
3448
3642
3726
3690
3616
3598
3515
3501
3466
3574
3601
3583
3534
3553
3554
3583
3710
3689
3689
3660
3742
3760
3887
3938
4023
4184
4093
4145
4147
4241
4301
4292
4213
4256
4289
4456
4404
4372
4271
4429
4435
4355
4330
4244
4344
4342
4336
4149
4084
4189
4179
4125
4177
4088
4216
4384
4344
4483
4642
4489
4686
4619
4637
4745
4693
4722
4803
4833
4772
4769
4684
4912
4866
4895
4858
4892
4895
4891
4743
4725
4615
4588
4541
4392
4432
4469
4519
4383
4383
4414
4346
4493
4568
4557
4512
4494
4337
4178
4113
4255
4324
4423
4516
4440
4362
4266
4223
4114
4043
3941
3832
3898
3977
4172
4162
4189
4228
4249
4170
4135
4127
4367
4560
4617
4639
4638
4653
4533
4472
4343
4260
4305
4247
4183
4123
4086
4247
4219
4065
4302
4371
4411
4405
4422
4487
4512
4600
4505
4558
4615
4571
4583
4496
4409
4398
4385
4367
4363
4260
4260
4338
4380
4304
4230
4297
4410
4487
4449
4476
4452
4347
4376
4369
4464
4465
4441
4452
4409
4281
4315
4210
4362
4452
4483
4467
4661
4886
4872
4955
5054
5174
5190
5133
5086
5224
5471
5361
5228
5265
5279
5448
5465
5486
5375
5290
5344
5538
5705
5603
5655
5545
5437
5474
5442
5667
5660
5734
5606
5664
5658
5701
5612
5496
5446
5538
5602
5437
5457
5403
5388
5323
5188
5142
5191
5435
5371
5381
5412
5616
5599
5577
5588
5667
5650
5561
5724
5758
5809
5842
5926
6143
6256
6364
6435
6368
6363
6271
6206
6186
6014
5852
5897
5775
5879
5861
5915
5906
6005
5954
5671
5650
5676
5647
5556
5583
5554
5448
5437
5394
5585
5667
5687
5659
5720
5815
5906
6025
5896
5866
5900
5792
5757
5812
6027
6151
5932
5958
5844
5863
5802
6075
6035
6140
6135
6307
6336
6382
6371
6437
6601
6580
6367
6328
6308
6288
6233
6092
6048
6031
5868
5935
5964
5901
5894
5895
6040
5804
5792
5794
5983
5930
5991
5991
5960
5950
5785
5874
5961
6028
6058
6045
5912
6009
5986
6021
6135
6086
6040
6168
6245
6066
6076
5946
6064
6062
6257
6196
6012
6078
6096
6118
5981
5882
5918
5932
5933
6019
5954
5996
5872
5779
5564
5703
5736
5661
5645
5531
5683
5651
5540
5494
5411
5344
5380
5366
5297
5303
5462
5531
5576
5552
5540
5616
5725
5641
5549
5384
5429
5431
5299
5236
5305
5324
5422
5542
5691
5744
5711
5778
5792
5793
5652
5584
5657
5751
5746
5519
5336
5550
5590
5548
5490
5398
5601
5556
5461
5501
5409
5419
5382
5278
5215
5104
5102
5130
5012
4947
4991
4949
5202
5151
5123
5154
5153
5192
4991
4910
4923
4965
4918
4891
4965
4867
4929
4987
5090
5049
5232
5280
5287
5329
5175
5121
5101
5184
5247
5185
5182
4993
5068
5041
4945
4801
4755
4547
4728
4752
4707
4759
4709
4741
4574
4606
4583
4547
4615
4710
4618
4694
4584
4577
4593
4595
4643
4693
4767
4816
4855
4882
4735
4777
4746
4995
5097
5066
5054
5318
5369
5514
5583
5512
5425
5373
5342
5301
5280
5392
5175
5213
5198
5151
5239
5221
5007
4942
4973
4820
4741
4926
4818
4709
4776
4876
4934
5039
5236
5186
5275
5354
5465
5592
5568
5430
5398
5453
5541
5413
5508
5498
5396
5436
5463
5539
5589
5562
5442
5249
5243
5244
5196
5059
5071
5091
5021
5035
4970
4967
5006
5015
4923
4806
4979
5254
5192
5257
5386
5576
5476
5370
5565
5593
5554
5615
5562
5659
5680
5700
5597
5558
5422
5437
5376
5537
5490
5574
5497
5528
5575
5490
5487
5719
5774
5771
5859
5965
6034
6206
6210
6155
6088
5965
5865
5995
5923
5819
5756
5855
5754
5731
5628
5805
5676
5567
5470
5548
5644
5666
5779
5634
5648
5501
5626
5821
5790
5705
5690
5764
5730
5775
5695
5936
5871
5990
6070
6106
5958
5999
6057
6133
6161
6213
6199
6330
6357
6403
6517
6486
6519
6502
6535
6526
6454
6574
6582
6782
6847
6941
6929
7141
6958
7030
6917
6752
6801
6683
6372
6226
6402
6208
6319
6019
6055
6056
6151
6159
6151
6151
6199
6273
6174
6096
6396
6402
6281
6406
6415
6291
6261
6284
6088
5996
5965
5932
5876
5880
5848
5909
5936
5956
5880
6064
6085
6139
6069
6052
5907
6076
6155
6221
6235
6338
6291
6299
6472
6441
6497
6506
6429
6552
6510
6619
6728
6931
6952
6637
6637
6685
6786
6787
6803
6837
6832
6827
6746
6751
6950
7036
6944
7204
7238
7153
7228
7266
7317
7211
7255
7141
7342
7433
7541
7496
7551
7536
7352
7347
7442
7268
7170
6978
6762
6606
6635
6472
6592
6548
6555
6547
6573
6665
6632
6706
6612
6639
6644
6561
6499
6345
6253
6362
6245
6413
6539
6588
6655
6685
6752
6805
6722
6672
6663
6724
7052
7031
7193
7197
7121
7109
7368
7488
7451
7431
7366
7250
7175
7280
7333
7443
7622
7654
7412
7283
6952
6876
6758
6939
7060
7026
6821
6840
6864
6849
6831
6807
6656
6716
6844
6970
7049
6930
6900
7034
7040
7081
7271
7111
7172
7208
7333
7334
7006
6986
7025
7018
6985
6863
6724
6737
6712
6519
6740
7023
6764
6870
6813
6646
6662
6684
6780
6936
6744
6748
6758
6851
6780
6895
6896
6964
6694
6646
6740
6773
6876
6836
6864
6934
6804
6830
6657
6670
6661
6697
6659
6662
6688
6506
6534
6639
6560
6653
6769
6646
6584
6522
6528
6443
6218
6008
5976
5735
5700
5675
5733
5719
5485
5525
5667
5629
5435
5422
5606
5549
5614
5485
5361
5365
5223
5072
5131
5206
5326
5488
5318
5234
5308
5477
5693
5898
5580
5503
5583
5739
5733
5889
5750
5662
5515
5632
5727
5733
5661
5762
5990
5846
5873
6089
6122
6103
5933
5987
6017
5956
6111
6181
6103
6135
6074
6145
6090
6093
6300
6399
6359
6429
6446
6648
6689
6411
6534
6308
6330
6264
6226
6228
6216
6466
6429
6465
6579
6385
6295
6336
6268
6216
6337
6235
6271
6150
5993
5742
5792
5842
5751
5855
5760
5829
5908
5973
5990
6045
5975
6147
6257
6449
6316
6175
6331
6426
6251
6258
6296
6327
6447
6580
6699
6866
7042
6871
6691
6618
6520
6500
6306
6228
5925
5957
5982
5794
5790
5767
5642
5708
5780
5750
5722
5668
6005
6149
6172
6099
6188
6204
6171
6309
6333
6131
6161
6202
6231
6363
6395
6442
6541
6730
6670
6534
6683
6816
6944
6804
6809
6694
6768
6756
6822
6798
6913
6858
6786
6865
6998
6956
7113
7067
7017
6809
6897
6821
6767
6758
6752
6797
6610
6720
6760
6721
6740
6843
6767
6900
6812
6958
6973
6836
6647
6648
6811
6846
6866
6891
6857
6914
6983
6940
6753
6623
6720
6982
6959
6804
6868
6796
6819
6843
6799
6825
6920
6938
6949
6991
7031
7146
7256
7091
7187
7146
7161
7112
7033
6913
6906
7042
7031
6951
6911
6883
6900
6943
6967
6879
6830
6933
7025
7057
7301
7401
7280
7232
7098
7027
7214
7150
7264
7175
7376
7561
7668
7477
7612
7715
7473
7641
7452
7345
7564
7663
7433
7508
7607
7558
7524
7597
7532
7534
7506
7540
7439
7411
7191
7144
7101
6847
6882
6720
6509
6616
6833
6787
6665
6620
6498
6604
6457
6562
6683
6754
6701
6578
6808
6610
6798
6914
6735
6625
6516
6442
6472
6604
6707
6626
6744
6435
6717
6728
6597
6666
6570
6538
6444
6467
6350
6316
6211
5998
6214
6114
6013
6033
5828
5623
5537
5346
5379
5511
5539
5455
5484
5566
5535
5441
5552
5578
5650
5669
5921
5962
6044
6086
6170
6152
6165
5874
5920
5782
5637
5448
5372
5416
5232
5087
5254
5449
5540
5512
5691
5760
5902
5979
5974
5822
5814
5920
6027
6033
5905
5988
5997
6045
6319
6433
6547
6504
6340
6390
6507
6589
6375
6412
6360
6107
6037
6042
6010
5857
6124
6229
6080
5891
5885
5723
5834
5719
5756
5682
5790
5618
5698
5764
5757
5780
5636
5547
5591
5528
5260
5400
5547
5425
5349
5298
5126
5141
5156
5196
5018
4929
4875
4848
4783
4754
4922
4848
4809
4902
5012
5068
4904
4793
4881
4863
4804
4637
4540
4597
4523
4307
4307
4405
4477
4543
4420
4313
4344
4270
4316
4199
4122
4161
4088
4109
3912
4018
4166
4184
4298
4233
4268
4210
4214
4180
4169
4089
4037
4122
4161
4215
4330
4455
4563
4461
4559
4454
4511
4652
4687
4612
4611
4720
4710
4695
4774
4647
4710
4711
4563
4462
4416
4331
4213
4189
4236
4316
4297
4278
4449
4481
4488
4607
4529
4530
4650
4538
4596
4752
4858
4728
4535
4503
4472
4349
4404
4284
4395
4425
4513
4445
4580
4424
4323
4179
4234
4297
4307
4225
4192
4216
4070
4085
4291
4294
4387
4478
4524
4565
4491
4295
4405
4461
4539
4421
4523
4326
4424
4450
4452
4540
4589
4648
4684
4719
4735
4687
4750
4829
4948
4884
5006
4892
4840
4846
4726
4702
4629
4590
4557
4812
4887
4986
4871
4833
4790
4712
4685
4668
4544
4459
4651
4774
4732
4859
4899
4804
4808
4772
4672
4481
4507
4330
4359
4547
4410
4443
4617
4634
4630
4669
4590
4766
4750
4683
4529
4408
4352
4410
4379
4372
4301
4452
4426
4430
4405
4498
4415
4392
4521
4517
4478
4381
4250
4192
4292
4400
4407
4400
4523
4584
4610
4640
4684
4522
4540
4625
4613
4604
4629
4571
4500
4420
4500
4273
4316
4179
4086
3999
4044
4099
4121
4170
4258
4499
4626
4706
4921
4947
4934
4799
4626
4630
4884
4875
4936
4927
4861
4844
4941
4975
5026
4969
4980
4911
4854
4995
5020
5183
5304
5262
5195
5393
5184
5241
5286
5310
5183
5072
5202
5292
5331
5603
5617
5734
5795
5941
6177
6392
6509
6521
6526
6592
6411
6403
6493
6720
6749
6577
6383
6454
6491
6725
6677
6918
7005
6997
6874
6847
6805
6883
6942
6991
7111
7197
7146
6891
6729
6851
6968
7050
7021
7000
6935
6794
6758
6764
6800
6836
6819
6869
6951
7240
7220
7321
7329
7503
7670
7648
7692
7851
7742
7710
7680
7587
7385
7481
7459
7538
7595
7559
7427
7523
7472
7411
7453
7348
7168
6974
7026
7118
6905
6815
6797
6812
6604
6468
6510
6581
6720
6741
6718
6682
6817
6769
6889
6818
6770
6775
6941
7071
7317
7572
7594
7578
7642
7725
7666
7856
7767
7708
7849
7765
7661
7587
7845
7958
7846
7917
7651
7539
7699
7702
7480
7379
7310
7026
6897
6959
7061
7107
7078
6950
6892
6869
6810
6767
6672
6525
6317
6446
6351
6390
6363
6365
6413
6457
6598
6490
6527
6614
6509
6602
6715
6592
6468
6336
6394
6381
6509
6446
6355
6353
6307
6411
6563
6562
6664
6608
6794
6954
6745
6537
6512
6521
6402
6757
6949
6920
6959
6876
6828
6843
6826
6808
6800
6905
6897
7116
7159
6920
6969
6970
6987
7029
7033
6880
6857
6772
6827
6915
7041
7315
7244
7295
7250
7342
7418
7584
7412
7333
7462
7498
7447
7434
7378
7402
7507
7619
7718
7806
7966
8042
7843
7805
7865
7951
8015
7766
7794
7789
7820
7747
7859
7865
8008
8095
7914
7800
7701
7559
7372
7340
7323
7421
7368
7148
7225
7323
7403
7650
7643
7781
7687
7485
7401
7147
7247
7157
7053
7131
7226
7342
7606
7361
7472
7532
7456
7373
7433
7629
7551
7350
7427
7527
7521
7717
7831
7933
7905
8044
8249
8218
8176
7998
8116
8041
8063
7934
7899
7918
7926
7851
7815
7531
7516
7561
7558
7401
7621
7625
7723
7634
7778
7746
7798
7490
7296
7256
7324
7276
7237
7358
7262
7245
7143
7054
7098
7134
7223
7273
7270
7447
7434
7401
7311
7209
7273
7241
7289
7233
7203
7167
7266
7297
7239
7363
7386
7289
7186
7184
7237
7203
7439
7371
7600
7411
7516
7485
7341
7602
7555
7672
7426
7460
7361
7322
7309
7156
7018
6934
7043
6973
7093
7149
7026
7105
7118
6981
6887
6720
6578
6624
6496
6397
6501
6552
6814
6818
6889
7030
7107
7116
7149
7077
7108
7234
7346
7289
7366
7301
7461
7578
7629
7727
7778
7734
7754
7831
7793
8025
8072
8082
7961
8107
8253
8220
8155
7957
7884
7827
7612
7859
7972
8210
8147
7933
7831
7743
7848
7897
7861
7681
7529
7629
7585
7556
7558
7542
7446
7153
7297
7344
7523
7660
7622
7896
7897
7892
7838
7634
7416
7471
7358
7248
7240
7319
7137
6978
7166
7192
7072
6813
6739
6703
6626
6698
6794
6960
6920
7253
7318
7220
7264
7413
7122
7152
7095
7109
7066
7098
6834
6518
6704
6887
7095
7046
6966
6969
6784
6667
6650
6599
6376
6301
6119
5943
5983
5930
6037
6062
5853
5962
5870
6060
5966
6080
6188
6186
6208
6194
6249
6200
6249
6216
6283
6186
6279
6443
6420
6355
6358
6328
6307
6376
6214
6219
6003
5922
5765
5934
5963
5844
5789
5961
6138
5956
5952
5932
5793
5778
5762
5691
5513
5471
5463
5640
5710
5719
5619
5511
5630
5795
5900
5947
5931
5930
5969
5883
5829
5798
5772
5933
5989
5969
5925
5940
6111
6043
5971
5977
6094
6007
5910
5791
5878
5774
5909
6087
6113
6112
6270
6374
6385
6444
6324
6422
6281
6668
6594
6475
6516
6402
6269
6416
6271
6108
6057
6141
5924
5987
5905
6000
6015
6095
6107
6190
6076
5973
5969
5850
5911
5779
5787
5761
5779
5803
5823
5966
6112
5918
5916
6043
5901
5955
5963
5966
5994
5756
5934
5912
6041
6043
5930
5992
5997
6018
5883
5873
6006
6040
6177
6155
6068
6135
6184
6131
6192
6153
6150
6071
6247
5980
6019
6084
5973
6048
6039
6177
6227
6245
6483
6501
6430
6161
6154
6289
6178
6146
6146
6353
6437
6499
6530
6692
6545
6775
6928
6853
6726
6692
6483
6279
6204
6252
6302
6465
6465
6459
6399
6672
6782
6642
6758
6854
6946
6855
7045
6990
6943
6718
6851
6648
6614
6455
6570
6566
6431
6426
6630
6752
6848
6977
6871
6723
6583
6604
6651
6740
6498
6606
6521
6805
6734
6634
6813
6840
6795
6902
7043
7130
7067
6910
6877
6826
6596
6512
6602
6710
6675
6827
6831
6934
6862
6860
6834
6817
6906
6850
6950
6992
7037
7119
6968
7066
7257
7492
7377
7251
7310
7280
7435
7476
7680
7558
7397
7170
7245
7151
7222
7202
7157
7165
7289
7034
7029
7102
6813
6852
6861
6857
6851
6805
6700
6440
6503
6544
6455
6406
6424
6391
6373
6528
6612
6527
6586
6531
6713
6680
6603
6617
6559
6512
6457
6392
6388
6408
6610
6502
6412
6424
6624
6646
6495
6394
6500
6522
6628
6602
6581
6609
6633
6574
6762
6859
6926
6985
6988
7104
6938
6882
6821
6718
6770
6591
6692
6470
6693
6836
6795
6850
6825
6848
6736
6623
6847
6913
6743
6668
6565
6527
6626
6750
6682
6680
6852
6807
6686
6624
6523
6600
6627
6582
6431
6474
6615
6537
6571
6529
6515
6356
6373
6339
6187
6304
6295
6263
6125
6185
6435
6174
6271
6192
5990
6118
6230
6283
6416
6276
6236
6347
6464
6269
6231
6240
6040
5875
6004
6042
6174
6149
6044
5910
5942
5943
5903
5869
5666
5679
5659
5498
5373
5277
5448
5394
5305
5192
5234
5268
5382
5474
5275
5488
5359
5539
5589
5467
5591
5499
5510
5362
5351
5252
5273
5303
5413
5556
5525
5469
5549
5460
5492
5705
5908
5984
6052
6135
6295
6251
6199
6250
6183
6139
5979
6144
5951
6065
6000
5989
5962
6026
6045
6024
5837
5762
5743
5597
5562
5475
5420
5312
5360
5414
5337
5408
5525
5730
5686
5681
5660
5615
5750
5698
5782
5835
5787
5798
5759
5983
6063
6027
5971
6002
6064
6049
6024
5920
6066
5984
6035
5974
5854
6025
5983
6061
6084
5996
5905
5864
5810
5627
5690
5692
5706
5642
5820
5567
5789
5784
5779
5732
5655
5567
5423
5248
5161
5162
4999
5037
5104
5270
5145
5168
5258
5322
5386
5459
5532
5450
5485
5473
5554
5696
5600
5662
5417
5279
5263
5370
5336
5398
5295
5255
5436
5481
5479
5457
5196
5197
5311
5374
5376
5557
5627
5736
5463
5515
5785
5667
5584
5567
5483
5696
5652
5761
5686
5648
5686
5639
5613
5488
5453
5455
5412
5462
5533
5656
5550
5556
5581
5748
5775
5698
5654
5451
5605
5555
5653
5638
5545
5594
5555
5393
5494
5547
5374
5236
5388
5173
5218
5298
5295
5252
5129
5206
5172
5100
5171
5087
5130
5317
5449
5378
5391
5289
5327
5416
5482
5519
5274
5400
5477
5587
5662
5683
5636
5781
5641
5565
5410
5241
5279
5158
5066
5006
4873
4724
4625
4630
4632
4635
4577
4491
4532
4693
4602
4613
4532
4717
4918
5032
5083
4986
4960
5007
5006
4865
4911
4960
4837
4761
4769
4906
4851
4729
4751
4759
4670
4731
4664
4684
4753
4897
4883
4798
4807
4754
4853
4803
4606
4592
4407
4496
4478
4396
4330
4203
4379
4482
4497
4607
4745
4703
4707
4818
4657
4580
4601
4701
4596
4775
4784
4725
4750
4692
4833
4728
4588
4632
4624
4466
4466
4429
4582
4488
4503
4499
4514
4549
4681
4867
4943
4963
4936
5092
5208
5237
5169
5082
5289
5251
5109
5085
5277
5338
5360
5240
5117
5043
5107
5045
4830
4927
4822
4783
4641
4824
4806
4640
4673
4550
4656
4483
4384
4504
4387
4379
4457
4651
4735
4734
4823
4979
4958
4979
4789
4752
4765
4765
4777
4919
4811
4645
4579
4703
4797
4889
4835
4914
5015
5075
5084
5127
4950
4962
5079
4934
5009
5160
5011
5155
5046
5170
5240
5148
5052
5048
5136
5077
4873
4670
4780
4868
4803
4875
4828
4867
4787
4711
4667
4749
4870
5070
5064
5128
5055
5072
5143
5131
5009
5068
4949
5129
5204
5236
5297
5372
5298
5239
5073
5076
5089
5042
5236
5169
5154
5169
5358
5330
5427
5453
5487
5431
5521
5728
5763
5791
5658
5677
5641
5714
5800
5881
6010
5885
5814
5833
5765
5616
5640
5690
5626
5712
5425
5563
5583
5585
5585
5628
5575
5495
5550
5473
5493
5617
5641
5607
5578
5588
5637
5714
5700
5945
5861
5780
5926
5902
5901
5915
5828
5873
5955
5874
5987
5904
6049
6096
6110
6213
6058
6084
6203
6128
6009
5928
5794
5800
5728
5616
5444
5682
5713
5760
5650
5669
5772
5978
5988
6029
6022
6129
6106
6000
5719
5635
5822
5692
5593
5717
5689
5682
5864
5921
5851
5957
6007
6067
6140
6048
5929
5913
5872
5795
5713
5618
5761
5610
5613
5637
5464
5436
5404
5401
5191
5218
5189
5249
5271
5352
5338
5312
5322
5337
5529
5445
5399
5584
5535
5604
5564
5604
5539
5463
5564
5529
5437
5606
5441
5478
5348
5319
5260
5371
5476
5554
5615
5518
5408
5300
5338
5537
5611
5713
5847
5889
5992
6051
5869
5919
5829
5746
5758
5728
5915
6007
5954
5953
5942
5925
5830
5835
5615
5540
5463
5499
5550
5568
5558
5448
5505
5610
5522
5515
5764
5773
5970
6070
6189
6159
6177
6135
5998
6091
6107
5997
5959
5936
5952
6197
6263
6333
6435
6717
6714
6527
6529
6557
6628
6491
6609
6642
6743
6763
6661
6563
6614
6768
6697
6509
6594
6606
6581
6334
6215
6120
6040
6063
6042
6146
6062
6062
6034
6036
5946
5778
5829
5941
5829
5839
5898
5746
5722
5701
5552
5416
5477
5507
5437
5438
5472
5470
5453
5439
5396
5247
5230
5107
4977
4910
4820
4793
5023
5094
4913
4967
4867
4720
4811
4908
4793
4948
4990
4902
5027
5043
5110
5244
5184
5314
5340
5489
5469
5350
5381
5304
5368
5434
5310
5491
5528
5420
5416
5325
5190
5133
5290
5179
5539
5534
5516
5602
5681
5805
5804
5871
5956
6083
5936
5913
5900
5882
5978
6053
5891
5765
5791
5717
5768
5788
5746
5674
5727
5711
5734
5709
5628
5505
5506
5422
5526
5710
5602
5779
5762
5638
5570
5701
5843
5917
6054
6010
5846
6063
6156
6145
6204
6405
6394
6515
6596
6564
6402
6512
6520
6714
6745
6620
6608
6640
6623
6538
6502
6419
6469
6510
6498
6551
6485
6454
6577
6689
6560
6574
6626
6656
6408
6297
6280
6278
6389
6352
6331
6326
6343
6310
6213
6181
6289
6510
6547
6424
6373
6216
6313
6315
6403
6272
6124
6134
6157
6245
6359
6352
6348
6425
6500
6458
6698
6731
6726
6674
6787
6847
6904
6895
6892
6706
6732
6614
6752
6836
6782
6503
6528
6638
6677
6775
6737
6849
6860
6823
6624
6523
6551
6638
6625
6419
6476
6431
6430
6527
6502
6646
6532
6543
6574
6531
6373
6389
6455
6417
6414
6287
6238
6174
6314
6038
6180
6258
6265
6117
6178
6271
6220
6219
6248
6160
6135
6216
6163
6393
6467
6442
6488
6568
6595
6414
6541
6488
6411
6352
6215
6358
6338
6399
6213
6333
6406
6178
6308
6270
6339
6165
6408
6517
6530
6440
6574
6458
6383
6253
6101
6184
6097
6287
6214
6209
6000
5904
6047
6113
6270
6322
6396
6419
6465
6569
6456
6293
6206
6212
6178
6253
6261
6176
6201
6118
6142
6066
5923
6030
5999
5973
5852
5879
5944
5734
5813
5795
5758
5812
5867
5860
5796
5706
5843
5757
5796
5750
5778
5843
5647
5727
5763
5840
5815
5755
5676
5937
6164
6240
6011
5894
6143
6028
6046
5977
5972
6018
6052
6181
6212
6320
6011
5972
5855
5757
5745
5682
5848
5796
6072
6110
6213
6129
6157
6191
6243
6231
6360
6470
6458
6457
6268
6442
6419
6294
6273
6164
6375
6202
6242
6263
6073
5956
5918
5790
5633
5656
5686
5755
5867
5637
5724
5426
5464
5568
5786
5815
5809
5810
5770
5838
5738
5746
5769
5995
6083
6050
6081
5965
5839
6029
5967
6061
6103
6069
6073
6106
6211
6254
6195
6187
6383
6240
6179
6194
6125
6200
6060
5909
6065
6105
6255
6306
6229
6243
6499
6567
6560
6501
6711
6598
6535
6370
6333
6088
6087
6096
6131
6176
6257
6235
6151
6124
6196
6145
6265
6434
6444
6357
6313
6280
6248
6183
6089
6098
6090
6044
5959
5968
6133
6212
6133
6268
6432
6516
6497
6486
6417
6399
6242
6230
6352
6156
6128
6178
6360
6225
6366
6625
6664
6856
6899
6899
7061
7019
6994
7027
6994
6805
6822
6838
6742
6697
6715
6787
7010
6995
6924
7138
7070
7058
6976
7000
6956
6903
6830
6635
6671
6556
6471
6587
6524
6474
6198
6243
6433
6378
6284
6282
6417
6434
6342
6351
6041
6068
6054
6125
6236
6243
6260
6445
6464
6442
6479
6511
6489
6489
6538
6470
6623
6505
6590
6598
6470
6169
6091
6159
6145
6067
5966
5822
5852
5820
5943
5849
6113
6274
6370
6346
6448
6490
6415
6661
6584
6506
6345
6347
6188
5963
6024
6327
6451
6441
6503
6609
6542
6435
6341
6500
6506
6472
6468
6368
6453
6481
6443
6470
6402
6424
6446
6506
6366
6507
6414
6562
6457
6458
6566
6534
6532
6544
6609
6433
6504
6248
6261
6379
6324
6483
6139
6220
6068
5933
5864
5891
5892
5828
5708
5724
5666
5580
5781
5945
5917
5914
5939
5845
5720
5850
5987
5832
6016
5936
5906
5766
5862
5887
5721
5588
5665
5736
5735
5919
5880
6018
5925
5915
5770
5819
5824
5950
6009
6035
6023
5916
5932
5675
5747
5779
5816
5917
6074
6112
6316
6300
6213
6166
6109
6210
6182
6239
6348
6298
6628
6695
6642
6635
6543
6590
6685
6664
6645
6688
