1005000
267189
175034
129851
103396
85104
72817
62841
54923
48903
44318
40669
37432
35134
33201
30444
28318
26607
25098
23619
22405
21515
20634
19863
18880
18175
17276
16343
15580
14999
14511
14112
13467
13097
12851
12359
12018
11446
11096
10834
10405
10185
9873
9627
9359
9038
8629
8646
8498
8324
8101
8095
7755
7690
7657
7679
7515
7276
7135
7316
7059
6782
6545
6460
6390
6164
6068
5976
5831
5846
5580
5488
5367
5245
5200
5127
5052
4955
4911
4966
4955
4978
4955
4821
4776
4734
4651
4667
4724
4665
4719
4634
4616
4597
4528
4588
4463
4215
4044
4090
3950
3883
3883
3912
3887
3901
3815
3806
3710
3621
3579
3524
3478
3480
3471
3443
3364
3372
3429
3381
3388
3393
3423
3381
3271
3222
3161
3183
3108
3195
3192
3213
3205
3093
3036
2919
2738
2725
2618
2538
2485
2490
2402
2338
2194
2242
2362
2265
2305
2286
2370
2293
2244
2211
2102
2208
2304
2307
2344
2357
2406
2557
2487
2546
2494
2591
2552
2592
2595
2546
2666
2666
2602
2574
2567
2519
2445
2337
2343
2367
2358
2297
2287
2179
2148
2194
2226
2206
2280
2249
2104
1971
2040
1984
2023
2114
2071
2056
2040
2061
2051
2008
1918
1918
1841
1799
1801
1914
1870
1848
1824
1800
1910
1926
1897
1855
1924
1916
1996
2101
2044
2094
2205
2157
2109
2112
2080
1933
1950
1917
1854
1749
1699
1648
1660
1581
1620
1563
1686
1677
1764
1755
1698
1758
1730
1706
1769
1821
1848
1900
1947
1853
1798
1736
1701
1752
1815
1746
1839
1875
1789
1794
1836
1827
1758
1767
1779
1795
1834
1852
1880
1815
1849
1797
1683
1666
1662
1728
1741
1737
1770
1849
1841
1876
1833
1845
1824
1801
1714
1717
1600
1600
1572
1513
1488
1524
1554
1654
1702
1783
1743
1774
1668
1686
1635
1602
1668
1669
1722
1722
1683
1722
1711
1669
1623
1665
1638
1578
1606
1629
1596
1588
1509
1500
1459
1506
1458
1458
1431
1512
1491
1446
1467
1419
1390
1464
1549
1518
1621
1706
1698
1615
1668
1635
1651
1746
1711
1716
1768
1806
1734
1722
1608
1569
1516
1539
1554
1563
1578
1534
1500
1435
1467
1527
1536
1474
1495
1585
1600
1543
1560
1631
1441
1366
1233
1266
1287
1245
1312
1335
1429
1488
1422
1387
1446
1506
1482
1521
1488
1515
1461
1536
1515
1461
1558
1491
1420
1347
1308
1257
1260
1245
1317
1344
1383
1416
1479
1507
1546
1574
1533
1537
1596
1659
1717
1671
1765
1692
1696
1639
1725
1816
1860
1884
1866
1845
1815
1839
1857
1944
1875
1903
1915
1857
1935
1866
1891
1872
1875
1855
1815
1777
1732
1789
1798
1866
1816
1875
1663
1761
1722
1765
1710
1707
1785
1818
1929
1905
1962
1996
2113
2081
2070
1979
1878
1902
2029
2095
2186
2217
2214
2104
2199
2181
2176
2233
2251
2230
2234
2120
2217
2278
2344
2287
2179
2256
2298
2389
2304
2335
2338
2310
2356
2238
2212
2113
2062
2090
2185
2251
2343
2223
2420
2445
2394
2439
2553
2646
2683
2771
2835
2776
2818
2755
2805
2818
2814
2774
2703
2733
2758
2829
2922
2754
2786
2851
2784
2983
2978
2805
2838
2873
2930
2989
3013
3067
3148
3140
3223
3380
3223
3327
3243
3196
3187
3186
3266
3279
3248
3256
3148
3218
3218
3288
3357
3432
3432
3469
3260
3234
3359
3423
3450
3516
3520
3538
3562
3477
3526
3579
3534
3576
3695
3571
3480
3388
3417
3513
3460
3451
3630
3574
3623
3655
3511
3429
3349
3433
3504
3601
3614
3662
3616
3789
3886
3881
3999
4180
4192
4174
4125
4269
4484
4492
4574
4639
4664
4641
4765
4774
4704
4755
4600
4503
4464
4397
4548
4723
4551
4647
4720
4634
4547
4563
4627
4537
4717
4617
4528
4490
4494
4410
4256
4369
4309
4169
4184
4168
4284
4335
4315
4377
4259
4530
4541
4657
4859
4972
5073
5082
4776
4860
4921
5072
4949
5101
5110
5201
5050
5113
5117
5058
5125
5289
5352
5340
5426
5293
5169
5333
5315
5174
5384
5355
5207
5222
5105
5153
5257
5166
5316
5424
5431
5457
5473
5337
5391
5314
5191
5145
5106
5108
5105
5130
4934
4850
4809
4857
4866
4757
4943
4870
4889
4955
5117
5083
5257
5399
5260
5280
5153
5121
5340
5531
5643
5604
5643
5490
5475
5561
5373
5407
5308
5323
5311
5205
5077
5081
5140
5318
5187
5406
5323
5225
5061
5042
5108
5160
5307
5268
5090
5182
5145
5135
5154
5133
5141
5100
5074
5048
5074
4950
4920
5014
5152
5110
4974
5083
5066
5083
5126
5196
5198
5080
5055
5049
5205
4988
5116
5130
5087
5220
5074
4848
4833
4871
4760
4627
4665
4826
4855
4887
4963
5114
5148
5125
5070
5131
5124
5128
5141
5308
5361
5208
5034
4968
4893
5023
5181
5160
5007
4961
4843
4768
4769
4785
4944
5032
4869
4759
4677
4774
4641
4684
4844
4686
4702
4573
4506
4516
4642
4603
4620
4584
4549
4503
4424
4437
4426
4411
4414
4394
4359
4249
4269
4262
4322
4441
4338
4134
4272
4391
4250
4311
4273
4359
4314
4456
4557
4674
4826
4870
4847
4713
4699
4624
4656
4659
4593
4515
4574
4627
4402
4431
4548
4403
4556
4568
4684
4743
4692
4936
4780
4704
4699
4730
4843
4867
4850
4745
4786
4770
4751
4724
4735
4745
4605
4659
4723
4925
4988
4979
5000
4941
4767
4828
4653
4577
4600
4588
4735
4804
4838
4787
4695
4765
4767
4753
4729
4650
4672
4679
4663
4714
4632
4738
4614
4746
4757
4704
4616
4721
4549
4483
4513
4505
4502
4712
4832
4909
4958
4959
4929
5111
5247
5388
5363
5653
5771
5772
5817
5935
6013
5907
5777
5726
5672
5541
5443
5434
5339
5424
5436
5574
5420
5451
5447
5664
5748
5960
6115
6134
6147
6374
6395
6455
6691
6781
6759
6719
6630
6527
6377
6611
6590
6559
6642
6667
6573
6579
6650
6569
6594
6617
6630
6732
6704
6491
6720
6762
6783
6765
6692
6828
6621
6449
6569
6711
6508
6217
6125
6111
6294
6468
6307
6356
6388
6434
6447
6417
6457
6440
6226
6264
6519
6573
6349
6286
6027
6001
6111
6108
5965
5906
5900
6252
6491
6661
6744
6648
6746
6997
6936
6898
7095
7039
7135
7112
6993
6911
6863
6992
6721
6900
7063
6954
6788
6738
6876
6959
6807
6836
6949
6940
6966
6975
6844
6796
6958
6942
6836
6920
7034
6959
6862
6752
6650
6569
6697
6656
6571
6690
6792
6761
6808
6739
6741
6613
6621
6582
6582
6352
6378
6290
6269
6163
6145
6225
6283
6271
6151
6076
6209
6112
6195
6247
6336
6217
6298
6452
6484
6401
6453
6321
6449
6388
6487
6494
6540
6339
6338
6231
6174
6070
6061
6122
6232
6218
6339
6438
6401
6661
6611
6779
6726
6642
6662
6893
6786
6749
6656
6639
6577
6375
6240
6437
6427
6468
6411
6445
6385
6377
6277
6425
6418
6372
6274
6227
6303
6215
6282
6486
6415
6396
6657
6766
6747
6669
6743
6811
6812
6859
6758
6730
6606
6621
6504
6377
6223
6218
6256
6345
6225
6184
6097
6152
6114
6190
6088
6149
6114
6060
6033
6198
6136
5967
6006
6011
5917
5946
5942
6106
6066
5955
5951
5980
5827
6044
6152
6120
6147
6109
6263
6245
6189
6168
6079
6212
6156
6239
6133
6045
5956
6003
5816
5729
5825
5817
5909
5827
5931
5754
5675
5586
5576
5595
5359
5507
5473
5501
5473
5635
5611
5564
5501
5476
5267
5301
5214
5191
5321
5356
5311
5367
5381
5613
5404
5381
5412
5505
5463
5519
5556
5619
5402
5397
5482
5490
5486
5584
5678
5705
5613
5440
5415
5350
5441
5364
5207
5239
5136
5242
5175
5379
5424
5338
5278
5275
5397
5303
5242
5281
5199
5253
5242
5282
5272
5139
5033
5224
5125
5038
4882
5022
4998
4953
5103
5059
5009
5120
5315
5244
5323
5424
5424
5392
5428
5387
5274
5432
5354
5443
5370
5363
5370
5345
5274
5242
5154
4982
5191
5213
5194
5226
5071
5196
5087
5036
5042
4907
4888
4810
5032
5102
5122
5066
5039
5044
4880
4671
4664
4506
4585
4572
4620
4757
4776
4866
4831
4863
4888
4900
4990
5049
5075
5053
4977
4988
4840
4973
4960
4964
4985
5106
5160
5056
5139
5226
5465
5564
5431
5335
5331
5432
5455
5409
5417
5347
5407
5377
5445
5495
5500
5491
5570
5566
5653
5734
5662
5694
5673
5618
5509
5486
5596
5739
5889
5858
5946
5923
5840
5934
6066
6026
6103
6355
6417
6428
6602
6553
6749
6651
6415
6519
6160
6296
6133
6214
6168
6063
6019
6104
5901
5943
5818
5867
5886
5826
5957
5818
6126
6140
6211
6206
6227
6149
6179
6400
6191
6091
5902
6029
5998
6113
5978
6110
6271
6157
6090
6020
6064
6107
6019
6044
6098
6006
5998
5885
5904
5838
5863
6050
6116
6249
6063
6174
6033
6081
6161
6099
5835
5784
5775
5751
5946
6035
6105
5985
5851
5597
5508
5471
5314
5327
5222
5196
5050
4874
4796
4667
4794
4846
4844
4838
4782
4711
4596
4683
4620
4558
4468
4653
4764
4462
4430
4397
4396
4572
4589
4563
4589
4440
4338
4234
4278
4395
4430
4500
4565
4569
4585
4587
4709
4879
4832
5057
5108
5054
5087
5057
4887
4983
4949
5018
5096
5241
5186
5105
5162
5118
5092
5027
4951
4882
5105
5187
5145
5125
5219
5417
5388
5403
5429
5530
5472
5375
5434
5512
5431
5558
5472
5314
5315
5318
5392
5409
5363
5441
5654
5585
5592
5673
5582
5708
5750
5821
5652
5646
5568
5610
5771
5787
5854
5933
5922
5889
5825
6021
6108
6002
5995
6124
6209
6265
6353
6292
6297
6266
6246
6158
6164
6400
6282
6319
6346
6316
6329
6354
6472
6434
6554
6651
6658
6647
6670
6683
6583
6571
6576
6412
6301
6437
6624
6660
6637
6350
6395
6491
6404
6339
6369
6453
6353
6424
6488
6484
6519
6591
6698
6540
6528
6455
6393
6414
6188
6218
6290
6292
6359
6422
6522
6553
6686
6790
6806
6681
6681
6745
6678
6634
6902
6902
6671
6895
6983
6995
6867
6693
6558
6817
6897
6636
6631
6617
6527
6702
6810
6832
6758
6781
6746
6658
6546
6635
6704
6594
6487
6456
6280
6344
6374
6390
6265
6142
6224
6227
6221
6059
5993
5966
5849
5639
5598
5654
5721
5682
5805
5898
5976
5978
5946
5783
5705
5947
5974
6229
6209
6254
6362
6343
6534
6573
6377
6286
6459
6554
6571
6608
6585
6445
6454
6289
6326
6219
6215
6199
6110
6151
6029
5950
5932
5851
5900
5877
5923
5720
5778
5782
5648
5749
5778
5745
5694
5785
5727
5480
5576
5552
5645
5608
5638
5542
5555
5528
5559
5480
5496
5587
5558
5681
5624
5449
5531
5631
5621
5526
5498
5519
5443
5518
5552
5579
5418
5396
5261
5250
5114
5235
5316
5290
5387
5309
5402
5394
5412
5507
5346
5311
5157
5104
5242
5321
5217
5177
5011
5036
5110
5002
4992
4997
5003
4923
5016
4943
5058
5054
4954
4976
4913
4975
4859
4856
4834
4761
4636
4707
4584
4668
4721
4803
4717
4859
4789
4755
4677
4764
4949
4954
4960
5223
5269
5197
5315
5302
5162
5111
5146
5248
5270
5254
5394
5465
5526
5499
5682
5713
5643
5537
5482
5645
5733
5764
6046
6041
6157
6239
6260
6319
6292
6078
6040
5983
5982
5995
5859
5760
5906
5867
5991
6009
5919
5901
5975
5801
5765
5777
5662
5569
5571
5681
5649
5628
5549
5588
5675
5746
5704
5664
5515
5299
5084
5246
5188
5366
5364
5455
5476
5373
5493
5414
5360
5342
5447
5481
5453
5320
5179
5126
5141
5171
5406
5311
5254
5286
5370
5421
5282
5413
5329
5527
5581
5462
5475
5493
5542
5613
5694
5738
5727
5860
5901
5681
5736
5807
5763
5700
5754
5727
5654
5497
5439
5468
5226
5237
5280
5207
5111
5221
5165
5159
5175
5044
4983
4914
5006
5029
4911
4953
4859
4873
4930
4838
4831
4822
4884
4591
4723
4775
4759
4560
4545
4514
4588
4458
4298
4315
4404
4456
4379
4463
4390
4510
4530
4572
4451
4342
4391
4484
4469
4362
4267
4338
4386
4207
4318
4356
4291
4251
4170
4352
4519
4662
4829
4927
4991
5014
5154
5048
5004
4996
5189
5339
5338
5246
5286
5183
5188
5233
5278
5336
5345
5371
5413
5440
5316
5287
5420
5234
5121
5055
5093
5063
5215
5063
5017
4853
4942
4825
4871
4886
4738
4807
4777
4799
4765
4875
4945
5086
5173
5415
5451
5382
5544
5373
5265
5165
5126
5321
5289
5516
5575
5690
5593
5783
5653
5531
5738
5773
5780
5864
5971
5981
6215
6179
6327
6323
6386
6356
6163
6278
6285
6159
6091
5960
6090
5995
6143
6123
6212
6189
6190
6052
6055
6137
6113
6093
6142
6291
6401
6298
6376
6179
5989
5934
5810
5775
5698
5892
5774
5620
5550
5512
5473
5355
5220
5308
5365
5505
5389
5233
5129
5093
5308
5382
5323
5363
5340
5479
5382
5351
5137
5195
5144
5114
5254
5202
5194
5183
5082
5408
5629
5660
5635
5692
5815
5754
5705
5599
5482
5394
5386
5559
5571
5467
5298
5393
5346
5350
5364
5226
5211
5300
5329
5342
5256
5169
4999
5198
5274
5317
5345
5527
5751
5785
5750
5619
5687
5598
5356
5439
5334
5441
5209
5264
5094
5195
5150
5057
5140
4773
4894
5039
5005
4763
4701
4702
4655
4781
4805
4990
4922
4847
4937
4740
4611
4691
4871
4898
5032
5062
5183
5213
5336
5347
5458
5321
5283
5140
4987
4880
4877
4791
4869
4746
4740
4752
4830
5050
5013
4918
5018
5017
5006
5140
5247
5324
5397
5459
5481
5461
5487
5461
5378
5317
5328
5115
5079
5094
5091
5155
4993
5031
5220
5293
5279
5278
5166
5287
5276
5396
5602
5562
5534
5448
5420
5544
5545
5467
5512
5431
5392
5353
5386
5254
5217
5141
5017
5044
5171
5176
5230
5208
5147
5081
4959
5154
5103
5208
5121
5140
5108
4963
4953
4915
4963
4964
4948
4833
5006
5000
4925
4885
4886
5042
5013
5043
5133
5108
5107
5309
5130
5046
5023
5098
5231
5313
5276
5188
5320
5270
5333
5186
5172
5212
5267
5290
5456
5469
5448
5558
5464
5359
5391
5394
5472
5454
5516
5682
5720
5652
5611
5579
5347
5207
5277
5255
5046
5025
5041
4877
5056
5170
5129
5272
5360
5406
5529
5562
5688
5642
5665
5626
5703
5855
5879
5917
5861
5933
6017
6054
5958
5783
5958
6146
6219
6287
6391
6247
6152
6066
6087
6120
6176
6217
6125
6044
6127
6181
6340
6384
6494
6736
6771
6919
6611
6470
6750
6858
6813
6626
6706
6955
6957
6744
6675
6529
6445
6239
6117
6035
6006
6044
5938
5964
5970
5981
6046
5988
6033
6178
6250
6270
6174
6214
6288
6036
6186
6517
6483
6496
6538
6709
6819
6581
6753
6781
6882
6730
6638
6504
6337
6398
6403
6374
6435
6539
6510
6652
6545
6707
6683
6721
6446
6565
6546
6636
6694
6680
6805
6825
6847
6913
6933
6910
6996
7045
7024
6997
7221
7394
7450
7305
7233
7092
7197
7107
7246
7358
7480
7342
7338
7307
7332
7222
7263
7150
7138
7029
6996
6995
7000
7026
7018
6993
7021
7166
7004
6748
6641
6677
6618
6468
6462
6406
6442
6449
6520
6554
6595
6480
6612
6526
6537
6636
6493
6161
5983
6015
6020
6072
5874
5802
5908
5709
5522
5473
5266
5305
5247
5126
5285
5185
5133
5300
5401
5426
5458
5548
5612
5816
5788
5761
5720
5784
5893
5858
6184
6118
6225
6216
6017
5880
5897
5874
6018
6134
6120
6137
6096
6112
6218
6217
6237
6224
6255
6151
5890
5775
6017
6026
6107
5993
5958
5864
5950
5731
5482
5558
5803
5797
5913
5820
5979
5926
5778
5914
6037
6017
6012
6055
5886
5840
5627
5493
5587
5638
5620
5727
5756
5613
5498
5707
5504
5644
5629
5824
6022
6068
6124
6052
6176
6018
5862
5748
5654
5636
5522
5534
5490
5725
5850
5724
5827
5969
5766
5791
5887
5814
5808
5914
5942
5889
6004
5989
6169
6053
6047
5935
6002
6060
6032
5943
6054
6038
6112
6269
6207
6074
5793
5755
5625
5599
5441
5517
5682
5679
5587
5740
5628
5732
5732
5802
5833
5869
5734
5824
5792
5978
5746
5839
6048
6048
6012
5938
5902
5847
5867
5900
5857
5902
5757
5637
5649
5747
5806
5891
6018
5983
5916
5849
5847
5930
5932
5997
5856
5675
5772
5774
5769
5606
5549
5620
5497
5519
5637
5685
5800
5715
5864
5702
5858
5841
5917
6097
6011
6101
6133
5908
5861
5687
5762
5734
5794
5683
5601
5555
5407
5235
5221
5166
5215
5351
5422
5333
5312
5561
5745
5752
5846
5873
5911
5664
5688
5673
5598
5843
5886
5790
5831
5946
5816
5875
5854
5749
5546
5569
5455
5402
5304
5411
5489
5745
5719
5599
5611
5675
5527
5300
5409
5428
5601
5620
5486
5318
5259
5145
5036
5089
4994
5022
5116
5147
5019
5084
5283
5372
5503
5443
5218
5384
5338
5233
5256
5401
5613
5697
5874
5938
5852
5990
5918
5932
5933
5986
5893
5964
5884
5996
6045
6135
6031
6003
6033
6111
6119
6074
6108
6060
5842
5883
5817
6034
6069
5897
6048
6063
6175
6220
6254
6315
6488
6208
6213
6080
6347
6369
6248
6292
6245
6215
6370
6244
6431
6313
6259
6192
6251
6199
6353
6285
6287
6403
6413
6397
6538
6415
6524
6623
6634
6604
6475
6334
6231
6117
6234
6226
6230
6211
6312
6270
6297
6104
6185
6251
6236
6362
6292
6159
6232
6256
6268
6410
6450
6500
6417
6422
6655
6995
6875
6856
6865
6729
6663
6679
6537
6461
6478
6340
6294
6373
6337
6518
6609
6452
6634
6561
6428
6468
6169
6209
6170
6233
6224
6210
6103
6120
6372
6521
6478
6380
6352
6524
6485
6712
6710
6531
6602
6554
6482
6303
6372
6233
6198
6208
6362
6403
6566
6555
6650
6763
6695
6654
6793
6907
7075
7068
7027
7218
7275
7321
7008
7107
7192
7224
7408
7407
7270
7256
7161
7035
7097
7325
7307
7583
7637
7672
7467
7303
7338
7515
7688
7677
7670
7855
7773
7665
7643
7498
7528
7673
7501
7573
7484
7575
7693
7920
7985
8005
8040
8164
8188
8243
7973
8030
7964
7879
7996
7819
7570
7620
7723
7579
7663
7713
7913
7778
7782
7757
7708
7664
7567
7607
7786
7760
7703
7593
7555
7489
7451
7510
7375
7298
7302
7375
7508
7410
7399
7569
7433
7247
7082
6902
7105
7057
7048
7069
7065
6946
7055
7019
7007
6945
6997
6955
7003
6985
6608
6742
7029
7101
7016
6986
7008
7178
7169
7026
6926
6907
7073
7087
6986
6954
6970
6912
6906
7016
7018
7125
7246
6898
6817
6796
6876
7060
7138
7296
7077
7058
7015
6951
7010
7138
7132
7110
7227
7225
7312
7216
7297
7403
7391
7467
7410
7313
7147
7072
7220
6921
6949
6889
6982
6891
6945
7090
7251
7045
7062
6999
7008
6753
6726
6734
6713
6594
6683
6585
6686
6694
6633
6717
6560
6587
6560
6620
6702
6544
6763
6702
6766
6973
6838
6721
6859
6731
6780
6676
6802
6851
6767
6687
6855
6798
6860
6778
6673
6651
6602
6515
6614
6730
6792
6680
6791
6694
6616
6747
6642
6684
6746
6777
6735
6673
6639
6536
6563
6536
6393
6393
6265
6176
6317
6283
6189
6152
6100
6007
6075
6297
6413
6367
6310
6262
6319
6479
6193
5961
5928
6015
5909
5940
5964
5707
5614
5508
5544
5470
5696
5678
5499
5540
5808
5771
5843
5855
6026
6124
5994
5922
5837
5668
5696
5629
5647
5503
5359
5330
5447
5443
5523
5672
5675
5662
5615
5627
5558
5564
5595
5532
5483
5437
5475
5436
5349
5382
5527
5510
5591
5603
5537
5667
5567
5500
5535
5507
5572
5533
5477
5484
5606
5727
5665
5722
5548
5618
5623
5546
5563
5649
5666
5697
5993
5958
5963
5758
5759
5664
5702
5638
5611
5893
5938
6099
6204
6422
6532
6752
6730
6850
6867
6868
6892
6846
6721
6788
6871
6833
6847
6916
6917
6934
6856
6951
6817
6763
6648
6523
6586
6473
6520
6418
6478
6416
6293
6356
6446
6475
6497
6550
6479
6441
6322
6174
6151
6168
6190
6146
6086
6074
6192
6312
6340
6145
6208
6100
6015
6017
5894
6053
5996
5944
5927
6136
6022
6091
6110
6038
5968
6033
5944
5805
5666
5480
5580
5578
5658
5831
5818
5837
6009
6081
6012
6208
6263
6369
6413
6280
6212
6215
6161
6349
6143
6273
6271
6023
5961
6031
5933
5939
5875
5786
5836
5766
5771
5728
5693
5649
5535
5552
5396
5227
5252
5258
5396
5251
5150
5308
5243
5249
5314
5421
5269
5247
5228
5166
5138
5117
5126
5119
5102
5172
5143
5074
4818
4922
5011
5032
5028
5086
5063
5047
5028
5143
5248
5151
5142
5122
5070
5155
5185
5059
5112
4997
5056
5105
5155
5014
5107
5171
5048
4998
4989
4901
4821
4866
4943
5087
4837
4945
5040
5057
4854
4986
4841
4942
4833
4829
4797
4716
4646
4709
4699
4574
4442
4517
4554
4484
4390
4395
4450
4517
4557
4522
4567
4619
4607
4678
4747
4797
4570
4643
4663
4629
4521
4531
4686
4802
4907
4919
5106
5107
5122
5127
5237
5189
5191
5359
5345
5370
5236
5263
5445
5547
5625
5555
5747
5985
5997
5956
6042
6115
6011
6062
5940
5971
5934
5999
5984
5955
5764
6005
6037
5921
5937
5947
5946
5966
5847
5967
6091
6135
6103
6075
5834
6094
6029
5961
5835
5762
5781
5852
5714
5637
5686
5750
5938
5906
5977
5877
5981
5992
6025
5950
5796
5730
5774
5947
5870
5905
5900
5924
5931
6010
6006
5868
5795
5767
5936
5783
5996
5949
5985
5829
5869
5606
5618
5480
5558
5432
5479
5513
5542
5476
5475
5443
5408
5395
5430
5426
5384
5334
5317
5163
5147
5072
4898
5032
5066
5057
5105
5123
5019
4931
4884
4914
4683
4668
4645
4562
4537
4589
4484
4541
4608
4610
4460
4376
4537
4449
4335
4238
4232
4254
4314
4303
4328
4444
4412
4357
4340
4480
4492
4483
4489
4503
4474
4599
4711
4633
4661
4618
4599
4576
4586
4614
4659
4746
4695
4955
4873
4819
4962
4955
4976
4940
4940
4841
4788
4928
4803
4698
4716
4594
4632
4878
5070
5090
5046
5106
5125
5110
5140
5240
5108
5013
5151
5228
5209
5175
5258
5329
5148
5107
4977
5068
5142
5100
5016
5074
5152
5032
5026
5092
5174
4890
4871
4700
4656
4558
4714
4788
4754
4763
4807
4880
4786
4786
4923
4912
4807
4836
4900
4918
4910
4864
4631
4663
4775
4831
4921
4947
4991
4998
4788
4833
4783
4775
4721
4709
4776
4807
4900
4853
4914
4920
5053
5045
4813
4883
4867
4718
4695
4692
4655
4643
4761
4935
5056
4809
4727
4701
4641
4604
4653
4701
4669
4832
4838
4874
4851
4853
4861
4921
5044
5254
5191
5175
5131
5054
5058
4911
4748
4703
4738
4786
4714
4719
4708
4866
5007
5047
4973
5157
5266
5210
5027
5052
5086
5104
5098
5167
5243
5256
5476
5467
5516
5493
5569
5567
5621
5538
5665
5727
5789
5833
6125
6286
6204
6253
6254
6440
6311
6400
6480
6604
6531
6418
6356
6324
6245
6204
6173
6262
6475
6483
6331
6377
6315
6543
6457
6461
6518
6382
6276
6216
6423
6327
6444
6462
6439
6314
6296
6381
6504
6543
6606
6461
6063
5989
5991
5853
5897
5818
5973
5978
5985
6086
5863
5785
5832
5908
5916
5683
5754
5813
5706
5750
5804
5669
5780
5695
5644
5593
5718
5771
5714
5666
5760
5627
5594
5584
5605
5585
5687
5633
5606
5668
5676
5759
5776
6017
5852
5998
5961
5795
5963
5964
5985
5921
5917
6055
6079
5992
6088
6178
6058
6221
6349
6468
6718
6710
6601
6632
6515
6491
6387
6289
6233
6159
6265
6176
6111
6084
5995
6139
6302
6243
6148
6057
6204
6344
6334
6305
6286
6142
6143
6036
6020
5800
5855
5791
5945
5926
5879
5824
5799
5835
5770
5823
5783
5647
5554
5538
5699
5845
5801
5861
5907
6085
6201
6206
5994
6011
5889
6016
6048
6112
5976
6013
5955
6041
5821
5919
5823
5878
5941
5768
5905
5857
5855
5839
5666
5769
5667
5743
5773
5672
5874
5832
5848
5942
5863
5824
5749
5648
5704
5608
5698
5726
5784
5792
5787
5723
5784
5796
5916
5745
5873
5722
5787
5897
5879
5981
6017
5959
5929
5983
6114
6283
6323
6417
6377
6658
6851
6825
6898
6993
6950
6985
7029
6881
7073
7102
7034
7001
6882
6945
6990
6797
6932
6810
6753
6612
6475
6332
6269
5961
5922
5894
5908
5907
5795
5858
5931
5932
6096
6058
6147
5966
6048
5898
5791
5678
5685
5785
5757
5792
5766
5786
5638
5686
5823
5892
5928
5974
6136
6103
6297
6184
6388
6602
6665
6577
6584
6397
6405
6380
6404
6417
6550
6365
6430
6402
6509
6453
6534
6575
6561
6467
6525
6354
6264
6025
5983
6080
6073
6159
6083
5920
5892
5978
6154
6066
6014
5879
5746
5654
5438
5497
5688
5572
5577
5604
5592
5667
5825
5897
6037
6161
5938
5876
5831
5723
5598
5666
5557
5641
5625
5749
5902
6018
5994
6132
6335
6073
5887
5906
5936
6111
6126
6081
5956
5829
5863
5648
5624
5519
5645
5704
5467
5496
5504
5599
5652
5538
5521
5533
5661
5623
5605
5635
5568
5551
5535
5520
5610
5622
5836
5790
5804
5782
5741
5673
5680
5590
5533
5684
5760
5819
5657
5451
5476
5621
5571
5649
5736
5782
5826
5665
5663
5732
5897
5990
6040
5938
5841
5852
6003
5865
5879
5835
5666
5731
5853
5854
5906
6058
6016
6026
5893
5795
5658
5743
5794
5783
5543
5619
5461
5426
5535
5513
5606
5459
5337
5377
5525
5559
5583
5470
5373
5356
5258
5228
5241
5066
5017
4900
4819
4988
4925
5140
5117
5087
5090
5160
4908
4873
4805
4951
4901
4865
4769
4942
4912
4902
4854
4872
4658
4496
4445
4366
4437
4274
4453
4522
4757
4657
4664
4694
4746
4786
4760
4594
4736
4798
4786
4760
4914
4833
4688
4745
4635
4610
4539
4463
4458
4578
4475
4483
4392
4301
4316
4282
4289
4353
4348
4494
4333
4207
4269
4226
4285
4335
4255
4291
4417
4537
4674
4702
4831
4930
4941
4987
4929
4848
4993
4810
4791
4811
4927
5059
5055
5193
5291
5119
5156
5143
5094
5092
4929
5084
5033
5005
4893
4861
4831
4808
4864
5050
5142
5117
5044
5239
5392
5508
5566
5661
5667
5653
5618
5493
5650
5614
5887
5700
5643
5623
5608
5639
5763
5870
5771
6043
5928
5939
5787
5548
5511
5528
5520
5420
5374
5625
5485
5453
5377
5364
5391
5362
5194
5182
5085
5165
5063
5121
5076
5022
5069
5163
5101
5020
5125
5080
5045
4981
4826
4767
4804
4898
4940
5006
4843
4901
5085
5211
5123
5201
5286
5288
5421
5477
5408
5559
5585
5523
5600
5596
5568
5585
5602
5572
5503
5330
5305
5431
5452
5243
5254
5093
5259
5371
5448
5410
5597
5493
5594
5619
5519
5485
5550
5540
5698
5781
5892
5891
5968
5986
6043
5967
6060
6050
6213
6049
6176
6240
6361
6305
6290
6313
6151
6105
6184
6090
6028
6008
6038
5967
5891
5828
5925
5837
5947
5895
5799
5735
5761
5759
5871
5991
5856
6008
6110
5935
5954
6024
6067
5988
6010
6101
6012
5986
5838
5913
5944
5695
5630
5647
5794
5760
5810
5751
5659
5529
5528
5698
5708
5769
5626
5467
5481
5564
5331
5232
5146
5098
4962
4907
4978
5046
4999
4911
4925
4729
4666
4497
4603
4553
4623
4735
4776
4772
4781
4833
4868
4817
4654
4305
4618
4652
4695
4723
4767
4694
4451
4524
4591
4678
4733
4634
4550
4558
4462
4547
4638
4605
4719
4658
4640
4706
4717
4646
4688
4670
4568
4571
4508
4443
4449
4347
4389
4244
4362
4291
4343
4361
4351
4420
4326
4428
4588
4524
4584
4613
4704
4884
5000
5040
5218
5321
5283
5168
5301
5395
5409
5333
5283
5325
5272
5121
5232
5108
5234
5151
5135
5225
5177
5239
5260
5332
5511
5541
5479
5690
5645
5495
5606
5679
5633
5626
5709
5689
5714
5878
5841
6023
5957
5797
5894
5881
5809
5820
6002
5986
6124
6282
6449
6693
6651
6608
6583
6772
6720
6864
6818
6629
6601
6573
6715
6740
6945
7021
6896
6943
6956
6991
6918
6857
6577
6707
6915
6715
6813
6961
6686
6701
6756
6973
7049
7121
7116
7117
7200
7091
7053
7029
7107
7365
7224
7334
7473
7419
7483
7724
7462
7528
7664
7824
7964
8124
8248
8353
8178
8330
8386
8591
8695
8827
8766
8602
8411
8297
8267
8150
8287
8249
8280
8248
8275
8158
7986
8062
8183
8089
8355
8177
8048
7879
7673
7613
7849
7822
7805
7700
7559
7771
7789
8006
7932
8066
8160
7939
8103
8059
7852
7684
7556
7578
7674
7564
7525
7647
7507
7512
7201
7191
7233
7190
7350
7275
7256
7321
7186
7250
7250
7507
7410
7567
7505
7441
7322
7219
7287
7216
7228
7129
6976
7079
7033
7058
6909
6935
6875
6935
6855
6941
6979
7105
6954
6902
6895
6769
6706
6797
6673
6623
6586
6456
6555
6600
6394
6264
6233
6058
5981
5961
5997
5722
5773
5871
5871
5929
6273
6323
6257
6375
6330
6403
6461
6489
6514
6369
6116
6085
6041
6023
5823
5769
5635
5875
5878
5852
5810
5646
5495
5451
5499
5473
5525
5652
5724
5752
5711
5730
5498
5595
5516
5556
5293
5515
5571
5517
5553
5445
5429
5476
5350
5298
5375
5266
5197
5256
5308
5251
5397
5486
5395
5274
5171
5123
5252
5161
5169
5071
5101
5144
5093
5286
5379
5415
5342
5426
5365
5422
5370
5184
5083
5045
4869
5021
5007
5107
5113
5046
5139
5232
5242
5252
5317
5445
5152
5275
5225
5078
5096
4997
5105
4988
5076
4957
4813
5008
5210
5197
5173
5230
5285
5312
5264
5430
5407
5392
5297
5363
5356
5202
5212
5244
5310
5333
5268
5238
5101
5111
5435
5525
5508
5488
5450
5364
5404
5429
5360
5453
5333
5243
5337
5328
5273
5313
5286
5409
5443
5512
5664
5608
5532
5421
5275
5339
5149
5286
5299
5283
5243
5265
5409
5431
5545
5670
5708
5780
5866
5970
6056
6325
6047
6192
6196
6265
6405
6307
6459
6550
6624
6662
6595
6790
6680
6591
6473
6656
6788
6900
6825
6983
7174
7126
7046
7057
7272
7536
7548
