1005000
265827
173112
128221
102501
84741
71652
62076
55206
50094
45427
41822
37909
35092
32509
30220
27629
26172
25012
23516
22092
21066
20342
19322
18304
17738
17197
16562
16112
15830
15256
14953
14194
13774
13346
13069
12699
12494
12196
12257
11790
11503
11263
11150
11193
10926
10848
10670
10580
10388
9962
9906
9714
9507
9413
9120
8601
8452
8266
8012
7989
7829
7640
7484
7176
7139
7116
6951
6731
6832
6471
6340
6283
6229
6271
6320
6533
6538
6525
6461
6195
6187
6264
6295
6217
6205
6046
6020
5931
5778
5623
5467
5511
5409
5350
5474
5406
5422
5285
5172
5324
5352
5327
5353
5298
5474
5555
5374
5193
5313
5124
5198
5085
4977
5094
4836
4972
4910
4884
4897
4725
4656
4720
4641
4593
4554
4356
4202
4075
4029
3885
3911
3888
3776
3651
3787
3625
3670
3694
3691
3773
3701
3856
3901
4040
4033
4097
4150
3989
3915
3828
3793
3858
3988
3981
3816
3999
3946
3859
3953
3987
3837
4008
3965
3885
3795
3664
3585
3670
3609
3601
3731
3749
3833
3752
3675
3625
3742
3844
3925
4004
4061
4072
4080
4072
4123
4119
4084
4090
4208
4189
4191
4181
4244
4146
4215
4296
4261
4224
4257
4224
4123
4165
4138
4104
4123
4273
4401
4381
4186
4342
4286
4324
4243
4204
4152
4199
4163
4178
4099
4153
4178
4177
4251
4337
4302
4067
4060
3988
3940
3989
4015
4110
3943
3896
3860
3901
3928
3861
3940
3925
3811
3835
3711
3702
3726
3802
3673
3795
4051
4120
4036
3936
3978
4066
4293
4301
4281
4316
4346
4470
4399
4319
4455
4441
4543
4540
4542
4432
4380
4339
4282
4252
4162
4043
4046
3947
3889
3989
3895
3923
3934
4010
3929
3952
3873
4042
3979
3999
4032
4086
4012
4018
4126
4265
4186
4127
4080
4148
4246
4217
4207
4114
4027
4165
4109
4044
3906
3904
3894
3732
3637
3629
3640
3676
3699
3596
3723
3827
3865
3869
3923
3959
4056
3938
4109
4158
4265
4279
4424
4498
4541
4476
4460
4289
4250
4156
4082
4258
4368
4454
4603
4671
4612
4747
4721
4734
4899
5013
5003
4939
5033
5036
4933
4769
4623
4683
4637
4811
4816
4772
4835
4852
4794
4831
4904
4910
4932
4988
4904
4748
4989
5066
5135
5086
5060
5063
5018
5128
5167
5338
5319
5331
5271
5354
5364
5376
5437
5412
5410
5334
5375
5255
5280
5293
5155
5163
5271
5106
4957
4996
4884
4735
4815
4830
4879
5067
5125
5204
5111
5024
5225
5124
5028
4875
4934
4918
5004
4937
4860
4844
4917
4750
4645
4717
4740
4805
4808
4775
4713
4753
4756
4735
4813
4732
4557
4719
4551
4631
4650
4728
4737
4743
4905
5017
4852
4884
4878
4826
4884
4812
4729
4615
4591
4570
4636
4693
4747
4730
4695
4911
5065
5075
5007
4873
4791
4796
4687
4676
4699
4662
4603
4408
4500
4579
4559
4638
4571
4596
4783
4763
4749
4850
4776
4714
4694
4799
4827
4789
4691
4433
4535
4703
4745
4650
4687
4827
4799
4666
4686
4731
4760
4800
4750
4711
4525
4547
4641
4699
4801
4757
4926
4873
4908
4837
4755
4772
4937
5114
5142
5177
5165
5013
5071
5130
5021
5091
5111
5321
5333
5468
5610
5495
5484
5426
5318
5531
5566
5656
5613
5751
5615
5660
5568
5465
5367
5469
5270
5397
5412
5474
5546
5590
5683
5637
5691
5493
5450
5465
5438
5522
5453
5539
5562
5557
5455
5405
5734
5855
5939
6168
6314
6282
6272
6060
6043
5976
6064
6090
6190
6200
6346
6455
6376
6363
6336
6250
6375
6488
6407
6529
6481
6355
6501
6530
6635
6628
6727
6664
6387
6418
6382
6384
6443
6760
6747
6744
6753
6628
6609
6594
6690
6815
6912
6920
6844
6923
6818
6695
6694
6626
6519
6635
6624
6560
6489
6614
6535
6423
6448
6390
6319
6350
6262
6120
6210
6149
6150
6107
6218
6220
6483
6362
6191
6361
6331
6514
6444
6423
6416
6426
6422
6478
6491
6557
6420
6280
6419
6567
6506
6413
6353
6241
6255
6300
6411
6478
6506
6218
5961
5955
6053
6024
5937
5871
5919
5914
5995
6118
6202
6185
6104
6048
6178
6169
6176
6093
5953
5892
5814
5957
5972
5927
6019
5829
5969
5999
5884
5771
5881
5882
5855
5790
5842
5736
5759
5828
5613
5573
5613
5578
5543
5586
5797
5974
5796
5832
5779
5701
5671
5741
5723
5817
5901
5962
5848
5743
5697
5708
5831
5716
5679
5619
5577
5670
5669
5666
5849
6003
6064
6354
6195
6152
6146
6129
5976
6210
6327
6612
6460
6524
6396
6363
6569
6738
6758
6909
7079
7278
7195
7087
7117
7027
6934
6880
6761
6732
6835
6626
6760
6688
6632
6580
6468
6641
6515
6607
6629
6699
6691
6630
6525
6551
6677
6631
6708
6557
6525
6641
6715
6415
6390
6364
6379
6348
6404
6275
6414
6409
6487
6255
6147
5856
5899
5870
5965
5916
5996
6154
6159
5973
5908
5995
6022
6141
6178
6176
6069
6170
6218
6364
6271
6287
6414
6467
6509
6405
6415
6506
6480
6335
6267
6082
5851
5842
5505
5347
5374
5465
5503
5596
5602
5457
5461
5290
5236
5268
5185
5181
4965
4881
5039
5149
5485
5417
5555
5688
5714
5750
5579
5681
5629
5573
5477
5423
5217
5214
5313
5149
5333
5645
5462
5701
5764
5691
5706
5599
5643
5503
5605
5686
5734
5958
5913
5979
5976
6132
6150
6265
6132
6387
6439
6543
6549
6761
6831
6812
6800
7037
6977
7120
7175
7099
7240
7276
7368
7455
7555
7611
7816
7892
7885
7811
7763
7708
7625
7678
7592
7693
7473
7641
7654
7566
7429
7117
7016
7110
7128
6881
6858
6665
6409
6405
6193
6174
6194
6295
6252
6434
6362
6266
6101
5939
6100
5985
6134
6228
6298
6314
6389
6465
6474
6557
6602
6587
6789
6714
6623
6508
6614
6461
6466
6499
6438
6480
6634
6414
6196
5924
5767
5760
5997
6097
6154
6184
6138
6200
6021
6083
6013
5979
5921
6168
6161
6079
5904
5874
5670
5665
5482
5493
5406
5462
5693
5856
5948
5880
5880
5812
5739
5560
5561
5403
5275
5226
5388
5335
5498
5462
5362
5358
5262
5083
5263
5344
5399
5436
5696
5759
5643
5710
5857
5724
5766
5797
5855
5849
5717
5728
5701
5568
5712
5648
5591
5647
5617
5468
5528
5632
5737
5618
5476
5601
5357
5292
5428
5427
5368
5264
5244
5319
5264
5198
5226
5330
5363
5414
5306
5369
5489
5608
5508
5585
5532
5637
5749
5894
5912
5994
5972
5891
5890
5903
5786
5649
5731
5824
5906
6055
6001
6215
6124
6111
6024
5875
5912
5722
5759
5637
5518
5553
5715
5886
5770
5793
5828
5858
5877
5942
6155
6110
6098
5924
5771
5663
5726
5861
5816
5711
5722
5794
5729
5863
5934
5889
5751
5577
5419
5421
5460
5564
5623
5563
5561
5461
5462
5454
5458
5524
5625
5623
5637
5522
5667
5520
5480
5309
5305
5283
5173
5248
5238
5319
5407
5326
5205
5378
5293
5526
5445
5333
5385
5347
5297
5118
5156
5193
5124
5093
5073
5069
5207
5257
5202
5260
5531
5458
5403
5388
5328
5213
5143
5051
4943
4980
4764
4901
4951
5023
4909
5059
5141
5309
5367
5319
5394
5334
5328
5368
5232
5246
5334
5462
5495
5603
5452
5552
5622
5712
5615
5739
5703
5892
5828
5807
6125
6138
6315
6448
6455
6498
6420
6426
6219
6090
6023
6056
5905
5846
5844
5801
6024
5997
6219
6201
6076
5983
6030
6171
6107
6265
6227
6253
6239
6231
6278
6306
6288
6227
6195
6132
6170
6139
6061
6138
6101
6019
6255
6379
6248
6208
6038
6124
6088
6266
6207
6214
6247
6086
6113
6239
6325
6596
6609
6497
6428
6459
6509
6562
6627
6608
6608
6614
6726
6588
6742
6704
6634
6692
6582
6549
6624
6556
6589
6555
6613
6520
6505
6677
6791
6642
6614
6693
6543
6537
6514
6568
6621
6814
6727
6723
6577
6649
6885
6961
6946
6798
6712
6630
6338
6204
6462
6419
6267
6279
6135
6127
6087
6057
6057
6032
6064
5815
5807
5703
5907
5688
5663
5503
5349
5529
5458
5500
5651
5696
5879
6034
6116
6161
6079
6164
5984
5960
6013
6042
5986
5958
5984
6173
6133
6272
6272
6246
6198
6355
6377
6471
6565
6358
6528
6649
6563
6520
6525
6447
6572
6701
6623
6687
6810
6852
6815
6878
6838
6653
6522
6556
6720
6662
6627
6540
6644
6623
6615
6412
6457
6369
6625
6348
6396
6303
6373
6298
6337
6359
6340
6319
6305
6386
6082
6050
5992
6084
5881
6032
6057
6070
6025
6066
6076
6055
6202
6207
6102
5880
5894
6042
6151
6400
6446
6374
6381
6401
6568
6451
6356
6531
6518
6453
6309
6194
6318
6103
6078
6071
5956
6067
5906
5761
5914
5711
5671
5856
5625
5606
5776
5900
5819
5846
5913
5875
5833
5689
5711
5906
6031
6196
6087
6025
5915
5936
5753
5862
5838
5859
5870
6022
5994
6143
5944
6015
6058
6027
6163
6094
5882
5695
5764
5939
5895
5978
6032
6207
6230
6124
6065
5991
6080
6304
6491
6578
6729
6938
6849
6875
7012
6890
6920
6860
6951
6900
6749
6831
6543
6270
6212
6183
6317
6044
6022
5905
5776
5901
5969
5869
6041
6110
6096
6111
6047
6064
6098
6103
6256
6140
6177
6287
6233
6352
6458
6597
6566
6590
6609
6498
6498
6351
6260
6073
6088
6248
6245
6234
6130
6004
5908
5720
5706
5790
5844
5731
5925
5536
5606
5731
5682
5705
5487
5573
5613
5711
5593
5425
5454
5341
5281
5191
5081
5192
5165
5137
5023
5177
5171
5108
5041
4919
5030
5065
4980
4964
5050
5075
5006
4966
4894
4946
5021
5030
5116
5070
5157
5278
5350
5383
5512
5558
5449
5571
5619
5731
5860
5980
5832
5879
5937
5819
5829
5695
5651
5553
5605
5577
5630
5792
5795
5629
5669
5664
5671
5671
5764
5899
5925
6066
6089
6108
6091
5991
5896
5812
5702
5615
5676
5639
5520
5530
5556
5577
5484
5381
5456
5338
5306
5163
5122
4888
4820
4930
4885
4775
4876
4806
4735
4657
4673
4671
4657
4803
4809
4748
4738
4618
4736
4693
4930
5008
4974
5083
5101
5224
5294
5244
5119
5062
5180
5129
5294
5512
5636
5469
5468
5531
5434
5361
5347
5316
5510
5437
5519
5685
5735
5851
5929
5866
5793
5699
5691
5644
5682
5618
5589
5632
5684
5656
5798
5878
5764
5785
5708
5661
5782
5719
5558
5703
5610
5451
5631
5457
5576
5541
5481
5408
5448
5405
5492
5641
5674
5809
5818
5925
5940
5978
6103
6078
6068
6129
6089
6120
6223
6126
6269
6271
6124
6047
5992
5906
5983
6081
6415
6452
6426
6519
6563
6670
6541
6602
6573
6475
6364
6177
6183
6179
6200
6236
6277
6400
6370
6541
6749
6557
6474
6372
6425
6542
6320
6351
6196
6322
6236
6211
6255
6525
6651
6668
6506
6368
6154
6319
6282
6362
6537
6607
6519
6367
6379
6316
6326
6253
6291
6244
6178
6282
6197
6293
6184
6354
6565
6406
6445
6535
6548
6643
6763
6675
6623
6677
6645
6602
6391
6231
6199
6162
6145
6142
6026
5994
5791
5882
5897
5790
5720
5767
5621
5689
5710
5686
5713
5776
5916
6098
6221
6282
6306
6447
6391
6386
6151
6106
6197
6086
6081
5922
5831
5933
5906
5707
5699
5703
5919
5999
5909
5980
5942
5990
6039
5922
5832
5701
5635
5803
5861
5823
5869
5774
5730
5803
5765
5711
5645
5551
5583
5516
5487
5667
5602
5535
5664
5553
5469
5437
5288
5146
5070
5137
4774
4703
4821
4830
4759
4790
5008
4942
5209
5160
5073
5142
5086
5074
5252
5404
5332
5160
5294
5263
5112
5030
5053
5081
5107
5200
5226
5160
5048
5008
5146
5077
5028
5207
5307
5149
5092
5143
4905
4823
5025
4886
4896
5005
5126
5166
5198
5124
4913
4862
4709
4849
4970
4897
4877
4840
4937
5132
5022
5072
4952
4952
4924
5023
4906
4829
4826
4605
4552
4589
4621
4555
4564
4575
4522
4441
4364
4353
4310
4367
4325
4430
4409
4308
4223
4313
4543
4627
4446
4334
4481
4438
4280
4447
4372
4317
4472
4636
4688
4671
4634
4585
4531
4592
4656
4720
4685
4837
4794
4848
4883
4962
5060
4856
4985
4923
4841
4761
4804
4733
4845
4742
4644
4648
4543
4366
4424
4618
4796
4811
4876
4614
4585
4549
4711
4589
4526
4484
4458
4421
4297
4342
4342
4361
4408
4482
4489
4517
4558
4352
4359
4181
4223
4297
4273
4357
4368
4403
4447
4389
4343
4176
4150
4124
4059
3869
3911
3980
3974
4071
4121
4124
4172
4055
4081
4006
3760
3720
3871
3860
3867
3804
3828
3951
3983
3913
3958
4000
3928
3877
3882
3885
3973
3979
4066
4074
4117
4106
4107
4188
4167
4124
4058
4083
4074
3987
4162
4194
4227
4305
4290
4280
4111
4025
4151
4093
4070
3983
3973
4037
3992
4034
4107
4260
4410
4677
4780
4579
4634
4651
4636
4691
4754
4910
4917
4887
4865
4784
4740
4761
4951
5095
5091
5250
5254
5293
5230
5288
5266
5170
5191
5035
5165
5003
4980
5137
5262
5337
5407
5314
5376
5344
5353
5377
5319
5188
5218
5182
5229
5235
5136
5177
5211
5375
5401
5218
5255
5108
5082
5140
5085
5150
5124
5061
5035
5034
5166
5167
5166
5159
5016
4968
5061
5086
5212
5335
5070
5056
5150
5208
5155
5178
5389
5462
5403
5614
5600
5531
5611
5575
5566
5488
5481
5398
5376
5429
5433
5382
5391
5549
5498
5435
5665
5722
5920
5867
6042
5967
6128
6218
6293
6304
6430
6335
6372
6468
6531
6397
6372
6581
6528
6474
6382
6499
6517
6381
6313
6443
6315
6046
6076
6131
6058
6083
5989
6064
6185
6274
6152
6134
6194
6224
5963
6117
5888
5821
5780
5763
5846
5817
5783
5868
5851
5898
5958
5813
5669
5484
5638
5676
5559
5614
5548
5709
5574
5792
5794
5807
5955
6116
6139
6267
6284
6255
6509
6417
6248
6308
6522
6495
6425
6550
6519
6463
6352
6322
6386
6394
6340
6202
6215
6136
6094
6010
6069
6148
6100
6137
6191
6095
6001
5778
5679
5650
5664
5699
5632
5649
5705
5767
5814
5872
5959
6176
6264
6225
6275
6047
6184
6219
6353
6575
6824
6995
7056
7017
6761
6734
6581
6606
6685
6628
6729
6573
6643
6523
6654
6588
6650
6464
6331
6267
6284
6206
6246
6287
6401
6272
6330
6397
6252
6186
6270
6085
6017
5851
5834
5798
5717
5700
5829
5861
5805
5605
5670
5488
5665
5646
5570
5630
5605
5456
5488
5276
5278
5468
5452
5331
5343
5550
5406
5292
5276
5380
5445
5479
5608
5603
5714
5636
5746
5675
5619
5661
5854
5648
5570
5447
5521
5631
5715
5735
5927
5815
5847
5792
5763
5904
5832
5821
5877
5982
5831
5728
5606
5607
5451
5353
5410
5341
5395
5351
5240
5258
5287
5295
5300
5330
5214
5131
5232
5255
5303
5447
5270
5305
5131
5394
5088
5116
4991
4854
4661
4593
4591
4555
4545
4444
4623
4715
4623
4749
4859
4931
4889
4805
4902
5028
4992
4913
4826
4869
4966
4920
5013
5085
5084
5207
5121
5200
5261
5388
5345
5381
5479
5413
5537
5430
5205
5249
5224
5052
5229
5240
5144
5064
5254
5376
5464
5410
5435
5600
5672
5603
5440
5646
5831
5876
5852
5757
5849
5812
5745
5836
5990
5838
5763
5566
5506
5536
5616
5609
5445
5468
5493
5441
5571
5665
5643
5574
5698
5645
5620
5583
5443
5343
5443
5612
5600
5806
5781
5730
5654
5860
5906
5917
5792
5644
5658
5517
5458
5501
5694
5574
5579
5473
5476
5472
5340
5332
5206
5303
5349
5293
5176
5216
5190
5284
5110
5232
5180
5330
5425
5471
5548
5605
5408
5455
5390
5475
5552
5523
5196
5122
4959
4890
4654
4718
4791
4839
4796
4763
4754
4755
4729
4698
4759
4725
4889
4780
5058
4922
4939
4913
4906
4825
4669
4848
4890
4780
4689
4793
4754
4806
4907
5053
4910
4897
5000
5146
5399
5401
5363
5330
5183
5183
5244
5347
5354
5315
5174
5190
5410
5421
5571
5792
5862
5691
5788
5772
5928
5880
5854
5742
5912
5936
6017
6088
5901
5932
5892
5898
5830
5888
6006
6324
6526
6503
6523
6676
6758
7015
7002
6956
7079
6938
6856
6857
6772
6933
7060
6918
7071
6939
6952
6696
6627
6606
6430
6251
6338
6375
6275
6221
6410
6360
6386
6570
6548
6584
6633
6671
6756
6727
6773
6669
6698
6705
6624
6487
6442
6372
6258
6296
6271
6346
6405
6463
6563
6375
6206
6240
6103
6115
6168
6150
6224
6164
6079
6247
6172
6297
6352
6435
6363
6350
6349
6412
6292
6447
6472
6369
6597
6591
6433
6467
6392
6225
6224
6274
6009
6186
6188
6038
5975
5960
5728
5747
5683
5668
5738
5819
5734
5744
5681
5604
5681
5555
5634
5622
5580
5508
5724
5814
5975
5926
5832
5918
6007
6060
5930
5748
5612
5762
5921
5727
5539
5543
5379
5260
5398
5389
5331
5166
5123
5133
5204
5179
5105
5091
5107
5093
5173
5323
5207
5280
5237
5255
5293
5312
5340
5267
5287
5203
5117
4963
4981
4888
4981
4883
4984
5007
4973
4931
5002
4904
4957
4894
4906
5005
5112
5048
5139
5084
5054
5062
4909
4878
4877
4900
4865
4819
4702
4701
4743
4819
4896
4924
4948
5009
4899
4892
4860
4976
4958
4869
4958
5034
4952
4843
4779
4760
4888
4950
4998
4851
5070
4875
4937
4997
5007
5128
5301
5214
5182
5255
5052
5041
5096
5003
5044
5290
5156
5081
5068
4977
4836
4791
4726
4754
4859
4825
4779
4822
4807
4791
4756
4882
4696
4748
4831
4897
4831
4784
4672
4664
4679
4594
4543
4561
4559
4615
4447
4463
4409
4564
4511
4729
4790
4973
4851
4750
4831
4961
4939
5045
5003
5051
5022
5060
5013
4997
5124
5207
5277
5340
5455
5559
5586
5653
5694
5839
5931
5923
5793
5764
5682
5799
5918
5753
5704
5626
5531
5442
5414
5217
5481
5461
5411
5500
5776
6014
5825
5742
5710
5582
5659
5627
5504
5348
5463
5498
5522
5570
5770
5750
5665
5685
5650
5427
5341
5268
5251
5188
5332
5300
5368
5602
5438
5390
5389
5344
5487
5366
5401
5384
5351
5275
5352
5440
5197
5218
5179
5189
5157
5355
5384
5370
5546
5466
5519
5671
5547
5551
5731
5675
5663
5734
5628
5531
5603
5701
5719
5806
5865
5815
5559
5445
5568
5494
5543
5528
5561
5531
5498
5642
5582
5607
5788
5827
6066
6052
5927
5962
6093
6333
6252
6355
6373
6622
6550
6587
6518
6264
6560
6625
6574
6562
6520
6395
6420
6347
6224
6152
6064
6129
6352
6336
6479
6519
6430
6388
6547
6606
6580
6685
6768
6662
6492
6386
6314
6432
6146
6041
5864
5647
5666
5565
5516
5324
5351
5340
5467
5417
5371
5362
5317
5407
5410
5516
5356
5408
5376
5642
5794
5894
5793
5757
5847
5666
5671
5827
6046
5866
5682
5584
5520
5521
5327
5342
5516
5534
5624
5576
5593
5717
5740
5725
5844
5696
5631
5522
5447
5556
5502
5387
5496
5526
5513
5346
5340
5262
5224
5309
5329
5361
5308
5231
5319
5473
5430
5652
5679
5764
5621
5368
5209
5178
5357
5442
5458
5364
5349
5379
5502
5553
5582
5435
5306
5110
5152
5166
5188
5061
4903
5007
5061
5348
5291
5406
5390
5242
5208
5310
5242
5252
5213
5019
4968
4953
4962
5047
5009
4988
4969
4965
4910
4938
4849
5027
4911
5036
4909
4797
4843
4635
4499
4552
4452
4445
4468
4405
4379
4510
4641
4777
4804
4924
4865
4818
4757
4674
4749
4774
4698
4743
4858
4833
4834
4696
4708
4577
4613
4734
4747
4690
4641
4592
4571
4505
4520
4493
4591
4641
4736
4884
4828
4752
4650
4651
4654
4740
4745
4779
4848
4878
4893
4887
4845
4901
4836
4784
4752
4858
4866
4925
4904
4833
4579
4502
4349
4222
4150
4005
4041
4004
3941
3978
4097
4064
4113
4125
4240
4312
4285
4292
4145
4240
4208
4230
4154
4333
4280
4304
4314
4144
4242
3938
3845
3907
3983
4057
4100
4171
4081
4050
3976
3858
3997
4035
3935
3976
4118
4137
4107
4109
4035
4087
4232
4196
4157
4172
4319
4520
4527
4450
4377
4369
4362
4421
4535
4521
4372
4427
4506
4528
4400
4470
4564
4530
4557
4755
4832
4888
4903
5003
5046
5098
5182
5211
5216
5078
4936
4968
4923
5130
5098
5041
5065
5013
5007
4896
4926
4913
5040
5241
5433
5537
5654
5680
5745
5714
5799
5615
5719
5563
5669
5668
5478
5373
5307
5203
5235
5353
5387
5344
5245
5282
5075
5084
5101
5321
5379
5468
5485
5434
5432
5616
5458
5448
5517
5631
5573
5547
5385
5453
5567
5569
5478
5557
5399
5393
5386
5543
5559
5614
5513
5510
5457
5595
5671
5667
5655
5349
5427
5384
5321
5474
5473
5457
5415
5366
5437
5555
5596
5678
5498
5335
5438
5456
5279
5305
5273
5282
5250
5374
5359
5347
5240
5250
5239
5081
5202
5272
5205
5090
5150
5122
5086
5239
5164
5238
5396
5463
5391
5364
5221
5334
5315
5563
5888
5765
5662
5778
5928
5843
5836
5733
5774
5762
5763
6071
6146
6146
6101
5984
6104
5894
5976
5971
6046
5853
6110
5987
6052
5897
5944
6174
6113
6140
6112
6193
6275
6236
6194
6169
6373
6282
6267
6490
6506
6621
6681
6730
6753
6630
6497
6650
6741
6853
6796
6821
7050
7214
7284
7482
7377
7286
7399
7532
7549
7612
7436
7512
7663
7579
7696
7663
7485
7646
7734
7772
7749
7813
7827
7733
7605
7667
7775
7821
7731
7704
7704
7692
8023
8025
8192
8242
8257
8201
8173
8129
8119
8251
8159
8059
8011
7978
8040
8229
8521
8332
8524
8578
8539
8495
8574
8604
8492
8460
8498
8231
8179
8133
8050
7910
7779
7423
7390
7508
7514
7524
7551
7585
7631
7708
7767
7726
7662
7702
7404
7496
7471
7789
7865
7709
7633
7743
7800
7775
7837
7748
7531
7698
7856
7845
7825
7951
7847
7672
7628
7555
7443
7450
7383
7373
7286
7277
7352
7399
7398
7292
7165
7160
7190
6882
6941
6838
6800
6856
6704
6650
6604
6777
6709
6667
6677
6457
6372
6456
6225
6192
6198
6077
6063
6114
6059
6035
6061
6164
6284
6303
6113
6296
6380
6530
6390
6447
6530
6654
6608
6761
6597
6685
6664
6747
6839
6756
6651
6508
6407
6339
6483
6401
6278
6304
6422
6518
6412
6409
6337
6278
6238
6232
6208
6105
6361
6442
6529
6497
6269
6291
6237
6302
6322
6494
6446
6363
6555
6329
6336
6386
6543
6681
6472
6484
6403
6312
6474
6296
6086
6010
5874
5886
6062
6123
6168
6007
5963
5894
5879
5711
5982
6014
5933
6191
6030
5895
5913
6121
6170
6176
6116
6095
6106
6011
6022
6019
6098
6125
6152
5933
6038
6082
6025
6062
6024
5993
5970
6153
6115
6083
5807
5922
5898
6025
5927
5922
5902
5705
5815
5890
5905
5697
5923
6114
6270
6466
6419
6296
6163
6327
6228
6405
6380
6525
6631
6404
6247
6237
6096
6147
6167
6085
6047
5943
5968
5970
5848
5930
5845
5934
5807
5863
5664
5603
5632
5499
5603
5666
5859
5884
5948
5965
5963
5856
5858
5810
5848
5894
5857
5856
5766
5864
6182
6171
6156
6095
6337
6203
6294
6340
6277
6305
6414
6262
5954
5898
6004
6016
6115
6042
5762
5602
5490
5406
5323
5477
5286
5329
5186
5159
5396
5486
5337
5282
5347
5233
5299
5282
5027
5199
5234
5435
5328
5284
5237
5135
5045
4984
4995
5021
4976
4907
5097
5028
4979
4857
5040
4929
5004
4837
4818
4839
4864
4830
4809
4786
4731
4772
4746
4832
4952
4864
4831
4713
4736
4893
4977
5002
5035
5082
4978
4970
4925
4700
4737
4707
4682
4781
4936
4831
4946
4875
5009
4880
4802
4820
4628
4611
4495
4481
4589
4550
4565
4637
4670
4654
4727
5005
5011
4977
4970
4884
4865
4829
4847
5018
5021
4916
4905
4935
4899
5043
4912
4871
4846
4850
4673
4853
5038
5079
4983
4961
4927
4849
4866
4727
4748
4769
4685
4758
4635
4625
4834
4694
4591
4555
4562
4607
4678
4731
4719
4595
4640
4792
4705
4646
4547
4717
4682
4864
4907
4755
4880
4819
4700
4766
4719
4647
4585
4776
4775
4804
4838
4884
4857
4765
4784
4692
4738
4638
4534
4767
4830
4827
4779
4878
4823
4918
4992
4945
4791
4853
5159
5193
5309
5273
5085
5244
5144
5161
5117
5041
5258
5264
5303
5344
5231
5135
5177
5136
5160
5225
5178
5246
5459
5394
5413
5378
5323
5286
5484
5424
5605
5603
5529
5359
5431
5561
5483
5519
5621
5725
5802
5808
5769
5680
5582
5557
5425
5457
5309
5427
5411
5557
5492
5269
5348
5353
5522
5521
5381
5264
5350
5269
5014
5001
4949
4860
4988
5098
5316
5341
5404
5447
5211
5146
5448
5393
5481
5235
5092
5237
5122
5049
4993
5019
5163
5300
5096
5217
5072
4950
5036
5125
4845
4822
4881
4907
4976
5043
5087
5203
5246
5318
5438
5482
5423
5456
5552
5548
5396
5525
5615
5683
5565
5689
5651
5599
5710
5753
5708
5790
5559
5761
5763
5612
5644
5591
5525
5489
5246
5472
5440
5412
5407
5475
5512
5380
5483
5402
5546
5672
5476
5633
5573
5581
5353
5509
5428
5375
5437
5302
5525
5674
5798
5955
5923
6129
6112
6152
6168
5963
5998
5850
5958
5877
5714
5895
6176
6220
6237
6173
6228
6319
6266
6318
6396
6420
6429
6646
6644
6714
6875
6852
6860
6920
6855
6937
6892
6878
6847
6838
6878
7056
7208
7147
7214
7339
7566
7730
7508
7362
7243
7182
7132
7029
6902
6861
6885
6660
6617
6777
6836
7004
7013
7181
7027
7105
7182
7125
7130
7068
7177
7111
7228
7222
7186
6993
7092
7044
7225
7079
6902
7004
7000
6928
7019
7183
7205
7254
7392
7528
7577
7618
7559
7468
7389
7421
7420
7266
7230
7329
7230
7384
7477
7465
7568
7528
7644
7548
7432
7640
7474
7283
7429
7355
7404
7403
7522
7554
7583
7401
7511
7387
7247
7170
7356
7283
7384
7292
7205
7242
7201
7289
7235
7241
7358
7262
7370
7365
7366
7522
7250
7014
7077
7181
7425
7629
7711
7497
7432
7348
7486
7625
7545
7528
7331
7187
7011
6980
6821
6820
6832
6735
6662
6467
6510
6601
6700
6808
6952
6943
6822
6716
6594
6590
6519
6501
6528
6315
6609
6639
6738
6708
6913
6690
6829
6980
6862
7070
7148
7220
7215
7069
7270
7252
7334
7390
7340
7437
7281
7039
6978
6988
7023
7079
7161
7189
7214
7306
7052
6978
6875
6774
6660
6545
6444
6727
6753
6687
6700
6619
6689
6742
6729
6417
6417
6329
6427
6451
6356
6637
6710
6580
6503
6591
6747
6681
6732
6640
6641
6734
6535
6758
6609
6525
6650
6526
6485
6453
6390
6528
6655
6653
6606
6531
6534
6500
6337
6468
6366
6418
6385
6306
6327
6390
6198
6093
6105
6090
5932
5885
5768
5792
5740
5814
5624
5746
5729
5745
5621
5580
5530
5680
5666
5569
5421
5521
5326
5306
5436
5370
5274
5184
5251
5150
5231
5186
5175
4977
4813
4772
4865
4817
4979
4779
4732
4968
4955
5028
4993
4998
5168
5070
5121
5223
5158
5255
5435
5450
5427
5332
5281
5228
5260
5198
5031
5176
5151
5199
5174
5184
5214
5163
5321
5390
5353
5276
5414
5237
5362
5205
5009
4919
4791
4789
4756
4654
4679
4684
4754
4762
4711
4774
4841
4819
4837
4728
4798
4633
4578
4469
4345
4340
4307
4116
4121
4158
4201
4346
4260
4279
4265
4278
4463
4590
4539
4654
4493
4582
4531
4581
4750
4806
4840
4751
4736
4633
4630
4586
4652
4798
4859
4882
5019
4945
5014
5066
5156
5062
4848
4789
4789
5016
5118
5050
5213
5164
5112
5212
5336
5381
5313
5291
5221
5196
5274
5425
5400
5319
5324
5238
5286
5176
5220
5067
5083
5179
5058
5051
4935
4903
4843
4680
4734
4573
4593
4569
4593
4792
4577
4521
4678
4750
4685
4747
4748
4699
4809
4793
4913
4987
4984
4871
4872
5054
5043
4973
4862
4836
4775
4856
4843
4746
4671
4601
4603
4542
4578
4667
4593
4662
4761
4858
4688
4749
4777
4867
4830
4706
4751
4727
4622
4545
4679
4704
4847
4811
4894
5159
5043
4938
5009
4900
4923
4845
4695
4700
4601
4725
4648
4725
4806
4876
4910
4935
4906
4908
5031
5077
5096
5281
5371
5399
5515
5534
5405
5314
5233
5220
5226
5274
5304
5340
5329
5343
5296
5171
5139
5076
5027
5053
5051
5090
5095
5030
5135
5139
5051
4922
4954
4821
4823
4881
4836
4771
4808
4705
5012
5009
4975
4911
4662
4687
4656
4584
4527
4504
4409
4491
4472
4436
4378
4304
4374
4441
4341
4327
4354
4316
4317
4364
4271
4509
4500
4323
4377
4428
4494
4627
4481
4490
4309
4347
4246
4228
4314
4325
4324
4293
4515
4423
4333
4383
4457
4421
4504
4502
4646
4674
4577
4375
4337
4303
4319
4344
4233
4202
4235
4102
4044
4103
4029
4087
4005
4000
4007
3975
4003
3950
3835
3668
3659
3728
3816
3769
3699
3601
3767
3714
3732
3810
3796
3704
3672
3638
3533
3558
3509
3560
3557
3609
3609
3674
3653
3655
3747
3594
3562
3533
3614
3558
3544
3690
3682
3634
3663
3796
4036
3993
3918
3973
3892
3894
3950
3839
3985
4024
4027
4047
3922
3928
3949
4028
3920
3855
3809
3783
3866
4007
3951
3810
3638
3614
3590
3668
3583
3690
3963
4012
4092
4019
4055
4136
4235
4187
4074
4139
4245
4201
4163
4089
4017
3998
4084
3961
3851
3717
3820
3633
3693
3699
3743
3649
3745
3876
3891
3982
3962
3988
3928
4108
4228
4124
4258
4351
4421
4345
4333
4233
4070
4060
4095
4135
4081
4257
4221
4222
4252
4214
4190
4317
4413
4337
4473
4368
4191
4206
4232
4186
4047
4125
4096
4103
4173
4173
4217
4220
4137
4103
4162
4172
4066
4147
4257
4234
4247
4170
4179
4066
4087
4031
3918
3899
3741
3680
3658
3706
3711
3746
3884
3927
3877
3811
3955
3966
4001
4035
4067
4118
4089
3991
4030
4107
4139
4219
4089
4085
4056
3976
4053
4176
4282
4562
4552
4581
4577
4620
4612
4555
4562
4576
4477
4667
4849
4635
4722
4719
4626
4548
4561
4535
4575
4573
4614
4529
4684
4666
4874
4863
4848
4955
4928
4893
5129
5074
5200
5220
5260
5423
5512
5635
5675
5629
