1005000
268360
174095
130120
103881
85691
73156
63807
56387
50473
45659
41864
38627
35481
33094
30556
28661
27445
25527
24062
22733
21788
20888
19935
19246
18403
17656
17110
16491
16107
15362
14981
14098
13616
13032
12633
12592
12047
11600
11567
11279
11087
10625
10557
10132
10029
9869
9631
9496
9201
8845
8756
8412
8472
8227
8134
8097
8157
7865
7761
7566
7648
7399
7093
7045
6904
6870
6999
6896
6613
6720
6466
6410
6369
6201
5990
6022
6032
5946
5734
5660
5544
5536
5559
5510
5603
5589
5452
5370
5389
5212
5222
5216
5245
5322
5275
5237
5014
5014
4939
4860
4742
4716
4728
4710
4603
4540
4434
4558
4548
4669
4433
4481
4403
4236
4334
4467
4338
4443
4416
4400
4238
4338
4357
4399
4331
4306
4263
4266
4394
4389
4362
4324
4290
4221
4239
4289
4285
4301
4303
4223
4123
4043
4203
4184
4305
4390
4410
4497
4578
4489
4384
4446
4449
4463
4518
4496
4346
4304
4356
4495
4518
4498
4374
4294
4214
4265
4022
4119
4139
4037
4053
4088
4067
3956
3890
3959
3910
3919
3956
3800
3706
3728
3732
3776
3712
3704
3766
3743
3742
3791
3964
3992
4099
4113
4091
4032
4033
4068
4152
4092
4122
4254
4226
4474
4324
4147
4140
4289
4217
4396
4485
4509
4609
4697
4629
4624
4600
4512
4514
4404
4396
4531
4641
4555
4475
4466
4677
4912
4866
4884
4931
4826
4761
4692
4619
4581
4385
4457
4405
4318
4313
4299
4325
4384
4433
4359
4377
4448
4552
4503
4385
4354
4500
4691
4666
4610
4612
4577
4645
4667
4670
4673
4715
4742
4581
4498
4544
4635
4576
4523
4595
4672
4635
4558
4273
4319
4360
4448
4435
4492
4448
4560
4286
4400
4421
4366
4531
4348
4373
4378
4255
4183
4162
3959
3861
3690
3756
3893
3868
3700
3720
3790
3795
3886
3693
3690
3703
3816
3952
3938
3975
3897
3903
4029
4063
3916
3815
3706
3777
3746
3666
3671
3566
3633
3535
3663
3819
3784
3703
3683
3593
3541
3728
3729
3608
3685
3587
3539
3463
3373
3428
3512
3507
3519
3582
3626
3682
3670
3778
3596
3437
3260
3153
3156
3257
3277
3231
3156
3266
3302
3279
3272
3196
3018
3190
3268
3314
3346
3253
3304
3236
3245
3322
3448
3279
3487
3537
3556
3536
3545
3492
3617
3741
3499
3512
3590
3682
3814
3710
3630
3730
3600
3632
3497
3717
3764
3878
3905
3914
3944
4022
4085
3886
3997
4057
3951
3927
3996
4087
4134
4135
4072
4060
4141
4170
4028
4089
4070
4021
4031
4095
4086
4025
3987
3996
4072
4011
4052
3912
4015
4064
4113
4349
4336
4394
4428
4360
4484
4706
4688
4792
4808
4861
4879
5011
5019
5064
5102
5181
5195
5048
4874
4950
4953
5037
4964
4942
4748
4622
4641
4628
4633
4508
4620
4592
4495
4597
4510
4545
4550
4609
4345
4190
4222
4354
4342
4471
4561
4704
4836
4786
4828
4887
4931
4954
4952
4898
4983
5125
5124
5146
5067
5157
5064
5096
5064
5171
5181
5270
5377
5290
5235
5267
5228
5214
5354
5396
5483
5368
5564
5617
5663
5648
5580
5713
5856
5940
6049
6168
6288
6500
6515
6568
6561
6616
6761
6702
6565
6610
6734
6805
6866
6827
7090
7107
7263
7148
7203
7176
7247
7202
7431
7217
7188
7224
7197
7196
7380
7406
7381
7497
7603
7682
7677
7562
7424
7214
7313
7312
7155
7254
7349
7531
7652
7807
7861
7777
7735
7591
7444
7646
7649
7627
7793
7788
7677
7533
7374
7305
7267
7402
7496
7448
7625
7753
7766
7763
7812
7945
7983
7983
8190
8034
8213
8102
8179
8187
8220
8171
8003
8030
7887
7916
7913
8001
8014
8122
8190
8319
8217
8171
8077
7973
7870
7775
7858
7847
7706
7546
7486
7482
7400
7523
7640
7617
7802
7931
7857
7781
7652
7658
7588
7520
7543
7597
7232
7296
7084
7399
7127
7122
7217
6998
7005
7041
7026
7128
7013
6986
7113
7125
7051
7044
7168
7164
7258
7306
7197
7181
7193
7300
7516
7184
7298
7142
7141
7076
6996
6894
6786
6780
6688
6750
6810
6808
6737
6979
6918
6763
6912
6984
6927
6916
6572
6595
6500
6494
6509
6288
6459
6450
6417
6427
6503
6588
6531
6584
6459
6669
6761
6559
6619
6489
6634
6354
6124
5861
5800
5800
5692
5695
5722
5667
5799
5827
5766
5814
5743
5714
5676
5513
5482
5576
5600
5665
5591
5516
5531
5437
5344
5447
5512
5448
5581
5557
5691
5903
5938
5943
5934
5876
6093
6226
6215
6218
6206
6351
6313
6429
6488
6275
6294
6245
6214
6113
6105
5932
5822
5925
5987
5900
5856
5812
6055
5863
5760
5771
5649
5646
5789
6074
6220
6204
6126
6045
5742
5721
5806
5888
6051
6045
6048
6164
6303
6520
6806
6920
6934
6869
6854
6720
6669
6513
6635
6593
6564
6377
6285
6223
6322
6321
6323
6315
6307
6185
6241
6330
6278
6229
6243
6063
6087
5944
5759
5920
6028
6076
6137
6165
6076
6047
6140
6120
5914
5702
5602
5508
5574
5670
5670
5445
5460
5374
5426
5528
5500
5503
5622
5682
5564
5567
5562
5447
5553
5720
5503
5552
5462
5600
5418
5493
5557
5505
5668
5716
5772
5661
5598
5567
5534
5577
5526
5578
5645
5753
5591
5585
5568
5632
5710
5795
5906
6102
6120
6284
6315
6225
5953
5832
6019
5986
5994
6167
6154
6234
6289
6279
6356
6462
6365
6710
6591
6384
6460
6426
6335
6315
6254
6115
6194
6320
6325
6287
6152
6131
6365
6376
6556
6414
6521
6640
6789
6871
6825
6842
6719
6594
6818
6910
6855
6724
6730
6853
6821
6787
6392
6552
6616
6648
6741
6704
6490
6335
6433
6609
6411
6370
6039
6014
5848
5765
5704
5781
5836
5767
5780
5813
5790
5981
6076
6037
6003
5934
5865
5904
5970
5845
5704
5519
5546
5774
5623
5571
5436
5326
5373
5312
5206
5308
5345
5210
5227
5292
5316
5508
5461
5504
5413
5377
5413
5302
5334
5454
5569
5532
5709
5915
6027
6023
5983
5951
6041
6250
6205
6178
6262
6174
6109
6337
6284
6245
6244
5979
5930
5956
5994
6189
5952
6024
5905
5955
5757
5923
5776
5676
5587
5490
5465
5523
5482
5654
5767
5604
5578
5454
5347
5270
5153
5295
5230
5170
5158
5230
5081
5153
5103
5140
5196
5024
4982
5020
5017
4917
4847
4733
4716
4702
4746
4678
4797
4650
4667
4682
4678
4680
4525
4413
4449
4341
4264
4412
4630
4601
4689
4741
4810
4948
4925
4988
5060
4987
4829
4830
4841
4833
4796
4899
5069
5145
5260
5216
5089
5162
5109
5256
5187
5067
5098
4986
5000
5014
4819
4821
4878
5106
5000
4917
5020
5118
5172
4988
4940
4922
4948
5044
4922
4903
5102
5136
5156
5189
5181
5129
5093
4960
4993
4889
4818
4811
4914
5048
4949
4951
5020
5013
4989
4842
4967
4864
5001
5035
5105
5159
5053
4949
5037
5077
5252
5161
4935
4873
5026
5077
5069
5119
5017
4956
4975
5005
5159
5155
5135
5314
5253
5385
5406
5366
5449
5517
5590
5511
5441
5364
5271
5205
5458
5426
5491
5489
5492
5604
5689
5629
5596
5567
5510
5190
5273
5322
5236
5236
5023
5182
5181
5113
5300
5239
5204
5232
5236
5222
5372
5425
5511
5529
5737
5776
5834
5750
5531
5306
5311
5432
5446
5501
5714
5712
5775
5809
5865
5970
6006
6064
5958
5935
5999
6044
6020
6219
6274
6236
6139
5948
5943
6055
6060
6037
6047
6064
6139
6112
6130
6181
6230
6189
6195
6274
6166
6165
6204
6241
6117
5869
5925
5968
6020
6096
6087
6058
6108
6108
6221
6203
6111
6068
6123
6328
6272
6518
6609
6356
6251
6207
6218
6287
6216
6125
5972
6071
5904
5851
5833
5745
5484
5530
5508
5452
5406
5543
5358
5433
5403
5483
5737
5768
5641
5673
5536
5700
5771
5802
6034
6023
6117
6350
6282
6276
6378
6464
6341
6366
6275
6198
6170
6180
6159
5944
5986
5983
6120
6051
5999
5863
5929
5801
5834
5853
5788
5674
5716
5719
5613
5726
5792
5738
5633
5471
5536
5662
5616
5500
5582
5551
5592
5758
5748
5708
5531
5439
5489
5441
5442
5310
5342
5297
5272
5163
5186
5277
5238
5167
5290
5238
5317
5381
5427
5439
5333
5409
5509
5623
5552
5448
5423
5371
5303
5330
5318
5232
5315
5191
5321
5348
5344
5343
5349
5342
5367
5333
5394
5465
5522
5540
5670
5785
5600
5652
5777
5596
5561
5693
5634
5708
5702
5736
5854
5771
5720
5622
5487
5332
5368
5164
5210
5115
5064
4887
5046
5016
4869
4880
4755
4897
4836
4976
4969
4888
4757
4479
4442
4514
4614
4480
4597
4484
4439
4349
4259
4183
4226
4257
4376
4329
4454
4484
4447
4560
4611
4611
4621
4662
4548
4472
4459
4496
4322
4288
4328
4417
4468
4313
4221
4324
4361
4306
4342
4420
4365
4344
4569
4559
4563
4765
4590
4670
4654
4548
4664
4650
4638
4513
4410
4388
4430
4558
4523
4524
4616
4446
4325
4463
4443
4523
4473
4457
4415
4360
4461
4427
4298
4340
4446
4439
4594
4506
4506
4379
4474
4443
4340
4358
4490
4499
4497
4297
4342
4217
4224
4217
4202
4292
4270
4153
4036
4217
4263
4149
4199
4160
4101
4015
4003
4140
3990
4045
4012
4006
3968
4012
3993
3945
3891
3906
3950
4094
4113
4124
4310
4222
4122
4211
4305
4264
4289
4231
4348
4375
4489
4578
4678
4650
4705
4653
4602
4686
4638
4647
4579
4624
4606
4497
4445
4336
4237
4288
4357
4404
4518
4479
4579
4582
4688
4648
4665
4761
4766
4702
4692
4457
4382
4546
4346
4265
4234
4284
4261
4204
4127
4110
4047
3976
4004
3805
3746
3726
3673
3595
3600
3604
3628
3633
3652
3746
3933
4004
3965
4002
3947
3946
4096
4007
4089
4265
4384
4390
4329
4197
4131
4076
4013
3991
3960
4129
4179
4207
4192
4186
4182
4074
4109
3915
4043
4069
4087
3872
3847
4021
4050
4113
3951
4180
4287
4413
4562
4642
4786
4902
4932
5008
5024
5155
5296
5365
5410
5396
5503
5461
5464
5253
5366
5284
5344
5298
5313
5271
5389
5364
5415
5476
5333
5446
5572
5520
5645
5783
5993
5989
5941
5969
5815
5802
5698
5748
5830
5768
5800
5955
5920
5683
5679
5599
5601
5584
5525
5580
5680
5620
5515
5589
5533
5428
5524
5477
5500
5520
5501
5561
5781
5851
5733
5815
5724
5813
5879
5890
5887
5935
5994
5898
5972
5855
5969
5860
5815
5688
5450
5518
5580
5565
5569
5593
5344
5459
5376
5385
5221
5113
5091
5094
5113
5209
5305
5340
5504
5581
5685
5660
5782
5759
5516
5538
5595
5632
5663
5686
5632
5558
5658
5689
5920
5782
5767
5924
6012
6017
5868
5631
5706
5658
5743
5776
5756
5871
5859
5873
5845
5792
5791
5852
5966
6007
6012
6017
6019
6041
6211
6413
6656
6598
6515
6649
6666
6559
6530
6343
6304
6388
6344
6201
6208
6147
6049
6047
6081
5942
5702
5423
5352
5367
5354
5299
5156
5113
5138
5103
5019
5080
5241
5013
5210
5150
5086
4968
4932
4848
4853
4794
4904
5040
5020
5132
5195
5215
5266
5380
5437
5538
5670
5673
5666
5485
5604
5803
5932
5763
5716
5610
5701
5572
5607
5703
5738
5602
5568
5565
5521
5272
5248
5515
5562
5568
5598
5609
5687
5770
5874
5816
5844
5750
5843
6121
6124
6102
6094
6198
6291
6298
6233
6186
6100
6223
6342
6223
6191
6078
6063
6040
6059
6043
6007
6152
6184
6150
6093
6196
6038
6029
5965
5914
5805
5752
5558
5664
5728
5881
5827
5714
5721
5524
5620
5677
5551
5556
5664
5606
5659
5565
5396
5508
5539
5510
5478
5395
5428
5568
5594
5649
5636
5535
5527
5427
5452
5544
5517
5368
5262
5378
5420
5358
5283
5162
5216
5230
5279
5296
5284
5209
5005
4926
4810
4785
4647
4732
4725
4746
4695
4939
4789
4772
4813
4825
4851
4744
4822
4798
4843
4723
4803
4779
4736
4935
4872
4839
4880
4953
4855
4835
4758
4642
4600
4412
4523
4647
4559
4634
4660
4523
4700
4616
4708
4764
4875
4958
4775
4719
4722
4648
4804
4812
4978
5008
4968
4792
4867
4801
4628
4554
4475
4454
4585
4495
4643
4605
4646
4810
4791
4709
4627
4679
4589
4769
4824
4827
4790
4650
4669
4585
4621
4759
4921
4814
4882
4954
5050
5168
5141
5082
4939
4889
4804
4895
4930
4972
4873
4865
4948
4908
5002
5028
5055
5021
4999
4986
4866
4849
4867
4849
4684
4620
4529
4482
4490
4568
4590
4677
4725
4773
4747
4677
4835
4731
4648
4576
4717
4559
4701
4748
4827
4780
4914
4841
4840
4821
4949
5011
5027
5012
5012
4996
5092
5015
4903
4891
4831
4756
4690
4705
4575
4708
4969
5096
5117
4954
4830
4936
5032
5065
5062
4994
5044
5037
5243
5154
5013
5000
5022
4873
4834
4758
4761
4680
4685
4816
4753
4700
4669
4812
4711
4889
5055
5174
5225
5145
5244
5222
5199
5114
4894
4906
4838
4795
4925
4903
4971
4987
5052
5110
4972
4931
4943
4966
4828
4666
4714
4604
4736
4705
4671
4734
4697
4659
4766
4966
4945
4829
4805
4575
4733
4484
4519
4336
4432
4358
4249
4291
4181
4104
4086
4237
4401
4417
4631
4583
4720
4746
4749
4832
4771
4637
4735
4784
4881
4719
4943
5107
5078
5202
5037
5140
5182
4977
5012
5214
5235
5227
5143
5196
5167
5255
5287
5117
5128
5357
5306
5203
5190
5228
5264
5452
5405
5432
5391
5536
5701
5789
5697
5581
5613
5531
5363
5470
5552
5563
5745
5635
5696
5758
5712
5627
5681
5434
5470
5518
5538
5438
5313
5333
5294
5175
5183
5279
5324
5406
5472
5549
5465
5322
5554
5484
5414
5461
5637
5437
5532
5492
5294
5252
5460
5405
5410
5365
5289
5304
5250
5257
5200
5054
4950
5121
5082
5261
5390
5506
5489
5513
5386
5547
5615
5459
5367
5439
5332
5286
5288
5333
5495
5619
5649
5768
5701
5526
5616
5769
5786
5643
5498
5437
5405
5440
5467
5229
5248
5176
5302
5194
5142
4927
5059
5113
5012
5032
4801
4743
4738
4937
4914
4792
4761
4793
4719
4759
4696
4849
5014
5080
5267
5405
5215
5245
5197
4977
5020
4986
5026
5092
5138
4930
4989
4966
4941
5091
5169
5247
5233
5117
5161
5386
5487
5629
5707
5736
5619
5703
5988
5862
5935
5854
6069
6050
5991
6085
5973
5895
6019
6146
6029
5914
5912
5790
5791
5608
5583
5595
5468
5305
5296
5454
5229
5385
5399
5234
5384
5322
5314
5363
5606
5383
5289
5378
5315
5591
5598
5563
5461
5479
5297
5248
5361
5331
5435
5649
5701
5936
6103
5927
5976
6197
6001
5996
6285
6241
6241
6446
6371
6392
6393
6290
6239
6179
6216
6162
5826
5784
5775
5819
5867
6026
6005
5930
5981
5926
6075
6147
6085
6093
6070
5979
6020
5984
5723
5894
5819
5837
5751
5539
5556
5595
5543
5494
5580
5472
5723
5526
5609
5823
5810
5895
6015
6063
5981
5983
6016
6115
6117
6051
6049
6120
6160
6072
6114
5970
5972
6100
6056
6022
6142
6197
6222
6157
6288
6213
6281
6275
6157
6266
6156
6161
6166
5991
5851
5804
5823
5809
5646
5717
5714
5720
5836
5959
6062
5984
6077
6275
6335
6313
6463
6524
6402
6397
6605
6647
6787
6703
6520
6530
6510
6402
6173
6194
6250
6215
6195
6195
6218
6212
6289
6218
6240
6489
6526
6665
6723
6761
6672
6396
6282
6332
6235
6325
6329
6079
6129
6044
5978
6007
6024
6048
6143
6189
6356
6411
6477
6634
6816
6855
6777
6815
6678
6735
6716
6624
6665
6584
6712
6678
6702
6755
6745
6643
6743
6921
7150
7297
7291
7260
7144
7163
7228
7196
7129
7038
7148
7229
7316
7262
7587
7622
7443
7375
7365
7366
7399
7206
7003
6849
7055
7094
6884
6787
6833
6992
7079
7127
6975
6981
6949
7019
6953
6874
6981
6793
6740
6731
6600
6531
6582
6459
6400
6239
6251
6345
6132
6235
6393
6304
6276
6371
6307
6398
6175
6207
6185
6359
6376
6345
6408
6482
6482
6384
6365
6347
6293
6117
6067
5998
6060
6086
5926
5896
6072
5890
5922
5938
5995
6033
5907
5853
5865
5897
5835
5754
5730
5796
5785
5768
5669
5590
5572
5807
5896
5924
5798
5999
5974
5937
6042
6064
6216
6173
6057
5976
5863
5752
5930
6082
6179
6128
6154
6309
6299
6322
6258
6204
6179
6148
5988
6040
5898
5809
5848
5885
5995
5977
6065
6044
5992
6044
5857
5754
5583
5558
5629
5753
5700
5739
5709
5634
5736
5721
5635
5587
5483
5408
5440
5557
5773
5669
5537
5651
5579
5543
5393
5374
5483
5471
5543
5588
5521
5630
5454
5526
5542
5458
5254
5294
5256
5234
5005
4991
5098
5215
5294
5224
5317
5256
5241
5221
5365
5500
5330
5429
5434
5308
5313
4981
4902
4965
5034
5000
5002
5259
5404
5509
5596
5601
5603
5657
5791
5917
5987
5892
6089
6255
6368
6326
6435
6220
6048
5989
5901
5904
6008
6098
6156
6309
6330
6277
6376
6274
6317
6328
6260
6110
6154
6167
6091
6059
6076
5949
5932
5992
6028
6251
6261
6276
6401
6563
6633
6525
6395
6451
6331
6316
6211
6281
6145
6182
6252
6173
6198
6146
6184
6236
6040
5904
5965
5937
5850
5837
5929
5887
5839
5685
5643
5732
5789
5886
5952
5834
5985
5994
5984
5983
6077
6078
6191
6171
6310
6383
6444
6532
6441
6436
6407
6329
6477
6505
6499
6547
6697
6595
6540
6506
6461
6552
6631
6450
6465
6423
6358
6436
6534
6529
6489
6588
6745
6901
6936
6820
6698
6758
6882
6879
6625
6650
6410
6462
6501
6466
6560
6630
6473
6417
6402
6391
6324
6432
6503
6573
6434
6301
6407
6462
6278
6165
6248
6323
6278
6280
6344
6515
6511
6474
6437
6425
6544
6550
6714
6631
6491
6577
6573
6632
6952
6991
7125
7046
7195
7171
7277
7334
7223
7284
7295
7289
7402
7592
7374
7441
7447
7226
7246
7191
7088
7181
7065
7273
7456
7429
7355
7404
7400
7571
7570
7612
7487
7487
7247
7075
6982
7037
6918
6779
6897
6750
6771
6857
6977
6911
6938
6931
6964
6910
6817
6687
6669
6594
6727
6646
6679
6645
6656
6786
6592
6575
6466
6599
6675
6659
6446
6222
6162
6143
5950
6144
5972
5958
5933
5989
6027
6225
6191
6285
6229
6338
6342
6309
6184
6233
6273
6536
6499
6356
6405
6506
6588
6640
6469
6447
6386
6203
6171
6228
6148
6133
6009
6065
6079
6228
6387
6395
6283
6132
5991
6073
5994
5836
5969
6094
5977
6011
5943
5939
5873
5691
5712
5671
5608
5463
5420
5295
5394
5471
5520
5750
5672
5736
5901
6089
6192
6246
6117
6048
6225
6255
6258
6455
6295
6450
6416
6303
6306
6378
6360
6365
6301
6265
6264
6102
5835
5757
5693
5767
5765
5699
5722
5658
5642
5673
5753
5793
5883
5627
5587
5532
5449
5497
5566
5490
5482
5415
5442
5397
5587
5589
5613
5723
5661
5764
5757
5857
5908
5904
5941
5854
5805
5750
5789
5804
5852
5816
5985
5915
6001
5899
5891
5779
5734
5685
5799
5574
5516
5486
5429
5436
5463
5342
5476
5357
5284
5342
5309
5461
5511
5583
5651
5661
5690
5676
5661
5749
5731
5701
5749
5759
5650
5594
5476
5442
5365
5317
5348
5462
5434
5586
5695
5696
5695
5647
5720
5580
5443
5455
5202
5274
5282
5232
5094
4979
4986
4929
4650
4630
4583
4576
4667
4602
4664
4652
4762
4825
4942
4900
4983
5163
5205
5224
5176
5378
5482
5594
5455
5351
5272
5280
5250
5395
5405
5640
5723
5638
5547
5660
5650
5907
5764
5630
5342
5298
5539
5859
5935
5957
5822
5852
5667
5620
5537
5632
5565
5528
5493
5546
5558
5415
5304
5427
5383
5545
5575
5619
5566
5626
5578
5582
5641
5749
5610
5583
5560
5772
5906
5972
5994
5826
5782
5812
5848
5878
5905
5851
5826
5844
5783
5931
6069
5768
5637
5502
5575
5539
5629
5518
5731
5590
5672
5693
5545
5488
5589
5610
5575
5534
5538
5670
5713
5846
5763
5623
5743
5667
5444
5465
5472
5454
5288
5197
5366
5553
5483
5569
5677
5668
5535
5411
5260
5438
5368
5398
5483
5604
5674
5785
5824
5898
5862
6027
6094
6065
6211
6295
6224
6093
6151
6084
6267
6323
6385
6490
6598
6752
6820
6668
6649
6757
6621
6925
6765
6812
6857
6713
6960
7071
7035
7100
6957
6838
6959
6859
6827
6909
6965
7079
7194
7013
6803
6611
6588
6559
6716
6649
6718
6708
6801
6761
6849
6735
6518
6403
6397
6480
6720
6826
6831
6771
6627
6781
6846
6614
6734
6786
6708
6598
6664
6566
6522
6448
6500
6608
6539
6552
6652
6479
6509
6401
6248
6232
6241
6280
6239
6144
6321
6148
6162
6069
6155
6393
6258
6351
6309
6383
6565
6575
6791
6801
6676
6936
6992
7094
7034
7241
7268
7201
7357
7293
7380
7386
7238
7293
7319
7373
7455
7373
7585
7765
7811
7707
7889
7915
7971
7967
8055
8178
8085
7976
7959
7962
7965
7934
8129
8246
8078
7984
7911
7778
7777
7782
7582
7439
7451
7566
7587
7640
7420
7453
7351
7286
7291
7362
7403
7447
7591
7473
7260
7054
7140
7153
7255
7350
7541
7577
7737
7625
7564
7489
7453
7328
7009
7090
7093
7014
7114
7127
7157
7376
7319
7173
7104
6982
6875
6837
6704
6701
6833
6930
6863
7037
7117
7125
7001
7232
7158
7121
7289
7376
7379
7116
7040
6960
7158
7126
7046
7175
6904
6898
6896
6850
6790
6747
6647
6713
6626
6518
6482
6541
6431
6231
6228
6176
6257
6216
6082
5823
5861
5762
5935
5805
5782
5795
5963
5917
5794
5835
5918
5899
5873
5987
5983
5918
5844
5853
5889
6037
5948
5704
5743
5565
5586
5632
5552
5635
5634
5670
5512
5379
5462
5453
5424
5467
5309
5330
5303
5369
5252
5153
5212
5223
5372
5362
5208
5174
5147
5256
5149
5116
5208
5090
5196
5030
5141
5214
5134
5048
5046
5162
5147
5201
5087
4897
5018
4985
5037
5185
5248
5093
5023
4975
4894
4821
4770
4737
4711
4664
4783
4898
4848
4675
4550
4509
4475
4485
4606
4504
4491
4359
4396
4335
4372
4427
4455
4416
4536
4529
4409
4428
4317
4352
4443
4242
4248
4235
4131
4229
4224
4280
4208
4060
4055
4002
4058
4054
4100
4224
4272
4337
4453
4275
4149
4274
4341
4297
4206
4217
4238
4110
4066
4089
4037
4005
4000
4006
4084
4133
4131
4219
4293
4353
4448
4464
4452
4525
4645
4675
4645
4611
4569
4603
4467
4452
4511
4396
4406
4348
4207
4190
4177
4260
4345
4336
4282
4245
4195
4293
4414
4398
4371
4360
4234
4380
4293
4269
4254
4218
4162
4238
4243
4278
4347
4512
4556
4672
4741
4885
4868
4745
4772
4801
4852
4868
4926
4917
5015
4909
4959
4902
4798
4675
4782
4546
4533
4600
4539
4583
4440
4549
4531
4561
4568
4579
4599
4635
4579
4800
4811
4777
4765
4649
4764
4539
4672
4742
4638
4682
4685
4753
4661
4711
4591
4586
4540
4443
4693
4638
4654
4636
4599
4659
4775
4659
4870
4944
4731
4856
4846
4732
4767
4952
4972
4952
4888
4997
4995
4956
5047
4932
4967
4948
5000
4883
4807
4786
4959
4956
4899
4825
4705
4734
4673
4794
4725
4820
4839
4972
4998
4976
4946
4852
5092
4853
4869
4805
4748
4771
4844
4721
4527
4462
4294
4383
4422
4423
4458
4542
4392
4374
4327
4362
4378
4341
4231
4063
4057
3871
3653
3646
3541
3542
3644
3507
3644
3544
3586
3511
3557
3598
3580
3411
3401
3403
3309
3438
3450
3307
3435
3375
3303
3318
3419
3428
3408
3401
3555
3629
3776
3678
3694
3734
3759
3741
3709
3788
3861
3982
3875
3843
3901
4031
4061
3968
3977
4018
4041
3913
3955
3815
4039
3937
3971
3960
4009
3918
3942
4067
4100
4116
4037
3946
3854
3916
3914
4015
3879
4120
4097
4088
4064
4113
4293
4313
4222
4077
4072
3872
3820
3857
3858
3838
3928
4034
4008
3842
3820
3794
3801
3710
3659
3747
3625
3604
3465
3441
3418
3458
3446
3412
3384
3338
3202
3202
3098
3078
3134
3221
3286
3441
3449
3474
3565
3597
3684
3729
3737
3776
4052
4243
4406
4394
4270
4323
4452
4703
4631
4703
4648
4635
4747
4852
4850
4704
4810
4699
4700
4640
4727
4888
4973
4893
4861
4972
5045
5039
4885
4902
4785
4922
5020
5055
5138
5132
5222
5354
5355
5575
5518
5489
5411
5555
5685
5743
5824
5693
5680
5509
5614
5703
5663
5795
5968
6047
6116
6091
6008
6106
6237
6273
6369
6416
6420
6608
6688
6620
6486
6460
6466
6473
6416
6512
6663
6568
6451
6369
6133
5968
6059
6064
6138
6276
6112
5895
5717
5712
5682
5573
5660
5706
5717
5754
5788
6107
5810
5693
5626
5924
5890
5790
5777
5860
5868
5913
5816
5766
5834
5779
5833
5780
5745
5867
5922
5861
6030
5876
5683
5740
5792
5773
5694
5804
5895
6044
5862
5804
5927
5930
6009
6012
5974
5870
5872
5860
5772
5795
5776
5673
5412
5370
5383
5428
5420
5430
5339
5305
5105
4963
4877
4967
4878
4908
4825
4956
4948
4988
5111
5246
5355
5337
5330
5225
5238
5267
5342
5057
5130
5201
5130
4898
4835
4800
4586
4508
4488
4459
4492
4330
4332
4332
4371
4246
4291
4457
4491
4356
4150
4221
4181
4189
4255
4280
4375
4369
4264
4263
4244
4435
4337
4367
4278
4446
4473
4427
4487
4475
4426
4468
4411
4409
4303
4187
4111
4116
4105
4125
4217
4262
4326
4255
4207
4377
4501
4620
4756
4696
4564
4510
4402
4296
4262
4294
4416
4468
4522
4562
4706
4744
4848
4892
4922
4857
4684
4554
4590
4569
4512
4481
4520
4457
4497
4539
4436
4281
4327
4219
4149
4146
4060
3916
4055
4173
4205
4115
4132
4184
4215
4113
4137
4208
4066
3850
3929
4026
4160
4297
4360
4346
4330
4290
4296
4202
4280
4394
4580
4579
4553
4549
4338
4376
4416
4346
4272
4145
4052
4007
4026
4109
3989
3981
3935
3892
3955
4135
4221
4242
4280
4284
4430
4499
4547
4567
4596
4666
4620
4658
4727
4715
4502
4389
4456
4538
4411
4295
4527
4509
4440
4443
4466
4483
4498
4422
4403
4351
4667
4519
4643
4695
4794
4697
4697
4706
4681
4773
4909
4775
4771
4636
4495
4411
4314
4275
4238
4285
4365
4331
4259
4239
4145
4131
4092
4147
4194
4202
4487
4537
4504
4523
4528
4591
4545
4606
4701
4567
4578
4660
4618
4581
4528
4544
4298
4518
4591
4576
4544
4562
4540
4439
4411
4516
4595
4787
4745
4658
4542
4542
4467
4442
4558
4586
4518
4651
4777
4909
4747
4568
4540
4643
4606
4517
4642
4723
4950
4997
4946
5011
5039
5060
5046
5144
5095
5091
5246
5262
5116
5187
5149
5290
5242
5352
5256
5255
5175
5341
5417
5360
5235
5166
5058
5076
5128
5249
5202
5233
5318
5381
5437
5264
5333
5551
5380
5584
5724
5549
5433
5507
5614
5599
5710
5826
5990
6202
6160
6241
6204
6204
6128
6228
6333
6305
6187
6292
6251
6289
6314
6360
6449
6408
6106
5989
5942
5934
5813
5773
6015
6079
6024
5997
6076
6158
6196
6258
6069
6037
6125
6068
6040
5976
6098
6069
6135
6258
6390
6320
6429
6435
6393
6506
6621
6516
6318
6131
5886
5983
6123
6299
6219
6149
6248
6306
6113
6233
6246
6094
6002
6006
6075
6202
6376
6502
6566
6496
6411
6413
6530
6542
6644
6488
6484
6523
6460
6616
6571
6553
6561
6768
6907
7029
7119
7112
7137
7124
7183
7089
7225
7122
7144
7316
7348
7158
7078
7034
7231
7046
7023
7074
6991
7076
6907
6938
6750
6586
6499
6595
6681
6704
6583
6585
6455
6523
6623
6650
6580
6690
6524
6560
6404
6430
6425
6243
6469
6536
6709
6799
6732
7078
6943
6984
6989
7093
7103
7110
7064
7179
7271
7220
7029
7321
7259
7218
7181
7112
7015
6781
6683
6662
6635
6424
6523
6653
6556
6582
6538
6728
6870
6619
6570
6515
6760
6647
6562
6579
6679
6629
6844
6917
6924
6928
6946
7060
7132
7106
7126
7201
7220
7210
6927
6930
6951
6778
6717
6933
7078
7243
7089
7212
7160
7102
7077
7298
7256
7109
7053
6978
7013
6809
6666
6698
6722
6711
6826
6813
6838
6890
6870
6927
6796
6874
6927
6783
6831
6777
6761
6739
6742
6723
6720
6729
6807
7061
6892
7011
7168
7180
7247
7195
7217
7350
7447
7396
7258
7600
7606
7739
7806
7723
7869
7851
7762
7658
7877
7952
7837
7525
7389
7213
7136
7229
7001
6910
6998
6920
6888
6883
6753
6835
6630
6798
6796
6718
6736
6615
6644
6757
6776
6648
6562
6656
6545
6533
6233
6061
6136
6115
6141
6217
6198
6078
5906
5737
5593
5547
5723
5416
5448
5268
5211
5280
5018
5167
5288
5124
5141
5258
5406
5562
5557
5614
5700
5732
5600
5608
5836
6035
6188
6257
6258
6290
6482
6254
6198
6118
6130
6219
6158
6205
6267
6312
6224
6386
6281
6324
6255
6147
6169
6164
6151
6140
6071
6068
5979
5954
5799
5759
5777
5695
5719
5681
5612
5740
5702
5618
5540
5570
5873
5842
5729
5777
5704
5739
5755
5799
5676
5618
5593
5683
5742
5738
5836
5869
5917
5989
6098
6248
6140
6195
6011
5906
5929
5887
5898
5857
5785
5623
5520
5418
5560
5561
5510
5608
5513
5547
5569
5626
5739
5887
5768
5792
5796
5865
5974
5913
5915
5890
6132
6059
6188
6203
6057
5970
5967
5915
5894
5884
6151
6007
6050
6182
6307
6357
6463
6383
6350
6258
6380
6208
6276
6281
6348
6412
6474
6489
6444
6474
6290
6326
6314
6298
6184
6343
6423
6570
6696
6703
6612
6688
6575
6661
6778
6731
6582
6782
6712
6671
6602
6461
6444
6440
6453
6235
6337
6334
6211
6003
6179
6097
6183
6187
6096
6178
6116
6243
6004
5788
5782
5681
5869
5734
5368
5302
5415
5520
5641
5475
5434
5386
5474
5539
5483
5336
5454
5500
5658
5740
5769
5781
5671
5865
5852
5913
5952
5717
5889
5837
5756
5896
5931
6062
6015
6201
6180
6232
6100
6101
5923
5716
5648
5825
5942
5830
5756
5643
5662
5662
5739
5837
5840
5982
5947
5734
5784
5880
5898
5998
6043
5961
5798
5664
5519
5359
5334
5435
5464
5517
5592
