1005000
268530
174170
129099
102802
84470
72513
62717
55839
49429
44030
40242
36582
33400
30977
28710
26988
25267
24072
22728
21971
20876
20078
19327
18378
17346
16497
15966
15594
15163
14668
14124
13660
13278
12855
12636
12196
11912
11463
11042
10733
10319
10499
10255
9775
9713
9499
9264
8973
8743
8750
8795
8594
8644
8656
8397
8223
7999
7932
7874
7608
7426
7424
7257
7153
7078
6886
6949
6838
6835
6741
6663
6457
6560
6369
6151
6093
6356
6300
6132
6064
6035
6018
5958
5827
5663
5585
5534
5489
5553
5267
5275
5343
5162
5200
5128
5172
5279
5151
4933
4855
4780
4750
4730
4763
4622
4611
4635
4664
4591
4524
4505
4503
4213
4132
4214
4252
4123
4163
4069
4054
4165
4266
4046
4000
4023
3927
4009
3990
3782
3703
3767
3840
3947
4053
3971
3875
3929
4049
3995
3990
4026
3942
3959
3874
3864
3860
3836
3967
4063
4056
4030
3862
3767
3808
3826
3822
3856
3832
3851
3835
3814
3951
3800
3759
3629
3568
3610
3608
3568
3464
3487
3434
3406
3477
3392
3341
3385
3370
3350
3394
3476
3431
3434
3387
3360
3332
3261
3234
3118
3075
2972
3039
3049
2838
2865
2893
2832
3004
3106
3129
3151
3129
3106
3134
3149
3111
3084
3099
3085
3120
3163
3258
3222
3118
3217
3301
3411
3591
3628
3563
3492
3575
3562
3525
3404
3294
3211
3385
3451
3391
3299
3302
3362
3161
3320
3326
3400
3501
3620
3680
3768
3664
3583
3603
3614
3582
3596
3612
3688
3809
3751
3754
3730
3637
3587
3571
3567
3524
3492
3483
3491
3477
3552
3569
3428
3423
3402
3492
3432
3402
3333
3354
3483
3319
3294
3441
3492
3401
3393
3365
3238
3205
3085
3002
3038
3079
3021
2990
3058
3124
3171
3170
3095
3130
3143
3034
3037
3162
3202
3056
2986
3156
3005
2895
2846
2922
3009
3055
3088
2933
2975
2979
2958
2983
2907
2905
2814
2727
2737
2751
2700
2964
3062
3138
3152
3103
3202
3191
3220
3307
3194
3123
3176
3188
3292
3435
3612
3706
3654
3676
3853
3955
3887
3830
3927
4035
3890
3962
3910
3780
3810
3864
3857
3942
3979
4046
4017
3767
3844
3768
3667
3703
3698
3709
3568
3529
3660
3736
3688
3755
3525
3475
3434
3419
3437
3674
3690
3658
3701
3657
3607
3596
3652
3732
3659
3784
3746
3851
3684
3532
3478
3613
3558
3610
3590
3585
3457
3521
3624
3600
3598
3609
3705
3674
3592
3502
3431
3633
3725
3723
3941
3891
3932
3811
3761
3728
3652
3784
3727
3624
3683
3686
3839
3824
3801
3658
3655
3683
3691
3590
3664
3471
3443
3364
3357
3381
3251
3100
3172
3118
3075
3098
2992
2949
2938
2842
2891
3009
3189
3222
3201
3128
3203
3243
3179
3144
3218
3298
3362
3397
3524
3431
3460
3330
3468
3333
3461
3650
3784
3901
3862
3872
3852
3854
4015
4098
4184
4124
4255
4277
4292
4335
4279
4269
4156
4194
4179
4171
4333
4273
4306
4355
4414
4565
4618
4724
4844
4849
4697
4780
4551
4460
4491
4488
4461
4412
4395
4535
4492
4639
4579
4646
4695
4628
4695
4666
4746
4983
4935
4941
5161
5077
5012
4951
5088
4969
5037
5110
5044
4875
5004
4921
4833
4962
4950
5065
5185
5131
5199
5211
5149
5157
5163
5148
5185
5065
5035
4818
5117
5158
5135
5295
5360
5436
5358
5411
5442
5537
5364
5484
5596
5495
5376
5444
5319
5391
5547
5712
5674
5769
5950
6156
6060
6169
6113
6033
6016
6186
6209
6159
6229
6268
6249
6358
6281
6218
6356
6423
6341
6360
6329
6195
6121
6126
6156
6107
6138
6128
6214
6085
6111
6325
6462
6394
6141
6338
6078
6029
6060
6064
6052
6102
6075
6072
6145
6218
6242
6207
6285
6329
6256
6227
6389
6458
6369
6470
6453
6304
6187
5965
5983
6191
6453
6482
6324
6233
6216
6139
6030
5949
5971
5797
5586
5554
5594
5625
5595
5439
5557
5594
5644
5460
5381
5603
5643
5779
5650
5832
5754
5703
5800
5957
5797
5848
5906
5930
5858
5946
6023
6006
6108
6248
6257
6223
5935
5894
5986
5794
5751
5657
5740
5823
5768
5729
5800
5755
5962
6009
6113
6208
6047
5909
5929
6096
6097
6188
6240
6232
6330
6361
6396
6294
6303
6454
6433
6641
6563
6654
6579
6558
6673
6566
6533
6534
6570
6742
6632
6476
6268
6203
6299
6275
6149
6080
6040
5948
5719
5661
5944
5945
5839
5902
5689
5592
5448
5316
5283
5214
5284
5431
5506
5525
5530
5387
5502
5505
5606
5401
5561
5486
5705
5760
5818
5702
5731
5572
5618
5588
5653
5525
5509
5418
5327
5279
5185
5377
5427
5403
5297
5318
5282
5295
5288
5536
5504
5449
5494
5612
5579
5446
5472
5430
5521
5640
5674
5472
5479
5405
5386
5401
5338
5251
5274
5265
5277
5432
5458
5461
5427
5388
5542
5426
5396
5415
5274
5417
5441
5441
5416
5608
5730
5801
5902
5975
5921
5732
5980
6004
5984
6014
5943
5833
6124
6355
6439
6334
6374
6377
6439
6344
6215
6101
6043
5905
5936
5882
6016
6138
6099
6117
6075
5891
6007
5982
6041
6112
6190
6066
5996
5934
5989
5790
5686
5739
5786
5711
5537
5574
5608
5780
5876
5953
5906
6002
6058
5961
5903
6114
6114
6167
6173
5947
5882
5902
5846
5966
5936
5755
5873
5796
5763
5807
6020
6077
6095
6282
6187
6161
6036
6290
6382
6365
6334
6441
6590
6596
6463
6525
6696
6658
6744
6587
6796
6831
7001
6854
6876
6999
7022
7016
7063
7282
7244
7173
7265
7278
7215
7170
7221
7363
7144
7245
7314
7161
7283
7333
7149
7089
7005
6957
6930
6921
7188
7206
7135
7210
7356
7278
7141
7065
7069
7070
6946
7184
7004
6807
7145
7059
6842
7068
7195
7355
7269
7380
7285
7412
7294
7177
7222
7249
7262
7335
7478
7447
7583
7441
7345
7428
7547
7400
7246
7202
7400
7327
7285
7205
7119
7100
7197
7302
7411
7298
7166
7107
7176
7125
7205
7065
7123
7016
7124
7143
7025
6988
7208
7092
7206
7205
7072
6893
6922
7083
7258
7327
7042
7005
7124
7117
7018
7001
6973
6859
7044
6968
6935
7005
6954
6840
6897
6798
7011
7056
6853
6807
6945
7053
7046
7189
7243
7366
7447
7271
7325
7325
7317
7203
7140
7114
7088
7146
6941
6993
6898
6827
6883
6838
6655
6619
6635
6608
6637
6752
6575
6594
6663
6642
6650
6488
6412
6380
6467
6398
6542
6319
6330
6129
6231
6146
6181
6178
6141
6225
5978
6251
6218
6224
6301
6220
6371
6142
6182
6143
6046
6043
5982
6118
6236
6209
6119
6134
5885
5957
5984
6046
6103
6341
6351
6455
6653
6714
6835
7040
7245
7183
7160
7038
7037
7192
7325
7667
7761
7740
7709
7403
7486
7552
7569
7334
7423
7656
7490
7664
7876
7960
7976
7988
8162
8268
8387
8624
8794
8648
8509
8601
8753
8814
8995
8994
8838
8702
8857
8646
8726
8660
8647
8646
8609
8580
8551
8492
8639
8551
8572
8457
8326
8268
8363
8260
8259
7996
7926
8002
7780
7929
8106
8194
8171
8036
7999
8047
8075
8004
8017
7921
7964
7952
7765
7797
7705
7672
7580
7633
7757
7798
7687
7918
8072
8089
8078
7890
7760
7783
7798
7670
7767
7661
7735
7620
7701
7723
7642
7643
7754
7831
7730
7501
7542
7440
7532
7342
7495
7302
7233
7356
7250
7142
7037
6918
6974
6839
6647
6660
6588
6485
6264
6353
6290
6429
6358
6321
6102
5975
5789
5692
5879
5985
5834
5674
5826
5925
5804
5663
5512
5525
5423
5332
5181
5290
5378
5206
5264
5065
5195
5144
5241
5185
5113
5328
5505
5636
5615
5696
5629
5515
5488
5504
5486
5440
5423
5512
5691
5816
5824
5911
5956
6033
6038
6056
6242
6544
6488
6424
6440
6523
6603
6486
6511
6626
6452
6415
6421
6595
6611
6411
6545
6615
6837
7082
7032
6972
7386
7138
7079
7056
7061
6918
6801
6829
6905
6899
6878
6995
6845
6720
6788
6642
7091
7037
6712
6518
6792
6857
6883
6984
6951
6994
6917
6782
6527
6682
6848
6777
6761
6699
6608
6428
6386
6216
6090
6087
6217
6053
6070
6087
6225
6245
6027
6127
6177
6228
6249
6274
6165
6175
6012
5964
5792
5709
5519
5470
5537
5384
5313
5340
5309
5257
5429
5448
5323
5305
5517
5755
5872
5852
5710
5704
5659
5744
5687
5716
5695
5741
5841
5557
5557
5511
5372
5386
5384
5393
5285
5292
5197
5212
5250
5122
5126
5320
5366
5458
5612
5602
5696
5747
5761
5730
5649
5574
5380
5288
5304
5384
5286
5323
5200
5288
5390
5308
5280
5438
5232
5139
5183
5217
5303
5236
5198
5226
5387
5410
5401
5381
5346
5396
5480
5478
5445
5599
5701
5680
5738
5857
5803
5952
5875
5826
5637
5286
5139
5107
5125
5095
4994
4953
5026
4931
4863
4866
4979
5150
5398
5434
5623
5613
5752
5587
5571
5864
5835
5980
5954
5939
5888
5683
5724
5858
5881
5863
5898
5688
5733
5667
5698
5812
5595
5489
5321
5240
5181
5207
5125
5375
5377
5204
5232
5329
5289
5287
5428
5463
5446
5352
5319
5373
5318
5281
5188
5122
5294
5306
5323
5455
5431
5405
5415
5275
5224
5200
5184
5202
5156
5188
5186
5167
5116
5054
4962
4958
5051
5290
5493
5430
5448
5301
5304
5320
5413
5304
5340
5415
5383
5514
5373
5349
5354
5159
5081
5042
5067
5147
5323
5308
5427
5390
5450
5464
5486
5526
5412
5492
5343
5464
5574
5614
5517
5402
5358
5447
5432
5405
5351
5206
5216
5376
5343
5407
5181
5235
5362
5427
5412
5233
5258
5363
5477
5637
5547
5702
5404
5485
5503
5484
5603
5487
5631
5644
5651
5706
5780
5701
5611
5504
5695
5705
5702
5567
5641
5378
5558
5659
5624
5549
5513
5506
5509
5602
5741
5803
5781
5749
5852
5820
5972
5880
5680
5855
5727
5716
5741
5820
5853
5872
5823
6072
6117
6078
6123
5985
5817
5911
6083
6042
6126
6069
6121
6227
6124
6234
6166
6081
6138
6195
6220
6093
6081
6186
6137
6220
6207
6183
6189
6080
6121
6087
6056
6171
6244
6263
6255
6173
6259
6357
6283
6506
6408
6379
6359
6377
6464
6444
6512
6628
6883
7021
7077
7155
7188
7298
7364
7467
7567
7660
7673
7613
7665
7602
7562
7601
7505
7276
7177
7055
6879
7070
6979
7114
7120
7291
7390
7190
6993
7006
7124
7072
6879
6982
6866
6831
6672
6601
6513
6477
6724
6716
6743
6929
6919
7154
6973
6951
6951
7021
7076
6970
7116
7423
7191
7257
7121
7243
7255
7169
7128
7198
7188
7122
7136
6969
6875
6865
6927
6826
6679
6546
6561
6743
6760
7002
7143
6987
7000
6963
7098
6904
6958
6778
6905
6810
6782
6776
6784
6739
6644
6628
6580
6584
6452
6362
6498
6280
6019
5975
5894
5918
5997
6100
6092
6078
6120
6112
5827
5894
6007
6175
6420
6352
6166
6197
6169
6108
6224
6345
6189
6061
6032
6109
6168
6194
6288
6208
6107
6100
6297
6142
6145
6221
6218
6357
6472
6534
6289
6235
6297
6175
6105
6231
6187
6031
6074
6234
6244
6209
6044
5892
5978
5877
5922
5997
6062
6040
6122
6166
6228
6195
6017
5937
5923
6052
5948
5941
5985
5820
5991
6073
6097
6168
6243
6007
5970
5897
5693
5909
5740
5746
5743
5771
5830
5813
5789
5866
5803
5770
5761
5606
5850
5904
6082
5871
5762
5553
5444
5484
5526
5476
5509
5626
5719
5768
5675
5867
5967
6133
6253
6299
6257
6100
6117
5898
5832
5726
5772
5691
5774
5905
6052
6090
6187
6174
6386
6319
6378
6485
6372
6246
6249
6133
6251
6188
6342
6384
6524
6740
6779
6800
6882
6846
6849
6786
6803
6748
6675
6813
6811
6690
6753
6578
6452
6502
6399
6385
6487
6568
6609
6535
6474
6391
6414
6351
6270
6536
6615
6635
6678
6898
6911
7078
7021
7027
7001
6875
6900
6718
6940
7074
7206
6933
7126
7131
7198
7220
7094
7142
7157
7199
7395
7714
7803
7941
7956
7716
7858
7798
7719
7667
7477
7461
7536
7529
7380
7463
7268
7279
7353
7526
7513
7569
7405
7191
7344
7156
6879
6949
6798
7032
7044
6952
6813
6784
6793
6580
6584
6551
6601
6428
6416
6544
6573
6555
6739
6722
6567
6673
6549
6565
6557
6426
6264
6171
6050
6030
5888
5766
5763
5671
5833
5887
5678
5608
5793
5899
5841
5716
5814
5845
5873
6031
5915
5908
5783
5807
5784
6013
6078
6192
6203
5890
5708
5656
5730
5537
5719
5807
5736
5521
5283
5235
5374
5446
5576
5484
5590
5641
5465
5509
5375
5499
5432
5331
5420
5573
5626
5522
5417
5574
5536
5485
5444
5356
5391
5620
5707
5827
5909
6048
5997
6109
6113
6214
6273
6149
6053
5934
5892
5887
5764
5787
5680
5756
5860
5716
5702
5669
5741
5984
5955
6025
5998
5999
5878
6103
6154
5978
5952
5842
5807
5730
5578
5559
5504
5383
5356
5423
5497
5527
5349
5293
5335
5327
5352
5502
5485
5628
5597
5671
5703
5713
5796
5875
5955
5985
6045
6207
6203
6315
6201
6160
6138
6281
6159
6003
5752
5632
5712
5743
5764
5705
5580
5624
5822
5782
5766
5712
5631
5628
5609
5609
5630
5551
5501
5516
5408
5346
5427
5286
5243
5411
5333
5150
4972
4955
5131
5244
5305
5307
5365
5525
5517
5528
5592
5488
5623
5102
4969
5009
5048
5053
5096
5147
5212
5306
5453
5411
5315
5358
5525
5593
5531
5471
5474
5453
5454
5535
5726
5617
5482
5416
5333
5310
5341
5409
5391
5454
5570
5689
5626
5688
5716
5672
5675
5885
5902
5915
6016
5930
5933
5951
6099
6044
6088
6105
5963
5922
5906
5885
5831
5856
5717
5720
5792
5812
5811
5811
5746
5661
5740
5581
5606
5493
5529
5395
5370
5271
5433
5506
5522
5423
5261
5299
5461
5340
5271
5203
5261
5241
5297
5385
5340
5336
5415
5331
5294
5288
5415
5142
5128
4914
4966
4934
4928
4998
5112
5027
4840
4885
4875
4874
4685
4743
4745
4644
4773
4814
4949
5058
4952
4949
5095
5102
5100
4890
4938
4912
4766
4710
4886
5016
5223
5275
5099
5023
5077
5100
5033
4933
5030
4934
5005
5028
5030
5102
5095
5118
5038
5110
4960
4952
4916
4915
4989
5008
4936
5025
5001
4907
4768
4846
4830
4951
4981
4901
4943
4809
4765
4811
4786
4727
4704
4667
4744
4671
4523
4415
4501
4405
4467
4452
4470
4441
4402
4442
4563
4395
4496
4482
4372
4375
4340
4299
4279
4302
4165
4398
4303
4407
4230
4099
4012
4106
4112
4000
3993
3853
3896
3794
3741
3789
3648
3840
3881
3914
3850
3771
3644
3674
3560
3680
3636
3439
3377
3274
3260
3231
3189
3214
3298
3331
3244
3154
3079
3016
2991
3035
3042
3174
3223
3352
3372
3447
3533
3436
3389
3350
3402
3434
3520
3544
3427
3573
3765
3774
3701
3858
3760
3614
3540
3650
3719
3995
4162
4061
4221
4299
4238
4086
4144
4227
4346
4379
4256
4356
4226
4280
4236
4082
4076
4135
4184
4107
4157
4257
4052
4028
4090
4145
4166
3994
3975
3942
3953
4098
4089
4106
4092
4123
4240
4312
4238
4409
4276
4259
4360
4291
4270
4167
4194
4249
4230
4235
4121
4057
3932
3897
3928
3941
4004
4088
3956
4041
4221
4209
4126
3927
4042
3988
3974
4122
4080
4039
4033
3897
4059
4144
4092
3873
3912
3973
3962
3987
4162
4084
4087
4059
4139
4227
4210
4245
4335
4385
4483
4374
4451
4351
4315
4292
4439
4470
4467
4573
4570
4800
4735
4632
4606
4636
4422
4319
4115
4305
4365
4225
4192
4164
4175
4251
4151
4178
4181
4175
4151
4093
4086
4115
4072
4221
4266
4345
4334
4297
4203
4262
4426
4521
4455
4501
4492
4546
4753
4655
4655
4777
4865
4935
4683
4610
4571
4808
4876
5016
4954
5016
5034
5096
5157
5261
5250
5147
4946
4984
5027
5095
5237
5103
5117
5291
5143
5076
5145
5203
4931
5025
4814
4934
4979
4901
4851
4825
4802
4717
4737
4693
4666
4674
4616
4540
4535
4561
4659
4761
4748
4682
4750
4832
4886
4836
4800
4877
4719
4889
4762
4631
4715
4615
4626
4572
4584
4658
4666
4600
4921
4935
5214
5222
5339
5313
5416
5537
5398
5393
5419
5439
5298
5139
5005
5189
5272
5248
5416
5343
5318
5196
5210
5194
5125
5147
5181
5336
5325
5318
5254
5297
5173
5218
5371
5173
5259
5459
5385
5307
5278
5419
5403
5425
5289
5617
5702
5482
5600
5743
5647
5652
5672
5647
5406
5424
5556
5624
5633
5508
5486
5483
5535
5548
5354
5278
5189
5089
5222
5282
5320
5324
5355
5257
5290
5339
5473
5486
5496
5564
5448
5430
5351
5523
5421
5239
5194
5209
5189
5218
5307
5291
5311
5391
5436
5495
5388
5419
5388
5432
5507
5585
5646
5762
5746
5611
5614
5449
5577
5606
5652
5679
5754
5772
5931
5632
5745
5557
5514
5387
5407
5485
5410
5471
5449
5437
5337
5331
5154
5073
4940
4964
4985
5051
5123
5196
5283
5212
5165
5195
5198
5321
5406
5187
5018
5065
5173
5132
5137
5159
4944
4743
4766
4784
4711
4901
4838
4775
4687
4700
4758
4805
4782
4762
4831
4958
4856
5034
5109
5150
5296
5433
5535
5513
5464
5484
5345
5348
5399
5391
5452
5397
5346
5309
5407
5457
5590
5712
5618
5550
5533
5560
5499
5404
5546
5626
5680
5729
5604
5560
5572
5416
5456
5426
5395
5670
5656
5454
5474
5447
5596
5665
5565
5765
5779
5735
5668
5590
5481
5541
5578
5641
5719
5682
5674
5542
5640
5900
6022
6207
6295
6235
6388
6248
6095
6344
6398
6446
6458
6354
6596
6473
6404
6348
6301
6305
6471
6411
6382
6269
6315
6166
6088
5846
5857
5811
5830
5696
5801
5678
5808
5771
5758
5764
5769
5998
6026
6057
5961
5961
5960
6031
5780
5675
5787
5823
5696
5845
5856
5899
5853
5930
5946
5718
5621
5597
5831
5757
5760
5855
5831
5910
5816
5862
5808
5911
6018
6080
6073
6005
6023
6020
6110
6195
6239
6402
6358
6201
6335
6406
6422
6572
6485
6354
6255
6253
6318
6104
6051
5941
5807
5569
5664
5661
5612
5491
5603
5546
5592
5547
5526
5454
5451
5371
5336
5391
5262
5205
5311
5385
5268
5176
5239
5237
5156
5156
5192
5098
5164
5128
5222
5219
5166
5427
5495
5552
5354
5358
5410
5409
5454
5665
5542
5844
5810
5880
6072
6077
6106
5996
6010
5893
5973
5810
6017
6038
6221
6204
6106
6220
6097
6259
6161
6022
6155
6256
6205
6292
6294
6338
6613
6593
6699
6553
6576
6747
6690
6511
6748
6563
6499
6695
6762
6684
6591
6683
6800
6990
7151
7015
7094
7180
7285
7183
7172
7168
7304
7438
7446
7217
7160
6873
6948
7110
7127
6940
7099
6934
6733
6708
6685
6627
6478
6491
6539
6568
6427
6430
6473
6554
6325
6377
6647
6455
6307
6129
6159
6087
5965
5921
5931
5828
5685
5902
5858
5959
5843
5751
5747
5741
5725
5775
5943
5808
5498
5427
5628
5710
5555
5507
5557
5507
5371
5385
5224
5297
5304
5295
5400
5381
5384
5546
5409
5467
5444
5315
5296
5301
5338
5381
5426
5526
5297
5273
5195
5282
5282
5343
5429
5431
5477
5623
5538
5610
5673
5556
5618
5703
5939
6032
5898
5997
6054
6043
6057
6276
6042
6227
6173
6152
6173
6127
6056
5898
5861
5899
5840
5723
5797
5767
5807
5827
5893
5747
5835
5767
5887
5980
5958
6000
6073
6112
6320
6222
6376
6326
6340
6571
6459
6467
6384
6399
6309
6118
6113
5953
5810
5800
5749
5980
6028
5947
5841
5735
5612
5525
5515
5554
5621
5443
5447
5553
5665
5618
5779
5777
5906
5964
6105
5871
5781
5887
6070
6133
6060
6047
6125
6002
5992
5933
6145
5938
6062
6009
6006
5893
5720
5739
5519
5491
5419
5515
5544
5463
5466
5381
5379
5341
5412
5334
5337
5415
5452
5304
5379
5378
5343
5327
5375
5458
5552
5576
5478
5454
5645
5754
5648
5739
5777
5761
5858
5923
6118
6207
6383
6284
6350
6441
6350
6176
6149
6073
6103
6192
6193
6350
6305
6204
6243
6082
6144
6176
6106
6034
6109
6117
6083
5952
5815
6035
6091
6206
6356
6225
6116
6237
6306
6291
6261
6194
6182
6237
6133
6303
6395
6566
6723
6831
6596
6635
6445
6354
6432
6373
6392
6597
6735
6640
6698
6508
6579
6381
6424
6374
6171
5969
6085
6035
5888
5812
5930
6056
6113
6275
6271
6192
6203
6171
6134
6126
6206
6259
6379
6508
6437
6570
6601
6631
6429
6485
6398
6468
6365
6159
6131
6096
5969
6084
6190
6162
6045
5946
5979
5997
5628
5605
5545
5661
5678
5675
5799
5774
5898
6018
6171
6095
5793
5733
5884
5857
5712
5802
5792
5688
5825
5761
5782
5741
5637
5730
5780
5952
5895
5824
5850
5909
5988
5774
5576
5526
5510
5343
5372
5362
5483
5523
5642
5726
5621
5705
5582
5656
5537
5724
5709
5718
5680
5980
6036
6122
6231
6203
5985
5869
6144
5921
5803
6137
6288
6174
6190
6246
5948
5987
5660
5592
5449
5288
5244
5413
5531
5635
5732
5723
5828
5940
5909
5937
5842
5824
5774
5816
5788
5845
5996
6055
5807
5914
5937
5707
5561
5560
5406
5497
5538
5587
5658
5447
5385
5366
5492
5541
5409
5500
5692
5653
5759
5523
5489
5223
5150
5052
4941
4814
4729
4670
4884
4723
4673
4596
4465
4453
4534
4570
4515
4686
4721
4717
4533
4394
4401
4328
4318
4251
4129
4053
3949
3985
4183
4271
4351
4416
4413
4320
4233
4240
3970
3856
3909
3812
3764
3690
3788
3836
3844
3955
4085
4241
4211
4292
4402
4377
4388
4239
4344
4530
4452
4444
4518
4437
4365
4552
4484
4599
4523
4723
4875
4852
4939
4806
4915
4935
4885
4769
4842
4860
4659
4539
4626
4793
4646
4400
4397
4575
4602
4759
4885
4837
4793
4806
5090
5096
4969
4916
4857
4887
4920
4843
4758
4508
4527
4794
4868
4838
4895
4889
5025
5163
5268
5364
5261
5277
5312
5214
5165
5175
5237
5383
5303
5531
5551
5389
5550
5318
5468
5614
5744
5689
5589
5576
5373
5341
5417
5566
5482
5407
5264
5325
5366
5427
5548
5459
5474
5564
5535
5529
5509
5382
5484
5653
5582
5451
5499
5604
5771
5712
5785
5832
5853
5859
5738
5816
5763
5765
5678
5723
5862
5732
5681
5569
5494
5534
5542
5472
5372
5360
5136
5131
5056
5190
5299
5233
5230
5368
5333
5186
5088
5157
5257
5240
5249
5265
5374
5213
5403
5433
5343
5267
5155
5176
5212
5284
5209
5237
5346
5475
5373
5643
5599
5496
5472
5663
5692
5708
5828
5685
5858
6208
6249
6079
6119
6003
6020
6127
5988
6236
6009
6003
5925
6001
6020
5871
5876
5803
6044
6230
6145
6172
6176
6147
6310
6135
6211
6096
6240
6290
6267
6273
6218
6204
6186
6144
6148
6222
6267
6377
6377
6390
6333
6440
6290
6202
6287
6288
6374
6300
6251
6330
6285
6333
6230
6283
6054
6023
5924
6046
5864
5715
5715
5521
5400
5382
5461
5563
5608
5710
5791
6025
6077
6050
6000
5936
5970
6084
6192
6269
6158
6133
6230
6447
6403
6263
6123
6030
6169
6249
6143
6008
6099
5983
5902
6166
6242
6171
6239
6058
5967
6060
5911
5794
5922
5857
5684
5787
5908
5790
5538
5588
5719
5839
5924
5676
5691
5779
5772
5962
5915
5698
5729
5518
5525
5542
5432
5416
5457
5731
5971
6120
6108
6231
6142
6146
6165
6108
6132
6152
6087
6219
6119
6032
6151
6032
6161
6112
6172
6243
6244
6204
6286
6217
5990
5867
5985
5925
6093
5921
5834
6202
6200
6179
6240
6340
6350
6347
6288
6238
6272
6368
6369
6535
6716
6609
6685
6708
6683
6587
6560
6538
6612
6648
6722
6870
6792
6750
6823
6853
6759
6729
6741
6654
7035
6834
6821
6844
6782
6819
6758
6776
6871
6874
6896
7046
6974
7089
6842
7084
7125
7155
7139
7031
7233
7375
7481
7414
7515
7501
7640
7607
7541
7550
7517
7562
7667
7527
7462
7252
7514
7611
7721
7705
7594
7471
7429
7289
7336
7189
6981
7024
6898
6815
6791
6856
7078
7067
7156
7226
7265
7404
7540
7526
7210
7091
7129
7135
6993
6869
6831
6782
6860
6834
6741
6668
6571
6268
6312
6359
6124
6145
5980
5910
5957
5957
5796
5787
5533
5428
5264
5229
5189
5273
5280
5205
5200
5122
5149
5109
5108
5200
5178
5234
5270
5304
5401
5358
5476
5519
5577
5418
5319
5537
5575
5643
5575
5646
5588
5556
5392
5434
5538
5650
5679
5798
5736
5642
5717
5572
5613
5573
5795
5787
5554
5692
6035
5935
6047
6113
6250
6271
6347
6363
6408
6299
6322
6458
6281
6266
6255
6174
6087
6108
6208
6240
6243
6286
6375
6451
6295
6319
6244
6267
6253
6183
6164
6180
6001
6025
6145
6079
6206
6216
6220
6235
6233
6073
6097
6201
6007
5907
6045
5999
6081
6005
5981
5943
5935
5907
5984
6008
6041
6136
6209
6133
6162
6067
5953
5935
5976
6014
5956
5777
5819
5807
5600
5656
5593
5340
5309
5311
5400
5573
5582
5441
5345
5541
5479
5529
5529
5501
5635
5536
5503
5568
5580
5625
5773
5836
5723
5851
5959
5928
6010
6051
5955
6062
6054
6058
5891
5947
5978
6036
6033
5963
5721
5827
5889
5810
5928
6050
5987
6146
6115
6149
5907
5982
6124
6136
6163
6105
6090
6101
6032
5915
5968
5981
5949
5735
5792
5856
5839
5825
5634
5491
5597
5441
5442
5490
5562
5372
5314
5396
5412
5490
5478
5604
5724
5722
5657
5591
5739
5705
5522
5598
5677
5459
5646
5785
5720
5706
5645
5677
5731
5662
5645
5552
5583
5617
5430
5387
5416
5345
5316
5372
5505
5611
5524
5625
5449
5330
5419
5527
5556
5652
5629
5690
5706
5678
5755
5922
5962
5917
5838
5770
5921
6004
6188
6136
6052
5876
5689
5638
5800
5904
5992
5923
5860
6070
6117
6342
6076
6100
5931
5890
5964
5840
5973
5941
5976
6033
6124
6059
6109
6077
6017
6057
5995
5869
6007
5872
6109
6057
6106
6061
6197
6205
6093
6300
6324
6304
6356
6130
5940
5941
5909
5940
6106
6064
6015
5936
6057
5983
5995
6042
6043
6002
6167
6148
6108
5953
6201
6294
6232
6055
6111
6009
6062
6161
6210
6197
6184
6441
6321
6474
6456
6525
6362
6378
6499
6384
6277
6238
6113
6149
6065
6125
6024
6097
5979
5822
5752
5868
5942
5911
5926
5803
5873
6073
6272
6291
6421
6622
6813
6904
6955
6970
6991
6859
6731
6781
6838
6658
6800
6571
6708
6820
6821
6599
6680
6810
6852
6833
6903
6936
6986
6995
7044
7113
7300
7280
7259
7201
7069
6878
6916
6745
6650
6691
6816
6785
6810
6919
7000
7085
7092
7037
6969
6936
7038
7023
7210
7130
7259
7118
7133
7030
7063
7036
6928
7122
7180
7176
6816
6607
6543
6566
6433
6317
6377
6248
6011
5909
6010
5972
5993
5982
5969
5774
5843
5791
5611
5610
5718
5764
5702
5486
5468
5644
5538
5559
5508
5542
5596
5562
5508
5298
5408
5393
5356
5381
5359
5348
5384
5265
5217
5276
5152
5266
5368
5405
5459
5532
5634
5577
5605
5533
5433
5422
5356
5164
5206
5270
5294
5293
5595
5560
5584
5714
5729
5669
5582
5674
5905
5998
6129
6182
6153
5993
5845
5863
5813
5794
5883
5948
5843
5814
5771
5693
5580
5565
5747
5828
5787
5779
5870
5808
5802
5758
5787
5735
5588
5501
5413
5553
5481
5402
5315
5319
5384
5600
5551
5326
5133
5141
4994
5044
5124
5050
5018
5095
5005
5017
4968
4852
4861
4849
4963
5300
5391
5393
5434
5520
5485
5362
5431
5548
5583
5455
5373
5579
5673
5893
5886
5880
5811
5916
5995
6015
6166
6351
6397
6271
6180
6005
6077
6073
6165
6126
6078
6073
6099
6054
5878
5950
5834
5799
5732
5662
5468
5390
5363
5316
5173
5214
5231
5405
5473
5356
5517
5546
5853
6021
5897
6035
6177
6361
6498
6567
6715
6598
6436
6362
6330
6375
6553
6558
6534
6732
6891
7013
6976
7086
7256
7377
7241
7236
7321
7263
7370
7284
7339
7279
7360
7344
7195
7121
7110
6984
6874
6774
6714
6865
6661
6847
6892
6809
6780
6581
6833
6858
6885
7003
6992
7034
7064
7055
6984
7093
7183
7242
7100
7091
7008
6962
6802
6953
6896
6916
6903
6807
7005
6981
7044
6886
6775
6655
6736
6591
6603
6369
6422
6492
6512
6497
6527
6487
6478
6471
6526
6449
6606
6573
6415
6636
6424
6379
6489
6486
6417
6344
6204
6202
6257
6355
6227
6324
6284
6155
6217
6199
6123
6170
6252
6163
6206
6232
6360
6300
6152
6103
5998
5982
5798
5863
5862
5903
5990
6091
6046
6033
6140
6142
6121
6136
5925
6045
6203
6346
6297
6022
5989
6120
6223
6061
6022
6088
5819
5972
5877
5924
5880
5790
5726
5793
5806
5939
5806
5691
5683
5816
5682
5610
5663
5647
5546
5435
5562
5603
5619
5672
5737
5749
5800
5787
5843
5982
6093
6038
6131
6107
6208
6183
6223
6013
5861
5817
5852
5624
5522
5654
5678
5660
5579
5472
5570
5526
5319
5384
5257
5348
5175
5168
5098
5125
5017
4951
4935
4767
4676
4640
4632
4753
4662
4690
4781
4771
4856
4883
5005
5015
5059
4915
4923
4894
4701
4685
4572
4658
4648
4540
4527
4400
4436
4480
4473
4433
4330
4559
4506
4571
4570
4671
4654
4562
4604
4715
4728
4812
4745
4688
4646
4850
4761
4692
4715
4747
4803
4943
4789
4752
4676
4582
4701
4860
4728
4786
4799
4752
4858
4880
4740
4714
4602
4584
4604
4730
4880
5111
4944
5014
5027
5037
5075
5149
5249
5318
5326
5297
5261
5171
5338
5307
5390
5210
5249
5167
5048
5128
5105
5153
5081
5240
5293
5349
5266
5437
5398
5419
5547
5608
5599
5628
5571
5733
5577
5387
5505
5490
5625
5652
5627
5671
5766
5946
6068
5957
6111
6228
6307
6376
6428
6440
6573
6619
6513
6591
6528
6581
6650
6542
6529
6449
6463
6404
6295
6503
6585
6712
6675
6594
6454
6349
6375
6354
6375
6450
6456
6419
6440
6237
6090
6043
6039
6183
6173
6066
6012
5963
5962
6257
6156
6217
6194
6213
5973
6104
6226
6001
5868
5919
5880
6016
5904
5864
5837
6086
6075
5991
5936
5885
5976
5929
5976
5935
