1005000
266764
173623
128012
101185
83949
71411
62277
54773
48964
44341
40128
36533
33878
31187
29081
27453
25796
24406
22865
22127
20917
20278
19327
18409
17611
17115
16519
16110
15502
15106
14277
13814
13392
12969
12554
12257
12023
11729
11602
11368
10950
11115
11016
10877
10761
10388
10118
9860
9707
9510
9357
9146
8889
8719
8479
8161
7825
7675
7609
7270
7128
6821
6890
6816
6669
6465
6449
6568
6512
6370
6221
6042
5918
5814
5632
5555
5475
5334
5280
5158
5268
5268
5099
5088
5073
4825
4823
4859
4833
4829
4871
5064
4899
4808
4762
4622
4587
4345
4481
4511
4652
4544
4555
4453
4477
4491
4384
4359
4326
4227
4159
4110
4167
4128
4191
4200
4201
4139
4050
4054
4039
4066
4073
3888
3930
3856
3936
3973
4025
3959
3942
3994
3996
4040
4047
3873
3720
3524
3382
3467
3360
3393
3419
3387
3319
3106
3182
3295
3376
3498
3569
3570
3515
3452
3476
3435
3603
3689
3628
3433
3420
3424
3497
3549
3367
3363
3330
3405
3388
3591
3678
3607
3522
3454
3518
3495
3401
3484
3450
3434
3347
3290
3199
3293
3398
3443
3322
3313
3417
3212
3183
3230
3030
2895
2937
2875
2952
2830
2844
2817
2731
2772
2859
2950
2875
2968
2921
2942
3106
3180
3198
3058
2970
2905
2856
2896
2865
2839
2767
2725
2753
2805
2855
2830
2789
2851
2917
2959
2954
2897
2848
2854
2758
2650
2482
2499
2421
2472
2557
2469
2397
2393
2380
2373
2419
2356
2419
2480
2467
2556
2518
2409
2407
2448
2382
2324
2316
2264
2277
2290
2259
2347
2295
2418
2388
2488
2453
2430
2395
2434
2383
2346
2477
2458
2500
2417
2488
2526
2591
2525
2400
2310
2287
2170
2104
2057
2076
2083
2035
2091
2091
2146
2243
2335
2361
2477
2484
2464
2626
2691
2741
2631
2761
2775
2808
2750
2776
2730
2920
3040
3012
3069
3129
3137
3183
3139
2988
2844
2847
2930
2893
2875
3039
3173
3322
3250
3322
3393
3329
3345
3342
3358
3207
3163
3108
3159
3199
3089
3090
3198
3156
3055
2976
2960
2800
2765
2784
2852
2812
2770
2736
2848
2839
2835
2724
2725
2819
2905
2865
2884
2842
2874
2873
2883
2803
2798
2740
2836
2669
2712
2806
2810
2822
2732
2638
2600
2628
2386
2377
2409
2406
2524
2407
2360
2271
2216
2115
2159
2172
2220
2154
2103
2172
2184
2199
2212
2103
2143
1947
1971
1878
1797
1761
1764
1757
1740
1697
1731
1806
1818
1875
1932
1878
1852
1864
1975
1974
1938
1943
1977
1921
1869
1875
1923
1885
1887
1905
1911
1843
1922
1789
1806
1869
1947
1973
2023
2121
2062
2038
2026
2074
2006
1977
1911
1849
1797
1774
1701
1747
1836
1893
1961
1968
1896
1969
2057
1935
1884
2007
2086
2025
2079
2025
1931
1843
1963
2025
2190
2145
2289
2329
2349
2158
2120
2108
2107
2032
1998
2084
2068
2109
2190
2212
2244
2285
2245
2239
2202
2177
2104
2200
2143
2134
2230
2221
2151
2145
2175
2217
2218
2149
2358
2447
2473
2636
2647
2807
2919
2963
2959
2936
3009
3051
3036
2919
2964
2986
2923
2982
2959
2863
2892
2900
2833
2838
2828
2708
2713
2689
2751
2791
2858
2874
2887
2885
2878
2775
2867
2860
2886
2979
3008
2905
2924
2854
2957
2902
2907
2851
2966
2980
3085
3119
3200
3148
3123
3182
3177
3180
3026
3042
3115
3195
3101
3101
3151
3317
3292
3289
3366
3258
3269
3218
3209
3249
3268
3423
3390
3402
3279
3219
3214
3183
3286
3248
3292
3227
3173
3131
3175
3110
3142
3218
3196
3179
3088
2914
2875
2832
2836
2778
2619
2636
2655
2718
2748
2788
2725
2715
2632
2746
2788
2729
2575
2530
2694
2802
2866
2883
2947
2963
2950
2945
2997
3116
3087
3061
3030
3071
3011
3123
3182
3245
3308
3354
3587
3595
3728
3746
3779
3705
3717
3595
3492
3427
3432
3601
3701
3734
3700
3672
3647
3648
3732
3763
3665
3708
3637
3824
3851
3838
3770
3835
3832
3769
3718
3751
3780
3662
3660
3708
3853
3907
4103
4093
4172
4334
4269
4199
4147
4220
4150
4247
4313
4348
4252
4378
4289
4284
4337
4364
4397
4373
4386
4253
4334
4326
4366
4290
4127
4198
4239
4355
4576
4579
4543
4661
4876
4962
5004
4965
5053
5116
5025
5181
5261
5227
5251
5143
5190
5145
5132
5203
5220
5228
5236
5135
5095
5114
4950
4992
5005
4972
5020
4949
4836
4824
4725
4727
4751
4769
4829
4729
4577
4672
4677
4680
4562
4602
4534
4459
4466
4357
4300
4257
4227
4302
4396
4312
4119
4238
4418
4466
4513
4375
4242
4273
4341
4420
4352
4340
4413
4485
4642
4670
4853
4773
4673
4428
4272
4210
4217
4211
4311
4201
4143
4151
4245
4262
4285
4351
4386
4471
4578
4629
4492
4596
4597
4354
4531
4723
4589
4625
4701
4636
4557
4632
4596
4715
4804
4722
4851
4900
4984
5010
4911
4986
5005
4834
4819
4762
4757
4729
4752
4951
4938
4928
4958
4952
5107
5187
5107
5116
5105
5054
4985
4975
5081
4956
4922
4994
5034
5089
5134
5068
5190
5243
5464
5448
5397
5266
5314
5231
5182
5006
5093
5176
5273
5418
5488
5514
5528
5697
5552
5558
5443
5328
5301
5443
5460
5489
5632
5442
5522
5403
5409
5450
5576
5623
5575
5562
5614
5651
5506
5399
5271
5326
5353
5409
5489
5485
5742
5656
5526
5381
5466
5353
5249
5392
5400
5555
5639
5512
5577
5690
5683
5799
5802
5881
5784
5889
6015
5975
6091
6199
6296
6378
6510
6599
6587
6591
6491
6498
6454
6380
6322
6210
6285
6238
6237
6116
6079
5937
5960
5869
5940
5876
5666
5739
5753
5795
5939
5826
5835
5780
5654
5717
5778
5807
5804
5926
5836
6082
6250
6335
6296
6449
6408
6270
6251
6333
6237
6117
6233
6275
6255
6179
6186
6316
6208
6294
6119
6220
6496
6524
6524
6575
6526
6363
6468
6431
6285
6169
6189
6109
5969
6164
6409
6327
6399
6342
6491
6626
6572
6572
6365
6309
6268
6177
6291
6174
6140
6213
6112
6249
6249
6227
6232
6298
6276
6244
6264
6216
6192
6294
6317
6202
6129
5990
6000
6142
6204
6232
6282
6277
6362
6391
6317
6439
6304
6383
6414
6327
6288
6089
6127
6196
6252
6328
6160
6191
6235
6061
6055
6172
6040
5751
5778
5684
5823
5783
5690
5792
5848
6044
6163
6158
6040
6137
6140
6074
5761
5771
5694
5719
5901
5877
5863
5723
5578
5604
5382
5308
5437
5488
5503
5456
5571
5524
5445
5559
5599
5763
5744
5667
5707
5799
5628
5523
5284
5035
5116
4966
4738
4935
5101
5191
4994
5036
4951
5009
4982
5085
5048
4994
4972
5041
4913
4898
4914
4872
4804
4675
4640
4617
4718
4683
4658
4708
4505
4547
4562
4515
4656
4624
4512
4426
4473
4473
4415
4333
4342
4304
4293
4443
4523
4545
4522
4473
4637
4579
4604
4697
4881
4829
4747
5006
5063
5115
5116
5165
5070
5192
5271
5328
5407
5499
5619
5590
5849
5823
5923
5963
5957
5907
5977
5995
6056
5983
5899
5596
5549
5481
5356
5063
5038
5121
5083
5073
5175
5308
5343
5611
5734
5827
5754
5767
5662
5392
5354
5179
5324
5479
5373
5398
5592
5648
5772
5826
5764
5602
5619
5594
5431
5480
5436
5451
5433
5440
5519
5657
5747
5722
5780
5737
5914
5881
5890
6024
6076
5725
5877
6000
6108
6094
6100
6144
6004
5946
5853
5905
5977
6068
6161
6118
6092
6097
6020
6054
5990
5801
5742
5893
5899
5987
5758
5703
5818
5722
5716
5898
5860
5841
5716
5631
5751
5856
5686
5556
5520
5435
5380
5266
5237
5167
5014
4890
4859
4909
4738
4683
4826
4847
4856
4850
4663
4592
4734
4537
4566
4502
4587
4584
4626
4552
4705
4762
4745
4738
4921
4888
5044
4998
5075
5090
5082
5011
4977
4972
4973
5041
5058
5131
5343
5312
5260
5418
5183
5213
5245
5218
5100
4847
4883
4790
4773
4924
5003
4896
4983
4927
4963
5095
5283
5349
5562
5460
5712
5528
5563
5507
5443
5381
5504
5692
5550
5622
5534
5663
5750
5650
5588
5566
5576
5465
5510
5543
5493
5467
5511
5430
5480
5451
5500
5412
5558
5524
5469
5550
5588
5352
5485
5440
5474
5433
5523
5343
5272
5373
5338
5129
4970
5033
5280
5372
5459
5477
5370
5393
5566
5725
5754
5739
5806
5666
5781
5807
5803
5849
5773
5793
5747
5592
5723
5735
5834
5886
6032
5888
5813
5803
5722
5801
5923
6121
6108
6300
6103
5960
5859
5748
5680
5844
5785
5728
5573
5721
5655
5776
5722
5607
5617
5584
5611
5497
5510
5569
5528
5609
5388
5431
5489
5489
5473
5496
5479
5470
5207
4991
4923
5059
5183
5151
5404
5554
5528
5358
5346
5386
5291
5227
5402
5366
5407
5386
5439
5388
5374
5494
5271
5238
5355
5349
5404
5360
5255
5228
5193
5235
5324
5208
4998
5038
5052
5101
5176
5215
5178
5209
5116
5268
5209
5137
5045
5106
5120
5022
5034
4970
5026
5037
5205
5096
5002
5139
5208
5175
5295
5322
5309
5241
5283
5407
5329
5406
5360
5471
5486
5446
5402
5429
5561
5756
5749
5767
5819
5789
5844
5776
5916
5889
5999
6097
6212
6150
6107
5928
5965
6001
5920
6170
6128
6108
6164
6260
6413
6513
6581
6403
6350
6381
6514
6586
6428
6578
6614
6767
6808
6963
6693
6539
6625
6580
6554
6438
6472
6424
6282
6442
6394
6293
6238
6372
6127
6247
6276
6175
6087
6197
6311
6373
6275
6275
6284
6290
6210
6263
6467
6529
6506
6260
6442
6468
6490
6565
6614
6626
6709
6536
6559
6676
6719
6829
6955
6970
6914
6941
7154
7297
7472
7482
7385
7519
7526
7447
7353
7432
7435
7336
7336
7160
7210
7226
7313
7290
7253
7306
7433
7560
7453
7519
7445
7476
7541
7741
7636
7559
7433
7470
7215
7260
7253
7240
7232
7165
7109
7071
7197
7097
7204
6957
6854
6653
6641
6673
6716
6510
6510
6237
6231
6209
6096
6149
6240
6218
6359
6422
6447
6439
6364
6313
6332
6293
6374
6431
6419
6188
6160
6294
6457
6345
6440
6505
6567
6575
6621
6497
6504
6552
6520
6416
6308
6268
6231
6381
6454
6469
6332
6424
6460
6473
6391
6379
6540
6415
6376
6246
6252
6107
6141
6061
6233
6196
6279
6204
6227
6217
6284
6308
6256
6266
6367
6255
6218
6439
6652
6708
6696
6922
6868
6898
6711
6710
6689
6901
6900
6774
6763
6899
6757
6699
6574
6501
6692
6645
6713
6740
6643
6729
6612
6565
6573
6710
6434
6344
6280
6424
6374
6457
6299
6239
6345
6289
6338
6420
6395
6353
6578
6463
6652
6631
6799
6968
6950
7089
7030
6880
6888
7033
6869
6775
6735
6622
6535
6352
6426
6175
6079
5991
6167
6017
6069
6018
6080
6147
6147
6012
6024
5937
6020
6274
6256
6280
6223
6158
6040
6155
6117
6044
6195
6113
6188
6397
6298
6521
6571
6663
6527
6582
6599
6617
6815
6752
6615
6555
6629
6704
6684
6669
6629
6832
7035
7097
7259
7203
7356
7311
7407
7552
7580
7783
8084
8118
8454
8384
8393
8249
8342
8320
8221
8084
7921
8063
7956
8063
7993
8018
8050
8233
8224
8182
8131
8152
7934
7799
7734
7876
7847
8151
8376
8160
8281
8275
8204
8116
7912
7905
7844
7952
8000
7936
7734
7476
7448
7287
7299
7049
7245
7301
7360
7531
7437
7487
7518
7529
7643
7452
7448
7523
7441
7449
7389
7494
7386
7399
7456
7525
7552
7477
7419
7333
7363
7353
7360
7411
7609
7763
7784
7826
7820
7743
7941
7677
7785
7862
7949
7815
7826
7964
8061
8046
7927
7851
7876
7820
7868
7774
7799
7812
7743
7525
7595
7552
7493
7341
7310
7130
7138
7117
7037
6828
6764
6967
6927
6944
6866
6904
6958
6785
6998
7205
7035
7127
6992
6846
6778
6557
6920
6824
6981
6899
6985
7047
6954
6863
6824
6918
6847
6770
6712
6731
6645
6472
6587
6531
6481
6565
6610
6631
6748
6814
6805
7141
7104
7339
7338
7444
7574
7686
7796
7664
7842
7868
7632
7589
7457
7410
7293
7382
7418
7370
7480
7351
7481
7353
7390
7598
7569
7547
7800
7778
7601
7611
7368
7388
7314
7375
7437
7220
7104
7087
6847
7048
7035
7277
7119
7222
7166
7046
6855
7149
7134
7192
7105
6940
6886
7070
7032
6903
7039
7143
7159
7175
7147
7103
7191
7235
7078
7109
7116
7130
6930
6823
6894
6870
6795
6710
6609
6588
6617
6294
6122
6220
6117
6089
6095
6164
6199
6278
6277
6190
6139
6069
6003
6105
6246
6164
6261
6305
6497
6621
6667
6613
6561
6480
6651
6562
6703
6589
6529
6711
6812
6663
6809
6948
7029
7150
6955
6853
6724
6698
6738
6700
6735
6796
6782
6833
6764
6761
6662
6793
6613
6608
6448
6604
6419
6411
6356
6496
6595
6699
6752
6836
6980
6835
6885
6866
7026
6695
6473
6526
6589
6560
6316
6297
6302
6553
6526
6437
6493
6526
6622
6604
6707
6710
6677
6616
6513
6468
6383
6467
6443
6590
6581
6612
6657
6441
6593
6477
6424
6563
6700
6802
6778
6649
6642
6640
6561
6456
6622
6350
6191
6291
6307
6420
6400
6102
6113
6014
6095
5984
6031
6163
6192
6242
6175
6246
6157
6272
6116
6157
6087
6046
5846
5803
5599
5676
5623
5642
5630
5525
5499
5526
5424
5533
5686
5700
5768
5730
5807
5657
5930
5998
6095
6007
5974
5937
5912
5863
5893
6105
6082
5969
6002
6131
6215
6287
6354
6242
6362
6510
6544
6676
6769
6706
6707
6569
6258
6411
6304
6377
6353
6291
6499
6458
6507
6424
6228
6222
6155
5968
5965
6050
6131
6105
6057
5947
5772
5638
5876
5783
5959
5889
5821
5905
5732
5813
5895
6062
6060
6089
5992
6100
6152
6243
6379
6402
6310
6300
6388
6383
6402
6417
6305
6034
6007
6020
6050
5992
6084
6129
6182
6238
6024
6120
6135
6193
6171
6393
6302
6242
6178
6169
6030
5767
5864
5804
5838
5733
5696
5481
5405
5283
5259
5321
5402
5546
5425
5288
5439
5351
5419
5431
5686
5746
5719
5848
5910
5871
5963
5900
5875
5686
5713
5579
5443
5527
5324
5330
5616
5831
5859
5848
5821
5921
6070
5992
5913
5987
6051
6059
5952
6058
5973
6104
6200
6001
5852
5752
5626
5548
5491
5500
5682
5722
5776
5627
5605
5332
5395
5493
5643
5589
5500
5618
5399
5274
5346
5347
5636
5755
5663
5624
5631
5455
5422
5467
5370
5396
5336
5518
5462
5348
5334
5404
5751
5964
6125
5891
5644
5703
5736
5756
5603
5673
5677
5772
5796
5704
5868
5961
5813
5931
5758
5761
5674
5696
5857
5875
5791
5872
5900
5782
5745
5674
5518
5406
5261
5225
5329
5387
5370
5544
5479
5388
5383
5293
5262
5207
5078
5186
5246
5386
5346
5373
5320
5339
5475
5556
5455
5455
5650
5631
5754
5803
5861
5978
5866
5802
5895
5853
5999
6070
5941
5894
5882
5724
5701
5620
5792
5913
5903
5939
6089
6116
6048
5808
5934
6058
6199
6137
6061
6188
6056
6198
6015
6027
6064
6129
6068
6086
6219
6315
6472
6500
6412
6480
6299
6275
6290
6316
6353
6322
6350
6323
6326
6121
6054
6042
6082
6025
6117
6127
6192
6338
6452
6463
6346
6197
6174
6061
6104
6207
6144
6029
5960
5882
6024
6100
6098
6007
6120
6025
5988
6086
5971
5776
5831
5711
5901
5786
5661
5693
5660
5657
5756
5606
5670
5474
5450
5579
5718
5729
5570
5555
5566
5700
5707
5829
5885
6069
6107
6114
6063
6056
6076
6212
6053
6327
6410
6374
6387
6269
6222
6385
6419
6338
6306
6225
6329
6133
5997
5857
5718
5514
5506
5680
5697
5650
5620
5491
5631
5433
5370
5391
5415
5384
5416
5345
5256
5271
5111
5323
5113
5125
4979
5059
5234
5037
5140
5225
4998
5204
5101
5129
5285
5375
5348
5512
5489
5512
5521
5477
5354
5238
5352
5256
5328
5298
5292
5345
5211
5243
5311
5036
4973
5191
5141
5262
5155
5177
5126
5017
4931
4986
5027
5119
5001
5104
5047
4990
5079
4924
4906
4807
4746
4767
4859
4869
4913
4898
4917
4989
5031
5049
5137
5224
4981
5085
4909
4890
4906
4874
5001
4976
5085
5205
5188
5271
5417
5553
5637
5650
5531
5595
5375
5600
5562
5637
5488
5468
5418
5482
5401
5504
5707
5809
5759
5677
5758
5755
5717
5536
5567
5637
5559
5546
5388
5290
5259
5449
5379
5168
5035
4967
5195
5221
5286
5272
5335
5440
5449
5569
5523
5658
5603
5547
5565
5850
5792
5713
5529
5544
5641
5534
5405
5523
5538
5610
5660
5706
5760
5692
5772
5850
5806
5805
5831
5723
5567
5618
5657
5657
5810
5839
5634
5729
5665
5592
5719
5653
5584
5514
5452
5428
5572
5538
5671
5679
5766
5815
5788
5843
5832
5821
5760
5745
5777
5771
5862
5873
5873
5876
5892
5886
5761
5814
5797
5762
5758
5842
5657
5671
5585
5542
5605
5589
5606
5532
5675
5738
5811
5705
5709
5534
5461
5706
5535
5439
5548
5684
5756
5780
5803
5780
5708
5788
5769
5673
5550
5590
5401
5383
5365
5328
5239
5383
5351
5271
5353
5232
5150
5239
5197
5277
5222
5191
5169
5261
5167
5214
5351
5442
5454
5531
5608
5648
5480
5441
5401
5486
5434
5365
5289
5306
5322
5435
5809
5921
5810
5796
5911
5943
6019
6130
6285
6295
6051
5946
5937
6014
6063
6173
6295
6419
6369
6398
6463
6590
6398
6373
6305
6394
6381
6348
6380
6336
6334
6191
6481
6429
6405
6486
6570
6605
6578
6397
6392
6681
6792
6627
6645
6614
6453
6545
6704
6815
7004
7122
7122
7319
7425
7092
7097
7280
7216
7335
7205
7248
7380
7224
7217
7276
7173
7296
7219
7288
7184
7225
7174
6937
7132
7194
7183
7208
7232
6946
6845
6737
6749
6910
6918
6973
6793
6831
6776
6828
6843
6971
6974
6962
6985
6720
6879
6756
6609
6792
6754
6880
6982
6840
7053
7129
7089
7333
7214
7368
7301
7304
7307
7257
7216
7399
7584
7626
7431
7389
7489
7404
7402
7444
7330
7161
7268
7388
7328
7253
7384
7218
7392
7467
7481
7669
7486
7580
7491
7565
7561
7682
7859
7844
7764
7805
7731
7912
7800
7602
7539
7673
7553
7535
7421
7389
7474
7135
7072
7102
6938
6786
6847
6883
6829
6684
6742
6778
6661
6688
6751
6749
6828
6932
7086
7081
7062
7043
7231
7038
7051
6879
6918
7060
6978
7091
6832
6794
6855
7002
7146
7147
7037
7159
7132
7186
7472
7385
7440
7467
7420
7323
7180
7039
7022
7238
7287
7099
7330
7399
7458
7382
7365
7330
7466
7384
7418
7274
7200
7259
7090
7174
7142
7092
7038
6983
6946
6994
7128
7029
7009
7005
7095
7080
6900
6922
6880
6807
6846
7014
6972
7060
6988
6839
6814
6858
6973
7109
7035
6845
6913
6928
6993
6916
6723
6799
6705
6957
7066
7015
7032
7155
7451
7310
7399
7180
6967
6917
6760
6961
6943
6697
6624
6470
6481
6618
6644
6719
6699
6642
6763
6754
6545
6372
6419
6481
6561
6695
6865
6902
6856
6597
6650
6551
6639
6773
6812
6777
6652
6718
6806
6733
6656
6795
6881
7091
7136
7151
7246
7156
7117
7048
7169
7211
7125
7087
6942
6818
6862
6973
7008
6978
6984
6965
7113
6972
7046
6978
6923
6752
6404
6539
6590
6784
6921
6745
6751
6731
6904
6847
6758
6731
6783
6857
6829
6700
6690
6726
6800
6811
6791
6664
6673
6578
6717
6729
6729
6613
6667
6597
6727
6741
6721
6776
6661
6707
6749
6552
6453
6388
6120
6085
6139
6119
6080
6117
6101
6140
6089
6059
6134
6033
6183
6118
6118
5999
6030
5996
6021
6094
6116
6238
6269
6217
6109
6145
6059
6076
6097
6088
6109
5829
5899
5899
5916
5893
5957
5820
5852
6088
5944
5995
6093
6041
6047
6199
6100
5952
6004
6149
6174
6198
6231
6240
6087
5954
6033
5966
6025
6123
6142
5895
6044
6152
6087
6153
6236
6239
6266
6327
6392
6471
6661
6564
6328
6252
6262
6378
6429
6602
6704
6544
6461
6430
6322
6429
6248
6289
6304
6349
6291
6311
6341
6361
6366
6241
6351
6493
6434
6426
6303
6477
6650
6535
6426
6380
6314
6088
6049
5960
5977
6131
6124
6074
6374
6312
6431
6504
6572
6588
6463
6445
6438
6348
6128
6116
6234
6147
6228
6279
6319
6212
6234
6380
6282
6391
6369
6390
6343
6302
6346
6310
6220
6075
5822
5948
5886
5784
5872
5932
6030
5979
6037
5962
5864
5888
5908
5817
5805
5508
5654
5633
5712
5630
5838
5732
5638
5591
5409
5493
5346
5275
5237
5241
5275
5333
5262
5236
5399
5391
5531
5483
5295
5181
5142
5176
5219
5195
5047
4912
4870
4816
4878
5088
5035
5044
5044
5039
4956
4939
5005
5028
5087
5076
5078
5069
5080
5167
5070
5108
5037
4866
4919
4944
5016
4851
4994
4908
4865
4874
4930
4982
4941
4919
4929
4920
4936
5051
5177
5384
5349
5295
5238
5209
5177
5093
5091
4977
5075
5324
5315
5267
5277
5239
5508
5622
5723
5826
5957
6111
5967
6035
6199
6163
6092
5974
5927
5608
5531
5545
5512
5626
5665
5956
5705
5732
5783
5887
5876
5856
5857
5853
5717
5907
5957
6103
6028
5955
6040
5948
5889
5719
5636
5681
5451
5547
5508
5684
5845
5761
5842
5719
5666
5715
5717
5568
5564
5622
5640
5822
5790
5714
5539
5537
5622
5706
5571
5617
5817
5744
5699
5616
5667
5406
5305
5258
5346
5230
5240
5236
5243
5221
5350
5149
4980
5013
4857
4891
4853
4917
4932
4970
4898
4853
4966
4967
4788
4803
4737
4669
4875
4957
4851
4750
4796
4824
4836
4821
4828
5008
5192
5028
4962
5106
4975
5129
5224
5404
5380
5475
5480
5570
5518
5577
5726
5766
5766
5825
5913
5857
5816
5697
5742
5599
5601
5552
5505
5559
5380
5244
5283
5302
5098
5056
5157
5313
5226
5340
5434
5316
5519
5479
5683
5373
5596
5657
5680
5589
5565
5718
5682
5563
5745
5830
5883
5805
5941
5840
5905
5768
5824
5794
5778
5790
5772
5636
5637
5729
5916
6064
6015
5982
6074
6118
6083
5893
5798
5981
6125
6258
6212
6219
6353
6601
6657
6564
6684
6702
6631
6509
6496
6490
6350
6249
6279
6487
6372
6349
6497
6482
6435
6552
6593
6758
6781
6682
6879
7040
6878
6996
7044
6907
7026
7102
7002
7343
7237
7360
7303
7071
6915
6989
6789
6671
6685
6645
6712
6643
6757
6877
6993
6912
7120
7131
7224
7398
7590
7500
7433
7349
7433
7539
7616
7475
7546
7488
7620
7611
7562
7369
7470
7550
7488
7618
7539
7912
7865
7947
8097
7953
7966
7848
7761
7655
7682
7978
7814
7898
7735
7737
7746
7685
7802
7837
7884
7724
7916
7858
8094
7969
8011
8040
8043
8240
8296
8465
8488
8600
8514
8633
8706
8686
8851
8967
9042
9076
9016
8944
8981
9036
9095
8875
8770
8846
8838
8935
8811
8647
8785
9085
9199
8969
9115
9020
8857
8983
8849
8901
8952
8746
8651
8265
8160
8057
8023
7956
8022
7818
7855
7535
7533
7549
7393
7338
7405
7613
7789
7732
7722
7680
7949
8021
7909
7737
7689
7801
7578
7597
7550
7439
7665
7776
7711
7705
7793
7657
7570
7545
7518
7671
7737
7574
7454
7386
7465
7388
7229
7149
7062
7005
7105
7059
7143
6962
6936
6878
6942
7021
7005
7109
7231
7154
7249
7135
7194
7161
7168
7177
7078
7192
7367
7552
7345
7478
7441
7597
7509
7532
7442
7157
7230
7146
7237
7262
7236
7209
7240
7222
7190
7090
7169
6972
6992
6868
6846
6887
7026
6985
7174
7105
7025
6860
6905
7007
7003
7086
7062
7396
7449
7545
7874
7938
7823
7635
7471
7674
7639
7461
7562
7501
7640
7745
7408
7432
7534
7696
7717
7769
7655
7779
7777
7592
7704
7628
7557
7548
7465
7524
7370
7339
7406
7429
7574
7518
7527
7315
7267
7057
6908
6926
6865
6908
6724
7007
7198
7078
7288
7384
7224
7177
7215
7143
7289
7371
7337
7427
7501
7285
7227
7201
7185
7098
7033
7064
6751
6788
6930
6866
6907
6844
6933
6976
6829
6923
6933
6939
6981
7069
7039
7116
6989
6952
6914
6806
6708
6567
6587
6539
6649
6725
6744
6680
6792
6836
6984
6885
6834
6764
6722
6661
6901
6821
6544
6620
6692
6721
6689
6728
6571
6644
6520
6622
6771
6719
6849
6946
7224
7022
6944
7125
7074
6924
7070
7152
7156
7043
6987
7072
7072
7135
7117
7209
7250
7266
7333
7277
7304
7152
7194
7067
7079
7075
7096
7107
7141
7245
7168
7085
7112
7019
6932
7006
6999
6931
6737
6776
6437
6352
6402
6432
6573
6592
6468
6405
6186
6194
6393
6376
6245
6379
6472
6275
6077
6040
6185
6183
6063
6194
6090
5989
5920
5842
5730
5830
5865
5964
6051
6220
6293
6324
6351
6311
6405
6475
6394
6211
6003
6010
5920
5703
5846
5832
5773
5682
5808
5708
5781
5685
5576
5542
5595
5738
5842
5750
5689
5708
5816
5739
5814
5888
5732
5588
5675
5714
5667
5686
5634
5539
5512
5530
5351
5346
5359
5418
5553
5518
5550
5525
5441
5536
5493
5514
5418
5540
5413
5370
5224
5141
5209
5151
5235
5215
5038
5217
5149
5079
4961
5085
5047
4933
4825
4891
5062
5089
5190
5342
5424
5371
5276
5333
5616
5707
5671
5629
5614
5702
5676
5523
5574
5475
5514
5526
5434
5382
5479
5512
5543
5632
5739
5685
5542
5511
5614
5608
5609
5539
5882
5900
5766
5800
5817
5835
5728
5737
5713
5618
5557
5551
5505
5533
5372
5302
5259
5378
5552
5693
5664
5724
5728
5870
5840
5529
5695
5763
5774
6015
6009
5972
5916
5950
5659
5667
5678
5838
5644
5556
5396
5254
5133
5064
4828
4716
4588
4604
4717
4705
4510
4500
4496
4456
4481
4525
4404
4407
4374
4266
4210
4199
4012
4037
4101
4020
4022
4042
4035
4048
4108
4021
3881
3942
4002
3931
3980
4014
4117
4106
4156
4063
4228
4305
4410
4420
4391
4274
4198
4058
4021
4159
4174
4115
4277
4187
4227
4113
4066
4073
4103
4196
4339
4478
4485
4464
4246
4292
4451
4555
4572
4691
4665
4692
4685
4914
4941
5143
5202
5318
5244
5072
4983
4792
4802
4801
4805
4636
4576
4484
4450
4425
4386
4408
4303
4283
4291
4400
4229
4207
4262
4287
4224
4086
4161
4171
4100
4182
4111
4003
4183
4163
4082
4054
4183
3967
4088
4119
4310
4313
4306
4339
4212
4389
4450
4515
4540
4579
4613
4532
4558
4626
4745
4756
4762
4837
4957
4933
4804
4914
4948
4932
4842
4726
4736
4893
4866
4854
4928
5188
5303
5296
5115
5173
4967
4922
4856
4770
4770
4723
4581
4691
4437
4526
4436
4482
4547
4647
4630
4663
4682
4562
4389
4573
4667
4597
4559
4435
4500
4662
4566
4628
4754
4835
4858
4792
4636
4565
4584
4642
4891
4799
4952
5084
5063
5019
5043
5089
4922
4873
5013
5006
4977
5119
5166
5121
5147
5152
5085
5069
5072
4779
4754
4535
4654
4742
4847
5022
5139
5287
5300
5502
5489
5487
5507
5384
5293
5390
5334
5367
5527
5534
5511
5607
5610
5505
5575
5493
5696
5582
5535
5643
5767
5921
5916
5957
5807
5985
6052
6091
6043
6104
5975
5915
5921
5941
5905
5894
5922
5775
5731
5707
5684
5689
5661
5771
5925
5972
5907
6060
5846
6050
6119
6148
6157
6201
6268
6181
6092
6145
6301
6386
6434
6357
6378
6356
6491
6536
6327
6201
6139
5895
5927
6043
6047
6102
6169
6186
6416
6184
6249
6245
6467
6340
6284
6228
6212
6148
6337
6150
6169
6095
6077
6048
6224
5976
5980
6067
6063
5968
5911
5877
5734
5734
5620
5455
5486
5533
5321
5409
5461
5575
5698
5719
5557
5557
5524
5587
5632
5516
5423
5451
5407
5457
5314
5449
5384
5469
5614
5555
5619
5495
5452
5490
5483
5598
5577
5517
5698
5787
5960
5900
5818
5785
6021
6218
6303
6227
6345
6113
6269
6336
6330
6412
6508
6569
6652
6727
6647
6848
6817
6824
6871
7005
7116
7127
7137
7292
7292
7534
7699
7784
7802
7635
7436
7313
7253
7340
7383
7474
7451
7209
7344
7449
7658
7567
7550
7420
7156
7361
7460
7411
7175
6986
6889
7116
7061
6906
7129
7257
7208
7408
7336
7199
7059
7004
7036
6950
6882
7065
7015
7184
7198
7302
7385
7100
6899
6662
6858
6824
6851
6752
6619
6691
6708
6741
6737
6607
6449
6372
6349
6162
6189
6064
6260
6237
6377
6429
6401
6282
6029
6261
6251
6175
6069
5968
5920
5910
5865
5776
5543
5286
5469
5488
5562
5638
5699
5747
5613
5587
5435
5363
5443
5442
5409
5462
5402
5634
5415
5399
5506
5403
5506
5514
5466
5596
5835
5774
6016
6163
6313
6323
6231
6245
6105
6137
6154
6267
5979
5969
5902
5839
5851
5943
5875
5839
5688
5554
5669
5658
5593
5741
5524
5515
5639
5601
5590
5535
5362
5132
5157
5090
5055
4906
5065
5074
4946
5124
5036
5076
5100
5105
5129
5282
5301
5415
5305
5176
5270
5336
5503
5760
5669
5771
5868
6055
6096
6296
6440
6525
6626
6474
6492
6610
6742
6807
6774
6951
6821
6909
6998
6998
7040
7129
7031
7345
7423
7200
7337
7408
7222
7183
7218
7241
7109
7132
7053
6930
6868
6720
6656
6550
6542
6473
6584
6607
6597
6634
6788
6776
6844
6743
6765
6781
6751
6798
6966
6915
6785
6875
6976
7081
7056
6808
6799
6696
6809
6751
6708
6767
6627
6806
6703
6815
6947
6996
6944
6863
6787
6740
6554
6604
6510
6493
6537
6606
6579
6579
6671
6787
6882
7005
7002
6938
6901
6724
6846
6878
6774
6734
6700
6742
6519
6691
6632
6647
6610
6489
6337
6233
6426
6393
6135
6079
6059
6166
6199
6040
6033
5991
5940
5932
5969
6002
5912
5834
5804
5775
5855
6017
5784
5779
5843
5686
5582
5312
5182
5286
5235
5204
5159
5220
5259
5410
5332
5450
5525
5613
5518
5684
5851
5923
6136
6329
6572
6664
6544
6579
6641
6616
6660
6799
6879
6860
6833
6748
6555
6476
6617
6494
6536
6633
6594
6706
6602
6671
6605
6587
6647
6601
6682
6858
7020
6944
6990
7208
7044
7120
7100
7338
7098
7038
6910
6839
6972
6995
6917
6725
6840
7098
7216
6976
6932
7034
7122
7144
7270
