1005000
267922
172966
129139
103031
84517
72092
61922
54260
48471
44301
40194
36800
33807
31434
29469
28228
26431
25204
24032
22858
21932
21145
20079
19094
18469
17710
17262
16712
15941
15610
15114
14597
13905
13205
12957
12600
12630
12246
12124
11804
11380
11128
10613
10320
10201
9885
9699
9529
9429
9281
8991
8812
8486
8133
8177
7945
7809
7443
7218
7273
7180
7309
7007
6910
6660
6564
6339
6280
6153
6040
6004
5942
5851
5821
5809
5708
5531
5415
5415
5234
5376
5431
5399
5233
5247
5445
5400
5340
5279
5068
5066
5066
4967
4948
5038
5008
4936
4742
4670
4475
4519
4404
4432
4409
4133
4178
4192
4194
4130
4078
4161
4109
4073
4015
4053
4111
4054
4020
4039
3918
3902
3803
3722
3670
3620
3596
3414
3367
3269
3249
3199
3159
3118
3157
3162
3234
3055
3057
3096
3142
3170
3145
3151
3202
3204
3131
3112
3216
3092
2985
2810
2737
2866
2701
2686
2715
2688
2663
2789
2798
2759
2665
2609
2700
2565
2520
2574
2624
2581
2510
2628
2602
2567
2653
2729
2667
2749
2846
2838
2796
2587
2588
2693
2658
2598
2547
2484
2500
2385
2299
2340
2330
2247
2383
2319
2314
2203
2088
2083
2107
2131
2081
2010
1992
1995
2014
1957
1861
1881
1827
1824
1761
1869
1789
1719
1758
1807
1684
1731
1737
1670
1654
1620
1587
1671
1723
1635
1605
1578
1518
1428
1432
1456
1460
1482
1422
1443
1578
1438
1416
1413
1443
1434
1456
1372
1440
1396
1416
1413
1365
1356
1365
1417
1438
1422
1419
1377
1359
1411
1410
1441
1434
1464
1425
1491
1515
1504
1474
1431
1503
1506
1527
1548
1563
1543
1515
1573
1613
1602
1689
1728
1618
1494
1398
1329
1290
1329
1275
1234
1308
1269
1342
1423
1510
1559
1608
1601
1662
1720
1773
1779
1821
1915
1935
1969
1916
1828
1764
1773
1809
1957
1990
1989
1968
2052
2169
2155
2110
2122
2122
2131
2187
2157
2207
2238
2270
2328
2304
2289
2298
2348
2341
2307
2248
2259
2371
2463
2457
2326
2284
2328
2397
2485
2550
2608
2580
2474
2439
2437
2451
2469
2407
2386
2280
2290
2214
2160
2155
2166
2160
2211
2311
2301
2331
2364
2374
2410
2499
2427
2454
2637
2738
2722
2880
2806
2769
2767
2677
2719
2723
2734
2673
2580
2528
2655
2625
2618
2558
2544
2590
2763
2704
2814
2706
2715
2659
2676
2698
2791
2749
2616
2606
2409
2418
2439
2332
2401
2424
2347
2331
2343
2357
2340
2340
2367
2331
2416
2553
2568
2653
2613
2616
2641
2652
2641
2544
2536
2598
2622
2584
2653
2642
2684
2644
2710
2703
2693
2743
2706
2789
2782
2785
2710
2679
2598
2549
2424
2421
2467
2509
2571
2584
2564
2495
2513
2440
2395
2505
2516
2539
2617
2565
2642
2583
2696
2626
2647
2697
2688
2754
2716
2677
2580
2509
2557
2582
2681
2570
2512
2579
2715
2750
2893
2824
2971
2991
2945
2822
2879
2871
2910
2972
2885
2825
2776
2887
2933
2976
3034
3158
3028
2994
3138
3011
3003
3045
3152
3106
3186
3349
3412
3449
3412
3456
3445
3489
3418
3418
3464
3395
3447
3366
3260
3205
3249
3094
3192
3270
3275
3226
3254
3295
3303
3380
3529
3534
3516
3405
3382
3437
3364
3322
3208
3157
3222
3208
3202
3259
3248
3272
3347
3198
3151
3105
3120
3097
2959
2817
2887
3054
3128
3187
3357
3322
3416
3627
3715
3565
3610
3606
3649
3566
3582
3766
3782
3781
3797
3794
3719
3676
3577
3693
3844
3875
3864
3826
3650
3767
3771
3811
4019
3844
3864
3879
3743
3638
3631
3763
3832
3813
3752
3890
3944
3933
3914
3851
3858
3896
3837
3837
3801
3598
3427
3287
3263
3320
3397
3456
3456
3452
3629
3677
3552
3455
3419
3476
3536
3537
3651
3634
3619
3747
3688
3544
3481
3557
3594
3576
3503
3592
3633
3693
3791
3717
3732
3817
3857
3891
4084
4051
4055
3918
3931
3967
4114
4186
4028
4119
4162
4203
4101
4297
4327
4287
4186
4093
4032
3958
3956
4052
3948
3833
4000
4049
4226
4398
4448
4674
4553
4627
4505
4522
4487
4475
4480
4488
4647
4747
4967
5152
5193
5234
5227
5216
5220
5184
5344
5389
5401
5565
5473
5544
5538
5402
5408
5344
5315
5261
5247
5128
5045
5014
4999
4914
4792
4758
4676
4590
4428
4574
4503
4520
4488
4574
4608
4705
4721
4601
4713
4790
4842
4726
4753
4904
4791
4743
4794
4517
4493
4582
4519
4604
4613
4674
4590
4553
4676
4585
4559
4592
4764
4940
4931
4877
4859
4769
4762
4804
4851
4897
4875
4903
4929
4733
4691
4722
4860
5007
4904
4975
5053
5043
5146
5249
5316
5241
5002
4907
5192
5234
5371
5485
5731
5744
5751
5891
6142
6374
6400
6241
6264
6229
6134
6151
6361
6457
6488
6469
6515
6254
6162
6206
6224
6349
6488
6230
6334
6423
6398
6423
6412
6389
6365
6175
6202
6162
5985
6014
5966
6069
6063
6032
5804
5768
5879
5711
5774
5641
5677
5516
5595
5627
5636
5705
5847
5803
5903
5905
5871
6055
6069
6129
6262
6458
6568
6842
6804
6897
6757
6649
6494
6501
6342
6310
6520
6468
6473
6556
6641
6372
6353
6384
6391
6279
6421
6453
6419
6478
6447
6566
6624
6487
6503
6498
6456
6416
6172
6410
6524
6457
6570
6616
6495
6377
6336
6401
6356
6335
6390
6362
6290
6360
6234
6215
6252
6135
6140
6217
6285
6266
6453
6555
6363
6344
6261
6136
6254
6344
6262
6413
6640
6799
7018
7146
7091
6782
6664
6374
6393
6097
6128
6067
6100
6045
6008
6205
6067
6218
6202
6292
6262
6005
5906
5748
5592
5759
5822
5708
5721
5706
5735
5868
5797
5753
5700
5764
5861
5856
5847
5890
5981
6092
6058
6044
6018
6016
5853
5901
5646
5859
5788
5850
5939
6043
5854
5829
5875
5844
5865
5925
5900
5810
5869
5850
5897
6063
6194
6321
6312
6163
6200
6393
6373
6523
6582
6490
6569
6603
6831
6766
6748
6844
6807
6901
6992
7047
6837
6768
6735
6848
6801
6776
6786
6745
6776
6741
6538
6544
6547
6584
6643
6795
6721
6675
6504
6611
6576
6500
6313
6273
6269
6043
5994
5997
5836
5869
5884
5994
5911
5969
5966
5972
5960
5814
5844
5900
5845
5685
5769
5763
5636
5628
5595
5651
5520
5379
5278
5411
5413
5255
5286
5193
5248
5299
5241
5296
5213
5352
5349
5377
5215
5222
5178
5132
5199
5233
5241
5368
5366
5280
5412
5297
5323
5314
5304
5491
5586
5760
5802
5791
5746
5767
5669
5558
5437
5408
5435
5437
5612
5614
5580
5535
5753
5979
6046
6170
6262
6047
5910
5955
6132
6060
5982
6178
6161
6209
6217
6135
6134
6215
6139
6162
5988
5969
5890
5850
5694
5523
5426
5430
5643
5529
5603
5380
5318
5482
5481
5449
5481
5478
5519
5490
5679
5569
5696
5574
5567
5727
5474
5583
5643
5492
5323
5129
4891
4832
4861
4961
4861
4885
5010
5101
5143
5007
4832
4677
4635
4672
4718
4837
4888
4785
4871
4990
5037
5149
5039
5130
5217
5175
5243
5173
5211
5332
5280
5314
5153
5131
5076
5276
5289
5165
5103
5072
5069
5151
5260
5362
5213
5254
5125
5091
4916
4832
4925
4889
4831
4909
4830
4812
4825
4825
4844
4895
4870
4711
4782
4965
4920
4930
4973
5063
4858
4902
5001
5048
5051
4912
4834
5007
5183
5024
5124
5109
4999
4845
4712
4782
4903
4876
4895
4918
5035
5000
4828
4965
5069
4981
5037
5183
5409
5375
5300
5296
5407
5214
5197
5113
5036
4923
4768
4773
4674
4712
4758
4765
4946
5112
5091
4918
4846
4679
4524
4526
4417
4501
4401
4175
4136
4119
4061
4084
3999
4051
3995
4062
3971
3766
3752
3783
3653
3842
3839
3746
3786
3968
3959
3884
3847
3881
3766
3780
3755
3794
3753
3606
3561
3542
3461
3511
3515
3559
3740
3645
3635
3470
3511
3493
3584
3697
3593
3555
3642
3609
3525
3432
3455
3609
3684
3540
3552
3630
3720
3664
3570
3562
3517
3478
3525
3410
3409
3481
3572
3604
3517
3570
3676
3499
3565
3644
3727
3559
3694
3864
3964
3872
3849
4021
3942
4081
4161
4051
4009
3895
3914
3892
4044
4157
4117
4133
4154
4170
4167
4131
4287
4204
4185
4176
4235
4242
4301
4325
4336
4505
4547
4663
4820
4968
5120
4969
4839
4817
4979
4982
4859
4932
4873
4776
4726
4903
4941
4888
4876
4808
4766
4748
4781
4939
4745
4757
4580
4440
4260
4333
4492
4553
4565
4594
4487
4652
4740
4596
4688
4749
4808
4878
5000
4800
4901
4871
4877
4916
4966
5096
5045
5158
5197
5116
5245
5323
5311
5299
5323
5176
5189
5148
5175
5158
5089
5073
5220
5249
5272
5162
5224
5362
5245
5268
5346
5229
5263
5325
5268
5347
5440
5482
5598
5539
5657
5563
5699
5856
5860
5655
5517
5505
5517
5608
5689
5861
5938
6128
6175
6147
6071
6044
6012
5996
6179
6141
6148
6267
6297
6383
6494
6451
6519
6605
6633
6671
6929
6864
7035
7108
6926
6841
6940
6810
6774
6730
6734
6711
6842
6633
6650
6499
6279
6551
6315
6280
6220
6120
6234
6244
6158
6248
6442
6557
6590
6769
6813
6863
6966
6838
6770
6860
6704
6674
6776
6922
7049
7171
7046
6944
7014
7020
7165
7025
7064
7042
6951
7049
7058
6948
6850
6909
6909
7069
7265
7088
6932
7075
6911
6971
6815
6973
7095
6891
7173
6992
7147
6987
7102
7282
7443
7473
7569
7364
7290
7218
7053
6981
7105
7280
7316
7248
7269
7403
7385
7308
7493
7355
7337
7338
7455
7351
7461
7474
7500
7533
7749
7584
7441
7399
7341
7263
7166
7157
7147
6970
6775
6558
6488
6486
6383
6450
6356
6351
6262
6214
6264
6221
6237
6175
6305
6335
6401
6112
6074
5975
5846
6017
5983
5920
5889
5789
5882
5984
6123
6102
6101
6179
6150
6265
6130
6209
6253
6295
6143
5871
5828
5818
5749
5766
5773
5883
6041
5978
5946
5815
5890
6027
6058
6071
6045
6091
6095
6194
6261
6184
6064
6059
6201
6307
6303
6522
6425
6314
6300
6352
6351
6356
6544
6696
6715
6777
6813
6684
6856
6824
6941
6918
6902
6887
6852
6838
6799
6817
6745
6707
6704
6866
6751
6822
6957
7053
6928
6742
6728
6811
6723
6738
6806
6663
6627
6468
6506
6278
6235
6334
6314
6493
6588
6650
6558
6594
6588
6472
6327
6318
6339
6439
6560
6607
6542
6667
6754
6562
6603
6671
6681
6595
6462
6583
6658
6706
6713
6639
6646
6497
6527
6619
6626
6482
6570
6529
6500
6543
6375
6426
6588
6512
6595
6677
6650
6544
6536
6626
6748
6639
6513
6329
6372
6324
6251
6271
6312
6324
6159
6070
6155
6336
6296
6260
6061
6067
6257
6187
6227
6184
6252
6378
6365
6304
6191
6208
6158
6214
6102
6138
6225
6273
6484
6486
6510
6590
6636
6573
6366
6449
6503
6510
6612
6617
6667
6665
6784
6696
6439
6396
6365
6202
6239
6331
6425
6556
6577
6555
6652
6708
6768
6901
6709
6851
6730
6546
6468
6318
6535
6556
6474
6718
6739
6835
6791
6737
6588
6413
6553
6626
6605
6892
7066
7096
7097
7141
7193
7375
7153
7345
7257
7330
7296
7357
7268
7208
7030
6974
7074
7137
6984
6883
6765
6953
6967
6917
6983
6943
6994
6881
6934
7020
7017
6984
7008
7038
7117
7015
7122
7041
6744
6672
6686
6684
6587
6416
6082
6001
6161
6278
6084
5982
6017
6011
6010
6045
6128
6203
6104
5830
5804
5797
5854
5782
5811
5722
5743
5760
5836
5930
5938
5955
5954
5951
5981
6081
6269
6317
6141
5976
6106
6007
6031
6202
6123
6043
6132
5882
5897
5855
6040
5782
5660
5685
5649
5514
5519
5605
5621
5555
5440
5345
5313
5237
5048
5084
5175
4988
4993
4957
4991
4909
4830
4943
4862
4856
4920
4809
4846
4794
5037
5028
4929
4937
4946
5057
5137
5359
5284
5185
5342
5311
5215
5246
5325
5273
5263
5256
5390
5588
5544
5559
5602
5566
5564
5512
5439
5510
5515
5483
5664
5720
5658
5557
5283
5388
5354
5404
5340
5156
4957
5070
5013
5079
5184
5241
5337
5537
5558
5446
5151
5261
5239
5136
5097
5006
5002
4980
5087
4924
5004
5082
5202
5112
4937
4959
4979
5000
4886
4636
4642
4709
4706
4764
4911
5210
5248
5364
5408
5278
5374
5629
5453
5540
5548
5505
5629
5680
5679
5706
5641
5808
5957
5830
6016
6056
6121
6330
6318
6405
6417
6397
6328
6336
6210
6141
6069
6054
6138
6129
6384
6448
6306
6563
6552
6449
6310
6149
6218
6150
6148
6237
6232
6146
6369
6462
6415
6389
6362
6225
6201
6188
6129
5934
5770
5911
5860
5927
6050
6150
6080
6000
5976
5871
5927
6203
6176
6011
5921
5996
6048
5945
6099
5969
5772
5729
5642
5614
5592
5596
5606
5511
5386
5434
5518
5627
5702
5700
5718
5755
5681
5622
5674
5616
5624
5592
5563
5697
5537
5653
5446
5584
5558
5493
5504
5539
5500
5533
5476
5460
5542
5499
5577
5447
5439
5406
5192
5045
5076
5095
4862
4857
4950
5036
5013
5040
4976
5052
4993
4966
4893
4863
4880
4948
5111
5088
5067
5066
5220
5116
5095
5140
4984
4930
4858
4767
4739
4804
4820
4925
4752
4638
4700
4894
4728
4600
4654
4745
4636
4727
4586
4592
4776
4695
4761
4815
4827
4828
4805
4768
4627
4588
4567
4648
4652
4641
4545
4517
4496
4546
4537
4405
4444
4465
4452
4521
4556
4411
4352
4306
4488
4425
4515
4637
4582
4550
4471
4476
4510
4570
4412
4304
4203
4235
4306
4312
4313
4500
4503
4383
4402
4477
4512
4522
4687
4651
4791
4740
4707
4776
4664
4663
4527
4620
4541
4590
4665
4763
4623
4825
4720
4678
4684
4694
4789
4889
4921
4912
5061
5071
5093
5069
4989
5041
5043
5055
5130
5158
5132
5132
5094
5097
5303
5331
5345
5359
5261
5172
4903
4844
4810
4810
4777
4804
4630
4723
4791
4720
4627
4592
4535
4572
4602
4671
4704
4697
4664
4605
4697
4526
4491
4497
4565
4434
4570
4671
4511
4401
4452
4469
4591
4594
4685
4686
4738
4766
4729
4776
4696
4842
4896
4897
4709
4750
4791
4715
4834
4680
4648
4764
4826
4884
4920
4862
4896
4959
4780
4880
4786
4755
4709
4782
4949
5101
4933
4847
4794
4923
4732
4624
4669
4608
4539
4567
4776
4698
4833
4932
4993
4945
4765
4889
4964
5046
4934
4829
4769
4713
4690
4752
4699
4710
4744
4715
4703
4729
4804
4750
4844
4806
4927
4883
4904
5042
5049
5180
5216
5110
4988
5273
5155
5214
5233
5151
4960
4851
4885
5143
5005
5078
5175
5185
5229
5402
5620
5782
5720
5810
5704
5636
5638
5597
5587
5672
5818
5638
5673
5808
5678
5504
5538
5446
5508
5683
5662
5576
5608
5716
5757
5701
5720
5675
5646
5496
5595
5630
5455
5471
5532
5454
5358
5193
5137
4951
4907
4789
4648
4650
4491
4452
4488
4551
4672
4777
4542
4617
4602
4673
4708
4601
4570
4600
4515
4580
4592
4637
4511
4608
4502
4378
4399
4339
4359
4265
4225
4017
4091
4227
4101
4080
3904
4049
4029
4055
4011
3958
4043
3930
3908
3839
4014
3916
4040
4029
4187
4093
4135
4265
4354
4402
4631
4657
4682
4844
4717
4683
4851
4861
4826
4884
4889
4742
4808
5050
5105
5045
5076
5235
5281
5402
5431
5462
5469
5458
5477
5497
5637
5657
5630
5549
5599
5677
5740
5835
6000
6128
6334
6496
6445
6527
6526
6465
6360
6303
6347
6316
6287
6452
6735
6548
6416
6621
6370
6370
6233
6240
5998
6072
5941
5755
5672
5799
5632
5791
5816
5678
5637
5642
5757
5754
5736
5968
5900
5895
5792
5795
5643
5655
5734
5800
5601
5562
5386
5376
5406
5401
5457
5444
5626
5750
5659
5504
5546
5399
5415
5369
5391
5523
5547
5570
5500
5437
5252
5239
5157
5150
5370
5351
5457
5536
5572
5440
5286
5267
5325
5123
5149
5161
5312
5120
5120
5238
5251
5433
5345
5235
5188
5125
5137
5324
5253
5092
4997
5036
5100
5225
5271
5125
5096
5036
4963
4866
4774
4712
4774
4760
4698
4661
4655
4655
4642
4536
4721
4760
4821
4847
4877
4895
4786
4648
4691
4810
4913
5176
5211
5247
5286
5374
5373
5335
5382
5461
5578
5508
5593
5402
5411
5468
5679
5616
5762
5759
5772
5866
5969
6013
6101
6030
6078
5935
6010
5970
6084
6251
6228
6303
6383
6408
6502
6604
6599
6566
6459
6591
6586
6627
6784
6681
6711
6634
6743
6748
6631
6563
6524
6532
6450
6611
6689
6427
6511
6510
6365
6298
6497
6489
6479
6451
6438
6524
6431
6309
6299
6491
6310
6288
6303
6146
6086
6076
5961
6109
6123
6191
6171
6182
6150
6341
6467
6378
6304
6415
6269
6174
6171
6382
6341
6304
6148
6019
5992
5917
5881
6125
5999
5743
5670
5607
5585
5516
5391
5606
5454
5274
5220
5235
5278
5364
5374
5370
5477
5568
5531
5506
5377
5359
5416
5311
5143
5120
5212
5251
5217
5143
5114
5228
5085
5064
5018
5032
4979
4996
4941
4941
4858
4833
4712
4674
4671
4708
4560
4454
4497
4509
4538
4398
4453
4310
4224
4185
4096
3833
4008
4069
3978
3822
3844
3744
3773
3791
3811
3926
4001
4192
4164
4126
4031
4205
4201
4252
4324
4302
4218
4251
4234
4172
4205
4055
4013
4012
3995
4056
4120
4117
4071
4158
4177
4396
4448
4496
4498
4353
4223
4195
4374
4333
4211
4283
4321
4093
4265
4262
4418
4362
4366
4275
4424
4305
4243
4315
4408
4335
4418
4353
4371
4368
4382
4436
4411
4438
4638
4567
4628
4789
4560
4592
4582
4527
4591
4889
4989
4997
5036
5077
5106
4909
5073
5207
5200
5042
4977
5080
5020
5091
5057
5145
5174
5276
5150
5209
4952
4895
5080
5118
4946
5158
5229
5261
5345
5422
5533
5524
5485
5452
5601
5715
5806
5816
5893
5878
5964
5788
5732
5775
5598
5667
5595
5650
5762
5807
5733
5827
5664
5695
5708
5929
5951
5984
5999
5937
5929
6037
6073
5858
5813
5786
5841
5994
5961
5949
5940
5950
6094
6099
6219
6197
6203
6095
6230
6377
6108
6252
6271
6362
6251
6195
6184
6172
6096
6262
6412
6705
6592
6683
6723
6703
6653
6699
6825
6997
7017
7023
6975
7118
7080
6772
6874
6781
6723
6771
6857
6968
7110
7353
7401
7299
7253
7360
7420
7295
7177
7345
7451
7309
7235
7293
7490
7257
7295
7319
7433
7426
7483
7482
7515
7542
7856
7860
7622
7532
7459
7538
7685
7646
7688
7527
7681
7627
7558
7665
7779
7586
7621
7519
7740
7810
7760
7406
7430
7518
7585
7572
7526
7326
7381
7325
7267
7090
6941
6890
6986
6813
6758
6661
6794
6637
6653
6585
6340
6101
6170
6214
6189
6156
6272
6240
6229
6258
6034
5932
6063
6030
6070
6303
6185
6164
6193
6431
6465
6450
6520
6374
6494
6393
6253
6190
6269
6264
6359
6630
6606
6324
6201
6093
5887
5803
5829
5663
5620
5461
5414
5585
5468
5503
5360
5336
5419
5345
5359
5322
5100
4832
4878
4875
4893
4736
4683
4660
4676
4702
4628
4706
4749
4639
4670
4686
4663
4507
4510
4548
4644
4710
4627
4658
4763
4784
4896
4898
4691
4693
4560
4452
4453
4498
4459
4560
4605
4812
4757
4871
4821
4862
4839
4830
4796
4784
4640
4538
4702
4683
4704
4669
4610
4701
4711
4778
4759
4734
4779
4935
4966
4997
4962
4911
4849
4860
4942
4999
5036
5192
5226
5370
5483
5625
5505
5598
5672
5682
5835
6012
5838
5745
5675
5798
5639
5632
5638
5440
5536
5618
5685
5743
5781
5819
5821
5808
5693
5759
5711
5677
5719
5567
5378
5306
5240
5351
5397
5505
5598
5589
5578
5682
5574
5366
5214
5278
5316
5397
5506
5506
5402
5587
5574
5766
5936
5888
6160
6119
6155
6174
6252
6103
6236
6305
6424
6065
5775
5806
5854
5731
5707
5835
5863
6027
6160
6219
6272
6371
6379
6371
6231
6273
6207
6128
6306
6493
6258
6204
6409
6409
6381
6574
6745
6579
6520
6516
6263
6312
6389
6351
6471
6574
6587
6824
6784
6782
6862
6928
6756
6607
6493
6369
6265
6275
6348
6584
6423
6260
6362
6314
6402
6384
6482
6393
6393
6366
6503
6506
6426
6353
6367
6622
6640
6697
6834
6697
6846
6772
6928
7017
7155
7158
6925
6922
6897
6925
6708
6692
6688
6686
6900
7020
7168
6991
6990
6816
6832
6686
6661
6457
6392
6418
6338
6293
6417
6569
6651
6699
6691
6845
6734
6842
7002
6688
6610
6817
6791
6792
6761
6704
6804
7092
7000
7106
7115
7201
7349
7395
7399
7304
7347
7502
7421
7492
7629
7622
7660
7467
7485
7362
7332
7280
7376
7295
7486
7470
7528
7351
7318
7173
7252
7406
7414
7268
7560
7403
7394
7398
7558
7428
7203
7203
7151
7167
7182
7024
6985
7045
7051
7008
6886
6746
6758
6679
6830
7000
6982
6822
6978
6998
6929
6863
6814
6858
6618
6652
6752
6927
7021
7065
7028
7118
7155
7176
7336
7110
7302
7145
7281
7243
7121
7071
7003
7048
7126
7230
7004
7061
6911
6981
7009
7230
7122
6948
6846
6896
7037
7152
7041
6997
6819
6951
6776
6768
6536
6551
6737
6563
6697
6806
6696
6697
6959
7191
7130
7197
7239
7182
6923
6662
6702
6583
6631
6677
6638
6747
6679
6679
6633
6626
6574
6651
6573
6757
6793
6672
6699
6788
6827
6882
7080
7196
7090
7313
7179
7392
7182
7405
7208
7161
7047
6889
6753
6625
6574
6711
6651
6814
6700
6635
6849
6538
6627
6678
6819
6692
7015
7029
7006
6734
6639
6652
6856
6634
6730
6829
6821
6772
6821
6750
6873
6806
6997
7003
6926
6819
6813
6821
6858
6949
7099
7257
7159
7141
7225
7275
7340
7357
7219
7154
7104
7009
7088
7009
6857
6879
6926
6733
6885
6777
6955
6809
6710
6678
6626
6832
6955
7040
6997
7063
7124
7105
6916
6995
6716
6753
6911
6944
7059
7131
7161
7212
7286
7372
7314
7356
7215
7063
7109
7145
7097
6948
6970
6941
6956
6793
6597
6623
6840
6827
6857
6905
6590
6495
6299
6288
6222
6290
6221
6293
6245
6160
6147
6216
6143
6152
6272
6228
6000
5967
5992
5924
5982
6026
5941
5987
5869
5769
5830
5795
5835
5781
5945
5846
5967
6065
6143
6004
5977
5999
5967
6053
5969
5954
5914
6090
6133
6075
6001
5995
6097
6083
6201
6255
6276
6393
6380
6568
6576
6837
6774
7013
6814
6879
6815
6906
6684
6715
6623
6725
6779
6934
6833
6875
6826
6634
6641
6876
6912
6970
7157
6945
7074
6924
6833
6634
6747
6862
6796
6791
6595
6569
6940
7050
6946
6975
6974
7041
7007
6836
6806
6765
6762
6754
6715
6796
6873
6768
6739
6911
6859
6855
6916
6822
6900
6886
7026
7130
7174
7157
7317
7077
7138
7191
7093
7147
7280
7122
7051
7122
7042
7209
7295
7330
7406
7538
7699
7638
7593
7439
7302
7186
7244
7469
7486
7367
7333
7182
7201
7263
7278
7209
7348
7388
7216
7188
7053
6990
6910
6767
6887
6988
6805
6785
6663
6903
6896
7101
6902
6879
7109
7091
6957
7017
6974
6907
6849
6846
6624
6693
6739
6718
6583
6352
6467
6364
6375
6296
6184
6157
6206
6259
6223
6064
6226
6086
6158
6083
6155
6268
6292
6117
6151
6186
6192
6112
6104
6110
6122
6019
5781
5734
5756
5979
5945
5906
5822
5962
5856
5931
5842
5994
6134
6224
6331
6412
6378
6319
6071
6082
6222
6373
6533
6464
6206
6074
6277
6289
6172
6141
6127
6085
6202
6373
6265
6072
6000
5958
5936
5765
5889
5996
6122
6012
6013
5938
5895
5746
5644
5544
5674
5787
5834
5732
5687
5637
5660
5666
5819
5780
5907
5954
6071
6159
6053
6197
6152
6330
6286
6277
6432
6431
6423
6540
6412
6299
6236
6305
6346
6458
6480
6391
6481
6514
6526
6429
6586
6414
6321
6343
6359
6336
6196
6179
6039
6003
6030
6050
5926
5880
5999
6040
6064
6262
6167
6060
6197
6223
6299
6437
6283
6322
6257
6240
6143
6172
6187
6173
6113
6033
6080
6132
6225
6236
6433
6644
6459
6493
6362
6319
6142
6049
5870
6015
5995
6024
6008
5982
5985
6068
6036
6070
6011
6116
6239
6298
6213
6340
6337
6437
6611
6613
6553
6408
6639
6819
6865
6923
7096
7084
7122
7119
7106
6995
6848
6891
6998
7179
7204
6997
7010
7100
7115
7114
7173
7018
7033
7138
7191
7479
7614
7569
7501
7590
7494
7497
7420
7381
7395
7490
7316
7480
7362
7274
7329
7489
7546
7481
7417
7517
7307
7227
7291
7392
7327
7457
7365
7165
7164
7084
7065
7326
7127
7034
6709
6812
6766
6673
6769
6568
6488
6555
6529
6415
6342
6352
6417
6431
6399
6444
6593
6431
6357
6371
6289
6340
6325
6265
6283
6414
6622
6703
6782
6896
6913
7171
7073
6908
6750
6691
6674
6710
6625
6478
6443
6619
6491
6471
6478
6523
6492
6541
6643
6514
6418
6360
6248
6106
6232
6172
6116
6176
6148
6133
6211
6391
6485
6425
6404
6438
6523
6673
6807
6718
6580
6500
6569
6435
6567
6608
6634
6661
6499
6473
6411
6367
6256
6121
5982
6003
5829
6098
6114
6128
6340
6206
6398
6389
6315
6309
6367
6434
6487
6516
6532
6391
6670
6580
6687
6688
6593
6559
6490
6475
6426
6451
6503
6617
6828
6851
6796
7058
7035
7152
7301
7154
7172
7442
7468
7305
7335
7475
7716
7476
7525
7583
7489
7509
7342
7487
7791
7875
7875
7658
7674
7560
7485
7375
7459
7381
7267
7278
7327
7393
7448
7224
7176
7362
7420
7580
7726
7667
7618
7559
7506
7648
7866
7852
7731
7893
7832
7907
7841
7876
7778
7825
7800
8014
8178
8077
8017
7912
7915
7843
8015
7795
7932
7767
7691
7881
7913
7834
7999
7828
7808
8076
8036
8161
8058
7920
8046
8055
7884
7656
7597
7571
7476
7460
7376
7285
7399
7398
7402
7257
7075
7177
7386
7291
7217
7121
7040
7129
7183
7144
6981
6764
6724
6660
6572
6667
6655
6630
6498
6373
6338
6161
6201
6208
6166
5992
6094
6203
6126
6056
6068
6171
6356
6252
6265
6253
6092
6039
6074
6064
6094
6034
6101
6183
6113
6231
6217
6112
6005
5909
5805
6008
6090
6115
5894
6111
6254
6249
6375
6424
6484
6706
6521
6513
6330
6353
6287
6446
6314
6165
6201
6317
6282
6148
6059
6148
6143
6157
6111
6225
6240
6338
6471
6300
6340
6332
6364
6417
6412
6409
6298
6316
6356
6345
6186
5944
5825
5933
5980
6125
6234
6256
6307
6256
6171
6226
6343
6478
6501
6355
6451
6403
6478
6346
6437
6439
6319
6269
6381
6541
6586
6523
6560
6647
6533
6676
6597
6463
6778
6690
6897
6994
6882
6964
6875
6964
7014
6989
7106
7180
7092
7029
6925
6970
7010
6925
6745
6651
6588
6688
6669
6595
6463
6406
6363
6521
6385
6563
6517
6369
6397
6421
6509
6404
6622
6755
6824
6711
6660
6493
6398
6401
6308
6334
6353
6401
6580
6363
6401
6442
6360
6330
6225
6267
6314
6335
6409
6576
6611
6506
6699
6553
6644
6795
6841
6869
6869
6746
6620
6520
6492
6547
6609
6588
6646
6457
6240
6381
6282
6374
6144
6179
6269
6239
6276
6219
6229
6023
6221
6189
6369
6298
6325
6285
6370
6314
6184
6102
5793
5701
5646
5825
5902
5815
5852
5767
5689
5521
5580
5506
5574
5671
5564
5714
5707
5769
5688
5745
5828
5678
5635
5784
5706
5765
5662
5766
5803
5846
5676
5424
5605
5691
5581
5574
5339
5321
5464
5510
5430
5402
5364
5554
5401
5407
5494
5334
5289
5158
5142
5117
5204
5445
5378
5327
5165
5222
5105
5108
5099
5197
5240
5345
5404
5343
5239
5313
5290
5442
5484
5429
5531
5700
5587
5557
5539
5460
5581
5727
5751
6050
6045
5881
5690
5852
5725
5755
5743
5765
5714
5567
5638
5726
5918
6032
5969
5809
5629
5467
5557
5630
5719
5725
5757
5984
6127
5891
5812
5682
5813
5860
5884
5830
5567
5555
5473
5396
5392
5212
5205
5372
5479
5723
5690
5756
5950
5796
5912
5854
5831
5658
5713
5635
5879
5941
5863
6092
5961
5922
5790
5742
5712
5598
5531
5525
5582
5691
5643
5627
5523
5533
5452
5298
5203
5160
5117
5095
5164
5265
5174
5144
5187
5075
5065
5023
5065
5127
5068
5011
4875
4845
4779
4854
5078
5168
4934
5129
5088
5226
4981
4865
4710
4647
4723
4641
4488
4453
4423
4517
4552
4497
4389
4419
4538
4696
4665
4551
4571
4606
4611
4684
4757
4665
4641
4800
4800
4662
4608
4552
4629
4558
4744
4673
4460
4496
4701
4731
4888
4809
4883
4877
4781
4702
4809
4783
4919
4744
4531
4598
4792
4791
4728
4657
4502
4398
4257
4236
4257
4119
4116
4134
4098
4039
4094
4178
4056
4092
4115
4101
4131
4237
4339
4288
4236
4158
4302
4209
4199
4146
4263
4366
4461
4514
4511
4604
4507
4513
4615
4607
4625
4680
4856
4893
4845
4780
4974
5111
5174
5325
5402
5424
5383
5481
5344
5232
5310
5095
5190
5108
5086
5084
4967
4996
4969
4855
4861
4710
4726
4732
4880
4749
4739
4633
4607
4751
4545
4591
4507
4585
4546
4593
4672
4682
4637
4890
5079
5163
5219
5221
5245
5343
5412
5382
5355
5256
5236
5199
5311
5270
5239
4961
4969
4941
5012
5014
5011
5105
5162
5066
5125
5067
5027
5234
5349
5500
5345
5397
5437
5268
5515
5454
5400
5458
5549
5570
5412
5305
5212
5305
5254
5361
5204
5347
5406
5407
5558
5571
5669
5543
5470
5521
5697
5645
5673
5769
5936
6014
6161
6275
6325
6244
6247
6330
6263
6225
6217
6201
6346
6385
6326
6399
6360
6430
6173
6296
6336
6171
6376
6412
6345
6182
6244
6211
6215
6111
5943
6054
6092
6267
6273
6454
6415
6260
6214
6266
6272
6178
6229
6269
6321
6201
6286
6426
6532
6549
6731
6800
6621
6632
6561
6413
6510
6450
6579
6621
6552
6551
6557
6480
6255
6191
6272
5791
5747
5796
5740
5949
5860
5856
5876
5763
5696
5891
5857
6011
5936
5901
5848
5684
5715
5744
5798
5890
5692
5853
5835
5789
5799
5634
5515
5540
5554
5280
5297
5300
5415
5409
5344
5431
5326
5355
5275
5227
5228
5013
4921
4917
