1005000
266238
173746
129232
102536
84838
72479
63180
56077
50618
45812
41660
38579
35612
32908
30584
28489
26967
25255
24188
22937
22136
20867
20149
19151
18404
17560
16727
16186
15404
14563
14044
13541
13050
12834
12655
12213
11992
11781
11490
11146
10670
10432
10175
10127
9991
9982
9940
9762
9674
9558
9515
9135
9100
8996
8764
8621
8421
8350
8284
8188
7885
7607
7441
7265
7187
7067
7048
6980
7006
6967
6725
6627
6412
6248
6272
6209
6345
6325
6058
5910
5706
5678
5819
5766
5694
5568
5490
5563
5435
5377
5408
5382
5364
5201
5128
4982
5002
4938
4982
4925
4887
4920
4994
5047
4801
4788
4805
4670
4827
4845
4886
4766
4666
4707
4725
4701
4875
4624
4688
4715
4565
4593
4768
4608
4401
4517
4426
4395
4432
4506
4415
4493
4381
4403
4425
4511
4558
4447
4398
4278
4199
4145
4108
4119
4098
4117
4152
4246
4204
4295
4204
4062
3980
3978
3993
4049
3951
3974
4032
3999
3676
3698
3679
3531
3533
3399
3429
3619
3574
3556
3459
3467
3361
3389
3270
3282
3193
3105
3180
3302
3300
3334
3248
3251
3218
3112
3127
3003
2924
2917
3018
2861
2831
2826
2789
2876
2894
2883
2891
2704
2628
2650
2612
2545
2440
2396
2313
2359
2235
2155
2181
2126
2138
2058
2095
2101
2157
2213
2191
2157
2122
2099
2104
2127
2099
2127
2090
2051
1938
1957
2028
2100
2294
2282
2382
2306
2289
2319
2395
2340
2399
2465
2388
2344
2401
2549
2547
2611
2478
2416
2367
2451
2319
2394
2469
2515
2508
2516
2577
2694
2733
2781
2721
2810
2884
2824
2903
2820
2887
2761
2674
2727
2720
2767
2877
2702
2582
2583
2599
2511
2449
2420
2332
2281
2251
2332
2409
2377
2408
2473
2344
2497
2587
2602
2551
2634
2602
2575
2607
2655
2728
2678
2710
2849
2793
2819
2846
2945
2959
3019
3059
3008
3174
3249
3275
3174
3174
3139
3144
3126
3216
3283
3412
3431
3508
3639
3656
3626
3647
3698
3618
3504
3519
3458
3431
3425
3525
3483
3623
3628
3670
3796
3959
3950
3998
3922
3899
3848
3900
3950
4064
4272
4201
4267
4300
4286
4158
4199
4193
4206
4127
4246
4194
4183
4232
4192
4108
4068
4066
4110
4117
4013
4078
4143
4133
4002
3949
3945
3901
3954
3989
4004
3922
3706
3658
3668
3587
3626
3604
3646
3691
3563
3726
3671
3758
3827
3854
3818
3832
3869
3758
3779
3875
3964
3964
4007
4223
4230
4239
4335
4308
4462
4347
4519
4675
4701
4851
4815
4909
5119
5143
5158
5055
4973
5035
5035
5128
5003
4983
4949
5000
4994
5108
4888
4626
4564
4531
4567
4746
4579
4724
4893
4868
4807
4965
5015
5224
5249
5351
5237
5302
5189
5136
4905
4844
4781
4617
4599
4615
4481
4366
4432
4508
4606
4511
4525
4471
4446
4405
4390
4429
4579
4723
4869
4907
4878
4889
4907
4923
4905
4928
4848
4754
4692
4677
4653
4677
4642
4564
4609
4630
4587
4554
4637
4606
4752
4780
4905
4837
4956
4984
4910
4777
4909
5033
5078
5088
5037
5121
5044
5006
4975
4971
5228
5186
5410
5273
5216
5212
5167
5050
5084
5150
5273
5157
5121
5021
4986
4912
5114
5123
5191
5141
5002
4886
5004
5137
5168
5175
5272
5262
5153
5104
4925
4752
4829
4767
4718
4695
4775
4807
4715
4525
4584
4569
4562
4459
4447
4535
4454
4607
4696
4776
4720
4806
4830
5068
5184
5148
5261
5291
5329
5274
5451
5404
5359
5365
5356
5404
5199
5284
5234
5211
5275
5296
5101
5176
4915
4902
5058
5193
5178
5065
5041
4993
4858
4892
4900
4877
4877
5064
5183
4939
5026
5000
4961
4905
4804
4738
4873
4791
4782
4768
4644
4690
4566
4727
4678
4608
4778
4670
4712
4556
4517
4590
4589
4569
4400
4331
4346
4355
4355
4340
4541
4564
4497
4487
4359
4505
4492
4627
4653
4687
4722
4720
4501
4552
4509
4439
4462
4350
4293
4390
4298
4290
4339
4199
4362
4276
4400
4506
4456
4587
4429
4508
4490
4569
4682
4819
4921
4867
4769
4740
4676
4794
4874
4871
4837
4738
4843
4704
4748
4747
4732
4783
4615
4588
4658
4739
4551
4578
4578
4647
4526
4563
4679
4921
5027
4907
4903
4922
4915
4922
4946
5030
5013
5019
4869
4902
5028
5094
5010
4949
4989
5197
5146
5252
5308
5282
5321
5427
5315
5418
5390
5530
5332
5323
5307
5286
5156
5294
5325
5400
5257
5101
5085
5172
5201
5342
5384
5310
5290
5279
5131
5102
4975
5053
5114
5241
5234
5386
5417
5265
5166
5470
5560
5607
5689
5811
6000
6053
6116
6160
6130
6043
6124
5949
5902
5799
5739
5731
5655
5612
5735
5766
5701
5649
5533
5574
5475
5528
5431
5427
5423
5521
5459
5554
5513
5519
5540
5523
5408
5492
5600
5773
5790
5951
5980
5978
5973
5801
5767
5710
5631
5659
5565
5754
5780
5945
5684
5600
5570
5603
5489
5371
5429
5455
5361
5482
5527
5504
5464
5306
5273
5134
5114
5086
5252
5183
5132
5192
5283
5145
5063
4964
5008
5012
4992
4833
4864
4911
4740
4857
4938
5028
5046
5035
5193
5096
5127
5050
5001
4849
4980
5034
5148
5217
5048
5237
5071
5105
5102
5001
4905
4920
4898
4820
4985
4984
5196
5259
5180
5335
5470
5582
5772
5752
5713
5694
5819
5761
5754
5682
5483
5586
5524
5443
5548
5694
5625
5803
5902
5971
6009
5935
5934
6053
5997
6182
6120
6261
6345
6332
6364
6366
6242
6154
6151
6080
6069
6244
6350
6278
6242
6419
6300
6275
6335
6312
6347
6301
6357
6390
6443
6354
6414
6459
6323
6407
6381
6581
6492
6586
6704
6652
6357
6276
5996
6105
6122
5996
5806
5848
5955
6077
5915
6023
5909
5996
5828
5819
5860
5711
5675
5626
5771
5747
5757
5923
5807
5824
5556
5521
5500
5245
5193
5207
5272
5265
5346
5360
5483
5622
5570
5585
5482
5469
5472
5429
5371
5582
5555
5569
5655
5501
5563
5560
5640
5662
5574
5577
5515
5553
5560
5358
5326
5383
5468
5551
5552
5620
5679
5627
5827
5868
5888
5914
5922
5974
6032
6111
6190
6345
6518
6581
6662
6726
6723
6862
6884
6870
6610
6732
6853
6928
7063
7107
7132
7097
7041
7106
7216
7130
7231
7224
7067
7284
7262
7101
7239
7457
7461
7666
7837
7832
7648
7570
7431
7565
7474
7390
7339
7226
7129
7178
7082
7079
7019
7219
7268
7375
7343
7081
7257
7204
7344
7371
7455
7504
7590
7305
7350
7168
6973
7020
7055
7080
7079
7071
7110
7078
7023
6953
6894
6723
6638
6669
6539
6505
6329
6468
6434
6224
6120
6285
6396
6500
6464
6570
6679
6692
6733
6860
6653
6562
6291
6143
6083
6171
6093
6089
5961
6073
6025
6143
6161
6217
6092
6063
6149
6120
6047
6159
6279
6312
6370
6336
6329
6333
6435
6347
6575
6578
6548
6232
6194
6149
6092
5894
5791
5710
5574
5549
5507
5529
5403
5329
5367
5244
5229
5079
4787
4792
4784
4752
4798
4694
4808
4781
4612
4495
4494
4433
4381
4450
4498
4570
4556
4358
4225
4187
4084
4190
4164
4107
4121
4110
4267
4153
4199
4218
4224
4098
4033
3912
4050
4077
4090
4102
4086
3822
3768
3835
3834
3844
3837
3918
4047
4045
4132
4187
4237
4263
4254
4278
4242
4211
4249
4299
4398
4361
4423
4382
4379
4324
4288
4318
4456
4625
4682
4819
4774
4639
4690
4796
4809
4800
4831
4716
4679
4755
4914
4862
5058
5153
5134
5187
5190
5179
5059
4988
5062
4998
4924
4921
4928
4796
4922
4757
4843
4901
4971
4983
4950
5018
4932
4888
4929
5043
5060
5259
5401
5227
5096
5130
5024
5068
5225
5209
5258
5064
5060
4998
4817
4727
4569
4715
4718
4582
4541
4579
4475
4386
4348
4191
4239
4214
4298
4335
4336
4404
4423
4430
4430
4376
4337
4301
4351
4300
4470
4528
4458
4464
4606
4684
4669
4637
4571
4696
4783
4899
4846
4825
4930
4892
4697
4579
4530
4724
4803
4952
5036
5046
5076
5074
4969
4981
5154
5025
5051
5026
5242
5381
5416
5276
5250
5244
5177
5188
5146
5230
5390
5424
5550
5623
5743
5598
5645
5755
5776
5782
5746
5662
5718
5877
5864
5830
5977
5993
6071
6163
6116
6004
5860
5893
6015
6032
6064
5953
5824
5832
6000
5830
5904
5969
6097
6099
6156
6116
6219
6168
6264
6175
6169
5960
5912
5865
5881
5986
6028
6034
5699
5631
5532
5645
5589
5565
5540
5571
5578
5472
5422
5365
5350
5054
5081
5185
5381
5463
5495
5471
5438
5446
5380
5327
5494
5703
5760
5737
5772
5827
5808
5816
5915
6045
6146
6228
6245
6307
6245
6195
6305
6361
6263
6332
6513
6406
6379
6394
6274
6339
6352
6383
6248
6274
6260
6014
6040
5960
5977
6244
6278
6465
6490
6562
6652
6864
6745
6761
6757
6752
6533
6554
6581
6685
6393
6374
6428
6567
6648
6729
6624
6799
6935
6699
6888
6720
6742
6829
6753
6790
6774
6649
6691
6819
6839
6962
7152
7137
7028
7024
7184
7064
6970
6732
6753
6728
6751
6804
6778
6801
6964
6822
6886
6912
6743
6676
6724
6704
6557
6934
7090
7351
7147
7102
7169
7046
7199
7112
6944
6797
6887
6757
6736
6816
6969
6926
7048
7128
6988
6802
6953
6937
6962
6771
6762
6768
6742
6903
6916
6775
6899
6759
6868
7034
6869
6803
6761
6662
6381
6338
6374
6224
6133
6135
5961
6002
5919
6003
5923
6014
6012
5999
5869
5829
5940
5945
5998
5868
5991
6037
5987
5947
6108
6154
6402
6594
6544
6546
6672
6483
6545
6526
6458
6545
6511
6588
6469
6369
6475
6593
6464
6587
6666
6791
6647
6578
6519
6340
6303
6255
6153
6292
6315
6364
6378
6507
6600
6730
6878
7145
7204
7004
6911
6766
6790
6665
6631
6666
6642
6739
6800
6647
6714
6378
6441
6467
6590
6696
6566
6550
6573
6380
6301
6264
6049
5852
6030
5930
5855
5890
5851
5876
5968
6196
6031
5961
5955
5888
5775
5786
5954
6069
6197
5968
5900
6087
6186
6105
6292
6148
6243
5900
6009
6073
5933
6219
6347
6413
6343
6384
6381
6361
6445
6358
6285
6446
6436
6496
6608
6458
6441
6505
6555
6346
6349
6400
6392
6410
6192
6073
6235
6323
6333
6395
6338
6283
6181
6269
6088
5980
6040
6150
6011
5994
6022
5992
5900
5922
5791
5848
5952
5759
5651
5724
5649
5788
5646
5708
5720
5612
5658
5565
5580
5521
5530
5574
5541
5555
5545
5382
5418
5468
5462
5604
5604
5509
5526
5603
5505
5649
5761
5693
5615
5770
5645
5712
5784
5957
6051
5996
5991
6183
6145
6044
6068
6115
6044
5948
6112
6609
6713
6741
6757
6905
6806
6818
6635
6574
6683
6718
6560
6487
6509
6400
6341
6493
6462
6460
6597
6609
6685
6798
6846
6881
6954
7018
7010
6964
6944
6983
6828
6892
6983
7162
7285
7286
7068
7047
6790
6841
6731
6678
6685
6764
6886
6944
6766
6837
6944
6902
6787
6794
6575
6504
6588
6676
6637
6551
6489
6386
6229
6205
6170
6131
6229
6252
6330
6218
5975
6212
6187
6139
6221
6157
6151
5914
5816
5920
5949
6062
6079
6183
6081
6199
6143
6161
6083
6090
5939
5925
5828
5802
5825
5762
5878
5739
5624
5581
5463
5282
5245
5449
5677
5679
5638
5748
5702
5556
5429
5575
5569
5517
5419
5295
5251
5111
5057
5133
5095
5167
5341
5374
5369
5409
5435
5489
5532
5590
5546
5547
5724
5636
5609
5676
5603
5594
5564
5575
5600
5685
5674
5526
5587
5525
5621
5654
5874
5938
5900
5808
5863
5800
5726
5665
5581
5740
5823
5644
5530
5583
5505
5803
5914
5900
6069
6281
6110
5943
5879
5849
6021
6104
6153
6210
6180
6130
6105
6089
6246
6469
6616
6620
6790
6713
6651
6649
6632
6640
6636
6842
6782
6875
6880
6866
6827
6811
7023
6938
7003
7122
6949
6890
6872
6586
6577
6482
6488
6518
6440
6295
6525
6493
6418
6462
6299
6274
6022
6157
6063
6168
6276
6101
6181
6223
6083
6147
6157
6098
5915
5918
5818
5877
5761
5703
5810
5853
5898
5879
5971
5972
6056
6157
6255
6245
6219
6234
6308
6285
6062
6100
6116
6136
6315
6503
6486
6250
6417
6312
6258
6448
6417
6466
6469
6544
6450
6518
6574
6544
6595
6688
6644
6748
6605
6452
6433
6571
6528
6360
6238
6079
6177
6164
6066
5906
6099
6073
6009
6115
6074
5961
5908
5729
5711
5839
5838
5770
5788
5702
5729
5726
5699
5758
5798
5655
5729
5744
5822
5785
5861
5883
5910
6033
6071
6057
6012
6227
6147
6103
6205
6170
6204
6251
6166
6079
5998
6033
6107
6175
5982
5825
5753
5611
5546
5597
5645
5599
5519
5421
5394
5199
5231
5176
5210
5230
5450
5433
5490
5403
5499
5456
5348
5262
5475
5335
5330
5367
5188
5299
5415
5581
5664
5724
5567
5688
5870
5782
5718
5603
5614
5740
5812
5963
6245
6209
6121
6150
6117
6174
6240
6338
6167
6193
6208
6291
6282
6243
6240
6249
6117
6107
6189
6172
6225
6268
6345
6306
6386
6462
6337
6367
6230
6116
6189
6263
6291
6312
6367
6315
6291
6302
6150
6291
6298
6263
6483
6587
6759
6801
6630
6723
6797
6920
7009
7093
7285
7219
7283
7070
7251
7431
7453
7483
7468
7218
7225
7475
7400
7494
7641
7612
7725
7910
7909
8045
7936
8031
7922
7819
7874
7964
8193
8120
8284
8528
8461
8621
8593
8600
8384
8553
8545
8563
8616
8563
8574
8526
8350
8120
8213
7873
7622
7387
7482
7622
7368
7326
7231
7191
7027
6852
7050
7057
7132
7133
7275
7303
7154
7190
7299
7176
7348
7396
7068
7149
6897
6995
7017
7007
6896
6896
6798
6805
6655
6568
6676
6615
6470
6399
6361
6285
6212
6204
6239
6232
6146
6089
6013
5862
5846
5815
5972
5978
5872
5908
6005
6055
6146
6005
6016
6148
6173
6293
6398
6422
6521
6462
6347
6514
6539
6558
6624
6534
6479
6334
6341
6418
6522
6780
6808
6914
6806
6843
6952
7094
7078
7045
7026
7014
6901
6744
6685
6695
6640
6694
6569
6649
6402
6701
6919
6824
6822
6622
6610
6719
6731
6503
6534
6410
6572
6314
6205
6120
6102
6299
6155
6057
6166
6170
6178
6154
6245
6275
6281
6339
6336
6249
6020
6034
6054
5990
5826
5894
5845
5879
5822
5914
5864
5914
5793
5693
5739
5826
5872
5930
5795
5794
5845
5829
5658
5710
5612
5604
5335
5402
5541
5431
5446
5301
5389
5365
5514
5490
5544
5369
5150
5057
5040
4894
4823
4685
4795
4870
5023
4911
4971
5058
5221
5293
5313
5224
5346
5356
5351
5421
5484
5391
5538
5449
5401
5299
5271
5340
5330
5359
5334
5223
5233
5136
5269
5297
5354
5549
5583
5589
5628
5586
5582
5758
5828
5994
6091
6198
6107
6013
5978
6067
6064
6190
6262
6310
6264
6155
5902
5919
6126
6048
5897
5806
5695
5608
5398
5410
5306
5317
5333
5293
5207
5416
5496
5579
5453
5458
5404
5637
5472
5457
5400
5449
5572
5688
5633
5564
5496
5776
5875
5841
6009
6021
5998
6075
6236
6313
6192
6299
6402
6470
6483
6388
6490
6461
6489
6554
6438
6372
6326
6487
6620
6368
6376
6315
6131
6180
6009
6150
6159
6193
6375
6412
6403
6561
6529
6524
6566
6564
6331
6352
6391
6179
6037
5817
5702
5763
5748
5887
5881
6027
5879
5988
5845
6031
6066
5894
5797
5825
5824
5604
5723
5603
5476
5318
5406
5303
5476
5528
5580
5462
5531
5462
5379
5201
5115
5144
5024
5049
5146
5085
5193
5088
5112
5087
5089
4921
4847
4907
4838
4922
4915
4884
4843
4734
4731
4744
4706
4783
4877
4970
5101
5017
4865
5010
4937
5149
5218
5070
5210
5112
5136
5263
5284
5334
5223
5303
5271
5197
5129
5198
5290
5266
5320
5488
5331
5354
5216
5116
5031
4937
5042
5127
5216
5256
5225
5119
5299
5217
5306
5489
5710
5798
5775
5735
5658
5802
5791
5908
6106
6277
6294
6153
6270
6315
6300
6361
6222
6213
6169
6270
6283
6401
6341
6253
6389
6160
6378
6480
6683
6582
6557
6635
6791
6665
6643
6637
6655
6801
6967
7152
7063
6966
7006
6970
6831
7013
6971
6967
7059
6923
6931
6840
6703
6780
6803
6824
6758
6632
6546
6582
6714
6623
6719
6740
6521
6796
6840
6810
6810
6962
6907
6894
7045
7156
6998
7036
6983
6964
7130
6990
7004
7144
7245
7367
7315
7179
7218
6980
6990
7071
7101
7116
7048
6969
7087
6898
6606
6771
6698
6456
6484
6448
6549
6194
6153
6077
5971
6048
6302
6388
6428
6461
6377
6372
6447
6353
6490
6525
6533
6751
6808
6834
6614
6584
6608
6663
6674
6716
6648
6709
6731
6569
6578
6553
6774
6769
6846
6881
6816
6980
6841
6941
7024
6933
7140
7070
6956
6836
6885
6791
6768
6821
6501
6508
6479
6526
6352
6328
6293
6216
6009
5990
6064
6031
5956
5882
5900
5878
6138
6073
6032
6183
6426
6408
6337
6140
6091
6130
6117
6066
6001
6148
6167
5908
5922
6074
6161
6345
6367
6335
6227
6251
6415
6484
6679
6745
6832
6781
6739
6664
6556
6414
6207
6361
6219
6315
6348
6339
6465
6146
6030
6184
6133
6101
6018
6088
6123
5971
6042
6086
6225
6131
6379
6302
6462
6508
6490
6691
6712
6668
6815
6769
6710
6685
6845
7040
7095
7070
7042
7132
7142
7132
7283
7392
7482
7487
7425
7476
7612
7527
7616
7480
7598
7528
7604
7682
7722
7644
7651
7655
7507
7513
7530
7621
7712
7924
7869
7847
7853
7922
7747
7720
7582
7286
7265
7178
7250
7119
7182
7199
7416
7505
7318
7275
7166
7250
7104
7170
7257
7342
7238
7377
7445
7376
7356
7548
7548
7344
7223
7350
7345
7212
7152
7308
7128
7113
7146
6966
7033
6845
6830
6852
6747
6697
6516
6395
6598
6544
6645
6574
6485
6611
6512
6258
6027
6007
5907
5981
6039
6134
5980
5868
5850
5950
6060
6060
6028
6126
6128
6366
6369
6259
6469
6456
6485
6276
6192
6124
6145
6182
6054
5968
5955
5852
5914
5961
5798
5983
6257
6360
6234
6225
6242
6251
6158
6214
6192
5982
5958
5888
5738
5719
5485
5442
5403
5347
5345
5410
5625
5524
5646
5730
5750
5757
5724
5652
5886
5865
5990
5970
6014
5816
5854
6041
6027
6085
5928
5995
6112
6175
5870
5903
5973
5914
5860
5904
5674
5716
5888
6042
6109
6321
6465
6427
6553
6631
6681
6572
6705
6816
6880
6911
7018
6982
7039
6985
7080
7165
7151
6949
6844
6811
6618
6754
6778
6581
6630
6455
6523
6421
6470
6484
6428
6304
6231
6344
6275
6410
6246
6275
6266
6404
6352
6286
6284
6287
6086
5987
6020
5801
5765
5542
5557
5489
5550
5475
5533
5670
5736
5812
5806
5662
5579
5650
5871
5831
6076
6142
6141
6063
6126
6025
5946
5649
5628
5460
5570
5569
5601
5457
5522
5529
5514
5500
5483
5304
5211
5022
5026
4979
5004
5009
4812
4737
4679
4739
4710
4716
4752
4678
4761
4565
4542
4622
4717
4795
4809
4939
4863
4762
4733
4551
4606
4415
4551
4594
4629
4838
4828
4716
4937
5066
5216
5129
5079
5080
4967
5110
5013
4983
4854
4981
5102
4944
5040
5151
4935
5004
5114
5241
5285
5504
5407
5510
5405
5355
5472
5311
5486
5502
5769
5696
5717
5532
5410
5481
5539
5345
5401
5275
5185
5241
5342
5322
5303
5329
5461
5479
5321
5239
5077
4992
4926
4788
4770
4638
4708
4773
4983
4912
4978
4986
5089
5050
5203
5281
5312
5445
5488
5575
5474
5394
5317
5265
5058
5081
5189
5195
5163
5158
4965
4890
4779
4629
4673
4572
4514
4370
4471
4655
4889
4736
4986
5009
5166
5020
5054
5095
5154
4947
4799
4884
4836
4801
4787
4859
4919
5075
5182
5131
5276
5362
5409
5475
5598
5652
5566
5564
5711
5980
6056
6008
6084
6015
6193
6095
5956
5933
5923
5942
5980
5755
5688
5588
5593
5539
5466
5434
5372
5352
5269
5290
5273
5256
5390
5518
5525
5427
5383
5458
5398
5369
5379
5330
5536
5695
5723
5832
5902
6026
6190
6244
6192
6301
6387
6416
6366
6403
6073
6038
6133
6290
6440
6497
6490
6526
6546
6710
6689
6721
6796
6838
6687
6602
6560
6478
6344
6366
6321
6275
6183
6150
6310
6431
6168
6260
6343
6333
6537
6530
6797
6611
6464
6458
6244
6181
6284
6362
6355
6337
6271
6318
6426
6379
6569
6773
6851
6793
6811
6679
6986
7030
7196
7309
7507
7648
7572
7611
7772
7947
8012
8041
7901
7848
7885
7879
7807
7687
7924
7961
7811
7859
7753
7730
7607
7446
7352
7261
7216
7335
7252
7378
7330
7338
7344
7094
7154
7209
7146
7369
7289
7126
7387
7479
7393
7364
7304
7316
7342
7342
7004
6857
6684
6444
6312
6212
6314
6334
6170
6016
5780
5665
5613
5738
5759
5832
5769
5857
5746
5898
6064
6128
6264
6267
6485
6635
6670
6870
6787
6919
6935
6896
6969
6858
6911
6950
6799
6684
6480
6435
6455
6461
6559
6515
6494
6483
6707
6740
6982
6769
6431
6256
6247
6319
6386
6451
6508
6734
6663
6606
6531
6270
6280
6200
6250
6306
6280
6175
6305
6116
6155
6094
6150
6231
6613
6881
6868
6818
6912
6946
6840
6741
6600
6837
6738
6729
6807
6803
6629
6616
6800
6790
6671
6774
6844
6881
6971
6714
6774
6860
6819
6807
6891
7024
7195
7272
7151
7366
7502
7646
7534
7308
7410
7565
7809
7744
7806
7872
7779
7767
7929
8064
8060
8187
8128
7942
8084
8051
7959
7877
7755
7728
7456
7320
7328
7504
7368
7456
7442
7435
7425
7325
7244
6997
6958
6859
6847
6750
6688
6718
6736
6531
6414
6313
6505
6497
6330
6417
6283
6189
6068
6235
6111
6107
6054
5965
5904
6000
5960
5910
5851
5770
5858
5745
5799
5879
5808
5582
5712
5748
5686
5761
5795
5818
5769
5570
5472
5419
5397
5265
5356
5348
5370
5266
5047
5091
5162
5242
5212
5209
5261
5219
5224
5010
5037
5090
5119
5127
5265
5356
5319
5547
5474
5361
5511
5374
5332
5407
5577
5521
5468
5510
5570
5595
5593
5596
5673
5671
5720
5713
5751
5776
5706
5645
5708
5793
5921
6075
6196
6249
6090
6117
6103
5991
5926
5920
6066
6041
5979
6023
5714
5617
5454
5387
5410
5433
5632
5871
5816
5713
5661
5720
5936
5781
5894
6009
6038
5911
6012
5908
5948
5975
6069
6003
5857
5989
6140
6110
6027
6071
6183
6322
6332
6343
6276
6305
6316
6375
6277
6206
6197
6137
6055
6029
5960
5853
5821
5865
5978
5907
5929
5857
5889
6032
5989
6051
6206
6478
6427
6370
6393
6543
6653
6646
6725
6545
6750
6540
6448
6347
6468
6405
6397
6535
6616
6817
6836
6752
6876
7189
7278
7439
7378
7358
7340
7389
7456
7390
7320
7271
7385
7584
7520
7511
7177
7107
7073
7025
6977
7154
7081
6696
6573
6492
6631
6487
6498
6425
6413
6531
6509
6634
6491
6628
6710
6709
6727
6700
6686
6686
6741
6645
6526
6603
6627
6546
6657
6577
6575
6518
6464
6314
6313
6383
6442
6383
6389
6250
6303
6115
6130
6191
6141
6376
6400
6335
6343
6205
6282
6378
6229
6116
5974
5836
5870
5657
5613
5692
5662
5583
5811
5818
5798
5707
5769
5800
5994
6199
6291
6287
6280
6186
6307
6323
5979
5888
5919
5697
5437
5453
5539
5676
5711
5603
5424
5462
5413
5251
5237
5368
5405
5432
5280
5310
5087
5086
5247
5175
5081
5067
5006
5102
4977
4950
4934
5042
5114
5183
5098
5056
5235
5273
5293
5458
5464
5490
5368
5310
5404
5410
5375
5345
5399
5406
5202
5145
5083
5140
5142
5050
5155
5168
5205
5260
5307
5473
5426
5286
5167
4993
5064
5125
5066
5180
5314
5316
5266
5147
5319
5243
5332
5353
5333
5394
5334
5251
5258
5374
5268
5346
5319
5443
5366
5293
5445
5582
5714
5735
5670
5649
5645
5750
5719
5687
5787
5818
5804
5990
6031
6064
5940
5913
5890
5684
5764
5672
5757
5713
5790
5766
5751
5697
5667
5616
5497
5605
5643
5750
5688
5745
5626
5623
5709
5623
5661
5716
5673
5724
5543
5528
5571
5497
5554
5643
5668
5452
5335
5345
5465
5498
5514
5576
5400
5290
5416
5406
5220
5120
5142
5168
5154
5226
5201
5159
5154
5264
5248
5339
5470
5602
5528
5562
5556
5447
5656
5788
5694
5782
5700
5684
5881
5953
5918
5889
6032
5973
6035
5970
5938
6053
6108
6139
6295
6302
6385
6364
6476
6401
6477
6435
6417
6582
6439
6538
6362
6162
6191
6052
5994
6182
6177
6119
6222
6314
6236
6300
6079
6255
6358
6303
6167
6152
6118
6054
5927
6053
6065
6055
5822
5818
5847
5838
5810
5838
5832
5979
6030
6134
6190
6161
6167
6182
6158
6021
6093
6183
5982
6029
6012
5823
5727
5578
5448
5515
5364
5278
5373
5335
5279
5221
5078
5175
5011
4876
4693
4704
4603
4655
4731
4942
4873
4970
4859
4894
4987
4936
4966
4929
4972
5173
5170
5086
5219
5226
5194
5314
5258
5339
5411
5283
5330
5247
5067
4981
5133
5150
5055
4973
5164
5269
5237
5326
5267
5167
5182
5016
4959
4979
5039
4997
4985
4838
4681
4609
4475
4384
4271
4308
4514
4511
4394
4431
4347
4534
4575
4564
4649
4628
4601
4635
4639
4695
4610
4505
4526
4690
4556
4597
4519
4608
4682
4764
5017
5021
4947
4984
4879
4860
4818
4879
4933
5013
5039
5130
5151
5014
4991
4890
4848
4850
4911
4965
5026
4967
4933
5053
5032
5015
5047
4943
4972
5051
5063
4850
5019
5216
5087
5123
4904
4816
4843
4824
4846
4877
4792
4819
4915
5005
5185
5158
5101
5011
4975
4882
4838
4803
4815
4678
4718
4863
4778
4873
4827
4904
4962
4994
4885
5041
5076
4987
5035
4934
5039
5014
5110
5143
5201
5283
5245
5106
5205
5294
5399
5380
5249
5223
5202
5155
5311
5250
5187
5212
5181
5243
5436
5440
5363
5270
5396
5261
5244
5157
4930
4923
5066
5259
5235
5122
5043
5093
5168
5058
5048
5111
5032
5029
5206
5278
5197
5026
5107
5015
4908
5103
4895
4913
4725
4763
4826
4712
4637
4523
4628
4624
4790
4804
4787
4866
5034
5003
4875
4887
5012
4952
4928
5096
5279
5209
5301
5426
5331
5284
5450
5467
5300
5489
5560
5528
5414
5290
5216
4928
4881
4850
4761
4880
4604
4618
4731
4586
4684
4537
4475
4503
4412
4195
4248
4312
4297
4324
4317
4394
4302
4454
4446
4393
4449
4528
4827
4671
4714
4752
4712
4786
4699
4689
4707
4681
4597
4708
4715
4716
4689
4655
4551
4442
4515
4675
4765
4873
5008
5230
5383
5445
5619
5560
5602
5569
5539
5421
5505
5558
5742
5730
5691
5674
5783
5714
5644
5645
5632
5575
5646
5488
5496
5711
5650
5503
5432
5471
5526
5763
5547
5585
5630
5692
5698
5685
5709
5734
5761
5720
5669
5821
5793
5595
5586
5749
5751
5704
5543
5621
5567
5576
5621
5473
5533
5379
5406
5417
5532
5379
5477
5278
5392
5462
5513
5607
5403
5506
5377
5449
5426
5532
5666
5681
5640
5878
5808
5742
5551
5377
5427
5213
5204
5266
5164
5168
5263
5257
5278
5328
5272
5419
5450
5380
5569
5481
5446
5495
5494
5426
5210
5175
5199
5290
5325
5245
5284
5295
5284
5530
5487
5418
5415
5467
5530
5538
5588
5610
5513
5554
5567
5488
5524
5683
5748
5759
5779
5805
5820
5786
5771
5764
5778
5721
5454
5429
5331
5339
5212
5250
5157
5247
5245
5163
5166
5219
4991
4907
4891
4885
5074
5108
5012
4935
4826
4961
4959
5113
5087
5092
5136
5012
5029
4930
4842
4895
4889
4859
4976
5199
5172
5070
4902
4998
5140
5080
5062
5129
5249
5185
5421
5480
5428
5360
5393
5259
5326
5254
5203
5373
5309
5335
5375
5435
5514
5533
5610
5591
5653
5740
5865
5675
5753
5759
5721
5877
5743
5629
5769
5780
5691
5488
5340
5369
5258
5267
5339
5205
5164
5227
5319
5485
5464
5473
5523
5444
5238
5155
5143
5202
5237
5252
5265
5366
5381
5495
5634
5652
5681
5594
5476
5293
5167
5091
5336
5398
5298
5174
4981
5116
5067
4997
5272
5218
5121
5259
5465
5665
5612
5768
5782
5928
5979
6061
6109
6053
5969
5972
5995
5947
5784
5812
5825
5714
5770
5872
5922
5962
5746
5650
5447
5377
5536
5613
5629
5743
5716
5831
5766
5586
5418
5320
5364
5402
5411
5344
5432
5609
5779
5847
5761
5858
5823
5704
5811
5877
5914
5760
5708
5718
5888
5787
5837
5661
5726
5660
5594
5580
5492
5432
5436
5245
5254
5269
5135
5059
5110
5141
5305
5542
5495
5492
5362
5243
5219
5163
5257
5378
5317
5232
5196
5479
5437
5602
5677
5575
5558
5647
5884
5887
5921
5972
5923
5785
5837
6003
6151
6106
5973
5727
5684
5755
5860
5840
5994
5980
5983
6051
6010
6009
6074
6215
6238
6288
6478
6573
6547
6633
6619
6452
6588
6499
6400
6268
6298
6204
6230
6294
6270
6277
6274
6338
6264
6383
6235
6244
6252
6144
6239
6041
6129
6084
6366
6369
6346
6353
6529
6617
6661
6635
6466
6201
6171
6132
6331
6280
6355
6419
6399
6873
6893
7071
7144
7121
7092
7253
7360
7313
7406
7376
7296
7300
7409
7540
7500
7607
7544
7524
7494
7197
7502
7457
7549
7608
7454
7650
7662
7721
7638
7558
7557
7535
7354
7501
7558
7569
7368
7434
7526
7544
7699
7751
7606
7783
7862
7880
7879
7813
7976
8043
8101
8062
8101
7994
7820
7836
7828
7809
7787
7978
8118
8108
8094
8246
8282
8049
8026
8042
8026
8038
8140
7953
7868
7836
7713
7872
7885
7864
7792
7558
7751
7532
7435
7574
7785
7714
7657
7911
7791
7824
7716
7781
7565
7524
7502
7500
7615
7656
7533
7377
7494
7274
7425
7242
7346
7114
7103
7095
7077
7092
7281
7109
7158
6857
6799
6891
7003
6979
6992
7051
6967
6989
6926
6985
6981
6987
6982
6964
7025
7138
7070
7154
7150
6981
7058
7073
6961
6801
6767
6811
7094
7005
6903
7042
6941
6895
6792
6600
6721
6872
6718
6801
6774
6869
6882
6794
7016
6948
6888
6846
6514
6567
6613
6663
6648
6590
6710
6599
6450
6425
6411
6444
6295
6178
6364
6283
6235
6301
6397
6402
6405
