1005000
267209
173831
128622
101703
85019
72219
63461
56281
50213
45159
41180
37671
35035
32487
30209
28266
26397
24850
23550
22373
21744
20388
19671
18782
17947
17134
16436
15972
15501
14876
14740
14469
13772
13644
13364
13058
12665
12557
12165
11952
11613
11077
10797
10645
10339
10199
9767
9385
9144
9054
9020
8771
8443
8289
7989
7969
7918
7886
7747
7556
7457
7278
7193
7079
7013
7008
6851
6676
6492
6427
6599
6630
6391
6299
6279
6122
6165
5953
5923
5906
6015
6206
6288
6326
6466
6440
6270
6289
6112
6044
5914
5939
5884
5940
5857
5840
5841
5539
5498
5439
5335
5154
5022
5129
5199
5165
5179
5138
5056
4950
4877
4663
4585
4455
4424
4417
4368
4349
4292
4330
4226
4137
4064
4095
3973
4001
4041
3993
4038
4132
4107
4073
4268
4227
4426
4480
4617
4653
4311
4201
4296
4314
4296
4282
4204
4185
4201
4169
4074
4145
4085
4164
4186
4305
4184
4277
4024
4100
4219
4209
4084
4065
4160
4197
4269
4330
4285
4294
4330
4271
4237
4302
4352
4229
4212
4369
4445
4357
4397
4392
4252
4114
4133
4128
4004
4012
4104
4170
4116
4241
4376
4393
4265
4379
4482
4364
4019
4235
4182
3927
3981
4140
4058
4133
4001
4014
3978
4177
4092
4152
4061
3993
3968
3799
3799
3855
3978
3980
3935
3987
3956
4043
4017
3944
3882
3930
4024
3931
3879
3838
3764
3734
3743
3714
3588
3538
3446
3538
3522
3467
3395
3458
3589
3552
3707
3686
3694
3529
3519
3667
3816
3683
3654
3618
3498
3533
3424
3361
3495
3420
3434
3470
3443
3497
3404
3355
3363
3388
3490
3536
3425
3317
3406
3372
3316
3159
3183
3105
3109
3167
3289
3145
3212
3206
3195
3187
3264
3274
3301
3389
3414
3309
3358
3446
3438
3452
3425
3462
3442
3451
3428
3279
3378
3403
3266
3180
3210
3243
3144
3089
3212
3362
3360
3371
3453
3488
3442
3530
3493
3540
3529
3541
3541
3522
3404
3261
3173
3223
3154
3197
3151
3015
2919
2702
2668
2803
2613
2614
2649
2661
2627
2589
2374
2326
2330
2334
2380
2388
2473
2433
2496
2562
2524
2547
2424
2432
2416
2484
2527
2415
2464
2442
2470
2514
2461
2353
2395
2235
2197
2235
2247
2241
2304
2200
2256
2238
2146
2208
2281
2289
2230
2248
2227
2272
2278
2364
2435
2548
2613
2506
2499
2485
2479
2427
2541
2586
2572
2641
2635
2597
2511
2515
2441
2362
2295
2211
2208
2329
2351
2418
2445
2406
2469
2500
2373
2346
2398
2376
2454
2574
2496
2536
2665
2743
2638
2685
2665
2488
2463
2491
2499
2514
2420
2413
2463
2426
2416
2410
2383
2368
2340
2246
2176
2232
2130
2122
2208
2232
2290
2277
2174
2161
2136
2069
2189
2217
2295
2360
2344
2296
2422
2388
2371
2227
2305
2313
2302
2269
2298
2229
2321
2405
2395
2448
2529
2608
2598
2519
2413
2334
2292
2359
2412
2425
2375
2330
2195
2235
2266
2288
2251
2329
2346
2361
2412
2564
2583
2611
2620
2571
2541
2660
2661
2646
2673
2652
2637
2643
2485
2689
2676
2695
2808
2884
2886
2953
3025
3098
3045
3230
3206
3250
3317
3298
3400
3384
3398
3371
3477
3499
3601
3812
3816
3921
3963
4213
4188
4228
4240
4218
4328
4133
4061
4144
4147
4244
4139
4206
4157
4128
4136
4042
4075
4170
4186
4182
4213
4392
4363
4425
4520
4382
4577
4641
4669
4500
4604
4536
4470
4445
4390
4375
4392
4413
4412
4480
4535
4501
4552
4542
4361
4376
4325
4231
4160
4079
4231
4355
4434
4491
4386
4460
4372
4493
4572
4512
4613
4715
4763
4708
4608
4502
4589
4567
4682
4680
4770
4878
4979
4913
4943
5110
5203
5211
4983
4974
5013
5041
5079
5206
5264
5378
5175
5043
5022
5065
5197
5140
5086
5181
5227
5313
5316
5282
5369
5299
5374
5214
5184
5288
5413
5464
5565
5542
5599
5771
5848
5894
6202
6161
5993
5844
5899
5856
5801
5965
6116
6029
5987
5942
5744
5688
5806
5873
5672
5611
5583
5420
5469
5445
5374
5396
5208
5298
5189
5139
5075
5110
4901
4899
5088
5164
5118
5101
5061
5168
5166
5196
5169
5226
5130
5200
5139
5022
4950
4826
4921
4863
5008
5082
5214
5224
5112
5315
5547
5500
5514
5524
5571
5614
5648
5675
5705
5607
5557
5534
5721
5658
5399
5483
5415
5319
5426
5449
5624
5616
5601
5680
5706
5681
5777
5796
5708
5807
5734
5822
5677
5476
5376
5460
5775
5803
5989
5946
5894
5715
5819
5733
5764
5716
5537
5564
5715
5594
5583
5583
5659
5720
5690
5765
5847
5820
5846
5888
5738
5625
5487
5522
5516
5419
5317
5467
5257
5166
5074
5243
5150
5172
5324
5436
5423
5464
5280
5105
4999
5117
5188
5157
5342
5414
5511
5624
5585
5586
5599
5703
5692
5614
5527
5515
5427
5728
5516
5422
5477
5431
5482
5593
5547
5461
5460
5554
5671
5669
5735
5713
5730
5722
5838
5866
5742
5866
6003
5930
5961
5940
5856
5950
5766
5899
5750
5761
5889
5910
5933
5871
5913
5950
5959
5914
5681
5788
5690
5655
5719
5714
5728
5784
5781
5723
5735
5742
5982
5920
5939
5870
5896
6040
6056
6126
6187
6189
6053
6039
6011
6005
6046
6100
6181
6279
6264
6247
6140
6072
6288
6336
6413
6387
6348
6423
6163
6183
6259
6321
6272
6229
6195
6243
6246
6325
6301
6320
6383
6450
6464
6520
6617
6444
6409
6517
6413
6405
6562
6512
6733
7012
6934
6802
6947
6918
6894
6986
7139
7105
7117
7024
6897
6884
6958
6865
6972
6815
6830
6787
6889
6758
6629
6715
6930
6916
6943
6922
6918
6853
6750
6836
6623
6493
6474
6444
6566
6580
6667
6807
6787
6722
6808
6722
6911
6720
6763
6846
6786
6854
6766
6799
6832
6814
6937
7037
7124
7282
7271
7157
7185
7279
7348
7491
7405
7346
7279
7252
7191
7262
7288
7150
7158
6948
6976
6820
6900
6933
7005
7081
7278
7176
6893
6976
7087
6998
6877
6681
6657
6719
6710
6661
6558
6401
6422
6390
6371
6474
6608
6487
6433
6079
6219
6232
6147
6232
6142
6087
6121
6243
6365
6352
6092
6272
6025
6131
6470
6568
6429
6307
6117
6059
5969
6063
6241
6307
6377
6693
6760
6817
6819
6948
6926
6896
6836
6832
6707
6686
6779
6613
6573
6659
6669
6606
6616
6607
6659
6608
6605
6564
6525
6643
6859
6822
6824
6792
6801
7047
6946
6978
7134
7125
7247
7401
7411
7299
7331
7422
7147
7090
7068
7210
7145
7237
7482
7593
7482
7455
7426
7344
7296
7309
7275
7316
7353
7298
7280
7237
7234
7265
7387
7221
7511
7607
7730
7731
7872
7830
7584
7535
7705
7548
7451
7449
7495
7570
7455
7651
7635
7624
7537
7619
7610
7524
7469
7374
7586
7557
7488
7439
7391
7380
7436
7474
7422
7550
7554
7583
7407
7510
7411
7456
7399
7431
7304
7330
7551
7735
7678
7802
8002
8052
7974
7815
7855
7787
7689
7825
7727
7658
7697
7615
7576
7298
7373
7549
7738
7735
7562
7745
7801
7828
7953
7755
7716
7668
7664
7780
7875
7737
7768
7900
7876
7906
7919
7746
7762
7723
7499
7565
7551
7483
7550
7597
7458
7305
7258
7109
7221
6974
6904
6845
6691
6821
6990
7012
6921
6947
6735
6686
6635
6727
6641
6647
6728
6604
6518
6498
6563
6662
6618
6661
6642
6592
6594
6446
6341
6271
6170
6158
6174
6359
6374
6378
6178
6475
6381
6560
6376
6644
6726
6911
7133
7066
7182
6981
7194
7197
6987
7024
7013
6967
7179
6838
6891
6905
6872
6900
6822
6902
7122
7117
7194
7293
7305
7579
7549
7497
7553
7705
7519
7688
7520
7487
7721
7590
7679
7641
7639
7405
7359
7414
7373
7373
7382
7254
7409
7401
7487
7179
7191
7077
6942
6960
6973
7088
7025
7135
7096
6769
6617
6751
6679
6589
6414
6489
6500
6467
6516
6731
6669
6686
6678
6727
6743
6786
6814
7005
7064
6891
6851
6783
6684
6675
6805
6652
6541
6654
6554
6469
6558
6615
6462
6447
6365
6429
6463
6440
6453
6586
6473
6754
6688
6539
6635
6518
6501
6314
6293
6409
6450
6541
6487
6452
6496
6447
6456
6654
6395
6469
6445
6704
6678
6681
6644
6705
6754
6636
6527
6501
6384
6325
6369
6259
6244
6216
6273
6149
6138
6214
6098
6188
6287
6141
6275
6030
6038
5986
6072
6143
6180
6008
5870
6150
6233
6123
6231
6396
6454
6512
6340
6399
6240
6334
6200
6093
6111
6137
6151
5993
5957
6031
5924
5834
5744
5752
5809
5893
6086
6139
6271
6244
6077
6126
6182
6164
6258
6285
6230
6174
6031
5986
6058
5901
5983
6149
6072
6066
5999
5981
6024
6012
6074
6065
6067
5978
5956
5971
6060
6085
6235
6232
6218
6145
5975
5933
5784
5603
5767
5752
5838
6164
6324
6362
6113
6209
6426
6522
6637
6681
6630
6729
6872
6843
6717
6444
6322
5973
5966
5902
6131
6079
6138
6241
6186
5867
5874
5917
5919
5754
5562
5715
5619
5775
5901
5841
5738
5677
5693
5700
5636
5457
5505
5376
5282
5295
5242
5350
5277
5419
5499
5540
5678
5783
5888
5781
5756
5912
5831
5770
5766
6025
5947
5934
5823
5849
5972
5759
5833
5878
6072
5961
5820
5716
5719
5813
5787
5715
5871
5989
6085
6221
6385
6362
6335
6201
6308
6217
6334
6374
6214
6307
6265
6275
6361
6254
6196
6409
6356
6353
6307
6513
6327
6341
6321
6272
6272
6276
6352
6406
6404
6382
6398
6585
6432
6613
6572
6433
6510
6586
6666
6348
6296
6100
5917
5982
5971
6033
6005
5902
6065
6083
6093
6172
6225
6212
6284
6553
6569
6617
6705
6645
6649
6678
6468
6522
6738
6788
6798
6938
6762
6855
6780
6868
6735
6839
6764
6778
6869
6931
7059
7033
6963
7214
6959
7042
7058
7087
7154
7226
7149
7120
6999
7041
7068
7056
6975
7107
7120
7209
7369
7397
7547
7664
7815
7720
7728
7624
7636
7694
7677
7660
7651
7482
7418
7195
7499
7394
7430
7332
7110
7205
7164
7099
7061
7070
6883
6796
6838
6628
6600
6727
6629
6734
6747
6691
6696
6541
6606
6559
6624
6472
6491
6448
6421
6354
6379
6353
6547
6452
6308
6213
6164
6300
6170
5991
5966
6000
6070
6011
5926
6141
6081
6126
6074
5978
5991
5935
5986
5773
5933
5967
5965
6135
6014
5910
5728
5685
5582
5731
5813
5882
5809
5855
5797
5812
5764
5814
5919
5957
6022
6145
6280
6094
6103
5871
5870
5962
6049
6088
6212
6168
5994
6044
5944
5836
5903
5634
5606
5633
5809
5804
5951
5927
5956
5951
5956
5853
5720
5665
5568
5508
5552
5727
5778
5941
5870
5803
5760
5797
5624
5593
5775
5821
5871
6075
6175
6187
6238
6006
5940
6142
6070
6195
6157
6056
6111
6114
6356
6173
6148
6061
5950
6049
6118
5918
6030
5956
6100
5986
5925
5848
5761
5844
5786
5662
5686
5505
5504
5542
5431
5492
5459
5648
5797
5737
5744
5736
5757
5768
5840
5923
5894
5806
5743
5718
5754
5712
5785
5825
6006
6208
6006
6105
6089
6101
5909
5957
5826
5922
5903
6126
5835
5852
5819
6016
5996
5726
5696
5488
5495
5424
5523
5536
5593
5508
5525
5529
5562
5379
5605
5589
5555
5543
5503
5503
5587
5435
5452
5544
5453
5497
5452
5456
5580
5620
5625
5602
5625
5704
5580
5558
5481
5482
5421
5481
5617
5611
5648
5600
5602
5598
5506
5773
5739
5639
5756
5985
5844
5792
5893
5903
5905
5883
5891
5791
5725
5699
5653
5621
5556
5503
5637
5757
5539
5567
5614
5670
5820
5945
5953
5958
5854
5893
6024
6021
5864
5929
5807
5774
5820
5977
5948
6077
5982
5964
6121
6092
6132
6068
6240
6203
6353
6211
6092
6174
6212
6349
6132
6072
5871
5823
5801
5780
5828
5822
5974
6002
5993
6086
5886
5916
5981
5952
5977
5935
6026
6026
6126
6050
6029
6115
6042
6157
6080
6017
6194
6093
6098
6207
6092
6091
6005
6046
6129
6008
6005
5918
6023
6059
6196
6281
6246
6256
6245
6312
6336
6395
6350
6166
6190
6367
6314
6158
6092
6029
6025
5965
6098
6134
5857
5969
5856
5776
5840
5997
5987
6050
5978
5954
5920
5920
6008
6033
6147
6217
6202
6212
6226
6303
6264
6162
6200
6185
6332
6162
6072
6159
6204
6003
5843
5755
5767
5755
5827
5715
5666
5570
5623
5615
5481
5452
5325
5381
5578
5535
5762
5701
5672
5682
5631
5683
5776
5941
5921
5966
5933
5961
5954
5843
5758
5806
6053
6036
6128
6041
5996
6081
6127
6060
6128
6214
6150
6205
6287
6355
6431
6300
6307
6336
6515
6453
6381
6367
6181
6171
6385
6541
6634
6540
6563
6496
6617
6552
6317
6379
6321
6384
6327
6259
6301
6236
6102
6126
6120
6135
6286
6154
6309
6497
6363
6442
6244
6180
6214
6081
5992
5917
5916
5895
5817
5838
5769
5624
5757
5735
5718
5580
5584
5444
5567
5651
5697
6010
5878
5818
5781
5831
5920
5783
5869
5882
5975
5893
5896
5876
5833
5900
5861
5951
5748
5778
5968
5677
5649
5468
5552
5580
5556
5398
5512
5478
5624
5333
5368
5496
5258
5405
5459
5458
5346
5458
5337
5220
5179
5251
5229
5109
5030
5144
5073
5098
4971
5137
5094
5175
5205
5313
5099
5099
5032
4838
4860
4860
4864
4878
5048
4942
4888
4758
4750
4882
4828
4683
4609
4594
4531
4510
4596
4748
4642
4553
4536
4394
4371
4381
4426
4337
4395
4502
4552
4542
4566
4683
4831
4842
4814
4919
4835
4788
5002
4930
5005
4962
4943
5002
4959
5060
5213
5234
5221
5249
5131
5077
4969
5209
5211
5277
5206
5224
5106
5071
5056
5058
5021
5097
5028
5020
5004
5053
5029
5034
5092
5111
5171
5438
5439
5485
5436
5294
5261
5235
5140
5050
5107
5109
5051
4949
4978
4969
4964
5047
4968
5109
5104
5060
5016
5048
5094
5052
5092
5015
5090
5026
4950
5106
5135
5059
5133
5185
5150
5123
5088
4930
4913
4997
5033
5048
4946
4936
4911
4776
4783
4733
4603
4685
4874
5005
5186
5167
5105
5206
5125
5199
5280
5246
5260
5262
5394
5434
5222
5055
4971
4908
4880
5009
5031
5017
4908
4897
4978
5176
5060
5001
4885
4826
4774
4649
4586
4534
4744
4761
4825
4762
4904
5018
5102
5116
4968
4858
4805
4558
4483
4636
4728
4971
4701
4687
4929
4949
4937
4771
4782
4767
4799
4825
4918
4836
4718
4803
4892
4937
4815
4825
4832
4942
4877
5121
5216
5360
5439
5512
5382
5547
5481
5469
5425
5541
5357
5393
5403
5384
5393
5334
5244
5233
5255
5223
5278
5159
5132
5265
5306
5647
5542
5729
5820
5953
6004
5891
5738
5832
5894
5990
5990
5845
5797
5854
6129
6037
6121
6119
6122
5862
5981
5959
5823
5817
5730
5739
5768
5717
5800
5804
5860
6089
6057
6014
6131
5985
5995
6091
6180
6399
6254
6260
6444
6398
6486
6435
6570
6652
6763
6474
6405
6322
6473
6559
6545
6619
6609
6614
6457
6626
6615
6436
6401
6440
6588
6499
6360
6317
6327
6271
6104
5983
5879
5893
6035
6200
6230
6175
6317
6468
6441
6315
6077
6053
6097
6046
5770
5703
5630
5628
5575
5541
5490
5360
5527
5611
5451
5303
5449
5477
5593
5722
5756
5826
5700
5750
5692
5783
5800
5835
5607
5596
5719
5704
5740
5872
5805
5613
5723
5628
5662
5626
5665
5652
5796
5940
5924
5931
6124
5775
5804
5713
5616
5656
5705
5671
5759
5727
5800
5825
5674
5604
5574
5708
5797
5753
5795
5786
5857
5821
5752
5805
5910
5930
5893
5912
5766
5709
5654
5620
5610
5746
5712
5565
5403
5513
5600
5761
5688
5639
5661
5749
5615
5605
5652
5591
5398
5461
5393
5300
5453
5339
5500
5467
5602
5472
5357
5307
5297
5350
5537
5368
5482
5413
5448
5496
5408
5217
5243
5293
5395
5326
5493
5594
5793
5690
5831
5761
5789
5731
5704
5621
5741
5754
5937
5855
5799
5749
5853
6063
5967
5766
5781
6021
6019
6006
5782
5784
5734
5747
5798
5811
5761
5846
5969
6015
6048
6126
6051
6132
6306
6207
6184
6161
6107
6158
6237
6175
6185
6137
6177
6174
5951
5943
6010
6007
6209
6119
6014
6091
6107
6170
5923
5816
5845
5775
5728
5810
5840
5875
5964
5857
6004
5825
5846
5958
5944
5924
5916
5923
5887
5993
5860
5698
5720
5858
5665
5668
5555
5568
5645
5786
5675
5700
5764
5714
5520
5397
5476
5555
5743
5759
5868
5689
6031
6123
6270
6307
6407
6509
6555
6604
6686
6717
6754
6507
6404
6256
6264
6111
6055
6161
5932
5909
5997
6038
5867
5876
5878
6136
5827
5907
5921
5820
5928
5987
5922
5854
5733
5668
5858
5795
5869
5808
5581
5666
5682
5669
5376
5465
5788
5669
5680
5711
5937
6048
5978
6181
6144
6028
5887
5947
5971
5934
5796
5854
5862
5866
5746
5729
5738
5602
5641
5715
5717
5889
5859
5740
5807
5911
5874
5746
5597
5643
5693
5936
5871
5763
5688
5599
5648
5631
5541
5700
5728
5918
5935
6070
6055
6008
5855
5835
5913
5932
6084
5964
6006
5818
5965
5759
5543
5556
5675
5647
5602
5558
5693
5568
5687
5614
5542
5567
5325
5304
5111
5087
4993
5139
5180
5141
5247
5263
5202
5170
5211
5130
5291
5392
5149
5194
5145
4983
4780
4752
4568
4427
4372
4314
4401
4461
4447
4428
4397
4375
4416
4528
4415
4310
4339
4525
4580
4702
4650
4630
4534
4464
4457
4509
4417
4426
4437
4429
4379
4323
4223
4327
4332
4140
4078
4269
4423
4376
4542
4397
4269
4163
4148
4063
4101
4028
3938
3919
3897
3941
4073
4219
4166
4281
4416
4440
4485
4623
4576
4508
4310
4144
4169
4115
4158
4226
4309
4261
4258
4243
4308
4372
4465
4542
4403
4321
4361
4438
4384
4415
4320
4135
4082
4100
4199
4277
4221
4186
4275
4303
4363
4262
4308
4294
4285
4207
4220
4202
4220
4293
4297
4315
4315
4219
4211
4250
4352
4382
4286
4297
4248
4397
4304
4092
4108
4076
3918
3799
3990
3983
4163
4182
4177
4101
4096
3950
4036
4115
4173
4176
4158
4268
4220
4179
4104
4108
4149
4148
4296
4379
4364
4574
4446
4573
4397
4508
4544
4758
4674
4859
4957
4890
4898
4987
5144
5096
5186
5198
5103
5019
4908
5133
5203
5372
5354
5378
5322
5326
5299
5372
5326
5256
5209
5144
5256
4987
4891
4883
4823
4795
4593
4526
4478
4476
4521
4624
4715
4664
4874
5044
5001
4904
4979
4980
5088
5190
5236
5306
5226
5371
5332
5252
5212
5176
5417
5333
5510
5606
5631
5576
5596
5703
5807
5811
5732
5754
5687
5649
5725
5693
5714
5806
5878
5908
5782
5733
5649
5543
5490
5563
5505
5549
5378
5322
5373
5306
5292
5205
5001
5220
5441
5408
5350
5420
5436
5478
5513
5416
5520
5567
5478
5433
5502
5453
5352
5329
5247
5247
5394
5402
5164
5199
5232
5179
5384
5500
5543
5750
5773
5741
5697
5696
5535
5452
5636
5607
5723
5953
5817
5719
5743
5693
5714
5791
5789
5685
5477
5438
5321
5147
5082
4985
4976
5006
5076
5137
5111
4899
5122
5321
5329
5288
5276
5278
5186
5345
5347
5467
5479
5390
5388
5344
5236
5177
5130
5065
5030
5168
4954
4976
4987
4930
5003
4923
5023
5262
5081
5080
5301
5208
5281
5472
5563
5544
5468
5632
5472
5476
5506
5499
5526
5411
5143
5146
4982
4901
4935
5076
4926
4823
4796
4849
4871
4924
4889
5112
5320
5325
5353
5267
5294
5554
5490
5409
5301
5267
5273
5403
5221
5204
5306
5139
5103
5277
5490
5603
5712
5659
5863
5847
5753
5627
5594
5600
5689
5829
5556
5397
5349
5229
5351
5189
5307
5288
5250
5343
5318
5221
5218
5256
5242
5161
5201
5139
4979
5007
5022
5115
5018
5093
5112
5144
5170
5079
5168
5093
5048
4892
4741
4703
4664
4635
4619
4740
4747
4656
4766
4877
4673
4759
4434
4454
4403
4389
4522
4474
4509
4666
4556
4411
4530
4522
4587
4530
4470
4458
4345
4423
4453
4490
4360
4376
4401
4491
4642
4633
4567
4577
4654
4503
4443
4463
4510
4567
4515
4449
4615
4539
4272
4196
4095
4061
4041
4177
4331
4408
4419
4235
4232
4233
4145
4176
4193
4188
4214
4240
4292
4198
4275
4214
4333
4403
4382
4461
4416
4413
4500
4539
4505
4441
4454
4614
4528
4620
4724
4582
4631
4561
4484
4466
4506
4438
4517
4572
4430
4443
4397
4449
4472
4355
4314
4331
4362
4372
4409
4445
4482
4408
4385
4496
4508
4541
4598
4497
4593
4609
4673
4674
4601
4649
4612
4544
4543
4585
4614
4502
4601
4603
4770
4869
4783
4802
4725
4919
4907
4952
4935
4819
4939
4957
4949
4962
4810
4737
4632
4688
4726
4741
4811
4890
4943
4896
4977
4755
4755
4762
4725
4612
4685
4714
4707
4779
4981
4911
4982
5019
4949
4885
4820
4909
4893
5006
5107
5212
5148
5216
5165
5254
5314
5339
5404
5377
5434
5481
5623
5718
5518
5404
5359
5463
5445
5535
5739
5858
5811
5672
5691
5893
5750
5725
5767
5544
5464
5515
5473
5482
5576
5566
5631
5860
5927
5935
6052
6173
6306
6243
6267
6369
6369
6419
6532
6620
6587
6561
6436
6562
6682
6711
6732
6810
6784
6883
6952
7051
7090
7004
6990
6731
6665
6801
6538
6640
6507
6292
6369
6357
6301
6176
6080
5936
5946
5979
6077
6097
6260
6230
6407
6511
6752
6674
6711
6466
6507
6436
6340
6366
6429
6381
6301
6625
6597
6698
6829
6538
6560
6661
6750
6758
6689
6665
6693
6506
6526
6536
6469
6558
6769
6725
6681
6641
6597
6803
6932
7012
6862
6877
7008
6940
6812
6859
6974
6788
6615
6566
6656
6478
6574
6647
6590
6672
6537
6720
6733
6710
6893
7016
7077
7110
7160
7274
7146
7261
7081
7029
6965
7181
7198
7207
7303
7116
7232
7270
7229
7029
7146
6945
7093
7025
7067
7126
7021
6983
6839
6900
6822
6787
6969
6914
6863
6732
6726
6736
6706
6732
6694
6663
6644
6612
6546
6433
6466
6490
6692
6804
6795
6745
6897
7083
7033
7022
6973
6847
6874
6627
6790
6859
6837
7019
7029
7176
7146
6893
6630
6705
6545
6597
6496
6540
6464
6408
6491
6565
6491
6485
6283
6111
6142
6081
6357
6334
6392
6457
6471
6418
6213
6090
6086
6215
6153
6134
6026
6175
6203
6193
6139
6066
5934
5888
5882
5914
5984
5882
5888
5947
6049
5957
5998
5824
5916
5748
5662
5657
5803
5632
5672
5633
5745
5642
5577
5619
5608
5791
5735
5677
5665
5860
5770
5797
5688
5774
5733
5805
5878
5696
5659
5555
5692
5840
5896
5845
5872
5782
5895
5836
5889
5918
5906
5864
5908
5727
5710
5689
5494
5541
5643
5592
5729
5704
5652
5719
5615
5423
5348
5357
5333
5334
5418
5399
5268
5075
4949
4811
4888
4873
5027
4931
4872
4636
4713
4589
4672
4733
4847
4739
4695
4654
4697
4682
4681
4591
4513
4533
4502
4477
4720
4561
4558
4648
4582
4726
4792
4765
4645
4581
4686
4550
4559
4548
4583
4641
4849
5016
5131
5245
5271
5346
5356
5431
5352
5380
5419
5436
5553
5639
5767
5895
5789
5858
5832
5842
6074
6101
6157
6107
5978
5956
5908
6049
6099
6136
6070
6057
5966
5976
6135
6160
6168
6266
6505
6696
6656
6660
6628
6696
6737
6765
6582
6724
6851
6830
6783
6770
6752
6781
6954
7082
7067
7234
7231
7166
7355
7440
7422
7254
7237
7296
7420
7321
7419
7327
7456
7409
7182
7133
7426
7444
7489
7375
7429
7339
7354
7218
7190
7109
7068
6999
7119
7070
7232
7292
7192
7193
7325
7288
7296
7402
7464
7461
7462
7274
7390
7122
6920
6910
6948
6970
6876
6852
6873
7040
7027
6966
6969
6953
6875
6965
7003
6966
6861
6695
6829
6671
6462
6435
6394
6573
6482
6726
6725
6750
6816
6808
6893
6965
6783
6731
6780
6637
6546
6568
6660
6647
6763
6930
6830
6712
6554
6624
6657
6923
6963
7041
7161
7153
7092
7307
7310
7220
7364
7339
7107
7067
6988
7040
7313
7489
7715
7548
7543
7710
7750
7575
7470
7353
7304
7291
7314
7377
7358
7277
7142
7294
7205
7136
6949
6915
7022
6895
6900
6984
6907
6996
6985
7131
7246
7175
7183
7109
7090
7004
6958
7117
6952
7021
7000
7125
7207
7388
7458
7503
7575
7506
7451
7448
7486
7368
7444
7253
7234
7482
7361
7444
7427
7615
7687
7501
7605
7670
7608
7668
7502
7673
7813
7656
7624
7854
7717
7710
7686
7691
7761
7511
7465
7529
7518
7545
7370
7073
7079
7141
7198
7137
7078
7165
7175
7298
7172
7275
7179
7193
7158
7143
7044
6983
6980
6943
7011
7201
7163
7151
7182
7180
7199
7120
7350
7390
7641
7502
7471
7765
7609
7471
7520
7953
7967
8026
7853
7793
7820
7952
7866
7782
7730
7860
7943
7778
7784
7638
7705
7631
7568
7541
7483
7313
7307
7231
7147
7022
6815
6909
7014
6944
6691
6754
6570
6468
6556
6545
6699
6821
6695
6624
6749
6645
6602
6750
6629
6548
6538
6236
6301
6337
6419
6548
6293
6135
6225
6258
6237
6294
6224
6359
6477
6608
6624
6748
6854
6767
6750
6773
6754
6740
6776
6916
6989
6960
7177
7447
7327
7299
7160
7168
7314
7407
7250
7345
7343
7278
7488
7418
7394
7284
7190
7325
7368
7332
7245
7351
7362
7236
7355
7269
7163
7212
7165
7241
7100
7144
7156
6993
6879
6991
6994
6993
7211
7111
7293
7103
6936
6968
7084
7084
7255
7361
7224
7215
7227
7237
7266
7302
7269
7433
7415
7403
7494
7703
7627
7563
7660
7677
7388
7435
7398
7437
7363
7356
7108
7065
7052
6885
6779
6581
6504
6440
6445
6434
6692
6630
6706
6776
6795
6880
6787
6696
6840
6783
6740
6613
6657
6700
6797
6807
6814
6934
6950
7182
7152
7090
7024
6992
7012
7124
7030
7016
7077
7073
6993
7191
7086
7004
7023
6902
6828
6701
6723
6728
6663
6757
6858
6676
6688
6758
6882
6845
6717
6787
6795
6699
6682
6720
6732
6677
6739
6835
6990
7048
7126
7089
7249
7285
7086
6874
6976
6901
6815
6741
6920
7014
7076
7032
6881
6972
6899
6944
6937
6771
6679
6441
6503
6483
6455
6358
6547
6689
6719
6605
6762
6689
6715
6635
6539
6372
6471
6347
6249
6215
6170
6067
5952
5917
6018
6058
6040
6159
6237
6238
6092
6075
5781
5680
5948
5974
5865
6011
6035
6052
6319
6262
6360
6219
6061
6013
5967
5875
5798
5923
5924
5803
5750
5988
6097
5966
5857
5917
6078
6087
6121
6226
6369
6426
6508
6468
6419
6417
6457
6491
6542
6465
6657
6668
6835
6758
6582
6758
6707
6693
6674
6688
6589
6481
6262
6336
6267
6247
6180
6080
5777
5826
5907
5878
6032
6012
5980
6055
6235
6281
6149
6396
6466
6427
6440
6331
6215
6243
6297
6168
6401
6323
6377
6202
6235
6132
6107
6023
6159
6110
6148
6096
6299
6308
6318
6395
6413
6376
6392
6379
6352
6448
6374
6480
6496
6623
6591
6747
6713
6638
6546
6638
6632
6857
6932
7021
7111
7220
7263
7406
7649
7705
7664
7757
7730
7702
7623
7802
7806
7745
7523
7586
7490
7437
7339
7217
7319
7263
7329
7525
7542
7464
7496
7589
7387
7422
7276
7267
7212
7237
7014
7116
7217
7195
7079
6978
6806
6824
6943
6858
6995
6979
7249
7267
7170
7213
7002
7001
6955
6932
6894
7067
7066
7282
7094
7260
7579
7637
7603
7707
7566
7552
7612
7490
7552
7610
7656
7809
7720
7510
7328
7155
7024
7056
7171
7138
7152
7147
7116
7214
7297
7340
7432
7432
7394
7718
7497
7368
7212
7284
7215
7092
7092
7034
7180
7103
7258
7201
7120
7091
7027
6963
7127
7125
7138
7129
7113
6982
7003
7004
7061
7010
6791
6776
6783
6667
6745
6621
6474
6389
6246
6263
6374
6512
6602
6591
6342
6336
6365
6537
6488
6479
6542
6542
6448
6525
6709
6772
6939
6815
6809
6905
7143
6894
6971
6985
6818
6828
6760
6689
6669
6575
6569
6566
6683
6641
6619
6766
6849
6793
6711
6766
6702
6667
6585
6583
6435
6384
6351
6285
6283
6408
6333
6356
6219
6206
5984
5955
5924
5820
6090
6069
6056
5868
5976
5894
5974
5902
5824
5847
5898
5695
5511
5617
5248
5173
5325
5341
5276
5213
5150
5315
5125
5188
5304
5493
5754
5539
5607
5555
5595
5757
5891
5802
5827
5749
5802
5735
5814
5738
5629
5476
5352
5375
5280
5326
5266
5212
5303
5169
5109
5027
5025
4852
4866
4764
4747
4782
4719
4712
4828
4764
4841
4752
4855
4966
5117
5107
5282
5293
5354
5272
5419
5380
5466
5468
5562
5503
5582
5562
5460
5545
5446
5605
5588
5696
5787
5620
5631
5739
5836
5821
5693
5712
5804
5928
6032
6025
5902
5804
5603
5621
5655
5755
5897
6111
6134
6058
6010
5979
5989
5879
5884
5875
5809
5803
5950
5993
5855
5798
5685
5734
6027
5807
5809
5783
5840
5767
5711
5774
5747
5673
5620
5802
5726
5699
5989
6086
6117
6254
6188
6133
6134
6020
5995
6096
6011
6155
6070
6001
5882
5865
5939
5979
6139
5990
5960
6058
6133
6089
6062
6212
6164
5981
5851
5958
5841
5812
5692
5757
5747
5696
5786
5726
5614
5512
5486
5596
5569
5476
5428
5591
5589
5634
5568
5354
5377
5477
5477
5453
5369
5328
5463
5271
5187
5240
5287
5303
5320
5418
5502
5431
5558
5632
5661
5724
5776
5691
5775
5681
5675
5421
5490
5552
5778
5714
5608
5536
5756
5783
6016
5730
5757
5814
5785
5562
5490
5587
5613
5661
5721
5685
5669
5766
5854
5976
6058
6132
5902
5601
5741
5783
5789
5755
5901
5869
6000
6199
6230
6067
6232
6134
5997
5947
6063
6036
6118
6087
5977
5863
6093
6079
6198
6188
6272
6269
6187
6235
6147
5934
6046
6000
6122
5919
5782
5630
5641
5781
5715
5680
5698
5674
5770
5791
5727
5720
5871
5765
5758
5914
5818
5854
5730
5736
5669
5617
5488
5450
5287
5394
5553
5648
5892
5952
5980
6135
6321
6300
6195
6373
6469
6413
6496
6416
6496
6547
6471
6587
6500
6511
6501
6439
6447
6295
6134
6008
5933
5920
6080
6152
6200
6025
6232
6371
6554
6443
6249
6088
6193
6188
6280
6299
