1005000
267467
174122
128527
101977
84536
71942
62860
55385
49378
45242
40962
37656
34762
32221
29996
28415
26720
25313
24079
22750
21399
20613
19821
18825
18022
17230
16523
16030
15436
15076
14551
13923
13078
13031
12466
12009
11417
10937
10790
10497
10417
10118
9909
9690
9436
9289
9173
9092
8944
8657
8448
8465
8139
8224
7963
7790
7628
7588
7585
7359
7356
7263
7126
7097
7084
7070
7105
7095
7081
6912
6562
6402
6505
6547
6625
6190
6102
6032
5887
5920
6069
5829
5932
5838
5907
5705
5660
5530
5467
5563
5632
5592
5684
5553
5526
5553
5533
5593
5530
5404
5444
5401
5372
5472
5509
5543
5302
5232
5237
5109
4998
4917
4886
4906
4840
4892
4937
4947
4975
4892
4920
4953
4943
4919
4774
4826
4853
4928
4826
4750
4599
4770
4663
4659
4555
4480
4339
4162
4083
4059
4195
4278
4238
4144
4072
4056
3998
4001
3989
3964
3935
3950
3994
4033
3937
4106
4078
4214
4235
4166
4085
4205
4045
3980
3921
3969
3894
3935
3898
3892
3789
3819
3757
3741
3803
3816
3932
3913
3909
3724
3596
3580
3609
3569
3510
3417
3307
3331
3396
3457
3369
3382
3357
3320
3299
3218
3233
3320
3295
3229
3347
3285
3334
3283
3300
3225
3373
3343
3238
3088
3089
3078
2968
2886
2930
2857
2811
2892
2844
2916
2854
2990
2972
3003
2819
2848
2831
3013
2953
2880
2787
2921
2939
2966
2937
2940
2774
2739
2659
2607
2636
2536
2575
2664
2691
2667
2593
2439
2412
2410
2379
2358
2462
2541
2481
2574
2671
2739
2757
2853
2832
2776
2938
2883
2842
2811
2915
3057
3060
3197
3200
3163
3060
2991
2980
2943
2912
2953
2909
2972
2964
2918
3050
3057
3102
3113
3136
3128
3087
3174
3256
3370
3288
3383
3312
3403
3581
3519
3646
3581
3574
3511
3443
3339
3366
3402
3355
3435
3396
3400
3442
3538
3570
3457
3346
3211
3187
3199
3159
3243
3244
3128
3146
3263
3395
3502
3529
3471
3592
3573
3614
3468
3316
3207
3278
3236
3278
3178
3197
3104
3065
2955
2915
2932
2920
2919
2898
2929
2893
2986
2942
3004
2899
2978
3039
3109
3036
3023
3078
3226
3311
3475
3334
3303
3166
3062
3022
2913
2869
2812
2798
2791
2609
2610
2652
2758
2785
2836
3035
3120
3151
3177
3117
3086
2946
2906
2936
2944
2984
2914
2974
2963
3104
3179
3189
3180
3144
3052
3195
3283
3409
3496
3429
3557
3486
3352
3327
3531
3525
3553
3520
3312
3323
3316
3128
3215
3122
3150
3060
2980
2902
2985
3051
3109
3237
3209
3231
3340
3286
3201
3154
3202
3319
3395
3444
3551
3488
3505
3589
3637
3631
3631
3635
3701
3707
3634
3517
3432
3372
3250
3118
3145
3322
3388
3376
3435
3599
3692
3796
3783
3661
3644
3664
3614
3619
3639
3706
3584
3705
3733
3697
3561
3466
3494
3391
3307
3384
3408
3382
3396
3274
3306
3355
3211
3273
3279
3292
3210
3388
3439
3595
3646
3651
3678
3588
3654
3748
3820
4003
4156
4282
4076
4163
4203
4131
4240
4364
4331
4273
4372
4334
4356
4314
4347
4306
4374
4361
4472
4530
4527
4438
4615
4490
4523
4385
4327
4350
4178
4182
4128
4112
4266
4316
4355
4404
4440
4649
4651
4617
4706
4539
4406
4537
4661
4559
4265
4358
4343
4241
4246
4231
4249
4246
4254
4293
4249
4314
4413
4389
4319
4292
4281
4147
4100
4065
4161
4138
4237
4329
4381
4339
4327
4507
4437
4354
4349
4443
4335
4261
4290
4434
4498
4520
4539
4419
4411
4449
4588
4640
4597
4694
4630
4576
4581
4655
4818
4778
4850
4834
4977
4936
4870
4822
4849
4803
4862
4860
4866
4957
4827
4816
4928
4914
4892
4827
4939
4827
4800
4834
4959
4824
4740
4774
5024
4865
4881
4881
4760
4673
4646
4594
4716
4732
4519
4310
4330
4202
4342
4310
4274
4344
4372
4437
4344
4176
4025
4155
4110
4014
4120
4215
4277
4372
4465
4532
4681
4658
4742
4943
4876
4711
4659
4561
4565
4608
4626
4733
4998
5053
5030
5095
5088
5260
5113
5123
5278
5370
5458
5630
5970
5824
5528
5497
5671
5592
5689
5627
5583
5543
5498
5641
5572
5396
5272
5400
5522
5502
5412
5494
5641
5690
5553
5641
5669
5758
5766
5777
5838
5812
5939
5835
5868
5634
5597
5608
5618
5678
5783
5724
5673
5815
5946
5903
5993
5927
5811
5989
5750
5844
5883
5908
6063
6031
6181
6317
6335
6234
6182
6176
6358
6672
6634
6508
6542
6379
6449
6253
6245
6259
6467
6385
6212
6310
6521
6608
6590
6665
6670
6782
6759
6914
6974
6869
6791
6794
6848
6840
6609
6438
6259
6080
5965
6076
5857
5940
6029
6035
6035
5852
5875
5754
5705
5721
5961
5994
5915
5877
5809
5705
5561
5595
5540
5533
5526
5512
5360
5351
5365
5401
5352
5266
5243
5128
5211
5286
5288
5288
5182
5036
5060
4966
4987
5097
5224
5416
5346
5350
5308
5454
5562
5544
5521
5358
5321
5247
5068
5109
5257
5146
5317
5163
5183
5405
5481
5475
5612
5820
5780
5537
5588
5505
5624
5614
5651
5560
5701
5593
5516
5422
5365
5321
5438
5431
5464
5308
5284
5056
5142
5132
5049
5133
5043
4997
4854
4898
5073
5131
5148
5214
5370
5207
5008
4993
4930
4841
4625
4769
4770
4708
4777
4760
4795
4819
4943
4856
4875
4725
4835
4772
4818
4706
4725
4609
4489
4540
4574
4547
4581
4681
4590
4480
4477
4269
4141
4057
4044
4056
3916
3956
3940
4015
4115
4119
4114
4104
4037
4019
4173
4144
4055
3971
4013
4031
4097
4064
4255
4266
4337
4496
4462
4408
4523
4620
4515
4676
4749
4716
4767
4618
4727
4595
4562
4715
4500
4495
4565
4551
4429
4517
4509
4523
4412
4370
4416
4423
4390
4387
4312
4132
4033
3960
4068
4157
4018
3926
3968
4060
4102
4141
4138
4220
4343
4485
4666
4589
4569
4611
4684
4638
4714
4978
5118
5167
5136
5085
4784
4673
4718
4771
4779
4964
4837
4804
4752
4770
4759
4870
4816
4930
5023
4897
4907
4836
4854
4822
4944
5126
5127
5014
4981
5091
5158
4882
4920
5048
5055
5036
5183
5357
5319
5400
5296
5459
5325
5441
5289
5361
5255
5162
5138
4913
4956
4965
4919
4942
5076
5173
5179
4991
4899
4883
4879
4880
4876
4869
5192
5056
4953
5034
5008
5018
4910
4939
4971
5140
5082
4973
5116
5137
5104
5073
5001
4925
4876
4826
4881
4776
4649
4643
4856
4864
4839
4825
4686
4737
4699
4688
4774
4749
4817
4915
4890
4885
4846
4907
4817
4745
4762
4729
4611
4632
4614
4739
4632
4680
4729
4712
4915
4898
4941
4962
4852
4888
4979
5034
5092
4998
5084
5056
5136
5080
4828
4789
4987
5059
5080
5002
5007
4885
4829
4987
4830
4803
4873
4747
4736
4728
4770
4573
4551
4627
4598
4615
4700
4754
4874
4967
4950
4949
5012
5045
4898
4792
4687
4607
4756
4753
4734
4716
4663
4650
4859
4837
4866
4715
4811
4897
4908
5087
5095
5104
5157
5147
5187
5395
5310
5341
5341
5372
5331
5350
5396
5359
5326
5232
4976
5031
5180
5042
5126
5099
4966
5048
4935
4806
5106
4976
4984
4986
5138
5313
5431
5304
5270
5491
5378
5533
5486
5354
5283
5310
5345
5382
5235
5341
5420
5462
5419
5350
5322
5249
5242
5306
5442
5447
5495
5367
5185
5039
5142
5169
5115
5052
5107
4954
4961
5036
4961
4957
4971
4825
4880
4961
5119
5119
5456
5377
5339
5264
5132
5106
5144
4930
4818
4912
4703
4726
4764
4678
4616
4757
4826
4843
4740
4861
4821
4870
4674
4692
4771
4780
4662
4556
4647
4707
4661
4782
4695
4733
4725
4617
4589
4530
4395
4406
4493
4461
4496
4469
4524
4584
4644
4659
4555
4535
4474
4447
4298
4442
4523
4563
4519
4583
4608
4465
4631
4566
4631
4660
4546
4657
4792
4730
4798
4829
4987
5158
4954
5195
5264
5270
5242
5346
5407
5404
5412
5484
5405
5450
5286
5355
5356
5369
5476
5431
5443
5471
5584
5592
5506
5508
5607
5542
5667
5740
5697
5429
5466
5382
5256
5371
5306
5351
5278
5179
5128
5081
5353
5100
5218
5175
5132
5207
5117
5133
4998
4908
4835
4908
4991
4993
4858
4718
4715
4711
4551
4559
4639
4728
4694
4579
4682
4598
4596
4344
4260
4224
4370
4556
4705
4774
4731
4951
4992
5030
5001
5088
4977
5158
5014
4981
4908
4970
4957
4795
4721
4584
4618
4654
4659
4642
4805
4734
4801
4844
4826
4850
4822
4870
5099
5213
5119
5220
5374
5580
5427
5410
5546
5549
5513
5542
5523
5495
5477
5499
5425
5494
5662
5552
5666
5886
5868
5883
5933
6125
6090
6108
6026
6121
6084
5999
5757
5873
6127
6253
6200
6299
6424
6422
6516
6465
6732
6734
6643
6717
6496
6499
6448
6450
6222
6308
6313
6283
6179
6343
6500
6577
6718
6684
6554
6592
6711
6959
7066
7084
7022
7035
7063
7150
7225
7368
7232
7231
7260
7102
7258
7226
7207
7353
7558
7486
7345
7514
7503
7279
7421
7718
7734
7743
7726
7584
7663
7657
7632
7665
7731
7513
7693
7813
7549
7670
7906
7821
8070
7974
7896
8032
8016
8009
7922
7975
8234
8217
8187
8238
8305
8343
8218
8215
8209
8124
8181
8357
8537
8435
8312
8330
8172
8073
7885
7893
7733
7530
7532
7686
7511
7459
7331
7387
7385
7429
7338
7616
7513
7356
7242
7463
7666
7620
7746
7564
7712
7819
7781
7830
7780
7724
7714
7662
7578
7515
7470
7385
7185
7240
7378
7282
7403
7484
7471
7555
7574
7515
7405
7392
7414
7385
7485
7629
7692
7665
7632
7652
7556
7513
7540
7467
7499
7341
7506
7413
7460
7410
7418
7189
7297
7126
7140
7066
6889
6601
6468
6560
6630
6746
6596
6608
6723
6787
6700
6822
6906
7002
7104
7082
6850
6971
6854
6851
6780
6959
6915
6887
6857
6708
6762
6750
6735
6992
7009
7012
7027
7116
7058
7032
7107
7102
7201
7150
7201
7125
6919
7019
7080
7054
7091
7182
7199
7104
7204
7172
7213
7532
7449
7227
7273
7220
7105
7020
7181
7323
7296
7434
7373
7483
7352
7283
7373
7444
7534
7436
7375
7086
7071
7252
7056
7081
7057
7092
7090
7119
7245
7452
7402
7408
7524
7576
7517
7619
7605
7583
7494
7424
7504
7456
7222
7211
7132
7106
7076
7179
7232
7154
7407
7584
7305
7201
7222
7281
7354
7247
7433
7220
7047
6748
6776
6572
6549
6655
6677
6768
6624
6546
6535
6624
6789
6703
6778
6776
6595
6479
6436
6281
6309
6333
6517
6426
6332
6246
6404
6307
6489
6555
6565
6529
6521
6496
6519
6558
6468
6459
6577
6622
6830
6632
6727
6599
6465
6556
6620
6556
6539
6405
6224
6182
6015
6050
6123
6100
6168
6022
6103
6326
6174
5958
5992
5960
5738
5584
5729
5801
5864
5851
5862
5692
5676
5711
5683
5485
5501
5695
5574
5587
5436
5349
5470
5380
5386
5497
5545
5555
5446
5500
5528
5368
5146
5098
5093
4943
4772
4833
5066
5104
5101
5083
5159
5156
5181
5218
5215
5147
5138
5104
5037
5063
5119
4990
5016
4969
5043
5136
5265
5176
5119
5051
5012
4950
5082
5076
4928
4864
4821
4752
4699
4685
4657
4653
4677
4764
4743
4613
4676
4652
4872
5015
5038
5188
5343
5287
5326
5256
5363
5394
5366
5375
5420
5342
5338
5424
5549
5509
5621
5638
5764
5866
5795
5836
5880
5968
5959
6140
6060
5920
5891
5886
5951
5989
6172
6184
6185
6227
6084
5984
5851
5890
5841
5800
5801
5811
5735
5656
5675
5668
5669
5685
5601
5674
5699
5693
5722
5779
5791
5914
5825
5957
5987
6151
6249
6449
6534
6371
6543
6566
6685
6580
6544
6472
6358
6085
6092
6129
6287
6348
6436
6586
6370
6324
6526
6559
6455
6492
6619
6606
6405
6551
6588
6434
6504
6464
6519
6470
6388
6353
6314
6456
6380
6272
6495
6630
6609
6593
6609
6666
6915
6799
6712
6928
7023
6878
6886
6838
6830
6833
6727
6683
6954
6999
6784
6796
6752
6839
6873
6943
7006
7084
7061
7167
7252
7479
7602
7757
7911
7937
7848
8001
7856
7973
8025
7973
7859
7899
8028
8062
7937
7957
7904
7865
8066
7963
7774
7867
7827
7949
7972
7852
7792
8108
7935
7980
7961
8031
7934
7908
7782
7657
7691
7583
7527
7471
7419
7353
7532
7633
7869
7787
7731
7863
7858
8004
7963
7987
7839
7712
7585
7780
7810
7760
7702
7711
7670
7754
7818
7727
7614
7486
7392
7236
7358
7327
7150
7194
7171
7181
7238
7261
7139
6967
6962
7252
7664
7598
7620
7755
7806
8031
8050
8201
8206
8212
8267
8532
8409
8298
8333
8363
8199
8308
8528
8589
8638
8763
8379
8471
8678
8600
8449
8470
8399
8773
8874
8914
8976
8851
8836
8809
8688
8951
9014
8856
8717
8745
8684
8551
8677
8389
8254
8213
8448
8464
8489
8368
8236
8355
8313
8196
8165
8050
8071
7808
7972
7934
7883
7793
7713
7823
7949
7962
7798
7682
7631
7721
7847
7830
7937
7871
8103
8118
7986
7889
7801
7655
7627
7628
7505
7504
7439
7392
7253
7268
7191
7213
7276
7153
6851
7066
6745
6777
6918
7133
7187
7074
7238
7365
7288
7431
7684
7574
7492
7591
7486
7298
7154
7020
7094
6909
6963
7065
7081
6994
6977
6839
6834
6812
6716
6796
6809
6779
6760
6706
6714
6964
6911
7199
7083
6883
7039
7136
7167
7046
7097
6989
6966
6848
7010
7045
7202
7235
7230
7276
7346
7245
7140
7145
7225
7205
7200
6843
6847
7067
6959
6816
6999
6981
7089
6953
6817
6909
6706
6718
6745
6705
6547
6531
6473
6656
6839
6983
6919
6840
6904
7029
6989
7042
6954
7113
7230
7309
7357
7353
7290
7047
7105
6960
6776
6896
6972
6922
6727
6663
6705
6920
7119
6886
6869
6999
6956
6990
6878
6969
6882
6884
7006
7210
7400
7349
7144
7272
7141
7270
7355
7485
7527
7490
7243
7235
7261
7305
7212
7085
7224
7180
7280
7095
6959
6798
6692
6498
6521
6636
6686
6723
6423
6333
6571
6491
6422
6410
6269
6163
6006
6120
6256
6216
6201
6267
6315
6438
6299
6425
6571
6594
6559
6503
6521
6773
6685
6606
6556
6651
6520
6502
6377
6244
6235
6435
6510
6276
6185
6208
6073
6104
5931
5800
5895
6021
5975
6044
6083
6215
6132
6143
6141
6314
6272
6218
6135
6079
6164
6417
6280
6295
6322
6489
6399
6442
6376
6397
6388
6463
6614
6660
6639
6643
6700
6665
6628
6465
6444
6508
6426
6659
6525
6765
6841
6889
6811
6810
6846
6933
6884
6941
6987
6921
6961
6941
6853
6785
6735
6801
6830
6574
6479
6345
6291
6315
6194
6197
6070
5927
5896
5781
5743
5700
5743
5757
5720
5841
5937
5979
5904
5913
5836
5948
5969
6044
6223
6047
6213
6101
5924
6014
6105
6177
6122
6312
6211
6109
6017
6035
6006
6196
6222
6313
6165
6096
6100
6011
6130
5860
5793
5903
5912
5849
5903
6099
6128
6163
6231
6404
6351
6223
6218
6333
6280
6127
6111
6117
6162
6211
6188
6260
6284
6081
6185
6322
6207
6144
5874
5838
6051
6078
5949
6079
5895
5835
5935
5853
5828
5762
5709
5522
5424
5434
5476
5458
5416
5375
5553
5632
5753
5685
5769
5691
5674
5686
5715
5563
5702
5612
5682
5643
5603
5556
5384
5173
5037
5147
5141
5143
5155
5102
5018
5107
5051
5123
5113
5160
5161
5383
5428
5308
5335
5114
5147
5105
4995
4853
4654
4656
4550
4631
4663
4678
4511
4563
4646
4620
4579
4615
4615
4625
4573
4543
4660
4638
4559
4618
4603
4796
4781
4831
4963
5034
5031
5102
5100
5303
5301
5162
5248
5345
5439
5572
5420
5558
5375
5338
5384
5217
5017
4978
4862
4828
4730
4806
4633
4659
4729
4715
4881
5035
5154
5219
5176
5115
5123
5130
5122
4929
5089
4951
4950
4955
5003
5114
5184
5143
5143
5059
5224
5427
5445
5494
5469
5578
5433
5348
5475
5701
5563
5500
5363
5450
5445
5656
5652
5543
5621
5684
5447
5281
5247
5283
5359
5415
5762
5835
5894
5801
5945
5726
5673
5582
5668
5665
5522
5402
5375
5363
5523
5623
5775
5895
5967
5865
5954
6111
6039
6037
5955
6065
5995
5940
6011
6044
6156
6100
6060
6090
6306
6527
6452
6496
6401
6475
6588
6485
6633
6942
6858
7074
7079
7265
7106
7167
7291
7418
7399
7212
7160
7023
7050
7171
7028
7027
6877
6908
6942
6941
6833
6978
7166
7199
7128
7140
6922
6880
6729
6753
6587
6602
6697
6966
6942
7108
7159
7018
7162
7328
7483
7460
7383
7271
7170
7180
7203
7412
7488
7686
7734
7684
7723
7949
7893
7794
7565
7721
7842
7825
8112
8261
8356
8329
8345
8263
8378
8277
8311
8323
8301
8121
8214
8137
8111
8147
8134
8214
8199
8419
8404
8223
8279
8435
8319
8086
8066
8070
8021
8066
8125
7888
8044
8263
8094
8069
8102
8112
8081
8161
8448
8498
8454
8370
8301
8055
8087
8039
8053
8058
8003
8230
8057
8108
8383
8393
8442
8280
8224
8363
8168
8142
8214
8147
8055
8056
7750
7671
7691
7644
7567
7505
7499
7480
7592
7388
7207
7194
7247
7157
7121
7007
7018
7076
6990
6811
6772
6763
6922
6963
6987
6874
6978
7104
7196
7086
7098
6886
6892
6953
6994
6947
6862
6919
6704
6510
6541
6484
6855
7017
7064
7212
7331
7292
7175
7316
7253
7151
7289
7479
7280
7147
7308
7318
7265
7175
7158
7055
7025
6909
7116
6974
6968
7116
7144
7246
7397
7351
7354
7265
7382
7385
7352
7241
7267
7215
7183
7226
7321
7383
7463
7640
7757
7764
7871
7722
7505
7350
7440
7397
7589
7687
7705
7693
7636
7460
7439
7506
7510
7309
7120
7184
7189
7056
7073
7023
7092
7206
7197
7031
7127
7196
7014
7052
7122
6906
6909
6852
6695
6689
6543
6489
6508
6485
6642
6653
6645
6506
6532
6653
6760
6720
6692
6713
6821
6579
6458
6281
6325
6301
6160
6267
6242
6221
6283
6124
6098
6215
6339
6284
6045
5926
5837
5797
5656
5837
5697
5601
5577
5771
5739
5824
5793
5913
5845
5876
5707
5723
5819
5690
5813
5814
5727
5974
5855
5828
5910
5849
5764
5875
5809
5863
5846
5996
6207
6372
6414
6306
6426
6604
6451
6433
6110
6016
6043
6077
6126
6308
6179
6168
6214
6215
6254
6148
6020
6065
6023
6005
6011
6119
6148
6232
6298
6423
6394
6469
6556
6592
6557
6741
6712
6697
6775
6686
6555
6555
6398
6421
6570
6550
6457
6608
6730
6758
6697
7078
7068
7012
6941
6954
6963
6921
6905
6884
6629
6570
6488
6382
6311
6402
6233
6229
6142
6347
6491
6492
6615
6679
6746
6835
6623
6871
6603
6391
6466
6617
6518
6466
6301
6432
6536
6417
6252
6047
5857
6002
6150
6009
5898
5829
5860
5830
5903
5875
5731
5611
5632
5563
5383
5297
5346
5323
5457
5280
5392
5409
5484
5604
5528
5801
5533
5576
5857
5695
5814
5766
5805
5936
5840
5846
5930
5942
5940
5699
5810
5724
5796
5820
5793
5981
5920
6013
5935
5953
6008
6302
6296
6497
6512
6460
6437
6287
6289
6547
6470
6500
6440
6384
6407
6492
6325
6407
6425
6299
6177
6053
6182
6096
6006
5906
5837
5899
5956
6288
6336
6431
6505
6428
6348
6460
6296
6345
6332
6281
6253
6268
6221
6157
6084
5936
5993
5879
5987
5940
5801
5786
5676
5693
5491
5455
5487
5453
5519
5517
5421
5524
5585
5683
5740
5755
5887
5977
5977
6080
6033
5877
5828
5675
5495
5325
5312
5141
5274
5186
5116
4982
4816
4878
4997
5013
4923
4961
4867
4964
5041
5031
4910
4969
5032
4988
4975
5084
5012
5029
5211
5188
5168
5035
5088
5129
5344
5267
5350
5409
5422
5370
5408
5539
5578
5563
5556
5670
5505
5766
5758
5757
5644
5581
5481
5426
5703
5827
5541
5449
5462
5536
5442
5347
5395
5454
5635
5575
5666
5633
5657
5505
5633
5699
5617
5653
5561
5475
5448
5565
5493
5465
5501
5520
5400
5473
5620
5522
5423
5389
5458
5352
5277
5369
5357
5393
5491
5360
5471
5612
5584
5588
5505
5615
5795
5991
5876
5841
6091
6033
5915
6002
5974
6111
6107
6085
6218
6248
6155
6151
6337
6329
6369
6196
6254
6330
6329
6041
5944
5814
5796
5931
6019
5994
5973
5961
5876
5546
5399
5459
5505
5612
5643
5675
5711
5903
5973
5893
5918
5837
5974
6041
6036
6092
6054
5948
6027
6014
6080
5966
5931
6078
6193
6261
6336
6403
6428
6230
6042
6247
6363
6619
6577
6601
6544
6624
6539
6566
6551
6592
6521
6710
6592
6580
6628
6596
6598
6711
6681
6673
6387
6433
6485
6511
6607
6575
6633
6463
6551
6682
6761
6770
6648
6555
6474
6405
6233
6309
6387
6385
6448
6373
6371
6273
6075
5997
6119
6270
6217
6177
6215
6289
6354
6292
6251
6197
6138
6121
6358
6407
6338
6403
6275
6348
6311
6181
6210
6245
6294
6131
5887
5749
5740
5676
5746
5692
5669
5431
5208
5164
5186
5267
5453
5386
5435
5403
5426
5467
5470
5453
5462
5600
5799
5829
5764
5738
5778
5833
5699
5489
5489
5665
5583
5509
5646
5526
5474
5523
5463
5468
5208
5298
5445
5467
5430
5523
5456
5476
5484
5446
5374
5336
5322
5243
5196
5037
5117
5049
5033
4973
5105
4942
4937
4999
5220
5362
5368
5147
5028
5009
4771
4866
5014
4930
4924
4809
4655
4644
4608
4402
4373
4509
4415
4581
4600
4713
4627
4559
4596
4707
4646
4687
4790
4970
5074
5021
5057
4991
4826
4876
4772
4598
4817
4812
4801
4716
4729
4731
4930
4929
5015
4937
4962
4922
4851
4725
4802
4794
4711
4531
4557
4507
4559
4744
4932
5056
4946
5037
5034
4910
4937
4815
4838
4845
4990
4938
4908
5065
5208
5061
5127
5161
5052
5083
4960
4844
4609
4435
4376
4434
4500
4633
4593
4672
4563
4473
4559
4483
4500
4546
4493
4440
4560
4524
4640
4843
4738
4689
4606
4591
4493
4413
4270
4348
4351
4388
4567
4670
4664
4585
4657
4575
4759
4670
4726
4750
4740
4840
4556
4750
4487
4640
4726
4629
4637
4683
4658
4613
4819
4741
4964
4857
4866
4894
4844
4735
4741
4618
4422
4484
4707
4648
4578
4707
4727
4525
4513
4393
4495
4521
4378
4376
4381
4427
4259
4331
4479
4537
4656
4678
4777
4730
4686
4702
4780
4956
4804
4895
4881
4823
4798
4650
4760
4828
4840
4824
4911
5094
5135
5111
4939
5016
5027
5100
5207
5083
5032
4914
4998
5032
5180
5164
5289
5235
5330
5381
5310
5307
5425
5312
5129
5153
5171
5149
5358
5498
5461
5469
5449
5462
5535
5592
5598
5606
5496
5386
5274
5341
5502
5385
5560
5611
5722
5719
5600
5790
5958
5854
5829
5724
5853
5999
6009
6053
5975
5841
5701
5618
5577
5581
5753
5668
5600
5530
5755
5773
5828
5756
5693
5736
5991
6086
6123
6000
5896
5657
5598
5739
5850
5950
5923
5917
6116
5975
5992
6062
6098
6206
6124
6149
6201
6420
6317
6241
6216
6192
6125
5926
6026
6248
6056
6037
6059
6035
6083
5945
5847
5932
5808
6016
5820
5939
5995
6044
6187
6235
6310
6307
6335
6355
6454
6395
6437
6467
6391
6377
6163
6078
5917
6037
5981
5888
6003
5957
6047
6066
6195
6162
6219
6337
6439
6223
6310
6363
6699
6468
6497
6436
6347
6449
6503
6425
6364
6513
6453
6439
6513
6577
6568
6249
6335
6348
6185
6142
6130
6274
6342
6292
6327
6203
6274
6366
6355
6247
6228
6161
6175
6319
6403
6613
6535
6481
6516
6617
6747
6731
6714
6734
6593
6542
6593
6667
6428
6455
6316
6323
6185
6167
6050
6120
6269
6169
6352
6492
6457
6501
6429
6329
6226
6050
6237
6389
6331
6142
6219
6382
6179
6145
6039
5879
5705
5684
5634
5602
5554
5616
5647
5474
5339
5432
5521
5708
5680
5818
5755
5762
5852
5877
6044
5960
6156
6146
5998
5921
6106
6336
6466
6269
6194
6098
6080
6064
6079
5931
6067
6214
6191
6060
5995
6025
6191
6357
6197
6234
6073
6103
6085
6058
5807
5699
5647
5651
5553
5542
5627
5643
5669
5625
5526
5602
5687
5723
5898
5541
5550
5493
5651
5717
5618
5656
5659
5722
5819
5783
5771
5690
5678
5657
5525
5622
5529
5683
5704
5738
5695
5774
5947
6122
6319
6429
6295
6338
6496
6235
6216
6175
6130
6179
5916
5866
5925
5681
5614
5641
5627
5528
5574
5535
5519
5810
5849
6001
6018
5982
5986
6038
6090
6221
6197
6137
6098
6078
5945
5920
5855
5741
5887
5877
5770
5687
5665
5911
5720
5778
5626
5709
5584
5671
5501
5507
5378
5415
5320
5335
5180
5053
5109
5057
5024
5087
5114
4979
4872
4965
4956
4874
4974
4889
4826
4845
4886
5041
5128
5145
5146
5210
5267
5328
5168
4991
5034
5158
5173
5149
5162
5115
5114
5087
5066
5070
5099
5125
5123
4989
4961
4865
4919
4817
4768
4742
4589
4550
4763
4820
4821
5082
5120
5169
5397
5209
5249
5358
5209
5309
5333
5279
5314
5353
5308
5209
5315
5354
5413
5276
5400
5579
5536
5523
5333
5309
5092
5096
5233
5249
5250
5151
5083
5292
5544
5481
5491
5331
5270
5257
5206
5253
5162
5229
5182
5151
5025
5051
5129
5234
5158
5080
5189
5156
5010
5043
5117
5086
4957
4904
5077
5118
4989
5102
5273
5172
5241
5398
5247
5192
5216
5200
5258
5113
4939
4962
5221
5073
5219
5108
4891
5049
4998
4998
5139
5055
4984
4827
4810
4812
4776
4820
4644
4657
4756
4745
4674
4700
4764
4809
4905
4833
4909
4900
4920
4821
4857
4876
4852
4815
4869
4965
4899
4789
4782
4736
4688
4742
4740
4780
5014
4992
5049
5005
5148
5149
4891
4880
4829
4889
4797
4629
4807
4708
4706
4664
4749
4785
4855
4838
4909
4977
4939
4979
5139
5164
4996
4978
4987
5181
5293
5468
5413
5448
5468
5733
5625
5738
5687
5466
5420
5391
5619
5720
5834
5649
5612
5677
5705
5588
5533
5443
5415
5240
5405
5462
5429
5556
5543
5805
5696
5998
6064
6131
6064
6138
6130
6161
6236
6157
6230
6224
6111
5958
5974
6002
5986
6009
5870
5830
5840
5832
5809
5899
5940
5732
5578
5549
5505
5448
5526
5384
5314
5209
5183
5172
5129
5344
5390
5389
5467
5558
5613
5483
5521
5521
5423
5541
5659
5544
5539
5367
5238
5169
5346
5277
5355
5622
5729
5669
5670
5558
5396
5351
5323
5254
5144
5262
5358
5519
5607
5556
5533
5599
5680
5630
5572
5775
5802
5958
5928
5940
5891
6033
6173
6284
6383
6265
6289
6456
6510
6454
6547
6645
6741
6807
6779
6830
6700
6803
6953
7114
7155
7138
7151
7064
7018
7142
6853
6823
6780
6864
6897
6985
6979
6992
6842
6600
6578
6524
6496
6554
6567
6398
6357
6323
6177
6078
5988
6014
5991
6128
6024
6193
5982
5783
5823
5641
5678
5723
5880
5816
5799
5760
5868
5905
5833
5759
5686
5699
5830
5987
6009
5840
5819
5873
5930
5902
5896
5812
6096
6188
6229
6192
6341
6320
6320
6572
6617
6536
6530
6380
6555
6631
6899
7116
7056
7144
7093
7135
7303
7152
7136
7174
7055
7041
6920
7074
6986
6841
6909
6866
6769
6579
6610
6418
6643
6635
6843
6824
6796
6979
6871
6880
7067
7028
7089
7201
7226
7321
7396
7318
7265
7268
7349
7486
7412
7416
7531
7509
7627
7497
7458
7726
7830
7872
7993
7955
8121
8080
7898
8197
8091
8046
8053
7935
7938
8019
7774
7774
7645
7702
7755
7832
7847
7927
7947
7895
7621
7628
7727
7746
7603
7552
7451
7408
7309
7475
7470
7420
7544
7581
7493
7501
7655
7685
7674
7652
7854
7743
8044
7986
7908
7983
7954
7960
8064
8267
8306
8265
8038
7804
7610
7565
7628
7627
7511
7540
7535
7581
7522
7621
7518
7648
7581
7465
7469
7338
7481
7615
7328
7313
7537
7493
7350
7269
7187
7127
6976
7020
6865
6788
6615
6570
6512
6319
6502
6541
6516
6545
6609
6808
6867
6611
6793
6803
6807
6916
6730
6563
6669
6506
6405
6500
6475
6428
6422
6543
6599
6602
6585
6569
6667
6625
6725
6630
6482
6397
6319
6160
6070
6158
5979
5909
5812
5868
5780
5899
5898
5939
5944
5881
5798
5776
5602
5537
5472
5514
5635
5534
5611
5581
5599
5565
5721
5785
5732
5706
5807
5847
5935
5943
5953
5939
5973
5988
5961
5801
5794
5641
5678
5572
5436
5417
5372
5438
5464
5410
5375
5386
5401
5384
5582
5555
5540
5644
5741
5888
5878
5851
5799
5764
5678
5648
5501
5528
5480
5509
5490
5592
5431
5494
5394
5340
5368
5353
5351
5236
5501
5668
5616
5505
5522
5369
5275
5160
4991
4921
4952
5020
4919
4950
4950
5037
5041
5056
4939
4968
5057
5004
4946
5034
5023
4990
4925
4946
4873
4997
5069
5144
5184
5087
5238
5266
5246
5246
5275
5421
5464
5301
5314
5299
5318
5160
5111
5114
5187
5194
5046
5217
5244
5418
5233
5301
5402
5421
5531
5654
5737
5733
5681
5487
5371
5330
5244
5126
5251
5285
5217
5185
5210
5146
5064
5145
5018
4995
5074
5106
4983
4900
4901
4904
4899
4948
5012
4900
4948
4851
4750
4870
4772
4667
4842
5001
5012
4944
4773
4723
4712
4872
4863
4986
4977
4918
4922
4898
5012
5004
5112
5018
5173
5194
5120
5028
5045
5153
5223
5244
5203
5183
5309
5271
5394
5579
5657
5815
5948
6069
6030
5990
5883
5938
5999
6083
6237
6051
5929
5928
5901
6021
6190
6237
6239
6186
6147
6061
5970
6009
5875
5841
5857
5836
5781
5911
6057
6020
5974
5938
6087
5828
5922
5823
5788
5746
5841
5705
5635
5575
5527
5753
5551
5510
5536
5450
5497
5469
5347
5348
5100
5142
5232
5245
5169
5278
5316
5397
5228
5358
5282
5295
5369
5310
5287
5332
5340
5357
5348
5429
5468
5476
5594
5473
5419
5272
5221
5326
5284
5246
5238
5233
5256
5269
5402
5608
5772
5656
5726
5696
5758
5731
5748
5789
5737
5737
5575
5691
5646
5572
5453
5452
5419
5321
5466
5579
5628
5753
5755
5703
5594
5585
5515
5399
5432
5351
5414
5469
5420
5423
5507
5405
5376
5426
5444
5566
5549
5592
5664
5633
5657
5684
5773
5606
5698
