1005000
267914
174172
129351
103227
85774
72751
63194
56297
50742
46171
41959
38265
35649
33189
31207
29566
27665
26548
25357
23587
22216
21341
20292
19366
18568
17934
17299
16387
15908
15523
14797
14235
13816
13425
13096
12695
12172
12045
11594
11045
10530
10499
10456
10382
10083
10022
9826
9630
9232
9194
9136
8952
8857
8674
8411
8212
8104
7942
7692
7734
7631
7599
7630
7405
7458
7343
7008
6933
6901
6809
6799
6780
6861
6906
6840
6572
6657
6580
6374
6258
6306
6256
6147
6148
6088
6017
5841
5831
5765
5826
5822
5610
5549
5427
5446
5390
5305
5418
5145
5169
5079
5108
5034
4946
4647
4443
4278
4270
4294
4254
4265
4334
4217
4251
4437
4342
4321
4342
4256
4324
4372
4271
4337
4309
4266
4224
3898
3839
3866
3788
3788
3780
3822
3771
3769
3738
3748
3727
3707
3712
3722
3681
3787
3711
3698
3780
3789
3681
3827
3945
3917
3753
3757
3831
3850
4023
3886
3988
4105
4191
4143
4125
4088
4013
3921
3915
3781
3763
3676
3571
3657
3765
3856
3673
3569
3567
3753
3822
3707
3625
3627
3700
3824
3815
3709
3734
3655
3719
3563
3538
3562
3519
3527
3649
3626
3619
3728
3808
3663
3571
3465
3411
3309
3135
3127
3111
3162
3219
3187
3164
3169
3290
3222
3281
3270
3267
3206
3129
3214
3245
3130
3182
3263
3235
3098
3285
3316
3458
3449
3399
3538
3670
3589
3588
3692
3712
3535
3472
3598
3630
3574
3505
3509
3509
3483
3324
3361
3271
3262
3360
3271
3177
3198
3258
3302
3378
3377
3493
3500
3384
3253
3205
3224
3436
3609
3585
3541
3549
3497
3438
3467
3447
3526
3556
3498
3540
3599
3626
3604
3796
3737
3806
3766
3788
3746
3692
3601
3740
3625
3805
3633
3383
3236
3226
3231
3365
3480
3412
3459
3403
3423
3448
3456
3497
3486
3601
3605
3495
3594
3575
3578
3492
3418
3370
3526
3685
3811
3884
3791
3770
3784
3827
3876
3896
3903
3999
4020
4009
4059
3966
3934
3952
4000
3927
3946
3863
3830
3871
3975
3885
3924
4048
3962
3848
3975
3922
4121
3902
4029
3869
3976
3893
3922
3778
3745
3710
3759
3723
3911
3851
3666
3713
3787
3822
3792
3830
3784
3860
3819
3837
3968
3913
3879
3879
3831
3835
3657
3788
3708
3572
3767
3702
3777
3883
3973
4031
4026
3962
3976
3970
3967
3807
3876
3926
3865
3821
3832
3750
3694
3929
4174
4300
4409
4470
4367
4558
4480
4418
4420
4456
4361
4388
4376
4366
4534
4468
4382
4294
4322
4182
4093
4059
3845
3880
3925
3944
3931
3895
4101
4196
4151
4244
4424
4374
4366
4313
4400
4407
4521
4521
4513
4543
4468
4456
4452
4325
4175
4276
4320
4240
4320
4294
4321
4345
4350
4366
4502
4521
4661
4646
4635
4592
4595
4491
4495
4527
4456
4286
4323
4352
4382
4341
4545
4752
4864
4829
4847
4725
4665
4539
4595
4428
4589
4420
4249
4342
4306
4278
4032
4114
4140
4237
4213
3993
3909
3881
3798
3709
3654
3827
3931
4020
3978
3850
3756
3741
3692
3852
3812
3753
3689
3794
3745
3638
3719
3826
3896
3933
3932
3837
3866
3913
3893
4043
4203
4241
4224
4308
4358
4364
4360
4355
4293
4430
4399
4485
4517
4467
4493
4496
4409
4416
4452
4429
4530
4616
4678
4712
4747
4765
4903
5057
5058
5053
5128
5281
5244
5162
5268
5196
5156
5251
5386
5382
5457
5542
5621
5559
5661
5661
5586
5537
5584
5734
5654
5610
5633
5572
5558
5574
5606
5556
5390
5433
5410
5459
5356
5373
5400
5329
5290
5263
5351
5510
5507
5617
5791
5791
5896
5670
5666
5789
5852
5732
5738
5561
5617
5682
5811
5695
5853
5699
5755
5773
5843
5916
5902
5904
5812
5919
5851
5838
5838
5699
5868
5712
5910
5990
5911
5845
6046
6095
5976
6028
5943
5819
5670
5712
5774
5630
5667
5986
6143
6085
6028
5967
5920
5971
5939
5942
6034
6028
6084
6170
6170
6291
6470
6361
6573
6690
6664
6690
6735
6812
6610
6677
6745
6832
6717
6710
6567
6680
6782
6844
6635
6714
6725
6615
6551
6498
6483
6412
6327
6418
6247
6198
6114
6125
6035
5859
5905
5885
6027
5956
6095
6067
6018
5945
5945
5946
5971
6054
6032
6138
6248
6362
6469
6325
6434
6480
6446
6473
6455
6533
6556
6602
6618
6661
6545
6389
6372
6261
6277
6255
6179
6300
6172
6270
6306
6257
6170
6259
6248
6122
6074
6064
6292
6232
6119
6045
6152
6117
6029
6137
6048
5858
5828
5775
5883
5885
5687
5688
5586
5578
5675
5784
5768
5751
5766
5815
5843
5828
5810
5625
5666
5804
5988
6078
5911
5849
5932
5970
6014
5995
6068
6088
6181
6235
6097
6065
6152
6068
6101
6039
6050
6081
6085
6000
5935
5849
5835
5734
5827
5796
6011
6217
6168
6066
6068
5977
6162
6214
6309
6261
6348
6495
6475
6355
6447
6490
6263
6168
6339
6310
6332
6416
6425
6204
6318
6307
6250
6250
6314
6373
6116
5984
5990
5869
5829
5843
5703
5902
5933
5924
5841
5866
5893
5998
5932
5842
5824
5679
5571
5616
5683
5480
5490
5398
5346
5285
5104
5140
5072
5076
5148
5124
5080
5249
5484
5592
5465
5432
5566
5572
5438
5499
5443
5392
5415
5401
5336
5271
5351
5393
5563
5553
5523
5532
5584
5694
5683
5641
5587
5764
5793
5566
5639
5709
5678
5751
5936
5923
5857
5729
5685
5713
5710
5703
5781
5682
5709
5763
5748
5982
5983
5908
5812
5751
5603
5649
5560
5697
5659
5642
5663
5591
5564
5695
5632
5559
5270
5352
5257
5236
5264
5130
4978
5049
4952
4692
4695
4742
4733
4748
4625
4571
4681
4887
4735
4625
4686
4685
4555
4638
4632
4663
4507
4515
4621
4577
4371
4385
4332
4191
4350
4429
4383
4273
4277
4288
4157
4093
4102
4182
4395
4509
4556
4753
4955
5156
5198
5010
4982
4974
5221
5375
5344
5333
5297
5200
5155
5133
5025
5090
5145
4998
4947
5105
5255
5234
5388
5383
5313
5327
5289
5084
5071
5128
5254
5093
5204
5400
5453
5687
5705
5567
5561
5678
5671
5740
5520
5605
5568
5472
5434
5417
5369
5601
5556
5786
5803
5812
5859
5912
5911
6053
6076
6022
6167
6253
6101
5992
5951
5808
5997
5862
5946
5820
5922
6041
6114
6177
6229
6287
6188
6220
6130
5873
5917
5883
6056
5975
6062
6184
6248
6459
6413
6340
6380
6411
6449
6321
6428
6508
6388
6472
6308
6253
6124
6104
6319
6545
6484
6372
6266
6243
6188
6237
6166
6098
6182
6233
6167
6089
6259
6146
6127
6137
6156
6195
6298
6318
6370
6446
6128
6189
6236
6197
6046
6161
6219
6381
6287
6252
6144
6083
6062
5987
6072
6043
5824
5739
5611
5688
5692
5812
5851
5809
5837
5843
6063
6077
6032
6172
5971
6043
6026
6019
6034
6101
6296
6441
6371
6238
6276
6211
5994
6111
6119
6081
6026
6103
6125
6314
6330
6289
6153
6046
5969
5864
5844
5706
5877
5873
6096
5867
5601
5716
5702
5695
5709
5596
5575
5552
5617
5808
5699
5617
5667
5665
5565
5530
5387
5472
5555
5608
5762
5784
5855
5946
5846
5770
5782
5724
5597
5656
5583
5615
5476
5431
5306
5252
5104
5035
5045
5078
4980
5058
4932
4747
4875
4804
4794
4888
4959
4832
4852
4761
4617
4623
4713
4789
4705
4675
4693
4716
4766
4832
4744
4656
4587
4566
4724
4671
4605
4714
4727
4667
4691
4811
4734
4788
4850
4755
4890
5089
5059
5024
5047
4994
4874
4982
4952
5092
4992
5106
5166
5139
5128
5145
5177
5212
5252
5172
4962
4895
5080
5106
5198
5054
4946
4811
5061
5102
5215
5196
5212
5114
4920
4839
4806
4919
5038
5008
4957
5035
5018
4860
4944
4988
4966
4950
5083
5079
5054
5060
5048
5191
4994
5026
4925
4915
4835
5037
5177
5219
5276
5175
5302
5154
5108
5084
5199
5495
5545
5594
5469
5488
5556
5617
5670
5732
5733
5709
5677
5799
5911
5829
5889
5839
5860
5930
6118
6306
6434
6541
6579
6578
6642
6610
6632
6850
6852
6657
6826
6958
6926
6853
6734
6842
6734
6696
6566
6357
6373
6543
6560
6576
6770
6763
6781
6691
6493
6392
6415
6567
6365
6361
6560
6589
6680
6693
6729
6791
6838
6681
6787
6623
6800
6868
6713
6734
6874
6988
6914
6896
6658
6582
6701
6731
6635
6659
6755
6640
6728
6587
6521
6478
6543
6438
6625
6580
6586
6733
6816
6757
6560
6512
6548
6625
6519
6534
6417
6205
6269
6282
6332
6293
6266
6409
6317
6147
6186
6024
5970
5804
5764
5681
5858
5863
5818
5822
5713
5838
5866
5813
5589
5563
5830
5898
5955
5923
5821
5874
5898
5750
5781
5864
5916
5889
6009
6137
5818
5834
5964
6082
6102
6022
6044
6139
6078
6123
6021
6152
6157
6222
6248
6141
6084
6103
6096
6166
6363
6331
6136
6141
6116
6077
5933
5965
5905
5774
5850
5849
6033
6016
5915
5863
5916
5821
5834
5825
5904
5717
5662
5527
5475
5492
5816
6025
6013
5869
5889
5681
5773
5677
5671
5763
5930
5774
5648
5806
5789
5832
5730
5759
5758
5833
5674
5738
5736
5841
6023
5916
5706
5639
5563
5479
5328
5209
5319
5490
5331
5471
5480
5403
5220
5163
5174
5181
5146
5323
5128
5059
4903
4899
5016
4910
4881
4931
4815
4838
4705
4857
4861
4806
4765
4869
4865
4761
4754
4738
4794
5017
5111
4965
4867
4892
4850
4795
4888
4931
4612
4651
4803
4600
4725
4818
4760
4796
4892
4987
4978
4926
4841
4959
4933
4950
4981
5035
5099
5020
4927
4828
4874
4760
4671
4622
4474
4473
4505
4495
4374
4520
4582
4677
4623
4593
4601
4514
4326
4456
4505
4479
4451
4412
4381
4392
4400
4479
4416
4605
4657
4833
4839
4806
4963
5058
4933
5109
5181
5021
5015
4960
5174
5238
5294
5334
5200
5344
5423
5514
5613
5734
5628
5462
5335
5294
5246
5207
5165
5204
5245
5323
5641
5729
5694
5666
5480
5540
5402
5446
5266
5331
5396
5473
5536
5564
5567
5624
5684
5614
5927
5867
5714
5767
5725
5799
5723
5699
5618
5487
5410
5351
5314
5349
5356
5343
5318
5076
5178
5182
5427
5529
5560
5577
5419
5190
5175
5416
5318
5185
5231
5352
5445
5487
5319
5231
5429
5486
5590
5595
5603
5664
5863
5806
5829
5981
6002
5920
5950
5886
5706
5737
5597
5660
5531
5358
5356
5560
5661
5508
5562
5464
5445
5423
5501
5491
5496
5403
5422
5462
5535
5530
5510
5563
5523
5615
5622
5635
5645
5567
5614
5522
5579
5701
5614
5691
5493
5449
5359
5271
5432
5482
5500
5521
5568
5547
5453
5406
5418
5293
5386
5423
5469
5603
5492
5734
5756
5816
5794
5707
5624
5562
5714
5607
5557
5582
5398
5437
5402
5450
5464
5476
5355
5367
5234
5210
5134
5139
5132
5055
5050
5073
5058
5051
4940
4957
4875
5194
5329
5243
5390
5558
5740
5858
5882
5720
5666
5573
5471
5362
5629
5395
5439
5509
5703
5702
5703
5761
5842
5774
5924
5729
5923
5955
5854
5827
5831
5849
5867
6002
6064
5990
5792
5631
5854
5745
5709
5775
5794
5964
5702
5670
5798
5971
5699
5659
5597
5352
5033
5074
5032
5204
5211
5249
5185
5129
5102
5047
4941
4882
4819
4844
4998
4941
4923
5063
5187
4998
5049
5177
4925
4976
5003
5118
5115
5122
5153
5131
5199
5280
5467
5436
5449
5461
5541
5362
5326
5226
5199
5139
5214
5322
5287
5088
5093
5274
5247
5167
5191
5192
5419
5259
5237
5169
5259
5275
5399
5497
5421
5496
5427
5544
5734
5670
5561
5586
5629
5643
5715
5818
5830
5911
6146
6274
6280
6442
6341
6191
6143
6157
6174
5998
6326
6102
5997
6107
6257
6251
6129
6204
6186
6413
6322
6480
6295
6216
6248
6382
6437
6422
6383
6434
6352
6332
6387
6313
6350
6600
6719
6665
6512
6607
6761
6762
6784
6895
6788
6698
6626
6616
6472
6549
6571
6638
6673
6680
6882
6896
7006
6924
6862
6851
6864
6715
6803
7065
7026
6944
6934
6845
6757
6866
6892
6923
6823
6769
6874
6868
6945
7067
7061
7050
7216
7096
7059
7075
6900
6760
6499
6486
6762
6618
6636
6911
7040
7013
7160
7168
7212
7256
6857
6926
6859
6823
6975
6928
7063
6865
6727
6849
6786
6890
6753
6689
6847
6664
6532
6598
6588
6600
6517
6480
6285
6268
6098
6292
6310
6169
6072
6073
6298
6125
6227
6223
6403
6359
6287
6402
6434
6246
6402
6355
6487
6352
6424
6482
6388
6335
6462
6286
6324
6242
6363
6340
6351
6456
6336
6362
6157
6232
6194
6285
6159
6166
6070
6087
5998
6003
6068
6206
6026
6207
6233
6265
6430
6300
6052
6030
6151
6126
6155
6049
5864
5749
5779
5902
6115
6177
6344
6205
6077
6178
5934
5973
6024
5983
6031
5977
6001
5951
5902
5972
5910
6045
5736
5838
5876
5798
6023
6117
6233
6100
6015
5782
5669
5374
5276
5247
5262
5384
5385
5420
5358
5330
5302
5260
5159
4978
4989
4890
4948
5087
5190
5168
5265
5204
5184
5027
5064
4946
4983
4967
4902
4902
4958
4856
4753
4744
4812
4667
4809
4820
4903
5096
5084
5187
5233
5189
5200
5288
5316
5339
5441
5342
5331
5386
5294
5173
5102
5055
4833
4976
4954
4981
5062
5060
5169
5017
4933
4896
4927
5023
4956
4942
4922
4884
4847
4779
4799
4759
4813
4849
4848
4892
4952
5132
5050
5003
4959
4945
5054
4955
4892
5097
4926
5030
5074
5031
4882
4961
4918
4887
4836
4835
4895
4730
4660
4463
4451
4357
4405
4442
4412
4407
4514
4478
4469
4452
4542
4481
4471
4419
4372
4528
4530
4365
4435
4447
4431
4253
4249
4265
4239
4368
4433
4435
4311
4392
4358
4356
4343
4343
4246
4204
4242
4298
4408
4324
4303
4387
4423
4645
4716
4708
4865
4945
4935
4874
5007
5028
5044
4928
4997
4862
4789
4867
4723
4826
4718
4724
4707
4576
4512
4459
4649
4704
4783
4731
4684
4835
4802
4751
4792
4838
4887
4828
4611
4522
4475
4526
4587
4657
4595
4748
4739
4796
4877
4971
5127
5043
5126
5240
5332
5497
5526
5435
5440
5428
5274
5570
5656
5679
5516
5752
5883
5840
5746
5678
5688
5775
5530
5303
5259
5015
4863
4923
4953
5088
5249
5403
5238
5155
5094
5121
5073
5019
5201
5082
5209
5295
5222
5264
5195
5131
5172
5275
5297
5506
5588
5735
5588
5762
5758
5858
5852
5846
5862
5849
5833
5916
5739
5656
5530
5651
5773
5897
5820
5779
5883
5981
6072
6128
6199
6182
6040
5814
5888
5935
5800
5820
5871
6001
5918
5920
5911
5844
5840
6086
6022
6009
5977
5980
5912
6169
6215
6211
6319
6330
6419
6474
6431
6455
6285
6271
6302
6237
6194
6056
6098
6314
6337
6416
6476
6368
6346
6242
6223
6204
6157
6057
6104
5934
5940
5970
6048
6192
6152
6222
6255
6354
6438
6378
6584
6618
6518
6414
6435
6533
6511
6462
6574
6460
6360
6384
6494
6547
6526
6547
6618
6748
6570
6362
6164
5894
5947
6056
6161
6309
6141
6164
6251
6340
6345
6413
6458
6507
6524
6553
6567
6564
6618
6753
6882
6881
6731
6929
6961
6941
6757
6741
6810
6706
6668
6883
6866
6984
6926
6797
6651
6622
6633
6649
6446
6510
6529
6494
6599
6549
6458
6559
6568
6499
6427
6624
6707
6729
6722
6894
6917
6771
6731
6680
6846
6881
6803
6844
6877
6754
6939
7074
6945
6863
6816
6837
6960
7021
6732
6703
6634
6820
6751
6885
6953
7007
7008
7057
7161
7105
7261
7309
7599
7567
7480
7525
7421
7508
7521
7500
7517
7218
6983
7163
7107
7119
7012
6832
6868
6853
6751
6821
6772
6931
6650
6699
6612
6638
6769
6800
6746
6672
6605
6649
6827
6725
6843
6723
6662
6772
6714
6752
6670
6529
6667
6474
6439
6314
6394
6223
6049
6093
6073
5973
5933
5923
5917
5795
5808
5778
5758
5364
5441
5428
5556
5640
5607
5499
5611
5489
5520
5392
5587
5613
5607
5520
5357
5395
5479
5417
5396
5469
5611
5604
5714
5649
5679
5691
5831
6136
5932
5850
5683
5614
5553
5567
5766
5836
5868
5859
5970
5878
5858
5851
5653
5624
5695
5751
5748
5634
5689
5570
5611
5529
5375
5275
5263
5360
5423
5351
5234
5418
5358
5405
5268
5467
5617
5639
5565
5504
5411
5449
5269
5199
5251
5251
5218
5150
4982
5135
5022
4905
4968
4904
4975
4895
4882
4957
5044
5064
4963
4992
4990
4937
4685
4638
4809
4792
4731
4562
4527
4613
4658
4718
4680
4672
4737
4812
4730
4825
4874
4922
4913
4962
4924
4951
4986
5137
5023
4952
4917
4930
4929
4893
4782
4887
4766
4929
4934
5063
5149
5203
5129
5049
4950
5069
5082
5019
4888
5059
5179
5286
5123
5188
5391
5527
5489
5437
5485
5538
5335
5216
5355
5307
5277
5460
5304
5348
5366
5527
5501
5532
5545
5496
5585
5531
5663
5685
5593
5595
5686
5939
5820
5957
6047
6200
6466
6447
6397
6461
6597
6564
6506
6540
6652
6682
6492
6658
6777
6789
6893
6999
6921
6946
6769
6748
6887
6850
6939
6886
6858
6644
6730
6562
6601
6585
6582
6508
6561
6659
6589
6574
6692
6721
6671
6482
6573
6315
6334
6240
6251
6232
6222
6263
6312
6173
6129
6198
6172
6161
6140
6115
6147
6343
6347
6412
6440
6417
6437
6304
6256
6351
6290
6254
6252
6227
6097
6175
6328
6549
6516
6670
6824
7002
7078
7177
6859
6829
6870
6849
6913
6868
6879
6862
6951
7167
6980
6925
7036
7108
7305
7357
7257
7253
7184
7113
7092
7438
7335
7294
7314
7338
7217
6924
6712
6574
6696
6956
6908
6778
7011
6861
6764
6774
6883
7049
7209
7271
7365
7259
6982
6941
6911
6792
6626
6775
6652
6455
6242
6280
6313
6375
6337
6314
6203
6285
6315
6291
6116
6068
6146
6221
6244
6217
6323
6388
6396
6401
6374
6347
6357
6265
6266
6369
6274
6180
6262
6292
6248
6235
6204
6013
6033
6145
6140
5960
6060
6150
6180
6258
6362
6368
6354
6332
6330
6165
6176
6373
6485
6443
6350
6517
6360
6340
6076
6016
6088
6086
6059
6414
6289
6463
6396
6489
6411
6270
6220
6416
6265
6274
6431
6345
6513
6450
6557
6685
6417
6314
6163
6285
6202
6172
6111
5981
5976
5929
5769
5681
5817
5708
5639
5732
5790
5799
5765
5750
5479
5553
5591
5582
5848
5787
5587
5401
5331
5257
5291
5534
5667
5540
5461
5526
5614
5693
5566
5578
5617
5459
5465
5472
5436
5439
5371
5400
5349
5369
5482
5423
5248
5193
5315
5445
5471
5616
5474
5462
5534
5431
5491
5605
5630
5768
5923
6103
6180
6107
6199
6275
6116
6124
6119
6174
6299
6277
6250
6427
6323
6274
6516
6632
6766
6620
6577
6490
6431
6236
6293
6319
6203
6232
6094
6043
6069
6073
6076
6146
6254
6140
6340
6317
6501
6480
6131
6222
6117
6012
5977
6083
6083
6203
6255
6314
6554
6700
6652
6494
6587
6763
6792
6672
6635
6401
6484
6514
6501
6459
6520
6495
6263
6395
6453
6508
6602
6583
6619
6605
6496
6487
6577
6561
6407
6255
6437
6372
6232
6134
6316
6313
6139
6133
5926
5966
5761
5892
5957
6036
5931
5837
5874
5836
5757
5861
5924
6056
5952
5887
5817
5714
5667
5644
5608
5651
5520
5656
5713
5776
5905
6109
6111
6153
6274
6415
6435
6295
6237
6217
6211
6213
6237
6231
6364
6278
6177
6173
6330
6368
6502
6754
6653
6473
6159
6198
6207
6165
6156
6358
6273
6251
6337
6202
6229
6148
6281
6247
6241
6291
6288
6253
6334
6320
6279
6285
6300
6427
6499
6589
6721
6795
6713
6631
6575
6319
6355
6240
6212
6444
6327
6424
6336
6412
6364
6374
6317
6431
6505
6442
6252
6266
6348
6519
6634
6654
6576
6574
6634
6392
6196
6117
6122
6195
6266
6358
6307
6371
6281
6358
6381
6349
6471
6395
6181
6338
6264
6140
6216
6360
6344
6249
6257
6258
6133
6078
5936
6095
5908
6056
6026
6128
6158
6072
6210
6243
6381
6087
6032
6097
6078
6147
6211
6223
6357
6346
6249
6332
6322
6455
6621
6324
6311
6359
6270
6230
6255
6359
6236
6268
6433
6310
6347
6480
6319
6301
6261
6114
6199
6279
6273
6501
6424
6313
6136
6012
5951
6000
6068
5917
5840
5810
5960
5964
5822
5864
5988
5983
6129
6198
6157
6260
6143
6192
6205
6122
6017
5935
5843
5911
5906
6098
6114
6101
6109
6063
6133
6120
6203
6235
6392
6349
6331
6173
6166
5961
6034
5898
5997
6207
6169
6061
6099
6107
6126
6056
6090
6236
6168
6053
6140
6149
5997
5852
5988
5752
5932
6183
6520
6512
6381
6420
6419
6461
6648
6632
6612
6757
6725
6842
6722
6495
6420
6463
6610
6656
6537
6712
6754
6707
6587
6504
6704
6754
6876
6821
6860
7087
7290
7343
7320
7276
7189
7196
7396
7440
7332
7377
7521
7476
7508
7280
7230
7063
7165
6964
7156
7084
7142
7300
7318
7196
7105
7177
7210
7177
7217
7260
7229
7145
7230
7294
7307
7336
7259
7236
7240
7142
7117
7182
7248
7073
7126
7122
7235
7225
7284
7129
6924
6733
6760
6748
7025
7068
6888
7108
7011
7042
7153
6954
6930
6837
6779
6713
6715
6649
6673
6661
6710
6619
6825
6617
6529
6457
6350
6327
6589
6429
6529
6682
6662
6681
6692
6767
6863
6986
7061
7112
7159
7178
7311
7046
7075
7347
7295
7314
7393
7335
7143
7143
7140
6950
6991
6996
7119
7150
6973
7005
6952
6792
6859
6812
6904
6963
6980
6984
7132
7193
7262
7318
7383
7331
7222
7165
7000
7026
6993
6992
6892
7059
7091
6922
6866
6770
6639
6637
6696
6704
6586
6560
6524
6507
6522
6540
6439
6375
6347
6339
6439
6472
6248
6254
6189
6154
5912
6027
6046
6157
6275
6258
6243
6179
6206
6247
6248
6046
5847
5937
6143
6250
6165
6139
6120
5977
6323
6334
6362
6328
6443
6760
6825
6940
6865
6793
6626
6563
6626
6801
6875
6852
6688
6615
6544
6487
6507
6751
6554
6399
6381
6336
6242
6256
6157
6222
6210
6365
6399
6382
6668
6739
6658
6634
6610
6695
6629
6617
6433
6474
6451
6343
6237
6152
6183
6045
6021
5856
5991
5901
5966
6060
6071
6099
6150
6159
6165
6180
6230
6149
6240
6064
6192
6207
6187
6351
6329
6336
6452
6301
6309
6540
6274
6264
6492
6351
6606
6764
6712
6733
6817
6974
6789
6870
6959
7215
7200
7247
7210
7294
7112
7280
7263
7422
7406
7325
7318
7378
7356
7331
7411
7450
7092
7032
7007
7087
6831
6806
6674
6704
6753
6627
6506
6358
6530
6566
6476
6311
6217
6209
6113
6044
6089
6120
6107
6122
5922
5857
5597
5747
5732
5795
5922
6019
6053
5936
6078
6077
6014
6094
6127
6144
6046
6025
5951
6023
6160
6063
6025
5957
6077
6027
5992
5989
5924
5685
5406
5304
5220
5097
5267
5424
5392
5467
5521
5539
5681
5826
5935
6015
5866
5890
5762
5766
5766
5760
5718
5694
5673
5662
5699
5699
5732
5533
5635
5675
5597
5560
5586
5676
5594
5666
5538
5683
5695
5550
5459
5338
5187
5112
5223
5161
5077
5143
5114
5263
5409
5364
5352
5466
5519
5404
5350
5448
5434
5253
5116
5403
5539
5449
5441
5519
5254
5311
5414
5336
5299
5255
5309
5261
5201
5007
5014
5217
5288
5365
5422
5411
5480
5512
5538
5559
5566
5518
5586
5677
5503
5264
5341
5297
5232
5404
5449
5569
5553
5467
5540
5568
5784
5806
5824
6061
6085
6145
6167
6247
6098
6076
6017
6001
6001
6013
6048
6034
5989
5984
5891
5807
5832
5704
5547
5577
5535
5685
5835
5781
5622
5509
5397
5342
5544
5597
5632
5603
5582
5568
5510
5522
5530
5567
5635
5476
5446
5276
5380
5421
5270
5410
5428
5208
5270
5343
5327
5283
5288
5154
5152
5070
5090
5120
5136
4995
5099
4981
4923
4887
4992
5269
5190
5243
5394
5521
5395
5379
5454
5586
5655
5904
5938
5854
6045
5998
6020
5940
5837
5812
5845
5939
5805
5846
6019
6048
5940
5826
5760
5751
5835
5734
5689
5611
5510
5539
5597
5555
5792
5809
5666
5743
5639
5735
5531
5581
5549
5646
5613
5670
5734
5570
5739
5809
5887
5716
5794
5840
5815
5767
5910
5968
5788
5999
6070
5954
6099
5945
6038
5969
5942
6054
5972
6011
6152
6255
6290
6164
6247
6412
6271
6260
6256
6186
5900
5805
5785
5875
5861
5984
5969
5895
5899
5776
5970
5785
5735
5777
5941
5943
6005
6089
6095
6164
6303
6498
6451
6449
6282
6271
6108
6168
6222
6378
6457
6662
6679
6598
6584
6694
6583
6716
6660
6634
6544
6600
6569
6523
6516
6395
6364
6354
6306
6205
6174
6247
6120
6276
6206
6097
6115
6205
6145
6311
6498
6394
6542
6337
6473
6574
6550
6563
6496
6328
6162
6211
6347
6347
6163
6076
6266
6305
6297
6297
6459
6474
6607
6719
6697
6768
6785
6969
7003
6951
6721
6817
6738
6774
6777
6745
6741
6651
6743
6815
6713
6597
6684
6534
6371
6432
6546
6698
6759
6681
6672
6738
6709
6775
6678
6723
6723
6741
6649
6533
6600
6704
6737
6741
6589
6759
6805
6719
6795
6670
6634
6513
6388
6318
6390
6467
6545
6591
6688
6910
6876
6884
6942
7034
7092
6994
7365
7502
7425
7307
7259
7391
7295
7371
7424
7560
7456
7412
7250
7263
7258
7373
7354
7177
6991
7176
7216
7174
7177
7085
7169
7205
7223
7054
6970
6828
6899
7078
7055
6974
6805
7026
7119
7070
6885
6897
7050
7022
6865
6604
6596
6739
6657
6844
6826
6942
7087
6942
6790
6701
6496
6529
6489
6457
6302
6365
6320
6368
6289
6315
6407
6574
6506
6365
6477
6614
6755
6667
6724
6774
6890
6800
6715
6682
6533
6512
6373
6244
6335
6182
6194
6328
6320
6452
6512
6470
6607
6564
6474
6406
6665
6554
6635
6661
6665
6623
6635
6866
6950
7001
6821
6758
6618
6568
6742
6817
6716
6707
6810
6735
6878
6900
6859
6904
6846
6879
6780
6872
6968
6850
6788
6612
6649
6700
6584
6714
6866
6819
6689
6863
6998
6998
7057
6955
7083
7053
7150
7110
7063
7064
6653
6688
6740
6685
6510
6572
6551
6454
6316
6217
6202
6068
6121
6197
6069
6111
6046
5873
5862
6034
6163
6255
6252
6301
6221
6328
6135
6060
6116
6174
6358
6500
6642
6607
6385
6494
6475
6402
6511
6697
6637
6732
6721
6773
6719
6633
6625
6800
6734
6820
6904
6846
6505
6525
6552
6529
6305
6333
6424
6533
6549
6534
6641
6746
6755
6864
7057
7084
6954
6987
6945
6926
6850
6880
6985
6828
6805
6885
6688
6903
6909
6746
6866
6954
6758
6786
6773
6774
6700
6779
6785
6547
6572
6395
6307
6483
6297
6280
6271
6379
6381
6391
6551
6373
6314
6318
6137
6135
6129
6074
6072
6184
6110
6155
6179
6350
6250
6323
6416
6418
6169
6114
6186
6019
6121
6018
6120
6019
5983
5994
5926
5851
5676
5366
5559
5558
5481
5636
5747
5904
6005
5794
5959
6118
6121
6225
6178
6374
6395
6224
6313
6331
6265
6261
6232
6123
6061
6077
6344
6429
6218
6420
6463
6300
6248
6012
6009
6343
6303
6286
6576
6547
6500
6667
6700
6771
6794
6950
6878
6752
6859
6778
6838
6970
7066
6954
6908
6945
6821
6768
6656
6518
6570
6417
6374
6469
6498
6413
6479
6439
6533
6511
6537
6641
6872
6667
6716
6715
6660
6868
6813
6814
6991
7077
7039
7088
6932
6936
6873
6906
6970
7016
7151
6953
7047
6918
7006
7152
7116
7206
7161
7386
7428
7390
7250
7253
6991
7055
6940
6897
6749
6758
6891
6870
6839
6967
6828
6667
6694
6667
6555
6716
6607
6801
6815
6694
6640
6828
6704
6590
6634
6693
6870
6692
6632
6740
6883
6826
6922
6765
6594
6736
6772
6675
6717
6649
6760
6838
6875
6744
6823
6651
6775
6934
6899
6839
6732
6677
6707
6663
6683
6955
6936
7019
6830
6838
6940
6816
7008
6991
7154
7060
7147
7143
7175
6954
6989
7092
7204
7179
7374
7300
7462
7291
7029
6989
6963
7018
6999
6949
7020
7100
7108
7183
7134
7294
7400
7515
7604
7579
7597
7681
7819
8031
7990
8050
7973
7997
8049
7963
7936
7839
7657
7549
7446
7763
7851
7875
7767
7648
7495
7428
7530
7495
7374
7351
7183
7354
7308
7333
7436
7250
7363
7356
7164
7170
7037
6981
7027
7163
7145
7044
6971
6917
6758
6903
6716
6715
6693
6484
6368
6515
6657
6612
6486
6493
6373
6189
6197
6322
6210
6254
6283
6345
6214
6216
6244
6171
6184
6305
6287
6429
6439
6515
6477
6590
6549
6486
6582
6409
6341
6478
6361
6292
6410
6329
6115
6221
6377
6206
6057
5914
5857
5798
5625
5477
5360
5515
5388
5388
5279
5229
5247
5152
5349
5174
5035
5108
4897
5009
4796
4729
4670
4670
4795
4811
4721
4705
4691
4742
4647
4595
4548
4601
4717
4585
4654
4644
4782
4708
4740
4654
4639
4829
4813
4899
4943
5015
4884
4839
4850
5012
5083
5282
5233
5207
5329
5296
5331
5291
5145
5316
5281
5233
5169
5160
5046
5035
5055
4956
4764
4651
4815
4862
4966
5043
4961
4829
4901
4753
4633
4444
4460
4295
4293
4425
4414
4588
4693
4780
4856
4806
4889
4722
4618
4566
4610
4609
4520
4480
4446
4380
4329
4346
4283
4278
4234
4116
4176
3971
3935
3933
3922
3922
3940
3999
3994
4091
4154
4097
3990
3866
3867
3821
3680
3655
3737
3772
3788
3859
3869
3932
3947
3965
3961
4114
4137
4120
4130
4177
4227
4234
4344
4495
4490
4375
4193
4088
4101
4126
4263
4273
4105
4054
4044
4011
3929
3805
3776
3850
3977
3915
4012
4015
4074
4072
4201
4302
4247
4395
4541
4442
4256
4311
4245
4390
4619
4675
4752
4819
4790
4715
4713
4730
4842
4799
4940
5039
4859
4944
4979
4778
4800
4613
4628
4752
4779
4640
4774
4857
4869
5203
5181
5318
5516
5495
5489
5560
5663
5675
5651
5504
5408
5405
5338
5316
5313
5283
5414
5178
4976
5086
4885
4931
4993
4956
4880
4894
4821
4836
4847
4794
4672
4718
4930
5214
5214
5254
5216
5079
5218
5200
5114
5139
5154
5178
5233
5288
5445
5480
5489
5503
5621
5474
5470
5332
