1005000
267438
173543
127877
101332
84346
72043
62929
55994
49891
44587
40818
37626
34405
32004
29854
28124
26434
24946
23839
22534
21534
20083
19130
18320
17632
17039
16542
16034
15463
14867
14716
14385
13859
13397
12906
12358
12168
11719
11439
11399
11103
10965
10615
10108
9662
9202
8891
8958
8740
8621
8497
8168
8029
7976
7937
7798
7681
7572
7295
7268
7118
7047
6809
6771
6830
6741
6667
6571
6476
6501
6679
6546
6441
6385
6172
6087
6058
5889
5677
5429
5203
5162
5217
5063
4921
4906
4782
4825
4720
4662
4841
4743
4775
4618
4610
4574
4442
4388
4174
4206
4090
4106
4112
4148
4067
4004
3932
3919
3857
3883
3856
3886
3903
3956
3974
4015
4028
3949
3893
3841
3655
3646
3412
3273
3375
3592
3653
3779
3595
3562
3566
3547
3595
3412
3493
3364
3300
3264
3328
3318
3088
3252
3344
3213
3233
3280
3206
3268
3170
3154
3136
3233
3424
3424
3455
3557
3617
3708
3651
3465
3532
3546
3379
3420
3481
3529
3494
3383
3388
3213
3273
3295
3212
3126
3108
3072
3100
3039
2934
2877
2859
2913
3031
3138
3048
3054
2952
2811
2838
2839
2841
2886
2892
3045
3058
3068
3088
3017
2989
2937
2860
2777
2704
2607
2674
2587
2533
2475
2482
2460
2560
2556
2472
2571
2490
2523
2604
2606
2740
2708
2716
2757
2793
2774
2834
2722
2793
2834
2742
2924
2974
2946
2940
2941
2944
2875
2920
2920
3034
2955
2955
2799
2818
2725
2802
2834
2852
2995
2986
3032
3021
2943
2851
2777
2794
2728
2806
2766
2722
2728
2584
2555
2655
2622
2616
2538
2698
2748
2825
2685
2623
2599
2525
2569
2508
2412
2412
2422
2354
2384
2403
2401
2389
2457
2568
2526
2441
2467
2464
2434
2379
2403
2337
2385
2359
2365
2544
2435
2487
2327
2331
2265
2217
2157
2118
2141
1917
1963
2110
2104
2160
2290
2264
2347
2237
2266
2274
2241
2228
2154
2137
2059
2135
2236
2334
2400
2454
2465
2462
2399
2335
2313
2343
2245
2374
2320
2302
2320
2401
2275
2333
2256
2300
2274
2253
2270
2227
2202
2310
2306
2353
2395
2511
2536
2622
2578
2508
2511
2624
2660
2647
2658
2671
2579
2564
2510
2596
2587
2632
2625
2674
2664
2595
2523
2508
2681
2758
2805
2830
2874
2791
2763
2753
2838
2806
2768
2802
2907
3028
2981
3024
2913
3041
3085
3155
3186
3247
3207
3206
3228
3220
3373
3561
3594
3460
3453
3406
3467
3588
3647
3604
3614
3593
3648
3611
3532
3442
3421
3358
3509
3489
3466
3454
3374
3366
3410
3588
3622
3662
3692
3748
3744
3844
3869
3734
3729
3684
3658
3796
3692
3758
3848
3887
3921
3777
3812
3770
3846
3802
3757
3838
3729
3664
3647
3564
3530
3535
3671
3700
3629
3497
3360
3619
3617
3717
3738
3718
3545
3570
3543
3679
3758
3755
3738
3784
3900
3809
3782
3770
3724
3763
3766
3823
3761
3682
3714
3814
3886
3940
3919
4056
4177
4175
4117
4155
4135
4102
4016
3766
3861
3621
3709
3653
3778
3898
3938
3876
3938
4014
4131
4055
4177
4354
4301
4301
4337
4414
4561
4617
4690
4720
4701
4671
4801
4807
4781
4601
4559
4512
4618
4493
4763
4505
4522
4617
4556
4583
4631
4612
4524
4619
4740
4724
4681
4689
4835
4855
4853
5015
5108
5068
5023
5109
5171
5022
5039
4935
4904
4813
4903
4923
4789
4851
4825
4908
4888
4927
4900
4904
4810
4887
4857
5024
5003
4995
4882
4935
4931
5145
4935
4896
4855
4820
4673
4736
4856
4926
4948
4977
5148
5240
5392
5387
5307
5313
5324
5391
5421
5346
5517
5452
5486
5553
5508
5591
5480
5434
5369
5326
5345
5345
5295
5394
5481
5283
5180
5158
5245
5239
5457
5377
5470
5405
5238
5352
5347
5453
5494
5464
5411
5290
5276
5354
5444
5271
5113
5008
4985
5018
4909
4938
5008
4976
5071
5086
5245
5307
5255
5455
5359
5442
5374
5515
5771
5763
5645
5703
5620
5564
5691
5737
5772
5722
5654
5775
5752
5744
5674
5713
5739
5716
5843
5944
5866
5873
5728
5713
5720
5990
5752
5754
5926
5833
5836
5835
5972
5966
5949
5866
5930
5892
5989
6042
6028
6094
5950
5838
5650
5682
5716
5771
5908
5956
5932
5747
5749
5889
5690
5807
5876
5924
5883
5819
5854
5879
5960
6015
5978
5931
6003
6162
6203
6152
6292
6311
6311
6356
6368
6430
6251
6095
5998
5927
5631
5574
5535
5515
5537
5576
5530
5545
5715
5755
5811
5846
6109
6119
6206
6217
6286
6427
6326
6299
6398
6317
6568
6613
6595
6553
6505
6439
6372
6334
6362
6164
6286
6288
6539
6470
6366
6490
6500
6278
6216
6100
6022
5947
6076
6116
6230
6195
6201
6154
6165
5938
6145
6070
6082
6197
5966
5951
6050
5908
5816
5959
5970
5741
5600
5620
5655
5820
5903
5832
5861
5898
6048
6085
5924
5925
5950
6137
6194
6205
6079
5928
5932
5988
5928
6021
5882
5983
6062
6058
6356
6322
6337
6442
6413
6253
6283
6102
5979
6006
5971
5991
5883
5957
5897
6030
5983
6061
6044
5977
6126
6267
6356
6226
6163
6064
6216
6097
6234
6060
6135
6302
6318
6340
6271
6327
6474
6368
6337
6052
6296
6228
6177
6102
5990
5946
5741
5777
5816
5869
5870
5913
5690
5664
5902
6016
5894
5862
6000
5996
5938
5844
5712
5712
5709
5515
5523
5517
5556
5531
5645
5628
5581
5610
5456
5366
5307
5343
5262
5459
5351
5413
5556
5402
5380
5347
5426
5341
5144
5161
5113
5065
5106
5062
4947
5020
5081
4977
4977
4968
4910
4888
5029
5103
5163
5181
5247
5302
5347
5242
5212
5212
5042
5115
5147
5262
5370
5364
5368
5384
5227
5341
5728
5694
5675
5782
6051
6085
6356
6450
6521
6441
6386
6450
6577
6476
6503
6350
6212
6493
6412
6221
6200
6309
6294
6154
6314
6040
5961
5998
6249
6467
6448
6407
6568
6699
6720
6795
6544
6365
6438
6323
6338
6219
6428
6620
6719
6842
6919
7018
7222
7370
7597
7535
7335
7412
7299
7370
7245
7226
7301
7345
7140
7120
7068
6938
6939
6925
6901
6966
6695
6555
6430
6534
6586
6669
6745
6693
6705
6590
6493
6365
6347
6337
6281
6394
6388
6469
6671
6584
6659
6839
6661
6708
6806
6872
6766
6467
6584
6731
6637
6633
6660
6771
6988
6967
7144
6991
6851
6877
6974
6888
6949
6978
7137
7071
7013
7184
7281
7095
7002
6893
7044
7118
7036
6988
6999
6978
6830
6759
6410
6780
6937
7101
7211
7479
7558
7565
7554
7693
7802
7573
7502
7635
7634
7776
7595
7598
7410
7396
7441
7270
7129
7265
7151
7094
7031
6841
6715
6633
6627
6726
6764
6632
6634
6488
6369
6362
6399
6270
6305
6369
6127
6064
6084
5985
5881
5826
5623
5639
5585
5631
5662
5615
5773
5544
5459
5463
5621
5532
5333
5327
5320
5313
5387
5325
5220
5252
5290
5392
5333
5311
5351
5334
5125
5173
5102
5163
5269
5193
5256
5106
5029
5312
5198
5344
5345
5325
5212
5264
5264
5183
5147
5120
5279
5320
5349
5412
5380
5355
5395
5288
5262
5288
5351
5507
5579
5677
5574
5541
5331
5143
5049
5007
5102
5173
5245
5408
5399
5430
5558
5500
5597
5582
5552
5378
5380
5457
5306
5342
5067
5000
4856
4824
4989
5021
5007
4962
4854
4750
4614
4766
4642
4638
4669
4750
4736
4722
4671
4648
4776
4721
4733
4626
4693
4736
4778
4637
4782
4774
4827
4765
4870
5064
4997
4999
4903
4903
5005
5062
5009
5143
5002
4990
5053
5126
5268
5184
5226
5205
5039
4914
4951
5128
5132
5109
5092
5231
5035
5108
5158
5146
5225
5221
5194
5209
5151
5076
5080
5058
4992
5113
5175
5251
5327
5443
5593
5440
5407
5353
5435
5327
5251
5354
5447
5389
5470
5308
5239
5193
5000
5053
5119
5129
5163
5170
5202
5117
5146
5078
4992
4995
4939
4946
5061
4888
4770
4723
4754
4841
4836
4897
4808
4818
4821
4794
4801
4679
4598
4737
4780
4675
4676
4605
4755
4958
5008
4971
5087
5153
5071
4954
4959
5065
5026
5252
5394
5320
5224
5241
5265
5407
5334
5486
5562
5542
5574
5526
5567
5711
5686
5821
5744
5773
5819
5884
5749
5797
5617
5722
5851
5941
5744
5967
6157
6246
6384
6531
6477
6376
6277
6299
6238
6065
5926
5894
6027
6145
6058
6131
6027
6199
6116
6091
6260
6324
6445
6289
6109
6218
6336
6282
6243
6339
6314
6242
6252
6152
6050
6016
5993
6012
6018
5742
5644
5761
5902
5806
5889
5854
5907
5939
6127
5906
5588
5644
5633
5522
5501
5603
5602
5572
5611
5488
5475
5589
5659
5647
5763
5928
6039
6064
6075
6291
6329
6218
6179
6115
6225
6156
6327
6032
6246
6071
6048
5895
5843
5876
5778
5598
5582
5690
5754
5848
5776
5624
5684
5736
5793
5833
5893
5932
5976
5956
5882
5920
5829
5825
5902
6040
6004
6214
6361
6319
6573
6671
6592
6496
6560
6743
6683
6739
6812
6712
6936
6929
6903
6787
6720
6860
6860
6817
6828
6838
6698
6609
6685
6854
6533
6436
6600
6404
6394
6198
6181
6256
6384
6449
6469
6403
6366
6289
6149
5995
6108
5991
5849
5747
5644
5591
5552
5350
5326
5229
5118
5224
5262
5155
5234
5234
5264
5321
5330
5295
5449
5463
5337
5386
5571
5557
5613
5730
5945
5839
5959
5844
5883
5908
5925
5908
5819
5604
5703
5731
5772
5780
5754
5774
5971
5874
5868
5898
6012
5987
5954
5829
5800
5899
5907
5974
5922
6000
5876
5896
5788
5886
5828
5844
5781
5899
5930
6093
6078
6163
5989
5964
6124
6218
6145
6248
6203
6216
6178
5982
6004
5922
5771
5765
5843
5770
5613
5551
5513
5394
5346
5289
5311
5317
5363
5441
5498
5479
5474
5719
5947
5821
6022
5860
5777
5842
5863
5929
5932
5972
5949
6021
6170
6212
6180
6152
6073
6021
5779
5709
5756
5735
5714
5684
5565
5427
5537
5501
5362
5296
5408
5452
5572
5719
5523
5597
5712
5823
5676
5709
5623
5623
5802
5867
5853
5820
5864
6008
5912
5854
5847
5829
5687
5719
5887
6049
6098
6181
6246
6087
6041
5995
6175
6146
6269
6163
6131
6256
6181
6091
6134
6192
6333
6093
6203
6187
6207
6170
6137
5964
6021
6292
6349
6145
6194
6083
6017
6070
6250
6055
6198
6208
6303
6273
6183
6198
5849
5873
5825
5660
5586
5581
5541
5581
5813
5556
5659
5693
5737
5456
5404
5426
5558
5425
5448
5402
5407
5447
5533
5787
5756
5616
5462
5376
5347
5322
5255
5197
5215
5370
5335
5331
5269
5272
5449
5325
5140
4981
5092
5101
5099
4997
4966
5070
5171
5009
5003
5097
5090
5111
5197
5187
5290
5427
5403
5314
5284
5032
4935
4755
4893
4951
4893
5017
4941
5117
5186
5144
5206
5278
5411
5399
5314
5380
5568
5617
5743
5791
5857
5926
5837
5849
5858
5909
5814
5864
5888
5774
5820
5744
5654
5551
5468
5478
5325
5453
5514
5609
5846
5916
6071
6213
6193
6222
6275
6511
6468
6414
6494
6618
6721
6613
6564
6562
6457
6554
6457
6437
6442
6631
6843
6785
6638
6661
6538
6650
6925
6802
6699
6800
6730
6927
6940
6790
6578
6596
6581
6379
6315
6402
6631
6746
6527
6465
6510
6602
6612
6881
6921
6803
6580
6588
6579
6645
6726
6843
6899
6989
7038
6966
6925
7129
6928
6926
6683
6723
6843
6847
6870
7186
7004
7213
7210
7356
7513
7700
7606
7480
7504
7350
7538
7412
7353
7472
7541
7687
7726
7627
7541
7490
7396
7295
7231
7430
7316
7333
7296
7476
7589
7630
7683
7606
7400
7364
7499
7563
7593
7600
7675
7758
7730
7675
7424
7534
7639
7492
7405
7246
7274
7220
7162
7298
7482
7451
7279
7251
7267
7360
7298
7436
7650
7656
7576
7644
7703
7646
7597
7766
7603
7662
7515
7483
7404
7551
7490
7389
7448
7411
7399
7425
7640
7810
7951
8039
7946
7682
7608
7612
7703
7550
7484
7502
7461
7611
7656
7520
7583
7519
7680
7770
7831
7830
7846
7809
7879
7850
7781
7737
7728
7802
7861
7642
7611
7579
7509
7581
7538
7569
7487
7343
7110
7128
7203
7164
6821
6636
6739
6683
6569
6463
6295
6292
6182
6183
6122
6104
5994
6300
6381
6293
6176
6137
6291
6302
6244
6260
6224
6060
6007
6025
6016
5970
5958
5943
6010
6014
6075
6319
6433
6428
6472
6565
6583
6700
6664
6549
6339
6413
6495
6479
6426
6456
6490
6565
6619
6665
6575
6378
6450
6159
6240
6008
6077
5895
5886
5888
5809
5779
5754
5656
5680
5537
5407
5399
5314
5228
5457
5451
5468
5460
5446
5672
5679
5548
5554
5432
5306
5329
5084
5061
5063
5016
5056
4987
5044
5036
5009
5029
4972
4990
5149
5078
5110
5158
5163
5038
5084
4897
4912
4818
4609
4729
4777
5048
5014
4807
4697
4698
4681
4655
4563
4602
4618
4587
4536
4549
4635
4538
4771
4916
4991
5143
5355
5280
5237
5191
5350
5656
5633
5851
5711
5725
5744
5853
5854
5751
5678
5878
5925
6065
6086
6225
6370
6285
6452
6507
6448
6653
6520
6399
6588
6516
6594
6749
6695
6863
6657
6645
6603
6531
6491
6574
6545
6483
6555
6665
6590
6594
6703
6593
6571
6543
6422
6575
6524
6564
6700
6579
6612
6397
6338
6182
6169
6152
6170
6222
5996
6136
6231
6318
6159
6456
6494
6626
6669
6669
6761
6731
6732
6711
6803
6910
6826
7009
6976
6886
7009
7002
7092
6983
6896
7077
7026
7224
7054
7016
7222
7190
7168
7074
7070
7152
7211
7011
6930
6773
6847
6912
6813
6748
6683
6902
6706
6714
6621
6693
6579
6755
6750
6737
6735
6843
6743
6700
6621
6687
6684
6760
6840
7012
7041
7002
6963
7162
7134
7020
7009
7083
6832
6719
6800
6556
6570
6683
6585
6478
6422
6514
6351
6307
6261
5980
5826
6002
5918
5762
5547
5654
5650
5686
5617
5710
5721
5707
5616
5626
5443
5356
5202
5211
5213
5116
5025
5082
5182
5160
5140
5184
5153
5225
5238
5286
5114
5048
5109
5074
5170
5117
5143
5157
5219
5123
5203
5131
5086
5156
4952
4910
4753
4721
4695
4754
4802
4843
4709
4660
4709
4750
4724
4761
4634
4754
4812
4802
4816
4841
4977
4935
4868
4737
4662
4667
4737
4695
4732
4647
4750
4699
4838
4708
4774
4903
4941
5029
4975
5114
5122
5095
5048
4988
4837
4775
4713
4687
4893
4908
4940
5052
5090
5128
5153
5175
4931
5077
5242
5299
5129
5205
5186
5400
5308
5299
5339
5381
5299
5218
5073
5295
5319
5487
5605
5631
5666
5615
5545
5553
5578
5647
5396
5372
5308
5317
5333
5263
5172
5100
5179
5197
5241
5438
5407
5412
5383
5440
5371
5510
5364
5453
5320
5397
5526
5566
5560
5611
5716
5761
5788
5870
5867
5728
5722
5728
5854
5960
6055
6183
6113
6140
6055
5988
6165
6266
6155
6053
6137
6290
6234
6335
6461
6378
6375
6373
6432
6519
6417
6561
6627
6739
6697
6644
6580
6498
6487
6329
6220
6166
6276
6260
6215
6290
6138
6163
6336
6364
6349
6453
6425
6570
6580
6600
6610
6649
6900
6686
6759
6830
6776
6649
6713
6572
6631
6673
6683
6534
6390
6356
6524
6507
6484
6665
6435
6488
6492
6667
6520
6329
6442
6613
6646
6779
6952
7161
7240
7234
7125
7181
7008
7102
6928
6799
6564
6357
6344
6132
6070
6152
6321
6393
6517
6395
6447
6501
6438
6235
6514
6485
6647
6770
6855
6536
6268
6257
6302
6263
6301
6274
6308
6119
5913
5815
5685
5694
5897
5753
5834
5881
5831
5940
5823
5874
5783
5766
5843
5847
5781
5885
5790
5861
5809
5850
6037
6046
5988
6026
5837
5767
5815
5754
5636
5691
5711
5543
5322
5303
5018
5048
4793
4809
4795
4759
4818
4892
4969
4958
5099
5133
4890
4823
4751
4818
4710
4742
4699
4708
4552
4631
4644
4534
4708
4682
4665
4569
4658
4760
4918
4811
4894
4972
5199
5235
5317
5457
5318
5267
5275
5358
5277
5384
5250
5060
5073
5050
5036
5185
5032
4978
4881
4939
4864
4825
4813
4831
4810
4788
4979
4931
4960
5018
5040
5283
5297
5398
5382
5321
5412
5321
5344
5443
5476
5521
5467
5383
5254
5383
5615
5712
5634
5732
5810
5863
5746
5601
5401
5452
5475
5525
5560
5695
5561
5553
5562
5548
5635
5373
5423
5333
5393
5536
5395
5429
5491
5405
5348
5662
5505
5354
5255
5321
5338
5379
5327
5327
5236
5186
5238
5279
5243
5143
5321
5369
5474
5524
5527
5359
5357
5358
5314
5318
5193
5213
5159
5132
5088
5074
5226
5175
5106
5009
5032
5035
5047
5163
5065
5043
5085
5085
5121
5195
5218
5425
5476
5394
5344
5246
5221
5244
5108
5106
5173
5253
5155
5126
5115
5054
5198
5143
5294
5344
5399
5303
5279
5382
5454
5473
5575
5548
5374
5492
5521
5652
5726
5917
5912
5954
6019
5902
5837
5721
5732
5788
5711
5912
5877
6047
6190
6042
6066
5964
6105
6014
6251
6151
5964
5868
5748
5733
5933
5883
5774
5798
5868
6063
6255
6350
6299
6156
6455
6471
6221
6338
6468
6378
6303
6244
6470
6641
6617
6627
6353
6341
6291
6205
6232
6336
6327
6289
6236
6315
6415
6457
6537
6422
6584
6476
6461
6407
6362
6629
6580
6326
6378
6415
6291
6225
6217
6166
6210
6123
6049
6059
6040
5847
6062
6093
5998
5913
5883
5901
5940
5836
6033
5908
5960
6060
5908
5804
5816
5997
5920
6037
5924
5936
6003
5947
6040
5953
5787
5894
5833
5789
5566
5501
5388
5394
5373
5515
5536
5725
5852
5907
5909
5888
5718
5544
5628
5681
5559
5438
5368
5389
5613
5647
5679
5721
5782
5701
5732
5692
5796
5684
5708
5724
5543
5493
5537
5412
5444
5228
5146
5160
5195
5274
5367
5353
5316
5093
5125
5269
5276
5220
5140
5200
5185
5000
5308
5128
5126
5170
5298
5274
5281
5384
5226
5244
5322
5402
5319
5359
5381
5454
5576
5637
5620
5619
5631
5720
5582
5589
5565
5407
5525
5510
5588
5492
5541
5587
5666
5682
5605
5691
5837
5966
5723
5870
5765
5642
5582
5588
5569
5593
5707
5622
5558
5455
5553
5396
5394
5520
5551
5752
5722
5794
5812
5774
5678
5718
5786
5728
5718
5734
5573
5511
5394
5558
5501
5554
5579
5675
5504
5359
5210
5170
5310
5282
5201
5148
4968
4854
4796
4702
4617
4534
4483
4406
4259
4481
4387
4399
4434
4381
4293
4557
4555
4599
4565
4481
4561
4793
4736
4658
4683
4662
4668
4823
4979
4884
5091
5029
4921
4994
4901
4893
5121
5144
5176
5239
5125
5051
4928
4894
4956
4988
4954
4923
4898
4858
4863
4913
5002
4986
4829
4915
4837
4737
5127
5119
5148
5150
4908
5045
5106
4982
5076
5126
5133
5220
5244
5356
5407
5242
5208
5336
5437
5575
5513
5425
5620
5674
5755
5681
5641
5580
5395
5370
5312
5381
5283
5237
5267
5177
5059
4959
5136
4899
4912
4890
5037
5130
5113
5229
5300
5265
5289
5158
5013
5037
5143
5211
5164
5399
5531
5769
5858
5810
5813
5732
5812
5636
5725
5876
5860
5802
5837
5977
6071
6171
6381
6317
6521
6635
6740
6652
6642
6615
6785
7072
6930
7015
6825
6871
6904
7053
7085
7033
6973
6889
6887
6782
6763
6632
6734
6839
6983
7148
7072
7046
6902
6909
6792
6807
6750
6846
6732
6819
6767
6724
6797
6698
6773
6649
6648
6750
6812
6848
6780
6817
6701
6690
6426
6521
6630
6722
6649
6658
6588
6576
6471
6392
6371
6421
6496
6538
6707
6824
6672
6698
6442
6356
6161
6251
6255
6228
6094
5819
5956
5975
5787
5569
5532
5658
5794
5764
5806
5811
5761
5853
5716
5662
5487
5241
5293
5218
5206
5109
5032
5030
5038
5231
5193
5233
5202
5165
5117
5085
5143
5303
5151
5297
5098
4896
5071
5050
4890
4966
4874
4962
5016
5003
4849
4840
4772
4670
4533
4484
4482
4425
4187
4367
4306
4261
4252
4221
4282
4556
4607
4669
4865
4898
4862
4908
4944
5069
4861
4788
4827
4844
5072
5261
5122
5189
5213
5325
5370
5245
5315
5487
5611
5521
5376
5271
5447
5528
5622
5723
5598
5629
5649
5729
5580
5650
5610
5660
5642
5756
5580
5551
5537
5596
5818
5861
6026
6143
5921
5978
5949
6072
5939
5880
5635
5891
5919
5986
6005
6100
5977
5833
5830
5803
5981
5993
5775
6047
6022
5935
5730
5673
5560
5519
5693
5615
5648
5452
5488
5698
5647
5597
5567
5671
5627
5685
5737
5865
5868
5939
5926
5935
5860
5896
6034
5945
5859
5988
5790
5602
5572
5460
5469
5397
5515
5433
5319
5347
5244
5147
5096
5173
5180
5119
4903
4824
4648
4915
4950
5033
5161
5143
5139
5175
5108
5096
5184
5279
5369
5298
5094
5218
5218
5064
5123
5179
5138
5224
5377
5501
5585
5639
5677
5806
5832
5960
6106
6153
6021
6096
6182
6176
6365
6240
6254
6178
6158
6081
6197
6119
5897
6030
6147
6224
6298
6429
6295
6327
6331
6430
6512
6759
6580
6558
6589
6458
6361
6279
6310
6265
6248
6253
6380
6189
6201
6096
6272
6414
6447
6385
6251
6087
6153
6161
6173
6143
6147
6190
6288
6267
6614
6500
6359
6353
6334
6413
6429
6224
6027
6212
6126
6034
6158
6354
6295
6467
6443
6349
6250
6323
6270
6158
6034
6090
6088
6131
6034
6000
6049
6131
6017
6030
5976
5995
5895
5857
5577
5532
5587
5658
5684
5708
5802
5826
5777
5794
5708
5557
5631
5564
5710
5744
5576
5625
5719
5746
5602
5728
5723
5756
5768
5926
6095
6151
6306
6368
6376
6445
6447
6517
6413
6406
6155
6055
5839
5724
5806
5637
5706
5633
5673
5722
5656
5732
5752
5930
5924
6033
6054
5956
5975
5879
5787
5804
5835
5676
5741
5796
5851
5601
5625
5525
5404
5462
5442
5551
5484
5668
5805
5747
5868
5879
5841
5938
5922
5874
5903
5941
5908
5837
5675
5723
5546
5631
5712
5750
5727
5767
5713
5594
5471
5577
5538
5486
5561
5500
5700
5904
5912
5846
5954
6044
5943
5998
5849
5861
5808
5833
5822
5850
5848
5900
5979
5991
5929
5909
5910
5868
5945
6059
5962
5762
5632
5545
5599
5733
5687
5711
5891
6060
6113
6127
5959
5885
5810
5672
5763
5844
5765
5777
5757
5798
5765
5880
5915
5653
5677
5714
5745
5791
5879
5881
5957
5979
6082
5972
6131
6129
6089
6094
6099
6013
6185
6180
6246
6374
6359
6473
6490
6489
6553
6549
6572
6606
6583
6590
6615
6682
6935
7124
7131
7054
7041
7092
7210
7175
7196
7160
7231
7028
7046
6981
6955
6938
6874
6808
6846
6825
6699
6577
6521
6436
6639
6735
6809
6826
6819
6627
6531
6588
6453
6465
6439
6430
6161
6141
6152
6134
6262
6307
6385
6492
6515
6484
6595
6655
6602
6605
6461
6491
6477
6583
6829
6572
6684
6602
6499
6397
6363
6450
6493
6477
6627
6625
6610
6663
6707
6677
6789
7002
7150
7189
7171
7242
7277
7384
7364
7138
7120
7052
6923
7107
6992
7009
7013
6944
6931
6842
6743
6711
6823
6858
6875
6986
6905
6905
6893
6881
6756
6781
6722
6832
6835
6958
7115
6955
6809
6853
6886
7051
6924
6646
6552
6759
6600
6619
6689
6495
6494
6474
6331
6345
6279
6264
6040
5905
6061
6025
6113
6034
6044
6007
6182
6205
6109
6094
5982
5778
5752
5744
5812
5690
5650
5497
5514
5506
5306
5423
5385
5434
5492
5681
5704
5811
5749
5562
5320
5367
5424
5272
5315
5264
5414
5423
5585
5737
5763
5846
5948
6030
5907
6056
6143
5935
5889
5965
5721
6010
6022
6037
6129
6136
6166
6156
6222
6084
6028
6020
6190
6112
6109
5936
6016
6273
6292
6240
6131
5887
5843
6102
6227
6168
5992
6037
6068
5900
5807
5824
5800
5635
5882
5799
5767
5993
5950
5875
5968
5940
5947
5781
5707
5537
5838
5757
5754
5813
5973
5828
5911
5989
5937
6018
6197
6157
5903
6033
6075
6038
6137
6191
6149
6079
6032
6005
6090
6184
6167
6182
6050
6067
6092
6166
6156
5847
5605
5577
5638
5681
5784
5634
5501
5513
5615
5802
5825
5740
5554
5609
5498
5357
5369
5446
5592
5461
5284
5213
5164
5180
5176
5026
5004
4966
5120
5140
5283
5423
5391
5208
5440
5480
5511
5436
5538
5534
5607
5695
5823
5975
5961
6067
6045
6255
6209
6237
6183
6034
6031
6067
6154
6089
5983
5796
5756
5723
5690
5813
6045
5903
5901
5872
5967
6226
6298
6204
6200
6128
6169
6335
6402
6606
6616
6393
6114
5847
5830
5787
5955
5917
5735
5787
5528
5553
5520
5456
5349
5258
5331
5241
5451
5419
5262
5208
5261
5096
5039
4991
5118
4956
4893
4937
4828
4781
4766
4705
4688
4720
4655
4548
4540
4383
4231
4303
4480
4558
4654
4914
4986
4968
5076
5074
5021
5141
5185
5160
5270
5220
5291
5106
5062
5097
5125
5240
5207
5308
5270
5275
5270
5259
5258
5227
5252
5330
5328
5584
5646
5598
5643
5761
5645
5439
5355
5413
5437
5354
5354
5261
5134
5157
5064
5242
5215
5398
5409
5428
5625
5538
5723
5696
5596
5409
5224
5326
5198
5297
5118
5348
5323
5299
5426
5271
5241
5070
5057
5082
5124
5154
5301
5374
5180
5183
5189
5102
5106
5126
5165
5226
5281
5257
5262
5392
5461
5462
5477
5497
5361
5175
4967
4900
5018
4974
5103
5223
5140
5310
5411
5482
5335
5338
5307
5332
5422
5349
5145
5140
5038
4853
4814
5023
5152
5194
5238
5209
5229
5223
5232
5239
5061
5068
4988
5076
5030
5032
4981
5016
5110
5151
5078
5110
4876
4767
4872
5066
4988
5020
5036
4905
4956
5041
4863
4858
4907
4935
4968
4930
4832
4796
4812
4717
4533
4808
4840
4798
4886
4693
4586
4586
4533
4767
4634
4626
4785
4976
4956
4905
4981
5034
5052
4973
5021
5244
5324
5340
5490
5652
5442
5425
5451
5511
5453
5447
5388
5496
5469
5546
5616
5591
5617
5636
5678
5660
5760
5806
5834
5865
5922
5916
5762
5859
5886
5829
5826
5746
5874
5769
5815
5771
5693
5746
5766
5741
5797
5848
5715
5857
5709
5749
5812
5905
5915
6018
6102
6113
6173
6179
6250
6098
6210
6211
6439
6476
6506
6478
6651
6769
6671
6678
6876
6775
6661
6709
6833
6726
6597
6466
6512
6742
6699
6552
6547
6695
6969
7228
6937
6899
6939
6966
6952
6983
7080
7214
7432
7524
7718
7637
7559
7461
7552
7407
7485
7449
7367
7467
7548
7589
7452
7394
7363
7262
7250
7115
7107
7144
6971
6983
6845
6731
6682
6590
6574
6409
6430
6579
6520
6463
6497
6475
6549
6601
6598
6695
6643
6645
6504
6375
6277
6299
6454
6324
6190
6327
6391
6352
6307
6437
6521
6460
6514
6508
6594
6522
6412
6244
6160
6019
5980
5844
5866
5840
5768
5745
5809
5817
5805
5866
5893
5780
5885
5890
5852
5886
5842
6021
5961
6054
6044
5872
5623
5633
5562
5485
5436
5370
5548
5541
5558
5354
5341
5103
4996
5172
5131
5144
5105
4975
4825
4748
4681
4619
4619
4756
4712
4675
4662
4608
4471
4534
4623
4509
4457
4404
4517
4659
4703
4639
4631
4513
4540
4503
4409
4321
4326
4571
4600
4685
4676
4706
4482
4433
4371
4345
4336
4489
4710
4803
4684
4846
4762
4766
4778
4689
4783
4827
4866
4722
4735
4929
5175
5301
5514
5505
5558
5660
5733
5745
5891
6129
6132
6101
5978
6079
6027
6125
6212
6444
6267
6219
6141
6091
5995
5837
5765
5953
5902
5830
5707
5767
5808
5850
5875
6106
6000
6008
6084
6127
6068
6053
6183
6011
6069
5941
5850
5736
5641
5609
5643
5688
5590
5545
5692
5471
5642
5863
5927
5984
6010
6156
6399
6394
6366
6433
6493
6592
6703
6737
6584
6579
6658
6648
6600
6804
6842
6923
6844
7024
6809
6899
6894
6734
6769
6922
6961
7114
7203
7136
7049
7061
7152
7072
7107
7208
7326
7331
7405
7400
7517
7274
7094
7243
7312
7377
7427
7333
7386
7110
6966
6947
6977
6949
6894
6810
6844
6894
7007
7010
7017
7053
7007
7077
7103
7080
7004
7070
6977
6828
6979
7008
7026
7062
7052
7107
6936
6967
7066
7273
7360
7387
7645
7390
7425
7255
7368
7283
7264
7384
7373
7263
7237
7319
7416
7360
7253
7058
6950
6948
6954
6932
6964
7087
7177
7298
7119
6993
6902
6937
6892
6652
6622
6548
6587
6839
6807
6846
6832
6976
6911
6780
6668
6606
6429
6326
6472
6423
6435
6398
6266
6158
6385
6563
6487
6395
6533
6485
6638
6624
6613
6931
6956
6900
7190
7173
7118
6938
7000
7026
7126
7151
7172
7173
7336
7188
7140
7226
7240
7305
7318
7347
7404
7350
7334
7448
7324
7463
7460
7547
7610
7506
7399
7275
7232
7037
7045
7128
7078
6992
7072
7149
7167
7300
7404
7407
7481
7533
7479
7349
7543
7497
7528
7577
7645
7560
7717
7731
7756
7720
7527
7322
7419
7203
7172
6939
6937
7024
7130
7218
7034
7095
7124
7043
6996
6986
6929
6935
6736
6677
6765
6774
6686
6827
6794
6494
6605
6659
6716
6595
6689
6796
6771
6941
6837
7054
6970
6841
6906
6700
6565
6644
6722
6425
6210
6364
6452
6445
6307
6226
6349
6474
6457
6363
6416
6523
6675
6628
6807
6991
7110
7164
7037
7021
6929
6888
7163
7107
7307
7355
7441
7324
7506
7537
7594
7759
7608
7651
7644
7567
7899
7668
7569
7306
7121
7080
7127
7128
7055
7092
7161
7124
7157
7178
7124
7021
7039
6934
6979
7072
6949
6978
6913
6939
6861
6787
6699
6471
6370
6167
6046
5743
5824
5922
5927
5832
5929
5856
5895
5894
6088
6096
6154
6127
6239
6369
6214
6281
6190
6119
6152
5964
5887
5857
5924
5928
5923
6092
6277
6399
6474
6460
6401
6396
6503
6716
6814
6879
6906
6703
6754
6770
6835
6967
7106
6984
6926
6971
6948
6925
6875
6859
6851
6820
6773
6813
6933
6876
6833
6631
6739
6675
6499
6274
6201
6129
6271
6352
6334
6321
6197
6210
6235
6218
6321
6267
6268
6257
6224
6065
6033
5971
6141
6276
6260
6197
6189
6233
6174
6126
5933
5925
6096
6123
6088
5925
5954
5893
5768
5667
5628
5637
5730
5607
5605
5590
5587
5675
5626
5551
5602
5666
5511
5543
5481
