1005000
266609
174800
129280
102643
85100
71964
62264
55626
49590
44883
41103
37952
34751
32667
29974
28034
26617
25256
23650
22390
21177
19824
18908
18383
17716
17255
16315
15656
15575
14976
14407
14047
13541
13073
12500
12025
11676
11201
11107
10677
10589
10104
9677
9297
9105
8859
8563
8285
8139
8045
8035
8084
7928
7694
7683
7585
7313
7161
7292
7020
6742
6586
6525
6435
6224
6100
5981
5820
5708
5665
5652
5462
5374
5363
5327
5326
5217
5176
5101
5129
5068
4866
4791
4795
4898
5026
5044
5093
5302
5257
5133
5145
5038
5105
5019
5000
4980
5150
5049
4937
4796
4632
4610
4533
4372
4480
4525
4460
4525
4506
4293
4202
4210
4176
4106
4192
4057
3916
3956
3951
3831
3741
3644
3688
3562
3555
3463
3534
3540
3487
3534
3605
3589
3472
3506
3480
3496
3572
3627
3442
3307
3267
3399
3431
3382
3223
3182
3020
3078
3097
3070
3015
3055
3156
3002
2918
3051
3188
3199
3177
3120
3086
3200
3258
3295
3279
3376
3364
3375
3278
3145
3074
3089
3234
3395
3371
3397
3432
3405
3345
3432
3406
3300
3393
3346
3365
3336
3352
3332
3323
3244
3269
3162
3157
3005
3007
2953
2947
2775
2815
2782
2839
2949
2854
2774
2774
2836
2904
2928
2904
2831
2911
2892
2797
2721
2718
2761
2733
2698
2817
2827
2828
2796
2794
2843
2806
2898
2992
3142
3116
3061
3096
2995
2936
2999
2980
2985
3076
3198
3150
3377
3332
3240
3232
3337
3408
3389
3464
3445
3341
3304
3219
3161
3157
3175
3258
3452
3392
3358
3467
3481
3461
3554
3674
3680
3566
3582
3611
3574
3634
3642
3744
3749
3708
3650
3617
3508
3566
3532
3455
3381
3292
3277
3417
3426
3497
3405
3402
3358
3373
3363
3355
3348
3366
3385
3326
3433
3358
3353
3304
3166
3195
3225
3213
3190
3251
3338
3472
3475
3416
3258
3280
3365
3395
3346
3346
3417
3331
3342
3282
3291
3220
3217
3273
3293
3192
3190
3103
3056
3056
2980
2999
2864
2845
2743
2806
2857
2786
2830
2772
2737
2801
2815
2912
2979
2886
2956
2973
2819
2728
2679
2623
2731
2710
2704
2691
2561
2645
2733
2739
2709
2735
2699
2788
2878
3004
3050
2959
2995
2960
3047
2926
3025
2946
2869
2833
2863
2913
3080
3057
3155
3169
3213
3099
3084
2987
2990
3093
3067
3097
3077
3177
3124
3099
3205
3137
3273
3232
3298
3161
3091
3209
3247
3264
3327
3401
3467
3381
3392
3381
3348
3374
3321
3274
3213
3257
3208
3242
3339
3349
3311
3470
3361
3340
3508
3574
3561
3422
3437
3413
3434
3465
3487
3472
3458
3369
3426
3461
3473
3553
3473
3546
3666
3694
3652
3692
3700
3667
3668
3662
3778
3880
3907
4035
4081
4093
4191
4119
4200
4274
4313
4289
4298
4398
4147
4133
4137
4170
4207
4254
4270
4240
4271
4164
4227
4329
4374
4291
4254
4337
4416
4478
4592
4515
4502
4629
4826
4770
4816
4895
4906
4833
4962
4683
4637
4632
4748
4733
4790
4740
4872
5012
4889
4674
4684
4554
4555
4443
4491
4433
4471
4394
4368
4381
4456
4474
4603
4700
4664
4829
4900
4716
4721
4688
4897
5025
4955
4993
5052
5023
5210
5227
5203
4893
4926
4850
4946
4922
4914
5025
5139
5140
5277
5218
5219
5116
5206
5149
5179
5188
5116
5153
5095
5117
5190
5158
5241
5268
5267
5292
5371
5326
5282
5255
5049
5169
5116
5162
5104
5100
5063
5061
5188
5411
5221
5263
5394
5311
5273
5204
5399
5456
5564
5815
5818
5747
5632
5776
5897
5971
5803
5759
5814
5846
5839
5830
5778
5750
5737
5800
5931
5806
5893
6005
6034
6066
5970
5938
5855
5916
6082
5963
6012
5918
5942
5883
5832
5855
5907
5862
6016
6035
5983
5924
6070
6236
6206
6234
6312
6328
6313
6080
5946
6137
6197
6154
6045
5935
5858
5683
5699
5611
5789
5679
5772
5727
5713
5768
5849
5817
5774
5720
5912
6010
5982
6021
6118
6383
6524
6602
6617
6736
6632
6748
6926
6722
6729
6869
6956
7004
7005
7142
7198
7021
7221
7114
7033
7085
6813
6826
6861
6915
6882
6934
7034
7088
7220
7112
7088
7091
7232
7235
7143
6955
6942
6933
6814
6773
6688
6846
6813
6836
6788
6615
6776
6574
6514
6500
6450
6460
6536
6484
6602
6626
6540
6464
6448
6459
6570
6768
6806
6749
6671
6783
6897
6750
6965
7037
6941
6852
6841
6696
6584
6521
6416
6184
5986
5954
5958
5879
5882
5708
5696
5897
6034
6276
6133
6297
6151
6161
6005
6205
6143
6245
6256
6363
6231
6256
6410
6323
6302
6401
6363
6296
6187
6048
5887
5947
6016
6059
5986
6080
6002
5994
5985
6052
6151
6328
6356
6241
6191
6245
6309
6234
6370
6333
6491
6403
6473
6437
6570
6543
6702
6625
6534
6663
6649
6467
6379
6345
6376
6266
6211
6118
6090
6039
6060
5961
6066
6121
6149
6060
5989
5891
5815
5908
5925
5997
6196
6051
5906
6174
6150
6371
6587
6660
6453
6462
6426
6277
6295
6211
6334
6516
6297
6216
6176
6241
6209
6117
6374
6411
6495
6378
6335
6406
6418
6500
6282
6205
6247
6059
5969
5771
5776
5516
5460
5560
5592
5434
5654
5723
5758
5881
6028
5876
5897
5690
5805
5710
5631
5532
5593
5679
5713
5739
5856
5899
5926
5745
5703
5638
5750
5739
5742
5729
5690
5860
5756
5683
5863
5917
5871
5865
5864
5882
5993
5991
5980
6003
5902
5914
5933
6157
6176
6373
6554
6845
7028
7053
6967
6916
6906
7055
7118
7087
6861
6795
6752
6675
6661
6819
6742
6665
6577
6661
6806
6836
6840
6870
6969
6942
6965
7250
7249
7310
7352
7409
7247
7250
7489
7559
7723
7679
7455
7467
7465
7576
7566
7465
7605
7758
7655
7639
7626
7738
7638
7802
7814
7788
7601
7574
7705
7811
7800
7896
7881
7980
7896
8024
8036
7893
7940
7934
7960
7955
7969
7881
7651
7487
7643
7546
7469
7317
7375
7406
7473
7720
7674
7728
7641
7391
7422
7330
7192
7029
6889
6925
6754
6841
6776
7010
7010
7083
6986
7072
6969
6940
6913
6965
6925
6983
7120
7152
7051
7176
7108
6834
6883
6880
6823
6961
6947
7127
7014
7029
7113
7272
7251
7042
7134
7054
7003
7036
6966
6891
6811
6837
6896
6695
6747
6702
6845
6821
6945
6780
6912
6833
6908
6946
7008
7037
6985
6847
6993
7203
7295
7284
7450
7503
7433
7270
7276
7160
7213
7465
7498
7624
7552
7492
7642
7494
7497
7483
7552
7786
7724
7858
8101
8156
8078
8135
8031
8253
8229
8169
8005
7994
7901
7709
7752
7628
7477
7464
7599
7598
7544
7604
7766
7727
7796
7842
7905
8088
7926
8094
8081
8139
7957
8145
8158
8275
8401
8360
8488
8682
8701
8802
8636
8667
8634
8541
8365
8432
8377
8272
8285
8401
8365
8223
8364
8253
8093
8211
8038
7875
7998
7818
7856
7897
7924
7830
7689
7588
7637
7499
7349
7416
7513
7357
7403
7437
7247
7315
7268
7180
7195
7315
7062
6974
6826
6771
6746
6794
6877
6742
6743
6429
6580
6650
6651
6704
6424
6539
6501
6682
6769
6767
6868
7048
6842
6705
6692
6712
6781
6743
6760
6614
6787
6826
6930
6854
6965
7066
6962
6995
6800
6923
6782
6771
6818
6611
6602
6681
6644
6508
6329
6420
6303
6054
5856
5809
5733
5908
6072
6028
6085
6233
6235
6281
6230
6137
6296
6456
6520
6487
6514
6436
6583
6440
6599
6622
6771
6773
6720
7004
6692
6642
6595
6612
6533
6705
6702
6590
6351
6348
6440
6431
6419
6409
6264
6244
6078
5990
6000
5989
5913
5872
5850
5986
6044
6088
6128
5834
5772
5761
5583
5432
5520
5500
5553
5611
5649
5720
5764
5640
5566
5661
5836
5834
5977
5953
5810
5782
5831
5866
5760
5824
5767
5765
5845
5792
5732
5645
5723
5711
5863
5803
5562
5543
5701
5622
5714
5900
5953
5882
5844
5565
5391
5395
5354
5347
5390
5451
5403
5603
5558
5622
5719
6014
6086
5953
5758
5630
5748
5828
6009
5973
5881
5765
5834
5745
5815
5770
5846
5825
5627
5624
5618
5630
5708
5687
5594
5604
5585
5467
5611
5655
5522
5376
5330
5071
5114
5244
5203
4992
4967
4891
4936
5062
4953
5114
5105
5126
5173
5092
5193
5313
5291
5240
5330
5261
5279
5313
5321
5350
5419
5213
5167
5121
5113
4963
5162
5251
5311
5395
5503
5490
5458
5445
5370
5362
5035
4965
5018
5123
4977
5103
5015
5068
5171
5252
5426
5513
5557
5462
5643
5513
5608
5589
5636
5751
5701
5747
5868
5860
5828
5864
5968
6057
6124
6078
5984
6030
6028
6030
6402
6387
6341
6307
6442
6358
6171
6246
6175
6114
5975
6042
5974
6078
5899
6166
6256
6418
6314
6332
6283
6469
6526
6483
6360
6369
6452
6369
6313
6098
6137
5807
5619
5587
5304
5312
5502
5550
5740
5863
5643
5616
5746
5779
5714
5482
5362
5069
5141
5143
5235
5163
4962
5062
5033
5019
4929
5074
4962
5037
5026
5017
5154
5113
5134
5142
5254
5342
5339
5251
5408
5283
5332
5549
5497
5606
5587
5590
5699
5771
5896
5975
5918
6055
5927
5918
5818
5739
5909
6115
6154
6097
6148
6300
6228
6381
6382
6433
6469
6350
6363
6384
6321
6362
6282
6155
6024
5975
5961
6022
5904
6094
6211
6056
6282
6333
6354
6195
6199
6251
6345
6301
6356
6514
6482
6510
6480
6645
6618
6781
6748
6647
6614
6392
6501
6272
6235
6421
6261
6398
6364
6394
6426
6432
6325
6438
6177
6277
6284
6226
6335
6114
6264
6209
6148
6317
6255
6206
5960
5855
5748
5841
5862
5933
5800
5945
5902
6027
6045
5976
6085
6217
6454
6437
6561
6379
6225
6335
6508
6493
6547
6531
6606
6598
6561
6597
6607
6740
6579
6585
6494
6564
6562
6416
6403
6131
5940
5904
5633
5802
5791
5743
5884
6199
5984
5985
5962
6006
6080
6206
6169
6194
6078
6074
6064
5909
5978
6051
6178
6058
6006
5990
5938
5986
5775
5839
5592
5682
5693
5797
5589
5479
5563
5508
5356
5420
5582
5464
5461
5407
5449
5344
5434
5556
5687
5600
5496
5709
5746
5780
5766
5713
5754
5638
5657
5585
5453
5547
5475
5504
5603
5468
5437
5392
5361
5343
5496
5548
5696
5935
5979
5979
6057
5982
5729
5812
5829
5790
5871
5841
5915
5866
5991
6179
5947
5875
5952
6087
6061
6040
5992
5791
5624
5702
5626
5738
5752
5771
5668
5663
5640
5605
5580
5489
5507
5435
5461
5587
5349
5447
5294
5346
5310
5428
5544
5500
5474
5579
5638
5587
5607
5707
5550
5657
5779
5794
6032
6077
6039
6026
6057
6199
6177
6432
6450
6513
6559
6703
6854
6748
6765
7006
6900
6914
6849
6727
6509
6238
6247
6273
6314
6351
6316
6297
6240
6244
6145
6057
6128
6083
6095
6071
5955
6010
5878
5881
5928
5766
5559
5583
5606
5513
5427
5257
5243
5168
5059
4913
4818
4977
5057
5100
5280
5110
5134
5138
5224
5062
5000
4970
4929
5031
5075
5069
5093
5028
5127
5222
5404
5504
5512
5412
5534
5485
5474
5710
5773
5708
5556
5525
5414
5372
5340
5419
5436
5424
5426
5363
5311
5231
5082
5023
4982
5054
5085
5083
5191
5139
5202
5290
5401
5437
5229
5190
5390
5399
5316
5335
5250
5121
5064
5064
5102
5202
5153
5168
5058
5099
5088
5057
5019
4872
5035
5289
5303
5320
5376
5430
5293
5319
5188
5141
5043
4980
4996
5029
5106
5054
5124
5196
5057
5057
5008
5160
5116
5075
5177
5150
5062
5177
5054
5059
5113
5008
5090
5056
4980
4935
4920
4971
4904
4700
4630
4638
4725
4793
4678
4577
4647
4520
4491
4664
4780
4688
4740
4691
4782
4818
4966
4897
4949
5033
5002
4981
5026
4962
4959
4948
4897
5047
4983
4827
4870
4862
4811
4905
5002
4817
4939
4857
4952
5152
5069
5140
5253
5413
5267
5355
5489
5555
5618
5477
5309
5151
5233
5226
5203
5124
5157
5084
5172
5349
5448
5665
5829
5652
5724
5852
5894
5827
5890
5946
6108
5976
6215
6279
6321
6357
6189
6209
6281
6136
6206
6163
6113
6068
6029
6062
6068
6270
5978
5927
5794
5942
6048
5882
6002
5889
5864
5930
5978
5941
5958
6058
6342
6270
6336
6522
6491
6353
6429
6452
6412
6543
6461
6571
6625
6601
6622
6572
6853
7158
7190
7170
7049
6994
7094
7102
6953
7019
6930
7173
7067
7058
7098
7200
7088
6930
7061
7251
7080
7216
7202
7180
7232
7256
7454
7644
7707
7669
7517
7624
7598
7368
7404
7392
7464
7384
7391
7178
7249
7223
6988
7109
7108
7094
7098
7072
7108
7101
7056
7253
7171
7073
7045
6946
6701
6823
6809
7006
6761
6641
6595
6688
6464
6484
6459
6467
6484
6471
6393
6467
6438
6315
6293
6313
6322
6376
6347
6372
6422
6231
6182
6405
6686
6624
6618
6463
6482
6545
6425
6526
6406
6593
6600
6389
6483
6725
6862
6641
6545
6664
6452
6321
6320
6279
6121
5933
5869
5926
5786
5722
5746
5684
5918
5795
5688
5778
5764
5752
5864
5735
5861
5892
5944
6078
6127
6305
6334
6437
6499
6408
6490
6544
6453
6588
6640
6462
6343
6241
6119
6279
6432
6426
6423
6407
6446
6401
6377
6343
6257
6429
6497
6514
6806
6926
6919
6808
6985
6867
6823
6737
6799
6940
6901
7061
7187
7378
7411
7608
7577
7424
7292
7115
6950
6914
6791
6618
6521
6597
6546
6543
6761
6883
6515
6456
6386
6232
6145
6309
6226
6085
6069
6108
6125
6199
6264
6194
6121
6160
6195
6222
6151
6381
6209
6345
6406
6297
6264
6114
6249
6415
6317
6249
6178
5990
6059
6086
6106
6302
6174
6320
6402
6280
6384
6547
6626
6626
6445
6438
6526
6278
6267
6275
6279
6355
6287
6355
6409
6365
6284
6387
6246
6232
6289
6346
6230
6379
6280
6261
6163
6038
6020
5988
6001
6108
6064
5973
6113
6045
5959
6004
6313
6113
6140
6268
6225
6375
6530
6553
6437
6516
6538
6643
6903
7106
7109
7000
6824
6833
6977
7027
6966
6717
6734
6700
6726
6727
6746
6667
6908
6884
6896
6847
6839
6838
6892
6944
7136
7090
6859
7118
7079
7099
7179
7120
7146
7302
7248
7410
7323
7095
7112
7089
7318
7224
7212
7285
7135
7104
7134
7188
6915
7171
7172
7142
7231
7228
7268
7274
7000
7099
6978
6924
6905
6849
6670
6638
6644
6498
6494
6492
6457
6391
6336
6479
6536
6693
6762
6676
6621
6480
6452
6341
6188
6169
6050
6172
6213
6183
5957
5951
5894
5806
5868
5812
5749
5839
5851
5860
5627
5703
5667
5594
5672
5710
5839
5670
5788
5732
5740
5722
5713
5799
5652
5675
5592
5666
5797
5782
5919
5995
5800
5711
5688
5775
5831
5710
5853
5992
5995
6090
6157
6083
6196
6369
6564
6575
6670
6553
6640
6667
6452
6370
6313
6353
6497
6289
6282
6362
6138
5984
5727
5809
5922
5901
5960
6154
6137
6231
6313
6303
6372
6427
6281
6133
5991
5989
6075
6289
6372
6260
6331
6407
6357
6396
6523
6422
6303
6171
6118
6149
6113
6276
6264
6518
6434
6494
6561
6436
6653
6672
6873
6804
6806
6804
6623
6764
6684
6681
6655
6596
6452
6540
6619
6561
6431
6329
6353
6393
6483
6564
6652
6704
6740
6760
6694
6730
6951
6882
6598
6391
6376
6479
6633
6643
6674
6700
6627
6652
6655
6786
6810
6709
6840
7070
7077
6936
6730
6649
6570
6590
6642
6545
6620
6476
6485
6600
6542
6296
6584
6585
6622
6584
6614
6752
6716
6860
6903
6849
6900
6906
7044
6859
6779
6956
6939
6966
7017
7140
7230
7317
7386
7217
7189
6995
7002
6905
6880
6807
6494
6496
6416
6440
6435
6461
6451
6521
6682
6669
6784
6771
6768
6789
7020
7080
7056
7081
6968
6866
6800
6733
6598
6705
6683
6720
6661
6566
6504
6612
6468
6469
6624
6597
6413
6624
6582
6632
6533
6536
6448
6551
6379
6134
6088
6041
6047
5979
6000
5926
5966
6031
6025
6302
6351
6530
6565
6532
6521
6388
6466
6633
6770
6744
6602
6831
6714
6566
6578
6469
6437
6388
6505
6414
6218
6241
6224
6233
6238
6288
6231
6079
5939
5893
5951
5965
5873
5861
5865
6007
6021
5956
6049
6163
5980
5981
5978
5888
5850
5896
5959
6047
5989
5980
6147
6332
6195
6092
5886
5836
5855
5938
5942
5822
5857
5895
6002
5771
5610
5741
5826
5774
5782
5642
5638
5440
5475
5411
5247
5641
5780
5780
5750
5575
5690
5670
5779
5793
5698
5831
5903
6074
6070
6012
6071
6134
6184
6190
6243
6218
6296
6179
6313
6248
6242
6375
6318
6243
6339
6298
6141
6246
6120
6094
6070
6108
6333
6419
6404
6435
6564
6652
6679
6885
7006
6907
6953
6851
6931
6931
6922
6963
6780
6718
6572
6457
6602
6764
6860
6751
6644
6676
6621
6652
6654
6673
6764
6541
6462
6608
6474
6629
6668
6581
6483
6633
6457
6364
6262
6314
6419
6556
6464
6335
6186
6270
6523
6303
6443
6467
6617
6496
6455
6630
6707
6606
6630
6788
6650
6531
6388
6457
6236
6157
6021
6048
6068
6241
6042
5825
5960
5929
5861
5881
5705
5789
5689
5849
6002
6008
6064
6093
6081
6103
6208
6251
6457
6354
6212
6150
6299
6440
6312
6303
6155
6283
6366
6392
6426
6380
6471
6558
6525
6544
6466
6545
6532
6427
6397
6382
6474
6395
6265
6253
6193
6241
6263
6294
6148
6206
6101
5868
5915
5987
5808
5944
5862
5952
5892
5993
6171
6299
6403
6490
6740
6600
6534
6425
6290
6210
6280
6273
6453
6506
6692
6521
6581
6547
6492
6627
6511
6500
6597
6686
6685
6898
6911
6797
6970
6859
6766
6767
7036
7063
6928
6806
6634
6782
6868
7050
6944
6903
7029
6953
7023
7081
7046
7447
7336
7380
7420
7449
7388
7395
7426
7374
7255
7247
7208
7153
7111
7159
6950
6944
7139
7064
7317
7308
7527
7527
7610
7520
7414
7455
7567
7365
7345
7337
7154
7153
7114
6998
6873
6732
6604
6352
6459
6453
6488
6431
6578
6704
6701
6817
6967
6950
6761
6885
6759
6773
6880
6847
6564
6528
6586
6409
6342
6265
6363
6478
6458
6484
6400
6285
6354
6316
6304
6306
6386
6473
6412
6318
6248
6129
6191
6139
6084
5946
6010
5971
6056
5924
5762
5904
5921
6061
5858
5806
5764
5712
5589
5650
5555
5537
5570
5512
5578
5476
5564
5621
5550
5742
5632
5829
5945
6074
6008
5952
6009
6023
6098
5910
5887
5679
5597
5683
5720
5664
5951
5978
5904
5900
5935
5628
5667
5616
5726
5714
5651
5514
5459
5292
5248
5270
5192
5193
5193
5324
5493
5409
5361
5419
5520
5494
5366
5408
5372
5463
5597
5575
5466
5518
5467
5286
5264
5336
5287
5187
5287
5301
5275
5401
5484
5533
5390
5436
5412
5474
5499
5329
5328
5449
5550
5362
5270
5230
5354
5433
5456
5491
5576
5598
5773
5815
5649
5755
5659
5675
5567
5417
5443
5430
5566
5489
5670
5708
5670
5799
6007
5953
5761
5766
5649
5790
5788
5725
5680
5752
5756
5940
5961
5908
5965
5953
6192
6327
6200
5845
5947
6161
6254
6146
6051
6131
6141
6068
6162
6085
6099
6035
5858
5606
5561
5399
5488
5443
5172
5309
5395
5497
5584
5489
5554
5562
5639
5602
5649
5529
5511
5380
5480
5326
5238
5373
5265
5029
5179
5212
5167
5185
5231
5402
5398
5570
5658
5741
5683
5648
5788
5842
5729
5630
5548
5607
5571
5678
5770
5845
5868
5914
5841
5739
5779
5921
5789
5747
5829
5901
5943
5897
5727
5760
5747
5841
5843
5760
5851
5886
6015
6054
6002
6056
5990
5875
5899
6132
6213
6145
6097
6154
6276
6344
6355
6312
6115
6080
5997
6079
6188
6095
6118
6145
6191
6314
6581
6566
6589
6623
6782
6883
7131
6791
6906
6791
6795
6662
6705
6678
6726
6636
6548
6485
6374
6469
6453
6427
6402
6188
6232
6262
6353
6067
5946
5791
5820
5897
5793
5699
5635
5423
5249
5162
5229
5217
5202
5110
4956
4929
4984
5093
5054
5130
5139
5139
5370
5167
5215
5121
5248
5167
5192
5272
5189
5099
5260
5518
5390
5409
5520
5484
5534
5515
5688
5823
5886
6079
6094
6262
6406
6581
6547
6673
6556
6720
7057
7222
7250
7118
7165
7309
7199
7199
7142
7269
7181
7353
7323
7616
7610
7424
7295
7297
7286
7228
7179
7044
6875
6959
6689
6750
6772
6748
6861
6818
6790
6640
6659
6638
6620
6423
6453
6707
6715
6566
6575
6553
6395
6429
6388
6504
6691
6691
6743
6853
6754
6647
6446
6503
6435
6494
6601
6513
6527
6615
6607
6681
6690
6711
6839
6860
6657
6558
6426
6412
6586
6754
6493
6361
6384
6289
6257
6197
6148
6189
6202
6335
6230
6386
6494
6410
6303
6099
6092
6122
6168
6023
5869
6000
5834
5832
5868
5898
5937
5833
5871
5866
6121
6182
6336
6434
6409
6290
6295
6269
6100
6232
6303
6282
6354
5966
5898
6004
5990
5920
5955
5943
5849
5884
5601
5588
5625
5611
5630
5561
5590
5659
5774
5686
5663
5725
5793
5691
5838
5837
5651
5622
5734
5656
5791
5501
5562
5632
5554
5628
5645
5656
5613
5806
5775
5744
5734
5621
5689
5565
5565
5410
5491
5582
5892
6021
5854
6025
6013
5932
5738
5818
5554
5502
5546
5403
5403
5370
5525
5367
5295
5126
5125
5022
4981
5040
5078
5079
4933
4775
4721
4881
4885
4936
4814
4730
4916
5029
5000
4807
4661
4650
4669
4696
4643
4710
4800
4885
5013
4943
5084
5119
5162
5262
5417
5315
5240
5285
5465
5529
5644
5770
5920
6076
6165
6218
6188
6059
6136
6022
6207
6091
5926
6048
6030
5914
5770
5983
5951
6007
5829
5788
5799
5788
5891
6029
6265
6340
6515
6344
6227
6105
6265
6209
6138
6233
6152
6384
6149
6155
6232
6258
6347
6397
6252
6326
6055
5901
5894
5932
5848
6062
6034
6013
5939
5879
5931
5964
5832
5777
5779
5828
5757
5623
5618
5743
5753
5688
5688
5542
5368
5333
5367
5458
5604
5551
5593
5488
5371
5611
5599
5573
5550
5625
5725
5571
5365
5447
5547
5603
5596
5594
5474
5508
5426
5465
5484
5568
5425
5517
5449
5581
5375
5597
5560
5566
5492
5437
5529
5700
5610
5550
5655
5576
5522
5477
5588
5557
5509
5647
5646
5518
5547
5550
5464
5608
5629
5605
5665
5607
5333
5412
5421
5429
5639
5787
5928
5682
5677
5611
5698
5649
5666
5682
5616
5613
5352
5232
5180
5221
5256
5139
5234
5271
5204
5271
5208
5199
5156
5091
4999
5006
5035
5068
5130
5210
5310
5305
5493
5408
5158
5143
5234
5155
5060
5048
4882
4743
4639
4729
4642
4598
4555
4506
4552
4690
4661
4742
4894
4758
4918
4874
4832
4968
4909
4935
4864
4701
4679
4821
4773
4707
4824
4989
5010
4931
4949
4981
5011
4927
4897
5100
5127
5106
5010
5003
4939
5005
4911
5100
5207
5078
4970
4990
5034
5166
5255
5183
5294
5236
5276
5378
5291
5367
5209
5245
5183
5355
5258
5372
5491
5626
5590
5706
5630
5540
5733
5739
5723
5598
5579
5471
5622
5722
5852
5872
5854
5981
6122
5800
5845
5994
5918
5946
5903
5893
5871
5888
5721
5772
5758
5578
5404
5473
5511
5603
5831
5703
5517
5422
5499
5579
5532
5669
5642
5747
5822
5776
5838
5953
5921
6057
6129
6227
6231
6080
6098
6198
6359
6423
6210
6225
6433
6320
6283
6231
6230
6121
6259
6224
6289
6373
6334
6152
6184
6197
6121
6095
5918
6039
5936
6110
6137
6322
6380
6410
6223
6172
6041
6174
6266
6374
6279
6215
6176
6209
6062
6243
5950
5955
5714
5612
5653
5573
5632
5678
5719
5559
5440
5305
5399
5740
5717
5772
5678
5732
5735
5655
5697
5781
5720
5855
5836
5925
5948
5935
5958
5767
5925
5933
5864
5791
5843
5749
5824
5727
5851
5936
5687
5602
5636
5521
5693
5785
5641
5883
5675
5613
5747
5806
5699
5607
5354
5269
5290
5112
4949
4985
5175
5202
5324
5306
5327
5388
5299
5057
4930
5111
5100
5151
5184
5331
5358
5267
5446
5487
5662
5781
5616
5668
5749
5855
5970
6055
6028
5997
5949
5994
6064
6076
6013
6123
6145
6154
6041
6098
6127
6235
6256
6362
6471
6356
6399
6382
6364
6517
6656
6501
6576
6616
6656
6646
6529
6427
6377
6406
6476
6568
6691
6689
6633
6376
6311
6254
6247
6207
6120
5991
5956
5934
5879
5870
5890
6021
6130
6247
6354
6560
6677
6616
6666
6466
6362
6395
6430
6633
6531
6660
6614
6559
6541
6571
6696
6640
6673
6785
6666
6756
6907
6950
6809
6841
6691
6894
6868
6943
6961
6761
6742
6729
6775
6905
6683
6788
6935
6767
6863
6971
7037
6913
6792
6657
6796
6593
6643
6561
6558
6629
6459
6588
6653
6660
6562
6525
6270
6279
6282
6299
6319
6253
6264
6331
6276
6240
6113
5912
5935
5957
5962
6182
6221
6188
6272
6138
5998
6153
6153
6015
6198
6197
6379
6207
6186
6183
6221
6159
6155
6248
6186
6123
6135
6123
6120
5956
6073
6074
6140
6015
6058
5950
6106
6181
6344
6188
6302
6329
6211
6169
6205
6205
6108
6116
6117
6174
6252
6366
6271
6311
6423
6308
6479
6443
6582
6667
6746
6650
6694
6755
6757
6800
6742
6736
6828
7071
7094
7153
7124
7090
7115
7200
7036
6942
6919
7185
7268
7325
7517
7275
7538
7489
7529
7475
7704
7650
7720
7743
7699
7477
7454
7459
7560
7361
7255
7081
7101
7017
6934
6944
6950
7081
7041
7046
7122
7110
7040
7058
7327
7080
6918
6808
6703
6602
6626
6645
6447
6469
6565
6534
6623
6530
6473
6561
6559
6619
6729
6634
6455
6338
6539
6533
6810
6904
6875
7025
7071
6985
7214
7313
7325
7462
7538
7583
7662
7532
7669
7748
7813
8017
8154
8312
8036
8201
8257
8248
8178
8186
8051
8158
7955
7771
7860
7858
7890
7767
7975
8027
7981
7867
7926
8044
8135
8216
8311
7928
7862
7923
7610
7392
7467
7431
7409
7331
7408
7332
7246
7289
7300
7171
7096
6771
6881
6922
6835
6790
6748
6516
6373
6438
6379
6218
6195
6150
6009
6059
6094
5981
6094
5989
6056
5837
5694
5750
5683
5569
5459
5517
5519
5418
5208
5045
4935
4984
5067
5263
5187
5253
5223
5242
5292
5336
5313
5355
5245
5235
5238
5069
4943
5010
5073
5153
5077
5150
5171
5139
5193
5088
5015
4891
5085
4997
4929
4996
5019
4988
5187
5123
5071
5152
5248
5215
5113
5114
5049
5135
5132
5183
5192
5349
5363
5312
5315
5598
5633
5504
5585
5642
5812
6062
6045
6329
6543
6534
6603
6726
6683
6711
6834
6979
6979
7226
7299
7364
7389
6989
7092
7003
6810
6768
6709
6782
6737
6653
6647
6424
6516
6532
6628
6688
6439
6631
6837
6662
6614
6824
6945
6960
6966
6975
6889
7110
7130
7058
6965
6820
6554
6597
6780
6716
6703
6832
6840
6864
7036
7096
7141
7047
6861
6933
7095
7143
7185
7201
7146
7150
7131
7172
7134
7205
7117
7217
7276
7073
6942
6962
6905
6655
6775
6826
6893
6826
7237
7136
7214
7276
7235
7094
7001
7009
7174
7104
7118
7070
7085
7167
7300
7346
7346
7126
7103
7315
7159
6988
6827
6616
6714
6729
6803
6873
6823
6488
6590
6687
6794
6976
7082
7035
6865
6811
6976
6922
6832
6869
6757
6922
7013
6847
6699
6654
6751
6770
6747
6832
6981
6964
6908
6943
7005
6776
6670
6647
6528
6521
6475
6587
6511
6663
6750
6867
6862
6946
7026
6970
6832
6742
6744
6710
6751
6678
6725
6811
7153
7065
6989
7008
7150
6999
6940
6882
6889
6842
6725
6711
6753
6877
6875
7021
7000
7012
7091
7290
7182
7078
7076
6958
7110
7038
7040
7063
6936
6967
6762
6941
6653
6639
6644
6631
6645
6475
6262
6326
6420
6339
6342
6262
6172
6076
5964
6054
6042
5985
5972
5900
5976
5863
5882
5707
5597
5674
5724
5744
5802
5813
5836
5914
5949
6017
5966
5876
5771
5634
5579
5436
5325
5340
5395
5280
5389
5525
5649
5662
5563
5432
5419
5417
5246
5291
5286
5346
5432
5382
5604
5744
5764
5671
5733
5766
5670
5767
5683
5737
5734
5683
5705
5561
5497
5528
5626
5481
5590
5628
5602
5606
5586
5689
5751
5682
5681
5660
5559
5244
5195
5205
5211
5178
5037
5003
4911
4889
4897
4874
4858
5071
5035
5078
4923
4886
4879
5062
5124
5110
5138
5146
5129
5072
5066
4942
5055
5011
4885
4961
4734
4772
4734
4618
4532
4609
4620
4696
4723
4798
4786
4855
4762
4796
4805
4767
4724
4907
4995
5101
5088
5165
5226
5375
5322
5282
5365
5420
5384
5488
5639
5776
5900
6137
6296
6261
5999
6083
6051
6173
6204
6025
6027
5944
5734
5736
5790
5823
5792
5956
6164
6184
6315
6171
6144
6043
6090
6205
6295
6305
6152
6023
6005
6032
6064
5956
5995
6147
6209
6209
6222
6221
6420
6388
6522
6649
6635
6533
6438
6461
6471
6419
6479
6706
6845
6759
6655
6500
6600
6692
6545
6386
6360
6328
6340
6419
6510
6384
6529
6476
6641
6687
6581
6521
6498
6573
6564
6576
6490
6326
6435
6290
6490
6377
6271
6335
6223
6135
6039
5814
5840
5946
5830
5809
5795
5813
5848
5786
5749
5769
5768
5815
5687
5771
5815
6001
6084
6168
6143
5907
6071
5950
6053
6359
6443
6543
6544
6704
6612
6645
6439
6418
6393
6446
6514
6473
6695
6786
7056
6937
6862
6928
6790
6815
6959
7112
7082
6977
6826
6881
6981
6881
6872
6715
6768
6846
6886
6957
6774
6770
6972
6988
6955
7056
6911
7016
7083
7078
7109
7334
7547
7671
7604
7566
7586
7486
7588
7593
7732
7859
7862
7819
7832
7546
7477
7465
7540
7723
7539
7533
7396
7481
7435
7445
7514
7554
7542
7689
7938
8111
8128
8248
8272
8368
8115
7996
8056
7793
7925
8006
7993
7880
7899
7918
8013
8047
8101
7992
8112
8135
8274
8123
8046
8070
8173
8044
8033
8355
8585
8455
8540
8392
8500
8432
8621
8650
8569
8498
8274
7999
8072
7973
8041
7942
7866
7758
7768
7812
7919
7844
7925
7726
7657
7622
7707
7711
7745
7910
7871
7925
7976
7963
8146
8100
7808
7711
7882
7768
7721
7640
7704
7760
7477
7437
7633
7482
7364
7457
7360
7355
