1005000
267612
173423
129044
103034
84873
72171
63191
55050
48961
44437
40697
37393
34301
31675
29498
27449
25611
24168
22994
22015
21029
20245
19327
18483
17383
16583
15720
15167
14794
14260
13652
13006
12577
12427
11898
11513
10824
10669
10498
10104
9692
9861
9617
9578
9280
9073
8895
8566
8456
8229
8153
8012
8066
7814
7698
7535
7417
7306
7252
6886
6810
6841
6753
6567
6373
6251
6168
6103
6060
5923
5877
5786
5771
5525
5299
5269
5258
5362
5258
5108
5219
5037
4921
4901
4679
4684
4678
4697
4691
4757
4722
4758
4698
4475
4422
4323
4315
4140
3990
3855
3998
3942
3974
3982
4012
4060
4256
4142
4104
3973
3828
3856
3769
3706
3587
3442
3259
3188
3220
3143
3126
3152
3276
3218
3212
3165
3334
3450
3373
3294
3318
3308
3353
3226
3183
3142
3060
3019
3060
2947
2982
2981
3010
2998
3019
2992
3157
3085
2984
3036
2951
3032
2988
2951
3051
3295
3303
3256
3206
3181
3226
3189
3093
3096
2967
3091
2992
2984
3050
3042
3056
2958
3033
3026
2965
2920
2923
2942
3022
3065
3087
3004
2881
2772
2686
2670
2667
2845
2841
2918
2886
2788
2759
2820
3020
3114
3088
3113
3121
3251
3329
3365
3355
3345
3305
3427
3444
3291
3348
3315
3254
3422
3305
3318
3327
3330
3257
3284
3435
3520
3543
3541
3567
3433
3342
3354
3332
3222
3158
3057
3040
3038
3083
3097
3007
2792
2689
2579
2555
2490
2457
2503
2539
2554
2602
2648
2635
2628
2586
2583
2562
2550
2647
2513
2593
2569
2541
2523
2472
2477
2561
2554
2582
2666
2676
2704
2766
2759
2866
2768
2658
2740
2641
2670
2540
2481
2388
2375
2477
2391
2406
2428
2322
2275
2229
2185
2207
2230
2131
2020
1969
1950
1825
1833
1843
1809
1839
1825
1842
1888
1848
1872
1865
1867
1750
1740
1665
1563
1575
1611
1590
1612
1603
1592
1666
1638
1641
1566
1518
1513
1539
1513
1476
1471
1488
1452
1435
1381
1323
1284
1251
1329
1338
1419
1464
1407
1375
1269
1335
1380
1413
1386
1338
1324
1355
1335
1374
1416
1413
1356
1383
1434
1432
1470
1575
1620
1618
1596
1587
1575
1611
1554
1527
1581
1575
1509
1491
1530
1620
1585
1553
1482
1515
1440
1455
1461
1483
1590
1584
1630
1643
1597
1644
1677
1680
1693
1678
1629
1718
1617
1596
1542
1608
1548
1561
1542
1592
1732
1692
1659
1545
1561
1578
1563
1522
1539
1585
1572
1603
1434
1494
1496
1548
1475
1395
1389
1410
1279
1229
1251
1242
1212
1143
1110
999
964
909
855
870
891
888
924
993
954
957
969
961
910
906
882
954
957
934
1056
1041
999
915
813
819
798
756
870
867
897
867
834
879
876
909
957
942
1039
1071
1092
1110
1134
1089
1038
1020
1020
951
918
930
948
963
1011
963
972
967
892
933
885
834
792
792
738
798
795
825
918
907
987
973
927
904
888
921
960
915
1005
981
972
972
1027
958
1029
1029
1032
1062
976
984
1002
1020
1086
1101
1128
1092
1138
1140
1200
1155
1132
1155
1149
1071
1098
1071
1047
1074
1066
1086
1101
1149
1246
1299
1331
1431
1428
1347
1281
1344
1362
1419
1371
1375
1323
1338
1197
1137
1088
1059
1104
1194
1191
1194
1257
1200
1179
1230
1200
1158
1236
1260
1300
1323
1418
1481
1410
1433
1362
1418
1462
1464
1476
1578
1591
1531
1629
1539
1579
1512
1437
1462
1332
1344
1419
1320
1249
1207
1233
1203
1284
1308
1305
1338
1255
1263
1209
1305
1339
1284
1257
1323
1296
1206
1324
1303
1395
1372
1350
1362
1374
1326
1441
1386
1422
1450
1543
1545
1560
1500
1459
1494
1530
1620
1615
1584
1614
1581
1516
1425
1440
1383
1456
1503
1552
1623
1653
1842
1825
1798
1809
1702
1668
1738
1758
1728
1738
1690
1720
1725
1711
1677
1744
1812
1810
1908
1920
1964
1975
1900
1812
1743
1746
1707
1710
1770
1764
1776
1794
1789
1903
1932
1771
1812
1792
1878
1887
2024
2023
2030
2029
2109
2108
2214
2151
2145
2072
2083
2120
2182
2242
2160
2158
2246
2143
2248
2310
2214
2293
2466
2478
2584
2592
2619
2707
2780
2771
2692
2860
2929
2838
2884
2870
2969
2968
2886
2973
2960
2897
2730
2832
2882
2824
2842
2912
2803
2746
2689
2622
2635
2732
2781
2721
2694
2686
2671
2622
2564
2671
2760
2793
2830
2811
2961
2914
2883
2914
3012
3073
3063
3062
3192
3176
3221
3246
3210
3232
3185
3112
3171
3181
3226
3302
3303
3301
3289
3217
3187
3194
3202
3221
3232
3257
3260
3275
3423
3613
3544
3475
3438
3508
3642
3832
3866
3932
3867
4089
4093
4169
4202
4131
4296
4338
4427
4433
4498
4465
4397
4301
4411
4524
4489
4436
4346
4338
4285
4207
4201
4226
4202
4244
4396
4383
4554
4424
4615
4619
4663
4654
4659
4651
4603
4768
4761
4736
4637
4663
4620
4647
4608
4647
4695
4640
4752
4746
4705
4617
4510
4640
4652
4641
4682
4725
4711
4721
4912
4847
4836
4801
4811
4773
4887
4847
4921
4808
4995
5223
5340
5355
5361
5341
5489
5413
5565
5419
5520
5552
5505
5542
5702
5670
5704
5809
5738
5733
5667
5532
5580
5466
5292
5410
5347
5247
5330
5325
5316
5184
5118
5327
5324
5577
5575
5668
5667
5573
5683
5628
5589
5610
5478
5501
5440
5378
5309
5271
5478
5512
5563
5563
5396
5318
5487
5437
5214
5021
5081
4952
5148
5062
5100
5124
5251
5062
4828
4877
5021
5025
5040
5087
4937
5075
4899
4992
5000
4946
4934
5125
5046
5108
5031
5067
5019
5109
5404
5142
5236
5207
5195
5320
5147
5177
5249
5239
5376
5083
5062
5068
5048
5034
4917
4998
4856
4856
4936
4814
4899
4894
4929
4907
4735
4794
4834
4849
4861
4965
5094
4964
5031
5068
5140
5036
5023
4996
5043
5038
5023
5048
5132
5118
5130
5151
5291
5356
5255
5308
5296
5284
5230
5172
5246
5223
5271
5228
4997
5078
5118
5214
5085
5136
5279
5152
5068
5016
5150
5151
5201
5053
5079
5059
4902
4900
4973
5084
5032
4940
4829
5033
4994
4852
4826
4920
4789
4852
5026
5304
5211
5192
5094
5133
5028
5067
4975
5023
5150
5249
5222
5039
5016
4968
5008
4864
4935
4802
4893
4873
4919
5049
5314
5296
5288
5212
5324
5472
5531
5533
5464
5480
5526
5737
5696
5488
5466
5478
5601
5556
5660
5604
5656
5586
5471
5417
5548
5696
5814
5770
5734
5744
5834
5604
5531
5511
5469
5532
5475
5441
5427
5456
5419
5423
5678
5680
5796
5774
5786
5928
6015
6047
6055
6081
6125
6143
6150
5872
6063
6157
6131
6133
6141
6094
6348
6173
6286
6377
6422
6596
6587
6420
6593
6562
6393
6254
6295
6356
6417
6277
6275
6116
6008
6005
6014
6046
6121
6342
6476
6617
6630
6542
6564
6302
6201
6321
6407
6275
6311
6333
6331
6262
6452
6462
6350
6502
6587
6500
6427
6342
6290
6381
6277
5922
5822
5698
5539
5654
5573
5497
5419
5486
5479
5533
5643
5594
5551
5480
5520
5419
5493
5461
5381
5436
5513
5627
5814
5844
5779
5697
5681
5653
5752
5483
5353
5311
5415
5306
5240
5233
5127
5338
5220
5251
5193
5077
4948
4883
4956
5015
5009
4985
4974
4915
4952
4951
4910
4937
5010
4803
4862
5034
4909
4806
4834
4805
4920
4802
4763
4664
4711
4600
4619
4383
4449
4621
4610
4489
4439
4562
4528
4787
4866
4825
4694
4859
4945
4957
4864
4870
4972
5086
4972
4998
4924
4874
4963
4987
4931
4798
4895
4776
4712
4773
4659
4681
4681
4616
4716
4802
4831
4863
4792
4735
4763
4734
4819
4922
5002
4814
4614
4423
4356
4410
4394
4294
4354
4317
4362
4399
4454
4501
4457
4485
4455
4626
4545
4520
4488
4547
4609
4589
4587
4598
4591
4472
4452
4341
4376
4332
4299
4345
4490
4666
4561
4601
4744
4770
4910
4862
4809
4827
4993
4966
4854
4745
4815
4818
4912
5144
5197
5092
4921
4888
5014
4986
5115
5076
5162
5196
5163
5121
4980
5082
5226
5286
5297
5311
5190
5314
5308
5412
5513
5557
5286
5134
5142
5335
5173
5023
5281
5380
5607
5639
5698
5564
5431
5397
5512
5543
5534
5498
5536
5788
5851
5827
5904
5916
6029
5977
6083
6086
5993
6006
6034
6045
5925
5922
5747
5911
5916
5812
5934
5834
5858
5885
5722
5770
5781
5861
5839
5934
6023
5950
5979
6095
6208
6221
6118
6116
6076
6034
6024
6279
6349
6123
6105
6186
6145
6299
6353
6213
6236
6159
6125
5919
5921
5887
6097
5995
6046
6145
6164
6073
6203
6124
5876
5810
5747
5779
5757
5806
5740
5760
5917
6022
5822
5943
5763
5653
5560
5635
5752
5661
5467
5507
5523
5543
5637
5684
5589
5445
5560
5355
5575
5742
5738
5744
5503
5506
5436
5469
5447
5268
5183
5262
5378
5431
5418
5376
5382
5432
5457
5366
5384
5620
5672
5564
5866
5894
5679
5762
5659
5836
5858
5894
5992
6033
5885
6003
6091
6216
6196
6216
6214
6413
6424
6370
6351
6325
6278
6256
6524
6845
6916
6761
6648
6598
6717
6857
6781
6788
6752
6631
6634
6697
6638
6671
6698
6856
6849
6718
6710
6622
6548
6652
6792
6815
6904
6818
6843
6609
6739
6649
6719
6535
6328
6500
6337
6283
6127
6163
6156
6057
5904
6028
6047
5993
5937
6048
5940
5947
6012
6057
6036
6019
5900
5934
5834
5978
6141
6134
6186
6220
6210
6417
6525
6600
6609
6539
6593
6520
6683
6860
6642
6660
6663
6726
6661
6282
6289
6200
6247
6201
6117
6020
6312
6375
6326
6518
6615
6557
6494
6521
6568
6481
6702
6620
6449
6409
6405
6435
6307
6235
6198
6093
6089
6043
6029
6106
6396
6370
6355
6304
6208
6166
6157
5883
5896
5694
5723
5627
5597
5485
5575
5604
5489
5459
5449
5467
5465
5502
5323
5212
5120
5123
5051
5051
5051
5242
5320
5274
5315
5262
5234
5419
5466
5590
5926
5963
6024
5990
6116
6275
6348
6366
6247
6331
6393
6279
6333
6289
6339
6465
6518
6365
6259
6113
6121
6233
6089
5933
5861
5776
5678
5593
5521
5504
5503
5569
5556
5676
5785
6040
5807
5979
5995
5979
6053
6027
5978
6065
5941
5978
5996
6045
6003
5991
5982
6005
6092
5965
6120
6296
6230
6273
6278
6233
6033
6013
5930
6038
6048
6085
5963
6031
6104
6125
5956
6065
6134
6005
6102
6201
6097
5985
5914
6099
6099
6042
6223
6074
6056
6022
5968
5974
6122
6039
5989
6123
5992
5907
6067
5865
5953
6023
6030
6016
6116
6110
6052
6199
6193
6250
6202
6349
6315
6253
6324
6098
6085
6306
6244
6376
6420
6414
6455
6455
6553
6516
6245
6279
6340
6213
6324
6204
6148
6155
6022
6097
6016
6013
6163
6171
6374
6315
6312
6365
6402
6401
6409
6229
6110
6068
6202
6140
6189
6089
6352
6301
6381
6290
6255
6345
6430
6474
6577
6620
6568
6812
6867
6748
6947
6889
6953
7070
7186
7250
7127
7168
7210
7260
7502
7659
7622
7342
7376
7234
7176
7291
7053
6963
6821
6752
6804
6951
6971
7035
6953
6974
6994
7086
6929
6788
6741
6827
6697
6911
6846
7071
6992
6844
6892
6893
6637
6457
6559
6283
6150
6008
5849
5937
5730
5656
5685
5760
5924
5704
5687
5499
5514
5596
5501
5500
5525
5764
5670
5756
5710
5664
5613
5564
5700
5795
5835
5737
5716
5562
5793
5689
5657
5709
5691
5690
5969
5895
5928
5860
5955
5890
5865
5737
6053
5932
5780
5867
5928
6046
5886
6009
5943
5918
5854
5682
5575
5503
5699
5530
5598
5522
5435
5714
5748
5676
5513
5679
5601
5664
5725
5606
5637
5703
5727
5595
5792
5787
5766
5839
5966
5921
6068
5904
5835
5966
5932
5905
5802
5708
5677
5780
5835
5879
6100
6137
6189
6382
6281
6063
6088
5884
5895
5823
6033
6205
6196
6321
6709
6532
6385
6539
6450
6188
6286
6304
6289
6226
6127
6092
6053
6065
6134
6062
6039
5939
6136
6251
6380
6175
6129
6143
6324
6387
6315
6409
6405
6508
6594
6556
6534
6622
6569
6390
6383
6511
6297
6318
6363
6654
6615
6711
6648
6791
6944
6718
6695
6487
6272
6239
6255
6382
6307
6157
6117
5988
5860
5704
5879
5897
5962
6010
5736
5930
5969
5872
6060
6102
6123
6138
6156
6140
6286
6347
6383
6298
6335
6157
6226
6162
6291
6272
6156
6212
6326
6400
6114
6158
6343
6299
6207
6260
6168
6236
6341
6398
6134
6065
6187
6056
6069
6023
6057
5975
6065
5885
5867
5906
5917
5756
5512
5667
5433
5555
5756
5811
5781
5906
5791
5872
6076
6017
5893
5933
5965
6049
5906
6097
5961
5833
6055
5942
5864
5827
5748
5809
5795
5662
5899
5966
6048
5960
6055
6029
5798
5678
5817
5732
5679
5706
5751
5851
5730
5789
5682
5647
5576
5627
5617
5713
5706
5887
5871
5751
5843
5883
6052
5863
5855
5670
5734
5836
5867
5757
5863
5714
5623
5717
5690
5648
5705
5875
5886
5781
5814
5808
5701
5907
5896
5843
5802
5792
5769
5776
5811
5960
6022
6069
5973
6068
6241
6113
6134
6086
5978
5923
5871
6035
6048
6046
6002
5965
5934
6023
5934
6083
6049
5950
5993
5842
6022
6222
6195
6278
6095
6238
6122
6325
6404
6646
6553
6533
6424
6504
6473
6462
6451
6570
6529
6552
6528
6678
6759
6743
6662
6469
6507
6678
6780
6818
6783
6775
6478
6597
6318
6393
6366
6339
6248
6173
6206
6264
6210
6147
6158
6117
6107
5948
5949
5868
6032
5938
6033
6230
6172
6323
6244
6147
5933
5660
5499
5718
5623
5668
5821
5812
5854
5864
5871
5851
5797
5710
5772
5730
5605
5549
5449
5564
5689
5741
5613
5675
5752
5657
5689
5804
5834
5886
5929
5858
5901
5721
5631
5626
5585
5731
5625
5683
5637
5490
5508
5462
5380
5542
5401
5461
5316
5249
5295
5515
5562
5530
5528
5603
5617
5424
5437
5517
5663
5612
5595
5677
5548
5720
5856
5851
5927
6099
6056
6152
6139
5987
6014
5937
5821
5866
5938
5936
6001
5868
5789
5690
5741
5580
5507
5583
5387
5429
5634
5601
5482
5520
5512
5595
5523
5428
5548
5766
5738
6025
6273
6265
6276
6167
5979
5882
5916
5908
5881
5671
5691
5569
5580
5591
5518
5479
5460
5399
5541
5522
5652
5712
5527
5704
5735
5689
5564
5462
5444
5378
5363
5249
5401
5387
5402
5418
5465
5589
5641
5821
5644
5505
5410
5420
5423
5395
5489
5589
5526
5432
5502
5387
5438
5407
5400
5238
4967
5008
5039
5046
4960
4715
4785
4823
4841
5048
4993
5047
5105
4839
4787
4800
4762
4721
4652
4655
4488
4596
4441
4399
4200
4132
4282
4503
4389
4272
4203
4246
4144
4152
4213
4312
4379
4440
4495
4456
4529
4706
4792
4942
5034
5027
5078
5274
5235
5264
5197
5355
5505
5363
5284
5126
5157
5355
5352
5435
5534
5612
5694
5845
5675
5652
5642
5642
5538
5559
5568
5588
5655
5905
5891
5873
5863
5852
5951
6173
6134
6142
6117
6133
6344
6483
6499
6417
6120
6155
6092
5948
6099
5990
6056
6060
5911
6024
5779
5652
5813
5752
5874
5785
5699
5785
5560
5568
5409
5514
5558
5503
5538
5578
5658
5525
5592
5591
5632
5658
5594
5658
5514
5360
5389
5255
5258
5091
5143
5008
4982
4930
4971
5101
5231
5277
5106
5188
5261
5332
5479
5584
5491
5637
5665
5552
5535
5643
5529
5536
5570
5665
5637
5638
5761
5735
5719
5874
5974
6087
6050
6067
6198
6184
6293
6277
6262
6214
6463
6444
6550
6520
6529
6581
6742
6692
7009
6928
6927
7057
7046
7215
7293
7233
7182
7294
7078
7202
7330
7317
7262
7054
6844
6862
6860
6857
6810
6766
6847
6807
7018
6889
7039
7144
6920
6733
6886
6855
6988
6984
6910
6874
6929
6980
6947
6911
7021
6957
6978
6927
6687
6757
6603
6612
6612
6650
6647
6612
6723
6651
6675
6654
6513
6328
6445
6627
6743
6825
6957
7002
7033
6963
6886
6961
6956
6966
7004
6985
6784
6718
6673
6893
6887
6821
6704
6568
6516
6546
6526
6442
6434
6462
6327
6211
6308
6229
6072
5828
5787
5762
5696
5394
5426
5309
5337
5389
5492
5558
5624
5629
5918
5931
6077
5906
5967
5990
5938
5980
6056
6101
5952
6088
5995
6012
5864
5776
5752
5732
5765
5873
5723
5718
5963
6013
5945
5765
5728
5894
5936
6072
6293
6319
6445
6515
6560
6453
6426
6404
6294
6398
6470
6644
6591
6693
6515
6491
6556
6704
6741
6616
6436
6416
6281
6106
6133
6119
6057
6047
5986
5878
5924
5708
5665
5714
5672
5527
5520
5386
5364
5279
5322
5336
5336
5488
5598
5607
5618
5709
5673
5812
5968
6110
6019
6102
5970
5871
5973
5959
6213
6298
6304
6198
6204
6334
6399
6443
6580
6456
6523
6534
6491
6529
6656
6779
6761
6878
6971
7110
7090
7093
7130
6884
6998
7121
7016
6980
6725
6778
6818
6842
6910
6881
6959
7027
7114
7033
7176
7038
6898
6795
6471
6522
6631
6685
6573
6809
6855
6641
6741
6786
6778
6690
6671
6741
6735
6700
6780
6896
6931
6969
7068
7182
7255
7151
7317
7228
7130
6919
6861
6716
6731
6756
6829
6877
6940
7022
6788
6795
6983
7000
6983
6947
7169
7097
7145
7145
7092
6979
6777
7047
7188
7082
6890
6941
7065
7138
7144
6980
7096
7128
7089
7178
7049
6768
6796
6886
6666
6710
6620
6612
6620
6719
6786
6982
7118
7061
7107
7238
7199
7406
7456
7563
7381
7205
7045
6910
6871
6874
6763
6719
6514
6386
6624
6638
6727
6702
6632
6709
6919
6911
6716
6851
6755
6700
6589
6773
6913
6910
6898
6925
6989
6950
6818
6718
6493
6445
6354
6188
6135
6199
6321
6198
6192
6160
6163
6149
6265
6439
6337
6342
6460
6398
6224
6387
6367
6418
6607
6483
6531
6397
6216
6393
6350
6257
6199
6039
6077
6186
6206
6364
6215
6309
6212
6367
6447
6315
6350
6549
6574
6338
6144
6189
6113
6009
6012
5929
5845
5946
5987
5782
5848
5755
5599
5489
5522
5425
5547
5675
5516
5303
5370
5292
5287
5276
5372
5453
5382
5396
5290
5224
5275
5359
5298
5232
5077
5091
5167
5407
5414
5395
5433
5337
5240
5247
5215
5249
5231
5178
5049
5086
4856
4932
5065
4922
5016
4969
4969
4842
4832
4655
4720
4767
4904
5203
5105
5165
5379
5458
5443
5458
5431
5535
5560
5482
5361
5240
5304
5253
5454
5441
5378
5349
5425
5494
5452
5542
5475
5452
5468
5508
5426
5305
5385
5583
5594
5479
5333
5339
5311
5478
5435
5550
5545
5341
5392
5420
5487
5480
5163
5103
5012
4900
5001
4996
5082
4972
4933
4914
4758
4726
4724
4804
4709
4654
4809
4781
4826
4885
4927
4955
5081
5080
5046
5229
5201
5161
5054
4961
5100
4998
5038
5125
5270
5320
5303
5309
5083
5009
5090
5002
5022
4930
5037
4964
4835
4785
4949
4862
4792
4829
4784
4944
4986
4841
4849
4761
4816
5009
4988
5047
5157
5218
5222
5402
5446
5521
5578
5562
5665
5529
5532
5383
5220
5069
5339
5487
5556
5511
5605
5500
5392
5554
5579
5544
5552
5561
5645
5686
5725
5889
5849
5704
5825
5761
5684
5789
5966
5928
5915
5960
5917
5853
6020
5879
5707
5782
5949
6038
6095
6063
5991
6079
6177
6231
6235
6362
6231
6330
6289
6336
6384
6500
6584
6563
6617
6614
6481
6544
6508
6338
6424
6305
6451
6313
6446
6338
6339
6156
6116
6042
6007
5883
5936
6031
6000
5917
6076
6070
6182
6065
5935
5858
5841
6007
6048
6118
6157
5901
5808
5790
5768
5595
5669
5619
5704
5793
5879
5920
5953
6061
6062
6151
6165
6204
6441
6302
6386
6579
6478
6450
6448
6477
6271
6558
6737
6614
6637
6719
6518
6383
6555
6451
6325
6154
6121
6135
6148
6092
5989
5961
6057
6207
6252
6214
6241
6278
6405
6327
6151
5943
5894
5825
5761
5662
5448
5404
5498
5587
5563
5520
5744
5769
5870
5801
5724
5845
5944
5848
5757
5678
5541
5452
5534
5538
5554
5566
5599
5623
5642
5679
5712
5774
5775
5755
5864
5931
5991
5967
5903
6019
5623
5533
5447
5411
5470
5325
5238
5252
5244
5387
5373
5277
5200
5132
5153
5395
5309
5138
5233
5255
5107
5193
5234
5131
5058
4975
5182
5165
5159
5195
5130
5117
4912
4884
4878
4760
4799
4899
4869
4738
4714
4634
4592
4547
4495
4404
4462
4464
4517
4538
4488
4465
4459
4337
4431
4418
4477
4502
4419
4507
4571
4470
4349
4418
4506
4600
4551
4550
4491
4625
4536
4484
4580
4601
4495
4457
4569
4457
4479
4470
4511
4400
4414
4429
4704
4677
4737
4920
5150
5092
5046
5170
5033
5105
5178
5066
5166
5324
5342
5492
5561
5496
5606
5531
5808
5809
5919
6050
6049
5970
6066
6039
6219
6332
6350
6265
6201
6310
6221
6256
6198
6196
6171
6176
6276
6122
6095
6190
6073
6106
6271
6145
6121
6206
6093
6157
6289
6255
6165
6188
6164
6107
6070
6028
6066
6055
6010
6138
6071
6044
6115
5974
5874
5825
5743
5743
5712
5823
5733
5778
5874
6114
6051
6100
6161
6198
6206
6140
6194
6192
6122
5837
5841
5828
5812
5760
5694
5543
5537
5593
5696
5625
5529
5528
5444
5256
5472
5525
5508
5582
5518
5521
5570
5564
5647
5493
5549
5628
5744
5791
5859
6089
6180
6073
6185
6247
6355
6245
6293
6327
6392
6380
6369
6314
6362
6267
6182
6268
6301
6168
6412
6287
6349
6184
6151
6012
6208
6382
6478
6517
6492
6681
6568
6635
6691
6675
6704
6730
6791
6875
6723
6665
6514
6403
6341
6341
6391
6474
6602
6889
6906
6848
6831
6782
6745
6628
6663
6657
6703
6659
6679
6523
6447
6371
6351
6116
5875
5888
5645
5741
5665
5614
5669
5695
6045
5857
5728
5737
5629
5687
5675
5838
5841
5878
5993
5963
5991
5876
5946
6014
6262
6364
6298
6258
6065
5953
5929
5986
6094
6121
6026
6001
6104
6185
6293
6196
6210
6189
6222
6096
6012
6177
6103
5966
6151
6070
6022
5972
6031
6218
6191
6112
6404
6356
6253
6370
6552
6354
6318
6437
6292
6310
6255
6379
6434
6502
6374
6382
6366
6310
6229
6146
6125
5845
6010
5916
5939
5714
5732
5516
5573
5550
5432
5450
5446
5500
5726
5786
5671
5642
5751
5920
5880
5918
5854
5920
5948
5988
5942
5997
6050
6460
6709
6709
6632
6607
6494
6405
6347
6449
6435
6429
6397
6591
6536
6626
6660
6770
6718
6772
6785
6861
6971
6859
6753
6661
6666
6407
6386
6368
6408
6241
6393
6380
6446
6537
6434
6424
6436
6282
6407
6528
6389
6412
6296
6474
6384
6301
6391
6223
6190
6157
6097
6069
6157
6039
6112
6317
6396
6451
6300
6434
6470
6525
6416
6472
6487
6306
6317
6197
6046
6016
6137
6000
5992
6043
6197
6171
6094
6203
6184
6237
6032
6158
6057
5885
5724
5658
5601
5701
5473
5449
5528
5361
5391
5423
5623
5553
5635
5438
5450
5331
5163
5231
5285
5261
5398
5316
5196
5157
4970
4868
4830
5034
4971
4856
4821
4823
4706
4723
4735
4780
4843
4880
4900
4924
5045
5058
5090
4963
4862
4698
4761
4720
4863
4845
4769
4774
4843
4772
4801
4904
4933
4928
4992
4939
5150
5139
5045
5082
5036
5034
5118
5229
5266
5306
5388
5356
5387
5475
5467
5381
5306
5425
5440
5629
5584
5741
5816
5691
5696
5820
5713
5807
5597
5595
5603
5573
5526
5748
5696
5767
5810
5721
5775
5766
5711
5754
5676
5750
5781
5869
5946
5915
5725
5738
5733
5730
5871
5895
5697
5467
5567
5521
5626
5614
5614
5626
5483
5588
5556
5576
5774
5849
5719
5829
5863
5874
5827
5875
6045
5989
5981
6026
6161
6180
6270
6292
6320
6389
6470
6584
6529
6401
6348
6181
6319
6324
6479
6447
6566
6596
6363
6248
6315
6342
6244
6186
6269
6324
6392
6372
6325
6393
6460
6448
6472
6391
6496
6508
6417
6458
6462
6380
6335
6449
6535
6355
6465
6588
6494
6377
6286
6415
6357
6263
6224
6352
6371
6213
6100
5986
5898
5968
5819
5752
5834
5834
5955
5834
6068
6163
6211
6231
6202
6220
6323
6198
6293
6275
5944
6107
6072
6008
5987
5993
6065
6063
5991
5902
5852
5714
5819
5717
5677
5643
5665
5671
5698
5940
6012
6111
5971
5923
5910
6004
6017
5938
6013
6094
6081
5996
5965
5877
6002
6041
5980
6064
5977
5929
5827
6079
6018
5988
5835
5939
5999
6064
5952
6105
5952
5862
5859
6023
6096
6063
6024
5905
5880
5762
5742
5692
5678
5713
5714
5826
5891
6118
5867
5860
5981
5903
5784
5911
5954
5976
5930
6157
6034
6177
6226
6119
6188
6239
6204
6081
5957
5967
5910
6014
5882
5949
5995
6028
6166
6230
6215
5934
5982
6016
6184
6187
6064
6167
6263
6130
6332
6569
6402
6492
6586
6528
6584
6654
6774
6953
6938
7043
7091
6963
6809
6676
6783
6675
6549
6662
6656
6662
6754
6601
6419
6309
6269
6193
5985
5958
6065
6082
5990
6113
6119
6157
6302
6309
6478
6442
6494
6550
6597
6481
6444
6289
6032
6178
6165
6168
6375
6281
6170
6214
6105
5930
5800
6028
6062
5904
5980
6059
6171
6190
6300
6247
6070
5976
5916
6030
5942
5686
5613
5531
5480
5562
5712
5704
5725
5631
5683
5711
5782
5708
5667
5532
5421
5438
5488
5448
5401
5482
5524
5432
5496
5624
5514
5438
5352
5383
5373
5271
5321
5309
5389
5403
5458
5473
5515
5443
5544
5652
5566
5581
5688
5698
5735
5641
5577
5608
5677
5687
5881
5826
5765
5959
5892
5851
5833
5924
5929
5884
5916
6006
5925
5854
5867
5886
5895
5729
5707
5621
5747
5578
5707
5902
5791
5744
5671
5753
5601
5569
5602
5663
5669
5740
5763
5762
5876
6040
5929
5841
5831
5874
6007
6047
6057
6070
5949
5998
5966
6017
6088
6104
6181
6179
6099
6048
6162
6163
6207
6261
6108
6154
6141
6078
6196
6583
6713
6554
6511
6616
6533
6597
6597
6606
6532
6626
6585
6613
6701
6619
6761
6942
7009
6932
6832
6658
6515
6626
6783
6796
6792
6757
6739
6930
6881
6794
6762
6669
6720
6571
6543
6523
6258
6207
6219
6124
6040
5993
6253
6396
6303
6266
6276
6388
6333
6504
6709
6902
7157
7037
7099
7109
7035
6950
6891
6771
6727
6910
7000
6917
7043
7111
7115
7281
7295
7212
7069
7138
7309
7330
7455
7387
7612
7527
7579
7472
7416
7613
7578
7299
7281
7237
7030
7028
7039
7011
6872
6907
6874
6912
7076
6924
6834
6622
6570
6532
6547
6569
6289
6163
6274
6403
6611
6616
6706
6693
6665
6557
6631
6536
6362
6568
6482
6528
6561
6550
6614
6721
6640
6485
6611
6580
6532
6587
6512
6627
6539
6656
6547
6602
6665
6734
6748
6736
6667
6578
6687
6714
6627
6647
6647
6821
6887
6880
6888
6820
6806
6717
6704
6680
6783
6979
6837
6772
6904
7035
6853
6979
7050
7165
7130
7180
7197
7015
7301
7207
7050
7192
7272
7362
7368
7355
7447
7238
7161
7155
7261
7108
6975
6824
6785
6916
6872
6976
6896
6776
6965
7042
7043
7011
6807
6671
6670
6722
6787
6731
6848
6797
6721
6784
6776
6794
6488
6183
6288
6242
6142
6209
6157
6187
5995
5894
5859
5782
5767
5978
6206
6150
6120
6127
6314
6346
6339
6411
6271
6283
6471
6457
6348
6429
6385
6408
6338
6393
6249
6332
6234
6288
6497
6138
6206
6104
5971
5924
6054
6021
6180
6160
6167
6075
6110
6095
6126
6152
6124
6182
5986
5884
5868
5796
5865
5928
5831
5663
5682
5790
5791
5764
6017
6067
5957
5869
5960
5847
5835
5693
5778
5521
5561
5665
5626
5485
5448
5339
5423
5500
5330
5553
5536
5519
5447
5341
5455
5418
5531
5546
5577
5430
5615
5592
5636
5820
5713
5741
5857
5748
5808
5970
5983
6157
6210
6121
6108
6106
5987
5998
5965
6040
6023
6065
5793
5724
5914
5908
5958
5992
6078
6227
6340
6317
6376
6375
6405
6467
6571
6513
6528
6560
6312
6412
6415
6507
6590
6686
6749
6629
6821
6898
7088
6916
7012
6908
6892
6836
6787
7004
6949
6805
6642
6641
6625
6610
6685
6693
6531
6295
6492
6492
6643
6643
6575
6478
6369
6469
6744
6751
6612
6500
6595
6582
6386
6312
6311
6294
6328
6096
5894
6026
6066
5898
5788
5878
5839
5944
5896
5831
5878
5958
5815
5869
5984
5957
5940
6008
6074
5975
5836
5667
5782
5668
5649
5829
5930
6163
6040
5959
6037
5941
5734
5756
5692
5727
5877
5804
5769
5862
5995
5896
5821
5803
5697
5868
6109
6068
6125
5934
5767
5852
5954
6062
6066
6245
6076
6012
5899
5874
5857
5852
5831
5846
5864
5870
5898
5953
5984
5876
6029
5958
5985
6190
6261
6191
6227
6263
6305
6291
6303
6332
6543
6674
6785
6759
6768
6833
7084
6973
6833
6655
6666
6699
6703
6601
6633
6700
6528
6499
6406
6440
6296
6367
6482
6315
6190
6108
6021
6056
6360
6272
6359
6261
6437
6431
6413
6537
6546
6634
6704
6547
6586
6760
6683
6721
6616
6551
6322
6303
6464
6486
6326
6235
6048
5915
5863
5863
5764
5806
5712
5542
5515
5319
5212
5176
5241
5302
5293
5324
5353
5365
5336
5110
5127
5065
5115
5162
5226
5079
5199
5187
5202
5180
5112
5011
5061
5017
5056
4993
4999
5128
5097
5230
5130
4985
5051
5103
5106
5264
5168
5277
5335
5423
5419
5575
5634
5587
5337
5138
4969
4903
4988
4981
4805
4914
4993
4747
4752
4902
4790
4607
4561
4441
4547
4387
4436
4384
4416
4515
4593
4686
4810
4718
4662
4566
4649
4652
4759
4807
4927
4979
4971
4946
5003
5027
4960
4809
4830
4646
4494
4592
4831
4894
4886
5087
5040
5079
4895
4840
4702
4808
4769
4691
4534
4558
4743
4920
5034
4964
5071
4944
5014
5017
4855
4896
5027
5156
5204
5123
5235
5229
5130
5276
5399
5247
5308
5216
5257
5324
5337
5316
5210
5089
5057
5138
5100
5032
5176
5342
5692
5709
5630
5523
5689
5597
5804
5683
5594
5595
5416
5491
5421
5449
5289
5391
