1005000
268385
173856
129376
102678
85400
73038
63609
55735
50195
45392
41887
38338
35681
33361
30875
29250
27629
26159
24519
23735
22570
21602
20532
19737
19037
18186
17840
17147
16534
16121
15746
15028
14616
14228
13843
13715
13170
12943
12662
12416
12207
11982
11560
11277
10831
10516
10398
10228
10094
9800
9560
9567
9732
9675
9427
9180
8963
8585
8552
8443
8194
8206
8225
7887
7783
7778
7410
7228
7202
7096
6858
6736
6535
6523
6531
6463
6229
6267
6210
6255
6116
6109
6032
5827
5747
5683
5440
5258
5067
4983
4835
4849
4945
4864
4718
4679
4699
4456
4462
4366
4406
4439
4408
4312
4253
4242
4196
4052
3885
3743
3749
3686
3699
3602
3536
3483
3437
3606
3512
3482
3402
3459
3274
3096
3016
3001
3020
2898
2809
2722
2753
2808
2760
2569
2555
2569
2550
2506
2432
2550
2493
2552
2501
2422
2419
2409
2458
2469
2545
2638
2770
2851
2889
2866
2917
2955
3005
2989
2944
2860
2785
2705
2782
2737
2752
2790
2774
2641
2680
2734
2670
2685
2661
2628
2556
2472
2458
2522
2515
2449
2431
2452
2518
2623
2538
2595
2481
2574
2514
2526
2565
2462
2439
2401
2331
2274
2328
2371
2470
2496
2374
2431
2451
2511
2423
2337
2381
2290
2233
2142
2154
2031
1992
1995
2019
1993
1940
2028
1975
2067
2188
2164
2094
2217
2194
2259
2163
2241
2348
2445
2512
2431
2308
2346
2388
2445
2322
2290
2377
2345
2337
2391
2437
2406
2279
2190
2078
2068
2049
2103
2055
2028
1949
1968
1923
1932
1849
1839
1758
1821
1842
1878
1897
1827
1852
1911
2021
2043
2103
2159
2112
2050
2007
1989
2091
2139
2151
2083
2142
2167
2105
2170
2322
2293
2235
2165
2152
2067
2010
2030
2059
2023
1978
1965
2042
1942
2073
2065
2120
2124
2159
2026
2010
2077
2165
2143
2199
2156
2166
2104
2109
2136
2133
2233
2247
2203
2282
2292
2238
2152
2055
2112
2215
2215
2227
2137
2136
2046
1954
2061
2100
2047
2132
2064
1945
1998
1974
2037
2133
2109
2223
2317
2317
2432
2487
2454
2503
2524
2501
2538
2488
2538
2517
2520
2476
2571
2598
2581
2603
2635
2607
2748
2708
2808
2758
2700
2584
2718
2728
2844
2773
2667
2727
2727
2665
2509
2418
2553
2469
2275
2195
2211
2182
2190
2197
2064
2012
2194
2331
2313
2188
2199
2284
2406
2515
2696
2758
2826
2792
2788
2876
2794
2833
2619
2653
2560
2496
2551
2630
2506
2375
2459
2556
2437
2470
2434
2510
2505
2517
2572
2515
2600
2646
2500
2497
2506
2430
2435
2459
2449
2404
2405
2397
2495
2510
2495
2532
2490
2660
2565
2584
2555
2586
2680
2733
2687
2681
2716
2803
2824
2931
2982
2887
2914
2875
2992
3026
3063
3043
3084
3041
3088
3112
3198
3261
3160
3088
3036
3046
3052
3057
3232
3306
3274
3330
3375
3257
3275
3188
3112
3289
3256
3273
3276
3495
3476
3664
3810
3855
3831
3814
3779
3702
3764
3769
3791
3789
3693
3814
3666
3777
3823
3800
3846
3856
3855
3806
3793
3797
3755
3791
3833
3923
3837
3822
3876
3836
3817
3811
3884
3973
3913
4037
4006
3982
4067
4049
4219
4193
4171
4236
4309
4276
4306
4305
4428
4260
4283
4325
4303
4389
4251
4157
4136
4057
4104
4010
4014
3928
3881
3823
3991
3867
3880
3772
3827
3722
3681
3671
3678
3739
4027
4002
4007
3973
4013
4103
4051
4169
4179
4169
4275
4310
4451
4411
4374
4430
4380
4414
4464
4443
4534
4618
4521
4496
4364
4320
4312
4246
4277
4138
4067
4143
4132
4123
4121
4082
4098
4217
4238
4223
4482
4490
4449
4483
4614
4658
4744
4796
4764
4705
4748
4818
4729
4653
4723
4771
4681
4752
4763
4740
4793
4796
4891
4985
4888
4969
5048
4972
5189
5320
5268
5368
5448
5495
5657
5716
5839
5806
5649
5748
5861
5849
5675
5645
5664
5733
5611
5754
5682
5639
5720
5647
5532
5604
5552
5635
5686
5685
5491
5457
5500
5502
5395
5276
5318
5417
5587
5638
5624
5510
5486
5588
5651
5657
5805
5920
5879
6032
5915
5913
5982
5983
5868
5882
5935
6165
6209
6338
6223
6101
6075
6259
6261
6311
6443
6589
6518
6417
6377
6327
6306
6160
6277
6504
6794
6674
6565
6325
6302
6349
6492
6464
6453
6636
6580
6649
6953
6998
7129
7194
7154
7138
7075
6842
6804
6850
6740
6771
6899
6818
6801
6702
6687
6613
6680
6775
6680
6712
6468
6574
6568
6375
6286
6134
6168
6118
6048
6089
6154
5997
6014
6104
6102
6110
6211
6276
6133
6165
6027
5807
5823
5900
6000
5971
5878
5721
5813
5653
5632
5485
5504
5494
5639
5596
5461
5435
5669
5610
5684
5755
5725
5589
5661
5654
5847
5878
5869
5906
6038
6132
5925
5919
6079
6213
6189
6208
6061
5952
5866
5766
5621
5570
5540
5643
5566
5581
5569
5678
5766
5652
5576
5448
5281
5188
5299
5262
5391
5421
5509
5519
5299
5284
5620
5628
5516
5628
5578
5592
5605
5579
5360
5374
5513
5630
5813
6010
6046
6094
6203
6345
6276
6341
6349
6339
6279
6392
6390
6514
6431
6272
6434
6394
6415
6383
6310
6353
6305
6105
6179
5987
5960
5907
6100
6071
6012
5987
6099
6253
6284
6230
6267
6288
6388
6258
6187
6128
6138
6090
6104
6185
6333
6318
6391
6234
6364
6344
6444
6413
6389
6278
6280
6095
6082
5986
5993
5773
5815
5770
5756
5560
5553
5504
5301
5105
4916
5042
5268
5412
5401
5195
5192
5188
5090
5227
5368
5407
5397
5594
5669
5542
5742
5848
5790
5618
5670
5598
5580
5593
5670
5620
5665
5834
5851
5888
6022
6108
6059
6098
6191
6279
6281
6350
6353
6503
6557
6440
6410
6384
6316
6233
6181
6080
5970
5894
5817
5824
5864
5805
5817
5650
5650
5676
5625
5856
6104
5957
5962
6058
5986
5835
5873
5757
5754
5738
5632
5651
5630
5612
5695
5856
5815
6083
5989
5968
6004
6027
5785
6057
5874
5902
6107
6103
5905
5826
5663
5855
5573
5538
5497
5566
5551
5504
5341
5424
5392
5323
5171
5156
5038
5042
4942
4902
4802
4781
4802
4793
4860
4969
4977
4780
4773
4737
4827
4933
4851
4868
4948
4969
5002
5087
5019
5186
5195
5287
5254
5201
5249
5179
5165
5111
5163
5275
5240
5065
5042
4921
4969
5088
5081
5094
5059
5042
5011
5134
5203
5212
5316
5294
5286
5321
5254
5223
5259
5242
4979
4882
4837
4856
5033
4987
4998
5004
5073
5104
5053
5080
5069
5204
5222
5274
5216
5182
5160
5283
5173
5098
5002
5086
5101
5167
5180
5262
5220
5170
5053
5056
5053
5127
5069
4998
4975
4953
4916
4990
5030
4940
4878
4926
4918
4795
4933
4901
4857
4745
4854
4808
4756
4762
4880
4741
4751
4631
4763
4794
4588
4689
4834
4868
4870
4873
4945
4852
4762
4686
4640
4560
4594
4611
4573
4573
4744
4656
4753
4742
4768
4584
4692
4798
4878
4946
4841
4708
4725
4824
4780
4809
4680
4668
4730
4566
4663
4746
4760
4888
5037
4976
4976
4931
4899
4880
4986
5030
4876
4722
4746
4671
4697
4545
4482
4380
4352
4397
4245
4088
3950
3925
4016
4166
4140
4237
4360
4298
4369
4364
4380
4366
4281
4238
4029
3965
4048
4113
4192
4092
4180
4317
4430
4270
4232
4336
4470
4640
4559
4446
4598
4664
4891
4928
5190
5106
5162
5158
4989
5206
5461
5353
5420
5392
5434
5491
5449
5497
5322
5360
5195
5222
5293
5393
5541
5552
5690
5621
5616
5608
5552
5409
5311
5261
5245
5300
5275
5216
5372
5370
5244
5180
5320
5363
5193
5259
5213
5342
5312
5436
5349
5438
5312
5385
5359
5224
5107
5231
5275
5259
5095
5194
5310
5377
5374
5411
5459
5564
5533
5468
5429
5267
5234
5214
5289
5175
5106
5256
5212
5516
5648
5578
5584
5458
5451
5375
5474
5554
5600
5584
5668
5816
5789
5676
5551
5540
5537
5730
5888
5953
5994
6009
5910
5896
6126
5948
5973
5873
5733
5595
5687
5579
5740
5766
5784
5776
5636
5618
5519
5557
5383
5434
5340
5358
5364
5408
5388
5404
5374
5430
5460
5698
5637
5681
5765
5820
5730
5808
5775
5829
5795
5886
6017
5903
5979
6049
6122
6116
6039
5902
5975
5893
5648
5621
5561
5702
5695
5845
5907
5898
5808
5816
5816
5920
5735
5891
5896
5951
5903
5961
5694
5584
5606
5628
5582
5506
5454
5465
5507
5556
5716
5727
5743
5875
5989
6011
6044
5992
5977
6022
5914
6168
6069
6030
6059
6046
6147
6204
6031
6008
6168
6397
6274
6192
6050
5988
5947
5978
5924
6037
6170
6153
6164
6337
6278
6507
6476
6511
6496
6507
6439
6353
6491
6573
6501
6296
6190
5989
5859
5837
5991
5839
5949
5939
6117
6289
6299
6133
6064
6109
6091
6218
6271
6149
6188
6338
6450
6346
6195
6183
6158
6074
5991
6007
6131
6298
6468
6334
6216
6344
6155
6267
6268
6195
6278
6283
6291
6327
6228
6067
6112
6300
6308
6187
6268
6307
6281
6340
6245
6214
6202
6378
6305
6127
6048
5983
5993
5859
5939
5904
5879
5871
5815
5864
5850
5781
5802
5791
5791
5839
5950
6142
6186
6133
5949
5827
5854
6004
6030
5978
6056
5930
5792
5901
5783
5759
5778
5670
5740
5791
5611
5791
5574
5599
5477
5408
5354
5513
5621
5769
5488
5433
5411
5381
5441
5462
5464
5498
5383
5372
5532
5558
5525
5493
5429
5392
5457
5434
5302
5318
5415
5513
5606
5863
5714
5581
5432
5492
5435
5489
5425
5452
5333
5323
5475
5601
5479
5608
5597
5661
5558
5480
5361
5381
5541
5513
5396
5314
5165
5290
5155
5258
5274
5245
5117
5160
5062
4981
4961
4876
4960
4737
4697
4620
4782
4901
4999
5048
5168
5214
5047
4906
4943
4969
5047
5143
5324
5331
5328
5437
5619
5782
5776
5657
5730
5642
5768
5791
5989
6025
6045
5861
5693
5716
5552
5436
5495
5406
5318
5542
5557
5675
5520
5595
5644
5743
5671
5554
5913
5827
5756
5754
5747
6029
5933
5743
5744
5635
5525
5481
5431
5661
5636
5756
5755
5768
5644
5552
5608
5565
5642
5742
5716
5732
5653
5622
5612
5546
5477
5513
5516
5574
5825
5762
5872
5687
5825
5924
5884
5800
5884
6035
6051
5992
6015
6106
6050
5840
5819
5621
5605
5633
5785
5994
5902
5935
6105
6104
6018
6244
6474
6231
6194
6068
6109
6030
5877
5912
5834
6030
6268
6154
5991
5971
5895
5869
6053
6075
5939
6032
6109
6007
5985
5996
5977
6008
6129
5942
6210
6221
6300
6371
6393
6501
6662
6675
6616
6572
6569
6544
6472
6634
6638
6535
6628
6883
6868
6845
6891
6851
6963
6891
6804
6849
6846
7149
7243
7439
7750
7722
7592
7332
7200
7307
7273
7211
7053
7094
7100
6979
6843
6813
6780
6794
6782
6863
6859
6971
6942
7002
6883
6683
6715
6876
6813
6912
6818
6860
6945
6705
6653
6562
6544
6561
6691
6687
6679
6795
6678
6593
6490
6422
6142
6245
6246
6308
6258
6144
6025
6007
5954
5814
5899
5937
5891
5666
5595
5583
5535
5802
5795
5779
5900
5683
5739
5577
5615
5763
5831
5870
6030
5983
5952
5984
6298
6200
6133
6118
6212
6242
6287
6310
6353
6625
6626
6587
6429
6521
6580
6443
6537
6646
6563
6471
6538
6386
6351
6521
6556
6413
6169
6328
6487
6482
6542
6439
6417
6497
6480
6472
6547
6498
6562
6588
6521
6294
6385
6506
6532
6484
6512
6410
6372
6397
6325
6095
6037
5972
6002
6090
5942
5973
5980
6019
5998
5860
5764
5728
5658
5760
5734
5904
5859
5939
5771
5782
5697
5798
5826
5867
5886
6052
6017
6174
6186
6334
6434
6244
6214
6050
6164
6155
6229
6274
6259
6160
6035
6142
6257
6326
6252
6252
6398
6246
6340
6209
6362
6411
6442
6396
6337
6264
6047
6162
6110
6196
6061
6235
6284
6080
6172
6166
6161
6156
6074
6062
6060
6016
5967
6022
6022
6082
6208
6167
6276
6402
6374
6242
6354
6379
6556
6648
6573
6479
6454
6362
6460
6582
6571
6668
6704
6623
6487
6409
6546
6489
6413
6570
6444
6584
6663
6641
6927
6882
6693
6861
6725
6719
6767
6675
6686
6549
6578
6256
6194
6155
6048
6145
6109
6172
5931
5879
5970
6003
6049
6028
6169
6137
6298
6327
6219
6166
6170
6051
6087
6050
6064
5982
5916
5739
5681
5528
5495
5545
5497
5342
5294
5273
5338
5268
5281
5438
5493
5372
5617
5514
5556
5470
5443
5512
5624
5737
5615
5623
5573
5666
5752
5847
5793
5971
6106
5941
6005
6120
6088
5933
5857
5935
6081
6124
6311
6181
6232
6207
6166
5952
5890
6012
5837
5840
5684
5622
5563
5514
5443
5251
5035
5225
5223
5243
5052
5000
5047
4938
4977
4924
4912
4853
5005
4893
5130
5028
4962
4895
4942
5035
4959
5038
4918
4934
4999
5002
5070
5080
5187
5428
5350
5515
5531
5396
5414
5361
5484
5426
5413
5325
5251
5141
5287
5474
5699
5754
5581
5647
5662
5646
5618
5560
5624
5641
5619
5493
5536
5635
5637
5681
5675
5864
5921
5815
5875
5943
5925
5860
5693
5647
5648
5746
5663
5823
5726
5926
6149
6019
5830
5900
5896
5888
5742
5684
5832
5909
5900
5899
5887
5811
5627
5648
5611
5639
5691
5668
5582
5602
5607
5425
5440
5388
5472
5529
5471
5424
5543
5568
5613
5672
5794
5998
5934
5926
6049
6211
6188
6255
6292
6323
6295
6290
6375
6454
6371
6419
6374
6050
6086
5955
5962
5775
5657
5717
5676
5436
5428
5518
5463
5258
5448
5553
5521
5492
5310
5258
5191
5317
5324
5337
5404
5360
5307
5233
5225
5253
5299
5202
5258
5214
5322
5338
5273
5449
5579
5817
5894
5718
5434
5463
5345
5388
5339
5306
5468
5383
5390
5294
5273
5382
5224
5253
5302
5430
5442
5249
5445
5399
5681
5801
5957
6311
6214
6270
6178
6155
6023
5935
5809
5886
5878
5897
5775
5745
5939
6112
6016
5933
5962
6242
6032
6073
6072
6229
6295
6184
6252
6130
6187
6244
6174
6406
6429
6432
6356
6293
6421
6370
6312
6387
6321
6427
6445
6389
6355
6343
6252
6320
6407
6352
6318
6082
6033
5958
6217
6203
6225
6190
5997
6073
6059
6233
6278
6086
5961
5989
6043
6007
5916
5990
5931
5906
6104
6186
6249
6123
6050
6166
6064
6111
6152
6041
5905
5903
5778
5951
5946
5909
5896
5962
5873
5872
5824
5869
6009
5901
5871
5986
5893
5915
5761
5795
5725
5793
5933
5941
6021
6048
6121
6055
6036
6136
6121
6108
6014
6058
6167
5995
5934
5797
5822
6047
6029
6105
6059
6004
5940
5961
5848
5896
5922
5914
5765
5744
5813
5752
5806
5665
5647
5761
5732
5827
5860
5766
5723
5556
5336
5255
5339
5240
5224
5317
5475
5608
5784
5686
5609
5569
5595
5691
5727
5681
5623
5905
5997
5964
6166
6231
6093
6245
6135
6304
6035
6177
6268
6361
6480
6541
6536
6543
6575
6573
6613
6626
6667
6555
6572
6512
6474
6511
6371
6116
6180
6222
6080
6004
5952
6100
6161
6201
6298
6461
6353
6266
6031
5966
6013
6195
6085
5968
6159
6136
6210
6213
6318
6227
6042
6135
6243
6365
6305
6135
6126
6154
6195
6305
6282
6275
6228
6220
6357
6425
6465
6606
6646
6480
6477
6456
6404
6586
6407
6521
6748
6733
6836
6968
6828
7039
7141
7307
7376
7387
7350
7375
7540
7459
7611
7620
7596
7785
7682
7807
7818
7726
7857
7696
7765
7637
7555
7487
7608
7575
7510
7478
7353
7286
7256
7243
7085
7139
7207
7130
7027
6982
6894
6987
7015
7086
7302
7142
7316
7315
7295
7343
7230
7316
7256
7247
7189
6981
7229
7289
7143
7332
7466
7551
7336
7344
7195
7035
7000
7044
6854
6855
7057
6909
6976
6956
7022
6864
6869
6838
6870
6766
6624
6699
6568
6547
6641
6582
6563
6667
6626
6582
6752
6755
6788
6738
6807
6931
6939
6993
6947
6833
7016
6942
6712
6709
6930
6757
6903
6822
6721
6875
6867
6962
6863
6797
6858
6624
6860
6931
6835
6835
6802
6815
6792
6726
6866
6863
6887
6866
6706
6597
6727
6813
6775
6750
6686
6753
6853
6869
6715
6736
6666
6658
6419
6552
6640
6739
6750
6728
6712
6760
6732
6533
6598
6685
6831
6740
6719
6682
6780
6545
6572
6555
6445
6525
6597
6573
6601
6498
6335
6035
6171
6131
6127
6106
5829
5805
5872
5993
5985
5894
5686
5807
5705
5814
5867
6116
6087
6152
6114
6104
6184
6264
6259
6030
6018
6052
5869
5884
5811
5806
5834
5825
5860
6049
5949
5841
5994
5972
5894
5869
5713
5829
5695
5739
5669
5619
5628
5776
5791
5575
5271
5167
4991
4767
4822
4822
4876
4874
4869
4938
4934
5022
4887
4681
4704
4740
4609
4629
4679
4670
4501
4551
4505
4428
4500
4580
4495
4410
4394
4324
4246
4271
4419
4563
4349
4277
4418
4431
4476
4398
4500
4570
4684
4802
5002
5138
5106
4982
4925
4808
4728
4778
4761
4928
4993
4984
4959
4876
4859
4841
4783
4575
4467
4523
4520
4535
4551
4696
4504
4314
4207
4213
4242
4406
4260
4078
4108
3986
3988
3862
3771
3751
3734
3616
3537
3519
3404
3326
3293
3356
3268
3307
3261
3139
3130
3158
3246
3244
3111
3070
3067
3105
3110
3152
3183
3096
3289
3531
3493
3442
3572
3548
3469
3315
3297
3403
3332
3391
3373
3380
3399
3472
3622
3697
3449
3496
3486
3477
3673
3853
3993
4096
4185
4128
4052
4044
4138
4024
4073
4067
3948
4022
4009
4003
3908
3973
4108
4150
4052
4073
3969
3845
3778
3774
3679
3747
3703
3650
3732
3798
3800
3744
3776
3770
3893
3916
3974
3902
3762
3573
3518
3523
3495
3631
3774
3665
3838
3664
3575
3644
3661
3711
3717
3865
3867
3883
3820
3852
3856
3881
3864
3992
4085
4115
4128
4302
4343
4271
4312
4375
4317
4239
4180
4203
4321
4419
4497
4697
4601
4656
4753
4632
4736
4929
5202
5231
5197
5357
5465
5368
5393
5539
5399
5388
5305
5244
5287
5319
5199
5107
5139
5185
5149
5028
5020
5018
4814
4843
4994
4873
4787
4822
4727
4669
4548
4416
4349
4298
4259
4232
4109
4114
4137
3965
3922
3944
3893
3847
3850
3831
3660
3510
3463
3372
3432
3381
3447
3410
3480
3385
3422
3494
3426
3445
3446
3380
3313
3270
3402
3433
3448
3313
3454
3418
3315
3241
3356
3334
3328
3282
3238
3278
3283
3238
3263
3274
3338
3352
3291
3337
3274
3251
3316
3363
3439
3482
3446
3696
3710
3574
3587
3647
3648
3747
3688
3762
3702
3623
3679
3893
3820
3887
3815
3846
3779
3592
3652
3627
3746
3602
3537
3607
3670
3740
3739
3922
3967
4009
4108
4199
4151
4093
4010
4091
4037
4099
4031
4219
4230
4193
4214
4416
4655
4523
4627
4705
4712
4617
4606
4474
4503
4653
4624
4617
4533
4444
4409
4379
4390
4415
4578
4513
4556
4590
4572
4600
4674
4588
4593
4722
4710
4609
4794
4835
4842
4921
4888
5087
5205
5384
5577
5509
5653
5776
5590
5671
5606
5653
5601
5639
5739
5866
5836
5933
5865
5864
5807
5888
5853
5849
5867
5811
5567
5561
5529
5409
5465
5392
5449
5526
5369
5399
5400
5329
5270
5142
5345
5314
5323
5246
5233
5385
5179
5273
5056
5105
5112
5165
5283
5305
5130
5185
5229
5236
5011
5157
5182
5138
5195
5153
5108
5171
5197
5180
5209
5265
5198
5053
5066
5095
5023
5107
5073
5006
4967
4958
4947
5067
5194
5118
5043
4937
4998
4906
4891
4904
4822
4853
4823
4743
4771
4883
4810
4785
4810
4750
4739
4730
4767
4579
4679
4644
4692
4731
4953
4967
4972
4982
5030
5107
5177
4994
4946
4906
5096
5263
5154
5005
5106
5000
4957
5020
5085
4932
4852
4910
4788
4642
4702
4680
4600
4691
4685
4654
4750
4763
4772
4671
4696
4684
4550
4548
4690
4781
4631
4553
4574
4612
4696
4704
4660
4633
4394
4362
4349
4325
4373
4479
4550
4471
4400
4412
4569
4530
4558
4708
4704
4637
4675
4677
4708
4687
4805
4643
4507
4334
4546
4402
4427
4373
4267
4223
4271
4394
4429
4544
4717
4718
4842
4836
4888
4988
5055
4979
4962
4899
5020
5074
5080
5195
4979
4933
5005
5207
5185
5112
4967
4759
4866
4805
4834
4779
4706
4806
4884
4867
4825
4679
4594
4797
4792
4704
4693
4672
4672
4706
4698
4724
4623
4599
4689
4750
4770
4740
4645
4684
4535
4344
4343
4355
4382
4547
4491
4495
4495
4366
4304
4252
4338
4299
4372
4570
4660
4674
4599
4546
4652
4654
4636
4661
4892
4839
4724
4774
4858
4725
4764
4692
4668
4751
4640
4600
4662
4616
4607
4663
4716
4691
4824
4899
4849
4706
4596
4618
4696
4605
4683
4677
4706
4684
4742
4857
4828
4889
4851
4791
4852
4683
4767
4700
4804
4631
4691
4706
4786
4662
4581
4657
4626
4771
4619
4569
4497
4523
4478
4545
4479
4480
4434
4183
4086
4250
4205
4162
4243
4152
4088
4184
4189
4091
4137
4212
4188
4266
4375
4330
4434
4662
4636
4615
4636
4820
4768
4737
4438
4516
4672
4653
4840
4470
4411
4486
4563
4711
4720
4762
4901
4966
5035
4959
4823
4957
5036
4968
5140
5161
5215
5332
5367
5477
5556
5659
5748
5711
5895
5836
5948
6089
6151
6197
6523
6505
6608
6927
6884
6915
6929
6824
6909
6947
6813
6754
6676
6709
6755
6474
6488
6427
6486
6310
6358
6381
6492
6377
6488
6492
6641
6574
6468
6308
6240
6180
6118
5998
5881
5799
5755
5822
5717
5626
5573
5724
5755
5638
5761
5846
5791
5709
5765
5769
5732
5947
5719
5786
5836
5892
6059
5904
5956
6138
6102
6074
6191
6524
6580
6421
6349
6407
6626
6591
6659
6473
6502
6641
6554
6541
6642
6510
6431
6503
6540
6522
6316
6243
6284
6275
6220
6071
6064
6021
6057
5885
5739
5657
5534
5573
5649
5511
5581
5602
5768
5705
5711
5805
5666
5581
5506
5591
5499
5631
5638
5530
5577
5521
5462
5329
5419
5503
5454
5337
5269
5243
5044
5005
4889
4755
4700
4663
4745
4837
4831
4999
5060
5066
5057
5014
5144
5235
5248
5118
5161
5043
5035
5155
5252
5256
5240
5205
5044
5057
5019
4994
5093
5136
5197
5168
5222
5281
5198
5198
5289
5253
5034
4908
4980
5075
5054
5111
5202
5069
5126
4919
4769
4882
4881
4967
4989
4956
4990
5038
5098
5136
5163
5274
5451
5488
5457
5430
5684
5529
5641
5649
5678
5796
5749
5729
5465
5586
5531
5320
5319
5454
5595
5496
5549
5624
5652
5499
5561
5562
5396
5499
5439
5310
5231
5239
5316
5345
5313
5261
5184
5397
5339
5323
5361
5267
5089
5252
5188
5163
5191
5250
5216
5189
5253
5280
5263
5376
5460
5463
5353
5477
5423
5237
5240
5296
5323
5379
5360
5397
5300
5273
5191
5062
5054
5046
5148
5129
5091
5234
5234
5050
5203
5234
5335
5417
5402
5359
5468
5287
5207
5229
5139
5126
5085
5075
5174
5272
5116
5036
5071
5123
5297
5283
5275
5156
4831
4882
4890
4834
4908
4826
4877
4871
4888
4923
5092
5226
5270
5229
5180
5307
5004
4909
5151
5100
5118
4974
4947
4747
4772
4748
4692
4589
4533
4497
4574
4588
4406
4333
4228
4286
4147
4238
4494
4483
4463
4677
4788
4724
4627
4742
4710
4992
5056
5074
4940
4961
4942
4910
4836
4915
4925
4873
4847
4806
4771
4661
4749
4872
4944
5093
4865
4879
4875
4883
4791
4630
4752
4769
4664
4718
4812
4811
4883
4726
4830
4921
5045
4982
5029
4957
4868
4872
4880
4787
4706
4688
4691
4636
4594
4522
4491
4532
4552
4593
4611
4665
4708
4780
4748
4726
4776
4859
4889
5059
4964
4884
4808
4977
5029
4915
5160
5344
5344
5345
5221
5030
5092
5133
5151
5148
5144
5330
5280
5172
5210
5181
5171
5304
5372
5463
5254
5228
5381
5168
5205
5195
5189
5336
5309
5175
5019
5234
5302
5313
5170
5100
5255
5361
5382
5490
5467
5390
5347
5518
5326
5207
5155
5194
5267
5339
5385
5411
5495
5443
5400
5459
5450
5378
5501
5616
5611
5467
5635
5652
5628
5680
5684
5721
5888
5996
5973
5823
5971
5984
5985
5943
6020
5845
5750
5659
5614
5543
5679
5403
5487
5374
5122
5164
5350
5460
5359
5455
5367
5398
5349
5278
5323
5364
5431
5369
5319
5215
5199
5151
5238
5006
4947
5008
5052
4969
5079
5175
5325
5437
5426
5396
5505
5729
5787
6001
6109
5925
5808
5626
5691
5687
5970
5762
5754
5812
5763
5797
5592
5462
5344
5265
5354
5282
5318
5372
5404
5527
5760
5846
5720
5788
5829
5987
6131
6445
6637
6509
6515
6662
6605
6738
6926
6993
7006
6899
6867
6805
7010
6708
6819
6941
6809
6772
6797
6921
6781
6852
6801
6865
6774
6946
6809
6719
6558
6466
6557
6596
6413
6405
6364
6489
6517
6659
6672
6565
6524
6521
6775
6723
6668
6536
6586
6585
6640
6622
6616
6589
6583
6736
6734
6453
6624
6774
6699
6826
6869
6652
6581
6659
6528
6706
6716
6618
6929
6915
6760
6741
6833
6785
6804
6893
7081
6798
6956
6681
6478
6144
6128
6120
6090
6142
5977
5858
5955
6060
6035
6027
5935
5931
6063
5824
5901
5837
5966
5885
5900
5951
6086
6160
6151
6206
6353
6317
6192
6232
6290
6225
6088
6096
6187
6278
6249
6167
6290
6166
6295
6219
6161
6051
6132
6224
6189
6087
6130
5798
5917
5762
6033
5976
6075
5900
5768
5725
5590
5379
5367
5339
5333
5272
5339
5321
5344
5203
5349
5460
5619
5789
5679
5660
5597
5410
5503
5356
5352
5364
5296
5492
5400
5365
5276
5294
5371
5316
5317
5234
5214
5192
5299
5349
5414
5533
5651
5758
5803
5779
5738
5613
5504
5589
5779
5569
5534
5548
5672
5747
5718
5752
5757
5730
5777
5693
5862
5995
6072
6076
6096
6081
5998
6022
5704
5773
5734
5859
5939
5660
5501
5408
5448
5319
5359
5357
5730
5856
5652
5473
5480
5433
5366
5364
5271
5094
5164
5062
4831
4818
4871
4898
4942
5080
5138
4990
5103
5103
4999
4981
4793
4902
4982
5147
5091
5159
5206
5321
5319
5349
5247
5159
5325
5255
5239
5107
5231
5405
5522
5459
5482
5524
5508
5472
5469
5372
5341
5473
5531
5486
5491
5505
5437
5540
5629
5645
5654
5669
5658
5669
5783
5798
5767
5730
5898
5906
5935
5900
5909
5836
5678
5720
5528
5404
5532
5568
5507
5508
5527
5632
5792
5777
5806
5737
5609
5365
5351
5335
5288
5203
5181
5142
5164
5047
5145
5149
5003
4985
5104
5244
5216
5287
5172
5058
4851
5108
5056
4901
4855
4673
4602
4618
4554
4439
4524
4595
4626
4671
4633
4566
4580
4546
4407
4262
4502
4322
4351
4280
4293
4258
4267
4309
4282
4309
4298
4304
4308
4433
4511
4437
4515
4582
4519
4676
4759
4890
4787
4900
5004
5035
5169
5295
5327
5292
5339
5301
5330
5356
5332
5415
5231
5361
5363
5387
5379
5358
5383
5357
5481
5406
5405
5256
5291
5198
5147
4928
4896
4923
4931
4804
4749
4657
4890
5040
4918
5007
5146
5006
5110
5036
4889
4846
4853
4799
4870
4865
4901
4855
5055
5063
4943
4835
4906
4865
4717
4827
4843
4822
4735
4853
4905
4844
4752
4738
4860
4726
4756
4693
4730
4951
5012
4996
5102
4998
4928
5035
5136
5085
5063
5023
5158
5039
5072
5032
5041
5193
5071
5105
5172
5146
5163
5381
5426
5366
5365
5487
5437
5574
5665
5604
5469
5461
5526
5590
5720
5567
5496
5472
5348
5377
5362
5558
5684
5782
5598
5554
5593
5468
5457
5472
5455
5362
5443
5524
5546
5560
5568
5392
5333
5280
5111
5059
4994
4957
4991
4981
4940
4859
4997
5018
4921
4905
4856
4771
4890
4918
4766
4722
4628
4672
4712
4686
4601
4520
4642
4719
4983
4869
5072
5011
5009
4975
5010
5092
4912
4896
4863
5015
5010
5079
4961
5068
4986
5059
5055
5033
4875
4762
4669
4691
4780
4780
4682
4773
4973
4875
4950
4951
4919
4795
4796
4853
4783
4807
4576
4663
4721
4730
4781
4746
4913
4911
4766
4839
4781
4682
4422
4310
4257
4347
4389
4389
4474
4396
4430
4547
4502
4491
4494
4508
4518
4444
4510
4545
4397
4447
4459
4464
4489
4550
4520
4430
4457
4459
4500
4543
4482
4567
4829
4774
4777
4821
4780
4906
4630
4574
4493
4470
4210
4322
4176
4145
4173
4134
4229
4106
3967
4051
4193
4071
3839
3826
3908
3799
3882
3971
4092
4100
4122
4116
4154
4122
4027
3807
3591
3611
3452
3265
3345
3307
3305
3371
3294
3357
3440
3379
3455
3462
3460
3527
3637
3541
3522
3547
3503
3571
3626
3549
3588
3701
3603
3655
3702
3709
3793
3738
3678
3813
3735
3761
3769
3662
3687
3818
3764
3809
3726
3670
3713
3681
3776
3547
3544
3485
3609
3730
3870
3918
3961
3881
3858
4027
3978
4057
4095
4122
4143
4101
4043
3989
3918
3905
3945
3952
3949
3916
3842
3799
3762
3729
3700
3639
3610
3682
3744
3623
3637
3540
3543
3585
3391
3404
3482
3646
3524
3689
3700
3741
3678
3737
3896
3816
3805
3662
3738
3722
3871
3855
3908
3851
3802
3677
3750
3851
3908
3909
4067
3882
3944
3982
4102
4059
4149
4112
4269
4463
4517
4616
4797
4798
4773
4703
4871
4894
4779
5012
5089
5105
4972
5110
5169
5188
5044
4984
4874
4828
4739
4639
4612
4886
4860
4856
4919
4991
5081
5216
5165
5139
5038
4998
5095
5105
5342
5368
5398
5400
5548
5610
5740
5701
5683
5795
5955
5829
5677
5852
5989
6050
5984
6047
6033
6036
5904
5953
5848
6005
5753
5703
5524
5499
5475
5693
5625
5684
5686
5595
5425
5472
5551
5791
5804
5738
5714
5761
5853
5840
5855
5694
5618
5603
5594
5627
5671
5773
5928
6047
6080
6159
6361
6508
6512
6541
6677
6608
6527
6577
6439
6261
6280
6331
6296
6135
6124
6137
6159
5953
6027
5998
6036
6029
5939
5838
6056
5742
5704
5766
5611
5651
5808
5943
5975
6010
5820
5702
5502
5510
5604
5549
5503
5497
5477
5408
5290
5441
5493
5258
5197
5230
5344
5262
5182
5334
5376
5435
5572
5573
5801
5635
5783
6004
5958
5958
6154
