1005000
267209
174361
128545
102771
86057
73063
63330
56627
50770
45660
41357
37902
34813
32344
30527
28699
26581
24554
22787
21534
20609
19536
18539
17775
16872
16047
15287
14777
14145
13634
13118
12869
12464
12098
11652
11231
10787
10412
9937
9578
9231
8920
8793
8812
8337
8019
7851
7847
7606
7549
7349
7144
6879
6855
6887
6682
6617
6678
6674
6472
6135
5862
5556
5446
5557
5582
5425
5497
5367
5441
5300
5137
5083
5086
4914
4860
4851
4682
4700
4668
4513
4455
4396
4375
4342
4308
4143
4003
3977
3973
3848
3859
4075
4112
3958
3822
3810
3789
3691
3746
3686
3659
3510
3369
3172
3004
2864
2784
2774
2904
2848
2863
2894
2812
2755
2716
2689
2673
2729
2687
2694
2706
2692
2636
2605
2695
2688
2650
2630
2518
2490
2470
2478
2446
2523
2566
2570
2555
2563
2461
2481
2468
2431
2458
2373
2371
2371
2434
2518
2524
2527
2544
2593
2629
2556
2550
2590
2617
2604
2605
2568
2418
2390
2382
2297
2291
2331
2264
2328
2222
2319
2303
2253
2292
2232
2202
2211
2049
2139
2085
2089
2020
2022
1915
1842
1795
1829
1933
1933
1992
1974
1933
1970
2037
1978
1902
1899
1863
1867
1893
1957
1852
1849
1818
1801
1776
1815
1846
1779
1850
1896
1976
1928
1902
1911
1903
1950
1957
1872
1944
1939
1908
1942
1870
1799
1746
1824
1849
1809
1813
1722
1743
1739
1764
1687
1599
1512
1564
1722
1623
1587
1495
1458
1505
1513
1507
1524
1378
1296
1242
1299
1317
1269
1209
1189
1215
1212
1260
1341
1236
1212
1250
1248
1344
1371
1266
1251
1270
1165
1305
1350
1491
1464
1482
1467
1374
1396
1318
1323
1312
1329
1272
1305
1294
1248
1323
1329
1317
1228
1122
1191
1203
1152
1116
1152
1167
1146
1056
1071
1089
1074
1134
1134
1191
1242
1279
1242
1266
1192
1207
1242
1287
1305
1333
1405
1401
1486
1429
1452
1536
1572
1509
1524
1506
1515
1572
1650
1611
1642
1590
1650
1629
1705
1809
1749
1845
1813
1905
1795
1656
1701
1662
1681
1647
1723
1764
1830
1869
1933
1825
1789
1767
1797
1776
1791
1701
1644
1617
1698
1698
1629
1602
1635
1636
1566
1581
1605
1650
1671
1655
1602
1648
1683
1685
1566
1569
1596
1638
1521
1563
1621
1599
1575
1600
1608
1611
1573
1656
1736
1659
1740
1752
1761
1588
1498
1437
1402
1461
1521
1536
1554
1614
1584
1586
1620
1605
1636
1791
1734
1764
1749
1803
1852
1851
1788
1730
1710
1752
1707
1722
1671
1719
1696
1587
1626
1738
1764
1836
1845
1855
1915
1926
1909
1911
1921
1936
1887
1860
1861
1939
1941
1922
1920
1945
2006
2017
2066
2071
2190
2194
2112
2136
2142
2140
2097
2162
2175
2053
2125
2160
2101
2153
2110
2079
2109
2044
2169
2268
2209
2201
2043
2072
2100
2239
2196
2116
1986
1963
1944
2006
2026
2154
2188
2184
2235
2133
2085
2067
2256
2220
2233
2302
2323
2256
2293
2216
2263
2295
2238
2217
2271
2226
2396
2413
2442
2460
2475
2434
2476
2332
2302
2323
2454
2535
2530
2484
2392
2394
2455
2391
2331
2406
2374
2474
2492
2452
2400
2289
2232
2214
2181
2217
2295
2344
2319
2306
2284
2371
2480
2549
2671
2651
2670
2700
2632
2613
2668
2790
2828
2843
2925
2886
2890
2859
2986
3040
2851
2877
2875
2928
2973
3027
3096
2922
2920
3044
3173
3287
3309
3267
3299
3255
3226
3145
3232
3184
3166
3230
3337
3445
3355
3498
3568
3523
3429
3337
3253
3293
3375
3506
3489
3408
3318
3392
3473
3601
3761
3796
3814
3851
3752
3787
3764
3719
3573
3656
3767
3785
3854
3804
3679
3755
3825
3993
4236
4276
4321
4312
4258
4129
4301
4295
4218
4330
4217
4135
4199
4168
4126
4132
4109
3965
3901
3841
3860
3948
3960
4092
4014
4034
4119
4088
3966
3928
3936
4061
4208
4273
4241
4164
4188
4187
4187
4236
4392
4385
4451
4361
4364
4449
4408
4584
4601
4653
4700
4743
4925
4885
4851
4727
4740
4548
4612
4704
4702
4665
4648
4553
4514
4439
4500
4554
4726
4834
4970
4959
4782
4589
4612
4774
4734
4636
4648
4677
4607
4784
4701
4628
4616
4541
4636
4749
4678
4667
4673
4502
4336
4319
4445
4326
4233
4319
4451
4517
4537
4711
4606
4714
4762
4897
4790
4884
4854
4850
4780
4778
4684
4604
4646
4722
4808
4878
4768
4794
5033
4894
4828
4767
4814
4830
4785
4844
4991
5075
5157
5206
5238
5265
5212
5152
5152
5110
5067
5002
4910
4947
4951
4974
5013
4991
5063
5196
5161
5162
5355
5355
5548
5553
5425
5491
5380
5264
5167
5219
5071
5083
5191
5191
5238
5254
5141
5034
5032
5079
5048
5118
4989
5010
5068
4992
4901
4769
4792
4963
4967
4909
4894
5024
5061
5024
5100
5090
5287
5340
5335
5446
5553
5535
5611
5730
5641
5724
5765
5719
5554
5556
5632
5732
5907
5940
5925
5867
5845
5813
5700
5728
5579
5708
5574
5547
5389
5387
5387
5270
5026
5107
5163
5081
5289
5192
4966
4977
4837
4868
4780
4744
4779
4731
4949
5088
5234
5138
5098
5148
5083
5072
5162
5181
5088
5053
5083
5002
5025
5153
5129
5110
5150
5057
5090
4994
4923
4948
4954
5016
4836
4796
4632
4729
4791
4690
4659
4650
4433
4493
4617
4653
4705
4589
4490
4653
4650
4838
4635
4641
4573
4367
4419
4481
4628
4702
4693
4545
4397
4257
4191
4189
4283
4352
4309
4207
4268
4182
4184
4123
4309
4262
4252
4325
4329
4332
4308
4199
4178
4344
4431
4415
4421
4547
4526
4530
4429
4367
4333
4238
4229
4383
4329
4326
4428
4230
4215
4217
4078
4053
3971
4101
4087
4220
3987
4245
4312
4267
4243
4080
3959
4043
3958
3988
4008
4019
4055
4084
4209
4056
4011
4088
4001
4097
4217
4162
4198
4269
4129
4038
3914
4084
4146
4299
4312
4299
4274
4184
4187
4213
4114
4057
4237
4148
4158
4111
4135
4231
4428
4436
4343
4256
4346
4461
4483
4444
4467
4397
4417
4418
4297
4262
4204
4149
4154
4124
4259
4277
4339
4305
4333
4290
4278
4401
4352
4543
4537
4519
4534
4690
4554
4536
4584
4518
4457
4574
4565
4454
4367
4524
4366
4436
4429
4405
4375
4432
4463
4499
4572
4695
4588
4641
4543
4547
4708
4848
4613
4782
4919
4875
4879
5002
5036
5087
4955
4978
4866
4866
4629
4749
4773
4688
4673
4772
4752
4881
5081
5012
5094
5138
5220
5102
4863
4888
4860
4837
4802
4733
4880
4859
4724
4699
4768
4703
4727
4797
4891
4908
5105
5220
5201
5068
4780
4648
4605
4590
4545
4496
4480
4257
4282
4485
4425
4429
4430
4544
4561
4481
4420
4394
4120
4134
4144
4202
4217
4194
4206
4227
4256
4292
4381
4591
4556
4593
4602
4685
4737
4805
4892
4894
5048
4893
4876
4807
4846
4777
4679
4577
4524
4580
4753
4982
4900
4833
4821
4745
4818
4864
4949
4949
4912
5027
5133
5091
5150
5135
5150
5071
5159
5159
5345
5151
4973
5153
5232
5144
5195
5163
5232
5316
5595
5747
5827
5904
6016
6137
6119
6061
6140
6170
6127
6367
6195
6159
6197
6104
6143
6041
6297
6128
6485
6376
6562
6517
6561
6518
6610
6587
6681
6718
6658
6610
6460
6523
6479
6417
6318
6244
6229
6187
6267
6331
6173
6111
6124
6269
6054
5960
5672
5840
5889
5999
5987
5998
5926
5881
6019
6204
6315
6451
6261
6396
6450
6484
6517
6383
6363
6475
6399
6248
6193
6194
6208
6382
6262
6334
6175
6310
6308
6182
6193
6205
6256
6189
6203
6079
6015
6155
6159
6167
6107
6170
6271
6138
6223
6175
6488
6466
6581
6858
6713
6543
6489
6482
6294
6277
6276
6455
6240
6319
6400
6386
6332
6245
6226
6288
6251
5977
5951
5971
5884
6004
5909
5830
5903
5871
5901
5869
5839
5710
5830
5879
6037
5709
5715
5780
5928
5897
5754
5665
5702
5690
5578
5774
5935
5843
6080
6004
5841
5918
6012
6045
6168
6124
6027
5988
6021
6063
6165
6196
6112
6218
6075
5868
5824
5965
5993
6171
6149
5956
5924
6129
6203
5977
6062
6310
6410
6194
6286
6277
6068
6072
6054
6119
6131
6106
6117
6230
6357
6400
6489
6445
6498
6633
6769
6876
6956
6846
6902
6737
6837
6807
6703
6581
6625
6827
6731
6582
6441
6544
6544
6558
6481
6452
6575
6672
6637
6591
6414
6393
6658
6602
6610
6791
6734
6734
6779
6787
6815
6932
6814
6858
7079
7147
7028
6907
6816
6647
6670
6714
6715
6794
6806
6858
6703
6713
6922
6984
6841
6910
6984
6870
6961
7066
6855
6701
6638
6620
6717
6540
6367
6326
6263
6385
6295
6444
6280
6302
6408
6358
6181
5827
5853
5914
5863
6028
5995
5895
5908
6000
5898
5779
5680
5563
5682
5690
5659
5745
5792
5770
5680
5578
5576
5573
5499
5359
5353
5388
5399
5350
5388
5185
5259
5371
5348
5218
5125
5423
5422
5313
5463
5393
5329
5315
5160
5260
5149
5308
5388
5467
5429
5403
5514
5634
5386
5201
5384
5335
5385
5482
5403
5456
5555
5418
5469
5513
5313
5246
5339
5509
5444
5355
5461
5559
5496
5320
5273
5418
5445
5213
5410
5360
5264
5289
5255
5441
5558
5641
5637
5590
5708
5542
5559
5520
5685
5803
6014
5875
6023
6134
6035
6036
6040
6093
6077
6184
6283
6269
6090
6129
6098
6051
5947
5984
6122
6224
6182
6184
5835
5729
5736
5766
5704
5734
5712
5721
5908
5837
5959
5856
5940
6130
6147
6244
6214
6107
5947
6109
6153
6091
6030
5988
5903
5945
5943
5924
5872
5947
5784
5931
6115
6190
6125
6139
6219
6103
6046
5996
5907
5865
5878
6016
5979
5727
5670
5555
5777
5687
5623
5762
5781
5871
6017
6098
5966
6071
5987
6147
6151
6121
6187
6370
6519
6666
6494
6357
6578
6554
6526
6249
6236
6096
6209
6315
6289
6340
6427
6632
6741
6616
6666
6556
6395
6485
6333
6331
6166
6012
6031
6101
6175
6054
5910
5893
5935
5973
5877
6017
6217
6174
6247
6141
6152
6336
6334
6366
6297
6399
6479
6526
6678
6623
6296
6265
6284
6289
6149
5995
5978
6012
5934
5950
5945
6000
6170
6011
6018
5837
5905
5664
5631
5573
5663
5551
5440
5453
5404
5357
5325
5399
5426
5484
5590
5704
5770
5850
5941
5967
5763
5820
5773
5818
5807
5783
5772
5805
5674
5723
5858
5806
5793
5667
5832
5598
5696
5721
5580
5663
5650
5682
5630
5710
5768
5740
5628
5414
5347
5314
5428
5534
5361
5541
5679
5585
5493
5656
5704
5775
5721
5493
5429
5485
5361
5362
5453
5510
5641
5416
5280
5269
5379
5436
5518
5514
5442
5448
5529
5385
5456
5380
5546
5587
5635
5829
5764
5922
6040
6061
5978
6077
6270
6132
6215
6184
6154
6051
5976
6137
6113
6102
6240
6437
6276
6213
6063
5941
5971
5950
5867
5765
5801
5819
5926
5979
5993
5997
6034
6190
6187
6164
6311
6323
6176
6287
6310
6299
6366
6373
6287
6297
6143
5993
5992
5990
6012
6048
5996
5873
5754
5699
5840
5867
5926
5836
5636
5712
5765
5817
5905
6029
6087
6078
6092
6167
6128
6084
6218
6293
6270
6310
6523
6690
6763
6911
6835
6906
6874
7025
7040
7044
7111
7124
7126
7080
6950
7009
7045
7054
6908
6887
6801
6784
6802
6717
6638
6513
6700
6809
6864
6747
6820
6959
6744
6641
6555
6665
6630
6774
6830
6646
6678
6711
6652
6835
6983
7080
7166
7186
7147
7127
7367
7385
7279
7270
7392
7410
7354
7267
7035
6821
6705
6901
6767
6737
6619
6619
6721
6587
6380
6397
6377
6434
6407
6247
6175
6257
6289
6444
6371
6167
6318
6313
6267
6456
6484
6434
6311
6394
6512
6604
6614
6440
6487
6410
6394
6215
6202
6205
6198
6042
6237
6243
6186
6179
6205
6289
6457
6445
6421
6053
6009
5986
5950
6040
5847
5906
5809
5610
5763
5821
6017
5989
5832
5797
5970
6008
6276
6354
6437
6783
6947
6897
6743
6680
6392
6185
6139
5989
6140
6201
5870
5753
5805
5999
5880
6011
5854
5691
5925
5777
5745
5646
5739
5667
5713
5644
5603
5551
5509
5539
5594
5716
5679
5672
5642
5566
5466
5505
5447
5387
5314
5256
5381
5208
5071
5127
4979
5112
4985
5032
5129
5028
5103
5038
5084
5007
4946
5041
5064
5083
5056
4999
4954
4872
4853
4808
4924
4921
4995
5021
5131
5105
5244
5194
5275
5100
5044
5023
4901
5052
5045
5076
4997
4843
4943
5111
5050
5064
4902
4861
4730
4751
4897
5133
5236
5254
5366
5227
5352
5342
5411
5630
5495
5489
5354
5547
5590
5632
5731
5622
5571
5622
5532
5742
5791
5623
5583
5615
5574
5609
5502
5500
5347
5374
5418
5497
5641
5680
5788
5754
5519
5510
5577
5641
5492
5673
5615
5678
5754
5801
5829
5938
6138
6346
6499
6561
6465
6329
6615
6484
6449
6205
6262
6317
6388
6485
6400
6335
6274
6341
6515
6456
6378
6510
6558
6474
6661
6516
6457
6379
6315
6118
5942
6021
5847
5852
5749
5681
5690
5893
5800
5738
5781
5729
5736
5765
5719
5505
5587
5592
5686
5735
5837
5769
5662
5500
5443
5289
5293
5481
5535
5550
5394
5248
5287
5215
5403
5532
5507
5787
5732
5723
5709
5643
5881
5869
5862
5813
5922
5798
5927
5839
5879
5995
5841
5670
5787
5549
5578
5662
5674
5900
5952
6107
6314
6257
6348
6175
6044
5956
6043
5928
5932
6050
6065
6193
6173
6145
6305
6284
6335
6200
6136
6258
6502
6460
6212
6114
6282
6112
5974
6164
6212
6421
6476
6597
6585
6577
6621
6567
6731
6975
7049
7109
7099
6890
6918
7110
6963
6851
6910
6740
6865
6839
6888
6855
6703
6754
6767
6807
6655
6640
6686
6627
6502
6679
6929
7176
6963
6878
7103
7163
7038
6952
7131
7242
7275
7268
7040
7064
6971
7226
6949
7198
7220
7097
7292
6988
6936
7091
7026
7145
7082
7025
7071
7109
7037
7070
6955
7025
7017
7114
7207
7274
7575
7417
7491
7356
7228
7163
7207
7282
7291
7177
7205
7127
7164
7261
7291
6938
6764
6797
6686
6690
6576
6576
6546
6550
6528
6423
6387
6297
6443
6422
6453
6369
6199
6062
5912
5922
5967
5922
6064
6111
6345
6271
6075
6089
5975
5968
5873
5695
5738
5675
5827
5971
5867
5872
5897
5900
5802
5755
5915
6027
5979
6128
6443
6444
6388
6330
6476
6438
6452
6466
6521
6502
6547
6429
6273
6200
6185
6000
5982
6044
6215
6103
6043
6175
6153
6285
6186
6202
6037
5999
5981
5952
6037
6095
5979
5843
5946
5874
5689
5705
5667
5552
5402
5433
5502
5527
5478
5514
5622
5591
5571
5481
5672
5613
5627
5643
5656
5596
5595
5529
5583
5727
5636
5559
5345
5491
5632
5603
5611
5619
5554
5548
5569
5641
5514
5687
5649
5643
5787
5742
5795
5845
5822
5762
5672
5472
5506
5434
5325
5294
5285
5059
5046
5134
5155
5210
5118
5126
5129
5108
4908
4929
4861
4844
4682
4629
4605
4811
4994
5072
5158
5111
5236
5169
5177
5240
5292
5259
5349
5340
5475
5546
5573
5459
5352
5436
5453
5500
5401
5393
5316
5276
5146
5083
5056
5130
5002
5075
5093
4935
4908
4698
4679
4681
4524
4614
4642
4673
4558
4662
4782
4712
4776
4871
4918
4838
4912
4716
4565
4620
4746
4739
4606
4455
4536
4659
4760
4594
4501
4450
4268
4340
4208
4292
4233
4312
4187
4223
4305
4355
4406
4513
4423
4486
4425
4452
4538
4743
4799
4731
4812
4762
4918
4772
4716
4742
4777
4885
4868
4650
4634
4633
4550
4484
4443
4523
4578
4560
4635
4634
4649
4901
4835
4607
4615
4502
4466
4518
4678
4665
4700
4599
4620
4601
4479
4531
4618
4673
4756
4583
4608
4599
4583
4526
4717
4828
4739
4796
5006
5080
5230
5231
5316
5189
5234
5258
5213
5319
5509
5584
5853
6061
6201
6319
6377
6422
6201
6080
6023
5916
6141
5977
6208
6219
6297
6327
6330
6232
6327
6359
6482
6577
6794
6811
6922
6881
7001
6997
7344
7238
7401
7505
7578
7454
7469
7512
7464
7346
7597
7798
7517
7322
7250
7052
7092
6963
6998
7113
7106
7016
7019
6873
6899
7000
7021
7195
7266
7283
6972
6937
6886
6782
6712
6562
6503
6614
6659
6700
6662
6823
6779
6805
6875
6867
6696
6711
6707
6730
6576
6578
6479
6287
6456
6701
6577
6687
6793
6830
6627
6779
6684
6680
6860
6983
6935
6623
6559
6484
6324
6327
6314
6358
6364
6353
6447
6549
6718
6581
6463
6590
6472
6477
6342
6483
6484
6465
6421
6463
6469
6248
6242
6313
6354
6243
6302
6320
6368
6325
6093
6171
6198
6176
6042
6118
6105
6080
6017
6000
5827
5893
5960
6119
6161
6196
6099
6179
6273
6154
6027
5980
5884
5817
5920
5722
5637
5612
5530
5548
5596
5588
5600
5687
5539
5662
5496
5456
5479
5542
5403
5467
5521
5468
5394
5271
5191
5290
5183
4996
5049
5079
5006
5034
4742
4784
4666
4809
4780
4684
4739
4722
4720
4768
4648
4672
4685
4802
4957
4986
5000
4986
5062
5117
5355
5215
5209
5329
5323
5137
5057
5006
5201
5138
5061
5137
5329
5297
5258
5109
5075
5128
5043
4949
4820
4891
4930
4758
4976
5044
5011
5035
5214
5009
4828
4655
4644
4549
4516
4428
4387
4514
4647
4586
4532
4462
4539
4534
4567
4547
4532
4414
4340
4344
4323
4348
4166
4349
4257
4274
4270
4315
4390
4471
4385
4330
4553
4536
4529
4391
4406
4517
4727
4739
4800
4892
4824
4791
4648
4609
4513
4586
4705
4718
4844
4811
4781
4781
4836
4821
4875
4864
5040
4925
4973
5105
4888
4967
4929
4875
4864
4824
4844
4788
4863
4837
4847
4907
5134
5235
5393
5322
5241
5477
5417
5393
5375
5388
5238
5261
5133
5086
5258
5273
5276
5346
5312
5416
5402
5222
5272
5404
5508
5745
5696
5607
5668
5683
5489
5488
5447
5517
5682
5795
5815
5774
5629
5688
5860
5889
5917
5849
5962
5970
5854
5769
5767
5857
5830
5912
6022
5923
5807
5657
5616
5543
5698
5778
5854
5745
5556
5591
5483
5499
5508
5461
5252
5378
5391
5428
5464
5206
5286
5181
5096
5091
5115
5002
4902
4880
4875
4893
4881
4973
4846
4855
4908
4923
4859
4900
4794
4755
4785
4598
4657
4525
4507
4563
4675
4689
4793
4737
4881
5032
5008
5169
5130
5219
5343
5064
5033
4977
4917
4959
4909
4899
5147
5171
5228
5106
5114
5178
5173
5116
4973
4966
4998
5101
5106
5329
5177
5280
5151
5166
5339
5167
5371
5359
5232
5435
5347
5256
5178
4931
4952
4948
4839
4899
4926
4926
4990
5099
5116
5240
5273
5353
5283
5287
5413
5437
5307
5350
5389
5373
5437
5415
5458
5407
5532
5561
5598
5514
5641
5667
5727
5893
5937
5847
5757
5943
5883
5908
6035
6177
6315
6225
6220
6051
5967
5816
5882
5795
5841
5721
5502
5530
5574
5609
5525
5409
5385
5320
5286
5273
5266
5292
5413
5249
5593
5524
5428
5431
5436
5346
5217
5384
5192
5249
5361
5401
5318
5292
5494
5497
5438
5518
5471
5354
5386
5393
5242
5209
5327
5352
5541
5414
5633
5652
5666
5730
5702
5550
5704
5648
5664
5799
5592
5717
5544
5491
5505
5662
5564
5694
5592
5695
5698
5769
5624
5500
5560
5675
5671
5678
5789
5807
5729
5704
5610
5616
5676
5625
5563
5456
5544
5599
5691
5567
5739
5780
5905
6033
6029
5963
5724
5662
5648
5635
5701
5577
5636
5582
5714
5701
5765
5651
5643
5710
5741
5666
5484
5605
5644
5466
5533
5537
5495
5439
5658
5655
5639
5696
5534
5595
5685
5677
5779
5891
6008
5907
5887
5791
5714
5767
5594
5613
5700
5754
5755
5806
5704
5737
5798
5773
5857
5783
5750
5804
5715
5636
5744
5537
5496
5483
5629
5730
5830
6029
5968
6015
5915
5954
6157
6002
6069
6136
6158
6203
6191
6235
6349
6444
6436
6430
6309
6401
6337
6344
6253
6355
6479
6492
6307
6495
6683
6706
6750
6785
6899
6966
7014
6810
6730
6747
6708
6694
6866
6692
6732
7031
6820
6685
6585
6511
6448
6667
6638
6832
6791
6789
6714
6508
6488
6329
6353
6293
6263
6340
6367
6509
6655
6431
6359
6051
5988
6150
6128
6252
6489
6511
6446
6208
6114
6230
6243
6295
6107
6100
6253
6233
6366
6323
6146
6049
6113
6087
6004
5990
6118
5983
6115
5881
6054
6163
5967
6035
5846
6203
6166
5945
5836
5883
5955
5793
5777
5745
5816
5827
5847
5876
5748
5695
5622
5710
5515
5464
5427
5332
5232
5220
5269
5253
5244
5401
5361
5354
5412
5475
5570
5422
5490
5469
5535
5386
5396
5292
5414
5274
5317
5281
5471
5452
5593
5654
5421
5310
5434
5386
5291
5240
5416
5415
5517
5577
5469
5283
5267
5354
5246
5366
5243
5201
5096
5025
5066
4828
4900
4787
4760
4733
4877
4868
4800
4965
5212
5380
5527
5585
5563
5643
5708
5801
5839
5902
5950
6119
6077
6068
5919
6068
6147
5954
6047
6083
6350
6497
6561
6456
6523
6552
6435
6413
6380
6412
6423
6434
6243
6373
6125
6157
6262
6242
6358
6451
6483
6607
6347
6280
6542
6375
6331
6295
6095
6131
5995
6022
6169
6239
6232
6193
6240
6422
6359
6212
6221
6329
6378
6412
6522
6405
6432
6310
6485
6441
6509
6438
6360
6281
6400
6396
6129
6022
6116
6105
6197
6238
6080
6064
6072
5855
5938
6004
5813
5785
5562
5714
5653
5621
5502
5451
5586
5527
5437
5417
5442
5482
5396
5529
5389
5678
5688
5682
5812
5897
6063
5942
6085
6113
6285
6174
6244
6220
6493
6309
6344
6430
6444
6466
6631
6689
6646
6849
6805
6667
6606
6652
6694
6651
6479
6556
6641
6668
6855
6791
6772
6535
6408
6325
6310
6361
6245
6308
6318
6310
6324
6430
6438
6317
6485
6593
6451
6248
6218
6070
6104
5917
5985
5948
5760
5800
5803
5971
6064
5912
6098
6169
6126
6049
6199
6332
6358
6380
6302
6240
6173
5939
5747
5815
5934
6199
6136
6144
5983
6079
6100
6079
6241
6304
6369
6343
6275
6172
6044
5869
5855
5868
6075
6126
6117
6142
6272
6200
6260
6331
6400
6427
6373
6563
6575
6451
6333
6361
6270
6194
6352
6337
6319
6433
6417
6553
6559
6550
6426
6201
6062
5974
5839
5729
5732
5654
5693
5637
5555
5424
5660
5677
5827
5844
6007
5829
5731
5768
5898
5983
5758
5964
5824
5902
5881
5752
5833
5980
6054
6112
5978
6059
5862
5985
5935
5745
5649
5704
5954
5815
5785
5883
5746
5694
5722
5574
5497
5492
5559
5587
5704
5638
5766
5854
6050
5929
5768
5719
5629
5460
5530
5438
5347
5404
5394
5522
5554
5713
5758
5753
5769
5912
5944
5932
6009
6312
6335
6345
6080
6053
6193
6039
5991
5950
6005
6150
6173
6164
6344
6273
6222
6179
6238
6098
6297
6482
6795
6865
6647
6573
6560
6434
6362
6348
6309
6395
6379
6427
6224
6117
6194
6318
6331
6487
6615
6563
6605
6583
6524
6461
6426
6539
6667
6696
6564
6669
6524
6426
6318
6375
6319
6240
6256
6224
6442
6454
6546
6602
6738
6675
6782
6908
6667
6663
6568
6478
6326
6163
6106
6129
6141
6107
6126
6142
5926
5927
5898
5838
5901
5857
5894
5784
5720
5591
5634
5548
5484
5528
5533
5410
5370
5414
5438
5569
5448
5320
5356
5458
5427
5507
5563
5576
5760
5875
5824
5790
5824
5865
5887
5634
5565
5603
5563
5600
5665
5739
5811
5936
6044
6043
6047
6137
5950
6015
5982
5909
5917
5748
5662
5615
5453
5418
5418
5424
5429
5382
5303
5219
5321
5232
5087
5074
4974
4975
5020
5100
4890
4891
4991
5000
4894
4885
4826
4827
4897
4663
4612
4492
4529
4464
4441
4476
4461
4450
4457
4405
4546
4396
4574
4479
4592
4567
4669
4747
4810
4667
4589
4743
4847
4841
4748
4617
4570
4531
4507
4396
4497
4400
4488
4514
4577
4541
4455
4407
4629
4621
4614
4675
4633
4610
4573
4528
4532
4657
4727
4925
4760
4625
4794
4708
4894
4749
4775
4756
4728
4834
4701
4782
4749
4736
4839
4867
4724
4795
4882
4945
4988
4982
4994
5101
5164
5162
5135
5148
5103
4946
4839
4776
4790
4868
4709
4502
4497
4508
4497
4456
4386
4443
4516
4587
4579
4620
4681
4653
4820
4859
4918
5187
5186
5336
5298
5268
5294
5229
5140
5174
5285
5174
5114
5082
5177
5223
5276
5337
5340
5379
5343
5464
5461
5590
5587
5600
5687
5534
5520
5570
5698
5570
5625
5561
5517
5300
5270
5334
5245
5271
5334
5369
5371
5456
5515
5581
5378
5405
5460
5327
5347
5305
5439
5340
5438
5365
5399
5333
5224
5367
5441
5378
5379
5258
5286
5446
5357
5233
5237
5172
5324
5384
5496
5461
5473
5468
5379
5365
5395
5296
5413
5390
5391
5527
5496
5453
5564
5710
5750
5701
5720
5630
5555
5528
5743
5674
5707
5906
5910
5851
6010
6056
6097
5985
6179
6064
6236
5963
5939
5951
5802
6009
5999
5917
6055
6162
6228
6287
6120
6021
5832
5741
5661
5557
5750
5642
5632
5472
5615
5714
5875
5794
5819
5845
5940
5942
6091
6121
6123
5767
5800
5706
5687
5438
5475
5397
5520
5502
5449
5435
5501
5569
5581
5518
5429
5456
5627
5744
5827
5551
5827
5724
5739
5690
5587
5687
5609
5640
5538
5661
5630
5550
5773
5808
5700
5857
5909
5848
5701
5806
5828
5665
5784
5820
5784
5814
5925
5857
5933
6147
6268
6217
6105
6159
6013
6016
6136
6037
6011
6243
6200
6010
5951
6122
6196
6015
6134
6166
6020
6017
6149
6036
5860
5665
5733
5875
5764
5768
5823
5676
5809
5736
5924
5833
5642
5753
5559
5531
5535
5576
5607
5643
5632
5668
5636
5685
5658
5561
5568
5557
5606
5476
5580
5498
5551
5407
5468
5415
5464
5544
5514
5650
5629
5491
5457
5277
5257
5295
5269
5388
5312
5480
5489
5464
5569
5738
5791
5659
5651
5651
5604
5670
5752
5637
5576
5555
5587
5533
5532
5464
5252
5190
5261
5301
5241
5225
5353
5479
5610
5550
5445
5478
5290
5142
5256
5205
5117
5203
5182
5214
5278
5282
5337
5402
5445
5567
5697
5676
5742
5854
5878
5776
5729
5688
5850
5999
5854
5840
5953
5982
6059
6108
5997
5935
6022
5914
5856
5903
6008
6130
6192
6205
6218
6146
6208
6260
6235
6121
6090
6169
6199
6261
6168
6266
6421
6705
6647
6651
6872
6954
6974
6976
7013
6997
7200
7196
7272
7360
7344
7444
7474
7390
7322
7163
7256
7146
7177
7291
7143
7256
7435
7270
7291
7396
7471
7614
7796
7812
7793
7756
7930
7945
7882
8075
8074
8275
8421
8399
8534
8405
8275
8348
8234
8386
8411
8295
8124
7990
7721
7684
7727
7598
7556
7708
7944
7828
7827
7812
7672
7591
7517
7608
7594
7456
7332
7425
7296
7272
7269
7157
6951
6932
6976
7108
7274
7281
7284
7205
7167
7268
7242
7278
7398
7404
7297
7283
7368
7195
7151
7078
7013
6910
6821
6783
6729
6649
6750
6669
6662
6586
6750
6723
6597
6525
6492
6498
6406
6078
5939
5663
5835
5887
6014
5873
5775
5918
5972
5951
6030
5793
5816
5906
6002
6061
6112
5968
6053
6124
5967
6012
6193
6250
6004
5920
5938
6076
6169
6268
6488
6561
6423
6516
6504
6456
6630
6659
6643
6404
6259
6267
6477
6616
6459
6349
6346
6467
6312
6292
6146
6202
5996
5995
5974
5879
5690
5682
5691
5790
5798
5819
5890
5973
5961
5985
5793
5619
5493
5592
5982
6126
6140
6098
5916
5992
5817
5710
5498
5572
5601
5479
5372
5620
5676
5660
5599
5479
5414
5355
5365
5487
5399
5443
5345
5309
5334
5334
5465
5675
5725
5730
5736
5720
5614
5634
5747
5603
5854
5713
5701
5703
5589
5642
5892
5714
5612
5526
5455
5580
5480
5329
5329
5310
5287
5302
5334
5338
5374
5334
5207
5089
5130
5215
5109
5169
5111
5153
5244
5293
5282
5318
5389
5539
5646
5600
5712
5950
5848
5877
5758
5664
5912
5980
6068
6049
6072
5936
5904
5993
5994
6111
6194
6101
6025
6007
6093
5934
5946
5954
5761
5685
5766
5796
5876
5950
5995
5970
5975
6049
6162
6088
5854
5861
5899
5879
5891
5982
5954
5909
5852
5952
6032
6194
6415
6485
6418
6541
6379
6480
6586
6680
6504
6454
6411
6472
6509
6384
6380
6279
6327
6297
6153
6013
6011
6133
6182
6099
6026
6091
6144
6048
6290
6310
6210
6316
6293
5999
6090
6089
5898
5784
5666
5643
5648
5629
5664
5647
5532
5556
5458
5372
5423
5429
5243
5209
5200
5108
5020
5109
5159
5166
5084
4985
4983
4927
5119
5049
5058
5049
5051
5097
5137
4925
4807
4779
4744
4836
4850
4863
5047
4933
4747
4806
4788
4853
4705
4634
4591
4654
4735
4731
4823
5059
5030
4743
4696
4565
4666
4733
4751
4733
4801
4806
4871
5069
5196
5002
5026
5099
5141
5203
5208
5274
5474
5644
5598
5634
5752
5666
5749
5730
5617
5371
5474
5405
5400
5455
5476
5507
5543
5526
5485
5401
5500
5623
5796
5992
5941
5890
5902
6004
5963
5913
5993
5966
5865
5861
5890
6062
6078
5964
5990
6039
6015
6063
6075
5992
6017
5993
5982
6106
6175
6042
6128
5975
5899
5910
5858
5721
5632
5628
5677
5826
5789
5753
5812
5888
5957
6329
6344
6334
6191
6153
6058
5988
5928
5907
5834
5863
5847
5997
5864
5910
5956
6014
5910
5982
5845
5644
5689
5735
5671
5698
5704
5795
5840
5875
5954
5981
6025
6143
6099
6183
6084
6011
5845
5839
5928
5952
5926
5915
6259
6179
6028
6003
5613
5621
5587
5613
5662
5722
5567
5515
5467
5586
5745
5848
5616
5693
5637
5597
5587
5473
5579
5643
5639
5511
5352
5428
5375
5474
5595
5564
5628
5558
5602
5495
5508
5632
5414
5435
5440
5255
5403
5441
5373
5546
5606
5597
5412
5468
5263
5283
5387
5261
5219
5237
5421
5451
5349
5446
5423
5251
5145
5102
5095
5005
5040
4911
4895
4913
4829
4693
4611
4642
4715
4732
4764
4826
4697
4776
4615
4624
4655
4763
4734
4937
5054
5035
5079
5130
5085
5000
5013
4947
4944
4964
4899
4775
4818
4877
4764
4810
4820
4848
