1005000
266896
173567
129409
101715
83916
71216
62314
55964
49558
44760
40790
37059
33888
31769
29936
28195
26655
24683
23509
22400
21289
20081
19142
18389
17680
17151
16694
16190
15698
14936
14206
13733
13592
13419
13162
12788
12336
11877
11397
11133
10708
10614
10134
10108
10047
9783
9498
9332
9022
9111
9119
8865
8892
8860
8475
8126
8086
8102
7978
7943
7758
7761
7459
7589
7450
7288
7210
7241
7047
7161
6925
6817
6818
6606
6521
6562
6536
6511
6327
6113
5843
5958
5827
5661
5608
5548
5475
5200
5051
4973
4921
4949
4897
4893
4960
4924
4916
4927
4948
5059
5122
4856
4952
4828
4663
4514
4387
4329
4478
4451
4460
4232
4199
4079
4097
4056
4081
3966
3950
3951
3866
3896
3801
3765
3719
3734
3755
3767
3705
3694
3768
3819
3790
3690
3758
3654
3681
3630
3679
3624
3557
3620
3649
3673
3648
3669
3673
3638
3696
3582
3600
3590
3422
3427
3383
3361
3336
3460
3462
3431
3535
3405
3453
3474
3361
3295
3353
3357
3392
3419
3390
3443
3621
3583
3523
3532
3479
3526
3559
3764
3803
3913
3930
3889
3880
4031
3973
3800
3877
3824
3830
3735
3658
3571
3416
3431
3451
3343
3187
3121
3171
3181
3082
3155
3211
3271
3343
3469
3537
3520
3594
3697
3854
3894
4019
4004
4159
4130
4008
3887
3943
3892
4011
3788
3667
3599
3756
3736
3733
3744
3653
3397
3414
3224
3243
3274
3213
3214
3264
3282
3299
3313
3100
3077
3097
3096
3148
3170
3170
3124
3293
3305
3331
3264
3307
3280
3347
3470
3504
3433
3348
3345
3276
3151
3056
3065
3247
3225
3176
3198
3216
3127
3141
3066
3075
3006
3177
3173
3321
3299
3314
3334
3301
3345
3202
3165
3153
3033
3127
3158
3187
3204
3284
3247
3164
3141
3087
2952
2914
2886
2763
2766
2745
2882
2791
2788
2807
2879
2839
2695
2744
2754
2715
2651
2662
2607
2758
2749
2784
2641
2713
2704
2658
2615
2697
2657
2644
2643
2601
2478
2452
2403
2448
2548
2549
2626
2740
2721
2736
2746
2796
2778
2886
2829
2912
3012
3079
3023
2978
3053
3056
2981
3139
3209
3326
3301
3343
3550
3817
3832
3881
3996
4035
4008
4044
3958
4033
4174
4221
4171
4028
3997
4021
3998
3942
4002
3888
3981
4008
3868
3991
3898
4011
3936
3787
3774
3773
3824
3961
3954
4054
3968
3990
4007
3932
3992
4020
3985
4149
4198
4167
4102
4153
4179
4262
4383
4312
4383
4294
4322
4334
4415
4363
4323
4045
3999
3909
4039
4044
4127
4107
4046
4159
4183
4287
4255
4348
4141
4375
4476
4520
4619
4473
4475
4481
4605
4529
4581
4423
4391
4556
4508
4552
4575
4657
4813
4879
4977
4960
4845
4841
4996
5234
5164
5173
5066
5052
5121
5071
4995
4955
4946
5008
5106
5148
5176
5092
5177
5256
5288
5131
5081
5154
5115
5027
4934
5004
4988
5023
5020
5027
5164
5114
4898
5125
4937
5125
5376
5330
5411
5314
5246
5343
5335
5491
5391
5415
5394
5556
5544
5474
5562
5698
5822
5893
6002
5889
5741
5625
5677
5632
5714
5526
5387
5467
5601
5873
5930
5889
5893
6016
5971
5897
5862
5979
5720
5747
5742
5856
5894
5914
5867
5723
5419
5486
5488
5684
5770
5911
5754
5919
5734
5806
5834
5951
5848
5694
5630
5621
5646
5639
5779
5882
5916
5820
5637
5424
5306
5217
5237
5156
5140
5083
5109
5193
5114
5079
5041
5083
5093
5110
5058
5049
4990
4952
5139
5175
5156
5180
5190
5090
5174
5353
5420
5458
5354
5387
5430
5488
5380
5418
5381
5263
4990
4939
4923
4897
4860
5005
4978
5106
5152
5062
5023
4892
4659
4721
4496
4472
4323
4319
4382
4432
4583
4740
4770
4809
4721
4777
4856
4911
4963
4840
4809
4953
5142
5181
5016
4956
5088
5216
5413
5325
5393
5259
5140
4994
5125
5066
5007
5142
5005
4936
4873
4753
4741
4685
4526
4418
4456
4410
4422
4513
4335
4454
4410
4432
4313
4492
4372
4271
4212
4178
4209
4154
4102
3957
3972
3862
3886
3909
3851
3829
3653
3873
3749
3806
3764
3752
3884
3997
3970
4047
4098
4044
4036
4039
3976
4084
4102
4192
4302
4430
4537
4441
4348
4350
4381
4325
4342
4415
4300
4215
4212
4163
4171
4225
4115
4153
4216
4204
4059
3798
3747
3838
3847
3876
3952
4094
4081
4106
4117
4077
4129
4103
4219
4349
4351
4316
4330
4327
4344
4303
4520
4507
4568
4541
4637
4597
4564
4543
4533
4384
4385
4407
4390
4344
4307
4233
4224
4172
4179
4146
4185
4117
4116
4229
4266
4179
4100
4124
4051
4008
3971
3875
3764
3638
3663
3764
3839
3880
3925
4007
4001
3955
3941
3944
3958
3970
3976
4161
4111
4115
4162
4323
4379
4401
4378
4400
4243
4088
4150
4146
4142
4079
4177
4088
4192
4110
4160
4015
3891
3737
3671
3503
3469
3456
3533
3557
3421
3382
3269
3275
3401
3374
3337
3318
3314
3242
3202
3213
3122
3122
3079
3090
3120
3121
3310
3267
3107
3188
3156
3184
3228
3150
3257
3196
3164
3142
3171
3431
3446
3418
3455
3497
3537
3401
3531
3673
3627
3507
3481
3355
3345
3240
3236
3303
3376
3361
3216
3202
3153
3288
3196
3242
3252
3258
3277
3301
3422
3591
3591
3528
3710
3716
3787
3769
3665
3800
3857
3911
3909
4012
4009
3944
3923
4025
4089
4107
4102
4359
4196
4209
4178
4201
4339
4438
4412
4313
4279
4117
4144
4171
4192
4314
4471
4586
4579
4582
4608
4751
4988
4899
4855
4891
4965
5092
5128
5073
4968
5036
4892
4698
4671
4756
4801
4802
4778
4774
4791
4876
4936
4999
4828
4931
4901
4981
5023
5075
5185
5266
5289
5340
5366
5291
5343
5452
5471
5508
5642
5539
5629
5611
5561
5651
5652
5748
5774
5794
5662
5654
5638
5629
5592
5674
5758
5925
5935
5999
6025
6057
6148
6020
6043
5901
6000
6091
6090
6235
6289
6257
6305
6114
6123
6232
6337
6296
6385
6444
6340
6138
6109
6004
5961
6158
6238
6137
6200
6096
6281
5983
5877
5810
6017
6144
6065
6060
5938
5906
5909
5815
5743
5705
5774
5988
6031
6111
5963
5966
6039
5951
5987
6056
6170
6138
6183
6126
6449
6542
6494
6553
6572
6611
6642
6708
6813
6967
6930
7048
7137
7175
7366
7333
7267
7198
7479
7508
7530
7624
7932
7742
7854
7953
7633
7759
7513
7459
7475
7293
7264
7252
7030
7006
7070
7147
7261
7217
7159
7015
7039
7180
6904
7012
6941
7048
6971
7199
7062
7145
6972
6997
7064
7040
7173
7085
7144
7183
7154
7186
7072
7215
7139
7049
7016
7097
7194
7122
7157
6907
6858
6879
6805
6601
6714
6635
6522
6581
6789
6663
6555
6381
6377
6360
6261
6296
6345
6198
6359
6406
6400
6408
6298
6259
6168
6319
6486
6491
6405
6368
6474
6754
6777
6830
6900
6987
6858
6814
6518
6402
6344
6439
6494
6635
6579
6585
6660
6676
6805
6654
6525
6580
6594
6614
6574
6780
6956
7138
6944
7119
7082
7425
7528
7437
7544
7719
8002
8151
7855
7865
7840
7658
7638
7613
7588
7498
7358
7392
7246
7375
7116
7022
7075
7182
7204
7009
7085
7087
7015
6970
7026
7112
6971
7234
7373
7299
7094
7101
7251
7312
7189
7098
7085
6888
6962
7064
7098
6881
6829
6804
6765
6823
6840
6659
6495
6511
6566
6572
6601
6532
6319
6375
6345
6163
6035
5979
5912
6138
6119
6195
6257
6221
6161
6196
6298
6194
5927
6030
6083
6317
6249
6193
6228
6090
6368
6364
6378
6292
6338
6333
6447
6320
6428
6433
6463
6316
6444
6280
6175
6309
6159
6024
5929
5987
5860
5856
5905
6123
5986
6018
6145
6164
6283
6199
6169
6189
6353
6501
6344
6160
6106
6195
6089
6110
6088
6155
6138
6218
6077
6034
6083
6104
6010
6117
6294
6373
6472
6333
6324
6422
6334
6117
5968
5969
6086
5996
6145
6193
6000
6004
6102
6112
6155
6061
6095
6173
6350
6446
6308
6300
6294
5987
6099
6209
6234
6227
6332
6178
6365
6312
6303
6326
6380
6579
6447
6422
6465
6391
6490
6503
6752
6674
6622
6694
6682
6810
6785
6691
6752
6683
6715
6906
6866
6881
6827
6661
6687
6659
6759
6684
6723
6740
6818
6769
6631
6778
6727
6882
6692
6904
6864
6856
6865
7114
6820
6888
6953
6987
6727
6548
6634
6678
6634
6512
6428
6423
6583
6617
6663
6860
6751
6899
6799
6677
6801
6692
6799
6848
6930
6770
6612
6428
6426
6263
6221
6314
6083
6225
6256
6426
6416
6284
6391
6424
6485
6451
6361
6501
6375
6304
6351
6348
6412
6318
6122
6353
6277
6332
6359
6241
6349
6368
6314
6719
6695
6886
6813
6740
6689
6724
6688
6640
6423
6420
6460
6464
6491
6617
6573
6480
6353
6338
6529
6592
6435
6633
6762
6699
7038
7116
6878
6948
6881
6915
7088
7130
7192
7081
7040
6975
6750
6600
6339
6589
6549
6600
6408
6391
6464
6710
6848
6844
6769
6651
6595
6687
6754
6598
6448
6320
6325
6264
6297
6311
6297
6406
6356
6257
6321
6231
6287
6305
6240
6382
6354
6319
6424
6612
6529
6602
6623
6754
6657
6754
6871
6774
6706
6535
6553
6581
6623
6578
6650
6790
6699
6810
6921
7040
6734
6696
6438
6440
6519
6411
6304
6341
6429
6486
6459
6364
6108
6048
6202
6210
6183
6121
6057
6017
6000
5849
6036
6035
6020
6053
5901
5672
5761
5641
5743
5697
5834
5933
5864
6064
6213
6254
6219
6248
6278
6218
6284
6167
6141
6125
6019
6029
5969
6042
6104
6279
6104
6108
6128
6128
6180
6303
6434
6558
6626
6609
6522
6500
6467
6345
6360
6309
6352
6341
6310
6255
6140
6154
6015
5923
5890
5960
6059
6153
6256
6195
6182
6100
6092
5919
5834
6039
5913
5738
5689
5707
5680
5675
5766
5756
5699
5645
5762
5576
5516
5464
5110
5047
5053
5035
5080
5011
5112
5128
5307
5204
5156
5222
5203
5249
5231
5377
5321
5403
5456
5387
5396
5557
5516
5577
5619
5457
5505
5656
5730
5701
5648
5660
5613
5653
5445
5418
5170
5258
5390
5253
5307
5305
5470
5566
5471
5368
5413
5433
5432
5585
5614
5494
5407
5372
5438
5370
5193
5040
5146
5093
4904
4958
5054
5182
5058
4931
4806
4949
4956
4994
5091
4923
4902
4742
4700
4504
4673
4625
4624
4631
4784
4846
4882
4877
4971
4976
4933
5179
5271
5352
5456
5505
5528
5446
5376
5257
5365
5406
5215
5159
5222
5161
5011
5028
4901
5083
5061
4932
4815
4867
4962
5040
5030
4857
4802
4786
4882
4761
4674
4763
4772
4807
4736
4796
4896
5043
5035
4989
5179
5234
5146
5058
5065
4956
4893
4960
4916
4982
4957
4860
4894
4801
4805
5021
4937
4811
4885
4914
5026
5063
4933
4904
4958
4985
5050
5047
5201
5287
5473
5473
5548
5687
5773
5722
5790
5780
5551
5554
5764
5800
5869
5890
5854
5926
5924
5979
6061
5985
6046
6085
6099
6216
6257
6282
6408
6616
6746
6863
6926
7010
7150
7052
7123
6955
6804
6591
6566
6222
6135
6269
6174
6192
6133
5996
5939
5882
5893
5774
5735
5627
5559
5600
5538
5618
5688
5852
5735
5792
5806
5866
5690
5728
5572
5694
5761
5930
5860
5954
5982
6054
6000
6045
6008
5977
5764
5806
5875
5804
5750
5764
5604
5670
5607
5663
5637
5524
5597
5481
5437
5132
5212
5022
5143
5057
5013
4967
5009
5100
5096
5224
5047
5302
5242
5237
5153
5106
5048
4977
4989
4991
4896
4880
4749
4652
4577
4621
4636
4692
4793
4898
4861
4884
4876
4878
4909
4830
4918
4908
4920
4854
5205
5085
5066
5117
5028
5121
5105
5100
5041
5047
4979
4934
5025
5272
5209
5298
5236
5142
5181
5052
5234
5207
5210
5338
5317
5258
5194
5179
5166
5225
5325
5296
5303
5405
5407
5333
5296
5186
5113
5100
5094
5190
5041
5266
5322
5293
5241
5394
5528
5539
5643
5641
5755
5790
5698
5794
5741
5803
5670
5664
5556
5405
5418
5379
5376
5297
5251
5237
5172
5036
5027
4986
5029
4922
4929
4888
4869
4965
5165
5183
5170
5275
5348
5522
5441
5470
5422
5492
5510
5485
5572
5556
5741
5766
5789
5791
5835
5849
5917
5827
5805
5753
5787
6026
6020
6010
6124
6106
6012
6033
5951
6088
6116
6288
6342
6076
6184
6354
6404
6383
6354
6401
6420
6368
6458
6484
6382
6443
6426
6418
6446
6516
6660
6784
6715
6697
6698
6734
6581
6614
6602
6440
6439
6567
6776
6791
6766
6691
6647
6683
6506
6446
6498
6330
6316
6253
6332
6385
6545
6396
6441
6477
6366
6300
6204
6091
6102
6098
6302
6373
6398
6200
6171
6318
6314
6429
6685
6916
6813
6786
6712
6485
6621
6538
6556
6674
6662
6614
6553
6489
6442
6480
6441
6590
6614
6647
6674
6912
7035
6808
6880
6695
6761
6844
6905
6684
6534
6546
6424
6238
6272
6446
6577
6713
6739
6572
6628
6618
6588
6569
6667
6694
6826
6818
6816
7026
7070
7002
7146
7034
6903
7086
6931
7035
7102
7124
7106
7318
7321
7219
7187
7180
7084
7127
7273
7184
7129
6924
7052
7116
7318
7565
7715
7772
7868
7827
7832
7713
7470
7357
7375
7541
7543
7736
7750
7835
7900
8016
8022
7919
7984
7897
7747
7836
7814
7750
7761
7755
7691
7885
8005
7966
7924
7778
7928
7909
7896
7838
7960
7903
7675
7669
7427
7493
7342
7193
7246
7186
7101
7096
6960
7073
6965
6990
6644
6539
6467
6602
6866
6770
6780
6791
6794
6986
6902
6920
6845
6712
6620
6686
6676
6623
6678
6601
6544
6495
6647
6566
6823
6820
6722
6652
6574
6476
6405
6205
6154
6157
6130
6193
6431
6204
6098
6099
5974
6084
6183
6179
6052
6055
5908
5893
6064
5994
5893
5861
5676
5623
5585
5478
5396
5391
5474
5546
5593
5587
5567
5424
5173
5292
5305
5358
5472
5356
5433
5569
5409
5420
5498
5543
5437
5576
5642
5879
5827
5772
5821
5968
5918
5936
5942
5804
5747
5648
5687
5931
5804
5738
5766
5805
6030
5951
5894
6038
6095
6100
6151
6064
6198
6112
6117
6262
6351
6516
6512
6700
6548
6472
6587
6656
6607
6574
6438
6511
6401
6311
6260
6051
6028
6108
5993
5765
5656
5680
5658
5773
5855
5842
5939
6024
6154
5892
5795
5730
5685
5662
5648
5719
5575
5547
5540
5630
5651
5797
5697
5662
5541
5632
5509
5595
5608
5724
5702
5717
5738
5944
5923
5827
5789
5790
5665
5699
5611
5743
5762
5747
5707
5524
5678
5548
5531
5628
5565
5565
5537
5397
5340
5446
5375
5429
5404
5549
5658
5617
5717
5943
6003
5886
5809
5805
5933
5964
6003
5867
5849
5857
5919
6086
6066
6092
6190
6256
6156
6211
6409
6500
6534
6674
6706
6591
6520
6521
6378
6362
6379
6365
6314
6206
6125
6201
6119
6070
6099
6282
6159
6105
6094
6210
6230
6237
6340
6563
6540
6375
6380
6386
6289
6464
6531
6420
6490
6374
6370
6444
6351
6342
6559
6506
6597
6636
6817
6585
6515
6605
6389
6389
6402
6456
6438
6341
6283
6393
6510
6578
6666
6637
6532
6604
6657
6520
6440
6512
6405
6339
6374
6411
6393
6285
6470
6577
6524
6362
6242
6263
6255
6126
6043
6140
6189
6183
6236
6327
6296
6388
6138
6093
6313
6243
6108
6078
6109
5946
5975
5985
5787
5821
5869
5882
5868
5858
5935
5815
5790
5909
5938
6052
6113
6003
6049
5987
6004
6208
5978
6172
6182
6165
6200
6335
6216
6157
6142
6148
6137
6264
6280
6418
6469
6404
6353
6421
6437
6196
6119
6061
6117
6211
6172
6341
6454
6270
6075
5883
5785
5681
5744
5986
5864
5751
5775
5717
5668
5675
5734
5776
5686
5693
5814
5927
5882
5942
5874
5732
5689
5788
6099
6173
6452
6661
6591
6782
6770
6769
6744
6837
6802
6980
6950
6713
6678
6621
6604
6692
6774
6580
6451
6415
6506
6551
6590
6628
6564
6309
6403
6328
6334
6346
6232
6290
6297
6248
6048
6008
6129
6123
6073
6103
6231
6328
6177
6263
6127
6023
6033
6024
5984
5923
5762
5573
5642
5811
5696
5661
5610
5569
5624
5704
5651
5474
5462
5533
5616
5796
5847
5790
5928
5839
5780
5712
5590
5616
5654
5742
5703
5700
5615
5557
5636
5577
5583
5530
5515
5353
5076
5047
5138
5189
5276
5206
5323
5373
5506
5614
5539
5507
5744
5815
6046
6018
6084
6176
6256
6143
6084
6046
5807
5862
5945
6076
6018
5939
5830
5755
5727
5732
5641
5556
5817
5773
5837
5762
5771
5760
5783
5847
5734
5659
5724
5716
5573
5621
5588
5669
5560
5497
5557
5544
5481
5568
5568
5616
5594
5728
5648
5371
5248
5280
5271
5301
5459
5545
5400
5512
5658
5515
5485
5416
5586
5553
5686
5564
5717
5590
5650
5850
5896
5611
5591
5554
5563
5375
5307
5045
5075
5128
5113
4971
4985
5076
5066
5088
5149
5058
4983
5002
4994
5085
5366
5227
5211
5331
5268
5323
5207
5201
5116
5051
5155
5045
4868
4824
4785
4837
4916
4705
4667
4702
4728
4695
4810
4999
4884
5014
5148
5068
5287
5300
5375
5430
5581
5536
5422
5522
5555
5607
5652
5673
5489
5649
5734
5809
5617
5666
5601
5585
5612
5623
5448
5487
5456
5427
5485
5522
5558
5398
5273
5492
5439
5417
5432
5432
5305
5277
5307
5365
5353
5537
5511
5499
5592
5371
5368
5211
5152
5285
5528
5407
5282
5208
5195
5136
5155
5099
5140
5129
5083
5243
5331
5436
5356
5363
5309
5429
5506
5362
5468
5555
5465
5416
5447
5415
5432
5337
5185
5098
5109
5101
4811
4828
5014
4838
4709
4855
4612
4545
4617
4705
4713
4740
4704
4601
4555
4657
4885
4891
5017
5039
4958
4952
4858
4730
4686
4550
4485
4497
4476
4604
4537
4679
4707
4793
4970
4985
5057
5015
5010
4949
5077
5144
5181
5217
5205
5266
5193
5085
5044
5055
5062
4996
5066
5057
5130
5073
5093
5208
5244
5471
5673
5716
5656
5637
5576
5526
5578
5623
5700
5690
5646
5597
5521
5599
5663
5778
5890
5739
5855
5802
5975
6004
5947
5850
5943
5926
6025
5986
5936
6056
6172
6233
6180
5977
6052
6148
6008
5833
5886
5735
5619
5556
5548
5573
5563
5497
5652
5678
5815
5803
5623
5552
5595
5557
5514
5463
5599
5624
5644
5851
6001
5880
5921
5966
5799
5917
5842
5947
5753
5758
5907
6035
5856
5916
6064
6086
6068
6006
5961
5954
5988
5916
5828
5910
5929
5867
5640
5580
5914
5820
5919
5926
5925
5734
5856
6174
6207
6301
6290
6310
6550
6483
6358
6452
6465
6511
6437
6508
6473
6407
6401
6552
6537
6653
6614
6529
6553
6318
6320
6122
6234
6428
6325
6174
6260
5916
5761
5878
5666
5829
5902
5899
5792
5879
6038
6108
6177
6104
6135
5925
6075
6032
5910
5873
5847
5956
5822
5920
5970
5985
5837
5883
5992
6164
6072
6022
6129
6054
6014
5934
5805
5857
5835
5772
5870
5796
5858
5992
6038
5802
5919
6057
6153
5966
5915
5912
6012
5947
6029
5834
5989
6108
6125
6239
6249
6215
6363
6340
6505
6377
6349
6350
6494
6602
6525
6522
6537
6507
6322
6325
6284
6288
6321
6199
6243
6212
6251
6159
6178
6219
6142
6079
5878
5877
5919
5959
6005
6038
6075
6131
6253
6492
6597
6641
6764
6886
6908
6860
6791
6823
6978
6835
6632
6660
6733
6821
6829
6898
6723
6636
6555
6564
6653
6566
6504
6394
6392
6312
6334
6221
6373
6449
6628
6747
6820
6807
6826
6632
6466
6639
6766
6786
6793
6782
6813
6764
6764
6613
6662
6713
6906
6906
7177
7028
7024
6985
6993
6983
7106
7265
7152
7037
7120
7234
7050
7213
6968
6887
6662
6597
6655
6485
6609
6406
6567
6536
6648
6746
6757
6614
6857
6972
7098
7003
7044
6978
6849
6962
6981
6809
6704
6676
6629
6655
6761
6784
6807
6775
6815
6769
6856
6666
6599
6401
6366
6327
6319
6276
6247
6282
6340
6412
6435
6590
6672
6585
6720
6705
6768
6773
6912
6867
7139
6986
6758
6593
6550
6625
6601
6591
6600
6778
6787
6829
7087
7145
7068
7013
6841
6774
6736
6850
6813
7028
7225
7307
7229
6929
6986
7195
7201
7355
7250
7174
7193
7379
7457
7416
7278
7261
7279
7210
7248
7096
7205
7329
7463
7355
7633
7675
7759
7702
7969
8061
8311
8201
8239
8445
8377
8252
8089
7917
7882
7870
7729
7776
7550
7347
7388
7263
7134
7152
7226
7314
7397
7301
7107
7199
6955
6869
6902
7068
7085
7080
7042
6829
6863
6886
6899
6804
6705
6439
6432
6374
6430
6293
6342
6351
6214
6431
6432
6352
6405
6248
6056
6030
6098
6066
5825
5707
5708
5755
5760
5525
5487
5369
5365
5369
5109
5217
5136
5179
5168
5098
5138
5295
5206
5332
5236
5163
5162
5231
5263
5386
5266
5256
5361
5540
5472
5446
5407
5425
5462
5465
5391
5340
5136
5207
5174
5157
5139
5116
5184
4998
4966
5037
5121
5103
4997
5069
5183
5082
5059
5158
5181
5094
5119
5138
5077
5104
5126
5146
5205
5200
5181
5211
5155
5144
5041
4897
4892
4767
4628
4574
4695
4571
4397
4392
4338
4443
4478
4529
4523
4391
4463
4441
4603
4697
4643
4702
4798
4749
4684
4797
4808
4801
4923
4879
4806
4739
4711
4774
4714
4634
4630
4553
4609
4673
4759
4730
4806
4832
4748
4769
4757
4854
4976
5075
4984
5098
5055
5082
5202
5125
5312
5232
5180
5159
4941
4777
4874
4945
5142
5143
5265
5225
5151
5171
5159
4993
4942
4916
4835
4778
4830
4784
4749
4687
4678
4521
4580
4701
4712
4769
4812
4688
4637
4655
4670
4642
4623
4583
4504
4431
4514
4537
4480
4460
4415
4477
4504
4473
4317
4353
4379
4357
4510
4365
4415
4579
4372
4499
4462
4580
4518
4488
4594
4635
4741
4817
4917
4818
4894
4926
4907
4997
5077
5259
5229
5235
5230
5178
5156
5207
5272
5072
5061
4927
4891
4999
4965
4967
4941
4782
4783
4793
4922
4967
4960
5128
5229
5121
5136
5136
5058
4952
5206
5181
5430
5638
5628
5699
5856
5648
5724
5932
5745
5554
5380
5347
5310
5370
5613
5630
5824
5821
5713
5734
5868
5810
6037
5829
5872
5855
5788
5923
6060
6000
5981
6212
6387
6454
6305
6164
6189
5935
6123
6200
6242
6176
6198
6187
6147
6199
6282
6182
6323
6460
6498
6513
6453
6564
6679
6497
6541
6538
6378
6370
6577
6536
6488
6646
6691
6599
6431
6517
6534
6574
6438
6410
6499
6622
6647
6672
6587
6636
6535
6493
6590
6495
6360
6520
6589
6574
6598
6488
6534
6682
6767
6629
6525
6647
6553
6660
6695
6730
6545
6541
6221
6131
6165
6137
6165
6053
6271
6525
6773
6879
6716
6568
6555
6456
6561
6696
6868
6763
6642
6678
6696
6740
6632
6897
6796
6894
6831
6895
7028
7114
7468
7263
7296
7230
7180
7136
7019
7346
7427
7517
7582
7542
7413
7535
7453
7518
7505
7653
7866
7835
7967
7726
7619
7616
7775
7666
7761
7738
7857
7865
7539
7369
7360
7242
7013
7066
7143
7245
7301
7317
7320
7299
7493
7631
7539
7609
7470
7454
7513
7461
7425
7667
7610
7476
7464
7574
7604
7531
7298
7281
7266
6977
6888
7000
7136
6959
6880
6840
6828
6802
6826
6928
7016
6830
6943
6944
6933
6921
6755
6691
6832
6897
6770
6715
6977
7022
7191
7141
7178
7191
6959
6960
7062
7188
7118
6981
7133
7036
7034
7278
7225
7268
7139
7082
7047
7081
7076
7152
6948
7044
6982
6962
6893
6760
6758
6833
6782
6804
6989
6932
7013
7011
6850
6929
6709
6781
6741
6941
6971
6833
6899
7026
7204
7299
7571
7757
7661
7587
7560
7427
7202
7211
7317
7434
7141
7033
6961
7335
7439
7328
7268
7397
7557
7431
7306
7314
7360
7189
7226
6937
6736
6774
6893
6999
6920
6729
6719
6705
6759
6747
6785
6810
6756
6768
6653
6620
6508
6538
6525
6535
6543
6582
6595
6625
6698
6658
6402
6364
6280
6491
6644
6677
6936
7031
7032
7112
7231
7244
7330
7272
7195
6976
6905
6742
6600
6659
6705
6737
6881
6950
6865
6684
6733
6645
6765
6861
6788
6690
6642
6813
6838
6859
6864
6992
7068
7213
7051
7105
7237
7117
7269
7149
7254
7407
7292
7273
7296
7211
7131
6957
6946
6838
6914
6899
6886
6872
6882
6905
7141
7332
7242
7333
7335
7211
7095
7143
7026
7265
7414
7471
7503
7479
7540
7635
7708
7850
7631
7841
7717
7839
7668
7438
7348
7120
7130
7196
7314
7273
7011
6849
6840
6787
6802
6737
6716
6826
6760
6826
6740
6472
6395
6380
6315
6311
6362
6273
6191
6334
6324
6131
6368
6406
6345
6552
6428
6630
6616
6528
6616
6570
6509
6470
6403
6328
6445
6626
6587
6433
6391
6487
6127
6149
6038
5932
6008
6020
5958
5871
5716
5574
5444
5326
5358
5243
5095
5010
5022
5123
4989
5072
5088
4876
4933
4935
5003
5103
5195
5155
5271
5408
5341
5472
5496
5443
5459
5371
5256
5250
5082
5096
5065
4888
5016
5159
5291
5409
5358
5449
5307
5349
5395
5339
5220
5355
5217
5256
5341
5277
5255
5264
5264
5282
5443
5650
5820
5718
5492
5772
5813
5809
5760
5773
5673
5601
5517
5500
5304
5365
5300
5182
5248
5291
5275
5349
5295
5315
5456
5405
5503
5617
5741
5746
5649
5529
5531
5543
5582
5708
5843
5945
6111
6242
6099
5882
5840
5839
5861
5866
5799
6020
6026
6063
6044
6013
5827
5834
5864
6028
6059
6055
5990
5883
5845
5935
5966
5953
5816
5768
5911
5983
6087
6122
5826
5807
5943
5934
5863
5912
5981
6119
6068
5924
5669
5768
5548
5424
5405
5396
5412
5597
5638
5744
5821
6008
6261
6191
6078
6144
6102
6211
6034
5970
6035
6062
6015
6134
6089
6012
6242
6316
6319
6293
6354
6354
6432
6352
6384
6546
6587
6378
6386
6561
6543
6574
6803
6801
6738
6641
6639
6586
6416
6247
6241
6233
6351
6571
6445
6482
6494
6430
6461
6704
6748
6833
6820
6854
7021
6818
6655
6814
6840
6906
7038
6942
7093
7070
7110
7184
7153
7236
7229
7177
7319
7125
7208
7322
7431
7355
7392
7601
7514
7623
7410
7498
7432
7504
7517
7399
7388
7459
7538
7450
7463
7449
7369
7428
7599
7725
7719
7691
7675
7704
7628
7558
7477
7413
7505
7377
7402
7522
7584
7601
7662
7760
7828
7805
7863
7839
7694
7790
7666
7671
7480
7517
7580
7723
7762
7679
7412
7484
7458
7244
7150
7051
7023
7085
7077
7196
7377
7456
7490
7490
7404
7673
7846
7963
7876
7738
7745
7699
7554
7434
7396
7385
7492
7363
7415
7549
7568
7386
7641
7882
7922
7940
7674
7723
7523
7528
7475
7387
7519
7490
7698
7696
7748
8009
8048
7876
7987
8162
8029
8143
8225
8456
8392
8240
8364
8499
8231
8117
8041
8020
8116
8153
8222
8421
8386
8278
8157
8203
8019
7813
7860
7839
7779
7642
7657
7828
7632
7529
7715
7805
7921
7743
7752
7740
7787
7575
7587
7435
7464
7512
7462
7228
7266
7232
7064
7066
6868
6893
6844
6561
6628
6917
7053
7049
7032
7142
7188
7135
7122
6989
6905
7131
7033
6942
6851
6765
6801
6852
6840
6780
6981
7001
6888
6986
6988
6756
6980
6870
6710
6824
6699
6890
7041
6988
6912
6648
6559
6401
6337
6246
6157
6164
6089
5884
5787
5837
5957
5798
5741
5682
5775
5781
5846
5900
5724
5818
5807
5746
5766
5788
5789
5764
5918
5990
5994
5791
5734
5824
5753
5741
5696
5509
5510
5455
5532
5424
5351
5307
5366
5351
5319
5426
5463
5382
5332
5262
5382
5246
5359
5283
5168
5225
5267
5323
5362
5222
5305
5301
5266
5346
5280
5261
5329
5465
5568
5868
5862
5903
6189
6217
6108
6076
5758
5651
5671
5775
5639
5641
5641
5715
5639
5489
5499
5451
5392
5509
5412
5378
5469
5481
5571
5608
5541
5365
5501
5481
5593
5558
5460
5400
5499
5688
5707
5878
5733
5763
5903
6017
5974
5957
5856
5871
5878
5860
5943
5959
5763
5676
5894
5843
5627
5654
5703
5498
5473
5560
5425
5354
5188
5142
5121
5273
5248
5184
5177
5121
5147
5195
5296
5360
5103
5038
4903
5020
4886
4908
4900
4865
4857
4919
4903
4970
5157
5239
5291
5434
5307
5149
5224
5212
5105
5247
5204
5147
4935
4849
4802
4829
4917
4824
4806
4835
4879
4859
4951
5102
5231
5178
5282
5300
5420
5428
5468
5509
5446
5464
5503
5564
5697
5819
5445
5508
5590
5554
5511
5587
5732
5671
5529
5416
5347
5376
5454
5481
5355
5388
5457
5320
5257
5337
5327
5445
5452
5398
5289
5223
5372
5438
5316
5340
5118
5246
5365
5211
5132
5198
5417
5326
5361
5378
5477
5572
5650
5618
5606
5607
5703
5718
5785
5589
5715
5724
5599
5564
5439
5373
5356
5286
5411
5445
5569
5374
5230
5196
5211
5338
5291
5311
5329
5407
5282
5242
5172
5309
5588
5512
5513
5642
5759
5586
5576
5627
5680
5705
5679
5668
5802
5823
5688
5846
6077
6133
6123
6126
6158
6216
6025
6223
6330
6227
6322
6101
6066
6106
6183
6159
6113
6062
6021
5870
5756
5653
5711
5622
5715
5578
5679
5501
5595
5405
5206
5299
5270
5269
5396
5465
5493
5527
5302
5625
5754
5624
5586
5639
5535
5522
5531
5426
5374
5223
5259
5245
5138
4946
4996
4986
4963
5040
4967
4904
4899
4898
4725
4664
4591
4490
4541
4648
4917
5011
4977
4946
4810
4787
4835
4731
4825
4857
4887
4843
4822
4722
4686
4628
4633
4709
4818
4724
4678
4973
4995
5006
5116
5095
5251
5167
5164
5089
5244
5249
5255
5335
5311
5070
4994
5118
5071
5148
5144
5115
5120
5054
5036
4963
4988
4887
4949
5056
5072
5101
5170
5083
5100
5143
5183
5113
5127
5181
5194
5186
5155
5128
5108
5274
5199
5337
5396
5422
5262
5180
5035
4954
4864
5006
4927
5074
5076
5099
5126
5053
4968
5018
5040
5065
5023
5205
5249
5290
5319
5455
5489
5329
5456
5422
5416
5422
5556
5646
5571
5572
5623
5550
5521
5463
5615
5711
5677
5534
5570
5624
5769
5814
5889
5758
5787
5839
5998
6021
6170
6073
5985
5882
5786
5747
5850
5869
5927
5853
5898
5892
5815
5742
5777
5796
5920
