1005000
268205
173966
128630
101897
84665
72305
62751
55690
49976
45349
41534
38295
35592
32613
30524
28371
26801
25055
23938
23012
21862
21139
19982
18952
18155
17540
16827
16269
16014
15420
15068
14353
14094
13697
13535
12936
12723
12446
11954
11898
11571
11370
11197
11191
11244
10852
10630
10413
10030
10130
10059
9828
9610
9105
9078
8774
8542
8384
8050
7966
8079
7828
7874
7697
7483
7298
7239
7283
7298
7118
7085
6944
6810
6573
6404
6099
5926
5905
5714
5796
5587
5603
5807
5645
5650
5779
5685
5596
5578
5618
5494
5494
5430
5477
5383
5502
5533
5261
5223
5113
5053
5109
5075
5031
5020
5214
5212
5047
5016
4952
4940
4912
5071
4912
4934
4971
4961
5117
5054
5037
5141
4960
4893
4763
4772
4773
4776
4740
4699
4642
4520
4619
4526
4406
4504
4554
4277
4173
4133
4036
3955
4076
4137
4010
4011
3968
3783
3818
3928
3801
3827
3885
3837
3849
3894
3891
3972
3971
3857
3933
3913
3848
3816
3889
3745
3891
3915
3914
4022
4004
4002
3924
3885
3965
4108
3951
3849
3833
3817
3730
3778
3888
3909
3864
3870
3693
3761
3845
3811
3892
3951
3933
3889
3840
3772
3608
3533
3418
3491
3518
3525
3525
3343
3265
3252
3276
3265
3353
3308
3337
3507
3469
3534
3707
3661
3679
3557
3430
3328
3337
3249
3193
3227
3222
3257
3274
3326
3325
3361
3345
3408
3420
3198
3264
3175
3234
3126
2889
3007
3028
3016
3176
3173
3169
3139
3150
3197
3090
3131
3124
3126
3103
3114
3183
3195
3138
3117
3190
3169
3184
3131
3032
3119
3016
3093
3218
3202
3225
3104
3139
2979
3105
3005
2954
2935
2897
2952
2973
2844
2677
2885
2955
2818
2873
3003
2977
3005
3023
3063
3112
3103
3067
3073
3320
3156
3106
3046
2985
3028
3058
3136
3286
3300
3400
3447
3566
3538
3498
3509
3514
3538
3430
3586
3513
3567
3630
3703
3640
3625
3547
3558
3452
3244
3198
3111
3157
3085
3004
2948
2960
2936
2999
2967
2956
2884
2817
2738
2838
2909
2961
2908
2930
2853
2816
2909
2765
2836
2832
2889
2863
2800
2973
3020
2957
2812
2874
2730
2691
2823
2881
2758
2653
2848
2898
2900
2805
2926
2909
2874
2952
3040
3030
3046
3036
3095
3112
3190
3255
3364
3361
3390
3419
3481
3413
3365
3402
3410
3315
3472
3379
3381
3393
3469
3491
3365
3417
3543
3620
3619
3663
3596
3628
3670
3592
3706
3648
3545
3504
3569
3535
3445
3508
3458
3378
3334
3264
3328
3378
3200
3258
3354
3253
3371
3412
3297
3347
3285
3371
3431
3436
3313
3350
3400
3406
3411
3293
3163
3138
3050
3104
3137
3156
3180
3220
3277
3323
3208
3207
3217
3078
3026
2953
2799
2841
2772
2767
2682
2760
2734
2858
2967
2899
2964
3099
3186
3127
3242
3345
3258
3200
3116
3338
3283
3219
3256
3301
3202
3117
2905
2828
2815
2597
2601
2404
2481
2458
2417
2398
2316
2321
2352
2397
2467
2523
2519
2443
2409
2434
2450
2490
2642
2674
2673
2728
2877
2968
2833
2880
2894
2913
2800
2752
2883
2825
2795
2766
2755
2751
2746
2714
2688
2665
2565
2600
2718
2700
2778
2842
2795
2743
2815
2891
2902
2868
2908
2905
2854
2878
2866
2922
3033
3051
3141
3238
3238
3346
3314
3332
3271
3455
3397
3281
3337
3306
3260
3294
3261
3184
3162
3176
3239
3215
3170
3264
3353
3353
3290
3219
3206
3232
3314
3171
3160
3122
3081
3041
3136
3169
3089
3115
3192
3122
3072
3086
3049
3111
3112
3074
3179
3195
3157
3038
3064
3052
2936
2920
2874
2850
2809
2780
2784
2718
2626
2684
2722
2746
2927
2881
2822
2762
2634
2641
2580
2652
2707
2676
2829
2703
2862
2807
2713
2793
2842
2791
2725
2721
2728
2832
2897
2865
2938
3010
2996
3111
3157
3184
3227
3289
3311
3245
3307
3377
3511
3620
3576
3519
3533
3473
3528
3484
3576
3688
3685
3761
3748
3966
3812
3837
3699
3666
3680
3699
3701
3772
3741
3975
3982
3939
3952
3951
4024
4016
4027
4086
4021
3993
3852
3953
3904
3979
3996
3955
3954
3963
3936
3934
4103
3939
3775
3713
3892
3876
3972
3975
3944
3917
3868
3798
3768
3893
3934
3769
3641
3646
3675
3589
3649
3594
3514
3517
3573
3557
3673
3572
3591
3621
3557
3577
3423
3439
3468
3419
3520
3588
3799
3844
3892
3900
3888
3901
3773
3865
3800
3660
3542
3651
3707
3650
3709
3767
3620
3566
3639
3623
3646
3641
3654
3627
3694
3570
3554
3540
3400
3314
3382
3298
3237
3348
3418
3474
3498
3323
3320
3300
3160
3232
3105
3257
3249
3151
3238
3190
3181
3108
3084
3101
3037
3050
3143
3054
2993
2989
3009
3105
2989
2955
2983
3000
2978
3132
3136
3164
3201
3165
3124
2996
2950
2994
2964
3002
2953
2979
2965
2900
3010
3077
3117
3058
2955
2896
2962
2913
2996
3170
3161
3210
3091
3062
3118
3070
2986
2968
2998
3117
3035
3078
3153
3327
3304
3295
3334
3273
3472
3554
3535
3642
3699
3675
3720
3693
3684
3660
3731
3711
3492
3429
3543
3599
3675
3529
3570
3467
3474
3599
3620
3655
3751
3803
3739
3808
3800
3847
3870
3890
3901
3789
3682
3643
3770
3735
3639
3617
3604
3634
3598
3671
3650
3641
3710
3748
3736
3617
3698
3764
3738
3735
3672
3808
3727
3619
3664
3653
3851
3771
3804
3742
3633
3701
3715
3758
3728
3735
3711
3546
3551
3642
3546
3722
3643
3607
3604
3696
3661
3652
3664
3574
3470
3576
3593
3583
3637
3584
3468
3478
3430
3647
3637
3679
3719
3572
3705
3679
3732
3625
3689
3613
3652
3785
3754
3825
3790
3774
3715
3621
3522
3501
3482
3464
3360
3504
3682
3697
3558
3559
3614
3659
3565
3600
3381
3300
3460
3539
3593
3608
3627
3574
3634
3661
3481
3471
3408
3631
3750
3783
3763
3795
3675
3717
3848
3746
3875
3821
4015
4025
4043
4219
4151
4108
4120
4181
4086
4175
4086
4128
4101
3991
4064
4020
3964
4017
4018
4041
3861
3780
3668
3578
3562
3680
3624
3651
3556
3565
3618
3603
3504
3441
3495
3358
3565
3509
3736
3879
3742
3740
3594
3650
3556
3429
3541
3556
3602
3529
3379
3439
3338
3370
3535
3483
3593
3435
3438
3656
3628
3842
3768
3859
3852
3889
3823
3878
3868
3861
3738
3861
3911
3882
3869
3899
3676
3697
3662
3656
3752
3745
3776
3708
3765
3830
3919
4011
3958
4043
4022
4127
4029
4055
4016
4015
3965
4033
4156
4319
4354
4174
4047
4048
4067
4055
3979
3980
3978
4221
4356
4236
4169
4220
4448
4511
4604
4583
4681
4771
4561
4571
4428
4353
4499
4471
4392
4449
4492
4456
4414
4395
4455
4574
4821
4896
4865
5015
4868
4844
5030
5052
5109
5131
5157
5270
5452
5417
5307
5219
5470
5570
5463
5518
5556
5656
5691
5885
5890
5950
6014
5896
6018
5914
5912
6061
6144
6231
6166
6238
6383
6277
6309
6154
5976
5858
5849
5816
5768
5698
5595
5654
5784
5807
5825
5967
6088
5945
5948
6106
6153
6089
6084
6241
6106
6091
6116
6267
6140
6027
6090
6116
6241
6223
6347
6373
6208
6133
6171
6219
6380
6535
6690
6655
6635
6618
6617
6526
6503
6301
6304
6231
6216
6004
5914
5887
6073
6054
6047
6097
5939
5989
5898
5983
5921
5933
6207
6260
6119
6016
5835
5908
5915
5803
5706
5607
5615
5523
5310
5361
5287
5267
5180
5158
5136
5318
5395
5275
5259
5502
5325
5189
5100
5110
5136
5187
5086
4961
4827
4688
4641
4771
4698
4729
4657
4751
4655
4700
4716
4794
4745
4663
4815
4587
4616
4471
4359
4248
4363
4279
4467
4616
4685
4738
4695
4739
4817
4633
4657
4880
4861
4977
5013
5019
4967
5254
5345
5338
5468
5571
5619
5641
5652
5543
5592
5635
5559
5476
5587
5663
5635
5515
5782
5519
5633
5555
5549
5527
5389
5474
5580
5376
5461
5580
5664
5645
5678
5682
5722
5853
5908
5636
5532
5718
5746
5640
5540
5529
5293
5460
5452
5564
5340
5237
5295
5179
5175
5159
5361
5341
5217
5254
5266
5278
5350
5504
5453
5603
5728
5651
5621
5743
5591
5626
5780
5735
5762
5769
5966
6011
6156
6233
6172
6082
5959
5981
5808
5759
5790
5849
5688
5851
5801
5851
5838
5755
5766
5625
5671
5759
5749
5894
5734
5781
5861
5843
5815
5666
5679
5742
5716
5622
5691
5660
5719
5675
5712
5587
5839
5798
5809
5859
5775
5690
5840
5793
5716
5672
5742
5824
5960
6025
5977
6174
6135
6006
5894
5727
5642
5621
5684
5663
5651
5742
5804
5832
5790
5822
5544
5564
5401
5424
5297
5239
5267
5198
4961
4875
4616
4559
4554
4855
4805
4858
4715
4776
4688
4768
4826
4874
4964
4859
4818
4678
4632
4773
4536
4616
4546
4610
4676
4685
4711
4554
4364
4237
4257
4234
4425
4366
4355
4280
4194
4231
4168
4328
4399
4447
4395
4402
4489
4640
4717
4920
4815
4870
4792
4923
5004
4912
5080
5069
4997
4884
4954
4871
4724
4605
4514
4512
4451
4610
4602
4484
4579
4644
4592
4614
4664
4528
4495
4514
4550
4488
4581
4435
4288
4259
4444
4596
4738
4594
4629
4669
4718
4744
4661
4620
4621
4670
4611
4454
4382
4454
4349
4219
4248
4196
4321
4411
4306
4430
4519
4579
4533
4525
4470
4434
4474
4493
4408
4354
4424
4314
4335
4406
4363
4353
4331
4334
4405
4339
4290
4189
4133
4349
4301
4397
4371
4454
4594
4601
4444
4337
4350
4468
4613
4530
4580
4421
4505
4434
4521
4613
4563
4496
4533
4661
4518
4509
4569
4653
4685
4835
4857
4927
4923
4943
5182
5158
5294
5203
5279
5198
5196
5296
5430
5439
5498
5376
5372
5335
5204
5337
5117
5224
5351
5343
5296
5261
5250
5315
5214
5176
5153
5386
5340
5294
5357
5333
5353
5358
5386
5481
5593
5624
5545
5552
5427
5525
5514
5546
5544
5556
5565
5724
5778
5837
5730
5593
5722
5823
5714
5683
5659
5683
5615
5488
5464
5698
5846
6012
6130
6129
6078
6108
6132
6130
6228
6109
6119
6053
6084
6030
6234
6072
6146
6065
6094
6131
5923
5964
5837
5953
5852
5810
5683
5586
5709
5490
5356
5405
5333
5317
5394
5276
5208
5253
5412
5499
5701
5675
5757
5785
5853
5797
5918
6183
6081
6006
6165
5956
6006
5914
5874
5808
5780
5759
5624
5431
5371
5389
5389
5263
5155
4938
5037
5129
5163
5239
5460
5598
5786
5905
5945
5984
5859
5871
5805
5886
5829
5742
5707
5865
5861
5653
5558
5346
5158
4924
4944
5041
5095
5209
4971
5015
5021
4879
4888
4964
4869
4929
4945
5121
5000
4899
4915
4791
4854
4822
4810
4801
4794
4829
4933
5032
5137
5120
5249
5137
5244
5111
5213
5219
5216
5132
5066
5117
5039
5097
5195
5290
5241
5314
5431
5473
5508
5570
5551
5480
5321
5249
5416
5415
5666
5490
5449
5445
5525
5570
5544
5527
5549
5710
5546
5422
5329
5293
5355
5542
5730
5859
5749
5820
5769
5790
5955
5979
5986
5892
5811
5917
5953
5958
6045
6171
6351
6429
6266
6123
6189
6228
6109
6106
6085
6035
5970
5817
5721
5621
5797
5691
5761
5770
5791
5837
5715
5802
5954
5839
5834
5835
5879
6020
6127
5986
5888
5901
6008
6113
5984
5894
5728
5732
5685
5581
5468
5511
5591
5666
5678
5681
5540
5618
5651
5652
5635
5709
5581
5601
5425
5398
5433
5449
5368
5448
5359
5466
5388
5440
5370
5427
5442
5495
5571
5677
5757
5753
5671
5819
5785
5723
5812
5603
5779
5833
5839
5936
6144
6289
6368
6383
6301
6018
5987
6107
5956
6165
6095
6242
6229
6170
6064
5991
6058
5967
5835
5895
5899
5738
5786
5747
5697
5725
5700
5572
5691
5657
5471
5672
5697
5536
5484
5427
5357
5357
5413
5539
5365
5293
5211
5224
5123
4916
4983
5049
4978
4949
4936
4956
4957
4862
4911
4882
4911
4903
5086
5151
5207
5315
5354
5256
5262
5285
5232
5313
5280
5307
5210
5232
5226
5137
5168
5178
5228
5229
5147
5140
5223
5309
5167
5312
5348
5189
5059
5155
4983
5138
5253
5223
5222
5217
5211
5136
5110
5081
4903
4927
5094
5091
4970
4922
4978
4909
4970
5065
5141
5097
5055
5068
5043
5059
5204
5065
4837
5002
4965
4839
4744
4875
4806
4801
4796
4733
4831
4915
5037
5119
5114
5228
5043
4984
4893
4913
4959
4997
5000
4877
5024
4983
5057
5090
5186
5181
5224
5199
5171
5206
5138
5413
5412
5345
5315
5461
5497
5673
5539
5627
5660
5748
5803
5910
6000
5977
5969
6155
6309
6253
6335
6435
6389
6455
6395
6471
6764
6833
6802
6745
6568
6523
6563
6615
6633
6657
6668
6892
6872
6909
6806
6866
6847
6995
7012
7122
7018
7006
7091
6839
6637
6711
6671
6691
6750
6841
6961
6806
6766
6685
6779
6712
6599
6408
6459
6530
6533
6395
6225
6249
6101
6010
6043
5907
5992
6029
6213
6244
6292
6299
6379
6529
6575
6597
6555
6478
6554
6880
6985
6916
6778
6763
6812
6802
6868
6703
6717
6749
6802
6708
6747
6740
6685
6793
6757
6662
6499
6317
6315
6258
6182
6192
6186
6064
6060
6041
6157
5961
6028
6065
6050
5976
6079
6175
6359
6421
6423
6481
6522
6435
6413
6490
6404
6524
6463
6489
6535
6680
6568
6596
6588
6620
6484
6399
6351
6521
6382
6393
6505
6396
6514
6526
6361
6522
6526
6498
6615
6583
6675
6711
6850
6858
6887
6856
6895
7001
7092
7079
6969
6886
6870
6733
6798
6810
6689
6525
6866
6823
6824
6903
6853
6957
7002
6897
6913
6884
6984
7013
7023
7139
7216
7374
7312
7344
7313
7455
7447
7314
7259
7141
7080
6981
7102
7202
7173
7074
7127
7021
6811
6764
6742
6659
6500
6485
6458
6589
6494
6530
6361
6295
6287
6404
6554
6493
6829
6923
6975
6871
6817
6952
7051
6894
6683
6815
6628
6733
6659
6727
6647
6617
6594
6588
6377
6191
6208
6227
6138
6272
6518
6529
6622
6692
6470
6284
6350
6523
6419
6438
6457
6532
6651
6608
6665
6781
6800
6769
6769
6800
6788
6760
6792
6951
7112
7036
7058
7219
7413
7525
7546
7601
7660
7577
7661
7657
7828
7818
7754
7613
7724
7700
7408
7737
7790
7649
7498
7434
7458
7711
7801
7756
7652
7614
7554
7738
7571
7483
7383
7090
7023
6953
6938
6905
6928
7040
7111
7294
7408
7449
7562
7465
7236
7203
7342
7388
7321
6966
6820
6756
6761
6863
6779
6917
6812
6652
6703
6719
6549
6557
6510
6424
6653
6497
6479
6376
6278
6400
6422
6648
6636
6587
6642
6482
6456
6503
6380
6352
6272
6317
6290
6203
6203
6146
6192
6278
6243
6265
6364
6358
6384
6405
6439
6465
6596
6518
6416
6664
6573
6514
6650
6652
6589
6644
6666
6644
6723
6762
6779
6892
7027
7241
7173
7242
7472
7359
7355
7359
7168
7342
7290
7275
7254
7410
7441
7528
7500
7380
7555
7499
7600
7579
7706
7762
7588
7562
7616
7300
7414
7731
7868
7801
7653
7640
7806
7763
7772
7791
7877
7979
8027
7997
8094
8394
8319
8237
8269
8455
8414
8474
8740
8833
8926
8701
8723
8879
9079
9184
9267
9040
9006
8957
8836
8901
8919
8854
8739
8610
8828
8974
8943
9070
8990
9037
8911
8736
8843
8604
8403
8256
8223
8122
7999
7673
7838
7868
7849
7929
8046
8048
8013
7915
7901
7968
7822
7742
7708
7714
7657
7668
7697
7378
7366
7196
7087
7227
7055
7287
7153
7220
7395
7423
7406
7239
7213
6994
6982
7069
7334
7228
7129
7328
7125
7231
7211
7024
7000
6934
6966
6732
6699
6648
6789
6782
6664
6591
6596
6665
6712
6808
6810
6776
6823
6983
6836
7108
7035
7147
7161
7001
7036
7187
7103
7167
7121
6956
6937
7033
6910
6848
6732
6651
6626
6675
6832
6819
6839
6953
6830
6913
6862
6891
6802
6739
6710
6758
6603
6674
6776
6698
6583
6501
6717
6621
6726
6743
6735
6654
6808
6700
6729
6647
6490
6311
6207
6254
6289
6304
6315
6112
6001
6033
5897
5847
5957
6090
6195
6315
6183
6320
6404
6465
6442
6448
6598
6524
6390
6348
6511
6371
6219
6364
6506
6383
6426
6303
6463
6369
6304
6430
6504
6479
6297
6188
6331
6600
6567
6608
6677
6471
6418
6519
6536
6598
6523
6670
6589
6618
6727
6733
6672
6611
6688
6616
6647
6675
6563
6540
6575
6325
6409
6482
6280
6214
6281
6310
6431
6572
6360
6148
6081
6123
6225
6320
6106
6209
6379
6372
6425
6349
6392
6200
6268
6358
6154
6077
6295
6200
6106
6092
6039
6130
6121
6155
6035
5982
5834
5664
5743
5721
5726
5745
5585
5729
5643
5672
5658
5774
5850
5775
5837
6245
6421
6627
6768
6776
6950
6850
6804
6713
6711
6736
6878
6761
6579
6486
6369
6329
6382
6148
6067
5819
5659
5570
5470
5353
5316
5141
5040
5027
5223
5216
5364
5377
5382
5558
5765
5723
5801
5836
5873
5826
5853
6025
5889
5870
5758
5776
5828
5855
5780
5845
5897
5841
5951
5995
5783
5736
5858
6129
6149
6172
6250
6271
6494
6362
6244
6056
5880
5672
5612
5535
5490
5384
5423
5270
5290
5302
5294
5371
5386
5438
5670
5503
5377
5411
5472
5279
5240
5214
5210
5182
5040
5131
5021
5062
5060
5081
5021
5114
5197
5288
5215
5362
5310
5216
5269
5203
5004
4965
4864
5009
4948
5080
5196
5252
5400
5445
5320
5408
5340
5357
5486
5367
5449
5172
5183
5071
5092
5109
5130
5218
5301
5519
5247
5105
5166
5223
5035
5054
5199
5121
5075
5164
5193
5109
5090
5048
5063
4927
4843
5008
5079
5124
5032
5034
5041
4871
4761
4780
4752
4710
4755
4685
4644
4756
4668
4703
4789
4775
4826
4799
4854
4733
4771
4805
4820
4841
4790
4649
4621
4410
4465
4450
4528
4670
4927
4817
4811
4831
4891
4686
4718
4757
4710
4576
4505
4611
4575
4367
4492
4686
4632
4715
4730
4943
5049
4966
4931
4942
5087
5080
5096
5278
5120
5078
4941
5027
5033
5060
5108
5006
4898
4923
4872
4726
4694
4671
4892
4925
4989
5103
4859
4736
4830
4870
4812
4945
4966
4962
4863
4836
4779
4736
4977
5109
5215
5208
5092
5151
5138
5251
5089
5043
5093
5033
4966
5027
4953
5000
4981
5001
5028
5014
5048
5149
5168
5258
5248
5414
5420
5535
5495
5540
5594
5615
5546
5581
5631
5365
5407
5456
5466
5446
5512
5655
5558
5657
5741
5514
5671
5687
5620
5444
5320
5397
5506
5593
5738
5710
5449
5450
5651
5591
5659
5553
5585
5546
5486
5351
5111
5134
5208
5099
5113
5220
5190
5153
5242
5316
5369
5274
5233
5361
5218
5237
5171
5222
5240
5300
5227
5238
5407
5470
5460
5458
5572
5584
5848
5942
5945
6092
6163
6098
6289
6514
6582
6565
6732
6685
6847
6976
6942
6910
6992
6992
7066
6807
6764
6799
6765
6816
6923
6924
6891
6815
6809
6695
6620
6823
6843
6866
6977
6955
6893
6712
6853
6731
6801
6868
6908
6869
6995
7049
7190
7141
7016
7169
6959
7026
6927
7120
6839
6829
6722
6780
6820
6847
6736
6606
6624
6689
6736
6917
6906
6870
6910
6797
6956
6945
6896
6990
6990
7060
7097
7291
7257
7236
7177
7374
7491
7427
7540
7521
7515
7321
7248
7362
7553
7557
7405
7308
7462
7485
7484
7598
7378
7418
7461
7409
7405
7408
7557
7431
7488
7411
7377
7516
7480
7363
7494
7582
7346
7164
7115
7280
7214
7323
7396
7496
7477
7346
7331
7234
7301
7425
7341
7338
7292
7206
7185
7162
7268
7147
7070
7242
7316
7169
7050
7287
7202
7104
7063
6968
6950
7033
6818
6874
6937
6819
6691
6756
6800
6837
6840
6865
6838
6903
6834
6638
6422
6370
6393
6333
6142
6030
6138
6152
6081
6241
6002
6016
5970
6013
5897
5697
5654
5552
5647
5539
5559
5532
5383
5381
5466
5482
5639
5413
5272
5231
5080
5006
4866
4803
4604
4705
4802
4747
4660
4598
4720
4878
4945
4765
4688
4739
4572
4378
4431
4374
4391
4413
4489
4343
4462
4367
4392
4461
4403
4385
4489
4536
4506
4424
4461
4568
4596
4710
4603
4461
4551
4583
4476
4520
4480
4728
4779
4769
4678
4642
4744
4789
4878
4849
5022
5033
4994
5062
5161
5254
5268
5239
5236
5309
5281
5244
5299
5265
5248
5218
5058
4942
5043
5048
4994
4898
4921
5019
5026
5000
5011
4948
4949
4866
4954
5194
5123
4943
4906
4886
4864
4678
4655
4664
4888
4876
4813
4767
4689
4595
4603
4540
4429
4454
4388
4252
4299
4330
4368
4274
4188
4131
4178
4301
4273
4382
4524
4496
4340
4389
4264
4297
4142
4078
4172
4196
4091
4118
4155
4305
4205
4262
4418
4368
4380
4398
4239
4400
4524
4489
4513
4713
4597
4579
4723
4593
4709
4745
4876
4841
4960
4826
4744
4753
4837
4999
4947
4940
4942
4890
4986
4957
4857
4833
4892
4751
4814
4869
4782
4752
4870
5030
5146
5177
5200
5297
5287
5384
5335
5209
5243
5152
5057
5037
4929
5118
4952
4888
4974
4899
4849
4926
4753
4875
4796
4881
4823
4761
4767
4726
4760
4626
4739
4896
4878
4763
4750
4889
5000
5073
5046
5107
5094
4969
4898
4754
4648
4569
4683
4673
4699
4721
4782
4648
4600
4567
4507
4711
4613
4602
4526
4555
4510
4610
4530
4370
4299
4331
4426
4447
4489
4537
4574
4706
4663
4742
4817
4957
5005
4938
4919
5086
5079
5017
4989
5053
5057
5082
4941
4980
5221
5378
5369
5307
5368
5300
5259
5264
5362
5269
5316
5316
5339
5144
5242
5275
5246
5230
5201
5297
5289
5286
5318
5284
5527
5429
5421
5411
5385
5476
5649
5545
5511
5341
5410
5361
5529
5557
5399
5330
5368
5461
5436
5360
5479
5500
5555
5512
5432
5469
5273
5112
5046
5058
4968
4965
4992
4911
4725
4660
4675
4743
4910
4931
4941
4801
4956
4947
5081
5065
4934
4904
4880
4703
4654
4689
4726
4641
4549
4597
4520
4755
4707
4752
4833
4850
4773
4583
4724
4615
4334
4407
4391
4367
4382
4267
4193
4173
4423
4512
4551
4473
4590
4394
4214
4143
4111
4061
4070
4129
4218
4210
4231
4230
4410
4354
4337
4521
4579
4734
4781
4747
4872
4892
4958
4970
4888
4749
4730
4731
4537
4563
4468
4328
4538
4513
4567
4451
4373
4449
4514
4537
4540
4492
4536
4647
4710
4722
4854
4813
4644
4595
4738
4749
4904
4813
4742
4774
4799
4636
4674
4708
4733
4677
4671
4657
4714
4608
4537
4517
4487
4471
4494
4611
4541
4560
4631
4770
4685
4842
5024
5141
5054
5059
5131
5116
5186
5154
5125
5065
5017
4811
4675
4673
4518
4561
4484
4454
4338
4406
4446
4423
4356
4393
4278
4171
4091
4168
4263
4222
4105
3895
4116
4251
4437
4537
4506
4544
4557
4758
4835
5000
4936
4940
5075
5176
5280
5352
5343
5175
5196
5175
5165
5072
5208
5264
5259
5210
5336
5134
5022
5180
5104
5184
5157
5187
5307
5257
5210
5214
5314
5287
5448
5480
5394
5283
5301
5215
5342
5321
5350
5413
5557
5536
5558
5296
5331
5351
5684
5677
5587
5674
5724
5752
5693
5855
5822
6048
6196
6091
6074
6088
6007
6049
6211
6259
6376
6586
6508
6552
6568
6448
6425
6364
6431
6547
6616
6657
6845
6913
7010
7029
7136
6987
7039
7011
6865
6828
6713
6898
6817
6708
6689
6634
6625
6625
6545
6555
6431
6267
6036
6166
6040
5960
5957
5910
6033
5928
5884
6004
5996
5953
5984
6102
6263
6306
6153
6010
5976
6150
6109
6132
6201
6156
5998
6062
5898
5978
6219
6350
6334
6168
6225
6295
6213
6041
5946
6107
5977
6022
6070
6023
6119
6046
6080
6005
5757
5814
5831
5685
5691
5740
5756
5848
5767
5602
5785
5807
5744
5826
5921
5753
5713
5629
5493
5454
5426
5177
5306
5370
5440
5332
5537
5503
5547
5442
5388
5426
5511
5699
5605
5669
5580
5683
5790
5810
5706
5684
5704
5755
5658
5626
5603
5483
5510
5497
5525
5461
5482
5463
5200
5213
5360
5237
5368
5414
5314
5257
5131
5278
5138
5128
5191
4988
4937
4952
5042
5144
5167
5323
5360
5462
5491
5481
5660
5557
5712
5780
5757
5625
5466
5247
5417
5560
5530
5498
5292
5279
5421
5454
5558
5574
5432
5536
5482
5531
5437
5380
5360
5349
5367
5326
5275
5310
5320
5318
5409
5486
5637
5751
5579
5703
5732
5592
5413
5350
5168
5074
5229
5199
5149
5229
5236
5239
5435
5591
5483
5619
5761
5818
5834
5866
5674
5743
5595
5637
5785
5870
5702
5716
5665
5510
5601
5451
5317
5380
5371
5438
5336
5166
5159
5211
5152
4951
4981
4891
5060
5201
5023
4901
4827
4937
4948
4916
5014
5084
5210
5179
5142
5197
5190
5157
5229
5363
5443
5532
5424
5586
5537
5578
5668
5434
5412
5505
5388
5373
5203
5053
5092
5113
5076
5042
5094
5341
5489
5510
5618
5716
5804
5607
5493
5597
5461
5523
5555
5696
5768
5748
5587
5548
5211
5220
5044
4960
5016
4865
4797
4599
4751
4612
4441
4444
4456
4498
4506
4594
4677
4753
4521
4591
4626
4545
4502
4648
4651
4831
4761
4715
4548
4508
4472
4334
4250
4110
4109
3987
3934
4004
4106
4161
4177
4192
4311
4392
4379
4435
4524
4466
4508
4306
4307
4299
4321
4297
4219
4299
4362
4295
4267
4311
4513
4700
4754
4875
4802
4620
4622
4492
4511
4498
4422
4395
4604
4600
4729
4589
4568
4559
4468
4526
4538
4645
4485
4555
4443
4449
4611
4553
4598
4565
4532
4416
4436
4456
4528
4552
4537
4451
4448
4508
4639
4545
4527
4323
4349
4495
4430
4320
4434
4419
4411
4546
4492
4325
4198
4053
4135
4183
3964
3930
3930
4112
4180
4281
4310
4295
4361
4306
4231
4109
4169
4169
4127
4300
4414
4503
4458
4344
4482
4456
4550
4575
4818
4688
4631
4699
4654
4724
4760
4904
4854
4781
4735
4664
4680
4618
4573
4673
4630
4658
4750
4823
4955
4688
4674
4724
4708
4706
5010
4929
4829
4640
4504
4555
4642
4610
4489
4536
4407
4385
4429
4532
4617
4512
4515
4614
4829
4906
5038
5296
5340
5432
5221
5144
5270
5264
5177
5265
5490
5514
5391
5387
5540
5469
5354
5426
5460
5480
5303
5091
5174
5082
4958
4823
4885
5012
5148
5213
5309
5337
5462
5458
5506
5544
5301
5374
5419
5279
5348
5228
5170
5145
5089
5139
5076
5049
5179
5272
5293
5423
5411
5543
5480
5558
5833
5925
5871
6108
6352
6487
6260
6146
6047
6017
5759
5759
5730
5785
5626
5434
5666
5663
5509
5631
5754
5794
5868
5879
5846
5808
5882
5578
5609
5577
5607
5531
5593
5636
5709
5562
5616
5744
5794
5875
5807
5782
5969
6017
6088
6126
5868
5766
6034
6183
6041
6119
6210
6102
6135
5977
6014
6162
5919
5801
5792
5987
5876
5756
5765
5914
5926
5875
5977
5893
5823
5809
5764
5849
5795
5725
5747
5870
5953
5945
5748
5834
5839
5732
5794
5733
5858
6129
6028
5903
5897
6093
6057
5807
5694
5630
5641
5496
5421
5409
5385
5358
5429
5492
5412
5558
5796
5725
5701
5779
5794
5766
5591
5592
5737
5786
5817
5752
5615
5643
5604
5693
5718
5708
5600
5503
5513
5494
5565
5498
5565
5646
5738
5635
5574
5641
5679
5502
5397
5275
5386
5306
5317
5419
5499
5401
5470
5421
5383
5337
5240
5156
5245
5221
5238
5257
5388
5327
5307
5350
5434
5474
5420
5279
5152
5048
5247
5194
5224
5423
5284
5307
5522
5544
5565
5455
5337
5325
5401
5450
5457
5324
5188
4913
4750
4653
4754
4741
4664
4881
4986
4955
5017
4937
4966
4911
5042
4998
5110
5098
4874
4796
4735
4798
4806
4669
4608
4494
4471
4486
4437
4369
4364
4330
4500
4469
4613
4602
4495
4467
4500
4545
4652
4722
4775
5006
4958
5094
5062
5075
5015
5036
5051
5265
5308
5358
5473
5466
5483
5429
5326
5209
5381
5510
5427
5223
5330
5524
5530
5663
5733
5758
5713
5604
5560
5479
5491
5511
5547
5600
5584
5696
5600
5568
5712
5652
5698
5578
5655
5570
5716
5687
5556
5536
5541
5649
5620
5589
5631
5618
5662
5617
5664
5570
5737
5673
5714
5722
5679
5721
5794
5758
5651
5524
5729
5690
5577
5536
5481
5628
5773
5802
5657
5688
5798
5700
5711
5758
5853
5947
6072
6129
6271
6114
6174
6198
6253
6193
5962
5864
5884
5888
5832
5907
5918
5952
5985
5896
5887
5872
5789
5642
5699
5701
5931
6117
6080
5898
5968
5953
6107
6178
6336
6431
6450
6458
6500
6541
6522
6518
6634
6655
6596
6578
6759
6843
6842
7048
6832
7020
6947
6807
6682
6753
6718
6801
6701
6723
6735
6691
6500
6655
6850
7045
7294
7204
7195
7376
7555
7637
7440
7343
7225
7111
7342
7535
7389
7401
7430
7346
7246
7091
7206
7142
7242
7116
7228
7095
6922
6943
6618
6569
6429
6522
6648
6625
6665
6617
6658
6606
6661
6673
6598
6517
6594
6871
6959
6976
7062
7222
7169
6826
6934
6661
6473
6363
6472
6102
6135
6202
6174
6236
6098
6270
6226
6295
6335
6194
6222
6208
6187
6322
6375
6382
6356
6475
6558
6553
6395
6416
6424
6470
6584
6602
6611
6614
6345
6272
6365
6254
6142
6056
6123
6132
6147
6087
5959
5895
5785
5753
5635
5605
5570
5609
5639
5467
5376
5474
5365
5253
5211
5217
5090
4991
5008
4946
4991
4938
4932
5004
5153
5315
5344
5265
5242
5165
5143
5224
5267
5411
5604
5512
5485
5413
5236
4994
4941
5072
5228
5194
5107
5142
5275
5046
4979
4962
4988
5022
5135
5297
5252
5269
5507
5493
5665
5691
5853
5772
5862
5854
5759
5957
5945
6022
6040
6021
6132
6268
6296
6221
6148
6109
6181
6267
6580
6644
6728
6690
6657
6452
6597
6710
6935
6783
6794
6868
6799
6803
6817
6776
6834
6793
6543
6601
6693
6809
6840
7006
6775
6677
6868
6978
6810
6773
6810
6777
6805
6843
6843
6855
6740
6645
6764
6735
6660
6528
6562
6519
6458
6320
6293
6223
6169
6258
6002
6071
6144
6214
6314
6266
6356
6266
6289
6390
6519
6594
6424
6560
6629
6681
6571
6723
6697
6745
6716
6557
6528
6602
