1005000
267091
173653
128277
101793
83785
71310
61484
54925
49234
44561
41006
37823
34603
31951
29790
28001
26489
25090
23621
22398
21096
19994
19374
18352
17735
17107
16490
15802
14941
14857
14437
13731
13215
12569
12398
12161
11854
11621
11197
10745
10612
10152
9825
9486
9239
9092
8934
8787
8598
8629
8461
8424
8266
8362
8208
8064
7923
7692
7439
7380
7143
6966
6854
6810
6506
6360
6434
6390
6355
6458
6528
6309
6188
6243
6129
6179
6069
5949
5848
5750
5728
5669
5709
5488
5319
5183
5116
4929
4779
4731
4647
4575
4594
4540
4461
4340
4308
4190
4233
4187
4056
4074
4024
3983
3929
3876
3861
3882
3885
3754
3803
3763
3673
3670
3788
3683
3829
3892
3841
3842
3876
3927
3795
3736
3690
3623
3637
3558
3329
3388
3479
3518
3515
3344
3358
3457
3562
3468
3510
3443
3514
3637
3527
3540
3631
3620
3628
3637
3650
3631
3461
3393
3397
3216
3159
3240
3148
3139
3056
3083
3067
3107
3144
3117
3107
3001
3010
2984
3028
3015
2990
2961
3035
3018
2941
3079
2985
2983
2819
2676
2533
2503
2433
2448
2529
2440
2323
2473
2368
2286
2343
2314
2293
2272
2228
2190
2223
2298
2112
2163
2145
2112
2070
2002
2007
2045
1986
2118
2128
2070
2006
1909
1921
2032
2071
1989
2007
2029
1998
1899
1786
1915
1994
1949
2040
1953
2026
1983
1941
2070
2055
1939
2064
2100
2082
2035
1969
1937
1939
1941
1908
1905
1848
1827
1848
1852
1804
1728
1717
1659
1683
1699
1665
1647
1693
1639
1746
1719
1792
1810
1719
1683
1637
1602
1701
1764
1810
1839
1752
1822
1758
1663
1635
1600
1560
1437
1377
1331
1320
1354
1350
1302
1377
1350
1362
1401
1404
1455
1383
1309
1336
1311
1330
1272
1343
1325
1431
1467
1496
1560
1477
1374
1418
1529
1627
1743
1749
1816
1782
1810
1870
1851
1848
1833
1953
1869
1851
1845
1773
1833
1743
1774
1776
1716
1741
1725
1692
1740
1770
1736
1749
1780
1824
1779
1704
1737
1788
1711
1804
1797
1822
1683
1708
1722
1824
1803
1791
1713
1683
1705
1708
1668
1656
1798
1884
1917
1823
1950
2034
2008
2022
2073
2103
2194
2233
2193
2076
2150
2094
2049
2161
2188
2106
1983
1992
2055
2125
2175
2150
2227
2275
2220
2140
2268
2277
2226
2194
2186
2138
2200
2221
2323
2469
2485
2501
2463
2460
2548
2520
2577
2525
2511
2521
2458
2379
2392
2400
2494
2497
2370
2404
2505
2375
2430
2437
2394
2302
2247
2320
2384
2348
2245
2205
2130
2134
2110
2083
1989
1953
1993
1942
1818
1770
1758
1714
1680
1732
1830
1932
1987
2028
1974
2088
2088
2153
2041
2022
2067
2028
2088
2079
2043
1911
1839
1813
1860
1707
1779
1815
1783
1814
1764
1761
1839
1858
1918
2026
2016
2028
2129
2125
2157
2109
1980
1946
1858
1878
1869
1798
1783
1809
1765
1735
1714
1705
1581
1545
1467
1470
1440
1401
1422
1464
1401
1485
1459
1471
1485
1443
1557
1636
1738
1774
1836
1876
1950
2068
2125
2122
2199
2210
2301
2331
2420
2494
2538
2564
2638
2612
2691
2592
2610
2557
2545
2603
2668
2629
2573
2762
2813
2810
2851
2761
2795
2833
2780
2705
2712
2722
2646
2520
2541
2464
2563
2526
2575
2589
2570
2617
2496
2416
2534
2576
2537
2627
2641
2655
2628
2638
2637
2687
2694
2689
2721
2791
2670
2736
2695
2751
2773
2821
2752
2855
2769
2849
3018
3020
3083
3104
3177
3292
3300
3299
3408
3291
3311
3225
3259
3255
3167
3196
3029
3161
3113
2995
2967
2847
2833
2788
2696
2802
2797
2741
2693
2854
2857
3020
3057
3071
2998
2929
2916
2839
2817
2809
2860
3001
3052
2986
3057
3033
3025
3073
3166
2974
2896
2925
2932
2744
2749
2952
3082
3215
3125
3011
2903
2954
2994
2985
2919
3013
2984
3065
3124
3123
3060
2986
2945
3002
2960
2934
2836
2876
2792
2832
2894
2877
2902
3006
2933
2878
2813
2926
2834
3021
2963
3173
3129
3074
3049
3168
3102
3170
3068
3192
3183
3157
3162
3184
3204
3224
3371
3307
3410
3357
3362
3296
3336
3235
3132
3225
3141
3198
3402
3431
3408
3271
3325
3301
3432
3441
3355
3281
3448
3570
3592
3494
3571
3549
3578
3485
3420
3429
3470
3417
3511
3574
3590
3537
3358
3327
3255
3239
3187
3207
3218
3235
3240
3399
3489
3569
3623
3555
3423
3446
3563
3569
3551
3613
3673
3642
3693
3548
3594
3554
3449
3398
3464
3457
3501
3638
3747
3763
3701
3670
3701
3717
3801
3697
3775
3850
3925
3866
3645
3710
3781
3758
3765
3798
3837
3885
3954
3915
3815
3848
3943
3924
3950
4168
4107
4101
4157
4052
4262
4440
4448
4632
4762
4820
4644
4618
4605
4671
4612
4719
4673
4737
4943
4970
4888
4961
4896
4971
5220
5090
5120
5112
5170
5167
5183
5227
5269
5267
5325
5350
5334
5417
5264
5146
5230
5159
5277
5192
5069
5078
5243
5097
4981
4811
4920
4873
4834
4967
5030
5079
4875
4944
4953
4904
4873
4939
4914
4872
4864
4758
4679
4595
4588
4493
4519
4552
4469
4429
4289
4229
4216
4258
4272
4410
4336
4276
4295
4189
4101
4087
4150
4234
4248
4137
4105
4106
4224
4241
4299
4222
4109
4202
4354
4383
4386
4376
4241
4416
4168
4061
4150
4146
4170
4140
4242
4341
4191
4248
4224
4239
4319
4297
4382
4513
4548
4658
4788
4811
4720
4575
4677
4738
4772
4808
4762
4771
4786
4689
4671
4724
4500
4449
4443
4496
4590
4598
4338
4135
3986
4016
4227
4299
4259
4306
4215
4280
4316
4306
4269
4107
4072
4051
3974
4064
4214
4192
4214
4186
4162
4216
4180
4221
4130
4113
4177
4071
3990
4022
4042
4135
4115
4017
3971
4031
4184
4293
4470
4554
4631
4715
4562
4649
4666
4729
4666
4672
4743
4739
4857
4901
4928
4950
4851
4805
4886
5007
5125
5252
5430
5278
5371
5219
5062
5326
5441
5611
5858
5935
5863
5903
5671
5731
5852
5800
5885
5830
6001
5863
5919
5815
5849
5868
5948
5958
5787
5596
5437
5384
5492
5679
5760
5585
5526
5414
5514
5380
5434
5459
5281
5470
5590
5758
5705
5747
5719
5834
5795
5950
5993
5999
6106
6105
6203
6080
5909
5789
5648
5556
5654
5505
5524
5531
5619
5622
5800
5795
5704
5783
5724
5544
5464
5564
5644
5836
5965
5860
5626
5670
5835
5929
5948
5935
5984
6038
5925
5782
5585
5567
5544
5403
5494
5357
5480
5573
5468
5651
5719
5493
5361
5261
5374
5382
5495
5611
5768
5949
5774
5622
5569
5772
5699
5599
5444
5426
5388
5431
5600
5630
5658
5363
5310
5326
5514
5585
5520
5587
5446
5412
5607
5433
5360
5272
5160
5051
5022
5041
5181
5420
5413
5197
5303
5549
5454
5555
5615
5662
5788
5717
5668
5676
5645
5486
5561
5353
5323
5343
5181
5257
5269
5261
5181
5295
5303
5514
5446
5545
5265
5204
5191
5164
5126
5216
5310
5346
5327
5368
5574
5445
5458
5271
5325
5358
5378
5496
5618
5591
5686
5879
5968
6086
6183
6213
6306
6172
5987
5940
5789
5807
5885
5853
5729
5878
5822
5789
5905
5786
5755
5623
5720
5547
5629
5834
5833
5916
5746
5798
5825
5801
5765
5949
5957
6095
5996
6038
6005
5809
5683
5533
5673
5905
5909
5834
5856
6023
6139
6276
6332
6237
6206
6285
6198
6226
6365
6503
6406
6532
6455
6410
6151
6115
6190
6211
6086
6013
6150
6086
6093
6234
6342
6272
6279
6451
6366
6252
6300
6268
6294
6180
6095
6036
6023
6089
6121
5844
6064
5935
6060
6070
6091
5943
5778
5673
5617
5629
5720
5809
5770
5748
5731
5796
6032
6013
5998
6102
6023
5791
5802
5712
5758
5850
5621
5680
5629
5458
5134
5165
5288
5293
5285
5304
5300
5494
5325
5197
5326
5348
5423
5527
5376
5261
5278
5364
5353
5504
5447
5531
5696
5699
5957
5992
6042
6121
6140
6101
6015
6041
6144
6027
6025
5919
5996
5829
5798
5582
5541
5582
5560
5594
5548
5558
5440
5535
5561
5690
5546
5516
5469
5452
5370
5419
5234
5241
5328
5251
5280
5381
5554
5784
5844
5929
6009
5997
6138
6141
6250
6359
6423
6314
6505
6640
6478
6402
6307
6245
6262
6283
6440
6461
6432
6408
6415
6478
6482
6506
6632
6393
6253
6240
6225
6265
6239
6357
6350
6243
6432
6371
6356
6300
6348
6172
6039
5881
5921
5684
5515
5492
5546
5557
5526
5460
5513
5251
5180
5225
5063
5209
5191
5047
5255
5186
5089
4919
4856
4835
4804
4889
4910
4993
4965
5093
5106
5216
5083
5193
5311
5286
5296
5313
5320
5383
5257
5315
5245
5281
5288
5250
5354
5309
5315
5409
5531
5705
5767
5777
5550
5636
5559
5584
5494
5552
5612
5694
5496
5342
5498
5416
5468
5426
5540
5475
5754
5741
5849
6078
6260
6106
6284
6162
6179
5944
5833
5913
6045
5964
6114
6134
6034
5978
6103
6228
6358
6326
6346
6353
6175
6319
6214
6265
6271
6283
6408
6611
6661
6856
6925
6888
6609
6573
6631
6642
6599
6711
6604
6692
6463
6376
6484
6454
6648
6514
6658
6797
6652
6865
6843
6715
6753
6760
6718
6757
6893
6862
6892
6758
6651
6831
6765
6836
6742
6842
6870
6767
6640
6504
6461
6498
6412
6469
6542
6417
6657
6650
6792
6846
6837
6849
6732
6793
6675
6658
6796
6664
6659
6694
6723
6698
6609
6473
6345
6295
6348
6383
6508
6380
6408
6414
6383
6275
6241
6183
6102
6073
6209
6093
5939
5913
5905
5822
5686
5637
5853
5873
5929
5906
5701
5552
5386
5264
5228
5313
5384
5482
5620
5707
5806
5813
5713
5911
5895
5966
5793
5932
5874
5790
5831
5832
5765
5831
5948
5852
6063
6123
6179
6197
6014
5975
6134
6156
6196
6310
6245
6251
6067
6155
6122
6066
5962
5897
5890
6000
5708
5610
5599
5630
5536
5697
5853
5770
5730
5678
5682
5646
5741
5808
5641
5677
5643
5712
5684
5693
5886
6055
6002
6129
5972
6160
6132
6262
6352
6473
6380
6240
6338
6314
6221
6097
6185
6233
6317
6357
6267
6173
6275
6180
6073
5960
5929
5829
5762
5785
5854
5767
5787
5799
5656
5617
5653
5614
5678
5652
5611
5646
5645
5676
5886
5737
5616
5600
5672
5696
5822
5777
5822
5952
5890
5811
5701
5810
5873
5751
5816
5742
5885
5672
5738
5653
5746
5773
5870
6027
6044
6148
6222
6174
6254
6316
6083
6060
5981
5849
5976
6025
5670
5830
5878
5858
5883
5821
5758
5727
5873
5881
5910
6120
6146
6126
6061
6270
6314
6246
6279
6200
6345
6346
6305
6425
6624
6464
6367
6437
6520
6394
6420
6421
6412
6279
6357
6241
6198
6342
6375
6571
6441
6421
6393
6365
6336
6341
6391
6327
6225
6128
6142
5866
5919
5742
5672
5709
5734
5496
5501
5452
5429
5603
5588
5765
5748
5694
5630
5639
5556
5657
5633
5628
5585
5652
5756
5882
5824
5902
5975
5987
5775
5934
5816
5800
5832
5743
5847
6060
6062
6067
6053
6204
6236
6069
5989
5919
5831
5869
5912
6004
5880
5910
5968
5804
5835
5984
5925
6047
5942
5926
5694
5694
5719
5847
5829
6045
6112
6205
6131
6138
6088
5810
5914
5968
6031
5875
5855
5951
5943
5940
5869
5943
6099
6085
6187
6225
6297
6347
6543
6540
6449
6473
6286
6352
6226
6329
6409
6357
6352
6356
6095
6009
5874
6154
6301
6112
6057
6117
6068
5928
5867
5956
5716
5765
5744
5804
5755
5822
5734
5764
5597
5646
5497
5513
5357
5481
5758
5724
5758
5979
5995
6123
6155
6298
6117
5970
5926
5989
5886
5948
6132
6042
6069
6085
6028
6107
6124
6137
6060
5915
5719
5687
5793
5903
6029
5849
5719
5919
5869
6008
5855
6049
5818
5682
5633
5693
5569
5661
5724
5772
5808
5941
5972
6052
6242
6471
6407
6416
6402
6538
6562
6633
6537
6634
6619
6687
6804
6894
6921
6860
6612
6546
6495
6520
6466
6447
6233
6164
5986
6031
5974
5995
5839
5795
5555
5500
5587
5604
5608
5759
5680
5672
5381
5396
5173
5276
5283
5184
5164
5115
5073
4866
4804
4711
4725
4501
4373
4302
4161
4150
4129
4109
4093
4226
4155
4051
4109
4135
4528
4529
4574
4612
4613
4742
4741
4567
4673
4736
4895
4965
5052
5066
4990
4884
4715
4864
5027
5112
5229
5337
5340
5471
5234
5299
5116
4962
4951
5045
5109
5155
5150
5297
5300
5454
5408
5393
5442
5555
5481
5592
5606
5664
5696
5645
5722
5795
5765
5618
5527
5391
5351
5414
5306
5325
5261
5139
5120
5145
5040
4854
4786
4747
4914
4955
5126
5138
5119
5142
5211
5293
5223
5190
5225
5458
5550
5435
5486
5454
5444
5459
5585
5714
5745
5844
5747
5700
5649
5608
5525
5306
5255
5433
5393
5002
5086
5105
5202
5105
5032
5091
5243
5485
5741
5904
5829
5887
5787
5962
5974
6033
5981
5853
5942
6022
6064
6145
6301
6312
6280
6258
6300
6359
6396
6596
6774
6832
6945
6862
6834
6829
6759
6562
6533
6600
6647
6715
6681
6722
6800
6895
6826
6676
6877
6822
6930
7119
7034
6953
7016
7113
7214
7340
7437
7436
7287
7354
7230
7246
7379
7512
7433
7434
7524
7586
7606
7352
7229
7310
7447
7157
7070
7123
7014
6994
6971
6863
6923
6890
6743
6714
6549
6622
6580
6518
6529
6542
6586
6456
6332
6228
6263
6405
6442
6494
6521
6518
6609
6717
6634
6558
6532
6498
6642
6720
6667
6741
6592
6797
6897
6830
6882
6871
6639
6347
6307
6146
6010
5936
6013
5985
5816
5833
5692
5789
5774
5690
5529
5300
5365
5477
5452
5553
5532
5699
5604
5667
5875
5966
6238
6117
6194
6164
6323
6296
6473
6319
6386
6535
6609
6520
6582
6444
6418
6469
6530
6492
6452
6366
6254
6222
6127
6150
6273
6099
6190
6157
6100
5952
5781
5737
5533
5591
5644
5737
5645
5674
5573
5555
5555
5560
5483
5576
5610
5729
5853
5898
5810
5779
5811
6012
6112
6101
6109
6164
5970
6302
6175
6060
6289
6201
6323
6373
6448
6379
6356
6250
6177
6140
6196
6649
6617
6733
6707
6523
6359
6416
6425
6497
6625
6541
6587
6613
6399
6405
6656
6697
6796
6928
6749
6796
6706
6745
6885
7070
7084
7227
7159
7078
7034
7093
6981
7066
6897
6895
6960
6856
6838
6864
6909
7056
7044
7140
7264
7383
7132
7159
7336
7266
7303
7274
7127
6855
6969
6918
6967
7095
7358
7245
7265
7121
7147
7385
7198
7159
7041
7003
7202
6868
7025
6952
7008
7032
6943
6928
6990
6916
6881
6787
6634
6574
6348
6444
6409
6538
6596
6503
6411
6348
6413
6267
6375
6265
6421
6361
6316
6199
6173
6085
6044
6099
6035
6064
6027
5930
5834
5654
5646
5687
5684
5724
5643
5732
5679
5664
5474
5387
5630
5677
5653
5806
6024
6052
5952
6042
5956
6010
5864
5965
6057
6138
6209
6295
6341
6301
6382
6477
6559
6603
6646
6508
6521
6473
6568
6442
6232
6202
6087
5919
6037
6083
6199
6352
6385
6297
6260
6190
6304
6335
6365
6283
6283
6250
6276
6430
6473
6417
6329
6396
6319
6341
6268
6134
6241
6104
6226
6054
6029
5954
5891
5890
5944
5939
6109
6089
6218
6003
6011
6049
6194
6314
6354
6239
6204
6206
6235
6190
6145
6012
5998
5925
5958
5995
6037
5910
6021
6157
6046
6183
6111
6061
6091
6155
5904
5736
5808
5682
5685
5642
5687
5592
5601
5561
5472
5397
5465
5525
5565
5415
5495
5652
5500
5485
5483
5551
5676
5609
5743
5525
5597
5552
5620
5690
5910
5777
5794
5690
5713
5717
5841
5701
5693
5794
5825
5722
5715
5693
5734
5847
5828
5706
5830
5752
5749
5962
5989
6032
6171
6206
6362
6338
6240
6212
6049
6081
6055
5872
5805
5945
6052
6035
5991
6109
6256
6167
6205
6297
6252
6254
6143
6321
6283
6215
6282
6089
6055
6109
6113
6146
6016
5958
6009
6117
5953
6060
5733
5564
5464
5371
5260
5400
5287
5460
5414
5430
5571
5509
5490
5447
5217
5252
5159
5017
5120
4970
4979
4885
4926
5003
5091
4929
4926
4937
4925
5000
5091
5080
5119
5091
5199
5288
5255
5293
5478
5394
5482
5431
5426
5453
5400
5271
5288
5327
5372
5395
5279
5130
5242
5175
5193
5273
5183
5151
5086
5051
4985
5107
5203
5135
5219
5437
5289
5359
5443
5386
5250
5390
5366
5283
5333
5181
5276
5269
5526
5601
5565
5682
5690
5609
5560
5584
5705
5909
5942
5940
5801
5579
5564
5703
5614
5704
5837
5931
5976
5960
6038
6212
6090
5899
5749
5712
5853
5703
5681
5698
5618
5529
5623
5796
5855
5893
5904
5744
5824
5863
6013
5930
5902
5855
5749
5742
5669
5714
5722
5714
5768
5769
5836
5824
5685
5745
5712
5580
5589
5711
5685
5773
5820
5761
5875
5809
5844
5830
5845
5880
5847
6040
6117
6044
6204
6003
6028
6005
5814
5774
5469
5477
5520
5649
5548
5657
5754
5507
5468
5543
5420
5400
5303
5379
5292
5281
5288
5218
5153
5222
5318
5129
4993
4895
4893
4970
5074
4964
4811
4733
4670
4712
4555
4466
4606
4567
4639
4523
4525
4618
4652
4634
4647
4736
4668
4663
4772
4866
4976
5088
5104
4964
4905
4820
4996
4816
4907
4938
5035
5064
5085
5049
5199
5368
5283
5276
5202
5168
5182
5002
5031
5081
5064
5113
5147
5116
5089
5051
5190
4997
4939
4935
5027
5006
5033
5072
5120
5149
5185
5099
5132
5106
5181
5346
5342
5500
5647
5545
5641
5670
5508
5509
5564
5527
5361
5324
5304
5006
5153
5223
5221
5202
5185
5160
5064
5146
5013
5057
4990
5082
5014
5042
5102
5038
5202
5278
5319
5198
5266
5352
5683
5689
5712
5702
5649
5890
6001
5991
5988
6121
6275
6265
6290
6249
6326
6390
6433
6308
6343
6268
6292
6312
6164
6132
6197
6203
6262
6163
6100
6153
6012
6001
5771
5737
5785
5768
5817
5911
5902
5906
5643
5444
5311
5500
5348
5352
5407
5510
5498
5479
5341
5282
5248
5396
5383
5492
5479
5365
5268
5348
5382
5472
5599
5562
5675
5754
5828
5809
5746
5815
5696
5638
5650
5536
5478
5509
5479
5298
5336
5435
5546
5502
5625
5658
5780
5729
5520
5395
5536
5597
5504
5607
5670
5479
5576
5674
5595
5637
5605
5548
5466
5408
5432
5304
5276
5193
5194
5148
5084
5102
5220
5378
5266
5289
5149
5298
5264
5316
5093
5242
5319
5318
5248
5264
5435
5524
5291
5398
5320
5325
5351
5498
5560
5441
5469
5541
5646
5804
5853
6118
6062
5973
5952
6038
6124
6170
6308
6218
6166
6064
6062
6075
6146
5877
5815
5844
5860
5742
5845
5580
5745
5924
6041
6078
6149
6071
5956
5987
5890
5794
5859
5854
5960
6098
5913
5818
5877
6191
6201
6159
5931
5893
5898
5681
5381
5280
5241
5143
5079
4944
5114
5156
5183
4910
4932
4903
4838
4836
4804
4833
4861
4867
4757
4732
4806
4756
4723
4807
4958
4934
4855
4881
4789
4929
4779
4820
4756
4923
4960
4840
4796
4801
4817
4861
5009
5009
4821
4731
4702
4587
4551
4667
4754
4809
4970
5324
5158
4954
5021
5081
5112
5080
4989
5128
5011
4995
4974
5188
5166
5285
5460
5538
5701
5655
5498
5456
5630
5574
5699
5866
6064
6181
6341
6545
6538
6493
6468
6283
6181
6095
5882
6035
6171
6299
6401
6516
6778
6639
6469
6391
6357
6325
6341
6460
6327
6369
6537
6482
6504
6531
6442
6653
6804
6679
6477
6393
6455
6468
6295
6548
6429
6458
6466
6516
6537
6530
6614
6679
6844
6790
6741
6814
6953
6905
6923
6808
6910
7039
7008
7051
7077
7130
7093
7225
7028
6938
7012
7003
6986
7056
6961
6835
6876
6927
6968
7023
6841
7125
6979
6924
6849
6791
6722
6903
6692
6738
6673
6633
6806
6853
6934
6862
6904
6940
7002
6894
6744
6791
6622
6606
6663
6635
6581
6304
6468
6504
6319
6163
5998
5957
5749
5931
6047
6204
6098
6080
6157
6123
6168
6357
6327
6259
6140
6322
6414
6393
6416
6374
6390
6489
6400
6615
6544
6549
6709
6641
6336
6491
6400
6398
6360
6223
6171
6166
6229
6361
6215
6435
6420
6419
6440
6289
6251
6227
6181
6248
6224
6270
6285
6359
6309
6378
6189
6230
6126
6085
5993
5933
5778
5823
5819
5858
5664
5717
5760
5917
6057
5879
5829
5842
5735
5713
5675
5597
5728
5472
5337
5424
5323
5386
5528
5519
5448
5486
5410
5369
5348
5517
5577
5374
5392
5326
5554
5597
5746
5622
5663
5537
5645
5560
5633
5818
5881
5678
5672
5593
5711
5805
5726
5713
5712
6017
6110
6167
6290
6237
6140
6068
5963
6043
6177
6180
6092
6039
5934
6043
6320
6234
6253
6299
6157
6201
6155
6064
6194
6392
6288
6310
6212
6141
6302
6368
6232
6330
6332
6518
6652
6694
6734
6450
6378
6515
6549
6450
6278
6260
6228
6352
6312
6300
6327
6245
6183
6119
5922
6145
6265
6387
6296
6307
6446
6427
6582
6389
6434
6582
6744
6829
6747
6879
6968
7195
7287
7293
7381
7583
7630
7483
7213
7236
7422
7356
7441
7478
7291
7272
7320
7289
7271
7461
7433
7361
7107
7194
7115
7137
6994
7121
7147
7092
7295
7356
7249
7030
6948
6764
6858
6875
6931
7005
6900
6733
6675
6748
6666
6720
6639
6550
6548
6402
6339
6336
6372
6423
6382
6379
6435
6610
6503
6379
6464
6274
6131
6095
6156
6221
6214
6166
6312
6400
6284
6180
6092
5982
5826
5916
6067
6258
6150
6233
6163
6097
5903
6067
6167
6144
6134
6352
6402
6490
6691
6643
6561
6516
6583
6753
6607
6575
6645
6585
6541
6474
6531
6541
6432
6470
6464
6437
6362
6445
6458
6441
6665
6838
6763
6785
6919
7155
7180
7202
7210
7420
7274
7299
7078
7046
6793
6744
6624
6681
6575
6646
6538
6589
6579
6551
6835
6714
6822
6862
7063
6952
6821
6873
6951
6955
6943
6782
6886
6929
6682
6693
6603
6636
6712
6729
6757
6722
6706
6767
6813
6756
6697
6444
6408
6328
6438
6284
6181
6107
6249
6135
6156
6448
6549
6575
6508
6411
6463
6541
6385
6347
6419
6425
6512
6353
6435
6264
6174
6268
6342
6503
6686
6772
6887
6918
7057
7001
7055
7048
6923
6962
7055
7110
6866
6873
6877
6793
6689
6664
6600
6672
6654
6506
6716
6579
6557
6675
6718
6423
6409
6509
6516
6355
6269
6333
6229
6123
6086
6095
6058
5995
6218
6143
6258
6358
6301
6545
6571
6716
6652
6583
6542
6402
6413
6695
6597
6512
6606
6568
6547
6563
6601
6491
6449
6376
6392
6352
6206
6284
6254
6176
6363
6406
6506
6455
6622
6526
6376
6650
6402
6232
6149
6123
6206
6078
6303
6542
6655
6333
6486
6401
6444
6379
6539
6434
6224
6076
6040
5896
5743
5634
5561
5548
5417
5377
5266
5002
5096
5156
5185
5084
4999
4981
5011
5027
4953
4852
4948
4895
4821
4960
4996
5073
5152
5333
5465
5478
5480
5433
5490
5538
5213
5401
5418
5446
5627
5737
6035
5970
5919
5788
5968
5913
5977
5910
6080
6081
6226
6140
6130
6255
6297
6538
6692
6827
6701
6422
6148
6175
6219
6298
6299
6264
6142
6093
6128
6225
6304
6433
6305
6325
6456
6437
6335
6440
6427
6561
6729
6702
6766
6847
7016
6958
7032
7131
7215
7332
7292
7353
7347
7058
6936
7146
7139
7266
7195
7286
7516
7393
7407
7502
7458
7231
7040
6865
6819
6688
6741
6469
6436
6567
6518
6606
6502
6497
6396
6279
6314
6170
6012
5835
5888
5990
6070
6299
6196
6295
6190
6118
6017
6030
5938
5872
6059
6023
5988
6112
6251
6277
6346
6154
6047
6087
6151
6161
6184
6157
6143
6036
6220
6286
6497
6602
6676
6584
6423
6538
6476
6337
6387
6333
6286
6265
6290
6331
6498
6540
6546
6334
6372
6440
6505
6411
6486
6275
6190
6124
6199
6382
6528
6354
6299
6152
6065
6210
6150
6027
5943
6051
5927
6016
5807
5876
5980
5903
5921
6038
6033
6092
5922
5823
5889
5802
5696
5666
5651
5648
5613
5439
5385
5380
5168
5071
5028
5120
5123
5199
5244
5240
5279
5290
5572
5607
5564
5612
5694
5577
5598
5507
5715
5802
5709
5744
5866
6004
6072
6127
5901
5818
5690
5592
5417
5474
5608
5605
5729
5835
5864
5865
5779
5882
5714
5532
5495
5437
5435
5330
5431
5504
5808
5766
5552
5500
5494
5661
5801
5739
5808
5807
6032
6079
6132
6123
6306
6226
6392
6499
6435
6303
6388
6533
6509
6712
6540
6644
6598
6555
6353
6438
6542
6491
6607
6722
6701
6716
6761
6642
6490
6437
6435
6441
6403
6233
6101
5980
5977
5864
5814
5874
5885
5727
5683
5613
5718
5673
5668
5429
5532
5697
5570
5465
5324
5234
5034
4932
4906
4829
4658
4546
4615
4628
4660
4612
4610
4833
4856
4971
5085
5101
5137
5107
5107
5330
5413
5347
5443
5394
5325
5311
5218
5217
5266
5383
5512
5619
5488
5430
5307
5430
5395
5310
5241
5241
5252
5258
5117
5112
5034
5201
5110
5269
5140
5138
5191
5405
5336
5264
5223
5095
5161
5152
5291
5546
5532
5504
5447
5335
5360
5243
5045
5076
4828
4612
4565
4640
4684
4575
4572
4848
4920
4873
5083
5005
4971
4795
4738
4715
4788
4687
4721
4627
4875
5052
5004
5001
4896
5025
5297
5025
4994
5042
5117
5116
5198
5203
5109
5149
4863
4943
5113
5059
4981
5085
5009
5187
5176
5328
5533
5654
5597
5499
5611
5649
5679
5672
5563
5624
5486
5480
5458
5666
5478
5412
5279
5063
4992
4956
4924
4976
4973
4976
4907
4966
5140
5193
5325
5632
5557
5497
5539
5668
5705
5683
5765
5735
5886
5780
5720
5718
5680
5678
5747
5767
5734
5893
5914
5855
5937
6097
6075
6085
5972
5758
5733
5731
5982
5853
5783
5669
5550
5646
5784
5869
6019
5860
5728
5765
5830
5673
5749
5630
5638
5686
5521
5641
5592
5592
5579
5469
5552
5628
5576
5543
5636
5691
5787
5738
5635
5692
5817
5719
5684
5623
5665
5706
5644
5502
5546
5411
5394
5442
5468
5506
5581
5519
5695
5392
5478
5477
5293
5459
5634
5681
5758
5852
5879
5820
6013
5957
5964
5832
5835
5982
5861
5839
5569
5621
5595
5435
5385
5502
5381
5417
5594
5537
5363
5253
5209
5105
5033
4996
5113
5102
5119
5082
5102
5177
5195
5138
5107
5112
5180
5161
5306
5406
5437
5251
5038
5010
4996
4980
4826
4842
4915
4941
5125
5084
5063
4990
4974
4900
4888
4888
4743
4834
4613
4735
4784
4698
4713
4629
4681
4604
4591
4653
4520
4448
4501
4643
4560
4361
4554
4451
4405
4191
4027
4065
4077
4022
4084
4208
4297
4284
4365
4246
4293
4328
4259
4071
4147
4117
4206
4171
4131
4165
4173
4230
4219
4146
4216
4120
4133
4152
4296
4250
4270
4236
4399
4480
4385
4478
4614
4755
4683
4674
4649
4532
4601
4612
4522
4353
4340
4344
4329
4347
4198
4121
4132
4170
4107
4132
4225
4238
4186
4100
4274
4239
4265
4193
4109
3975
4054
4007
3961
3962
3982
3922
4051
3955
3950
3875
3861
3973
3954
3949
3857
3851
3800
3804
3770
3760
3827
3800
3815
3870
3862
4006
3840
3945
3933
3912
4090
4121
4100
4154
4190
4134
4232
4304
4174
4235
4341
4349
4542
4726
4716
4792
4774
4687
4691
4611
4638
4479
4412
4306
4393
4513
4469
4394
4422
4340
4403
4463
4489
4410
4238
4484
4487
4482
4460
4276
4419
4298
4345
4277
4218
4205
4041
4019
3971
3943
3800
3763
3779
3796
3729
3702
3807
3910
3867
3823
4036
4048
4135
4040
3931
3908
3703
3794
3900
4001
4054
4137
4193
4120
4226
4244
4244
4356
4337
4407
4491
4493
4606
4670
4684
4678
4621
4668
4613
4619
4689
4735
4862
4783
4755
4769
4721
4544
4287
4308
4291
4221
4130
4040
4081
4060
4000
3984
4065
4030
3936
4050
3888
3831
3771
3703
3643
3743
3772
3761
3821
3757
3868
3918
3831
3989
3992
4026
4105
4168
4244
4155
4359
4374
4387
4407
4458
4424
4554
4431
4411
4418
4592
4691
4663
4640
4641
4502
4506
4375
4476
4425
4310
4170
4262
4199
4262
4203
4306
4343
4378
4431
4283
4257
4191
4107
4087
4116
4199
4273
4365
4393
4380
4572
4671
4531
4642
4507
4379
4333
4443
4508
4531
4491
4505
4586
4549
4566
4619
4668
4536
4613
4594
4696
4656
4547
4436
4502
4443
4494
4530
4514
4583
4631
4681
4713
4786
4742
4986
4775
4775
4951
4927
5067
5062
5175
5240
5170
5274
5323
5221
5332
5155
5072
4930
4923
4833
4853
4851
4812
4922
4949
4977
4997
4960
4846
4752
4864
4872
4750
4769
4913
4998
4999
5028
5076
5091
5045
5007
4871
4934
4881
4911
4960
5046
5114
5002
4935
4945
4806
4888
4856
4815
5029
4942
4928
5067
4960
5197
5435
5398
5537
5439
5582
5555
5582
5513
5570
5656
5723
5822
5820
5803
5786
5584
5577
5522
5643
5459
5270
5311
5325
5279
5176
5191
5373
5221
5327
5184
5245
5014
5103
5150
5303
5536
5513
5560
5502
5470
5464
5659
5557
5701
5679
5619
5590
5617
5518
5383
5471
5488
5278
5260
5312
5216
5090
5024
5063
5345
5514
5663
5531
5600
5581
5796
5787
5744
5671
5616
5537
5383
5201
5194
5103
5165
5245
5312
5343
5235
5332
5438
5398
5375
5145
5044
4939
4967
4983
5019
5114
5222
5434
5466
5547
5562
5668
5677
5725
5732
5795
5836
5751
5829
5716
5978
6078
6081
5964
5742
5663
5616
5618
5568
5703
5617
5657
5707
5806
5704
5811
6012
5915
5821
5638
5529
5541
5555
5538
5494
5602
5718
5878
5898
5981
6079
6160
6216
6147
6158
6094
6261
6521
6367
6383
6470
6413
6507
6458
6527
6404
6372
6475
6483
6488
6697
6837
6887
6841
6790
6762
6624
6503
6343
6470
6482
6448
6485
6428
6342
6402
6423
6319
6366
6440
6520
6655
6481
6518
6478
6457
6452
6496
6515
6475
6417
6444
6313
6581
6516
6759
6643
6452
6526
6544
6569
6661
6807
6747
6799
6833
6644
6649
6541
6673
6523
6485
6436
6497
6327
6398
6281
6362
6319
6332
6245
6029
6038
5972
6011
5992
5951
5637
5534
5551
5544
5655
5728
