0.695000
0.476000
0.299000
0.264000
0.381000
0.282000
0.328000
0.381000
0.352000
0.282000
0.636000
0.329000
0.459000
0.744000
0.391000
0.414000
0.369000
0.341000
0.465000
0.270000
0.476000
0.434000
0.447000
0.382000
0.417000
0.466000
0.304000
0.461000
0.474000
0.405000
0.295000
0.381000
0.520000
0.349000
0.514000
0.453000
0.315000
0.469000
0.278000
0.300000
0.398000
0.301000
0.240000
0.239000
0.304000
0.428000
0.387000
0.439000
0.709000
0.327000
0.390000
0.417000
0.540000
0.686000
0.341000
0.411000
0.305000
0.475000
0.295000
0.322000
0.818000
0.265000
0.348000
0.296000
0.383000
0.330000
0.400000
0.435000
0.366000
0.477000
0.274000
0.364000
0.346000
0.337000
0.293000
0.368000
0.503000
0.340000
0.330000
0.743000
0.336000
0.275000
0.466000
0.416000
0.263000
0.381000
0.310000
0.284000
0.329000
0.361000
0.335000
0.318000
0.404000
0.416000
0.318000
0.380000
0.436000
0.392000
0.278000
0.321000
