505000
200347
141797
111354
92194
79147
69511
62246
56037
51520
47858
44301
41454
38856
36736
35002
33252
31914
30655
29193
27989
27124
26452
25600
24905
24049
23310
22635
22228
21715
21034
20375
19923
19134
18911
18350
17781
17447
17022
16779
16382
15981
15690
15565
15121
14684
14546
14350
14110
13849
13794
13524
13520
13319
12973
12800
12707
12487
12431
12255
12117
11885
11601
11421
11219
11064
11012
10884
10896
10765
10751
10680
10663
10492
10402
10397
10341
10251
10230
10242
10160
10032
9846
9665
9698
9624
9702
9716
9647
9589
9639
9635
9438
9369
9278
9168
9096
9166
9217
9025
9086
9078
8949
8965
8976
8773
8598
8729
8784
8716
8773
8616
8466
8368
8266
8198
8292
8468
8412
8348
8397
8351
8313
8254
8138
8067
8085
7921
7894
7846
7929
8016
8102
8208
8206
8210
8227
8168
8002
7914
7780
7834
7759
7769
7807
7831
7759
7681
7747
7720
7785
7632
7679
7613
7550
7459
7391
7396
7447
7452
7445
7451
7255
7187
7181
7198
7231
7205
7161
7195
7257
7263
7325
7244
7119
7210
7295
7285
7294
7320
7252
7194
7261
7229
7277
7308
7271
7232
7193
7270
7229
7286
7274
7367
7341
7165
7064
6935
6777
6834
7040
7042
6957
6983
6881
6762
6931
6950
6848
6984
6996
7114
6996
7110
7154
7156
7027
6985
7030
6950
6959
6989
6983
6981
7095
6890
6890
6981
6967
6877
6848
6766
6850
6876
6802
6720
6621
6642
6693
6650
6492
6654
6715
6676
6571
6540
6590
6630
6487
6380
6458
6579
6600
6589
6792
6888
6939
6865
6768
6738
6761
6677
6640
6621
6586
6565
6594
6680
6678
6799
6937
6989
6864
7002
6881
6770
6815
6841
6747
6646
6733
6708
6686
6742
6620
6542
6567
6589
6627
6681
6697
6657
6826
6826
6605
6720
6727
6746
6740
6741
6695
6512
6457
6375
6267
6288
6430
6405
6390
6430
6377
6505
6534
6522
6648
6673
6830
6892
6873
6733
6629
6675
6824
6755
6734
6784
6860
6968
6904
6978
6859
6848
6778
6804
6743
6689
6622
6599
6578
6493
6463
6434
6388
6421
6282
6343
6252
6161
6184
6070
6022
6058
6016
5953
6010
6033
6054
6168
6042
5941
5900
5989
5931
5970
5901
5946
5836
5764
5880
6011
5983
5973
5844
5859
5864
5931
6011
5904
5910
5883
6016
6045
6204
6237
6230
6291
6297
6256
6250
6253
6218
6134
6099
6054
6008
6020
5871
5856
5890
5934
5810
5809
5669
5617
5630
5518
5589
5464
5421
5496
5328
5262
5372
5403
5392
5331
5297
5340
5256
5121
5188
5254
5342
5220
5233
5225
5289
5352
5481
5480
5515
5417
5396
5505
5464
5585
5648
5604
5695
5684
5640
5624
5656
5722
5702
5750
5700
5779
5710
5688
5706
5666
5833
5764
5673
5760
5827
5844
5830
5837
5840
5851
5929
5934
5909
5774
5791
5743
5680
5663
5698
5580
5539
5522
5564
5513
5545
5480
5408
5411
5360
5339
5403
5420
5481
5504
5519
5369
5484
5455
5448
5562
5547
5664
5663
5749
5689
5794
5712
5819
5840
5783
5817
5776
5811
5790
5732
5616
5632
5574
5718
5762
5776
5797
5852
5815
5749
5634
5611
5676
5691
5695
5708
5869
5875
5834
5848
5956
6047
6212
6191
6055
6109
6120
6206
6227
6325
6207
6155
5986
5948
5979
5915
5839
5838
5783
5899
5753
5895
5935
5970
5983
5880
5750
5810
5904
5893
5904
6066
6001
6089
5999
5879
5954
6005
5915
5995
6035
6057
6103
6029
6044
5990
5957
5990
5925
5956
5852
5910
5934
6021
6047
6078
6124
6028
6027
6036
5957
5944
5909
5905
5897
5846
5843
5827
5855
5856
5926
5969
5965
6040
5884
5829
5915
5896
5935
5921
5861
5914
5852
5898
5955
6049
6121
6090
6186
6203
6149
6082
6072
5902
5991
6035
5843
5782
5748
5828
5839
5785
5803
5762
5613
5560
5567
5577
5521
5609
5570
5577
5628
5761
5842
5805
5743
5764
5672
5692
5680
5826
5836
5877
5956
5882
5911
5913
5791
5937
5936
5857
5858
5867
5820
5728
5765
5740
5846
5814
5876
5925
5979
5785
5840
5907
5842
5654
5642
5663
5577
5762
5784
5787
5885
5974
5879
5798
5731
5685
5664
5670
5763
5828
5928
5966
5903
5823
5823
5794
5743
5783
5904
5890
5973
5857
5790
5800
5717
5726
5673
5751
5594
5537
5549
5590
5546
5634
5571
5378
5521
5483
5506
5433
5396
5451
5423
5335
5283
5222
5314
5319
5188
5324
5323
5409
5457
5528
5576
5526
5535
5590
5643
5541
5607
5665
5576
5618
5563
5602
5591
5652
5712
5603
5548
5557
5544
5381
5242
5277
5293
5247
5270
5364
5356
5428
5377
5383
5505
5467
5424
5447
5473
5452
5306
5176
5046
5128
5160
5194
5234
5185
5335
5347
5262
5341
5339
5455
5574
5527
5573
5606
5515
5603
5667
5608
5642
5551
5516
5627
5722
5721
5816
5774
5818
5773
5659
5742
5722
5832
5775
5816
5810
5957
5991
5968
5968
6089
6138
6128
6205
6115
6177
6085
6024
6056
5953
5982
6003
5994
6009
5949
5948
5926
5936
5907
5847
5838
5846
5724
5777
5741
5763
5856
5822
5638
5602
5546
5555
5531
5567
5502
5552
5619
5492
5561
5567
5615
5679
5603
5562
5535
5639
5518
5500
5485
5536
5490
5433
5404
5503
5479
5436
5408
5244
5235
5254
5192
5322
5284
5236
5301
5332
5246
5286
5228
5226
5298
5275
5349
5510
5493
5474
5478
5405
5333
5312
5195
5208
5151
5188
5143
5036
5168
5260
5248
5309
5230
5339
5222
5273
5322
5335
5374
5472
5545
5634
5636
5668
5695
5789
5710
5736
5781
5805
5740
5819
5914
5984
5981
6071
6034
5961
5897
5882
5755
5788
5830
5884
5924
6050
6118
5994
5945
5980
5917
5900
5848
5895
5732
5648
5549
5552
5508
5487
5473
5377
5280
5309
5359
5484
5436
5411
5446
5392
5458
5474
5379
5374
5334
5214
5115
5074
5055
4995
5014
4950
4918
4987
5026
5082
5112
5193
5149
5134
5221
5209
5245
5271
5364
5389
5452
5480
5415
5538
5498
5521
5511
5442
5258
5299
5271
5386
5247
5256
5215
5244
5200
5137
5135
5104
5215
5266
5243
5330
5385
5457
5498
5439
5539
5523
5487
5429
5434
5542
5425
5376
5378
5328
5324
5155
5071
5191
5229
5175
5179
5165
5096
5027
5009
5040
5028
4921
4998
5095
5111
5271
5312
5411
5303
5370
5431
5402
5363
5256
5251
5204
5239
5357
5458
5406
5463
5307
5387
5320
5427
5392
5484
5321
5413
5424
5479
5321
5279
5256
5342
5270
5249
5224
5141
5161
5111
5096
5030
5063
5114
5127
4980
5013
4972
4815
4883
4987
5070
5092
5072
5113
5126
4997
4979
4977
5043
4987
4933
5000
4958
4953
5043
5029
5006
5079
5155
5201
5119
5042
4921
4901
4828
4800
4809
4875
4951
4995
4907
5032
5082
4992
5058
5056
5190
5142
5183
5248
5215
5205
5101
5159
5158
5035
5014
5078
5084
5180
5273
5204
5152
5292
5206
5217
5267
5217
5249
5217
5283
5273
5323
5358
5349
5454
5461
5482
5366
5349
5415
5369
5509
5439
5478
5458
5465
5375
5413
5292
5315
5441
5358
5354
5416
5573
5542
5461
5457
5460
5436
5420
5244
5267
5204
5155
5143
5195
5172
5194
5199
5172
5233
5109
5174
5185
5166
5180
5178
5238
5181
5231
5105
5008
5063
4981
5006
5129
5076
5120
5061
4945
4799
4856
4721
4810
4733
4743
4866
4857
4901
4882
5036
5034
5053
5004
5021
5089
5188
5243
5221
5231
5184
5209
5189
5280
5391
5552
5457
5558
5637
5719
5877
5892
5927
5919
5914
5836
5795
5671
5562
5580
5667
5631
5736
5674
5641
5631
5578
5773
5728
5637
5505
5538
5476
5362
5492
5535
5430
5409
5362
5404
5370
5404
5322
5538
5503
5466
5450
5503
5472
5533
5479
5465
5361
5346
5365
5348
5268
5297
5293
5344
5390
5540
5489
5504
5530
5565
5460
5398
5261
5375
5349
5381
5322
5397
5383
5343
5433
5350
5353
5320
5332
5315
5286
5349
5347
5291
5204
5045
4976
5064
5178
5090
5139
5233
5393
5398
5516
5444
5365
5411
5412
5502
5295
5313
5345
5225
5138
5153
5161
5200
5133
5193
5282
5224
5246
5252
5226
5273
5364
5449
5471
5471
5372
5375
5394
5399
5456
5458
5429
5372
5551
5622
5596
5693
5619
5658
5592
5521
5596
5648
5494
5509
5642
5590
5421
5456
5408
5339
5459
5431
5466
5469
5476
5510
5382
5494
5546
5471
5397
5426
5324
5325
5313
5279
5217
5345
5219
5252
5261
5315
5285
5367
5340
5322
5339
5222
5156
5146
5279
5311
5341
5421
5313
5336
5333
5353
5425
5484
5464
5404
5327
5362
5516
5463
5453
5472
5486
5456
5492
5548
5512
5544
5482
5386
5446
5473
5502
5469
5483
5426
5414
5400
5459
5391
5353
5371
5430
5410
5364
5240
5139
5126
5212
5309
5346
5327
5370
5387
5474
5501
5480
5340
5373
5376
5371
5402
5483
5483
5412
5372
5308
5344
5343
5565
5608
5565
5531
5531
5484
5551
5458
5490
5568
5498
5593
5471
5371
5552
5451
5458
5468
5563
5599
5475
5516
5465
5411
5323
5305
5203
5178
5189
5306
5308
5178
5147
5226
5195
5168
5164
5091
5113
5033
4924
5005
4981
4993
5112
5153
5165
5033
5034
4880
4799
4749
4794
4809
4879
4838
4803
4807
4780
4874
4834
4885
4756
4820
4854
4919
4905
4889
4925
4923
4929
4925
5012
5143
5215
5310
5394
5497
5611
5604
5479
5462
5463
5494
5492
5494
5489
5409
5459
5460
5310
5421
5563
5598
5535
5480
5406
5474
5620
5782
5801
5925
5983
5978
5983
5954
6097
6161
6168
6220
6201
6186
6293
6230
6301
6250
6310
6230
6162
6140
6169
6047
6080
5937
6027
6176
6129
6202
6235
6209
6184
6120
6142
6134
6062
5996
6128
6223
6239
6175
6231
6212
6289
6093
6121
6151
6150
6257
6459
6284
6334
6279
6310
6239
6280
6346
6412
6383
6315
6343
6399
6357
6455
6465
6486
6571
6509
6425
6380
6405
6452
6510
6502
6492
6418
6336
6348
6218
6280
6147
6224
6127
6205
6230
6196
6173
6152
6185
6156
6079
5982
5906
5800
5918
5911
5809
5702
5733
5717
5791
5759
5849
5766
5559
5537
5704
5693
5710
5691
5754
5739
5618
5647
5720
5913
5914
5951
6151
6084
6163
6210
6199
6204
6301
6314
6271
6381
6445
6393
6373
6396
6212
6261
6417
6370
6343
6357
6067
6075
6018
5971
5975
6018
5989
6082
6093
6077
6048
6252
6367
6490
6459
6305
6391
6485
6358
6478
6365
6435
6505
6576
6611
6565
6450
6537
6556
6507
6569
6650
6579
6520
6569
6619
6640
6626
6596
6629
6572
6537
6569
6556
6389
6355
6240
6204
6262
6270
6235
6302
6384
6413
6460
6406
6153
6147
6213
6160
6199
6084
6129
6174
6156
6050
6183
6294
6293
6275
6351
6354
6358
6344
6208
6129
6117
6065
5971
5995
5854
5731
5739
5813
5850
5930
5856
5883
5884
6022
6012
6099
6131
6032
5961
5942
5925
5875
5940
5823
5711
5697
5736
5665
5762
5788
5699
5731
5752
5697
5621
5717
5650
5699
5723
5645
5747
5732
5806
5674
5676
5559
5557
5468
5503
5482
5665
5664
5636
5548
5513
5490
5465
5400
5553
5576
5622
5553
5514
5472
5411
5391
5465
5401
5449
5390
5247
5174
5015
5070
5068
5171
5122
5102
5048
4974
5050
5110
5080
5190
5202
5241
5308
5320
5243
5302
5333
5428
5388
5443
5244
5292
5275
5271
5279
5299
5282
5423
5328
5341
5385
5357
5301
5185
5188
5234
5272
5168
5161
5289
5343
5293
5251
5237
5304
5294
5277
5118
5172
5208
5174
5177
5051
5010
5091
5111
5020
4961
4987
4991
5052
5080
5073
5091
5042
4955
5012
5095
5045
4959
4900
4916
5046
5004
4804
4823
4767
4756
4684
4816
4896
4986
5108
5133
5163
5186
5256
5285
5370
5434
5407
5352
5387
5493
5466
5430
5443
5442
5626
5615
5690
5746
5851
5766
5809
5782
5759
5783
5819
5787
5880
5733
5822
5901
5961
6047
6060
6181
6202
6151
6136
6205
6202
6179
6074
6176
6172
6165
6006
5905
6047
5958
6003
5949
5910
6026
6090
6086
6049
6121
6029
5922
6004
5960
5947
5919
6037
6057
6154
6151
6065
5856
5761
5781
5803
5854
5809
5722
5826
5855
5841
5907
5911
5788
5778
5868
5959
5996
6004
5920
5864
5901
5957
5839
5806
5899
5811
5790
5778
5770
5741
5735
5758
5893
5878
5810
5752
5824
5791
5693
5478
5504
5452
5415
5444
5515
5507
5455
5481
5462
5457
5477
5276
5308
5254
5229
5186
5160
5217
5282
5270
5143
5024
5004
5035
5065
5003
4992
5012
5052
5188
5231
5177
5195
5094
5269
5335
5365
5449
5354
5336
5388
5265
5320
5427
5329
5299
5269
5259
5220
5267
5347
5364
5341
5300
5345
5325
5269
5290
5490
5517
5543
5515
5533
5432
5567
5621
5746
5677
5710
5733
5824
5829
5755
5790
5904
5838
5879
5985
6076
6082
5976
6049
6118
6129
6111
6015
6010
6169
6260
6247
6203
6119
6160
6094
6170
6140
6137
6091
6066
5956
5967
6035
6022
5860
5815
5656
5707
5775
5745
5710
5757
5877
5796
5676
5713
5656
5558
5596
5590
5585
5593
5603
5617
5662
5548
5560
5573
5642
5669
5687
5556
5596
5680
5637
5586
5602
5490
5392
5286
5229
5142
5266
5386
5375
5288
5402
5535
5577
5617
5724
5793
6011
5980
5859
5917
5837
5763
5925
5854
5762
5633
5662
5731
5772
5875
5935
5908
5774
5867
5845
5909
5907
5767
5907
5941
5990
5915
5972
6070
6055
6021
5949
6088
6230
6285
6290
6136
6140
6065
5982
6128
6064
6135
6179
6191
6166
6083
6100
6052
6017
6091
6059
6084
6053
6040
6033
5960
5943
6043
6034
6137
6135
6190
6293
6336
6371
6265
6196
6218
6401
6305
6243
6080
6135
6138
6103
6132
6093
6090
6122
6256
6078
6126
6091
6084
5996
6006
5933
5972
6061
5898
5991
6032
5974
5709
5638
5646
5728
5880
5758
5943
5854
5881
5884
5827
5859
5903
5767
5828
5901
5988
5974
5879
5891
6047
6005
5865
5957
6005
6027
5999
5998
6011
5978
6032
6005
6079
6097
6176
6155
6138
6051
6151
6162
6259
6310
6261
6459
6549
6577
6456
6360
6294
6256
6265
6274
6369
6250
6122
6101
6082
6088
6085
6035
6016
6049
5920
6010
5964
5894
5828
5880
5762
5766
5770
5848
5916
5883
5909
5950
6023
6110
6077
6108
6233
6232
6314
6298
6186
6308
6402
6453
6406
6449
6407
6334
6442
6414
6386
6307
6317
6122
6141
6137
6109
5997
5842
5792
5904
6018
6077
6160
6298
6278
6197
6186
6237
6280
6302
6231
6309
6280
6142
6118
6140
6212
6144
6115
6118
6029
5950
5947
6048
6075
6120
6147
6143
6127
6331
6251
6346
6194
6163
6214
6193
6153
6130
6152
6128
6076
6114
6122
6115
5965
5846
5811
5721
5714
5736
5807
5779
5879
5777
5788
5706
5662
5724
5658
5695
5600
5584
5612
5572
5638
5645
5726
5854
5937
5886
5865
5982
5892
5785
5730
5857
5771
5675
5833
5906
5849
5866
5942
6076
6162
6208
6228
6226
6173
6134
6195
6265
6143
6265
6226
6183
6145
6034
6089
6144
6031
6025
5972
5764
5734
5756
5891
6000
6048
6166
6089
6023
6062
6151
6137
6133
6129
6040
6018
5981
5997
6075
6068
6037
6058
5940
5891
5882
5762
5733
5734
5667
5569
5588
5620
5807
5849
5704
5697
5712
5555
5531
5596
5680
5750
5826
5878
5793
5873
5917
5967
5957
5838
5763
5596
5643
5666
5797
5872
5971
6034
6146
6140
6079
5970
5933
5837
5992
5951
5865
5805
5789
5811
5877
5975
6096
5990
5957
5899
5913
5839
5833
5939
5919
5805
5762
5630
5488
5390
5361
5368
5415
5282
5280
5327
5313
5205
5083
5077
5197
5203
5223
5320
5322
5198
5086
5106
5149
5067
4947
4936
4837
4807
4755
4541
4481
4551
4476
4633
4608
4650
4728
4710
4729
4760
4798
4691
4614
4623
4649
4803
4788
4920
4837
4894
4986
4982
5012
5018
4990
5065
4912
4988
4980
4875
4928
4977
4922
4888
4879
4811
4839
4758
4863
4909
4977
4895
4829
4795
4822
4851
4905
5008
4990
5084
5136
5094
5152
5208
5141
5070
5083
5107
4952
4862
4806
4746
4594
4586
4564
4673
4753
4790
4768
4764
4773
4810
4666
4787
4895
4891
4860
4904
4866
4776
4782
4887
4844
4925
5020
4867
4895
4907
4924
5025
5051
5065
5109
5027
5038
5066
5185
5247
5400
5334
5275
5219
5405
5332
5395
5335
5337
5435
5452
5478
5527
5569
5498
5518
5500
5431
5441
5378
5455
5496
5565
5421
5423
5472
5451
5638
5678
5706
5669
5820
5872
5991
6027
6120
6180
6202
6258
6298
6399
6474
6481
6498
6508
6467
6450
6536
6462
6458
6478
6477
6549
6577
6564
6499
6467
6473
6453
6433
6429
6420
6447
6458
6464
6336
6322
6250
6159
6243
6232
6152
6160
6099
6127
6149
6231
6234
6292
6249
6312
6334
6463
6401
6379
6311
6319
6368
6426
6494
6354
6369
6391
6256
6339
6292
6331
6290
6219
6261
6277
6383
6468
6324
6343
6221
6134
6133
6287
6436
6392
6422
6593
6553
6664
6596
6695
6687
6510
6616
6583
6591
6446
6523
6627
6588
6580
6539
6553
6540
6497
6436
6473
6465
6468
6311
6326
6279
6228
6246
6278
6191
6270
6291
6330
6394
6282
6233
6211
6372
6377
6300
6305
6342
6344
6214
6249
6275
6458
6386
6368
6361
6446
6379
6394
6463
6552
6419
6413
6561
6547
6522
6435
6464
6460
6515
6493
6472
6337
6393
6418
6430
6293
6315
6392
6375
6400
6239
6270
6240
6281
6319
6375
6368
6502
6522
6564
6614
6653
6742
6758
6840
6831
6739
6672
6620
6611
6580
6499
6499
6407
6271
6366
6425
6415
6364
6365
6301
6208
6119
6210
6323
6370
6176
6150
6082
6205
6306
6309
6362
6331
6398
6440
6425
6380
6350
6282
6345
6466
6500
6462
6475
6351
6312
6211
6089
6120
6099
5997
6061
6075
6042
6036
6004
5914
5950
5861
5811
5863
5816
5802
5917
6026
6021
5986
6034
6128
6115
6126
6080
6087
5977
5816
5858
5887
5865
5894
5854
5867
5898
5830
5766
5836
5810
5805
5835
5707
5729
5687
5620
5638
5693
5786
5776
5824
5957
5993
6076
5924
5896
5976
6008
6059
6059
6059
6070
6020
6113
6096
6089
6087
6078
6113
6144
6095
6079
5935
6073
6227
6261
6177
6097
6061
6115
6094
5966
6022
6083
6150
6119
6102
5917
5928
5965
5890
5810
5788
5746
5739
5765
5870
5844
5845
5833
5839
5889
5850
5967
5977
5887
5923
5994
5977
6061
5872
5883
5934
5917
5941
5823
5764
5734
5770
5753
5674
5683
5493
5490
5455
5414
5406
5415
5350
5380
5434
5542
5557
5604
5603
5595
5619
5665
5537
5559
5605
5471
5467
5544
5541
5550
5626
5671
5727
5773
5642
5634
5659
5727
5682
5592
5648
5590
5631
5591
5683
5694
5593
5599
5711
5663
5758
5787
5883
5861
5856
5938
6023
6078
6190
6202
6213
6175
6251
6249
6296
6029
5980
6015
5955
5810
5864
5879
5769
5950
6033
6146
6279
6268
6213
6138
6036
6075
6121
6160
6216
6248
6158
6092
6115
6023
6067
6016
6163
6221
6197
6309
6379
6466
6371
6376
6501
6546
6425
6267
6136
6086
6165
6242
6223
6233
6302
6218
6210
6184
6231
6271
6232
6145
6148
6208
6029
6003
5965
5905
6105
6237
6253
6198
6223
6204
6182
6082
6204
6161
6170
6269
6230
6268
6140
6109
6033
6104
6011
5942
5858
5728
5705
5727
5707
5793
5891
5882
5884
5956
5963
5900
6119
6095
6191
6026
6020
5983
5840
5895
5972
5991
5963
6075
6047
5983
5989
6162
6217
6147
6135
6163
6175
6319
6299
6324
6438
6358
6479
6404
6338
6432
6389
6249
6109
6139
6206
6144
6217
6193
6423
6574
6692
6703
6671
6669
6704
6743
6638
6563
6588
6526
6419
6410
6485
6488
6459
6453
6385
6345
6361
6278
6250
6146
6216
6246
6351
6221
6372
6359
6440
6516
6576
6536
6507
6428
6436
6415
6540
6427
6544
6527
6475
6325
6354
6364
6327
6269
6355
6297
6345
6439
6419
6567
6627
6731
6738
6771
6730
6835
6828
6757
6749
6720
6622
6689
6678
6623
6558
6610
6460
6503
6415
6371
6356
6410
6379
6369
6297
6210
6112
6129
6230
6169
6178
6112
6185
6114
5996
5935
5866
5840
5862
5795
5938
5839
5770
5839
5814
5730
5748
5778
5761
5797
5801
5861
5847
5818
5710
5748
5653
5579
5627
5663
5811
5768
5794
5674
5549
5505
5499
5440
5322
5421
5427
5543
5590
5733
5790
5854
5940
5968
6032
5965
5886
5733
5678
5660
5724
5582
5660
5681
5716
5817
5861
5896
5899
5885
5857
5849
5892
5831
5834
5876
5713
5687
5716
5681
5839
5841
5853
5737
5762
5780
5748
5656
5604
5699
5729
5844
5846
6045
6049
6119
6129
6253
6261
6203
6144
6185
6205
6133
6041
6027
6073
6006
5933
5981
5874
5877
5862
5796
5865
5881
6038
5948
5981
5947
5981
5977
5966
5905
5932
5903
5871
5804
5715
5627
5672
5610
5671
5677
5665
5724
5603
5603
5746
5882
5993
5891
5943
5845
5951
6005
5935
6021
5986
5914
5751
5777
5827
5883
5927
6043
6013
6023
5953
5891
5830
5746
5717
5669
5644
5733
5687
5651
5597
5587
5637
5671
5681
5626
5626
5670
5739
5760
5739
5735
5795
5801
5743
5891
5952
5992
5997
6015
6089
6105
6210
6211
6073
6047
6014
5953
6050
6103
5957
5934
5869
5939
5808
5929
5993
5983
5997
6026
6061
5990
6028
6127
6191
6054
5981
5950
5864
5838
5832
5879
5780
5799
5831
5864
5730
5715
5544
5577
5570
5556
5588
5583
5627
5594
5464
5374
5431
5375
5341
5429
5343
5375
5363
5337
5286
5263
5286
5280
5108
5210
5207
5121
5009
5146
5195
5180
5222
5217
5265
5152
5302
5267
5305
5142
5094
5191
5247
5320
5215
5168
5101
5124
5262
5356
5355
5294
5255
5220
5258
5216
5246
5339
5440
5514
5496
5550
5506
5542
5552
5566
5716
5789
5795
5720
5780
5803
5616
5574
5586
5610
5570
5600
5475
5430
5363
5256
5307
5326
5242
5287
5237
5239
5289
5310
5241
5131
5212
5201
5133
5012
5096
5089
5095
5117
5089
5101
5137
5168
5146
5096
5076
5073
4995
5000
5092
5187
5304
5293
5266
5249
5190
5023
4924
4988
4919
4998
4992
5090
4999
4946
4933
4834
4749
4722
4904
5085
5050
5070
5086
5027
5043
4960
4946
4969
4997
4993
4975
4959
4956
5095
5044
4971
4984
5076
4988
4909
4901
4855
4909
4985
4954
4874
4852
4828
4756
4757
4851
4879
4911
4951
4988
4952
4978
4884
4918
5010
5045
5012
4955
4924
4923
4973
5044
5103
5052
5083
5119
5133
5106
5129
5169
5260
5090
5082
5074
5242
5197
5249
5200
5180
5261
5182
5102
5086
4959
4993
4938
4919
4897
4864
4768
4733
4720
4811
4735
4743
4650
4741
4733
4761
4632
4526
4381
4443
4361
4355
4368
4523
4499
4453
4452
4417
4446
4499
4490
4473
4577
4545
4657
4694
4694
4637
4674
4636
4745
4749
4602
4573
4581
4569
4691
4736
4746
4848
4899
4964
4963
4980
5045
5100
5158
5260
5307
5337
5213
5310
5220
5180
5377
5398
5311
5231
5299
5305
5330
5342
5181
5210
5194
5212
5247
5093
5125
5136
5108
5140
5016
4980
4903
4879
4817
4860
4836
5020
4846
4982
4960
4885
4876
4734
4823
4802
4838
4864
4881
4920
4911
4946
4932
4757
4719
4654
4623
4593
4645
4703
4671
4646
4653
4710
4577
4506
4460
4526
4594
4547
4508
4571
4534
4476
4438
4321
4200
4178
4146
4046
4137
4159
4108
4050
4014
4030
4066
4062
4116
4104
4114
4166
4214
4201
4209
4268
4237
4262
4193
4219
4235
4256
4288
4310
4400
4343
4414
4407
4352
4357
4312
4302
4249
4338
4299
4427
4402
4451
4477
4551
4688
4736
4741
4691
4713
4674
4603
4751
4841
5000
4982
4844
4939
4899
4914
4923
4830
4822
4879
4829
4971
4985
4850
4904
4956
4909
4970
4941
5025
5108
5027
4977
5004
4898
4965
4931
4856
4918
4890
4913
4982
5062
5037
5058
5123
5197
5251
5279
5380
5419
5431
5535
5585
5632
5736
5696
5687
5644
5645
5811
5846
5976
5900
5963
5930
5876
5836
5756
5691
5783
5670
5524
5597
5549
5530
5555
5454
5527
5580
5552
5481
5428
5456
5503
5567
5700
5622
5681
5614
5527
5339
5273
5356
5319
5372
5452
5348
5254
5290
5286
5217
5227
5237
5049
5029
4904
4880
4887
4986
5078
4973
4981
5024
4985
5047
5027
5073
5101
5243
5438
5326
5378
5250
5364
5317
5311
5271
5394
5412
5268
5345
5355
5412
5366
5529
5599
5551
5456
5547
5549
5536
5580
5590
5672
5673
5631
5739
5616
5489
5347
5334
5398
5428
5509
5415
5421
5482
5550
5491
5546
5347
5254
5375
5297
5294
5250
5295
5445
5341
5332
5258
5243
5290
5421
5368
5483
5492
5304
5264
5289
5313
5391
5431
5452
5428
5341
5281
5207
5185
5253
5319
5345
5400
5433
5226
5262
5257
5272
5302
5294
5193
5235
5215
5259
5263
5318
5247
5261
5317
5351
5326
5407
5499
5438
5276
5322
5301
5188
5105
5031
5005
4983
5000
4889
4904
4816
4866
4878
4900
4892
5076
5206
5125
5226
5215
5119
5118
5028
4997
4958
5065
5099
5159
5146
5091
5036
5100
5071
4950
4965
5063
5051
4998
4769
4816
4847
4806
4750
4728
4653
4578
4671
4708
4749
4825
4844
4863
4828
4802
4871
4943
4861
4950
4967
4993
5048
4980
4924
5007
4999
4891
4925
4893
4893
5004
4999
5012
5117
5033
4999
5050
5056
5052
4969
4931
4937
4961
4946
4907
4805
4937
4937
4884
4853
4857
4881
4791
4975
4981
5049
5036
4996
5117
4987
5068
5073
4978
4924
4890
4958
4900
4891
4886
4807
4843
4853
4795
4810
4715
4810
4895
4940
4882
5022
5055
4994
4980
4939
4917
5013
4957
4896
4937
4887
4982
4887
4980
4921
4942
5109
5035
5119
5215
5176
5236
5253
5176
5299
5258
5332
5420
5535
5460
5444
5503
5508
5539
5597
5680
5793
5713
5821
5952
6002
5880
5742
5820
5848
5910
6092
6110
6044
5947
6008
6019
5963
5960
5896
5821
5823
5849
5949
5958
6139
6074
6175
6307
6164
6359
6345
6280
6126
6121
6171
6253
6212
6164
6005
5890
5907
5915
5930
5830
5806
5727
5664
5696
5551
5537
5469
5490
5493
5481
5621
5677
5786
5772
5915
5973
6111
6096
6056
6096
5996
5881
5986
5944
5869
5924
5978
5955
5997
5979
5948
5971
5948
5908
5820
5826
5933
5925
5859
5967
5988
6079
6009
6088
6166
6141
5928
5891
5911
5831
5708
5678
5640
5573
5548
5594
5608
5774
5729
5657
5704
5628
5563
5593
5463
5347
5258
5313
5277
5187
5199
5198
5230
5306
5243
5195
5225
5114
5104
5128
5186
5265
5144
5270
5134
5082
5090
5013
4994
5143
5319
5353
5276
5289
5115
5058
5054
5108
4935
4910
4909
4907
4785
4789
4762
4772
4581
4538
4592
4599
4551
4657
4679
4801
4724
4716
4713
4702
4667
4758
4719
4716
4624
4645
4648
4796
4816
4850
4744
4791
4809
4803
4856
4899
4883
4863
4895
4793
4829
4792
4766
4776
4782
4827
4857
4847
4850
4860
4799
4802
4853
4900
4932
4887
4818
4808
4700
4768
4590
4621
4649
4657
4688
4732
4775
4774
4830
4963
5104
5104
5128
5109
5019
5029
5016
4984
4963
5085
4944
5084
4987
5052
5061
5108
5065
5147
5281
5305
5375
5494
5471
5522
5603
5618
5629
5660
5557
5552
5573
5611
5602
5659
5664
5531
5526
5469
5453
5516
5475
5507
5535
5518
5547
5435
5367
5457
5376
5471
5522
5519
5537
5545
5548
5532
5558
5614
5668
5662
5642
5566
5605
5563
5521
5397
5354
5472
5577
5731
5658
5630
5867
5676
5691
5544
5601
5613
5577
5570
5665
5738
5677
5697
5799
5760
5729
5635
5709
5635
5557
5572
5453
5390
5444
5344
5335
5447
5540
5491
5448
5595
5559
5558
5510
5405
5390
5384
5272
5350
5337
5349
5507
5566
5527
5540
5436
5459
5437
5510
5550
5562
5450
5512
5558
5709
5775
5724
5770
5844
5755
5786
5974
5928
5818
5828
5797
5747
5708
5671
5798
5776
5764
5719
5860
5911
5898
5965
5990
6043
6087
6066
5993
5938
5986
5905
5846
5864
5859
5924
5923
5998
5897
5879
5954
5964
5803
5874
5837
5775
5656
5577
5475
5441
5425
5494
5611
5563
5711
5619
5553
5453
5603
5600
5764
5886
5808
5729
5715
5529
5411
5436
5348
5270
5242
5248
5290
5162
5146
5223
5369
5453
5491
5563
5622
5608
5586
5745
5676
5581
5548
5599
5500
5402
5452
5457
5670
5629
5650
5685
5714
5735
5683
5662
5551
5588
5677
5634
5662
5653
5581
5611
5557
5420
5474
5416
5441
5527
5433
5454
5454
5348
5351
5325
5352
5438
5339
5425
5483
5459
5623
5800
5734
5788
5705
5796
5786
5812
5675
5640
5552
5670
5695
5614
5553
5478
5481
5439
5456
5360
5391
5382
5299
5337
5390
5365
5384
5389
5440
5422
5502
5547
5452
5405
5376
5386
5401
5458
5443
5301
5395
5398
5406
5477
5481
5403
5365
5465
5431
5378
5351
5348
5381
5365
5304
5257
5261
5263
5272
5308
5338
5381
5318
5251
5196
5178
5115
5175
5238
5120
5172
5189
5089
5107
5086
5184
5163
5290
5346
5431
5555
5518
5492
5557
5630
5609
5605
5698
5768
5811
5908
5986
6066
6040
6031
5980
5976
6038
6190
6190
6236
6095
6045
6021
5967
6080
5983
5979
5869
5964
6143
6085
6144
6105
6199
6172
6156
6074
6045
5996
5930
5873
5790
5706
5762
5815
5847
5877
5956
5969
6085
6192
6295
6222
6115
6236
6139
6194
6234
6199
6187
6197
6200
6161
6130
6048
5879
5937
5951
5917
5969
5994
5934
5855
5920
5875
5896
5926
5869
5847
5871
5749
5581
5579
5580
5545
5507
5528
5464
5457
5589
5548
5568
5398
5289
5258
5333
5393
5387
5381
5363
5283
5300
5231
5073
5253
5249
5202
5169
5251
5242
5383
5461
5487
5463
5442
5546
5586
5639
5567
5569
5471
5496
5438
5354
5342
5491
5527
5492
5366
5480
5462
5456
5312
5354
5353
5269
5438
5534
5489
5648
5680
5749
5814
5738
5851
5836
