505000
199864
141301
111546
93200
79851
69743
62315
56493
51711
47453
44064
40902
38773
36462
34846
33103
31781
30436
28800
27774
26768
25743
24760
24049
23130
22580
21752
21154
20612
19864
19273
19037
18458
18236
17744
17406
16855
16632
16279
15993
15730
15483
15314
15078
14810
14457
13995
13749
13608
13396
13179
13114
13038
12882
12846
12818
12639
12314
12212
12138
12082
11958
11709
11523
11313
11322
11165
11126
11003
10754
10637
10488
10465
10218
10012
9859
9855
9839
9889
9790
9583
9562
9563
9539
9583
9664
9664
9622
9537
9332
9559
9573
9450
9361
9524
9423
9267
9142
8999
8917
8799
8716
8516
8601
8442
8392
8294
8266
8242
8235
8353
8268
8181
8360
8230
8154
8158
7980
8062
7909
7755
7766
7757
7829
7674
7657
7810
7757
7737
7713
7766
7754
7722
7808
7817
7812
7818
7868
7819
7642
7564
7440
7421
7352
7457
7500
7533
7481
7598
7672
7696
7777
7605
7638
7603
7692
7698
7899
7906
7792
7854
7859
7913
8003
8094
8063
8114
8077
7921
7873
7913
7943
7990
7997
8047
8009
8184
8071
7945
7920
7973
7890
7813
7763
7748
7769
7705
7622
7600
7430
7430
7370
7223
7023
7067
7013
7049
7094
7144
7246
7218
7130
7178
7120
7051
7039
6887
6928
6741
6759
6807
6719
6640
6557
6667
6743
6781
6787
6825
6838
6854
6929
6990
7117
7075
7091
7164
7213
7193
7375
7287
7348
7465
7528
7389
7511
7472
7420
7384
7348
7447
7463
7443
7408
7391
7490
7528
7567
7532
7541
7649
7636
7743
7688
7743
7733
7663
7693
7587
7512
7554
7611
7487
7576
7596
7576
7448
7441
7348
7397
7471
7436
7321
7310
7178
7084
7006
6948
6789
6840
6622
6530
6517
6552
6705
6625
6567
6540
6498
6534
6454
6594
6542
6470
6542
6637
6523
6415
6412
6584
6574
6530
6480
6444
6515
6580
6427
6526
6424
6466
6642
6507
6432
6486
6591
6681
6624
6687
6837
6854
6914
6853
6810
6799
6829
6800
6860
6881
6823
6712
6657
6653
6585
6794
6748
6742
6664
6547
6429
6402
6321
6353
6349
6373
6407
6370
6525
6376
6385
6340
6321
6317
6225
6222
6077
6127
6153
6256
6269
6343
6333
6223
6245
6148
6156
6183
6065
6035
5966
5858
5693
5605
5710
5593
5532
5434
5559
5643
5629
5671
5625
5597
5569
5575
5638
5597
5492
5490
5422
5522
5595
5554
5578
5412
5336
5416
5439
5461
5460
5437
5510
5554
5560
5682
5793
5895
5972
5944
5902
5823
5891
5917
6159
6100
6036
5982
6084
6085
6096
6061
6011
6027
6020
6008
5888
5765
5784
5929
5876
5902
5849
5812
5836
5712
5721
5628
5584
5489
5461
5361
5304
5323
5297
5356
5331
5416
5380
5496
5492
5454
5445
5387
5339
5535
5458
5584
5550
5517
5589
5626
5727
5754
5776
5664
5682
5592
5495
5508
5574
5521
5547
5585
5608
5674
5724
5633
5652
5700
5718
5589
5489
5489
5507
5579
5634
5590
5630
5658
5665
5764
5780
5852
5737
5740
5867
5825
5798
5686
5644
5583
5477
5497
5524
5640
5697
5836
5864
5952
5873
5938
5919
5866
5924
5883
5928
5749
5781
5817
5847
5829
5931
5942
5836
5829
5739
5791
5767
5733
5855
5866
5920
5990
6079
6078
5971
6024
6092
6165
5998
5900
5847
5887
5845
5816
5843
5725
5805
5814
5878
5910
5770
5707
5692
5738
5880
5875
5959
6021
5947
6050
6107
6181
6176
6150
6197
6325
6251
6279
6418
6365
6357
6271
6339
6229
6193
6223
6231
6196
6476
6480
6363
6413
6474
6445
6371
6493
6416
6328
6371
6545
6502
6496
6409
6483
6476
6455
6582
6501
6530
6446
6542
6459
6412
6323
6264
6235
6183
6237
6257
6094
6072
5943
5887
5704
5674
5821
5706
5676
5731
5799
5879
5994
5902
5806
5908
5747
5706
5652
5635
5603
5633
5795
5759
5862
5754
5753
5767
5763
5810
5749
5756
5797
5744
5612
5567
5477
5561
5523
5432
5355
5407
5410
5440
5354
5311
5286
5163
5198
5103
5073
5142
5249
5282
5429
5457
5443
5386
5430
5398
5276
5278
5187
5061
5155
5223
5312
5336
5266
5226
5339
5417
5364
5400
5548
5531
5604
5554
5661
5634
5568
5545
5608
5512
5513
5556
5538
5505
5579
5550
5603
5526
5448
5439
5375
5312
5300
5321
5369
5326
5290
5118
5049
4949
4939
5033
4874
4936
5032
5081
5066
4994
4976
4944
4948
4990
4942
4992
4968
5028
5035
5010
5053
5285
5331
5192
5190
5213
5164
5159
5077
4970
4973
4899
4832
4750
4782
4691
4691
4626
4727
4771
4975
4893
5045
5124
5113
5174
5334
5359
5405
5584
5606
5643
5544
5545
5543
5447
5476
5570
5671
5626
5804
5761
5807
5720
5695
5776
5658
5624
5653
5639
5508
5396
5356
5451
5373
5449
5453
5458
5492
5486
5490
5433
5435
5327
5321
5351
5427
5509
5510
5499
5472
5582
5603
5613
5452
5472
5437
5428
5435
5436
5547
5697
5715
5716
5812
5802
5880
5855
5848
5929
5981
5880
5787
5855
5788
5789
5840
5795
5946
5983
6099
6041
6041
5983
5952
5877
5942
5880
5998
6045
6133
6107
6174
6169
6170
6116
6155
6211
6207
6177
6202
6280
6319
6216
6339
6246
6174
6303
6343
6275
6184
6002
6055
6037
6197
6187
6212
6251
6343
6239
6197
6364
6347
6490
6583
6523
6470
6381
6380
6395
6476
6459
6495
6527
6628
6622
6657
6434
6513
6347
6332
6383
6368
6444
6496
6551
6448
6333
6440
6356
6456
6417
6444
6447
6575
6613
6701
6692
6588
6593
6562
6445
6464
6446
6436
6473
6474
6488
6627
6657
6683
6689
6648
6727
6538
6492
6517
6493
6521
6559
6706
6713
6677
6513
6487
6465
6453
6476
6509
6546
6437
6418
6351
6401
6458
6350
6353
6328
6266
6419
6376
6463
6439
6489
6748
6574
6514
6452
6378
6407
6515
6523
6484
6484
6536
6447
6413
6530
6531
6445
6481
6487
6444
6335
6291
6317
6321
6303
6227
6124
6146
6164
6147
6153
6162
6205
6151
6151
6188
6016
6156
6167
6145
6308
6286
6258
6367
6396
6476
6383
6476
6451
6493
6447
6567
6585
6581
6603
6463
6346
6426
6700
6630
6692
6561
6655
6616
6578
6548
6601
6515
6548
6482
6480
6430
6409
6621
6562
6529
6480
6617
6708
6754
6789
6937
6911
6876
6855
6896
6781
6796
6856
6886
6716
6812
6924
6890
6832
6678
6754
6800
6686
6627
6525
6456
6604
6627
6608
6523
6491
6382
6449
6551
6464
6501
6536
6412
6524
6592
6464
6446
6364
6455
6506
6667
6407
6330
6391
6423
6277
6346
6198
6148
6095
6025
5982
5998
6033
5919
5959
5979
5976
6100
6212
6164
6061
5987
5985
6016
5978
5971
5868
5939
5895
5975
6065
6097
6016
5982
5996
5985
5981
5978
5983
5931
6053
5968
5772
5794
5879
5842
5908
6033
6062
6070
6012
5960
5910
5968
5953
5955
6010
6093
6085
6130
6212
6218
6305
6332
6322
6239
6184
6279
6239
6151
6221
6154
6183
6120
6117
6134
6214
6335
6459
6507
6597
6726
6760
6791
6843
7060
7013
6958
6938
6963
6999
7022
6908
7005
6947
6950
7000
6894
6890
6915
7010
7109
7136
7208
7278
7227
7183
7133
7021
6803
6803
6741
6711
6796
6905
6716
6664
6641
6796
6742
6593
6637
6720
6741
6836
6830
6818
6661
6776
6739
6648
6545
6455
6522
6604
6570
6619
6688
6839
6816
6750
6732
6707
6705
6889
6943
6962
6751
6670
6650
6526
6368
6371
6364
6256
6290
6291
6258
6383
6415
6446
6428
6436
6396
6250
6336
6306
6200
6246
6193
6103
6158
6089
6041
5946
5986
6015
5994
5889
5954
5934
5861
5810
5812
5891
5947
5925
5931
5930
5833
5857
5897
5762
5692
5635
5658
5676
5696
5615
5639
5598
5614
5426
5529
5432
5501
5727
5809
5858
5885
5949
5981
6001
5863
5928
5855
5946
5935
6085
6073
6114
6153
6079
6106
6072
6123
6000
5950
5932
5881
5836
5952
5971
6053
6101
6125
6021
6032
6245
6285
6373
6310
6341
6355
6288
6397
6497
6523
6455
6522
6455
6473
6418
6491
6459
6604
6493
6557
6670
6586
6695
6696
6747
6743
6515
6656
6614
6700
6669
6764
6728
6665
6620
6580
6471
6567
6540
6491
6526
6591
6484
6394
6282
6288
6274
6221
6346
6326
6462
6407
6453
6486
6595
6719
6753
6725
6759
6857
6764
6873
7056
7046
7097
7174
7098
7132
7274
7209
7075
6952
6869
6809
6668
6713
6864
6742
6800
6907
6903
6844
6705
6721
6686
6619
6454
6551
6594
6586
6688
6684
6652
6566
6541
6499
6566
6508
6437
6375
6408
6432
6334
6229
6246
6295
6255
6345
6246
6200
6170
6231
6247
6055
6031
5992
5970
6024
5994
5939
5849
5832
5894
5832
5755
5642
5646
5572
5492
5518
5449
5452
5449
5501
5356
5282
5270
5212
5125
5176
5244
5374
5391
5324
5348
5440
5456
5533
5560
5510
5433
5486
5359
5370
5381
5355
5343
5279
5244
5200
5144
5163
5215
5212
5316
5374
5288
5358
5322
5434
5427
5350
5366
5320
5334
5427
5333
5286
5366
5368
5437
5305
5407
5391
5451
5617
5558
5529
5565
5524
5399
5395
5595
5566
5552
5569
5670
5532
5515
5473
5365
5309
5357
5402
5314
5459
5404
5339
5359
5336
5354
5304
5412
5381
5576
5583
5511
5367
5455
5330
5430
5258
5325
5403
5441
5353
5352
5436
5451
5331
5366
5412
5398
5353
5407
5419
5468
5488
5410
5432
5337
5290
5285
5335
5404
5305
5291
5288
5274
5348
5444
5413
5463
5411
5428
5351
5365
5415
5447
5440
5416
5410
5424
5415
5471
5353
5304
5340
5429
5489
5503
5548
5573
5500
5464
5476
5446
5475
5622
5515
5432
5456
5376
5384
5357
5434
5474
5459
5450
5479
5457
5549
5652
5615
5572
5550
5612
5538
5557
5646
5593
5514
5408
5470
5509
5644
5579
5674
5691
5628
5570
5626
5532
5756
5716
5707
5678
5770
5820
5796
5736
5799
5743
5717
5741
5747
5751
5740
5763
5706
5617
5659
5745
5716
5606
5664
5669
5725
5725
5690
5681
5750
5796
5907
5805
5789
5825
5907
6005
5860
5956
5955
6021
6202
6291
6310
6229
6125
6111
6050
6105
6065
6089
6083
6173
5931
5969
5784
5757
5748
5745
5734
5752
5809
5938
5888
5837
5962
5886
6042
6152
6068
6015
6054
5890
5763
5803
5883
5923
6081
6128
6066
6112
6228
6197
6329
6341
6347
6283
6361
6364
6312
6343
6259
6099
6010
6224
6131
6108
5934
5959
5901
6029
6165
6188
6141
6156
6228
6372
6430
6461
6485
6332
6218
6244
6231
6266
6252
6138
6132
6147
5987
6010
5935
5942
6034
5988
6048
6007
6053
6023
6175
6182
6112
6063
6086
6058
6192
6215
6163
6162
6100
6122
6278
6175
6129
6113
6135
6277
6223
6400
6473
6483
6329
6470
6446
6486
6216
6296
6163
6189
6257
6221
6210
6322
6405
6265
6336
6213
6092
6233
6354
6315
6408
6476
6451
6391
6354
6342
6304
6281
6214
6243
6376
6569
6444
6527
6507
6532
6510
6612
6601
6514
6479
6437
6434
6441
6469
6522
6353
6384
6299
6322
6489
6432
6386
6290
6145
6154
6136
6185
6251
6252
6229
6159
6272
6429
6333
6326
6404
6521
6472
6319
6344
6363
6446
6314
6339
6455
6513
6667
6621
6638
6680
6482
6490
6408
6424
6457
6345
6346
6282
6320
6337
6265
6271
6211
6203
6258
6262
6220
6225
6272
6246
6258
6213
6197
6066
6165
6200
6268
6302
6325
6275
6104
6201
6227
6099
6095
6144
6117
6040
5978
6093
6200
6372
6319
6354
6373
6363
6393
6226
6244
6225
6054
6042
6009
5936
5822
5710
5619
5572
5740
5595
5500
5578
5605
5560
5566
5556
5604
5666
5830
5744
5569
5516
5445
5415
5384
5484
5585
5702
5620
5749
5796
5784
5841
5812
5751
5660
5611
5653
5588
5712
5848
5752
5602
5654
5562
5547
5607
5604
5534
5655
5628
5527
5445
5520
5703
5790
5802
5824
5771
5885
5822
5842
5858
5806
5916
5915
5907
5797
5913
5837
5773
5742
5694
5703
5789
5822
5713
5767
5773
5597
5769
5774
5789
5863
5800
5783
5848
5827
5796
5847
5827
5627
5795
5897
5820
5974
5866
6056
6096
6006
5959
5817
5739
5808
5757
5821
5868
5945
5906
5879
5749
5673
5638
5679
5708
5798
5912
5871
5918
5834
5724
5721
5815
5819
5846
5910
5977
6045
5992
5957
5949
5868
5853
5884
5901
5879
5833
5719
5707
5730
5791
5895
5829
5824
5840
5802
5720
5726
5879
5914
5865
5853
5826
5736
5907
5878
5881
6034
5975
5952
5974
5983
5770
5690
5655
5808
5742
5816
5810
5767
5595
5531
5491
5341
5342
5294
5206
5176
5255
5399
5364
5379
5340
5369
5437
5448
5456
5389
5419
5389
5327
5309
5185
5007
4952
4908
4856
4983
5103
5128
5148
5302
5254
5303
5344
5353
5265
5405
5537
5592
5504
5553
5548
5448
5391
5343
5233
5287
5306
5322
5266
5394
5373
5423
5469
5474
5498
5565
5613
5534
5524
5528
5624
5596
5687
5555
5442
5404
5243
5325
5349
5373
5469
5545
5590
5542
5529
5442
5361
5438
5447
5414
5452
5491
5533
5453
5463
5381
5381
5404
5373
5376
5354
5358
5322
5275
5256
5108
4980
4925
4963
5051
5096
5005
5005
4893
4947
4990
5197
5270
5352
5397
5324
5360
5440
5378
5357
5277
5361
5320
5405
5288
5317
5275
5255
5151
5148
5202
5296
5324
5404
5374
5311
5253
5398
5382
5465
5431
5512
5434
5484
5623
5574
5538
5464
5438
5472
5584
5531
5477
5426
5464
5608
5612
5496
5418
5418
5486
5523
5596
5551
5474
5552
5401
5425
5484
5373
5430
5419
5338
5268
5215
5118
5099
5219
5256
5137
5149
5107
5211
5176
5087
5143
5201
5190
5080
5106
5149
5278
5372
5333
5311
5193
5215
5229
5225
5292
5367
5405
5385
5201
5210
5213
5162
5158
5090
5183
5251
5269
5139
5125
5240
5227
5153
5204
5218
5171
5206
5177
5094
4986
5045
4989
5013
5029
5119
5169
5227
5290
5361
5410
5219
5140
5130
5193
5238
5239
5197
5200
5238
5224
5312
5426
5370
5544
5452
5520
5605
5630
5582
5585
5583
5689
5760
5685
5690
5723
5738
5731
5632
5597
5562
5570
5574
5518
5676
5739
5774
5689
5636
5598
5636
5650
5600
5662
5615
5677
5635
5691
5797
5902
5937
5926
5865
5798
5834
5913
5999
5962
5979
5980
5944
5878
5839
5866
5825
5843
5836
5827
5775
5756
5689
5770
5772
5873
5905
6022
6011
5981
5929
5866
5808
5829
5868
5940
5939
5805
5924
5838
5888
5822
5825
5808
5938
5936
5929
5940
5947
6000
6022
6071
5973
6078
6060
6208
6128
6148
6173
6156
6131
6209
6248
6297
6235
6241
6291
6380
6466
6595
6518
6400
6587
6540
6547
6693
6678
6730
6670
6714
6537
6477
6306
6165
6127
6137
6169
6064
6099
6150
6196
6218
6252
6213
6162
6100
6068
6098
6053
6035
5973
5962
5940
6031
5980
6123
6168
6145
6102
6149
6133
6072
6102
6146
6061
5960
5875
5804
5969
6144
6294
6347
6423
6489
6478
6460
6617
6662
6625
6508
6646
6648
6520
6521
6418
6525
6644
6560
6442
6333
6291
6401
6352
6334
6270
6369
6264
6156
6115
6215
6134
5940
5944
5881
5805
5776
5756
5660
5667
5835
5817
5979
5932
5914
5892
6021
5969
5889
5818
5841
5843
5868
5872
5776
5828
5783
5643
5549
5656
5624
5550
5505
5596
5590
5409
5455
5463
5505
5468
5562
5554
5451
5529
5487
5486
5429
5353
5484
5485
5566
5530
5458
5498
5613
5516
5512
5485
5500
5455
5546
5510
5587
5584
5687
5728
5747
5787
5756
5742
5736
5733
5628
5566
5499
5465
5487
5442
5436
5373
5484
5552
5524
5548
5510
5646
5630
5454
5360
5277
5277
5308
5194
5175
5108
5024
5157
5045
4951
5015
5045
5076
5164
5117
5090
5022
5002
5142
5029
5041
5119
5076
5097
5146
5148
5168
5286
5346
5488
5414
5321
5319
5212
5178
5124
5109
5114
5176
5034
5005
4968
4841
4765
4791
4766
4859
5012
5096
5069
5039
5029
4964
4882
5003
5121
5147
5117
5187
5158
5150
5103
5109
5049
5062
4963
4787
4886
4854
4700
4781
4862
4938
4990
4949
4954
4951
4835
4832
4691
4584
4685
4697
4801
4833
4703
4558
4625
4509
4484
4431
4473
4473
4454
4422
4438
4411
4433
4421
4435
4541
4622
4641
4592
4379
4436
4364
4248
4222
4245
4347
4286
4263
4233
4091
4009
4104
4152
4141
4195
4343
4381
4235
4184
4175
4176
4075
4076
4092
4035
4087
4084
4043
4020
4086
4005
4099
4116
4112
4212
4159
4195
4282
4329
4338
4351
4464
4386
4383
4394
4464
4482
4503
4539
4721
4787
4753
4831
4846
4902
4899
4943
4903
4950
4890
5019
4941
4938
5018
5013
5126
5058
5065
5142
5060
4943
4971
5009
4987
5053
4952
4922
4899
4918
4966
5040
4964
4991
5093
5081
5117
5094
5111
5187
5315
5355
5256
5299
5424
5532
5410
5434
5425
5343
5447
5538
5529
5620
5548
5566
5597
5626
5653
5831
5755
5678
5670
5633
5632
5648
5519
5496
5469
5547
5612
5580
5690
5639
5584
5607
5760
5782
5948
5821
5847
5825
5774
5881
5973
5827
5893
6023
6018
6134
6091
6060
5859
5756
5716
5656
5680
5774
5645
5613
5536
5523
5614
5605
5587
5497
5584
5641
5648
5717
5756
5786
5801
5847
5842
5945
5977
5903
5872
5920
5933
5930
5930
5923
5983
6061
5864
5898
6015
6008
6057
6096
6009
5980
6061
6172
6056
6053
6004
5936
5998
5846
5712
5840
5825
5792
5830
5716
5779
5732
5731
5807
5754
5725
5867
5833
5876
5954
5954
5953
5922
5988
5960
6014
5858
5820
5817
5676
5730
5770
5914
5935
6114
6172
6198
6310
6243
6272
6337
6364
6330
6329
6379
6399
6419
6329
6450
6479
6420
6281
6274
6334
6304
6217
6156
6109
6136
6148
6081
6086
6055
6111
6178
6149
6278
6160
6254
6278
6248
6333
6302
6344
6281
6270
6287
6320
6336
6308
6373
6366
6356
6480
6604
6599
6657
6748
6731
6741
6748
6857
6793
6731
6887
7035
7214
7053
6973
6984
6959
6944
6904
6846
6855
6842
6753
6691
6736
6677
6692
6732
6572
6581
6627
6564
6452
6482
6462
6479
6418
6498
6578
6527
6321
6202
6187
6042
5865
5800
5941
5926
5943
5832
5857
5783
5771
5897
5989
5944
5787
5789
5750
5695
5708
5671
5701
5629
5523
5554
5534
5583
5624
5717
5631
5566
5592
5470
5512
5602
5565
5644
5693
5665
5714
5530
5477
5533
5582
5623
5693
5696
5643
5665
5751
5580
5626
5603
5649
5663
5681
5693
5636
5668
5720
5863
5875
5789
5793
5827
5813
5758
5813
5782
5958
5838
6004
6056
5890
5749
5594
5660
5730
5873
5805
5893
5822
6045
6066
6112
6100
6004
6087
6104
6083
6083
6094
5981
6100
6253
6178
6155
6064
6110
6143
6156
6095
6164
6188
6252
6184
6060
6118
6024
5988
6016
6110
6115
6305
6096
6146
6056
6021
6006
5976
5996
6052
6139
6095
6134
6244
6207
6359
6472
6522
6659
6642
6768
6887
7019
7002
6878
6820
6939
6807
6781
6542
6570
6519
6456
6616
6622
6501
6500
6477
6475
6555
6504
6417
6300
6272
6260
6327
6380
6367
6444
6320
6312
6148
6126
6155
6128
6024
6060
5993
5919
5875
5812
5804
5814
5867
5836
5924
5924
5992
5970
6132
6287
6411
6392
6460
6423
6466
6601
6666
6724
6645
6556
6553
6611
6562
6573
6634
6691
6622
6620
6503
6514
6431
6329
6436
6428
6471
6305
6193
6257
6299
6237
6256
6148
6249
6195
6136
6241
6346
6288
6342
6222
6311
6345
6359
6247
6270
6270
6375
6406
6348
6074
5974
5955
6004
6002
5968
5823
5838
5725
5809
5806
5766
5757
5772
5788
5862
5879
5850
5831
5775
5839
5816
5884
5932
5908
5901
5771
5865
5867
5728
5782
5919
5942
5870
5903
5987
5932
6011
6004
6007
6028
6081
5940
5988
5999
5983
5867
5916
5998
6100
6087
6010
6057
6083
6140
6141
6180
6161
6267
6323
6196
6113
5993
5991
5969
5935
5998
5838
5850
5803
5830
5847
5921
5953
5904
5786
5863
5863
5975
5834
5829
5803
5928
5891
5856
5961
5885
5881
5972
5878
5980
5814
5888
5885
5956
5977
5955
5808
5775
5866
5764
5760
5696
5739
5759
5604
5652
5662
5723
5700
5646
5529
5533
5676
5636
5575
5595
5589
5464
5392
5317
5456
5348
5322
5371
5395
5436
5433
5334
5388
5304
5242
5298
5277
5349
5393
5400
5371
5429
5437
5439
5438
5409
5337
5401
5442
5459
5521
5598
5601
5676
5681
5691
5620
5638
5754
5723
5681
5691
5672
5522
5558
5673
5715
5637
5515
5544
5486
5439
5426
5469
5431
5480
5337
5343
5389
5374
5319
5298
5216
5242
5246
5253
5307
5374
5464
5429
5423
5368
5509
5450
5303
5117
5078
5042
5044
4984
4996
5069
5192
5241
5389
5515
5526
5479
5419
5463
5526
5554
5407
5343
5284
5313
5355
5349
5309
5376
5386
5416
5330
5418
5354
5303
5312
5298
5429
5394
5440
5347
5325
5363
5413
5444
5442
5358
5304
5282
5368
5411
5452
5485
5554
5564
5597
5433
5483
5516
5443
5482
5517
5446
5449
5297
5239
5329
5406
5395
5409
5349
5379
5405
5399
5319
5262
5158
5211
5188
5133
4959
5119
5139
5231
5108
5134
5042
4952
5000
4918
4948
4957
4899
4953
4993
5082
4999
5065
5024
5017
5086
5076
5098
5141
5123
5060
5036
5075
5061
5110
5125
5100
5072
4989
5056
5136
5038
5016
5109
5163
5282
5504
5377
5504
5533
5516
5520
5522
5594
5535
5519
5536
5567
5615
5677
5660
5719
5762
5793
5890
5908
5973
6135
6188
6160
6220
6275
6235
6302
6285
6322
6332
6389
6296
6398
6437
6368
6378
6391
6416
6307
6308
6221
6039
6152
6110
6161
6112
6240
6250
6280
6285
6283
6268
6429
6484
6533
6601
6485
6540
6623
6613
6606
6511
6469
6338
6364
6330
6461
6276
6087
6022
6078
6046
6035
6153
6275
6148
6060
6068
6148
6152
6193
6139
6242
6159
6044
6120
6107
6005
5983
6020
5987
5912
5911
5840
5785
5807
5853
5895
5948
5956
5873
5892
5934
5962
6008
5873
5864
5753
5629
5648
5702
5662
5727
5620
5701
5727
5664
5617
5627
5600
5509
5527
5542
5603
5674
5643
5741
5682
5720
5791
5714
5650
5585
5586
5689
5712
5769
5630
5625
5602
5505
5474
5506
5479
5419
5475
5533
5537
5509
5578
5528
5591
5651
5704
5668
5597
5507
5657
5680
5670
5856
5778
5763
5694
5729
5720
5649
5638
5726
5887
5849
5886
5960
5900
5873
5815
6003
5991
5926
6092
6185
6151
6137
5984
5976
5978
6064
5954
6014
5975
5933
5875
5935
6054
6155
6190
6340
6312
6345
6343
6331
6374
6409
6389
6339
6400
6356
6554
6651
6560
6615
6705
6748
6738
6872
6826
6821
6852
6898
6794
6859
6786
6698
6672
6794
6707
6646
6597
6698
6825
6735
6695
6717
6594
6625
6629
6612
6680
6555
6485
6431
6450
6431
6402
6388
6310
6252
6288
6255
6206
6145
6175
6148
6144
6200
6154
6051
6098
6154
6083
5995
6085
6208
6179
6231
6226
6369
6454
6352
6287
6372
6395
6329
6186
6307
6355
6278
6278
6219
6123
6238
6255
6117
6129
6183
6253
6269
6112
6047
5973
5931
5920
5889
5867
5812
5768
5582
5658
5602
5702
5863
5857
5889
5858
5877
5836
5871
5841
5875
5921
5925
5886
5786
5732
5631
5651
5625
5647
5580
5585
5574
5468
5427
5454
5480
5370
5452
5543
5482
5513
5489
5397
5385
5443
5466
5437
5438
5478
5526
5460
5527
5588
5585
5605
5600
5565
5725
5793
5879
5758
5833
5873
5965
5797
5838
5908
5958
6133
6121
6166
6113
6045
6063
5961
5868
5938
5880
5850
5916
5884
5967
6052
5948
5951
5822
5834
5942
6085
6015
6086
6130
6139
6152
6145
6263
6332
6274
6183
6107
6063
6134
6172
6356
6250
6212
6308
6374
6545
6464
6472
6460
6363
6411
6321
6377
6294
6347
6387
6383
6285
6272
6205
6260
6382
6539
6544
6550
6535
6478
6446
6458
6327
6376
6323
6245
6262
6288
6246
6172
6210
6221
6187
6261
6235
6239
6316
6370
6452
6491
6348
6382
6363
6388
6384
6351
6338
6234
6259
6207
6116
6146
6304
6315
6462
6541
6621
6550
6547
6589
6467
6463
6377
6289
6216
6298
6228
6312
6110
6098
6082
6026
6028
5945
5996
6092
6160
6118
6166
6041
5942
6023
5975
6067
6034
5997
6061
6104
6215
6264
6206
6312
6221
6276
6302
6350
6403
6299
6353
6601
6498
6390
6374
6354
6269
6287
6206
6109
6334
6359
6362
6462
6526
6545
6559
6569
6662
6510
6384
6299
6348
6411
6521
6413
6386
6458
6478
6519
6651
6670
6583
6605
6653
6725
6682
6630
6650
6738
6510
6357
6186
6190
6240
6258
6287
6252
6229
6246
6270
6242
6328
6159
6100
6178
6041
6112
6293
6269
6268
6176
6210
6209
6224
6316
6387
6393
6410
6339
6351
6379
6318
6391
6493
6442
6508
6534
6553
6488
6479
6432
6620
6612
6767
6753
6845
6678
6523
6542
6585
6568
6487
6471
6437
6335
6212
6164
6141
6121
6166
6230
6344
6439
6545
6445
6408
6328
6294
6330
6301
6185
6166
5971
5924
5951
5939
5782
5829
5801
5864
5846
5680
5798
5809
5824
5909
5949
5928
6024
6030
6014
6082
6039
5929
5891
5957
5967
5907
5858
5742
5715
5726
5694
5729
5808
5781
5733
5731
5790
5715
5658
5683
5804
5880
5909
6051
6012
5855
5844
5818
5870
5925
5979
5992
6025
6051
6115
6209
6263
6175
5995
6009
5977
5983
5951
5890
5907
5993
5987
5965
6064
6146
6103
6153
6149
6101
6031
6007
6011
6079
6060
6126
6256
6323
6214
6105
6153
6173
6161
6215
6289
6098
6238
6133
6218
6300
6289
6443
6580
6594
6468
6362
6332
6259
6113
6247
6183
6164
6207
6265
6184
6079
6138
6224
6182
6272
6338
6442
6413
6451
6387
6283
6173
6074
5944
5915
5814
5764
5720
5625
5689
5610
5510
5620
5590
5517
5527
5557
5525
5580
5488
5592
5411
5506
5434
5527
5527
5519
5535
5640
5548
5591
5731
5730
5718
5789
5882
5926
5879
5773
5727
5691
5769
5851
5729
5760
5768
5755
5851
5718
5761
5625
5600
5574
5609
5558
5641
5535
5481
5543
5430
5429
5548
5572
5683
5704
5801
5844
5918
6041
5951
5843
5923
6041
5888
5933
5964
6017
6132
6135
6089
6065
6221
6181
6129
6251
6346
6321
6329
6314
6326
6293
6369
6302
6232
6310
6361
6405
6432
6460
6537
6459
6452
6525
6550
6481
6503
6605
6723
6604
6687
6580
6527
6427
6356
6479
6409
6487
6438
6460
6553
6400
6342
6346
6207
6218
6248
6270
6288
6101
6083
6039
6203
6028
6022
6095
6055
6017
5866
5841
5812
5946
5959
5920
5779
5646
5676
5673
5682
5684
5716
5827
5927
5878
5858
5872
5872
5905
6026
5934
5910
5925
6001
6002
6017
6025
6114
6249
6319
6403
6390
6300
6412
6428
6414
6368
6326
6437
6467
6490
6480
6592
6674
6697
6770
6702
6676
6654
6827
6817
6855
6879
6988
7183
7240
7064
7015
6906
6836
6701
6649
6738
6779
6805
6625
6484
6528
6692
6555
6530
6728
6713
6800
6893
6922
6991
7013
6951
7025
7028
7029
6986
7040
6978
6932
6938
6943
6892
6969
7097
7192
7177
7208
7190
7205
7096
7232
7149
6993
6952
6995
7038
7042
6978
6924
6923
6803
6680
6733
6731
6515
6559
6568
6633
6619
6631
6591
6554
6665
6671
6637
6539
6575
6535
6468
6530
6643
6640
6727
6513
6467
6301
6375
6388
6395
6390
6351
6274
6257
6348
6319
6137
6108
6069
5937
5849
5729
5738
5796
5738
5842
5823
5886
5904
5644
5658
5684
5739
5751
5832
5820
5844
5779
5896
5950
5881
5849
5908
5960
5920
5930
5991
5877
5925
5887
5974
6102
6215
6244
6155
6129
6043
6042
6025
6047
5999
6004
5928
5963
5944
5799
5868
5831
5779
5754
5692
5824
5750
5613
5564
5530
5559
5592
5557
5636
5694
5583
5545
5581
5584
5709
5809
5701
5759
5782
5733
5639
5802
5829
5861
5801
5696
5594
5690
5689
5624
5694
5681
5667
5736
5795
5794
5659
5614
5637
5729
5639
5656
5739
5867
5946
6012
6005
6038
5956
6006
5928
5973
5926
5771
5790
5789
5793
5802
5776
5747
5832
5738
5815
5794
5787
5827
5665
5729
5766
5809
5947
5937
5989
5989
5914
5926
6001
6031
5926
6033
6036
6056
6063
6099
6198
6188
6159
5946
5939
6002
5981
6004
6107
6106
6156
6147
5982
5939
5996
5903
5891
5996
6006
5906
5902
6053
6298
6404
6341
6358
6318
6235
6104
6055
6039
5895
5861
5804
5798
5677
5614
5632
5541
5449
5517
5508
5443
5463
5527
5568
5643
5644
5677
5657
5751
5814
5835
5970
5932
5896
6057
5934
5920
6052
6154
6139
6177
6127
6074
6019
5949
5918
5857
5906
5882
5707
5781
5843
5914
5803
5784
5816
5764
5701
5786
5903
5995
6015
6136
6145
6154
6294
6532
6496
6480
6474
6492
6412
6268
6344
6402
6355
6260
6067
5841
5807
5865
5867
5795
5785
5774
5790
5906
5838
5775
5864
5819
5845
5859
5876
5909
5851
5911
5839
5879
5806
5888
5908
5864
5737
5637
5580
5685
5700
5641
5669
5797
5707
5620
5598
5553
5758
5721
5615
5678
5600
5709
5536
5576
5561
5574
5515
5520
5541
5666
5641
5632
5689
5699
5680
5780
5719
5768
5828
5871
5832
5925
5908
5967
5927
5893
6038
6133
6066
6169
6088
6078
6109
6135
6141
6087
6042
6088
6094
6125
6137
6037
5995
5979
5960
5910
5986
6043
6064
6120
6115
6022
6128
6151
6117
6009
5954
5796
5752
5743
5833
5865
5813
5858
5914
5979
5808
5793
5753
5688
5669
5703
5756
5785
5908
5964
5893
5794
5861
5885
5799
5872
5848
5762
5771
5840
5883
5858
5924
5861
6013
6134
6149
6253
6140
6269
6104
6039
5973
6086
5977
5831
5877
5710
5683
5661
5561
5547
5577
5666
5677
5561
5675
5609
5678
5739
5757
5675
5627
5650
5537
5642
5566
5603
5680
5671
5682
5765
5813
5845
5802
5727
5721
5555
5484
5552
5487
5462
5400
5394
5261
5441
5426
5433
5461
5341
5449
5438
5397
5493
5405
5379
5455
5570
5605
5574
5630
