505000
199930
142396
111743
92409
79416
69654
62268
56010
51255
47242
43675
40732
38234
36350
34172
32482
31010
29903
28654
27530
26483
25579
24703
23661
22914
22116
21616
20816
20275
19878
19497
18845
18427
18035
17728
17338
17044
16657
16512
16115
15656
15096
14871
14659
14354
14088
13791
13618
13477
13248
13107
12733
12710
12401
12138
12023
11948
11920
11994
11863
11663
11530
11418
11238
11219
11022
11091
11169
11113
11070
11022
11036
10941
11004
10720
10612
10324
10094
10213
10103
9919
9839
9887
9958
9880
9681
9648
9605
9594
9624
9489
9553
9389
9523
9445
9387
9412
9432
9429
9361
9259
9247
9037
8915
8761
8743
8573
8438
8368
8128
8289
8235
8304
8035
7931
7854
7849
7685
7723
7554
7507
7688
7647
7618
7631
7669
7490
7403
7431
7556
7620
7607
7661
7693
7523
7401
7438
7456
7406
7350
7462
7393
7411
7315
7211
7167
7146
7272
7460
7479
7390
7428
7452
7359
7379
7460
7524
7495
7435
7346
7265
7268
7285
7163
7249
7215
7051
7031
7068
7048
7102
7045
7065
6984
6910
6848
6970
6897
6963
6939
7054
6990
6854
6840
6887
6859
6827
6632
6779
6747
6837
6859
6937
6867
6937
6897
6830
6897
6905
6819
6863
7064
6984
6934
6954
6927
6901
7028
6947
7028
7056
7062
7066
6904
6924
6857
6858
6816
6780
6793
6594
6516
6448
6488
6423
6424
6440
6463
6411
6444
6434
6356
6401
6260
6253
6225
6299
6214
6148
6202
6105
6171
6265
6113
6082
6026
5945
5964
6009
6047
6021
5952
5846
5953
5910
5944
6020
5966
5893
5805
5691
5616
5551
5626
5605
5733
5692
5579
5595
5520
5467
5481
5530
5520
5461
5524
5579
5481
5453
5460
5437
5478
5412
5434
5578
5631
5644
5594
5668
5705
5794
5744
5705
5815
5968
5949
5907
5863
5982
5957
6169
6189
6204
6280
6225
6189
6133
6046
5939
6008
6044
6116
6153
6201
6131
6154
6259
6200
6076
6163
5936
5913
5817
5937
5987
5994
5941
6029
5927
5991
5940
6043
5856
5978
5985
6005
5973
5887
5786
5688
5539
5523
5573
5533
5546
5605
5603
5694
5797
5885
5886
5861
5768
5717
5774
5901
5870
5928
6008
6060
6139
6123
6135
6287
6223
6314
6405
6363
6246
6111
6032
6031
5908
6170
6134
6131
6022
6086
6018
6040
6182
6060
6069
6099
5954
6062
5976
5974
5974
6021
6091
6041
6079
6007
6100
6252
6207
6324
6339
6367
6397
6346
6288
6189
6178
6105
6095
6213
6210
6295
6480
6479
6409
6370
6516
6533
6483
6388
6334
6357
6448
6405
6321
6271
6036
6059
6185
6244
6310
6252
6317
6330
6365
6255
6321
6419
6453
6426
6303
6320
6332
6375
6362
6258
6301
6282
6339
6400
6369
6412
6472
6441
6417
6513
6475
6550
6400
6425
6445
6511
6492
6399
6299
6200
6082
6175
6101
6058
5970
5856
5990
6008
6189
6279
6156
6248
6252
6182
6185
6249
6347
6287
6317
6180
6056
6036
5912
5874
5884
5889
6021
6074
6102
6112
6144
6030
6033
5985
6007
5999
6024
6112
6117
6060
6024
6147
6201
6187
6175
6238
6265
6223
6533
6556
6567
6565
6492
6417
6531
6469
6545
6537
6504
6485
6416
6532
6583
6758
6684
6839
6840
6661
6544
6491
6387
6424
6348
6306
6377
6338
6414
6395
6439
6562
6649
6635
6582
6719
6746
6732
6691
6706
6758
6699
6690
6648
6575
6603
6648
6705
6576
6501
6492
6508
6549
6465
6520
6492
6491
6545
6509
6328
6359
6385
6545
6576
6562
6579
6518
6423
6398
6319
6399
6321
6250
6314
6258
6148
6252
6264
6192
6188
6160
6133
6081
6136
6194
6232
6051
6131
6163
6049
6036
6069
6194
6129
6087
6011
6094
6069
6196
6188
6205
6139
6172
6285
6332
6433
6589
6502
6397
6444
6435
6457
6393
6192
6275
6115
6264
6210
6260
6222
6161
6054
5982
5874
5922
5806
5905
5819
5815
5811
5773
5680
5771
5670
5587
5399
5473
5369
5369
5401
5381
5490
5311
5399
5438
5442
5413
5454
5396
5336
5310
5359
5361
5335
5334
5436
5406
5340
5308
5276
5386
5445
5576
5466
5534
5619
5606
5558
5505
5499
5425
5506
5549
5608
5672
5686
5761
5734
5565
5489
5496
5380
5310
5413
5414
5412
5385
5474
5421
5425
5408
5445
5465
5369
5381
5344
5383
5420
5350
5369
5251
5234
5287
5304
5318
5285
5356
5360
5334
5442
5482
5377
5396
5392
5470
5465
5457
5492
5434
5462
5513
5546
5532
5599
5543
5543
5677
5642
5669
5706
5628
5644
5589
5620
5566
5497
5542
5515
5505
5355
5306
5206
5289
5378
5406
5482
5433
5356
5336
5323
5372
5539
5429
5415
5444
5440
5456
5411
5268
5266
5302
5369
5286
5300
5152
5167
5089
5067
5003
5021
5010
5085
5089
5119
5146
5125
5085
5110
5085
5174
5242
5211
5209
5237
5123
5182
5047
4977
5009
4933
5001
5003
4923
4797
4849
4813
4797
4815
4812
4794
4806
4848
4766
4792
4933
4984
5111
5056
5090
4988
4938
4950
4907
4863
4858
4944
4930
5040
5147
5211
5223
5317
5380
5405
5448
5395
5313
5203
5121
5169
5169
5255
5363
5355
5306
5278
5384
5237
5204
5286
5324
5233
5271
5247
5203
5159
5219
5293
5326
5407
5274
5366
5321
5287
5188
5273
5346
5353
5415
5472
5520
5409
5490
5413
5378
5342
5294
5305
5310
5397
5426
5468
5518
5543
5474
5496
5554
5628
5542
5435
5432
5449
5592
5461
5418
5378
5352
5254
5177
5233
5295
5312
5340
5352
5180
5123
5061
5033
5027
5052
5001
5050
5057
4992
5043
5066
5030
4909
4881
4919
4954
4977
4952
5164
5165
5134
5161
5285
5290
5313
5260
5244
5241
5263
5242
5318
5349
5218
5327
5426
5508
5444
5368
5547
5506
5459
5379
5477
5399
5218
5360
5448
5391
5457
5391
5423
5434
5399
5396
5422
5433
5456
5455
5558
5674
5652
5758
5883
5882
5905
5915
5959
6006
5965
5938
6032
6066
6116
6015
5904
5983
5935
5966
5986
5889
5838
5821
5833
5776
5851
6025
6059
6096
6176
6220
6209
6062
6083
6032
6012
6068
6148
6036
5997
5834
5908
5954
5972
5986
5968
5867
5894
5871
5949
5987
6093
6169
6251
6081
6054
5922
5892
5922
5941
5927
5868
5937
5954
5971
5939
5796
5613
5733
5790
5802
5764
5663
5582
5472
5394
5333
5264
5268
5273
5346
5337
5437
5426
5465
5535
5633
5687
5702
5732
5800
5712
5679
5769
5861
5791
5973
6005
6108
6147
6246
6296
6316
6324
6244
6128
6191
6079
6094
5973
5878
5740
5620
5705
5636
5777
5831
5705
5822
5928
5954
5987
6008
6195
6238
6200
6120
6215
6064
6027
5922
5956
5800
5615
5557
5526
5540
5427
5471
5621
5574
5524
5385
5305
5332
5259
5181
5344
5274
5281
5179
5210
5254
5297
5393
5444
5464
5609
5616
5732
5591
5591
5621
5635
5839
5802
5876
5986
5869
5891
5955
5901
5898
6061
6077
6049
6024
6006
5951
5786
5847
5882
5854
5853
5989
5926
5818
5691
5739
5767
5707
5722
5734
5654
5636
5816
5803
5854
5949
5922
5846
5892
6051
5970
6180
6137
6223
6256
6213
6262
6243
6102
5909
5935
5968
5945
5998
6008
5970
6138
6072
6064
6078
5932
5952
5964
5965
5976
6029
5898
5972
5960
6041
6037
6044
6018
6060
6175
6157
6169
6173
6050
5998
6024
5962
5904
5981
5898
6005
5910
5806
5950
5905
5938
5962
6153
6094
6101
6176
6076
6142
6160
6083
6125
6142
6103
6007
6051
6071
6080
6239
6275
6192
6198
6089
6064
6058
6052
5804
5827
5907
6000
6059
6117
6219
6111
6115
5973
6032
5873
5880
5796
5661
5716
5898
5815
5670
5623
5619
5781
5768
5826
5942
5866
5882
5884
5966
6093
6114
6102
6029
5971
5969
5988
5997
5984
5973
6024
6088
6155
6116
6006
6013
5991
6089
6218
6365
6286
6211
6158
6184
6182
6235
6173
6286
6166
6255
6230
6083
5966
5993
5885
5850
5904
5917
5958
5978
5900
5808
5842
5765
5823
5747
5655
5635
5539
5544
5503
5493
5501
5559
5588
5580
5677
5763
5776
5767
5854
5853
5838
5779
5797
5652
5611
5650
5576
5422
5327
5377
5423
5609
5520
5495
5428
5446
5391
5347
5290
5274
5135
5287
5265
5245
5255
5212
5185
5154
5137
5037
5064
5113
5173
5176
5226
5167
5173
4996
5087
5031
5025
5109
5239
5210
5149
5286
5227
5249
5270
5236
5217
5194
5303
5327
5225
5468
5594
5534
5574
5585
5566
5635
5625
5673
5624
5589
5610
5672
5716
5739
5829
5895
5908
5902
5862
5688
5631
5721
5724
5738
5691
5711
5654
5527
5451
5483
5456
5440
5419
5431
5341
5268
5258
5263
5187
5237
5167
5231
5266
5262
5256
5281
5346
5440
5539
5550
5517
5579
5545
5453
5449
5409
5273
5133
5177
5196
5240
5085
5078
5068
5097
5190
5227
5380
5343
5377
5397
5512
5536
5580
5583
5579
5575
5563
5525
5498
5574
5668
5730
5727
5746
5791
5786
5813
5726
5848
5892
5936
5855
5876
5801
5832
5822
5687
5815
5814
5512
5571
5643
5891
5971
6062
5964
5878
5899
5890
5779
5611
5578
5638
5620
5586
5527
5465
5518
5633
5740
5860
5982
5995
5999
5898
5937
5991
5807
5788
5813
5849
5820
5747
5778
5622
5627
5561
5677
5755
5764
5656
5726
5769
5871
5736
5662
5700
5820
5797
5822
5872
5874
5877
5927
5808
5790
5757
5799
5755
5743
5911
5769
5632
5704
5623
5605
5517
5565
5641
5590
5576
5490
5455
5413
5480
5453
5449
5304
5361
5436
5455
5413
5415
5257
5392
5456
5404
5340
5366
5381
5426
5392
5432
5400
5390
5193
5179
5173
5182
5237
5195
5114
5139
5122
5232
5325
5324
5318
5403
5281
5236
5280
5368
5346
5361
5435
5410
5386
5402
5321
5283
5204
5292
5283
5353
5279
5285
5260
5254
5249
5266
5049
4930
4867
4864
4940
4893
4855
4820
4886
4997
5060
5077
5019
5084
5102
5099
5040
5033
5061
5132
5128
5100
5017
4970
5048
4930
4852
4979
4994
4931
5011
4968
4976
4966
5012
4963
4886
4862
4918
4951
4986
4896
4986
4983
4952
5011
5129
5123
5098
5136
5080
5072
4981
5022
5166
5083
5045
5207
5285
5331
5374
5342
5371
5555
5594
5684
5605
5680
5665
5643
5559
5557
5498
5553
5556
5493
5457
5520
5488
5558
5551
5647
5650
5627
5365
5247
5286
5303
5162
5065
5081
5049
4944
4904
5018
5054
5030
5108
5123
5163
5170
5116
5065
5133
5109
4994
5066
5064
5166
5216
5209
5262
5254
5335
5340
5409
5416
5526
5489
5586
5587
5559
5703
5560
5566
5675
5684
5661
5756
5776
5668
5724
5718
5631
5621
5553
5713
5723
5675
5612
5678
5735
5681
5858
5797
5596
5520
5479
5412
5458
5490
5511
5465
5431
5393
5368
5260
5155
5154
5168
5139
5110
5171
5207
5278
5276
5186
5243
5075
5041
5015
5021
4997
4995
5003
5029
5117
5261
5193
5133
5115
5111
5177
5138
5075
4999
4933
4951
4816
4779
4837
4788
4769
4865
4871
4842
4890
4983
4991
5013
5044
5013
5044
4988
4944
4968
4976
5136
5193
5263
5318
5347
5318
5463
5408
5332
5316
5537
5481
5530
5504
5490
5547
5542
5616
5539
5513
5553
5532
5559
5484
5549
5489
5545
5524
5519
5420
5557
5574
5522
5571
5524
5563
5500
5555
5692
5664
5656
5478
5530
5510
5509
5560
5454
5414
5382
5271
5269
5257
5415
5373
5475
5492
5504
5502
5486
5513
5349
5375
5327
5270
5218
5286
5107
5055
5110
4963
4870
4832
4802
4817
4950
4954
4974
4977
4910
4859
4910
4918
4800
4809
4883
4895
5027
5076
5033
5047
4954
4964
4926
4901
4911
4878
4913
4898
4968
4998
5040
5041
4998
4971
4983
4928
5041
5006
5065
5143
5155
5048
4972
4993
4932
5017
5008
5066
5168
5221
5163
5304
5167
5157
5292
5362
5388
5348
5313
5400
5402
5416
5357
5439
5394
5395
5230
5144
5166
5135
5252
5244
5307
5273
5326
5279
5236
5216
5175
5098
5288
5362
5295
5315
5232
5264
5267
5262
5198
5069
4915
4885
4909
4856
4849
4969
5028
4972
4965
5057
5179
5032
4993
5082
5064
5151
5122
5123
5220
5287
5179
5195
5278
5205
5210
5189
5223
5165
5006
5019
5082
5058
5094
5092
5038
5104
5112
5150
5243
5156
5188
5317
5235
5266
5278
5273
5330
5345
5228
5213
5303
5366
5256
5145
5014
5168
5087
5076
5072
5021
4969
4903
4818
4906
4828
4915
4917
4966
4890
4964
5007
4994
4844
4993
5005
5117
5187
5161
5125
5091
5095
5162
5179
5079
5205
5252
5274
5303
5226
5286
5293
5326
5298
5238
5128
5132
5158
5108
5016
5053
4967
5012
4929
4965
4905
4942
4911
4911
4920
4885
4829
4777
4731
4812
4762
4791
4720
4775
4800
4807
4831
4825
4790
4756
4792
4841
4827
4837
4912
5022
4925
4825
4884
5041
5031
5130
5146
5135
5092
4982
5025
5022
5014
5010
5126
5156
5174
5251
5207
5193
5245
5397
5354
5341
5399
5438
5337
5125
4960
4959
4947
4940
4911
5066
5156
5206
5187
5138
5202
5202
5353
5530
5518
5567
5533
5460
5356
5410
5376
5324
5405
5451
5420
5505
5591
5495
5425
5627
5650
5755
5737
5762
5796
5705
5747
5699
5670
5673
5730
5716
5681
5672
5523
5521
5656
5649
5448
5558
5562
5619
5616
5588
5555
5425
5453
5368
5440
5446
5540
5596
5577
5472
5518
5449
5413
5294
5324
5377
5359
5506
5521
5598
5696
5661
5692
5574
5657
5698
5673
5669
5636
5786
5786
5691
5617
5417
5523
5630
5715
5631
5826
5749
5814
5673
5699
5757
5744
5589
5572
5483
5479
5529
5579
5521
5439
5629
5691
5603
5660
5619
5533
5565
5549
5619
5663
5542
5432
5419
5521
5528
5628
5650
5626
5589
5530
5378
5325
5287
5311
5281
5319
5361
5390
5345
5329
5359
5333
5318
5238
5268
5247
5229
5206
5069
5114
5199
5223
5176
5111
5131
5082
5017
5076
5066
5085
5225
5233
5322
5236
5416
5219
5120
4985
5010
5033
5131
5107
5176
5130
5066
5144
5058
5029
4899
4865
4890
4844
4811
4853
4816
4856
4932
4904
4878
4883
4879
4835
4823
4861
4925
4951
4914
4903
4915
4908
5047
5068
5210
5270
5320
5359
5366
5263
5329
5283
5287
5309
5207
5325
5276
5259
5322
5361
5290
5299
5186
5212
5241
5380
5509
5643
5744
5712
5609
5643
5651
5677
5692
5710
5653
5685
5672
5680
5702
5790
5699
5672
5869
5957
6023
5834
5888
5812
5817
5863
5848
5917
5813
5630
5518
5558
5676
5701
5737
5720
5641
5734
5790
5916
5969
5949
5932
5978
5989
6043
5953
5960
5878
5820
5905
5919
5902
5892
5792
5775
5813
5687
5654
5642
5608
5693
5696
5764
5806
5762
5848
5839
5780
5702
5625
5585
5516
5531
5569
5596
5535
5599
5660
5608
5590
5592
5684
5729
5620
5571
5613
5504
5559
5431
5434
5337
5357
5347
5247
5256
5144
5109
5073
5126
5269
5351
5425
5420
5402
5456
5536
5475
5491
5536
5490
5550
5505
5403
5371
5270
5345
5278
5363
5268
5138
5185
5149
5188
5095
4972
4998
4973
4809
4829
4780
4853
4842
4835
4847
4850
4797
4785
4797
4818
4699
4634
4715
4715
4868
4810
4840
4724
4554
4429
4531
4546
4518
4569
4565
4601
4552
4558
4551
4648
4638
4656
4638
4789
4949
5044
5030
4987
4961
4923
4963
4916
4904
4933
4986
4997
4992
4886
4839
4789
4775
4776
4869
4946
4818
4910
4932
4949
4935
4960
4972
4867
4882
4811
4807
4703
4785
4754
4740
4672
4698
4749
4610
4662
4634
4606
4676
4712
4905
4959
4927
4874
4822
4736
4807
4807
4852
4808
4789
4794
4815
4825
4778
4806
4998
5038
4997
4863
4788
4757
4810
4770
4766
4856
4961
4902
4809
4817
4893
4867
4828
4781
4785
4687
4621
4541
4594
4539
4470
4472
4632
4693
4633
4630
4668
4690
4600
4613
4592
4532
4646
4531
4531
4505
4490
4508
4419
4460
4482
4539
4558
4550
4550
4552
4621
4619
4629
4533
4569
4625
4636
4761
4777
4836
4867
4849
4898
4889
4953
5089
5020
4974
5057
5234
5254
5269
5305
5383
5210
5196
5257
5267
5288
5314
5286
5325
5326
5224
5217
5183
5263
5087
4995
5028
5083
5174
5191
5236
5160
5139
5035
5062
5111
5070
5190
5291
5272
5297
5258
5189
5116
5269
5359
5414
5426
5412
5442
5469
5351
5349
5416
5382
5456
5463
5425
5505
5559
5600
5635
5732
5720
5662
5627
5442
5491
5490
5629
5659
5695
5496
5457
5530
5522
5449
5529
5610
5613
5555
5570
5696
5735
5774
5694
5731
5716
5742
5757
5591
5636
5600
5599
5533
5489
5620
5688
5668
5667
5742
5749
5693
5680
5872
5927
5806
5797
5903
5908
6048
6002
6052
6155
6219
6264
6177
6170
6191
6234
6158
6060
6139
6031
6156
6167
6184
6157
6042
5976
5955
6095
5944
5963
5906
5962
6118
6260
6250
6334
6323
6364
6383
6368
6242
6155
6252
6195
6277
6213
6105
6144
5906
5918
5984
6051
6018
6032
6053
5967
5831
5834
5818
5802
5806
5864
5809
5817
5739
5763
5824
5955
5993
5955
6015
5888
5928
5844
5769
5782
5736
5699
5846
6010
5925
5972
5864
6002
6026
6034
6166
6117
6006
6045
6038
5967
5874
5923
5978
6079
6084
6051
6081
5976
5944
5935
5979
6024
5893
6023
5921
5816
5840
5845
5719
5742
5751
5614
5558
5567
5595
5600
5606
5608
5487
5519
5532
5635
5527
5447
5509
5478
5446
5430
5422
5293
5333
5291
5329
5457
5448
5343
5304
5387
5400
5343
5383
5442
5524
5427
5515
5689
5819
5763
5756
5828
5857
5803
5959
5888
5788
5798
5673
5703
5737
5685
5721
5816
5805
5760
5692
5522
5538
5636
5593
5565
5554
5528
5508
5477
5494
5565
5526
5614
5472
5507
5576
5520
5504
5588
5578
5562
5509
5445
5548
5480
5496
5475
5484
5474
5626
5653
5595
5442
5441
5509
5503
5498
5407
5431
5392
5211
5354
5307
5376
5378
5371
5437
5518
5495
5602
5578
5507
5471
5453
5539
5550
5606
5595
5662
5743
5738
5743
5707
5705
5696
5660
5712
5829
5848
5853
5916
5969
5909
5966
5944
5934
6017
6027
6074
6050
6176
6236
6217
6234
6260
6243
6200
6127
6096
6122
6024
6039
6109
5979
6004
5866
5832
5892
5937
6029
6086
6137
6092
6165
6058
6082
6059
6114
6136
6244
6217
6120
6080
6021
6033
6044
6085
6162
6169
6150
6155
6164
6175
6280
6324
6406
6360
6370
6390
6532
6549
6494
6521
6456
6587
6582
6713
6821
6985
6977
6956
6943
6847
6785
6736
6667
6540
6616
6741
6777
6653
6662
6662
6599
6579
6518
6556
6511
6551
6522
6553
6442
6388
6396
6475
6637
6568
6641
6703
6670
6567
6376
6252
6230
6257
6119
6153
6232
6169
6324
6363
6360
6440
6380
6480
6508
6466
6412
6419
6329
6379
6329
6296
6234
6199
5989
6156
6111
6119
6194
6184
6134
6075
5962
6006
5987
5933
5944
5916
5897
5927
5803
5877
5895
5900
5898
5902
5973
5985
5980
5903
5809
5772
5868
5929
5891
5967
5961
5965
6026
5952
5962
6066
6052
6159
6124
6020
5985
5944
5886
5899
5844
5876
5884
5881
5817
5806
5819
5685
5706
5744
5796
5805
5753
5655
5665
5675
5735
5671
5639
5595
5597
5641
5678
5607
5594
5576
5674
5728
5668
5755
5842
5699
5730
5634
5609
5563
5518
5488
5399
5423
5483
5633
5643
5664
5740
5890
5951
5994
6057
6199
6153
6146
6225
6129
6114
6040
6088
6097
6171
6113
6116
6077
6144
6021
5957
5914
5778
5742
5753
5783
5805
5828
5894
5828
5738
5610
5647
5573
5517
5398
5343
5377
5447
5531
5534
5565
5663
5740
5816
5749
5714
5771
5901
5962
5896
5899
5940
6009
6065
6091
6161
6101
6159
6169
6097
6150
6045
6115
6087
5960
5807
5900
5902
5996
5970
5995
5939
5905
5826
5852
5854
5855
5854
5813
5775
5674
5703
5922
5988
5956
5922
5971
5883
5813
5742
5733
5785
5754
5828
5910
5885
6022
6044
5996
6003
6002
6001
5843
5999
5960
5923
5864
5843
5809
5739
5882
5900
5826
5828
5715
5681
5527
5505
5503
5559
5540
5537
5604
5671
5578
5531
5538
5387
5466
5595
5668
5784
5668
5896
5919
5906
5865
5873
5883
5847
5854
5926
5937
5894
5897
5848
5932
5987
5962
5971
5972
5953
5937
5844
5970
6046
6011
5919
6099
6210
6170
6354
6340
6419
6483
6473
6531
6451
6461
6320
6200
6178
6145
6184
6201
6287
6295
6148
6061
5956
5940
5847
5839
5809
5626
5732
5684
5701
5743
5699
5791
5774
5724
5717
5731
5868
5854
5815
5851
5789
5773
5770
5884
5880
5820
5755
5729
5715
5681
5704
5567
5486
5433
5532
5491
5609
5549
5579
5646
5655
5629
5500
5618
5628
5626
5735
5646
5788
5853
5848
5739
5768
5663
5505
5582
5546
5548
5575
5413
5396
5378
5407
5318
5283
5265
5257
5276
5255
5222
5196
5124
5189
5193
5243
5254
5332
5316
5326
5249
5202
5287
5187
5184
5310
5334
5394
5491
5608
5523
5407
5379
5348
5237
5249
5239
5256
5198
5274
5363
5380
5459
5448
5391
5411
5520
5435
5367
5522
5542
5652
5765
5801
5901
5872
5946
5849
5987
5959
5994
5959
5911
5936
5960
6050
6135
6121
6085
6117
6114
6135
6191
6160
6202
6202
6344
6420
6442
6448
6464
6435
6462
6312
6275
6245
6325
6248
6331
6357
6369
6324
6250
6308
6259
6112
6180
6223
6172
6224
6241
6198
6111
6266
6207
6338
6280
6236
6318
6247
6167
5944
5921
5781
5803
5964
5905
5952
5864
5846
5918
5993
5916
5802
5793
5773
5779
5750
5851
5815
5824
5780
5775
5615
5530
5550
5456
5370
5297
5217
5163
5257
5175
5047
5048
5112
5178
5295
5202
5239
5377
5520
5515
5392
5266
5225
5267
5289
5216
5316
5257
5297
5272
5233
5149
5096
5086
5189
5257
5227
5326
5363
5443
5480
5357
5413
5470
5351
5566
5558
5510
5473
5625
5565
5570
5560
5662
5707
5602
5727
5651
5609
5639
5568
5548
5456
5488
5568
5540
5507
5582
5558
5496
5629
5691
5580
5459
5468
5435
5432
5375
5326
5262
5263
5198
5261
5237
5313
5335
5316
5318
5313
5289
5363
5336
5299
5320
5548
5641
5546
5518
5483
5397
5363
5455
5554
5673
5498
5544
5595
5432
5490
5482
5434
5267
5255
5217
5258
5223
5255
5206
5098
5104
5138
5188
5063
5125
5118
5098
5081
5067
5034
5062
5076
5040
4999
4969
5091
5127
5189
5078
5020
4980
4933
4873
4780
4761
4850
4899
4823
4804
4794
4771
4674
4660
4741
4801
4799
4808
4718
4801
4743
4878
4806
4776
4834
4818
4839
4860
4906
4880
4874
4896
4907
4923
4950
4965
4973
4997
5083
5034
5035
5115
5089
5136
5108
5097
5160
5149
5208
5172
5115
5058
5039
5015
4916
4975
5034
5035
5068
5059
5101
5045
4936
4906
4884
4824
4743
4739
4729
4750
4658
4751
4768
4738
4805
4802
4812
4789
4705
4746
4811
4739
4815
4937
4827
4772
4790
4849
4955
4914
4934
4935
4977
4941
5016
5138
5218
5178
5176
5286
5242
5176
5168
5092
5222
5323
5349
5306
5259
5149
5168
5255
5275
5264
5280
5276
5208
5259
5149
5147
5075
5131
5100
5170
5219
5248
5189
5201
5189
5057
5070
4926
4981
5037
5094
5060
4965
4933
4996
4895
4903
4894
4837
4908
4902
4944
4851
4888
4820
4772
4837
4819
4840
4787
4842
4943
4958
4935
4867
4792
4826
4880
4793
4770
4811
4859
4880
4811
4800
4895
4991
5036
5117
5200
5272
5184
5152
5123
5070
5026
4943
4955
5018
4968
4920
4955
4947
4927
4955
4851
4825
4769
4815
4894
4844
4792
4705
4649
4654
4677
4695
4631
4662
4626
4648
4647
4638
4616
4574
4780
4790
4876
4844
4895
4919
4941
5010
5009
5115
5056
5156
5202
5228
5208
5123
5040
5065
5194
5355
5369
5379
5542
5435
5459
5534
5554
5589
5620
5626
5638
5601
5643
5628
5529
5517
5527
5438
5394
5350
5343
5441
5461
5470
5580
5496
5551
5548
5494
5505
5634
5702
5797
5707
5691
5713
5705
5945
5956
5882
5864
5756
5821
5836
5797
5782
5866
5938
6002
5982
6050
6055
5886
6022
6019
6096
6252
6158
6168
6098
6155
6185
6334
6555
6507
6377
6502
6453
6523
6468
6514
6514
6377
6397
6214
6317
6327
6361
6213
6305
6208
6260
6226
6289
6129
6105
6040
6156
6145
6259
6388
6376
6389
6391
6354
6298
6377
6460
6579
6474
6396
6502
6376
6445
6375
6431
6314
6327
6327
6304
6132
6183
6070
6176
6080
6175
6288
6229
6272
6341
6302
6230
6256
6434
6541
6554
6634
6669
6723
6727
6467
6541
6515
6735
6584
6454
6483
6382
6319
6291
6109
6034
6098
6153
6135
6186
6237
6223
6222
6135
6137
6049
6032
6052
6103
6090
6109
5999
6019
6084
6114
6021
5839
5733
5714
5801
5712
5725
5758
5667
5487
5552
5539
5620
5553
5599
5552
5584
5587
5532
5427
5445
5379
5336
5350
5477
5542
5534
5668
5799
5917
5840
5905
6084
5996
5879
5702
5829
5762
5807
5681
5677
5694
5686
5659
5658
5691
5726
5633
5719
5735
5829
5831
5870
5927
5927
6046
6044
5984
5961
6087
6154
6087
6121
6060
6012
6016
6118
6032
6061
6086
6078
6041
5960
5825
5800
5792
5766
5754
5759
5853
5862
5867
5811
5857
5837
5880
5950
5893
5873
5809
5797
5874
5980
6026
6133
6247
6244
6199
6078
6123
6158
6166
6091
6166
5934
6023
6091
6109
6046
6038
6109
6130
6134
6104
6091
6050
6045
5955
5923
5901
5861
5931
5990
5973
5926
5884
5919
5944
6069
5955
6031
6037
6024
6051
6214
6153
6161
6062
6026
5920
5951
5970
6009
6169
6002
6020
5991
5891
5907
6022
6063
6092
5992
6127
6088
6064
6027
5878
5819
5939
5982
5965
6019
5936
5985
6003
5996
6032
6078
6102
6029
5993
5854
5949
6063
6042
6042
5989
5982
6041
6044
6007
5977
5904
6071
6120
6119
6139
6159
6126
6233
6308
6296
6392
6296
6321
6314
6241
6268
6224
6315
6270
6232
6274
6198
6187
6162
6154
6180
6344
6343
6278
6294
6229
6261
6193
6214
6250
6290
6314
6344
6300
6118
6097
6084
6064
6198
6311
6490
6346
6283
6277
6214
6208
6159
6048
6066
6073
6085
6053
6037
5991
5918
5996
5899
5797
5765
5954
5948
6026
6078
6013
6119
6127
6154
6179
6216
6330
6398
6409
6245
6234
6349
6409
6395
6265
6260
6329
6346
6248
6177
6196
6069
5999
5975
5870
5979
6036
6015
6110
6101
6103
6087
6111
6121
6095
6130
6109
6044
6051
6255
6158
6049
6027
6007
5920
5974
6039
6111
6070
6261
6259
6271
6263
6286
6231
6267
6414
6412
6269
6211
6232
6254
6116
6137
6018
5909
5918
5934
5873
5990
5889
5962
6130
6051
6072
5908
5885
5893
5772
5689
5707
5793
5816
5799
5650
5523
5431
5453
5418
5503
5480
5554
5546
5500
5470
5518
5436
5490
5481
5570
5639
5682
5758
5737
5671
5692
5706
5788
5750
5748
5692
5664
5682
5820
5652
5640
5709
5842
5812
5705
5599
5540
5535
5541
5450
5443
5402
5486
5475
5333
5422
5409
5424
5433
5456
5529
5506
5461
5539
5509
5622
5756
5846
5809
5915
5890
5848
5846
5836
5776
5823
5810
5832
5866
5847
5762
5893
5964
6074
6236
6129
6119
6177
6077
6111
6045
6107
6074
6155
6186
6162
6119
6124
6144
6258
6205
6122
6054
5999
6025
6120
6107
6025
6045
6112
6115
6114
6008
6100
6060
6166
6183
6209
6344
6371
6400
6471
6422
6349
6376
6250
6185
6120
6072
6056
6024
5924
5833
5846
5912
5952
5813
5779
5972
5822
5883
5911
5949
5917
5887
5805
5728
5717
5745
5723
5686
5685
5596
5519
5453
5448
5524
5541
5456
5601
5373
5402
5346
5415
5448
5463
5468
5508
5469
5386
5448
5343
5352
5530
5627
5559
5663
5624
5479
5496
5540
5579
5672
5578
5632
5622
5665
5559
5473
5504
5504
5515
5489
5551
5541
5523
5369
5376
5353
5414
5480
5453
5454
5422
5369
5353
5377
5499
5597
5653
5506
5546
5534
5514
5527
5432
5416
5518
5491
5528
5621
5599
5708
5563
5480
5469
5555
5647
5628
5626
5599
5544
5473
5455
5319
5355
5368
5397
5347
5330
5457
5506
5555
5447
5427
5527
5572
5606
5760
5646
5617
5582
5558
5605
5573
5723
5684
5662
5654
5625
5516
5429
5504
5517
5491
5430
5599
5577
5532
5556
5597
5433
5400
5477
5461
5478
5453
5503
5487
5475
5381
5268
5130
5007
5101
5100
5073
5083
4993
5054
5079
5005
5014
5174
5170
5092
5103
5044
5073
5155
5188
5230
5373
5369
5375
5323
5415
5224
5205
5300
5231
5152
5126
5214
5152
5056
5052
5109
5117
5071
5049
5159
5143
5107
5198
5153
5096
5153
5073
5044
5038
5008
5015
5081
5131
5133
5142
5134
5312
5201
5220
5206
5293
5291
5132
5199
5221
5289
5340
5186
5280
5239
5194
5104
5185
5144
5200
5238
5225
5218
5086
5028
5052
5002
5020
5037
5129
5227
5238
5199
5254
5328
5279
5261
5296
5365
5467
5476
5519
5464
5545
5622
5556
5577
5658
5726
5788
5775
5829
5842
5816
5752
5677
5691
5598
5603
5611
5601
5591
5652
5704
5706
5650
5681
5664
5651
5661
5683
5507
5479
5408
5357
5409
5297
5288
5436
5460
5484
5524
5343
5271
5165
5173
5289
5167
5127
5219
5215
5216
5272
5412
5499
5563
5569
5466
5434
5461
5596
5608
5648
5700
5759
5794
5805
5676
5635
5560
5491
5297
5350
5411
5347
5257
5256
5296
5293
5275
5276
5314
5283
5326
5207
5200
5269
5085
5130
5224
5137
5135
5121
4991
5031
5075
5078
5067
5144
5113
5163
5147
5111
5087
5198
5154
5109
5085
5176
5207
5260
5240
5218
5269
5303
5345
5509
5546
5712
5745
5923
5851
5892
5839
5733
5674
5681
5499
5439
5261
5158
5277
5326
5317
5299
5397
5357
5267
5228
5310
5337
5337
5402
5417
5382
5375
5521
5584
5590
5718
5812
5827
5809
5885
6033
5949
5802
5800
5764
5725
5724
5718
5609
5533
5472
5510
5581
5499
5508
5624
5687
5717
5739
5643
5618
5601
5462
5405
5532
5620
5582
5612
5770
5615
5595
