505000
199244
141278
110973
91299
78260
69124
62046
56135
51413
47414
44218
41268
38681
36445
34552
32980
31345
30045
28834
27747
26585
25870
24919
23885
23094
22319
21580
20885
20379
19959
19404
19096
18692
18394
18051
17731
17268
17081
16672
16457
15961
15392
14908
14479
14227
14017
13594
13330
13136
12822
12730
12742
12441
12241
12168
12112
12100
11977
11789
11583
11454
11423
11275
11249
11084
11049
10845
10776
10659
10575
10510
10281
10088
10005
9995
9809
9787
9726
9715
9642
9638
9642
9673
9606
9667
9541
9507
9356
9361
9256
9309
9161
9073
8864
8987
8956
8939
8809
8754
8707
8690
8411
8242
8209
8055
7954
7996
8024
7881
8003
8022
7960
7853
7696
7662
7537
7554
7488
7524
7360
7326
7158
7123
7038
7106
7035
7051
7085
7064
7016
6826
6768
6841
6801
6839
6937
6924
6868
6866
6783
6652
6528
6454
6490
6606
6481
6535
6544
6567
6552
6518
6511
6539
6444
6450
6402
6249
6387
6278
6207
6239
5982
5994
6116
6200
6307
6393
6386
6330
6339
6312
6376
6353
6455
6451
6402
6360
6306
6192
6166
6192
6240
6336
6439
6306
6392
6256
6136
6339
6248
6349
6362
6385
6464
6492
6489
6583
6517
6451
6444
6424
6591
6614
6546
6613
6775
6890
6715
6659
6553
6465
6435
6461
6332
6336
6523
6519
6617
6697
6454
6343
6515
6508
6486
6647
6548
6480
6559
6599
6451
6356
6297
6379
6369
6252
6385
6295
6199
6325
6395
6447
6451
6443
6334
6400
6439
6539
6656
6637
6632
6503
6560
6548
6570
6508
6533
6479
6494
6496
6565
6690
6768
6719
6745
6674
6470
6368
6183
6329
6323
6353
6338
6162
6296
6393
6394
6260
6255
6236
6372
6447
6376
6450
6360
6366
6442
6420
6239
6176
6270
6204
6301
6393
6458
6548
6526
6632
6729
6696
6537
6572
6638
6481
6512
6442
6400
6278
6155
6078
6024
5873
5829
5812
5970
6065
6056
6091
6144
6094
6178
6230
6155
6086
6152
6191
6254
6256
6323
6456
6418
6500
6399
6456
6530
6601
6609
6680
6748
6690
6506
6682
6695
6689
6755
6874
6813
6897
6882
6896
6789
6815
6861
6855
6806
6849
6981
7035
7039
6945
6947
6885
6866
6955
6915
6834
6824
6948
6884
6869
6859
6754
6844
6739
6707
6718
6586
6559
6580
6705
6676
6623
6557
6600
6600
6532
6473
6512
6659
6515
6475
6491
6697
6622
6448
6395
6561
6570
6512
6483
6423
6372
6223
6244
6271
6266
6258
6300
6302
6207
6304
6228
6271
6501
6619
6706
6604
6560
6557
6638
6608
6715
6657
6729
6791
7010
6941
6944
6995
6846
6893
6918
6960
6860
6877
6897
6867
6800
6691
6765
6749
6611
6658
6570
6538
6568
6566
6459
6526
6676
6687
6751
6769
6760
6790
6753
6615
6672
6639
6573
6520
6574
6573
6756
6828
6860
6761
6727
6717
6740
6810
6853
6842
6781
6846
6785
6828
6924
7008
7112
7090
6993
7045
6981
7073
6931
6826
6847
6845
6857
6760
6807
6808
6870
7039
7013
7033
6976
6885
6810
6882
6905
6725
6619
6658
6703
6877
6805
6832
6724
6851
6892
6980
7040
7075
6999
6843
6699
6738
6518
6440
6233
6321
6112
6174
6257
6300
6185
6145
6214
6259
6136
6161
6241
6398
6461
6349
6348
6393
6525
6495
6486
6384
6510
6523
6558
6486
6381
6486
6532
6417
6602
6492
6404
6305
6213
6407
6331
6301
6284
6094
6110
6092
6078
6005
6085
6090
6008
5988
5978
6020
6014
5987
5931
5908
5888
5836
5807
5838
5783
5876
5884
5791
5729
5759
5613
5740
5786
5782
5624
5474
5531
5559
5535
5552
5411
5320
5327
5315
5311
5417
5474
5499
5491
5545
5519
5583
5608
5725
5653
5624
5714
5697
5780
5785
5805
5769
5829
5943
5895
5871
5953
5980
6115
6102
5992
5970
5834
5727
5628
5574
5540
5633
5680
5591
5625
5625
5465
5332
5294
5238
5234
5169
5165
5176
5141
5190
5305
5370
5326
5349
5361
5351
5520
5580
5653
5807
5749
5790
5864
5916
5849
5819
5781
5780
5804
5722
5705
5554
5513
5589
5512
5550
5566
5760
5706
5708
5723
5922
5898
5909
5837
5738
5633
5597
5571
5423
5371
5458
5460
5514
5423
5494
5457
5556
5424
5588
5647
5637
5597
5687
5607
5725
5792
5839
5822
5852
5769
5871
5816
5824
5698
5715
5696
5698
5827
5884
5966
6052
6032
6155
6141
6096
6096
6034
6109
6167
6101
6009
6005
6045
6040
5998
6180
6269
6256
6290
6327
6360
6389
6418
6354
6326
6380
6510
6609
6560
6608
6605
6628
6618
6486
6542
6720
6679
6528
6518
6592
6563
6542
6591
6540
6566
6609
6772
6662
6677
6612
6509
6473
6559
6700
6695
6694
6761
6760
6711
6661
6656
6660
6620
6525
6429
6249
6252
6276
6258
6279
6301
6147
6289
6318
6294
6397
6231
6175
6161
6188
6223
6118
6070
5924
5940
5982
5839
5906
5935
5884
5767
5619
5643
5611
5652
5737
5793
5737
5834
5783
5866
5893
5935
5906
5902
6020
6031
5989
6071
5882
5862
5879
5859
5805
5766
5826
5889
5964
5916
5926
6068
6199
6324
6314
6127
6130
6243
6219
6218
6226
6152
6082
6112
6051
5932
5905
5968
6031
5984
5978
6007
5930
5986
6046
6043
6042
5935
5991
6023
6067
6125
6233
6200
6120
6201
6217
6183
6215
6151
6143
6176
6171
6064
6303
6364
6191
6193
6049
5960
6065
6034
6019
6016
5983
5989
6029
6084
6213
6137
6009
6023
6002
5959
5997
6035
6043
6112
6072
6150
6079
6038
6087
6117
6138
6169
6189
6292
6287
6431
6477
6551
6723
6763
6722
6657
6495
6364
6368
6376
6253
6343
6450
6403
6284
6399
6334
6289
6331
6281
6255
6259
6241
6218
6185
6101
5955
5969
6070
6130
6101
6074
6087
6132
6002
5964
5998
5991
6020
6103
6067
5928
6003
6065
5976
5911
5928
5860
5820
5876
5809
5718
5695
5769
5836
5790
5808
5784
5803
5758
5668
5724
5865
5882
6000
5997
6106
5920
6028
5969
5950
6097
6140
6009
6058
6137
6165
6192
6111
6170
6104
6010
6010
6068
6101
6127
6156
6254
6220
6287
6333
6131
6146
6102
6053
6108
6069
6091
5976
5983
5788
5831
5824
5699
5643
5730
5626
5653
5577
5536
5594
5650
5541
5477
5542
5520
5488
5508
5677
5779
5871
5794
5835
5932
5942
5806
5685
5673
5614
5626
5661
5692
5785
5791
5855
5903
5866
6025
6015
6036
6027
5937
5831
5825
5799
5669
5695
5591
5584
5598
5730
5623
5549
5485
5494
5527
5637
5643
5700
5663
5630
5668
5682
5600
5488
5451
5361
5379
5328
5466
5511
5486
5572
5469
5458
5441
5517
5561
5612
5626
5708
5676
5723
5588
5516
5579
5656
5574
5555
5654
5643
5761
5701
5688
5738
5702
5593
5584
5570
5571
5633
5574
5552
5523
5524
5458
5502
5440
5513
5442
5462
5355
5369
5493
5491
5479
5433
5418
5555
5490
5499
5454
5485
5612
5671
5756
5686
5682
5724
5676
5736
5817
5749
5686
5632
5605
5523
5514
5649
5733
5648
5680
5845
5748
5884
5850
6033
6012
6059
5994
5885
5860
5978
5987
5866
5829
5796
5658
5630
5543
5594
5625
5727
5762
5840
5872
5809
5761
5558
5580
5667
5654
5765
5744
5633
5659
5549
5579
5469
5319
5249
5196
5303
5221
5217
5387
5365
5289
5305
5295
5392
5514
5419
5233
5323
5351
5358
5494
5530
5480
5438
5420
5389
5439
5407
5448
5399
5333
5348
5379
5320
5424
5309
5168
5160
5149
5069
5102
5090
5209
5164
5193
5192
5332
5330
5337
5276
5249
5337
5459
5427
5471
5387
5388
5329
5210
5262
5174
5129
4912
5005
5049
5077
5010
5101
5135
5048
4961
4840
4964
4924
4971
4862
4816
4841
4836
4930
4875
4860
4893
4955
4931
4944
4909
4868
4804
4803
4781
4894
4977
4969
4990
5034
5097
5114
5205
5186
5193
5259
5272
5340
5345
5439
5522
5578
5511
5401
5301
5295
5285
5263
5264
5378
5399
5510
5538
5573
5663
5935
5961
5995
5964
5891
5912
5993
6025
6208
6260
6254
6371
6413
6450
6517
6459
6427
6347
6275
6346
6290
6242
6324
6309
6209
6045
6071
6006
6084
5973
5995
5982
5934
5838
5785
5776
5838
5874
5829
5828
5799
5754
5625
5583
5541
5473
5505
5516
5535
5629
5685
5563
5505
5558
5485
5550
5524
5491
5513
5542
5518
5441
5426
5459
5623
5586
5576
5598
5552
5360
5336
5306
5368
5485
5609
5508
5621
5799
5680
5728
5825
5832
5692
5710
5777
5658
5641
5668
5658
5694
5647
5622
5593
5539
5568
5669
5767
5722
5807
5892
5956
5894
5894
5800
5745
5640
5712
5842
5866
5901
5956
6063
6032
6071
6073
6112
6112
6097
6194
6178
6160
6155
6183
6129
6110
6091
6233
6276
6369
6341
6237
6152
6314
6332
6169
6164
6187
6077
6046
6012
6115
6121
6200
6200
6064
5891
5955
6033
5997
6036
6008
6051
6083
6046
6135
6055
6155
6087
6175
6223
6241
6314
6316
6333
6334
6251
6206
6124
6151
6079
6140
6336
6225
6266
6245
6294
6306
6257
6209
6169
6156
6136
6141
6150
6192
6070
6096
5992
6075
6094
6144
6166
6056
6052
6079
6090
6167
6219
6110
6263
6120
6092
6093
6201
6097
5991
6194
6302
6271
6275
6278
6243
6402
6289
6312
6363
6334
6224
6314
6280
6318
6439
6452
6511
6513
6545
6474
6443
6503
6615
6608
6698
6616
6598
6612
6503
6578
6464
6357
6433
6569
6494
6560
6633
6639
6463
6640
6582
6649
6813
6864
6846
6913
6836
6865
6885
6803
6893
6998
6862
6892
6875
6797
6724
6633
6638
6557
6576
6491
6452
6416
6488
6568
6472
6420
6449
6401
6387
6428
6423
6477
6404
6406
6385
6302
6264
6301
6295
6233
6174
6119
6149
6088
6125
6178
6147
6179
6209
6195
6290
6234
6310
6280
6289
6337
6348
6280
6301
6380
6281
6266
6404
6347
6357
6262
6238
6220
6143
6193
6247
6163
6070
6247
6292
6200
6212
6074
5877
5693
5620
5619
5512
5365
5338
5184
5245
5204
5242
5359
5264
5241
5110
5175
5257
5187
4980
4972
4985
4989
5003
5003
4974
4988
4844
4933
5079
5169
5113
5055
5071
4940
5050
5101
5116
5057
5138
5110
5118
5231
5240
5279
5324
5365
5366
5366
5469
5404
5334
5350
5299
5244
5268
5244
5230
5310
5238
5241
5317
5390
5457
5545
5519
5433
5357
5260
5391
5414
5379
5389
5489
5447
5479
5431
5484
5430
5552
5498
5468
5401
5453
5412
5425
5439
5522
5491
5434
5432
5383
5434
5426
5415
5490
5436
5479
5574
5623
5691
5841
5958
6039
6016
6068
6172
6222
6213
6161
6109
6186
6222
6155
6117
6062
5973
5981
6022
6050
6064
6078
6023
5859
5904
5662
5891
5954
5992
6047
6002
5968
6082
6087
6114
6135
6132
6040
6052
6008
5962
5934
5958
6020
6053
6044
5989
5902
5897
5965
6025
5921
5951
6007
6047
6034
5916
5937
6008
5946
5951
5977
6134
6084
6195
6113
6112
5945
5954
5976
5979
5979
5890
5906
5929
5947
6034
5939
5956
5843
5851
5672
5667
5643
5716
5728
5748
5774
5648
5731
5825
5818
5750
5877
5875
5864
5897
5868
5908
6110
6212
6270
6257
6234
6417
6506
6535
6496
6703
6561
6527
6522
6336
6368
6389
6653
6606
6474
6641
6524
6516
6419
6286
6334
6285
6253
6181
6127
5936
5940
5982
6053
6049
6135
6149
6164
6181
6232
6316
6407
6256
6358
6291
6216
6204
6319
6362
6441
6499
6503
6537
6489
6536
6420
6522
6493
6519
6619
6603
6615
6658
6583
6593
6515
6470
6398
6365
6314
6250
6149
6178
6167
6158
6221
6292
6248
6215
6177
6078
6055
6010
5961
5951
5957
5957
6051
6148
6127
6091
6086
6101
6096
6193
6176
6165
6276
6158
6068
6080
5981
5997
6078
6098
6120
6025
5991
6066
6115
6075
5920
5951
5995
5974
5899
5998
6062
6051
6218
6302
6184
6242
6231
6173
6108
6005
6044
5943
5894
5894
5881
5908
5999
6067
6253
6240
6075
6125
6133
5952
6003
5898
6007
5935
6050
6024
6027
6041
6054
6034
6054
6063
5920
5874
5811
5656
5745
5662
5531
5577
5701
5621
5468
5428
5445
5431
5510
5496
5446
5377
5390
5367
5512
5510
5584
5580
5601
5669
5700
5686
5667
5773
5876
5804
5890
5813
5814
5764
5706
5687
5705
5772
5817
5709
5838
5673
5700
5651
5772
5821
5787
5794
5746
5753
5751
5753
5880
5707
5714
5674
5651
5593
5547
5580
5493
5453
5307
5275
5323
5444
5522
5644
5488
5545
5575
5613
5566
5550
5469
5424
5547
5562
5482
5556
5462
5518
5557
5531
5637
5754
5716
5761
5762
5647
5775
5713
5872
5884
5914
5971
6073
6006
5952
5889
5804
5811
5830
5889
5898
5964
6020
6072
6031
6030
5978
6034
5981
6047
6091
6179
6287
6290
6376
6518
6519
6567
6493
6522
6464
6522
6428
6425
6345
6433
6329
6251
6202
6316
6428
6369
6441
6522
6700
6804
6817
6709
6710
6680
6622
6535
6441
6553
6595
6516
6424
6360
6372
6356
6320
6361
6378
6311
6316
6246
6197
6216
6193
6187
6093
5930
5899
5835
5810
5828
5819
5777
5890
5917
5889
5904
5924
5882
5868
5834
5808
5751
5702
5744
5779
5729
5671
5777
5758
5542
5457
5449
5490
5456
5544
5566
5498
5591
5716
5765
5631
5588
5578
5590
5528
5448
5369
5365
5322
5344
5165
5135
5094
5024
4969
4911
4894
4990
4905
4978
4979
5041
5036
5085
5153
5142
5232
5304
5254
5237
5240
5148
5121
5118
5138
5115
5152
5063
4977
5093
5163
5177
5165
5037
5187
5262
5295
5367
5312
5380
5344
5359
5402
5431
5502
5550
5562
5746
5764
5667
5537
5566
5480
5369
5245
5250
5224
5154
5214
5181
5232
5175
5178
5174
5170
5288
5368
5420
5402
5323
5491
5517
5533
5591
5612
5533
5691
5554
5586
5733
5740
5646
5560
5514
5625
5585
5716
5681
5618
5603
5660
5610
5649
5709
5740
5707
5695
5719
5783
5796
5870
5861
5855
5734
5673
5577
5570
5486
5415
5406
5403
5463
5434
5316
5403
5404
5346
5293
5314
5307
5363
5388
5435
5399
5477
5459
5558
5581
5593
5719
5941
6079
6083
6049
6150
6000
6112
6153
6142
6234
6316
6238
6258
6215
6236
6140
6127
6131
6177
6192
6156
6106
6115
6156
6166
6098
6095
6108
6154
6197
6281
6330
6356
6320
6355
6351
6268
6196
6175
6080
6157
6161
6076
6012
6151
6217
6248
6317
6382
6298
6260
6361
6333
6189
6127
6200
6269
6230
6229
6118
6082
6086
6197
6255
6150
6100
6098
5887
5903
5945
6003
6087
6083
6020
5924
5882
5846
5818
5659
5591
5587
5467
5547
5552
5677
5638
5844
5828
5914
5895
5835
5844
5817
5859
5815
5786
5888
5897
5955
5946
5882
5825
5912
5935
5989
6015
6005
5970
5920
5969
6004
6029
6042
6056
5998
5944
5956
6041
6018
6027
5981
5926
6005
6094
6017
5972
5885
5945
5767
5922
6024
6043
5993
5925
5895
5872
5842
5712
5833
5834
5823
5734
5610
5639
5643
5446
5524
5475
5437
5334
5373
5393
5337
5310
5433
5479
5428
5433
5401
5482
5506
5392
5347
5384
5371
5346
5305
5372
5345
5334
5386
5421
5449
5518
5435
5529
5599
5676
5870
5991
6064
6024
5954
5900
5851
5885
5914
5985
5887
6000
6050
6015
5989
6050
5952
5947
5820
5842
5738
5666
5600
5671
5666
5626
5518
5601
5589
5629
5675
5691
5695
5497
5553
5660
5680
5755
5713
5687
5627
5682
5691
5630
5488
5405
5387
5472
5403
5214
5150
5200
5288
5181
5078
5018
5043
5093
5102
5066
4945
4988
4993
5079
5157
5225
5252
5290
5357
5335
5372
5280
5560
5532
5556
5658
5699
5800
5953
5931
5773
5694
5632
5586
5500
5567
5504
5308
5170
5268
5304
5284
5346
5249
5299
5346
5268
5363
5419
5454
5386
5389
5441
5499
5442
5471
5454
5393
5404
5435
5418
5463
5372
5377
5374
5378
5345
5368
5476
5497
5539
5479
5418
5392
5447
5438
5446
5400
5419
5403
5346
5486
5599
5450
5571
5541
5550
5564
5628
5668
5663
5685
5640
5731
5817
5875
5843
6003
6020
6098
6073
6042
5985
5917
5942
5927
6044
6105
6127
6053
6136
6061
6061
5968
5951
5939
6036
6003
6053
6051
6118
6216
6154
6143
6015
5945
5941
5933
5837
5820
5832
5819
5895
5983
5890
5922
5894
5970
5983
6011
6031
6025
6094
6001
6105
6106
6136
6133
6081
6066
6036
5968
5922
5963
5981
6026
5931
5971
5959
5933
5952
5906
5749
5814
5784
5833
5865
6023
5944
5949
5960
5926
5837
5828
5772
5747
5691
5683
5689
5703
5710
5835
5847
5847
5864
5931
5993
5859
5935
5998
5946
5845
5817
5715
5673
5516
5645
5642
5687
5687
5684
5664
5617
5646
5648
5486
5453
5300
5254
5260
5206
5156
5170
5176
5303
5241
5170
5146
5059
4994
4977
5048
5055
5065
5163
5179
5157
5059
5116
5006
4977
5003
5170
5212
5219
5260
5263
5222
5274
5293
5192
5217
5165
5267
5327
5319
5524
5490
5405
5306
5349
5398
5469
5491
5542
5620
5736
5848
5866
5820
5828
5818
5845
5847
5887
5859
5933
5934
5899
5953
5899
5789
5811
5970
6003
6047
6108
6143
6131
6154
6162
6092
6144
5965
5900
5924
6008
6029
5992
5999
6078
5959
6101
6195
6192
6098
6170
6186
6173
6330
6338
6253
6226
6365
6417
6390
6327
6354
6298
6235
6376
6255
6160
6061
5998
6048
5989
5941
5931
6053
6096
6114
6095
6144
6148
6334
6314
6265
6311
6373
6214
6101
5980
6091
5956
5870
5885
5831
5825
5946
6074
6125
6229
6233
6361
6429
6363
6261
6202
6172
6105
6144
6200
6284
6293
6238
6172
6148
6158
6325
6316
6427
6437
6371
6259
6394
6405
6416
6352
6379
6290
6216
6244
6228
6397
6359
6325
6333
6264
6254
6314
6284
6370
6310
6307
6198
6278
6244
6156
6174
6168
6029
6099
6050
6066
5881
5916
5900
5828
5951
6046
6011
5917
5867
5792
5780
5818
5753
5799
5863
5828
5663
5688
5690
5799
5848
5925
5985
6084
6055
5923
5920
5975
6074
5976
5922
5939
5839
5821
5764
5844
5768
5774
5766
5744
5698
5707
5684
5590
5644
5662
5584
5718
5784
5802
5767
5693
5762
5915
5827
5784
5742
5787
5843
5847
5912
6070
6106
6085
6000
5982
5985
5938
5857
5764
5735
5719
5735
5778
5652
5528
5648
5579
5592
5528
5587
5601
5678
5582
5507
5462
5520
5549
5469
5425
5381
5495
5473
5503
5460
5540
5587
5590
5594
5671
5748
5766
5806
5815
5885
5791
5725
5809
5783
5867
5848
5805
5786
5782
5592
5692
5693
5688
5636
5494
5430
5415
5462
5462
5502
5457
5490
5430
5563
5354
5298
5192
5269
5167
5262
5308
5272
5295
5286
5307
5253
5368
5551
5481
5410
5539
5632
5698
5836
5706
5744
5689
5659
5586
5691
5805
5691
5759
5795
5724
5878
5786
5779
5788
5817
5732
5689
5625
5515
5642
5613
5515
5497
5462
5328
5249
5349
5498
5447
5437
5364
5446
5564
5516
5453
5459
5427
5424
5511
5513
5349
5383
5422
5450
5512
5572
5637
5578
5698
5661
5675
5686
5830
6007
5995
5998
5901
5849
5796
5900
5951
5856
5921
5978
5958
5981
5869
5745
5820
5827
5759
5661
5637
5604
5716
5493
5532
5355
5417
5292
5364
5282
5310
5440
5413
5392
5380
5265
5200
5241
5255
5210
5101
5150
5215
5143
5198
5226
5282
5298
5312
5456
5456
5509
5441
5406
5227
5186
5228
5203
5273
5297
5334
5345
5394
5385
5369
5304
5339
5354
5419
5478
5392
5409
5365
5362
5240
5280
5189
5232
5132
5144
5103
5127
5123
5202
5365
5253
5252
5180
5182
5181
5284
5334
5391
5421
5444
5451
5475
5619
5635
5596
5598
5660
5595
5729
5700
5688
5609
5645
5645
5734
5658
5727
5886
5897
5947
5921
5916
5848
5832
5786
5684
5673
5683
5547
5676
5726
5783
5771
5715
5680
5665
5490
5462
5465
5439
5415
5528
5543
5539
5505
5463
5470
5438
5426
5434
5468
5573
5697
5741
5733
5716
5623
5621
5600
5576
5508
5464
5656
5565
5539
5602
5576
5622
5601
5641
5597
5664
5685
5674
5635
5554
5466
5347
5355
5617
5664
5599
5619
5633
5504
5336
5387
5419
5416
5423
5398
5346
5265
5373
5497
5552
5620
5552
5516
5560
5642
5647
5668
5739
5715
5776
5774
5785
5702
5583
5621
5543
5439
5465
5457
5460
5445
5386
5430
5364
5412
5411
5529
5594
5623
5512
5436
5560
5465
5465
5434
5314
5366
5414
5312
5353
5282
5224
5074
5065
4965
4996
4860
4837
4926
5059
4979
5145
5223
5209
5198
5191
5279
5350
5360
5317
5319
5290
5243
5354
5385
5385
5428
5361
5249
5264
5359
5375
5428
5479
5408
5369
5389
5617
5640
5611
5681
5625
5514
5510
5583
5485
5454
5550
5507
5480
5622
5592
5567
5598
5657
5662
5566
5641
5674
5582
5632
5662
5660
5744
5575
5528
5575
5654
5553
5532
5502
5506
5471
5479
5357
5293
5244
5275
5174
5212
5263
5223
5129
5165
5221
5218
5175
4990
5004
5058
5053
5056
4970
4908
4910
4946
4882
4907
4931
4874
4881
4929
5019
5135
5042
5079
5030
5059
5151
5150
5027
4942
4900
4990
4909
4905
4896
4892
4872
4857
4877
4824
4795
4803
4827
4866
4780
4656
4766
4734
4575
4631
4598
4581
4651
4587
4671
4708
4700
4717
4751
4860
4810
4721
4676
4778
4884
4787
4832
4822
4807
4798
4864
4872
4934
4947
4942
4966
5060
5055
5062
5053
5079
5007
4947
4974
4971
4922
4966
5014
5016
4999
4908
4863
4904
4928
4944
4903
4864
4928
4911
5079
5222
5336
5318
5334
5383
5331
5270
5298
5265
5389
5457
5539
5626
5723
5707
5869
5906
5752
5635
5722
5616
5607
5615
5696
5698
5770
5678
5657
5545
5557
5529
5570
5616
5548
5496
5413
5435
5472
5549
5469
5392
5445
5413
5346
5293
5176
5173
5048
5076
5129
5035
5028
5133
5110
5146
5178
5123
5151
5085
5108
5031
4931
4942
4904
4799
4815
4641
4589
4652
4589
4441
4502
4507
4463
4421
4626
4667
4640
4632
4544
4414
4395
4409
4267
4301
4390
4431
4327
4316
4408
4320
4304
4342
4336
4385
4478
4606
4568
4609
4514
4513
4505
4505
4516
4416
4493
4544
4504
4511
4591
4732
4717
4837
4976
5038
5038
4919
4961
4929
4935
4958
4958
4893
4910
5006
5001
4989
4906
4851
4737
4808
4623
4695
4572
4644
4616
4647
4551
4533
4578
4535
4499
4401
4450
4414
4416
4382
4448
4526
4552
4610
4691
4687
4717
4664
4663
4654
4655
4629
4667
4637
4659
4556
4618
4685
4604
4580
4509
4526
4553
4606
4553
4525
4566
4585
4575
4544
4569
4729
4722
4652
4618
4448
4318
4283
4294
4436
4435
4414
4427
4529
4540
4585
4543
4734
4853
4865
4753
4665
4636
4727
4742
4781
4901
4780
4729
4827
4754
4722
4596
4646
4639
4711
4816
4816
4929
4899
4952
5068
5049
4997
4910
4951
4841
4949
4907
4905
4901
4809
4812
4852
4885
4814
4797
4887
4957
4939
4969
4924
4859
5026
5001
5026
4995
4911
4932
4948
5000
4909
4870
4841
4785
4696
4741
4704
4807
4765
4808
4833
4792
4769
4771
4840
4831
4935
4903
4817
4810
4910
4975
4919
4991
4925
4945
5033
5052
5121
5017
4952
5027
5129
5168
5071
5171
5168
5263
5313
5441
5570
5567
5629
5690
5818
5672
5599
5536
5572
5632
5612
5604
5675
5711
5600
5695
5652
5549
5438
5449
5418
5348
5081
5146
5069
5110
5198
5128
5280
5288
5279
5201
5111
5054
5073
5103
5059
5086
5125
5015
4928
4871
4933
4939
4897
4749
4730
4620
4552
4501
4431
4397
4506
4456
4414
4447
4456
4458
4432
4452
4414
4416
4448
4516
4408
4516
4567
4535
4518
4532
4505
4442
4497
4452
4513
4581
4532
4545
4662
4569
4522
4442
4378
4446
4448
4559
4516
4532
4517
4565
4615
4750
4812
4838
4882
4988
4961
5045
4998
5115
5060
5101
5058
4993
4973
4927
4938
4894
4985
4975
4981
5023
5008
4818
4810
4725
4790
4816
4695
4779
4683
4721
4722
4688
4679
4688
4693
4734
4733
4695
4683
4749
4753
4826
4863
4963
4909
4771
4719
4773
4734
4695
4711
4611
4629
4634
4697
4704
4841
4971
5094
5020
5019
4953
4944
5031
5057
5068
5060
5074
5013
4962
4927
4937
5127
5144
5095
5098
5042
5056
5205
5278
5175
5159
5267
5201
5193
5174
5212
5309
5330
5443
5437
5418
5446
5507
5679
5679
5680
5695
5561
5506
5518
5501
5449
5490
5456
5481
5494
5570
5443
5495
5503
5497
5454
5322
5255
5216
5293
5353
5360
5402
5514
5584
5538
5462
5423
5476
5606
5641
5734
5795
5935
5937
6054
6033
6172
5990
6024
5988
5977
6117
6295
6316
6308
6189
6091
6048
6115
5977
5982
5895
5788
5957
5957
5816
5825
5872
5930
5824
5714
5494
5438
5469
5481
5511
5494
5581
5634
5547
5560
5508
5642
5626
5615
5561
5625
5615
5574
5612
5625
5590
5615
5638
5483
5419
5392
5395
5392
5494
5376
5442
5397
5418
5590
5564
5619
5683
5701
5648
5571
5592
5684
5616
5691
5662
5731
5780
5846
6005
5956
5876
5778
5761
5636
5641
5719
5843
5727
5832
5841
5724
5753
5708
5756
5861
5894
5771
5883
5858
5825
5876
5813
5793
5842
5699
5714
5779
5585
5538
5532
5459
5474
5380
5415
5624
5641
5467
5381
5475
5491
5362
5384
5417
5344
5459
5504
5459
5434
5481
5516
5409
5247
5223
5185
5202
5167
5134
5146
5105
5079
4992
5040
5062
4986
4943
4973
5012
5054
5099
5209
5243
5153
5204
5216
5229
5328
5361
5369
5431
5298
5228
5220
5187
5315
5364
5432
5373
5350
5306
5377
5301
5360
5448
5487
5474
5579
5582
5577
5629
5573
5616
5642
5729
5688
5621
5647
5530
5391
5379
5410
5508
5549
5491
5445
5603
5593
5542
5516
5435
5341
5181
5173
5237
5233
5271
5382
5347
5421
5512
5523
5584
5685
5623
5536
5527
5487
5465
5414
5418
5459
5467
5407
5349
5390
5322
5268
5313
5193
5207
5165
5148
5134
5156
5135
5055
5145
5167
5183
5171
5223
5311
5387
5399
5498
5474
5534
5692
5738
5657
5765
5854
5686
5490
5558
5597
5579
5549
5477
5508
5312
5350
5322
5304
5330
5305
5289
5170
5153
5187
5163
5146
5168
5286
5303
5294
5325
5212
5154
5186
5165
5182
5249
5343
5201
5120
4948
5025
5029
4983
5127
5142
5218
5119
4954
5058
5108
5107
5125
5018
5103
5180
5160
5220
5324
5355
5401
5338
5420
5575
5470
5527
5471
5500
5596
5629
5682
5660
5782
5827
5668
5606
5636
5633
5743
5857
5841
5880
5856
5879
5830
5825
5817
5732
5769
5717
5717
5620
5678
5459
5536
5535
5634
5553
5538
5566
5600
5666
5737
5669
5766
5795
5806
5674
5709
5723
5710
5806
5763
5733
5688
5756
5560
5643
5515
5466
5519
5570
5537
5508
5588
5563
5448
5423
5475
5422
5422
5420
5508
5418
5323
5357
5265
5183
5129
5165
5168
5242
5218
5107
5129
5134
5227
5343
5477
5404
5426
5395
5486
5470
5570
5459
5556
5436
5363
5415
5357
5413
5529
5489
5447
5436
5484
5616
5689
5707
5657
5814
5670
5590
5838
5865
5822
5866
5825
5878
5844
5825
5694
5615
5665
5645
5503
5325
5333
5336
5347
5498
5432
5458
5368
5368
5453
5436
5436
5546
5550
5666
5703
5629
5567
5533
5605
5632
5685
5727
5768
5921
6010
5957
6073
6155
6179
6213
6134
6042
6131
6033
6099
6057
5973
5786
5779
5844
5903
5922
5843
5820
5834
5962
6003
5877
5869
5911
5938
5971
5874
5976
6108
6023
5991
5971
5982
5938
5975
6112
6115
6159
6230
6164
6169
6208
6215
6183
6191
6107
6163
6246
6314
6311
6324
6246
6263
6192
6135
5991
5897
5899
5871
5971
5984
6019
6021
6131
6043
6063
6160
6137
6220
6197
6172
6133
6100
6010
5969
6029
6016
6008
6075
6004
5987
5978
6104
6111
6029
6024
6099
6222
6037
6071
5983
6045
6092
6135
6158
6182
6179
6105
6077
6105
6054
6030
6002
5991
5972
5828
5857
5866
5962
6107
6021
5927
6133
6087
6062
6211
6269
6253
6293
6358
6434
6479
6375
6481
6533
6375
6345
6328
6209
6214
6112
6085
6042
6036
5885
5796
5840
5783
5874
5672
5686
5767
5797
5818
5892
5867
5902
5851
5790
5888
5872
5875
5923
5947
6021
6044
6254
6243
6209
6317
6210
6269
6287
6335
6319
6228
6174
6103
6114
6099
6063
6253
6230
6286
6239
6166
5985
6056
5920
5896
5891
5739
5744
5766
5686
5591
5556
5477
5352
5448
5514
5636
5554
5507
5546
5468
5472
5514
5617
5590
5658
5690
5639
5672
5694
5753
5734
5786
5850
5762
5796
5819
5805
5830
5868
5772
5728
5671
5699
5675
5799
5795
5766
5755
5827
5743
5771
5843
5912
6024
6095
5960
5991
5996
6054
6024
5937
6093
5907
5812
5829
5866
5839
5697
5616
5573
5565
5448
5485
5462
5402
5500
5544
5483
5496
5508
5518
5479
5514
5497
5604
5750
5763
5799
5818
5885
5792
5776
5689
5668
5636
5603
5694
5670
5734
5818
5785
5889
5940
6058
5929
5915
5989
5941
5944
5957
5946
5832
5834
5773
5743
5766
5621
5627
5602
5610
5613
5753
5774
5700
5565
5400
5432
5325
5394
5533
5502
5356
5316
5341
5350
5308
5398
5359
5335
5287
5194
5080
5027
5026
5047
5073
5087
5165
5248
5269
5126
5113
5044
5111
5151
5406
5397
5403
5591
5554
5522
5641
5674
5739
5656
5692
5711
5721
5725
5716
5780
5664
5742
5701
5772
5785
5817
6061
6058
6095
6020
6032
5865
5802
5850
5915
6000
5988
6038
6035
6056
5995
6007
6005
6017
6036
5940
6006
5932
5930
5817
5928
5740
5667
5728
5661
5703
5708
5770
5872
6017
6012
5885
5920
5904
5954
6016
6109
5939
5894
5937
5885
5938
5924
5935
5869
5852
5939
5895
6031
6030
6015
6069
6160
6341
6388
6435
6298
6234
6256
6269
6246
6332
6351
6284
6246
6419
6630
6566
6444
6362
6258
6253
6264
6192
6107
6068
6015
5933
5968
6135
6209
6221
6227
6075
5911
5871
5869
5858
5843
5937
5930
5989
6043
6134
6200
6176
6263
6234
6316
6321
6387
6361
6308
6338
