505000
200003
141606
111844
92788
79716
70108
62572
56827
52005
48080
44206
41284
38621
36277
34417
32207
31005
29685
28410
27440
26141
25294
24240
23421
22964
22217
21364
20696
20073
19740
19251
18968
18591
18291
17814
17317
16728
16346
16344
16206
16069
15852
15754
15683
15601
15359
15107
15003
14686
14567
14001
13723
13513
13381
13156
12732
12734
12601
12495
12344
12336
12334
12124
12051
11953
11900
11871
11653
11561
11413
11206
11166
11002
10996
10842
10781
10650
10617
10383
10501
10255
10015
9939
9947
9887
9697
9619
9588
9550
9493
9378
9306
9283
9143
9145
9046
9039
9006
8964
8826
8791
8759
8664
8469
8554
8557
8684
8678
8491
8529
8535
8401
8288
8136
8010
8004
7911
7755
7834
7697
7791
7872
7821
7733
7752
7630
7534
7523
7447
7431
7415
7384
7331
7231
7314
7505
7488
7581
7564
7519
7606
7704
7476
7487
7291
7313
7332
7105
6995
6982
6918
6898
6841
6816
6841
6877
6892
6805
6839
6625
6643
6559
6792
6769
6838
6838
6863
6928
6918
6922
7014
7054
7035
6848
6759
6631
6762
6906
6787
6806
6716
6791
6849
6827
6731
6759
6840
6824
6939
6947
6970
7098
7087
7155
6979
6930
6979
7023
7126
7083
7053
7016
7051
7021
6952
6915
6909
6842
6848
6699
6649
6609
6505
6485
6487
6600
6519
6477
6417
6438
6465
6573
6513
6447
6482
6528
6441
6489
6521
6398
6406
6282
6088
6026
5987
6010
5984
5958
6018
6086
6093
6143
6175
6162
6041
6147
6120
6233
6064
6041
6055
5978
5998
5951
5936
5989
5994
6093
6060
6059
6003
6056
6056
5958
5989
5969
5917
5928
5996
6080
6171
6126
6094
6120
6141
6192
6146
6207
6231
6285
6335
6252
6392
6373
6425
6422
6468
6453
6456
6626
6708
6729
6571
6590
6624
6559
6529
6590
6592
6565
6409
6417
6348
6149
6175
6100
6178
6409
6478
6452
6542
6503
6618
6675
6659
6648
6528
6421
6473
6481
6362
6392
6397
6400
6357
6377
6462
6491
6341
6255
6296
6186
6137
6112
6172
6307
6341
6182
6165
6189
6186
6248
6251
6232
6289
6109
6049
5953
5887
5910
6011
6051
6063
6041
6142
6119
6015
6073
6074
6134
6112
6085
6024
6183
6136
6179
6129
6094
6158
6114
6190
6102
5979
6060
6188
6269
6294
6307
6311
6433
6553
6526
6476
6489
6608
6807
6742
6792
6723
6758
6733
6804
6835
6691
6540
6574
6540
6568
6634
6657
6640
6544
6445
6431
6296
6304
6275
6212
6208
6145
6058
6065
6103
6125
6187
6146
6129
6126
5946
5845
5810
5722
5641
5675
5577
5596
5507
5557
5660
5599
5524
5618
5618
5671
5697
5825
5810
5824
5901
5995
5967
5821
5776
5798
5778
5820
5703
5687
5708
5697
5594
5579
5541
5516
5564
5607
5524
5488
5333
5316
5493
5536
5525
5576
5455
5526
5708
5699
5796
5756
5782
5848
5882
5869
5881
5833
5932
5867
5932
6002
5959
5942
5948
5835
5885
5927
5970
5873
5804
5723
5792
5761
5805
5925
5865
5898
5748
5647
5710
5565
5458
5610
5493
5463
5352
5478
5474
5517
5533
5532
5429
5378
5276
5218
5168
5115
5270
5295
5398
5379
5310
5307
5234
5340
5332
5291
5344
5285
5373
5268
5196
5151
5138
5104
5268
5346
5315
5329
5344
5277
5254
5199
5298
5189
5242
5381
5475
5431
5405
5321
5232
5388
5318
5329
5340
5337
5455
5514
5581
5567
5434
5439
5474
5545
5525
5540
5517
5484
5502
5446
5509
5410
5415
5454
5435
5530
5608
5591
5621
5677
5659
5651
5694
5560
5421
5417
5388
5262
5157
5196
5264
5148
5213
5280
5273
5323
5295
5418
5379
5303
5338
5412
5436
5423
5286
5274
5409
5304
5372
5203
5161
5175
5159
5106
5102
5139
5224
5214
5102
5120
5131
5070
5023
4912
4883
4860
4793
4911
5064
4940
4924
4922
4976
4963
4962
5062
4961
4907
5060
5084
5099
5213
5241
5288
5318
5361
5412
5369
5360
5244
5199
5138
5147
5201
5076
5085
5216
5110
5130
5186
5122
5241
5116
5143
5129
5140
5252
5199
5174
5076
4972
4954
4971
5081
4972
4989
4993
4957
4887
4959
4994
5034
5108
5155
5162
5178
5245
5290
5275
5331
5371
5274
5320
5347
5251
5199
5116
5015
5046
5056
4918
4839
4799
4755
4596
4515
4549
4571
4483
4546
4543
4572
4646
4612
4617
4621
4601
4653
4655
4557
4746
4805
4859
4841
4866
4845
4917
4947
5033
5068
5007
4945
4989
4913
4807
4824
4919
4854
4969
4893
4987
5070
5063
5114
5146
5079
4960
4947
5105
5131
5076
5071
5105
5217
5167
5153
5181
5065
5190
5107
5065
5030
4978
5001
4866
4874
4830
4812
4856
4820
4820
4904
4960
4967
4887
4923
4981
5096
5071
5210
5159
5160
5217
5134
5179
5169
5091
5082
5176
5279
5405
5476
5638
5675
5653
5730
5612
5502
5359
5288
5292
5300
5270
5315
5443
5329
5353
5322
5390
5283
5293
5330
5363
5368
5366
5386
5418
5416
5324
5236
5138
5031
5097
5105
5111
5026
5037
5061
5037
4963
4954
4831
4768
4733
4736
4714
4756
4669
4681
4768
4758
4661
4544
4577
4564
4588
4542
4610
4665
4683
4692
4667
4671
4823
4886
4777
4633
4653
4670
4630
4710
4658
4586
4576
4534
4508
4434
4428
4449
4383
4301
4303
4356
4362
4391
4374
4470
4544
4555
4544
4592
4589
4513
4474
4563
4576
4547
4672
4554
4537
4609
4546
4519
4546
4586
4555
4469
4482
4497
4378
4393
4440
4375
4366
4430
4300
4292
4324
4415
4448
4352
4376
4401
4373
4473
4398
4487
4514
4588
4673
4619
4599
4508
4640
4622
4661
4718
4620
4621
4554
4522
4523
4541
4612
4598
4647
4664
4708
4672
4724
4713
4756
4722
4865
4877
4883
4846
4860
4949
4889
4891
4936
4811
4788
4747
4704
4764
4709
4743
4818
4889
4826
4819
4866
4915
4905
4975
5116
5059
4961
4958
4995
4934
4833
4868
4772
4707
4525
4495
4588
4523
4541
4558
4628
4647
4626
4669
4635
4552
4502
4523
4599
4486
4394
4341
4286
4316
4279
4278
4238
4164
4327
4294
4383
4421
4529
4585
4414
4411
4423
4418
4380
4392
4401
4397
4493
4598
4550
4502
4536
4527
4555
4456
4559
4605
4589
4669
4721
4721
4698
4668
4610
4640
4671
4723
4729
4857
4776
4751
4892
5014
4900
4860
5000
4943
4891
5004
5037
5032
4970
4991
4870
5002
4987
5103
5101
5150
5144
5151
5106
5110
5067
5055
5189
5286
5174
5087
5150
5109
5085
5061
5195
5126
4980
4995
4963
5089
5099
5072
5090
5128
5078
5061
5023
4964
5019
5102
5126
5141
5207
5264
5200
5188
5265
5243
5385
5316
5269
5142
5161
5055
5040
5123
5118
5316
5258
5422
5483
5445
5394
5457
5368
5351
5361
5350
5315
5287
5149
5148
5157
5072
5077
4908
4952
4853
4789
4837
4841
4819
4841
4767
4708
4594
4602
4746
4753
4846
4745
4868
4908
4959
4868
4843
4931
4766
4778
4915
4852
4905
4927
5000
5052
5015
5024
5043
5152
5186
5018
4991
4982
5072
5014
5112
5085
5148
5053
5142
5047
5020
4998
5018
5101
5086
5146
5210
5249
5410
5432
5476
5573
5376
5291
5240
5137
5156
5172
5164
5051
5089
5015
5144
5164
5202
5214
5245
5334
5417
5501
5470
5548
5541
5513
5552
5485
5396
5322
5268
5306
5263
5279
5338
5342
5247
5259
5234
5145
5137
5075
4928
5025
5087
5080
4926
4860
4818
4797
4768
4750
4783
4753
4647
4650
4707
4647
4528
4567
4615
4619
4636
4673
4660
4650
4730
4657
4798
4825
4807
4733
4603
4587
4520
4487
4548
4518
4470
4593
4494
4593
4612
4558
4519
4586
4691
4580
4525
4355
4493
4502
4531
4621
4610
4587
4718
4745
4827
4773
4939
5035
5048
5039
5085
5129
5060
5118
5191
5250
5332
5283
5163
5315
5285
5326
5423
5499
5464
5420
5406
5332
5229
5205
5192
5097
5118
5149
5093
5169
5125
5119
5133
5125
5146
5176
5098
5105
5109
5041
5078
5130
5126
5130
5133
5021
5108
4973
4958
4963
4936
4807
4942
4767
4850
4797
4835
4765
4758
4800
4815
4987
5017
5005
5025
5143
5156
5161
5118
5224
5141
5260
5298
5318
5347
5390
5461
5519
5547
5479
5534
5639
5665
5673
5726
5761
5915
5993
6066
6021
5868
5836
5803
5772
5777
5781
5827
5936
6012
6000
6090
6114
6205
6244
6210
6236
6197
5898
5802
5703
5530
5517
5566
5619
5580
5699
5813
5723
5735
5792
5982
5939
5945
6130
5977
6087
6030
6081
6032
6000
5936
6013
6097
6030
6154
6038
5992
5952
6003
6074
6018
6040
5998
5968
5954
5976
5916
5914
5860
5931
5896
5768
5697
5738
5655
5505
5454
5575
5678
5652
5531
5678
5742
5745
5886
6025
5929
5753
5770
5771
5740
5757
5774
5733
5736
5779
5827
5871
5822
6019
5970
5879
5965
5804
5737
5672
5468
5396
5376
5342
5371
5341
5400
5434
5439
5361
5384
5313
5306
5395
5248
5281
5255
5340
5380
5264
5341
5393
5379
5378
5360
5403
5462
5597
5660
5713
5728
5699
5688
5759
5796
5831
5889
5896
5882
5950
5959
6074
5976
5951
5918
5944
6064
6287
6341
6276
6245
6114
6088
6058
6047
5963
5847
5929
5903
5779
5783
5745
5666
5613
5580
5396
5468
5464
5387
5423
5486
5523
5547
5518
5500
5611
5481
5444
5465
5441
5577
5707
5784
5623
5599
5644
5570
5648
5485
5503
5454
5569
5545
5605
5583
5474
5499
5511
5596
5469
5321
5242
5304
5319
5338
5438
5461
5512
5406
5496
5358
5320
5260
5204
5166
5210
5226
5229
5413
5352
5388
5449
5315
5349
5339
5299
5365
5395
5267
5251
5307
5333
5296
5198
5170
5169
5106
5113
4967
4986
4955
5056
4975
5010
5144
5158
5187
5235
5349
5431
5369
5431
5400
5333
5380
5388
5425
5401
5324
5271
5326
5204
5207
5173
5317
5306
5343
5416
5314
5189
5174
5249
5240
5397
5480
5599
5558
5622
5669
5568
5407
5447
5405
5487
5533
5452
5470
5588
5522
5500
5592
5502
5458
5505
5541
5483
5363
5385
5378
5288
5355
5537
5551
5532
5446
5398
5314
5344
5319
5370
5379
5474
5403
5419
5365
5419
5450
5425
5531
5415
5412
5366
5421
5484
5516
5372
5380
5296
5360
5512
5476
5436
5447
5467
5321
5196
5238
5124
5177
5132
5078
4946
4990
5112
5150
5072
5035
5030
5046
4927
4972
4991
4940
4988
4871
4894
4947
4995
5078
5032
4993
5126
5182
5149
5241
5315
5316
5336
5259
5188
5058
5019
4989
4928
4963
4983
5014
5104
5196
5126
5179
5231
5285
5279
5310
5305
5357
5307
5203
5220
5275
5165
5118
5146
5264
5251
5343
5461
5401
5471
5448
5520
5549
5530
5536
5470
5449
5419
5586
5477
5388
5332
5310
5251
5226
5305
5261
5284
5332
5263
5194
5079
5030
5017
5093
5184
5189
5201
5168
5025
4965
4999
4972
4982
4916
4883
4707
4646
4713
4752
4786
4811
4834
4933
4934
4891
4808
4823
4791
4724
4727
4799
4789
4972
4934
4938
4829
4817
4939
4928
4913
4849
4866
4826
4802
4815
4838
4794
4778
4846
4754
4665
4700
4662
4677
4709
4773
4845
4781
4796
4768
4686
4753
4789
4892
4918
4996
4938
5026
5047
5162
5185
5181
5329
5165
5170
5090
5157
5254
5344
5137
5106
5136
5051
4980
4948
4938
5018
5039
4860
4863
4933
4952
5048
5053
5102
4981
5098
5124
5129
5209
5162
5200
5168
5068
5042
5184
5122
5397
5400
5447
5408
5382
5490
5453
5419
5391
5525
5530
5532
5484
5509
5548
5459
5466
5473
5391
5269
5267
5389
5320
5211
5329
5393
5434
5460
5472
5532
5476
5575
5563
5650
5770
5893
5778
5757
5829
5896
5808
5738
5892
5756
5818
5906
5802
5743
5659
5613
5643
5636
5666
5701
5564
5604
5620
5660
5571
5630
5622
5723
5701
5730
5819
5919
5887
5809
6033
6093
6054
6076
6011
6035
6145
6113
6212
6177
6253
6171
6140
6143
6166
6322
6181
6227
6290
6333
6457
6528
6534
6508
6497
6403
6329
6360
6310
6235
6336
6497
6556
6622
6647
6660
6653
6536
6624
6620
6600
6464
6439
6402
6346
6397
6309
6233
6308
6397
6272
6341
6345
6314
6303
6244
6296
6239
6279
6157
6151
6242
6245
6154
6246
6299
6156
6095
6149
6145
6082
5972
6006
6012
6069
6006
5990
5929
6015
6161
6237
6327
6371
6363
6442
6461
6296
6128
6183
6357
6266
6219
6345
6256
6276
6312
6319
6376
6381
6460
6569
6664
6549
6723
6669
6677
6711
6733
6737
6650
6666
6570
6454
6530
6472
6483
6546
6502
6477
6438
6412
6454
6573
6735
6793
6660
6689
6620
6691
6472
6441
6434
6517
6432
6436
6390
6302
6256
6298
6262
6238
6332
6419
6440
6330
6309
6273
6318
6445
6423
6492
6688
6733
6783
6778
6836
6784
6740
6695
6672
6631
6677
6716
6718
6683
6707
6610
6693
6616
6484
6528
6547
6592
6693
6699
6637
6530
6482
6415
6454
6551
6603
6545
6608
6720
6593
6667
6894
6865
6755
6757
6821
6849
6866
6788
6720
6754
6853
6826
6887
6893
6834
6822
6818
6827
6797
6686
6652
6662
6571
6521
6488
6441
6504
6489
6563
6598
6639
6654
6594
6650
6586
6626
6588
6698
6572
6564
6481
6545
6638
6638
6655
6562
6463
6440
6382
6412
6307
6288
6271
6288
6170
6131
5957
6045
6008
6142
6073
6152
5963
5913
5948
5815
5825
5766
5775
5692
5566
5668
5562
5559
5569
5497
5503
5570
5484
5674
5745
5781
5716
5760
5686
5715
5695
5741
5763
5769
5723
5785
5741
5678
5706
5659
5589
5544
5571
5619
5632
5692
5608
5567
5627
5724
5602
5570
5672
5649
5674
5717
5781
5774
5740
5852
5823
5978
5885
5872
5703
5725
5768
5795
5740
5689
5787
5694
5671
5499
5406
5533
5552
5473
5442
5282
5259
5255
5191
5207
5187
5215
5288
5388
5325
5322
5397
5536
5443
5388
5415
5329
5313
5341
5409
5395
5351
5350
5377
5288
5222
5219
5192
5104
5193
5191
5240
5287
5292
5286
5316
5270
5200
5128
5280
5235
5314
5488
5591
5634
5700
5714
5899
5727
5837
5921
6012
5837
5953
5888
5868
5870
5876
5919
5963
5901
5867
5733
5830
5867
5790
5759
5687
5708
5574
5582
5581
5533
5481
5588
5538
5530
5462
5420
5459
5503
5576
5521
5460
5426
5310
5237
5266
5246
5275
5374
5472
5544
5470
5438
5496
5444
5406
5326
5329
5380
5399
5570
5475
5397
5319
5456
5564
5511
5627
5772
5687
5712
5574
5403
5341
5344
5347
5418
5493
5521
5555
5650
5593
5414
5404
5384
5412
5385
5107
5193
5205
5179
5127
5133
5073
5098
5099
5085
5127
5058
5095
5107
5018
5213
5329
5370
5304
5378
5464
5532
5539
5464
5517
5518
5434
5475
5559
5547
5511
5478
5427
5445
5415
5500
5585
5624
5672
5460
5450
5451
5486
5533
5551
5552
5501
5453
5474
5474
5477
5537
5548
5631
5780
5798
5731
5653
5749
5778
5689
5628
5537
5703
5715
5591
5542
5652
5613
5743
5852
5830
5722
5689
5598
5559
5482
5420
5415
5401
5384
5480
5537
5657
5671
5569
5661
5698
5632
5598
5735
5829
5776
5939
5911
5902
5944
5916
5861
5802
5772
5820
5761
5703
5638
5725
5714
5903
5893
5902
5920
5814
5877
5908
5917
5679
5782
5786
5744
5852
5890
5842
5760
5758
5802
5705
5782
5717
5737
5799
5711
5764
5725
5721
5678
5616
5548
5471
5443
5585
5622
5559
5463
5451
5500
5447
5544
5574
5583
5655
5725
5692
5749
5830
5758
5782
5827
5863
5839
5779
5680
5686
5614
5738
5694
5709
5671
5774
5795
5724
5730
5752
5643
5712
5695
5810
5732
5699
5701
5624
5644
5734
5696
5641
5649
5523
5553
5476
5486
5510
5447
5607
5507
5471
5538
5481
5549
5523
5415
5346
5281
5195
5118
5004
5022
4971
5038
5079
5126
4971
5033
5003
4962
5061
5197
5341
5289
5271
5278
5400
5341
5312
5340
5368
5202
5120
5160
5081
5174
5063
5093
5029
5138
5219
5296
5286
5324
5327
5344
5335
5341
5448
5504
5448
5438
5497
5441
5511
5440
5407
5295
5239
5174
5069
5031
4946
5003
5073
5007
4993
5096
5069
4999
4974
4914
4933
4847
4901
4787
4908
4796
4766
4721
4670
4666
4617
4575
4551
4545
4636
4583
4725
4772
4868
4892
4889
5004
5035
5084
5008
5010
5060
5086
5132
5142
5129
5140
5130
5285
5216
5115
5074
5111
5100
5054
4999
4937
4939
4845
4943
4937
4982
4850
4802
4750
4847
4935
4879
4888
4955
4997
5049
5028
4940
4896
4909
4892
5027
5046
5018
5138
5211
5318
5289
5299
5438
5403
5443
5543
5480
5515
5557
5548
5497
5381
5331
5339
5426
5286
5333
5369
5379
5414
5380
5409
5511
5452
5387
5332
5435
5545
5561
5458
5449
5500
5372
5394
5487
5586
5489
5418
5479
5504
5580
5657
5523
5515
5540
5550
5723
5763
5879
5868
5852
5794
5847
5877
5760
5774
5806
5719
5773
5752
5751
5674
5606
5491
5490
5580
5622
5618
5460
5501
5445
5509
5555
5522
5483
5486
5430
5389
5390
5426
5441
5534
5455
5465
5431
5279
5340
5332
5273
5201
5368
5455
5477
5438
5468
5404
5435
5415
5404
5462
5348
5362
5346
5345
5257
5144
5182
5134
5190
5079
5024
5118
5169
4965
4878
4848
4915
4929
4876
4921
4908
4812
4810
4881
4862
4969
4996
4991
5024
4976
4907
4898
4890
4810
4786
4820
4863
4912
4981
5005
4941
4979
5014
4993
4900
4834
4742
4579
4594
4515
4591
4631
4700
4747
4854
4860
4830
4863
4836
4788
4822
4885
4941
4942
4985
5043
5072
5157
5049
4970
4976
5086
5138
5032
5160
5092
5046
5034
5011
4981
4996
4913
4905
4937
4960
4994
5013
5062
5156
5210
5125
5182
5154
4987
5061
5079
5024
5031
5233
5316
5298
5272
5192
5185
5106
5066
5181
5259
5211
5219
5187
5259
5201
5111
5120
5066
4988
4981
5045
5043
4993
5054
5003
5049
4972
4922
4957
4887
4929
4807
4910
5009
5135
4996
5102
5079
5041
5032
4987
5084
5092
5139
5135
5168
5224
5283
5262
5281
5194
5132
5007
5014
5086
5063
5110
5030
4906
5004
4981
4982
5015
5041
4958
4959
4949
5048
4997
5022
5000
5014
5089
4938
4873
4738
4747
4939
5075
5174
5103
5164
5327
5337
5392
5375
5298
5173
5117
5137
5136
5192
5251
5228
5193
5258
5331
5373
5438
5345
5406
5370
5340
5372
5339
5371
5377
5475
5453
5452
5314
5360
5403
5389
5414
5527
5499
5525
5432
5393
5381
5405
5457
5393
5460
5505
5563
5401
5331
5356
5435
5441
5471
5474
5447
5495
5555
5456
5494
5527
5457
5576
5699
5547
5528
5507
5579
5571
5573
5612
5540
5566
5594
5618
5711
5629
5627
5693
5710
5737
5705
5623
5640
5665
5631
5593
5646
5642
5667
5751
5770
5770
5747
5686
5618
5608
5549
5594
5653
5698
5813
5731
5732
5826
5849
5952
5911
5934
5755
5712
5796
5877
5940
5942
5878
5845
5852
5859
5715
5731
5732
5621
5646
5709
5707
5743
5825
6013
5913
5842
5835
5764
5761
5881
5845
5985
5926
5881
6002
5829
5755
5848
5866
5915
5923
6028
6019
5940
5963
6068
6058
6119
6267
6190
6201
6300
6313
6401
6469
6431
6411
6314
6409
6457
6524
6472
6368
6281
6287
6226
6126
6144
6056
6043
6021
6066
6103
6259
6202
6147
6079
5944
6065
6012
6047
6055
6190
6272
6207
6134
6087
6035
6108
6169
6111
5869
5818
5793
5725
5703
5724
5836
5810
5890
5917
5870
5766
5732
5769
5702
5728
5659
5663
5633
5639
5653
5570
5485
5647
5690
5698
5734
5841
5709
5535
5593
5715
5571
5477
5494
5612
5659
5712
5763
5784
5770
5726
5743
5607
5752
5612
5531
5590
5560
5550
5579
5504
5595
5528
5495
5506
5557
5590
5656
5721
5752
5718
5637
5556
5674
5609
5599
5529
5530
5599
5683
5696
5678
5618
5641
5625
5609
5554
5533
5588
5604
5532
5598
5464
5571
5508
5518
5430
5380
5418
5440
5311
5324
5278
5351
5370
5385
5490
5415
5450
5465
5503
5530
5637
5466
5508
5493
5425
5458
5450
5543
5568
5562
5609
5597
5595
5621
5640
5612
5558
5499
5555
5658
5648
5721
5541
5629
5631
5678
5671
5838
5791
5675
5743
5688
5566
5546
5544
5454
5524
5571
5478
5562
5590
5538
5595
5579
5632
5673
5608
5596
5661
5743
5821
5725
5830
5891
5964
5870
5975
6044
6177
6083
6089
6090
6056
6092
6101
6045
6197
6161
6086
6059
6131
6269
6436
6410
6300
6194
6064
6176
6278
6324
6319
6348
6133
6191
6168
6167
6036
6063
6074
6068
6101
6158
6259
6222
6140
6299
6205
6238
6104
6381
6359
6340
6440
6471
6362
6331
6349
6440
6405
6394
6510
6522
6377
6456
6530
6629
6606
6555
6599
6646
6446
6484
6707
6737
6774
6770
6776
6729
6748
6849
6754
6692
6693
6788
6795
6889
6772
6677
6627
6469
6469
6378
6418
6412
6289
6308
6429
6301
6222
6157
6124
6100
6099
6114
5984
5883
5803
5761
5807
5812
5806
5822
5927
5905
5944
5849
5880
5827
5747
5830
5773
5860
5845
5884
5896
5837
5949
5944
5929
6033
5999
5870
5787
5789
5688
5774
5749
5679
5630
5440
5299
5221
5195
5158
5101
5018
4945
4828
4732
4742
4661
4614
4477
4442
4469
4491
4445
4380
4511
4452
4447
4546
4509
4496
4596
4591
4634
4644
4649
4666
4593
4615
4613
4579
4725
4720
4820
4908
4785
4802
4822
4695
4641
4636
4533
4607
4629
4749
4736
4754
4705
4758
4717
4640
4630
4595
4691
4646
4563
4637
4579
4575
4590
4517
4574
4622
4631
4568
4470
4439
4469
4418
4361
4340
4289
4264
4252
4283
4389
4391
4294
4345
4322
4289
4293
4293
4251
4239
4270
4356
4311
4304
4264
4365
4280
4336
4321
4340
4410
4338
4359
4417
4413
4398
4506
4594
4630
4638
4659
4758
4785
4877
4974
5034
5047
5067
5020
4912
5022
5050
5045
4996
4987
5048
5015
5175
5132
5125
5160
5181
5135
5159
5201
5206
5267
5409
5429
5521
5548
5414
5298
5064
5057
5115
5195
5066
5053
5120
5029
4960
4945
4906
4862
4922
4973
4866
4810
4840
4826
4841
4945
4918
4883
4961
4916
4820
4883
4814
4812
4994
4963
4960
4993
5061
5125
5226
5244
5303
5354
5294
5185
5104
5129
5124
5188
5139
5221
5158
5238
5281
5365
5330
5318
5415
5427
5461
5490
5562
5623
5678
5575
5553
5598
5649
5588
5587
5618
5689
5657
5628
5643
5693
5686
5545
5613
5595
5619
5657
5702
5625
5552
5665
5732
5761
5775
5840
5844
5797
5659
5781
5771
5773
5795
5802
5771
5894
5866
5969
5747
5702
5536
5435
5530
5548
5461
5413
5560
5633
5709
5701
5720
5658
5738
5674
5652
5654
5743
5690
5636
5692
5631
5492
5413
5374
5298
5467
5487
5448
5348
5361
5274
5338
5327
5362
5399
5462
5528
5598
5577
5514
5458
5362
5491
5640
5816
5820
5785
5867
5929
6054
6034
6060
6086
6026
6036
5900
5950
5969
5920
6001
5996
6025
6091
6030
6075
6140
6193
6138
6081
6119
6023
5997
5941
6104
6152
6039
5992
5782
5946
5885
5843
5856
5766
5832
5832
5860
5972
5935
6030
6063
5968
5923
5871
5819
5906
5955
5993
5966
5965
6032
6184
6227
6220
6272
6160
6043
6009
6093
6187
6149
6196
6202
6229
6141
6087
6127
6107
6086
6040
6126
6068
6061
6074
6144
6235
6192
6276
6205
6269
6266
6339
6395
6455
6359
6469
6425
6343
6273
6226
6304
6356
6312
6275
6143
6107
6121
6096
6132
6117
6182
6043
5956
6065
5956
6004
5974
5941
6171
6064
6009
5841
5929
5869
5917
5817
5857
5846
5804
5827
5804
5837
5844
5770
5754
5811
5716
5721
5759
5710
5747
5729
5775
5783
5803
5822
5901
5989
5936
6036
5997
6051
6193
6230
6403
6324
6367
6386
6280
6420
6459
6521
6598
6495
6538
6432
6406
6489
6489
6480
6410
6396
6441
6258
6488
6369
6430
6261
6376
6466
6333
6287
6259
6215
6165
6227
6225
6095
6014
6011
5993
5957
5918
5970
5955
5839
5717
5617
5603
5648
5558
5519
5469
5511
5541
5609
5543
5583
5627
5683
5752
5845
5592
5628
5705
5714
5662
5627
5572
5472
5429
5519
5514
5459
5523
5642
5599
5478
5471
5480
5545
5484
5448
5463
5482
5502
5571
5576
5552
5659
5605
5521
5499
5472
5497
5478
5553
5520
5464
5400
5380
5473
5441
5417
5437
5436
5478
5392
5454
5370
5306
5288
5299
5191
5200
5223
5200
5178
5113
5131
5043
5129
5118
5053
5033
4948
5016
5062
5046
5117
4990
4979
5030
5138
5130
5161
5123
5197
5180
5221
5246
5215
5097
4976
5008
5007
5086
5137
5172
5003
5125
5019
5032
4981
4988
4927
5036
5044
5079
5142
5197
5243
5308
5218
5188
5072
5037
5031
5011
5113
5097
5090
5027
4967
4944
4995
4918
4834
4716
4696
4665
4592
4699
4640
4563
4625
4538
4463
4445
4467
4536
4489
4606
4531
4534
4613
4651
4588
4537
4504
4582
4562
4445
4485
4583
4633
4510
4473
4560
4555
4564
4538
4616
4488
4399
4246
4307
4315
4323
4356
4371
4389
4441
4506
4600
4646
4760
4879
4982
4954
4864
4947
5024
5106
5182
5298
5191
5289
5330
5390
5312
5318
5266
5278
5246
5170
5254
5292
5323
5375
5348
5281
5189
5236
5331
5414
5388
5388
5431
5322
5364
5371
5279
5374
5325
5285
5206
5219
5191
5305
5265
5252
5294
5299
5407
5295
5324
5383
5323
5134
5048
5033
5001
5060
5079
5063
5013
4961
4828
4714
4697
4818
4788
4891
4908
4962
4921
4958
5056
5023
4927
5077
5093
5083
5073
5034
5007
5078
5285
5275
5220
5254
5139
5164
5213
5174
5166
5250
5215
5215
5185
5228
5362
5485
5399
5353
5359
5413
5288
5319
5359
5298
5244
5232
5178
5019
4877
4870
4868
4990
5026
4974
4941
4920
4925
4874
4957
4877
4787
4807
4788
4835
4777
4815
4846
4917
4937
4823
4804
4825
4778
4731
4817
4797
4765
4922
4867
4806
4907
4912
5030
5153
5126
5173
5193
5227
5394
5281
5437
5358
5454
5413
5412
5421
5513
5533
5463
5395
5362
5423
5280
5388
5542
5614
5591
5601
5662
5520
5532
5624
5790
5906
5879
6005
6033
6094
6133
6107
6157
6234
6176
6294
6400
6473
6489
6474
6533
6519
6484
6411
6422
6483
6328
6283
6217
6270
6369
6390
6285
6394
6335
6228
6195
6217
6323
6373
6464
6361
6371
6383
6440
6379
6395
6460
6450
6407
6444
6424
6450
6513
6512
6568
6530
6590
6731
6801
6751
6736
6567
6463
6508
6522
6554
6702
6650
6863
6883
6822
6805
6858
6790
6735
6662
6692
6563
6556
6649
6454
6431
6382
6346
6353
6302
6371
6386
6376
6378
6301
6320
6298
6327
6430
6416
6443
6401
6598
6530
6605
6715
6666
6713
6757
6701
6732
6638
6694
6763
6854
6849
6851
6658
6587
6637
6589
6523
6551
6616
6603
6506
6520
6368
6418
6230
6252
6286
6377
6441
6398
6223
6166
6092
6125
6191
6269
6341
6382
6286
6254
6269
6223
6100
6151
6092
6145
6135
6300
6371
6278
6359
6251
6151
5981
5902
5823
5729
5717
5708
5824
5916
5898
5837
5823
5805
5740
5752
5744
5797
5839
5741
5648
5779
5777
5724
5815
5897
5862
5693
5709
5647
5650
5597
5606
5595
5486
5343
5365
5421
5388
5403
5363
5261
5257
5198
5107
4972
4929
5011
5088
5096
5001
4996
4971
4946
4924
4946
4884
4982
5042
5133
5209
5282
5248
5400
5379
5381
5432
5497
5482
5688
5677
5639
5631
5619
5476
5562
5641
5715
5685
5571
5611
5537
5540
5613
5549
5522
5666
5813
5803
5722
5709
5559
5616
5566
5454
5488
5458
5537
5582
5587
5559
5573
5565
5610
5754
5800
5659
5665
5642
5610
5577
5678
5714
5772
5659
5625
5545
5599
5598
5645
5651
5585
5720
5717
5701
5590
5622
5620
5669
5723
5670
5687
5753
5762
5668
5569
5573
5632
5694
5642
5683
5743
5744
5606
5652
5581
5621
5684
5591
5587
5533
5532
5450
5387
5386
5480
5448
5554
5564
5618
5624
5578
5557
5559
5586
5457
5283
5292
5322
5355
5312
5331
5330
5260
5295
5330
5297
5394
5395
5533
5541
5435
5337
5415
5485
5329
5397
5428
5471
5432
5362
5367
5440
5434
5441
5403
5400
5540
5547
5552
5579
5572
5597
5569
5587
5528
5570
5576
5526
5489
5509
5544
5617
5545
5431
5434
5463
5460
5395
5459
5561
5757
5744
5628
5519
5546
5569
5435
5435
5490
5459
5535
5581
5576
5577
5622
5571
5467
5359
5369
5381
5254
5319
5255
5286
5379
5552
5600
5619
5644
5606
5643
5589
5607
5651
5635
5588
5613
5562
5618
5714
5625
5669
5612
5703
5698
5748
5727
5744
5740
5747
5739
5703
5647
5607
5646
5808
5734
5683
5590
5655
5693
5716
5704
5696
5807
5825
5662
5647
5613
5616
5683
5666
5652
5723
5662
5634
5582
5530
5600
5617
5517
5419
5465
5365
5351
5302
5265
5241
5201
5204
5116
5130
5009
4895
4799
4830
4766
4888
4732
4759
4772
4677
4669
4510
4424
4410
4342
4334
4302
4227
4261
4350
4382
4460
4409
4505
4646
4761
4767
4805
4829
4892
5006
4946
4912
4919
4826
4753
4736
4806
4809
4807
4809
4804
4762
4838
4861
4930
4899
4930
4907
4873
4848
4852
4978
5037
5227
5201
5313
5391
5350
5359
5272
5344
5405
5334
5360
5243
5141
5146
5183
5336
5340
5428
5336
5392
5513
5511
5410
5388
5451
5398
5386
5417
5436
5299
5326
5403
5506
5522
5448
5463
5556
5495
5549
5547
5476
5519
5565
5656
5671
5571
5496
5507
5671
5713
5802
5740
5626
5746
5728
5702
5810
5925
5891
5946
6039
6025
6188
6109
6214
6377
6499
6688
6629
6485
6434
6515
6579
6505
6428
6514
6432
6389
6410
6310
6505
6674
6638
6644
6640
6712
6704
6826
6829
6759
6669
6678
6695
6644
6751
6796
6759
6751
6635
6731
6710
6549
6730
6760
6865
6886
6727
6677
6618
6649
6686
6578
6642
6648
6646
6674
6511
6449
6327
6298
6364
6244
6229
6158
6118
6157
6068
5941
5927
5820
5850
5779
5789
5836
5913
5913
5918
5728
5859
5935
6042
5946
5903
5939
6016
6097
6188
