505000
200283
141783
111271
92208
79037
69719
62403
56539
51971
47940
44807
41950
39565
37045
35141
32972
31188
29740
28453
27087
25981
25134
24331
23247
22620
21803
21223
20564
20159
19731
19323
18851
18494
17846
17217
17006
16879
16697
16487
16232
15910
15566
15219
14994
14614
14484
14187
14033
13938
13796
13497
13388
13191
12974
12886
12856
12621
12476
12129
11987
11782
11738
11631
11474
11419
11324
11045
10939
10886
10902
10913
11120
10912
10803
10733
10584
10409
10200
10054
10094
10073
10064
9995
9950
9812
9824
9603
9618
9575
9522
9464
9423
9224
9167
9157
9088
9019
8895
8847
8683
8615
8432
8489
8282
8289
8303
8404
8321
8270
8169
8181
8148
7922
7805
7676
7566
7522
7461
7384
7339
7419
7380
7267
7322
7176
7135
7248
7159
7159
7176
7192
7081
7129
7162
7094
7076
7101
7298
7290
7275
7241
7298
7269
7393
7535
7536
7472
7397
7406
7586
7615
7527
7575
7615
7611
7581
7637
7569
7614
7609
7382
7248
7285
7381
7236
7191
7192
7119
7160
7160
7175
7178
7236
7297
7131
7081
6995
6902
6878
6753
6776
6748
6664
6745
6694
6803
6835
6778
6861
6828
6827
6705
6839
6936
6895
6865
6783
6633
6568
6528
6702
6611
6547
6546
6503
6484
6365
6202
6210
6250
6177
5999
6012
5970
5872
5812
5816
5834
5818
5745
5940
5954
5903
5888
5834
5799
5804
5798
5796
5815
5932
5965
5863
5868
5797
5730
5694
5744
5879
5911
5839
5910
5997
6153
6271
6225
6122
6167
6075
6073
6064
6027
5943
5953
5927
5997
5951
5972
5907
5885
5820
5777
5753
5662
5624
5682
5547
5529
5637
5604
5526
5608
5683
5661
5680
5698
5850
5910
5990
5927
5931
6006
5944
5936
5955
5914
5821
5827
5827
5718
5781
5713
5759
5775
5711
5711
5718
5586
5609
5716
5713
5678
5708
5593
5517
5499
5422
5408
5334
5349
5378
5384
5435
5354
5273
5277
5297
5269
5385
5358
5361
5527
5541
5589
5486
5477
5541
5667
5591
5396
5193
5241
5391
5272
5397
5388
5170
5318
5362
5442
5394
5308
5294
5331
5329
5420
5360
5363
5321
5302
5265
5155
5199
5259
5159
5194
5113
5104
5171
5220
5221
5192
5083
5005
5003
4969
4905
4875
4832
4889
4939
4961
4955
4965
4983
5050
5121
5084
5107
5096
5260
5340
5312
5312
5306
5384
5393
5479
5425
5392
5482
5386
5359
5414
5404
5456
5421
5479
5445
5362
5460
5546
5523
5549
5471
5519
5490
5513
5449
5532
5441
5439
5385
5344
5528
5521
5418
5407
5500
5452
5522
5383
5330
5285
5271
5120
5020
5040
5015
5142
5118
5016
5012
5022
5054
5109
5063
5083
5009
5030
5015
5061
5038
5002
5228
5246
5254
5375
5251
5318
5285
5180
5196
5262
5192
5172
5137
5123
5091
5161
5135
5100
5025
4967
5039
4956
5102
5222
5203
5180
5183
5254
5243
5216
5141
5126
5208
5253
5157
5114
5176
5024
4993
5001
4926
4776
4619
4596
4564
4628
4535
4504
4561
4603
4594
4610
4567
4588
4728
4745
4666
4548
4590
4684
4767
4718
4702
4624
4554
4599
4712
4889
4891
4922
4851
4899
4885
4811
4801
4755
4819
4877
4893
4780
4795
4886
4898
4746
4797
4754
4733
4754
4760
4687
4701
4801
4764
4923
4834
4871
4832
4780
4706
4611
4535
4541
4466
4513
4522
4603
4561
4609
4496
4560
4599
4501
4461
4513
4544
4499
4578
4550
4555
4571
4644
4694
4753
4790
4798
4800
4627
4650
4714
4578
4545
4406
4339
4440
4544
4503
4504
4574
4543
4520
4520
4399
4353
4429
4416
4560
4459
4593
4636
4764
4762
4836
4888
4922
4861
4800
4849
4923
4816
4718
4924
4739
4818
4870
4905
4821
4897
4880
4902
4975
5104
5058
5094
5069
5131
5252
5117
5105
5114
5207
5335
5502
5378
5388
5512
5468
5478
5488
5414
5367
5459
5508
5535
5403
5599
5664
5732
5716
5605
5730
5739
5759
5713
5819
5730
5698
5744
5839
5822
5887
5851
5810
5837
5775
5742
5788
5842
5791
5849
5876
5954
5965
5933
5925
5838
5712
5723
5795
5755
5777
5730
5731
5820
5712
5711
5717
5759
5664
5747
5709
5689
5716
5748
5788
5904
5867
5891
5810
5760
5626
5543
5570
5612
5616
5615
5593
5724
5829
5685
5669
5725
5699
5639
5544
5581
5703
5674
5663
5758
5892
5916
5799
5722
5760
5674
5569
5451
5525
5550
5497
5503
5591
5551
5487
5472
5378
5336
5430
5449
5404
5499
5677
5639
5589
5570
5621
5529
5515
5576
5630
5498
5562
5615
5547
5581
5531
5572
5608
5481
5626
5698
5700
5721
5643
5674
5636
5655
5653
5663
5744
5712
5690
5724
5659
5649
5682
5681
5790
5850
5844
6024
5861
5923
6038
6012
5991
6094
6072
6161
6175
6243
6138
6116
6255
6161
6190
6290
6293
6391
6229
6254
6228
6051
5844
5873
5746
5773
5862
5931
6024
6146
6204
6354
6299
6267
6328
6340
6348
6485
6481
6659
6622
6745
6812
6800
6768
6753
6704
6783
6681
6674
6762
6682
6626
6579
6547
6569
6562
6688
6671
6538
6435
6475
6576
6523
6550
6566
6585
6611
6704
6578
6559
6635
6500
6650
6643
6756
6779
6579
6619
6583
6573
6669
6638
6632
6692
6581
6614
6564
6569
6600
6501
6430
6630
6662
6581
6741
6898
6992
7075
7063
7050
7065
7076
7105
7100
7060
7007
6986
6969
6931
6915
6811
6738
6854
6794
6719
6733
6670
6648
6570
6718
6685
6803
6864
6768
6601
6398
6244
6349
6342
6409
6332
6278
6278
6184
6222
6215
5987
5966
5988
5859
5905
5951
5841
5830
5916
5834
5780
5723
5685
5831
5811
5754
5797
5835
5842
5857
5747
5638
5624
5698
5677
5653
5622
5606
5774
5945
6087
6039
6056
6066
6100
6044
6057
6091
5989
6003
6023
5999
6023
6125
6142
6142
6186
6157
6192
6140
6154
6122
6210
6106
6205
6285
6195
6064
5975
6080
6088
5990
6075
5925
6035
6213
6323
6328
6459
6493
6421
6630
6461
6439
6346
6347
6386
6374
6370
6482
6368
6337
6368
6412
6362
6205
6144
6099
6088
6026
5870
5801
5732
5713
5767
5834
5862
5790
5855
5973
6025
5913
5952
5819
5811
5608
5583
5631
5626
5687
5566
5573
5537
5599
5537
5665
5641
5506
5492
5491
5349
5442
5380
5484
5551
5650
5614
5636
5462
5446
5520
5415
5368
5407
5314
5278
5278
5311
5163
5060
4986
5054
5127
5160
5213
5339
5187
5250
5351
5311
5402
5350
5331
5424
5482
5571
5554
5438
5442
5417
5351
5255
5275
5207
5206
5324
5331
5298
5294
5309
5369
5318
5209
5189
5168
5167
5141
5130
5195
5177
5191
5160
5142
5102
5157
5085
5182
5310
5316
5368
5383
5351
5361
5522
5613
5635
5714
5638
5621
5722
5732
5708
5530
5553
5613
5668
5490
5586
5654
5725
5770
5750
5783
5846
5789
5771
5811
5767
5757
5715
5822
5709
5763
5814
5810
5816
5847
5736
5545
5514
5494
5467
5488
5588
5632
5553
5569
5594
5566
5619
5579
5576
5553
5592
5549
5645
5645
5652
5680
5660
5635
5627
5639
5659
5591
5527
5431
5538
5623
5590
5632
5655
5658
5572
5711
5752
5864
5976
5885
5971
5916
5832
5799
5732
5617
5603
5568
5496
5421
5481
5492
5601
5604
5666
5628
5614
5531
5687
5722
5763
5725
5710
5627
5572
5561
5671
5511
5517
5340
5252
5403
5342
5318
5392
5376
5352
5431
5443
5437
5572
5425
5431
5466
5479
5497
5571
5433
5446
5493
5610
5579
5479
5539
5477
5366
5414
5300
5250
5366
5416
5382
5439
5490
5389
5492
5363
5371
5261
5153
5076
4962
5031
5074
4972
5068
5048
4999
5048
4992
4964
4956
4931
5023
5007
5078
5019
5126
5032
4948
4966
4911
4778
4806
4758
4712
4654
4676
4780
4828
4851
4838
4850
4907
5003
5038
5181
5122
5214
5028
4846
4872
4799
4677
4703
4744
4809
4869
4800
4725
4686
4759
4811
4806
4910
4980
4877
4922
4979
4996
4906
4838
4759
4618
4551
4567
4508
4443
4377
4368
4405
4437
4425
4448
4463
4373
4444
4444
4378
4413
4428
4528
4513
4448
4430
4347
4310
4299
4281
4290
4303
4178
4198
4211
4084
4171
4203
4198
4093
4110
4154
4180
4097
4156
4111
4052
4071
4037
4061
4170
4204
4197
4219
4222
4305
4278
4261
4233
4287
4327
4327
4346
4314
4320
4323
4278
4226
4384
4320
4326
4385
4354
4392
4276
4241
4321
4274
4195
4188
4116
4083
4078
4048
4077
4070
4048
4005
3921
3920
3905
3863
3929
4020
4033
3989
3975
3923
4040
4126
4063
4105
3980
4037
4094
4069
3994
4026
4046
4082
4145
4164
4192
4194
4160
4241
4270
4323
4382
4416
4533
4549
4500
4488
4413
4384
4387
4393
4409
4353
4474
4408
4400
4379
4404
4548
4686
4686
4787
4751
4744
4777
4723
4694
4732
4805
4744
4771
4725
4802
4848
4826
4804
4873
4849
4833
4808
4913
4743
4725
4722
4632
4650
4752
4754
4798
4650
4693
4576
4605
4701
4564
4557
4595
4521
4496
4465
4444
4466
4375
4382
4580
4613
4628
4628
4608
4640
4601
4535
4541
4564
4529
4599
4645
4625
4554
4629
4594
4648
4677
4759
4809
4880
4897
4847
4820
4772
4823
4704
4763
4600
4626
4646
4663
4593
4629
4523
4434
4428
4543
4528
4596
4609
4571
4615
4578
4541
4568
4590
4619
4749
4777
4722
4503
4570
4556
4551
4688
4591
4571
4622
4666
4636
4634
4570
4544
4455
4595
4665
4742
4829
4847
4809
4842
4873
4904
4836
4829
4769
4707
4655
4696
4646
4605
4649
4605
4673
4648
4618
4673
4685
4615
4643
4653
4613
4662
4652
4677
4725
4674
4772
4784
4830
4839
4784
4906
4945
5072
5178
5086
5048
4900
5005
4974
4831
4752
4745
4776
4738
4697
4687
4582
4570
4541
4529
4496
4578
4425
4522
4491
4532
4504
4483
4552
4569
4523
4514
4583
4599
4560
4431
4359
4356
4486
4543
4659
4773
4742
4629
4665
4676
4692
4757
4885
4906
4872
4897
4838
4900
4844
4771
4822
4825
4946
4942
4890
4782
4916
4848
4970
4908
4846
4879
4958
4910
4996
4925
4861
4915
4874
4842
4819
4788
4782
4967
5062
5077
5122
5082
5125
5113
5111
5053
5047
4970
5064
5027
5141
5173
5273
5261
5267
5268
5232
5275
5455
5303
5364
5366
5461
5458
5312
5378
5337
5396
5367
5334
5333
5420
5461
5493
5412
5376
5333
5273
5222
5208
5146
5143
5141
5106
5055
5080
5160
5287
5376
5422
5329
5272
5317
5248
5160
5229
5310
5222
5292
5293
5382
5460
5484
5571
5558
5439
5340
5279
5259
5288
5229
5299
5362
5420
5423
5526
5476
5401
5328
5121
5141
5179
5216
5198
5248
5244
5069
5102
5056
5007
5043
5136
5245
5259
5304
5315
5166
5149
5113
5052
5044
4966
4860
4820
4829
4889
4879
4837
4788
4802
4759
4758
4875
4971
4972
4963
4977
5033
5116
5012
5165
5104
5028
4980
4884
4919
4976
4897
4887
4914
4878
4985
5039
5102
5197
5207
5197
5211
5223
5302
5290
5235
5163
5201
5321
5202
5315
5341
5384
5486
5607
5558
5656
5649
5614
5502
5642
5624
5551
5486
5500
5597
5518
5624
5616
5593
5633
5627
5473
5550
5559
5654
5719
5750
5798
5828
5837
5966
5945
5811
5876
6008
6023
6028
6127
6043
5975
5978
5978
6031
5981
5933
5961
5844
5841
5920
6054
6134
6067
6096
6152
6044
6023
5970
6057
6040
6133
6197
6353
6513
6515
6407
6350
6333
6309
6357
6342
6341
6254
6320
6338
6228
6257
6273
6261
6362
6223
6325
6309
6333
6377
6306
6220
6268
6231
6156
6241
6383
6404
6397
6391
6427
6380
6326
6242
6331
6344
6431
6498
6444
6487
6446
6573
6556
6470
6573
6561
6534
6495
6429
6451
6573
6672
6506
6540
6560
6485
6260
6259
6222
6068
5987
5989
5813
5743
5874
5852
5774
5842
5904
5919
5983
5974
6035
6002
6105
6224
6092
6217
6213
6252
6352
6364
6413
6434
6370
6412
6501
6566
6458
6385
6386
6416
6342
6357
6415
6375
6536
6629
6533
6587
6559
6439
6300
6326
6240
6252
6230
6118
6283
6324
6317
6217
6305
6421
6399
6435
6485
6633
6534
6653
6700
6593
6735
6738
6613
6544
6571
6481
6412
6277
6373
6311
6461
6356
6155
6022
5948
5860
5907
5763
5745
5785
5898
5804
5871
5755
5784
5776
5850
5817
5872
5948
5988
5957
5874
5900
5800
5778
5642
5667
5597
5536
5606
5648
5657
5755
5843
5894
5895
5770
5813
5867
5820
5818
5777
5876
5858
5901
5982
5914
5924
6021
5992
6106
6131
6111
6127
6147
6125
6050
6139
6205
6174
6278
6356
6118
6243
6220
6166
6157
6137
6031
6037
6011
6054
6208
6270
6203
6120
6041
5996
6118
6180
6210
6213
6238
6214
6163
6285
6333
6287
6197
6099
6180
6293
6362
6237
6160
5991
6028
6058
6007
5964
5869
5830
5844
5840
5907
6058
5971
6017
5935
5984
5977
5979
5915
5834
5748
5676
5614
5658
5573
5410
5523
5539
5548
5497
5493
5623
5583
5580
5434
5409
5362
5427
5429
5329
5358
5299
5319
5325
5316
5400
5356
5275
5377
5286
5388
5407
5322
5386
5329
5404
5350
5340
5324
5445
5528
5430
5474
5516
5480
5412
5408
5348
5291
5287
5175
5109
5277
5197
5132
5191
5234
5125
5137
5127
5068
5104
5102
5100
5138
5133
5055
5117
5030
5076
4959
5145
5152
5225
5092
5181
5212
5110
5099
5156
5121
5090
5057
5077
5119
5067
5081
4983
4990
4855
4974
4973
5071
5048
4934
4781
4826
4815
4913
4903
5001
4863
4850
4924
4849
4808
4643
4627
4666
4626
4716
4749
4720
4844
4775
4816
4863
4936
4947
4920
4973
5013
4964
5020
5177
5223
5264
5210
5150
5251
5357
5275
5225
5324
5367
5281
5307
5233
5238
5195
5259
5367
5311
5336
5269
5268
5285
5269
5328
5354
5383
5324
5285
5415
5446
5424
5341
5243
5304
5428
5442
5481
5428
5397
5270
5101
5177
5187
5275
5373
5474
5523
5519
5447
5473
5466
5436
5465
5297
5180
5064
4918
4974
5090
5137
5168
5176
5308
5348
5227
5233
5191
5053
5058
5054
5041
5080
5082
5067
4928
5060
5140
5062
5114
5011
5052
5083
5074
5031
4923
4877
4840
4872
4805
4721
4779
4695
4778
4658
4779
4712
4642
4648
4685
4560
4618
4637
4560
4560
4496
4506
4550
4636
4686
4654
4691
4714
4747
4670
4732
4727
4791
4781
4782
4940
5064
5065
5116
5162
5235
5281
5359
5414
5370
5296
5310
5305
5146
5102
5087
5153
5062
5147
5239
5298
5316
5405
5400
5424
5404
5447
5498
5433
5434
5419
5415
5333
5428
5534
5459
5417
5389
5420
5449
5578
5555
5572
5734
5708
5639
5522
5584
5584
5496
5439
5383
5431
5398
5316
5325
5353
5341
5320
5296
5137
5263
5166
5208
5349
5222
5312
5260
5245
5412
5459
5424
5452
5449
5442
5379
5333
5414
5440
5457
5333
5355
5388
5328
5376
5399
5419
5494
5522
5646
5693
5669
5731
5835
5904
5899
5878
5795
5803
5852
5822
5827
5804
5764
5720
5800
5744
5801
5782
5865
5860
5918
5940
5995
6001
6145
6099
6126
6095
6052
6022
6027
6090
6104
6078
6185
6093
6171
6143
6216
6179
6323
6315
6285
6235
6280
6250
6159
6167
6190
6262
6242
6298
6211
6264
6328
6381
6363
6394
6344
6404
6404
6382
6305
6354
6268
6311
6301
6198
6340
6492
6493
6442
6473
6355
6414
6499
6395
6263
6238
6264
6385
6347
6370
6394
6411
6358
6347
6342
6367
6202
6133
6099
6123
6010
5938
5831
5753
5689
5599
5615
5641
5527
5512
5519
5568
5580
5667
5584
5545
5480
5371
5292
5254
5365
5305
5280
5209
5149
5172
5152
5159
5192
5163
5170
5091
5165
5205
5323
5293
5298
5167
5153
5105
5135
5118
5085
5011
5069
4981
4954
5051
4961
4894
4937
4921
4853
4777
4813
4902
4888
4844
4852
4881
4943
5000
4927
4924
4965
4816
4932
4929
4949
4908
4750
4722
4718
4694
4715
4696
4728
4696
4705
4719
4791
4804
4768
4780
4885
4862
4878
4950
4859
4946
4812
4785
4784
4855
4833
4906
4814
4870
4780
5057
4924
4907
4842
4817
4751
4778
4818
4840
4817
4768
4832
4859
4831
4982
4952
5044
5054
5042
5053
5072
5004
5068
5218
5388
5497
5581
5634
5580
5479
5404
5462
5520
5544
5515
5448
5321
5269
5209
5186
5225
5262
5199
5288
5330
5400
5481
5462
5444
5503
5545
5632
5613
5661
5736
5806
5930
6038
6080
6206
6086
6077
5871
5848
5825
5822
5958
5887
5967
5900
5880
5853
5999
6112
6047
6083
6214
6354
6342
6209
6187
6375
6472
6300
6349
6399
6541
6539
6480
6681
6751
6800
6756
6775
6745
6861
6781
6711
6703
6818
6741
6743
6829
6710
6670
6611
6612
6529
6384
6279
6240
6183
6156
6187
6112
6243
6295
6286
6376
6334
6242
6228
6226
6232
6236
6328
6519
6634
6606
6556
6522
6517
6474
6376
6429
6280
6296
6274
6203
6103
6156
6264
6290
6260
6268
6254
6316
6450
6573
6562
6510
6615
6540
6418
6381
6516
6503
6553
6605
6462
6484
6499
6412
6260
6180
6219
6199
6155
6101
6110
6223
6201
6247
6077
6173
6201
6304
6308
6471
6504
6395
6376
6336
6403
6327
6318
6366
6313
6301
6290
6307
6187
6109
6209
6225
6126
6096
5929
5818
5900
5875
5940
5965
5889
5900
5846
5738
5860
5849
5807
5856
5904
5954
6015
5990
5996
6042
6007
5940
6091
6106
6054
6116
6026
6044
5879
6037
5930
5778
5789
5858
5723
5705
5719
5582
5700
5699
5758
5801
5868
5715
5630
5643
5486
5536
5638
5617
5583
5633
5583
5575
5663
5682
5569
5623
5566
5505
5576
5583
5601
5705
5587
5660
5624
5671
5620
5576
5649
5707
5714
5745
5752
5684
5630
5612
5681
5568
5506
5611
5539
5602
5737
5779
5737
5847
5846
5798
5846
5813
5825
5888
5969
5956
5929
5945
5928
5951
5925
5903
5901
5754
5684
5722
5768
5812
5791
5971
5961
5980
6051
6054
6038
5977
5889
5882
5814
5879
5813
5831
5922
5772
5772
5833
5814
5920
5905
5916
5856
5765
5713
5729
5728
5636
5677
5658
5709
5729
5784
5754
5707
5697
5755
5741
5700
5760
5670
5604
5513
5523
5546
5532
5537
5565
5615
5695
5746
5768
5726
5645
5672
5542
5540
5580
5559
5517
5412
5393
5386
5384
5528
5479
5420
5531
5563
5450
5361
5336
5251
5179
5127
5116
5196
5260
5286
5359
5449
5504
5637
5652
5802
5879
5785
5755
5918
5918
5930
5987
6031
5949
5849
5809
5889
5778
5848
5890
5822
5825
5760
5854
5754
5809
5758
5863
5947
5994
5900
6054
6075
6213
6156
6212
6268
6330
6388
6486
6441
6340
6398
6348
6437
6429
6365
6416
6654
6723
6659
6741
6716
6683
6573
6508
6377
6329
6360
6514
6504
6612
6701
6652
6682
6657
6685
6823
6833
6849
6823
6749
6648
6595
6499
6490
6536
6517
6574
6594
6641
6589
6557
6474
6487
6435
6316
6390
6436
6521
6509
6569
6481
6525
6529
6487
6600
6727
6713
6770
6867
6773
6711
6781
6759
6687
6623
6609
6547
6467
6496
6526
6301
6248
6183
6275
6366
6425
6462
6347
6272
6113
6200
6255
6319
6337
6375
6348
6299
6405
6407
6303
6341
6080
5895
5889
5796
5994
5978
5993
6013
5930
5881
5921
5968
5929
6016
6006
6057
6033
6081
6053
6018
6078
6218
6079
5982
5997
5967
5990
5917
5976
5965
5864
5794
5801
5764
5803
5731
5641
5651
5626
5588
5684
5679
5742
5736
5718
5811
5956
5899
5953
5863
5864
5891
5883
5878
5899
5917
5971
6059
6016
6236
6243
6169
6214
6197
6169
6192
6110
6028
6063
6138
6233
6105
6112
6127
6099
6052
6119
6023
6062
6049
6059
6070
6025
6038
6061
5990
5908
5793
5801
5777
5848
5932
5954
5823
5915
5911
5979
5987
5954
5837
5932
5958
5791
5861
5775
5810
5802
5776
5870
5867
5906
5784
5780
5564
5586
5690
5612
5579
5534
5600
5578
5351
5372
5229
5125
5129
5071
5072
4951
4958
4886
4933
4990
4935
4888
4970
4926
4880
4857
4783
4804
4818
4834
4792
4810
4733
4770
4922
4930
4845
4879
4791
4830
4813
4778
4738
4676
4621
4567
4721
4641
4769
4780
4774
4706
4689
4758
4796
4754
4712
4663
4688
4706
4726
4692
4692
4738
4799
4720
4841
4844
4922
4929
4916
4918
5005
4921
4996
4952
4944
4829
4925
4978
4983
4862
4828
4815
4795
4759
4765
4754
4745
4775
4807
4835
4871
4989
4963
4967
5013
5113
5138
4995
5022
5094
5145
5219
5227
5273
5326
5357
5385
5557
5641
5510
5419
5281
5335
5337
5298
5282
5153
5170
5179
5216
5135
5028
4925
4796
4747
4627
4633
4637
4584
4563
4611
4606
4645
4646
4681
4567
4523
4496
4345
4363
4322
4392
4434
4428
4540
4437
4383
4451
4391
4370
4453
4404
4543
4654
4674
4759
4871
4956
4866
4789
4841
4871
4816
4892
5110
5123
5141
4996
4967
4981
5095
5083
5110
5086
5124
5165
5147
5135
5134
5206
5248
5270
5292
5307
5216
5270
5251
5206
5322
5365
5280
5327
5326
5206
5265
5287
5295
5295
5294
5220
5134
5171
5230
5216
5262
5295
5397
5543
5598
5580
5676
5690
5709
5829
5829
5892
5764
5845
5704
5795
5748
5794
5673
5760
5797
5833
5785
5855
5777
5828
5876
5950
5926
5862
5808
5688
5714
5821
5852
5855
5827
5787
5778
5758
5758
5770
5823
5871
5880
5884
6015
6009
6004
5926
5885
5940
5904
5905
5833
5781
5716
5677
5746
5785
5875
5809
5899
5868
5963
6016
6120
6131
6146
6184
6049
6114
6110
6152
6330
6415
6322
6386
6441
6705
6791
6729
6714
6673
6676
6688
6698
6716
6705
6611
6580
6497
6467
6511
6648
6595
6666
6623
6644
6623
6487
6528
6527
6416
6309
6286
6211
6192
6075
6093
6139
6026
5941
5900
5853
5907
5923
5942
6130
6054
6053
6030
6067
5981
5882
5978
5973
5914
5898
5994
6073
6107
6082
6166
6123
6094
5998
5958
5944
5912
5962
6044
5912
5858
5850
5733
5767
5791
5700
5670
5642
5591
5688
5686
5645
5760
5766
5797
5839
5803
5661
5780
5872
5691
5847
5736
5668
5679
5630
5530
5475
5386
5453
5404
5374
5320
5437
5451
5563
5514
5479
5586
5582
5640
5683
5630
5740
5750
5666
5748
5784
5833
5819
5889
5942
5919
5886
5868
5908
5906
5896
5775
5729
5773
5780
5819
5773
5716
5744
5771
5688
5692
5639
5689
5829
5882
5762
5682
5500
5488
5449
5348
5311
5163
5093
5095
5109
5047
5112
4991
5048
5037
5083
5124
5008
4948
4994
5086
4911
4900
5016
5082
5011
5010
4948
4981
5041
5178
5239
5119
5262
5320
5284
5268
5177
5234
5336
5291
5342
5277
5225
5225
5197
5110
5058
4967
5035
5129
5090
5097
5045
5046
5150
5066
4887
4993
4941
4960
4994
5111
5163
5180
5181
5126
5094
5099
5083
5036
5081
5048
5074
4851
4937
4914
4962
4998
5011
5072
5010
4943
4918
4866
4988
5072
5060
5141
5196
5180
5166
5111
5212
5350
5297
5214
5088
5095
4976
5027
4984
4949
4942
4939
4945
4893
4902
5126
5162
5055
4990
5083
5145
5144
5230
5133
5050
4837
4802
4786
4841
4865
4865
4837
4779
4879
4891
4895
4831
4921
4862
4895
4890
4835
4782
4909
4981
4768
4831
4796
4779
4809
4797
4856
4934
4876
4797
4810
4810
4889
4797
4733
4788
4870
4834
4823
4849
4871
4932
4837
4742
4748
4742
4761
4862
4831
4867
4893
4847
4791
4767
4772
4733
4730
4730
4624
4586
4818
4887
4886
4825
4849
4868
4836
4876
4887
5082
5151
5129
5079
5172
5082
5181
5089
5137
5056
5038
5030
5095
5053
5101
5044
5097
5210
5150
5205
5168
5186
5195
5269
5303
5315
5311
5374
5459
5488
5586
5610
5584
5511
5496
5446
5487
5329
5404
5333
5406
5307
5340
5401
5387
5314
5282
5195
5057
5023
5028
4964
4932
5035
4894
4828
4809
4755
4817
4764
4700
4776
4797
4853
4819
4858
4871
4864
4993
4942
5025
4903
4895
4871
4803
4708
4628
4592
4590
4574
4671
4767
4810
4784
4704
4683
4791
4951
4905
4904
4972
5036
4907
4834
4806
4802
4791
4744
4806
4761
4749
4717
4707
4767
4780
4898
4811
4762
4764
4674
4787
4886
5077
5122
5062
5069
5080
5145
5095
5121
4998
5030
4999
5063
4976
5117
5014
5031
5091
5001
5104
5117
5254
5367
5344
5372
5336
5280
5206
5206
5258
5362
5369
5263
5356
5312
5394
5273
5348
5515
5538
5522
5501
5588
5527
5637
5598
5502
5446
5336
5304
5216
5245
5311
5109
5232
5155
5064
5103
5111
5138
5207
5187
5172
5148
5108
5111
5201
5325
5196
5150
5186
5201
5256
5154
5192
5175
5110
5122
5138
5067
5018
4976
5014
5015
4998
4930
4994
4930
4951
4930
4920
4863
4812
4828
4755
4740
4685
4657
4678
4669
4640
4660
4754
4743
4793
4778
4737
4701
4757
4862
4924
4865
4785
4725
4759
4674
4707
4698
4746
4850
4973
4897
4967
5014
5030
5090
5172
5133
5011
5129
5171
5224
5337
5368
5326
5370
5340
5319
5307
5129
5122
5101
5014
5055
5000
5078
5099
4996
5068
4983
4947
4891
4870
4918
4933
4968
5032
5013
5109
5163
5178
5211
5325
5301
5312
5381
5385
5287
5247
5184
5194
5135
5168
5178
5189
5258
5295
5185
5111
5152
5202
5134
5214
5291
5307
5396
5345
5277
5311
5388
5395
5374
5305
5117
5090
4988
4902
4918
5045
5042
5027
5080
5057
4968
4940
5034
4925
4972
4875
4771
4704
4724
4748
4744
4801
4851
4768
4774
4872
4844
4822
4818
4942
4870
4821
4801
4829
4861
4856
4844
4805
4832
4828
4963
5067
5089
5035
5106
5176
5198
5288
5377
5457
5483
5476
5369
5359
5392
5469
5358
5208
5119
5217
5238
5252
5216
5293
5357
5395
5501
5525
5589
5550
5498
5514
5396
5377
5394
5380
5407
5495
5495
5501
5514
5562
5576
5539
5544
5468
5421
5593
5620
5712
5649
5722
5766
5648
5643
5735
5813
5817
5835
5825
5928
5878
5953
5906
5959
5968
5927
6119
6152
6159
6131
6109
6172
6100
6144
6039
6027
5957
5786
5683
5618
5603
5673
5672
5622
5673
5777
5664
5698
5533
5579
5475
5553
5534
5547
5585
5543
5510
5529
5625
5511
5512
5459
5385
5377
5350
5325
5336
5405
5325
5283
5290
5231
5207
5307
5355
5357
5368
5518
5539
5629
5702
5748
5812
5831
5844
5872
5907
6025
6203
6277
6184
6163
6172
6152
6283
6280
6159
6153
6193
6159
6165
6177
6232
6177
6106
5974
5979
5943
5881
5934
5960
5904
5856
6009
5937
5916
5899
5860
5827
5752
5696
5822
5787
5776
5614
5698
5763
5774
5808
5884
5899
5844
5726
5761
5699
5591
5531
5514
5720
5702
5706
5746
5670
5663
5645
5698
5812
5542
5708
5688
5677
5688
5786
5892
5857
5792
5844
5778
5742
5834
5843
5917
5774
5819
5972
6067
6222
6126
6156
6072
5953
5952
6045
5969
6013
5946
5917
5902
5832
5753
5737
5642
5734
5674
5719
5738
5750
5791
5696
5871
5722
5696
5731
5755
5865
5750
5808
5848
5830
5781
5760
5686
5663
5588
5532
5566
5632
5665
5649
5570
5562
5599
5452
5534
5631
5581
5645
5774
5789
5863
5980
5954
5857
5828
5783
5728
5767
5727
5743
5956
5951
5953
5946
5822
5862
5791
5951
5891
5910
5941
5995
6014
6111
6095
5976
5921
5945
6027
6054
6125
6055
6021
6005
6131
6176
6226
6243
6275
6267
6463
6523
6590
6627
6631
6510
6606
6515
6496
6486
6496
6435
6483
6569
6495
6367
6442
6446
6378
6427
6513
6491
6404
6404
6511
6661
6578
6637
6722
6702
6737
6730
6575
6547
6565
6522
6557
6593
6573
6696
6635
6695
6656
6788
6877
6840
6998
6957
6899
6943
6876
6843
6874
6984
7086
7008
6930
7130
7165
7115
7193
7110
7077
7136
7220
7148
7161
7041
7010
7027
7053
6958
6931
6914
6966
6918
6981
7022
7019
7086
7111
6973
6809
6893
6944
6965
6892
6931
7031
7070
7150
7168
7085
7159
7101
7021
7028
6866
6850
6812
6815
6723
6835
6896
6861
6907
6822
6855
6832
6818
6831
6790
6711
6814
6780
6665
6557
6386
6397
6351
6408
6468
6319
6217
6173
6103
6103
6039
5929
5968
5946
6065
6116
6070
6067
6017
5811
5804
5787
5705
5763
5769
5777
5830
5743
5681
5686
5647
5644
5818
5724
5597
5709
5724
5576
5622
5757
5726
5779
5858
5789
5696
5791
5858
5727
5627
5668
5670
5751
5672
5649
5712
5737
5808
5794
5789
5787
5862
5739
5753
5710
5740
5603
5633
5549
5567
5499
5417
5431
5361
5327
5263
5287
5213
5149
5176
5280
5188
5112
5138
5232
5253
5168
5180
5144
5163
5178
5188
5229
5278
5279
5294
5226
5147
5136
5087
5015
5064
5199
5248
5149
5104
5076
5140
5123
5046
4985
5003
5089
5036
5125
5068
5135
5182
5295
5205
5145
5224
5177
5257
5192
5263
5306
5385
5303
5314
5462
5458
5374
5355
5413
5435
5370
5223
5307
5298
5327
5301
5188
5254
5228
5279
5341
5398
5403
5375
5338
5452
5439
5462
5413
5419
5488
5438
5421
5310
5359
5312
5373
5328
5331
5400
5397
5392
5410
5385
5437
5444
5351
5427
5425
5394
5373
5285
5191
5215
5184
5247
5152
5206
5164
5215
5171
5368
5205
5123
5123
5186
5105
5126
5162
5234
5316
5203
5371
5294
5400
5357
5280
5390
5412
5413
5382
5418
5301
5200
5194
5135
5175
5052
4996
4957
5017
5134
5249
5231
5137
5160
5082
4994
4973
4879
4809
4847
4838
4844
4780
4820
4826
4677
4795
4860
4857
4924
4945
5000
4976
5092
5095
5123
5217
5242
5239
5360
5346
5300
5425
5464
5474
5369
5299
5418
5623
5608
5620
5665
5728
5759
5561
5692
5807
5805
5884
5970
6070
6137
6233
6144
6101
6108
6186
5981
6108
6131
6049
6072
5970
5888
5811
5846
5835
5793
5906
6052
6173
6228
6379
6333
6291
6410
6278
6181
6184
6216
6239
6216
6226
6172
6140
6226
6305
6189
6206
6024
6008
5859
5778
5727
5864
5823
5963
6005
5952
5875
5759
5710
5740
5663
5725
5803
5713
5732
5683
5564
5792
5832
5814
5966
5854
5830
5819
5746
5703
