505000
201565
141936
111376
92530
79321
69974
62800
56399
51615
47863
44722
41745
39356
36711
34475
32627
31235
29979
28552
27389
26473
25506
24612
24019
23182
22458
21797
21166
20317
19856
19671
19620
19137
18807
18475
17971
17659
17212
16976
16558
16269
15708
15623
15264
14930
14495
14228
14197
13965
13656
13364
13282
12964
12936
12892
12404
12415
12335
12210
11981
11843
11721
11517
11468
11333
11372
11284
11130
11124
11093
10927
10735
10548
10342
10141
10174
10059
10073
10008
9977
9864
9730
9658
9615
9505
9435
9312
9487
9483
9282
9208
9104
9213
9214
9110
9030
8934
8947
8862
8734
8738
8641
8580
8665
8611
8497
8400
8517
8557
8542
8607
8519
8242
8318
8247
8328
8337
8335
8169
8240
8142
8082
8156
8181
8201
8326
8305
8156
8084
8119
7981
7996
7864
7843
7789
7658
7602
7646
7689
7653
7555
7608
7627
7590
7528
7632
7565
7564
7518
7497
7693
7584
7576
7410
7336
7263
7188
7133
7147
7188
7131
7216
7236
7338
7343
7484
7324
7342
7349
7254
7238
7250
7301
7362
7344
7384
7400
7502
7359
7293
7328
7267
7311
7338
7474
7419
7404
7304
7145
7151
7076
7090
7199
7160
7197
7186
7067
6892
6905
6971
6779
6826
6958
6973
6941
6825
6782
6834
6902
6894
6886
6822
6848
6855
6904
6933
7002
7032
7053
7134
7282
7263
7149
7100
7158
7039
7050
7075
7102
7158
7096
7137
7314
7306
7278
7263
7321
7317
7445
7455
7429
7515
7457
7312
7328
7359
7327
7351
7138
7057
7029
6982
6898
6985
6940
6967
7072
6941
6926
6788
6703
6687
6632
6604
6504
6513
6315
6278
6273
6289
6298
6262
6253
6185
6316
6204
6228
6137
6193
6064
6195
6221
6276
6196
6032
6081
6058
6060
6063
6034
5874
6001
6033
5999
5920
5900
5977
6092
6127
6220
6149
6069
5967
5838
5942
5898
6012
5912
5904
5900
6023
6099
5905
5869
6006
6074
6117
6140
6151
6127
6100
6104
6056
6095
6041
5936
5834
5839
5837
5943
5934
5851
5765
5724
5669
5738
5774
5702
5732
5876
5944
5883
5873
6039
5962
5951
5883
5907
5932
5852
5872
5793
5848
5789
5905
5847
5890
5982
5948
5924
5854
5930
5956
6104
6084
6161
6259
6302
6413
6411
6458
6538
6513
6815
6887
6858
6963
7111
6994
6903
6771
6670
6662
6731
6656
6536
6689
6647
6569
6566
6582
6566
6506
6333
6469
6414
6459
6516
6485
6491
6439
6416
6299
6301
6348
6066
6206
6233
6353
6295
6297
6337
6428
6382
6485
6364
6404
6359
6246
6231
6152
6070
6075
6142
6177
6239
6268
6339
6381
6396
6511
6499
6502
6307
6363
6310
6231
6246
6207
6224
6340
6241
6229
6191
6140
5993
5961
6012
5933
5990
5881
5950
5955
5914
5977
6052
6017
6032
5988
5998
6010
5920
5962
5865
5903
5932
6043
6179
6016
5985
6047
6004
5955
5838
5782
5827
5821
5814
5840
5749
5826
5926
5784
5750
5605
5678
5732
5694
5673
5829
5806
5868
5978
6050
6111
6141
6048
6153
6158
6141
6119
6191
6208
6143
6081
6035
6003
5971
5947
5945
5911
5922
6127
6168
6134
6015
5933
5868
5848
5848
5683
5654
5683
5662
5812
5761
5839
5784
5628
5629
5653
5729
5788
5845
5906
6019
5954
6009
5971
6029
6058
6035
6044
6045
6082
6037
6085
6080
5993
5924
5864
5876
5866
5934
5898
6016
5994
5868
5860
5861
5871
5967
5926
5969
6194
6068
6111
5995
5999
6005
6021
5989
5838
5864
5876
5817
5790
5857
5841
5839
5819
5808
5813
5807
5808
5769
5685
5797
5871
5830
5863
5822
5886
5832
5817
5850
5888
5868
5775
5932
6056
6079
6006
6128
6065
6062
5965
5991
6068
6111
6138
6191
6126
6189
6196
6181
6187
6145
6040
6037
6056
5969
5998
5914
5933
5929
5862
5767
5746
5810
5787
5825
5867
5894
5928
6060
6070
5995
5887
5974
5916
6054
5915
5882
6026
6168
6073
6144
6144
6223
6257
6124
6108
6143
6071
6130
6127
6159
6280
6396
6375
6252
6225
6256
6190
6196
6200
6283
6275
6326
6401
6434
6304
6268
6334
6408
6552
6681
6809
6680
6807
6786
6704
6913
6948
6989
6867
6743
6746
6736
6662
6762
6698
6779
6837
6661
6731
6741
6623
6579
6498
6571
6530
6423
6494
6423
6242
6205
6217
6193
6264
6151
6189
6238
6156
6292
6202
6418
6358
6343
6361
6455
6449
6492
6459
6553
6606
6616
6508
6432
6434
6380
6401
6355
6351
6409
6416
6213
6270
6076
6016
6043
6034
5955
6082
5973
5966
6088
6125
5981
6019
6088
6076
6045
6010
6000
6087
6131
6190
6204
6108
5997
5892
5911
5954
5842
5798
5831
5886
5931
5850
5747
5794
5763
5877
6027
6066
6033
6119
6052
6099
6103
6097
6044
6088
6067
6094
6093
6069
6042
5932
6003
6012
5908
5938
5923
5912
5900
5769
5735
5625
5513
5498
5534
5485
5475
5539
5592
5512
5512
5476
5431
5506
5434
5479
5579
5578
5546
5569
5545
5695
5660
5658
5496
5549
5530
5591
5636
5618
5703
5590
5562
5655
5694
5710
5826
5824
5931
5825
5839
5872
5912
5938
6021
5999
5997
5971
5955
5906
6064
6065
6005
6001
5957
6012
5964
5901
5985
5988
5887
5952
5878
5900
5847
5763
5716
5756
5609
5659
5678
5716
5694
5742
5685
5695
5695
5702
5533
5767
5702
5672
5793
5809
5657
5701
5729
5784
5850
5906
5977
5934
5907
6010
6007
5819
5783
5721
5762
5902
5855
5934
5826
5703
5632
5767
5675
5817
5911
6038
6107
6115
6096
6003
6026
6011
5988
5954
6070
6051
5963
6114
6216
6334
6275
6328
6375
6377
6407
6308
6397
6429
6455
6419
6448
6493
6437
6373
6386
6262
6430
6470
6458
6459
6471
6452
6463
6458
6371
6322
6273
6196
6113
6242
6163
6127
5905
5784
5764
5546
5447
5317
5330
5404
5430
5388
5427
5391
5416
5352
5255
5158
5270
5220
5198
5323
5370
5312
5287
5345
5281
5300
5391
5398
5482
5487
5480
5521
5484
5497
5417
5327
5346
5314
5221
5141
5180
5110
5108
5126
5248
5247
5336
5273
5289
5081
5115
5246
5178
5270
5340
5461
5457
5559
5618
5676
5642
5706
5674
5680
5592
5448
5501
5420
5385
5418
5400
5401
5467
5416
5514
5540
5500
5457
5462
5511
5405
5436
5544
5571
5514
5565
5586
5500
5603
5627
5600
5672
5772
5813
5769
5754
5778
5594
5442
5619
5579
5468
5482
5502
5439
5462
5572
5585
5548
5484
5477
5506
5493
5428
5361
5467
5451
5368
5337
5401
5328
5475
5499
5441
5471
5339
5255
5406
5409
5393
5363
5363
5261
5341
5336
5255
5164
5095
5073
5137
5175
5020
4908
4857
4896
4953
4971
5045
5088
5075
5060
4988
4952
4977
4876
4973
4987
5053
5025
4923
4897
4962
5020
5002
5154
5273
5220
5122
5097
5082
5148
5150
5249
5153
5104
5082
5067
5135
5059
4969
5066
5059
5099
5210
5218
5320
5329
5266
5297
5336
5390
5444
5415
5498
5444
5350
5333
5362
5311
5336
5414
5435
5359
5360
5397
5440
5451
5420
5460
5351
5401
5432
5498
5461
5465
5531
5698
5752
5795
5855
5765
5752
5561
5515
5524
5514
5639
5711
5733
5739
5709
5694
5730
5819
5888
5733
5788
5886
5969
5954
5983
6030
6003
5964
6050
6020
5979
5808
5724
5800
5874
5862
5959
5932
5909
6047
6049
6097
6045
6068
5976
6021
5864
5805
5722
5735
5795
5823
5775
5819
5809
5817
5841
5982
5966
6076
6037
6011
5987
5967
5992
5863
5837
5900
5779
5852
5833
5858
5796
5685
5784
5806
5816
5884
5810
5758
5716
5757
5735
5655
5553
5462
5344
5347
5347
5326
5278
5232
5329
5355
5226
5121
5143
5255
5233
5349
5422
5300
5253
5185
5142
5231
5191
5288
5240
5149
5131
5054
4996
4983
5018
5000
4985
5084
5097
4896
4860
4848
4688
4738
4762
4672
4676
4592
4627
4599
4661
4683
4743
4810
4816
4960
5007
5031
4946
4913
4831
4787
4727
4677
4740
4779
4839
4922
4901
4898
4840
4807
4742
4589
4567
4681
4747
4792
4814
4732
4788
4789
4759
4786
4898
4921
5052
5070
5040
5031
5032
4972
4960
5106
5111
5253
5328
5191
5186
5156
5080
5172
5126
5166
5188
5230
5164
5064
5071
5035
5088
5124
5153
5105
5169
5179
5124
5093
5212
5214
5328
5292
5278
5280
5356
5370
5507
5416
5565
5610
5633
5688
5721
5608
5565
5520
5435
5546
5475
5514
5566
5522
5449
5302
5375
5322
5369
5409
5441
5376
5397
5327
5363
5348
5227
5231
5142
5180
5185
5312
5354
5392
5360
5204
5178
5172
5181
5124
5179
5195
5284
5300
5241
5227
5155
5110
5037
4946
4896
4837
4846
4793
4821
4945
5006
4958
5078
4994
5060
5086
5309
5499
5627
5593
5577
5460
5458
5537
5475
5530
5418
5302
5343
5303
5238
5062
5043
5100
5158
5239
5239
5210
5103
5201
5214
5332
5398
5426
5465
5531
5516
5411
5475
5461
5493
5484
5428
5320
5360
5397
5412
5447
5409
5317
5413
5409
5336
5312
5344
5265
5326
5382
5401
5194
5260
5168
5259
5229
5240
5339
5350
5294
5311
5228
5194
5206
5378
5295
5244
5216
5154
5284
5287
5256
5176
5211
5285
5312
5329
5214
5179
5099
5083
5063
5074
4962
5006
5014
4957
4970
4991
5060
5147
5083
5104
5172
5185
5229
5308
5294
5267
5253
5297
5387
5411
5461
5573
5706
5764
5774
5780
5756
5876
5857
5883
5906
5891
6040
5924
5979
5934
5981
6013
6066
6059
6135
6185
6136
6072
6078
6068
6039
6098
6052
6099
6104
6131
6089
6217
6086
6088
6075
6142
6053
6162
6117
6100
6069
6099
6163
6063
5987
6005
5971
5999
6136
6246
6265
6203
6193
6058
6028
6058
6025
6039
6071
6072
5936
5951
5966
5973
5953
5965
6019
6049
6128
6212
6153
6085
6148
6262
6239
6149
6190
6219
6260
6344
6610
6680
6678
6729
6797
6675
6611
6609
6631
6605
6445
6432
6259
6122
6061
5930
5839
5693
5567
5594
5575
5493
5406
5582
5685
5685
5606
5733
5778
5950
5883
5935
5960
5877
5875
5753
5677
5740
5701
5555
5560
5762
5827
5863
5788
5723
5695
5851
5895
5896
5857
5774
5814
5945
5909
5850
5845
5913
5948
5951
5982
5884
5913
5941
5984
6049
5908
5831
5792
5730
5831
5883
5822
5950
5995
6058
6152
6207
6255
6291
6260
6299
6198
6165
5956
5881
5962
6043
6051
6091
6068
6129
6184
6188
6049
5961
6038
5937
5901
5983
6134
6123
6037
6085
6104
6071
6044
5994
5845
5959
5948
6061
6270
6302
6282
6195
6108
6167
6162
6166
6194
6270
6325
6416
6343
6400
6385
6389
6301
6288
6337
6320
6300
6354
6403
6428
6549
6574
6367
6359
6402
6493
6511
6505
6577
6643
6492
6423
6323
6223
6162
6181
6238
6368
6377
6474
6430
6311
6406
6429
6538
6557
6588
6620
6614
6667
6626
6672
6627
6510
6414
6427
6437
6474
6437
6369
6347
6358
6304
6276
6248
6187
6183
6164
6051
6035
5993
6150
6115
6101
6084
6018
6045
5875
5853
5916
5984
5942
5882
5849
5853
5883
5986
6044
6066
5999
5943
5981
5900
5859
5893
5996
5923
5920
5883
5929
5962
5835
5861
5915
5849
5820
5873
5808
5898
6064
5947
5922
5871
5875
5824
5847
5898
5908
5939
5864
5920
5910
5977
6038
6047
6052
6136
6096
6017
6023
6010
6088
6230
6125
6205
6204
6247
6254
6204
6320
6434
6273
6254
6354
6380
6313
6336
6397
6461
6490
6333
6252
6222
6184
6194
6155
6046
5953
5815
5908
5971
5933
5870
5854
5815
5857
5924
5906
5936
5919
5945
5898
5915
5929
5871
5852
5970
5954
6072
5920
5987
5980
5886
5794
5722
5906
6092
6031
5934
5919
6022
5968
6045
6019
6072
6116
6057
6001
6160
6074
6018
6106
6024
5895
5907
5988
5993
6042
6073
6059
6103
6175
6178
6046
5992
6021
6150
5989
5958
5881
5961
5944
5937
6002
6052
6115
6038
6128
6097
6082
6064
6079
6053
5972
5964
6089
6000
6078
6284
6226
6127
6097
6087
6076
6054
6023
5880
5951
5883
5973
5912
5975
5884
6064
6112
6141
6222
6271
6354
6418
6365
6394
6371
6276
6340
6254
6184
6242
6172
6254
6122
6178
6135
6053
6069
5883
5811
5761
5708
5654
5650
5634
5389
5403
5433
5430
5291
5467
5530
5565
5435
5413
5473
5505
5454
5470
5415
5480
5497
5631
5665
5622
5549
5570
5569
5538
5518
5533
5409
5356
5363
5243
5202
5137
5172
5258
5233
5191
5090
5100
5215
5202
5096
5146
5122
5161
5256
5361
5267
5266
5307
5327
5193
5241
5263
5370
5535
5593
5734
5849
5839
5739
5728
5706
5758
5832
5733
5749
5701
5685
5798
5740
5731
5716
5682
5570
5523
5521
5567
5612
5649
5522
5497
5395
5414
5438
5484
5409
5602
5631
5538
5415
5366
5468
5460
5516
5583
5562
5686
5621
5650
5700
5662
5602
5593
5564
5491
5438
5483
5494
5538
5516
5540
5545
5587
5556
5488
5420
5470
5406
5432
5551
5535
5605
5780
5868
5760
5861
5782
5885
5841
5745
5816
5662
5654
5608
5661
5672
5655
5645
5527
5562
5579
5568
5500
5490
5585
5578
5590
5601
5521
5646
5724
5710
5861
5734
5737
5810
5687
5757
5808
6009
5934
5814
5825
5876
5905
5858
5834
5707
5608
5489
5616
5680
5682
5864
5773
5720
5645
5518
5514
5563
5606
5703
5764
5583
5544
5487
5602
5573
5599
5610
5542
5491
5598
5611
5688
5653
5874
5915
5895
5788
5679
5582
5635
5583
5524
5475
5515
5682
5608
5582
5631
5741
5792
5832
5657
5691
5554
5674
5717
5640
5532
5565
5478
5609
5414
5346
5325
5351
5293
5240
5248
5283
5355
5324
5243
5172
5003
5122
5165
5077
5099
5243
5257
5320
5305
5393
5604
5736
5732
5850
5940
6147
6116
6114
5992
6020
6075
6272
6231
6276
6246
6248
6105
5946
5969
5907
5774
5739
5630
5688
5653
5633
5540
5628
5717
5717
5755
5788
5658
5573
5571
5632
5688
5750
5699
5869
5831
5876
5791
5802
5775
5719
5666
5682
5802
5633
5525
5503
5603
5685
5691
5660
5702
5672
5726
5670
5828
5913
5887
5985
5969
5887
5899
5897
5828
5715
5603
5519
5529
5549
5465
5431
5432
5487
5447
5562
5614
5579
5613
5611
5741
5627
5689
5635
5768
5616
5663
5736
5777
5802
5852
5816
5769
5803
5792
5882
5888
5895
5766
5900
5786
5615
5641
5707
5680
5664
5636
5522
5563
5623
5717
5797
5692
5643
5724
5674
5636
5595
5632
5526
5452
5397
5479
5561
5576
5589
5546
5621
5712
5824
5870
5777
5716
5769
5910
5903
5922
5940
5872
5904
5860
5742
5728
5837
5886
5962
5951
6035
5899
5991
5804
5824
5848
5759
5718
5778
5802
5806
5818
5846
5976
5954
6077
6084
5918
5868
5782
5776
5819
5921
5979
5935
5868
5942
5932
5935
6037
6094
6068
6043
5990
5881
5913
5880
5853
5812
5837
5718
5772
5714
5664
5670
5733
5775
5890
5956
5907
5923
6004
5935
5956
5854
5829
5795
5776
5764
5664
5658
5636
5548
5618
5555
5528
5618
5544
5621
5571
5634
5611
5605
5519
5453
5416
5394
5460
5429
5532
5521
5451
5501
5465
5397
5429
5459
5368
5397
5507
5553
5386
5386
5480
5496
5593
5618
5729
5751
5671
5855
5793
5886
5947
5993
6128
6129
6228
6078
6225
6290
6232
6333
6192
6144
6135
6076
6041
6157
6180
6210
6189
6239
6231
6234
6316
6318
6286
6358
6266
6323
6495
6532
6584
6616
6658
6530
6484
6512
6403
6430
6342
6441
6365
6350
6330
6452
6423
6325
6280
6377
6291
6130
6253
6306
6330
6344
6285
6193
6081
6061
6192
6091
5982
5961
5937
5959
5925
5835
5818
5938
6122
6175
6107
6012
6071
6114
6169
6172
6155
6139
6135
6138
6009
5918
5938
6009
6032
6127
6210
6176
6142
6127
6046
6026
6162
6151
6113
6010
5944
5943
5992
6051
6071
5981
5979
5887
5912
5792
5837
5769
5773
5757
5735
5695
5679
5700
5605
5705
5749
5749
5746
5723
5672
5656
5555
5601
5574
5586
5571
5697
5798
5752
5765
5803
5900
5900
6087
6079
6184
6271
6315
6388
6338
6367
6513
6511
6473
6504
6427
6527
6564
6595
6621
6551
6638
6575
6661
6633
6495
6437
6331
6482
6463
6558
6659
6650
6671
6618
6609
6611
6633
6564
6510
6421
6525
6558
6393
6428
6457
6389
6430
6453
6518
6536
6725
6658
6711
6759
6799
6819
6800
6853
6844
6712
6586
6618
6687
6752
6885
6731
6782
6818
6799
6950
6894
6944
7045
7000
6913
6774
6811
6784
6770
6748
6696
6869
6883
6966
6940
6962
6894
6861
7023
6949
6927
7021
7111
7334
7160
7032
7092
7163
7239
7169
7183
7192
7348
7184
7152
7045
6907
6854
6857
6909
6762
6839
6902
7001
7116
7123
7047
7056
7232
7125
7082
7044
7109
7126
7232
7084
7220
7230
7404
7527
7412
7372
7361
7375
7485
7409
7406
7350
7433
7504
7476
7369
7295
7264
7298
7170
7116
7209
7306
7200
7154
7104
7162
7137
7303
7201
7186
7142
7197
7177
7355
7319
7327
7334
7282
7287
7221
7269
7366
7340
7123
6985
6862
6966
6807
6795
6728
6732
6608
6746
6687
6622
6715
6790
6731
6676
6689
6637
6572
6418
6369
6364
6502
6594
6623
6593
6664
6613
6695
6595
6610
6600
6583
6643
6650
6549
6413
6423
6600
6650
6704
6605
6564
6584
6620
6596
6453
6333
6288
6200
6194
6161
6114
6039
6096
6035
5933
5942
6026
5987
6046
5997
5923
5974
6030
5999
5986
5979
6079
5949
5998
5848
5830
5829
5809
5747
5648
5755
5654
5673
5610
5642
5552
5592
5485
5478
5366
5457
5415
5485
5489
5468
5453
5451
5453
5526
5549
5618
5710
5763
5785
5838
5798
5707
5760
5773
5801
5748
5720
5759
5787
5794
5777
5833
5833
5859
5792
5670
5783
5742
5619
5761
5759
5703
5749
5694
5765
5632
5629
5563
5675
5733
5637
5698
5735
5638
5562
5631
5669
5626
5611
5678
5758
5831
5929
6021
6058
6092
6130
6053
5995
6055
6110
6061
6175
6094
6103
6170
6131
6203
6228
6260
6232
6180
6231
6181
6202
6249
6183
6227
6185
6113
6078
6119
6117
6187
6218
6192
6294
6248
6262
6312
6286
6125
6163
6052
6058
6093
6013
5940
5977
5910
5836
5688
5574
5621
5619
5632
5660
5607
5671
5683
5553
5557
5612
5721
5641
5734
5703
5797
5693
5684
5631
5556
5579
5546
5677
5520
5569
5510
5473
5403
5370
5366
5282
5198
5312
5274
5300
5348
5167
5143
5168
5241
5236
5205
5193
5205
5328
5324
5258
5376
5399
5389
5322
5341
5400
5387
5291
5351
5412
5367
5370
5329
5374
5511
5602
5620
5692
5736
5789
5792
5831
5764
5849
5840
6007
6104
6136
6186
6241
6242
6105
6205
6222
6239
6153
6063
6110
6169
6140
6145
6188
6174
6230
6151
6187
6149
6185
6272
6256
6265
6182
6166
6164
6168
6223
6310
6431
6443
6280
6156
6152
6303
6420
6347
6340
6334
6405
6510
6488
6654
6416
6525
6458
6478
6412
6311
6302
6261
6388
6271
6362
6393
6385
6345
6376
6376
6415
6261
6162
6088
6163
6113
6105
6066
5986
5915
6030
6083
6176
6014
6093
6100
6054
6068
6133
6319
6337
6367
6270
6310
6167
6316
6461
6434
6474
6583
6536
6667
6649
6601
6543
6454
6296
6377
6528
6613
6653
6703
6637
6810
6820
6872
6778
6777
6756
6766
6745
6900
6977
6794
6696
6744
6737
6708
6770
6748
6696
6657
6765
6652
6698
6751
6783
6767
6693
6554
6497
6477
6487
6496
6518
6490
6575
6533
6616
6543
6456
6401
6425
6476
6631
6699
6695
6591
6510
6474
6411
6347
6352
6347
6302
6323
6333
6322
6312
6353
6366
6438
6466
6493
6617
6510
6424
6496
6504
6418
6472
6427
6402
6344
6448
6394
6431
6489
6582
6505
6466
6480
6421
6457
6292
6278
6176
6127
6061
5998
6063
6147
6211
6007
5930
6070
6115
5988
6013
6098
6205
6175
6153
6271
6169
6115
5968
5919
5885
5843
5873
5978
5993
5994
5830
5919
5844
5836
5842
5914
5920
5995
6124
6130
6218
6191
6152
6129
6228
6088
6154
6189
6073
6059
5984
5983
6056
6019
5981
5950
5997
6004
6056
6006
6067
6164
6226
6160
6160
6228
6307
6229
6115
6134
6146
6052
6027
6056
6034
5990
6112
6037
5975
5894
5902
5907
5789
5739
5811
5731
5670
5615
5622
5661
5642
5637
5596
5579
5700
5754
5608
5676
5718
5872
5756
5663
5818
5865
5880
5856
5814
5745
5702
5734
5715
5716
5771
5829
5888
5913
5887
5887
5977
6039
6101
6223
6190
6142
6098
6122
6096
5991
5995
5974
5796
5850
5857
5859
5721
5605
5744
5658
5834
5760
5801
5818
5786
5810
5753
5623
5749
5686
5550
5548
5618
5579
5633
5579
5482
5442
5434
5408
5406
5445
5510
5591
5529
5597
5649
5598
5582
5500
5608
5720
5606
5691
5735
5807
5829
5738
5602
5623
5549
5545
5605
5737
5751
5786
5833
5723
5738
5793
5786
5835
5713
5763
5787
5849
6026
5998
6011
6054
6058
6088
6140
6047
5914
5943
5855
5804
5860
5809
5846
5910
5851
5915
5954
5982
5942
5913
5918
5965
5855
5763
5696
5688
5865
5841
5889
5829
5873
5931
5922
5963
5844
5858
5873
5846
5749
5753
5668
5674
5647
5633
5657
5694
5429
5408
5425
5434
5467
5519
5675
5641
5713
5788
5924
5945
5917
5957
6056
6016
6065
6109
6171
6094
6081
6023
6097
6053
6068
6131
5945
5939
5910
5959
6021
6049
6117
6046
6017
5966
5819
5825
5923
5925
5876
5802
5879
5828
5847
5922
5808
5786
5716
5669
5685
5660
5615
5605
5494
5558
5517
5559
5553
5560
5556
5484
5608
5665
5642
5657
5577
5562
5461
5461
5452
5423
5292
5133
5025
5017
4949
5060
4976
4972
4965
4985
4962
4886
4827
4900
4862
4899
4836
4782
4822
4759
4715
4779
4789
4853
4939
4872
4905
4924
4938
4998
4964
5005
5039
5089
5192
5166
5308
5278
5261
5406
5378
5211
5210
5165
5164
5215
5291
5219
5232
5291
5343
5333
5362
5476
5598
5557
5583
5606
5539
5497
5378
5429
5489
5411
5460
5482
5463
5536
5603
5654
5531
5476
5635
5723
5653
5695
5676
5695
5632
5611
5578
5683
5597
5561
5523
5559
5567
5526
5439
5445
5537
5446
5429
5436
5514
5533
5555
5615
5581
5600
5629
5638
5689
5672
5671
5698
5726
5697
5636
5640
5574
5551
5604
5613
5489
5607
5565
5630
5645
5709
5748
5817
5755
5975
6074
6054
6017
5994
5984
5894
5861
5931
5988
6036
6019
6064
6076
6064
6129
6173
6063
6216
6243
6149
6180
6154
6200
6271
6144
6253
6170
6113
6054
5984
6025
6039
6048
6056
6163
6283
6285
6379
6443
6571
6571
6654
6626
6610
6563
6564
6499
6501
6552
6500
6560
6655
6527
6546
6596
6494
6460
6655
6653
6675
6684
6777
6818
6796
6774
6785
6738
6702
6671
6650
6683
6732
6783
6764
6843
6823
6828
6717
6607
6540
6393
6302
6159
6238
6321
6227
6201
6056
5971
5858
5771
5890
5927
5860
5890
6006
5975
5917
5930
5903
5871
5869
5933
5984
5949
5808
5819
5883
5927
5925
5840
5747
5746
5623
5716
5706
5626
5545
5551
5490
5596
5511
5714
5656
5707
5759
5695
5727
5740
5874
5872
5866
5899
5844
5810
5801
5862
5861
5973
5964
6104
6216
6234
6244
6151
6207
6097
6067
6139
6141
6023
6157
6015
6106
6138
6095
6108
5966
5987
5969
5958
5907
5879
5857
5993
5907
5786
5825
5795
5779
5797
5793
5816
5832
5683
5663
5561
5522
5641
5542
5556
5480
5513
5480
5480
5484
5527
5690
5886
5915
5934
5933
5956
5870
5805
5861
5882
6008
6085
5977
5923
5827
5780
5878
5971
5882
5914
5949
5956
5913
5921
5749
5593
5526
5555
5637
5697
5611
5574
5665
5733
5873
5969
5901
5936
5958
5843
5800
5733
5737
5672
5728
5692
5617
5562
5511
5587
5622
5712
5714
5697
5725
5630
5611
5634
5551
5663
5683
5723
5774
5628
5690
5786
5649
5755
5738
5759
5652
5711
5740
5729
5725
5814
5842
5759
5817
5780
5885
5851
5962
5998
5948
5926
5997
5973
6039
6024
5934
5803
5890
5919
5881
5974
5987
5919
6067
6079
6216
6312
6267
6244
6235
6187
6014
5921
5739
5712
5743
5761
5719
5809
5647
5681
5812
5851
5858
5815
5925
6016
6058
6072
6093
5980
5961
5992
5985
6008
5943
5794
5743
5784
5804
5880
5954
5972
5846
6060
6027
5913
5844
5771
5753
5876
5943
6058
6262
6255
6178
6103
6230
6306
6365
6393
6343
6352
6344
6449
6517
6556
6319
6257
6271
6341
6440
6477
6477
6579
6603
6512
6464
6366
6303
6133
6206
6168
6107
6125
6197
6087
6061
6130
6171
6009
5951
5918
6008
5892
5918
6023
6120
6160
6163
6259
6256
6326
6103
6038
6000
5942
5934
5904
5872
5832
5824
5774
5860
5883
6017
5946
5840
5761
5715
5646
5517
5489
5455
5350
5266
5368
5273
5475
5400
5332
5434
5375
5228
5122
5139
5239
5343
5334
5250
5259
5259
5268
5274
5241
5113
5020
5097
5060
5022
4954
4985
5004
4878
4772
4793
4853
4913
4959
5043
5008
5032
5080
4951
4875
4894
4897
4838
4821
4855
4918
4957
4996
5023
5073
5099
5088
5106
4980
4961
4802
4818
4753
4835
4893
4831
4912
4806
4860
4860
4845
4910
4902
4901
4896
4797
4668
4664
4634
4737
4610
4555
4615
4647
4678
4646
4710
4693
4685
4804
4813
4798
4883
4911
4866
4859
4878
4973
4866
4741
4763
4822
4992
4951
4923
4946
4965
5014
4934
5004
5000
5037
4974
4963
4965
4932
4832
4860
4833
4783
4872
4810
4882
4844
4943
4831
4761
4755
4870
4951
5089
5191
5265
5282
5233
5335
5291
5276
5192
5149
5139
5228
5358
5244
5313
5359
5320
5340
5393
5336
5377
5407
5361
5306
5431
5398
5337
5444
5306
5296
5347
5370
5436
5402
5420
5461
5573
5517
5555
5598
5626
5673
5729
5796
5884
5859
5996
6114
6055
6018
6112
6152
6133
6069
6127
6056
6018
6003
5932
5824
5805
5839
5815
5906
6050
5974
5856
5788
5669
5614
5682
5645
5797
5773
5663
5583
5611
5599
5625
5596
5655
5632
5562
5621
5551
5370
5275
5364
5338
5305
5168
5111
5138
5035
5023
5045
5090
5148
5206
5351
5237
5160
5287
5277
5290
5289
5223
5290
5195
5029
5126
4981
4976
5068
5124
5082
5104
5066
5089
5054
4936
5074
4951
4926
4946
4917
4953
5031
5282
5306
5300
5310
5381
5230
5268
5236
5231
5208
5196
5202
5062
5009
4908
4993
5035
5079
5083
5068
5097
5172
5100
5226
5107
5129
4930
4913
4913
4971
4988
4955
4984
4990
4895
4858
4735
4705
4776
4764
4754
4950
4970
5054
4975
4987
5166
5063
5038
5143
5171
5282
5224
5140
5082
5061
4986
5018
4958
4911
4915
4916
4876
4842
4847
4859
4866
4771
4701
4632
4618
4641
4741
4690
4838
4734
4800
4823
4880
4946
4901
4867
4894
4784
4716
4739
4728
4746
4569
4565
4712
4701
4791
4707
4765
4767
4785
4791
4855
4917
4965
5157
5114
5096
5076
5000
4985
5072
5083
4989
5046
4997
4938
4887
4822
4921
4936
4914
4872
4897
4920
4872
4812
4754
4695
4747
4823
4743
4770
4617
4706
4747
4770
4821
4813
4803
4847
4728
4757
4796
4844
4861
4839
4927
4927
4778
4854
4780
4783
4670
4621
4703
4711
4734
4771
4685
4668
4664
4719
4797
4872
4895
4938
4993
5092
5124
5046
4997
5185
5159
5234
5252
5258
5432
5456
5459
5557
5503
5643
5590
5564
5551
5554
5716
5864
5886
5910
5954
5878
5871
5811
5869
5706
5540
5491
5541
5445
5458
5595
5562
5438
5614
5768
5729
5680
5750
5806
5769
5812
5770
5711
5627
5689
5624
5672
5638
5563
5540
5518
5483
5540
5445
5373
5230
5385
5396
5278
5304
5277
5205
5258
5302
5143
5149
5176
5305
5317
5367
5281
5351
5375
5298
5320
5389
5516
5565
5553
5430
5573
5569
5746
5810
5897
5855
5818
5773
5764
5704
5611
5425
5460
5533
5560
5503
5598
5607
5604
5532
5561
5596
5569
5596
5535
5557
5484
5561
5539
5495
5624
5533
5534
5539
5589
5632
5514
5640
5638
5614
5599
5496
5581
5444
5526
5483
5568
5519
5403
5428
5429
5407
5308
5321
5260
5262
5366
5358
5511
5550
5605
5633
5670
5714
5655
5717
5649
5728
5772
5908
6064
6110
6157
6066
6147
6238
6226
6108
6062
6033
5912
5823
5698
5648
5660
5704
5692
5636
5841
5853
5688
5680
5726
5777
5861
5710
5652
5671
5665
5686
5655
5763
5855
5941
5860
5858
5903
5881
6053
6133
6149
6115
6276
6383
6528
6614
6632
6548
6443
6404
6484
6501
6362
6341
6258
6160
6057
6069
6044
6115
6087
5936
6005
6110
6210
6304
6391
6387
6308
6439
6321
6250
6257
6107
5966
5889
5937
6022
5931
5876
5898
5886
5929
5976
6008
5978
5989
6022
6043
6030
6024
5990
5899
5901
5863
5883
5742
5596
5552
5485
5555
5516
5467
5583
5585
5560
5600
5574
5299
5358
5401
5330
5299
5259
5285
5313
5325
5341
5342
5174
5141
5260
5254
5061
5058
5030
4972
5008
5100
5118
5170
5155
5056
5174
5147
5158
5057
4974
4943
4977
5110
5106
5079
5163
5165
5210
5214
5152
5250
5225
5314
5253
5254
5222
5171
5055
5133
5239
5109
5089
5042
4954
4924
4906
4811
4845
4931
4932
4979
5066
5040
5082
4846
4811
4774
4806
4884
4840
4766
4568
4600
4541
4411
4514
4466
4463
4453
4380
4424
4497
4432
4496
4454
4344
4346
4319
4381
4416
4414
4438
4386
4398
4437
4477
4448
4480
4442
4483
4535
4573
4617
4613
4732
4756
4709
4739
4749
4737
4697
4719
4653
4608
4676
4644
4643
4718
4681
4735
4776
4828
4840
4981
5007
5083
5009
5027
5026
5116
5261
5319
5181
5100
5114
5069
5080
4978
4958
5019
5007
5014
4996
4991
5068
5131
5149
5120
4948
4946
4914
4823
4843
4842
4757
4800
4755
4810
4862
4895
5022
4912
4925
4856
4864
4935
4888
4877
4825
4816
4830
4864
4864
4846
5047
5143
5327
5420
5383
5282
5195
5189
5156
5138
5232
5155
5235
5342
5379
5474
5387
5328
5415
5486
5544
5457
