505000
200602
141561
111362
92116
79388
69480
62130
56650
51774
47382
43864
41005
38500
36822
34970
33275
32012
30627
29307
27841
26763
26016
24952
24356
23565
22678
21995
21126
20665
20409
19754
19233
18904
18365
17839
17386
16880
16690
16206
15687
15488
15060
14720
14385
14212
13687
13788
13602
13247
13216
13027
13013
12830
12568
12439
12267
12095
12050
11880
11839
11802
11867
11687
11501
11401
11278
11226
11117
11025
10896
10834
10664
10692
10599
10515
10496
10537
10477
10382
10158
10059
9989
10013
9955
9851
9538
9610
9381
9355
9175
9145
9198
9252
9077
9164
9117
9112
9021
8931
9011
9051
9075
9031
8978
8880
8759
8804
8678
8655
8690
8656
8671
8728
8579
8594
8399
8141
8148
8162
8102
8006
7949
8035
7935
7818
7858
7920
8005
7916
7789
7693
7639
7633
7611
7507
7492
7745
7703
7647
7637
7515
7582
7540
7515
7621
7571
7570
7614
7567
7594
7522
7609
7534
7541
7510
7443
7441
7661
7616
7590
7453
7205
7206
7088
7138
7171
7221
7026
7035
6938
6836
6806
6853
6816
6681
6675
6647
6676
6524
6528
6475
6577
6692
6678
6647
6552
6627
6474
6522
6658
6497
6532
6547
6488
6617
6520
6624
6615
6482
6460
6485
6419
6373
6263
6299
6407
6391
6228
6337
6194
6260
6183
6272
6224
6269
6241
6314
6332
6380
6409
6121
6100
6077
6013
6030
6014
5986
5951
6060
5998
6046
5920
5844
5774
5721
5727
5764
5756
5738
5732
5817
5827
5757
5805
5871
5695
5780
5780
5674
5661
5801
5903
5810
5894
5818
5780
5867
5889
5919
6061
5916
5908
5956
5915
6058
6117
5916
6090
6168
6223
6175
6256
6324
6420
6420
6552
6377
6338
6392
6374
6267
6286
6351
6177
6110
6048
5934
6101
6009
6187
6227
6279
6262
6255
6299
6396
6270
6193
6187
6275
6489
6519
6500
6452
6388
6264
6288
6331
6223
6228
6257
6253
6354
6410
6386
6331
6313
6232
6257
6184
6280
6319
6365
6227
6181
6244
6128
6217
6243
6151
6249
6268
6150
6121
6136
6167
6202
6138
6205
6337
6187
6164
6266
6363
6225
6223
6061
6042
6068
6025
6018
5824
5791
5662
5583
5558
5612
5671
5636
5521
5514
5427
5401
5328
5173
5237
5171
5287
5357
5404
5346
5391
5393
5393
5391
5403
5547
5607
5468
5445
5514
5562
5494
5386
5279
5356
5320
5213
5252
5241
5084
5061
4937
4938
4992
5002
5163
5054
5067
5090
5008
4967
4885
4964
4926
5014
5089
5113
5190
5343
5327
5245
5280
5373
5266
5403
5457
5349
5237
5229
5247
5196
5157
5252
5151
5327
5498
5536
5570
5540
5467
5585
5553
5499
5551
5438
5338
5106
5059
4975
4782
4718
4699
4688
4753
4858
4875
4843
4901
4955
5072
5151
5226
5217
5226
5143
5111
5022
5019
4972
4912
4786
4770
4905
4850
4948
5011
5012
4839
4844
4719
4629
4739
4783
4730
4834
4936
4950
4906
4849
4840
4876
4925
4888
4958
4946
4890
4873
4789
4699
4723
4777
4717
4737
4714
4703
4749
4729
4754
4835
4747
4802
4862
4786
4822
4764
4758
4756
4811
4811
4862
4879
4845
4819
4811
4843
4843
4896
4906
5071
4921
4793
4824
4755
4750
4677
4570
4501
4559
4401
4297
4289
4328
4286
4363
4501
4390
4291
4188
4218
4129
4170
4232
4197
4123
4193
4232
4215
4218
4225
4249
4262
4205
4244
4282
4289
4213
4237
4253
4283
4377
4318
4448
4366
4451
4612
4608
4580
4575
4696
4786
4698
4855
4934
4928
5027
4974
4940
5011
5059
4995
5148
5198
5230
5226
5184
5220
5226
5301
5446
5576
5629
5717
5779
5789
5730
5740
5746
5748
5667
5666
5644
5676
5547
5459
5341
5309
5390
5459
5540
5629
5512
5468
5311
5290
5278
5182
5156
5230
5376
5371
5467
5457
5444
5477
5310
5384
5358
5493
5379
5399
5404
5234
5182
5143
5173
5093
5244
5171
5220
5230
5271
5277
5400
5325
5311
5232
5229
5061
5119
5149
5173
5246
5262
5278
5192
5174
5122
5098
5116
5069
5114
5215
5198
5112
5130
4980
5111
4977
5049
5091
5116
5036
4961
4996
4938
5017
5088
5058
4966
4919
4948
4937
4963
4847
4751
4792
4805
4823
4793
4848
4743
4782
4814
4909
4986
4914
4937
4998
5005
5038
4979
5100
5042
5057
5071
5158
5264
5300
5328
5309
5229
5180
5327
5342
5416
5341
5416
5443
5410
5345
5286
5373
5349
5364
5445
5556
5673
5783
5733
5797
5713
5896
5907
6022
6203
6215
6283
6358
6483
6380
6411
6376
6379
6322
6361
6525
6500
6550
6532
6584
6689
6604
6690
6686
6672
6829
6856
6863
6804
6689
6606
6504
6306
6415
6431
6412
6370
6348
6393
6434
6522
6531
6474
6454
6502
6626
6635
6709
6739
6780
6784
6620
6511
6563
6438
6318
6251
6344
6352
6347
6291
6176
6205
6108
5986
6049
6097
6094
5926
5948
6147
6188
6279
6304
6318
6422
6319
6329
6153
6090
5945
6042
5998
5921
5807
5713
5715
5717
5816
5777
5813
5893
5908
5905
5939
5831
5868
5861
6007
6140
6120
6047
6092
5911
5972
5965
6018
5905
5983
5892
5885
5837
5869
5822
6009
5998
5970
5985
5979
5962
5865
5893
5875
5991
5966
6023
6168
6232
6112
6180
6130
6212
6249
6139
6212
6177
6265
6284
6243
6222
6262
6278
6362
6382
6392
6354
6207
6254
6326
6262
6302
6275
6369
6283
6330
6318
6246
6259
6188
6177
6121
6150
6166
6171
6096
6174
6079
6174
6258
6153
6303
6254
6244
6223
6160
6202
6228
6238
6194
6188
6194
6277
6188
6150
6042
6018
6020
6031
6067
5943
5899
5803
5858
5884
5785
5789
5852
5782
5862
5752
5768
5771
5791
5856
5932
5921
5856
5813
5858
5940
5878
5877
5715
5852
5720
5628
5730
5820
5915
6025
5997
5915
5881
5838
5944
6141
6128
6199
6267
6184
6183
6122
6043
6135
5995
6098
6234
6090
6132
6031
6052
5982
6028
5951
6039
5945
6028
6085
6135
6105
5970
5965
5941
6031
5932
5906
6075
6029
6061
6134
6152
6076
6017
6027
5924
5873
5839
5885
5773
5858
5751
5839
5823
5673
5584
5724
5953
6024
6091
6185
6139
6056
6129
6155
6241
6298
6281
6288
6394
6438
6494
6349
6238
6182
6153
6254
6293
6321
6361
6243
6282
6373
6344
6370
6333
6404
6488
6308
6288
6163
6248
6085
6000
6083
5999
5932
5892
5896
5820
5821
5869
5886
5984
5964
5989
6005
5890
5794
5709
5702
5800
5770
5861
5942
5946
5975
5893
5857
5736
5640
5780
5832
5800
5823
5740
5721
5684
5745
5793
5855
5902
5919
6080
6047
6049
5927
6010
6133
6105
5997
6079
6210
6200
6165
6214
6238
6122
6042
6102
6083
6088
6071
6209
6227
6323
6333
6276
6489
6442
6449
6469
6491
6468
6423
6399
6343
6209
6205
6303
6116
6140
6155
6002
6044
6064
6069
5964
5828
5801
5816
5805
5843
5802
5846
5815
5765
5831
5970
5967
6040
6072
6246
6290
6372
6388
6465
6507
6443
6461
6470
6478
6348
6429
6456
6531
6367
6387
6487
6522
6404
6398
6463
6420
6480
6418
6524
6364
6309
6423
6479
6471
6309
6305
6227
6172
6164
6146
6200
6133
6159
6052
6033
6025
5934
5887
5896
5880
5947
5863
5801
5716
5736
5732
5734
5668
5688
5822
5885
6032
5961
5904
5788
5758
5845
5943
5932
5953
5842
5753
5767
5840
5815
5917
5915
6026
6113
6042
6019
6015
5980
5997
5922
5980
6030
5897
5958
5938
5839
5789
5776
5681
5713
5752
5759
5678
5848
5880
5926
5762
5774
5821
5798
5828
5808
5890
5952
6067
6104
6066
6098
6058
6087
6135
6184
6125
6114
6039
6012
6001
5964
5898
5973
5993
5970
5915
5980
5891
5934
5800
5743
5752
5800
5775
5743
5864
5888
5869
5821
5906
5854
5896
5701
5855
5884
5749
5857
5733
5809
5737
5678
5663
5610
5463
5527
5468
5458
5501
5503
5489
5397
5417
5344
5322
5344
5419
5386
5402
5393
5285
5270
5242
5226
5244
5100
5221
5165
5207
5307
5276
5227
5248
5168
5195
5253
5252
5119
5015
5138
5196
5257
5288
5103
5088
5201
5317
5350
5318
5327
5341
5372
5410
5234
5191
5145
5172
5347
5333
5256
5341
5286
5331
5349
5333
5330
5242
5288
5233
5094
5193
5109
5229
5262
5375
5381
5352
5369
5436
5429
5320
5206
5164
5120
5209
5207
5208
5234
5347
5357
5373
5353
5473
5429
5384
5451
5462
5554
5544
5505
5532
5645
5611
5689
5696
5689
5745
5614
5577
5654
5698
5681
5754
5829
5844
5710
5617
5511
5691
5770
5753
5669
5664
5647
5830
5915
5955
6026
6004
6080
6011
5920
5934
5842
5809
5804
5813
5802
5817
5692
5585
5658
5787
5875
5896
5934
5980
5874
5914
5944
5966
5926
6006
6032
6042
6177
6324
6243
6360
6460
6511
6423
6367
6333
6366
6313
6251
6333
6467
6472
6463
6441
6590
6391
6434
6385
6387
6455
6490
6566
6342
6596
6457
6401
6366
6345
6482
6317
6284
6328
6238
6151
6113
6032
6198
6205
6174
6273
6234
6311
6356
6421
6225
6083
5987
5955
5870
5879
5825
5739
5628
5641
5708
5738
5820
5658
5686
5732
5718
5682
5620
5662
5587
5612
5565
5579
5631
5640
5536
5550
5512
5564
5538
5521
5633
5605
5631
5596
5399
5373
5335
5451
5519
5481
5460
5395
5509
5518
5519
5430
5460
5438
5372
5445
5439
5446
5447
5452
5360
5489
5360
5319
5336
5206
5216
5153
5106
5037
4903
4909
4942
4996
4843
4928
4789
4914
4957
4899
4826
4943
5025
4966
4846
4801
4770
4831
4914
5005
4944
4842
4935
4995
5112
5152
5277
5174
5164
5101
5099
5073
5178
5148
4985
5091
5238
5301
5267
5246
5269
5162
5231
5292
5245
5230
5187
5286
5405
5326
5332
5356
5276
5266
5324
5256
5367
5457
5395
5512
5509
5462
5395
5380
5431
5517
5577
5560
5505
5512
5564
5519
5545
5494
5293
5355
5414
5451
5368
5400
5466
5614
5544
5566
5560
5574
5495
5455
5572
5706
5805
5797
5912
5888
5896
5827
5791
5746
5877
5863
5943
5998
5929
5893
5800
5715
5607
5526
5468
5461
5451
5505
5496
5511
5682
5714
5697
5626
5664
5721
5727
5653
5654
5564
5562
5446
5424
5435
5542
5634
5615
5487
5467
5458
5429
5498
5580
5499
5495
5576
5586
5543
5542
5613
5532
5598
5506
5446
5371
5274
5091
5128
5186
5121
5151
5193
5252
5184
5214
5237
5229
5362
5267
5352
5355
5279
5316
5386
5425
5427
5333
5396
5490
5508
5562
5572
5476
5513
5474
5406
5312
5276
5340
5278
5294
5322
5161
5053
5083
4933
4860
4801
4840
4848
4860
4830
4883
4933
4989
4918
4795
4764
4795
4951
4969
4979
4910
4876
4919
5056
5073
5030
5013
5112
5090
5107
5111
5019
4847
4831
4795
4664
4716
4677
4507
4491
4541
4531
4489
4390
4510
4591
4569
4576
4615
4657
4721
4838
4891
4859
4971
4943
4885
4812
4903
4846
4837
4869
4910
4813
4855
4952
4794
4649
4648
4814
4755
4794
4734
4698
4755
4686
4709
4703
4626
4521
4647
4787
4807
4730
4765
4773
4744
4756
4781
4753
4704
4685
4671
4574
4526
4649
4537
4463
4525
4461
4457
4373
4383
4261
4203
4238
4225
4205
4273
4344
4336
4398
4529
4432
4402
4368
4392
4453
4361
4306
4352
4390
4344
4346
4351
4377
4389
4386
4319
4493
4593
4575
4556
4569
4451
4481
4409
4371
4396
4387
4314
4207
4171
4104
4026
3979
3906
3965
4018
3983
3983
3931
3936
3911
3888
3904
3877
3909
4011
4026
4055
4133
4211
4228
4271
4397
4344
4378
4469
4452
4461
4519
4535
4431
4401
4443
4402
4446
4447
4428
4487
4500
4372
4449
4417
4439
4452
4471
4604
4600
4660
4670
4639
4582
4581
4491
4545
4578
4578
4597
4629
4503
4463
4519
4563
4575
4575
4565
4505
4517
4609
4542
4624
4558
4611
4680
4816
4872
4813
4817
4785
4759
4707
4787
4827
5001
5064
5137
5021
5227
5216
5168
5089
5123
5063
5026
5056
5088
5070
4986
5066
5078
4991
5085
5111
5147
5046
5053
4893
4811
4852
4949
4897
4906
4899
5040
4971
4964
4994
4903
4854
4922
4930
5013
5047
5051
5131
5266
5255
5287
5269
5349
5398
5378
5245
5324
5422
5394
5420
5465
5611
5415
5438
5472
5478
5555
5558
5675
5692
5677
5720
5723
5655
5717
5768
5854
5852
5800
5875
5916
5945
5874
5904
5893
5825
5754
5737
5726
5636
5650
5724
5791
5739
5690
5705
5722
5876
5783
5786
5847
5704
5765
5809
5830
5814
5850
5825
5738
5724
5708
5809
5779
5861
5865
5818
5825
5969
5954
5897
5968
6060
6051
5959
5792
5882
5865
5765
5748
5820
5958
5988
5953
6044
6107
6056
6143
6171
6142
6137
6131
6054
5956
5932
5938
5968
5915
5984
5976
5928
5895
5802
5793
5778
5765
5585
5619
5557
5618
5722
5791
5794
5916
5830
5949
5981
6046
6045
6169
6248
6289
6339
6315
6448
6356
6326
6253
6253
6129
6161
6227
6271
6214
6265
6093
6171
6221
6224
6322
6381
6429
6354
6230
6242
6336
6448
6458
6368
6419
6278
6282
6289
6263
6279
6277
6198
6225
6211
6129
6202
6217
6332
6281
6316
6360
6227
6272
6253
6241
6194
6272
6244
6120
6130
6206
6134
6115
6195
6219
6271
6365
6242
6240
6219
6231
6205
6084
6060
6112
6060
6003
6049
6050
6053
6198
6101
6090
6000
6052
6048
6044
5955
5981
6002
5898
5965
6027
6055
6080
6062
6063
6188
6227
6171
6310
6286
6345
6362
6565
6425
6514
6597
6646
6587
6615
6602
6583
6552
6534
6568
6657
6695
6702
6794
6834
6722
6619
6639
6523
6581
6555
6663
6489
6532
6414
6432
6485
6612
6530
6476
6546
6598
6659
6684
6702
6777
6756
6729
6783
6854
6929
6978
7012
6956
7033
7045
7115
7017
6911
6914
6823
6815
6915
6891
6842
6838
6657
6600
6412
6553
6477
6483
6385
6476
6508
6526
6567
6570
6636
6547
6433
6382
6311
6299
6235
6311
6341
6307
6252
6217
6249
6195
6074
6092
6030
6131
6154
6210
6282
6326
6331
6422
6425
6240
6215
6191
6288
6301
6294
6319
6245
6289
6279
6313
6191
6111
6078
5967
6022
5892
5836
5972
6001
5879
5821
5818
5797
5747
5875
5997
6094
6110
6238
6161
6298
6169
6159
6291
6324
6307
6130
6096
6044
6150
6293
6236
6306
6339
6195
6296
6197
6173
6190
6187
6163
6226
6248
6275
6474
6385
6361
6322
6427
6364
6390
6456
6562
6570
6551
6614
6631
6601
6636
6498
6416
6436
6327
6293
6234
6286
6350
6288
6279
6263
6334
6447
6457
6363
6339
6412
6450
6552
6470
6617
6597
6599
6575
6609
6544
6624
6584
6529
6374
6374
6381
6273
6227
6184
6273
6202
6364
6385
6502
6639
6589
6472
6473
6450
6395
6408
6375
6334
6355
6315
6324
6417
6569
6637
6450
6378
6355
6324
6303
6333
6338
6429
6302
6334
6490
6540
6603
6562
6548
6493
6452
6575
6525
6440
6451
6390
6408
6291
6279
6163
6146
6060
6088
6186
6174
6169
6117
6154
6083
6072
6060
6098
6173
6116
6137
6274
6280
6334
6420
6395
6382
6258
6100
6101
6052
6176
6164
6106
6183
6162
6023
6181
6121
6153
6303
6328
6357
6284
6196
6145
6228
6291
6164
6191
6106
5986
5970
6040
5968
5848
5879
5885
5963
6068
6055
6093
6243
6220
6107
6205
6130
6052
5960
5980
5875
5926
5866
5963
5988
5841
5719
5797
5836
5807
5963
6077
6001
5952
5928
5972
5996
6030
5992
5984
5955
5987
5839
5966
5972
5997
5957
5759
5694
5745
5796
5876
5915
5911
6009
6035
6008
5994
5921
5957
6047
6080
5938
5836
5838
5843
5775
5890
5957
6074
6090
6037
5998
6044
5967
6022
6068
6000
6025
6071
6115
6024
5975
6012
6073
6074
6079
6193
6199
6077
5995
6187
6209
6154
6235
6119
6060
6118
6175
6077
6164
6090
6181
5993
5998
6162
6201
6215
6265
6396
6275
6375
6339
6272
6238
6258
6168
6139
6175
6126
6011
5953
5837
5787
5835
5825
5865
5948
5919
5820
5742
5743
5863
5791
5814
6023
6006
6085
6196
6223
6179
6293
6352
6399
6354
6351
6493
6482
6550
6474
6566
6608
6659
6831
6828
6706
6764
6751
6695
6675
6658
6640
6457
6436
6377
6398
6408
6324
6304
6312
6288
6359
6440
6370
6440
6404
6325
6265
6193
6154
6154
6153
6141
6190
6071
6018
6003
6016
5887
5915
5943
5889
5834
5916
5918
5903
5944
5805
5751
5769
5801
5877
5859
5844
5860
5966
5948
5909
5868
5842
5818
5730
5749
5749
5701
5683
5672
5630
5603
5480
5443
5303
5251
5131
5023
4967
4939
4915
4872
4835
4901
4773
4736
4776
4692
4618
4580
4542
4556
4573
4564
4504
4503
4439
4468
4485
4450
4306
4309
4216
4224
4114
4159
4118
4034
3996
4042
3861
3802
4002
3951
4028
4065
4126
4145
4196
4241
4245
4264
4284
4337
4314
4378
4363
4397
4457
4647
4757
4678
4564
4617
4657
4659
4677
4635
4690
4693
4771
4762
4740
4798
4863
4787
4726
4651
4619
4667
4731
4752
4788
4888
4836
4761
4678
4681
4699
4575
4571
4522
4584
4533
4499
4482
4458
4496
4521
4644
4590
4665
4656
4564
4595
4563
4605
4544
4594
4654
4698
4778
4656
4599
4630
4704
4789
4868
4678
4723
4827
4713
4732
4684
4742
4676
4676
4727
4756
4761
4730
4863
4805
4850
4864
4904
4805
4792
4770
4871
4953
4840
4987
4895
4817
4736
4718
4727
4802
4861
4854
4937
5071
5128
5111
5168
5209
5217
5304
5232
5227
5249
5162
5129
5165
5309
5221
5319
5320
5256
5160
5171
5123
5198
5123
5025
4989
4987
5060
4931
4864
4804
4672
4744
4750
4817
4708
4675
4795
4670
4611
4650
4580
4654
4641
4759
4678
4763
4730
4711
4752
4804
4775
4745
4663
4793
4825
4903
4858
4973
4987
5014
5063
5075
4987
4990
5067
5183
5197
5290
5272
5228
5266
5177
5277
5298
5257
5226
5169
5185
5142
5141
4931
4865
4850
5006
5012
4990
4848
4820
4778
4690
4580
4537
4621
4555
4584
4506
4556
4591
4618
4689
4724
4726
4772
4907
4928
5060
5134
5027
5111
5109
5270
5351
5294
5384
5340
5390
5438
5384
5431
5316
5219
5261
5222
5263
5208
5167
5259
5214
5150
5259
5168
5286
5164
5134
5198
5280
5319
5338
5351
5451
5418
5357
5211
5346
5442
5358
5396
5430
5416
5435
5452
5391
5395
5378
5514
5558
5511
5515
5505
5390
5373
5330
5391
5429
5473
5552
5626
5665
5649
5727
5625
5642
5622
5659
5544
5689
5667
5621
5695
5763
5660
5674
5729
5765
5860
5781
5763
5745
5805
5846
5894
5864
5966
5939
6042
5994
5999
5889
5867
5946
5889
5768
5775
5635
5616
5585
5443
5460
5431
5447
5329
5357
5554
5585
5553
5578
5607
5594
5553
5521
5564
5660
5566
5554
5511
5447
5487
5518
5550
5634
5649
5623
5578
5586
5567
5591
5543
5493
5414
5332
5351
5281
5337
5275
5167
5153
5339
5326
5326
5358
5344
5196
5174
5096
4988
5117
5184
5218
5200
5193
5197
5101
5086
5013
5008
5032
5001
5099
5006
5041
5127
5085
4901
4879
4903
4944
4898
4922
4868
4896
4907
4970
4961
4915
5016
5028
5106
5087
4993
4995
4904
4968
4924
4859
4848
4978
4988
4930
4965
4841
4912
4880
4760
4808
4726
4686
4670
4621
4757
4690
4654
4537
4559
4497
4467
4528
4471
4464
4396
4420
4498
4524
4523
4502
4532
4537
4666
4727
4563
4637
4777
4797
4839
4916
4959
4987
5107
5251
5216
5113
5125
5171
5207
5243
5303
5346
5330
5256
5271
5305
5389
5357
5245
5386
5319
5345
5430
5312
5288
5258
5133
5198
5276
5373
5531
5498
5434
5553
5560
5654
5501
5557
5552
5511
5448
5565
5593
5593
5543
5580
5526
5569
5577
5467
5355
5199
5205
5270
5346
5448
5381
5320
5325
5466
5329
5249
5349
5250
5374
5349
5465
5471
5527
5514
5567
5527
5625
5476
5506
5403
5452
5365
5405
5437
5424
5269
5473
5543
5608
5632
5599
5672
5579
5593
5548
5434
5324
5308
5411
5422
5447
5345
5328
5472
5472
5574
5662
5741
5826
5822
5904
6058
6125
6050
6174
6191
6214
6160
6124
6103
6157
6129
6244
6199
6099
6144
5886
5892
5942
5965
5952
5928
5847
5753
5773
5800
5878
5785
5630
5560
5437
5539
5633
5584
5632
5666
5571
5528
5560
5527
5594
5555
5619
5539
5487
5495
5493
5459
5598
5516
5518
5546
5504
5480
5644
5642
5630
5682
5682
5749
5728
5695
5651
5741
5705
5751
5728
5894
5923
5907
5973
5996
5991
5972
5844
5927
5919
5925
5957
5908
5945
5953
6037
6059
6044
6211
6114
6112
6007
5905
6036
6173
6186
6282
6258
6248
6242
6227
6164
6166
6004
5943
5800
5814
5800
5692
5767
5749
5750
5823
5839
5888
5935
5970
6029
6067
6098
6132
6122
6194
6132
6028
6030
6042
5988
6080
6037
6024
6027
6067
6022
5982
5969
5825
5700
5716
5688
5674
5708
5819
5826
5783
5682
5541
5642
5616
5581
5468
5430
5482
5449
5347
5387
5477
5411
5281
5337
5341
5444
5494
5535
5719
5716
5600
5579
5621
5583
5570
5602
5584
5718
5626
5545
5557
5668
5660
5578
5493
5540
5559
5532
5662
5709
5699
5649
5556
5429
5552
5490
5451
5453
5408
5342
5342
5284
5423
5566
5634
5685
5742
5735
5808
5847
5961
5960
5940
5890
5896
5869
5788
5919
6007
5977
5854
5890
5826
5742
5839
5856
5895
5885
5848
5805
5590
5710
5827
5892
5956
5974
5956
5897
5774
5711
5641
5710
5718
5621
5603
5556
5688
5708
5667
5654
5659
5603
5527
5593
5665
5650
5670
5495
5529
5453
5414
5287
5289
5247
5352
5384
5463
5400
5421
5451
5512
5432
5488
5404
5388
5405
5347
5363
5360
5498
5522
5471
5453
5431
5345
5467
5442
5485
5466
5435
5432
5520
5650
5486
5583
5568
5632
5533
5515
5432
5332
5344
5442
5449
5377
5548
5715
5689
5626
5632
5549
5561
5587
5697
5743
5649
5662
5725
5794
5634
5575
5566
5712
5660
5591
5488
5527
5622
5741
5643
5722
5688
5695
5632
5480
5450
5565
5486
5498
5476
5629
5536
5368
5325
5334
5344
5281
5299
5381
5341
5369
5400
5422
5349
5344
5393
5407
5356
5220
5177
5202
5070
5011
4945
5027
5031
5027
5059
5127
5127
5165
5151
5124
5173
5164
5071
5092
5194
5193
5282
5268
5242
5247
5338
5347
5427
5467
5506
5403
5517
5401
5332
5370
5358
5309
5257
5275
5233
5139
4980
5046
5043
5040
5110
5093
5038
5090
5006
5106
5090
4983
5007
4951
4959
4965
4940
4910
4969
5053
5158
5176
5138
5090
5124
5124
5151
5219
5240
5380
5444
5490
5467
5427
5449
5412
5389
5457
5367
5428
5391
5499
5385
5265
5348
5332
5269
5438
5348
5274
5244
5130
5147
5080
5191
5204
5207
5183
5147
5142
5170
5204
5208
5191
5159
5280
5191
5204
5255
5072
5143
5142
5055
5095
5083
4989
4949
5052
5159
5175
5155
5276
5318
5346
5316
5492
5421
5548
5665
5601
5461
5502
5358
5352
5314
5255
5169
5138
5186
5246
5193
5235
5121
5148
5112
5126
5164
5130
5105
5064
5089
5191
5160
5094
5099
5240
5428
5527
5547
5588
5702
5637
5615
5648
5766
5887
5908
5985
5849
5775
5711
5703
5692
5615
5536
5444
5479
5472
5490
5436
5532
5469
5415
5286
5240
5213
5216
5276
5312
5259
5320
5374
5418
5455
5499
5453
5466
5420
5327
5380
5359
5267
5269
5385
5463
5467
5593
5589
5505
5441
5531
5695
5733
5687
5724
5709
5673
5722
5855
5892
5951
5874
5728
5719
5684
5586
5526
5501
5439
5405
5361
5304
5355
5346
5372
5509
5570
5527
5538
5537
5452
5432
5356
5355
5381
5472
5536
5570
5599
5620
5531
5539
5508
5520
5659
5716
5736
5826
5760
5878
5858
5829
5780
5741
5755
5659
5657
5656
5702
5705
5785
5814
5831
5751
5710
5785
5964
6031
5996
5923
5792
5734
5653
5560
5549
5445
5313
5270
5223
5288
5382
5392
5393
5388
5330
5268
5170
5213
5249
5202
5146
5168
5287
5399
5429
5376
5413
5467
5574
5426
5400
5329
5324
5485
5497
5374
5483
5495
5503
5538
5435
5470
5514
5357
5401
5451
5357
5221
5269
5308
5242
5162
5252
5212
5152
5190
5107
4984
4898
5010
5101
5156
5098
5091
5126
5031
4982
4909
4747
4744
4699
4655
4716
4727
4657
4662
4663
4723
4782
4738
4720
4716
4694
4789
4689
4718
4814
4843
4850
4974
4945
5037
4934
4809
4728
4842
4906
4968
4962
4960
4805
4923
4949
4896
4791
4763
4782
4821
4706
4689
4672
4522
4553
4480
4502
4611
4735
4830
4864
5015
5116
5193
5162
5205
5217
5112
5099
5252
5176
5225
5191
5065
5063
4891
4871
4860
4899
4936
4941
4871
5007
5015
4880
4875
4830
4837
4909
4853
4957
4941
4928
5017
5005
4923
4970
5005
4984
4931
4793
4826
4796
4830
4832
4873
5053
5012
4908
5015
5002
5045
5070
5110
5203
5301
5319
5373
5447
5396
5362
5438
5384
5237
5343
5439
5421
5341
5350
5325
5333
5344
5352
5312
5250
5254
5199
5236
5170
5138
5211
5086
5030
5030
4971
4927
4949
4997
4927
4993
4963
5068
5150
5116
5306
5442
5392
5438
5297
5223
5225
5216
5303
5326
5279
5407
5499
5452
5407
5306
5199
5106
5205
5150
5227
5281
5249
5299
5325
5353
5392
5331
5279
5327
5350
5340
5252
5231
5161
5072
5182
5023
5159
5178
5109
5201
5123
5041
4974
4966
4961
5011
5083
5079
5060
5120
5076
5171
5162
5179
5294
5275
5275
5130
5118
5267
5219
5185
5124
5028
5009
5105
5189
5214
5177
5162
5233
5283
5408
5564
5661
5660
5809
5688
5748
5653
5565
5568
5596
5709
5748
5691
5709
5797
5756
5712
5822
5800
5737
5629
5657
5667
5655
5726
5710
5856
5804
5734
5799
5923
5904
5942
5872
5845
5750
5700
5685
5575
5516
5611
5644
5656
5641
5641
5569
5565
5503
5474
5552
5564
5594
5743
5806
5767
5775
5708
5803
5882
5842
5956
5929
5870
5964
5997
5905
5880
5939
5955
6112
6041
6093
6140
6197
6268
6217
6167
6228
6247
6305
6367
6393
6486
6413
6442
6315
6349
6492
6556
6482
6496
6550
6590
6641
6688
6764
6657
6588
6399
6375
6470
6497
6462
6454
6435
6311
6293
6295
6279
6183
6255
6364
6344
6322
6229
6215
6118
6261
6199
6186
5977
6090
6045
6133
6109
6077
6126
6240
6153
6132
6112
6277
6384
6300
6352
6268
6370
6480
6285
6269
6226
6285
6127
6275
6294
6226
6267
6166
6161
6233
6134
6090
6102
6102
5991
6003
6010
6093
6123
6168
6197
6267
6435
6531
6521
6481
6510
6418
6463
6494
6537
6621
6605
6565
6477
6366
6270
6084
6154
6229
6241
6236
6285
6238
6288
6391
6336
6353
6272
6248
6198
6190
6142
6163
6296
6253
6236
6187
6065
6255
6117
6120
5997
5856
5778
5747
5706
5771
5808
5789
5819
5886
5880
5865
5981
5921
5934
5893
5858
5931
5854
5874
5870
5964
6038
5838
5813
5919
5757
5775
5773
5810
5997
5941
6053
6026
5875
5941
5946
5845
5830
5855
5748
5759
5743
5729
5642
5568
5673
5494
5435
5520
5593
5610
5714
5556
5549
5534
5502
5535
5485
5581
5736
5852
5924
5955
5935
5977
5970
5998
5973
5876
5780
5774
5725
5682
5656
5784
5718
5760
5680
5729
5748
5680
5765
5937
5959
5863
5905
5927
5954
5986
6054
6031
6074
6060
6198
6242
6187
6310
6057
6008
6006
6052
5996
6167
6101
6097
6072
6084
6034
6069
6152
6209
6189
6184
6163
6094
6109
6190
6052
6107
5956
5921
5831
5824
5801
5852
5945
5972
5836
5750
5667
5726
5851
5768
5873
5950
5950
5927
5833
5797
5637
5702
5752
5786
5692
5672
5654
5705
5719
5818
5942
5979
6024
6013
6028
6023
5991
5955
5791
5867
5954
5972
6014
6099
6088
6075
6156
6123
6099
6218
6129
6173
6106
6082
6076
6047
5955
5858
6015
6016
6025
5943
5941
5832
5787
5765
5849
5782
5715
5713
5625
5660
5663
5569
5537
5560
5619
5799
5727
5883
5850
5988
5981
5964
6032
6095
6077
6106
6218
6389
6372
6547
6491
6504
6556
6632
6494
6434
6576
6658
6499
6473
6433
6398
6191
6184
6141
6024
5944
5895
5857
5809
5801
5776
5809
5856
5908
5860
5916
5817
5904
5970
6026
5928
5880
6010
6164
6002
5937
5931
5955
6097
6049
6073
6052
6070
6158
6221
6300
6368
6336
6359
6483
6375
6348
6324
6425
6418
6337
6384
6420
6463
6460
6425
6166
6147
6108
6259
6251
6280
6234
6355
6321
6303
6324
6312
6186
6239
6209
6096
6142
6187
6083
6222
6189
6100
6210
6173
6110
6195
6088
6184
6290
6156
6202
6307
6325
6256
6343
6308
6333
6263
6433
6520
6355
6359
6424
6460
6423
6313
6397
6412
6411
6405
6426
6471
6499
6501
6434
6366
6198
6136
6095
5997
6010
6063
6082
6010
5924
5913
5884
5867
5770
5844
5834
5755
5789
5862
5763
5742
5788
5633
5684
5716
5728
5669
5614
5685
5693
5702
5729
5690
5674
5606
5587
5500
5470
5524
5471
5592
5607
5619
5498
5512
5392
5406
5474
5469
5493
5519
5600
5594
5552
5509
5576
5513
5467
5556
5556
5429
5459
5603
5570
5509
5500
5478
5423
5468
5484
5428
5444
5351
5390
5484
5463
5348
5384
5549
5463
5519
5508
5509
5535
5449
5624
5606
5587
5666
5734
5640
5649
5697
5751
5802
5888
5874
5920
5956
5957
5797
5659
5582
5510
5461
5458
5457
5495
5565
5493
5488
5404
5482
5574
5486
5392
5323
5274
5280
5322
5294
5346
5439
5422
5380
5500
5579
5570
5655
5758
5696
5691
5798
5855
5984
5904
6013
5999
5996
5995
6023
6150
6168
6123
6109
6233
6230
6101
6024
5964
5987
5971
5967
5926
5999
5788
5891
5884
5978
5952
6118
6169
6156
6191
6166
6134
6118
6114
6090
6140
6051
6128
6207
6345
6281
6168
6275
6320
6273
6229
6277
6301
6227
6210
6189
6168
6337
6463
6402
6340
6366
6354
6306
6257
6347
6216
6214
6156
6188
6144
6197
6262
6165
6179
6215
6136
5920
5896
5770
5772
5662
5550
5507
5548
5581
5432
5490
5521
5451
5395
5394
