505000
200597
142258
111368
92171
79265
69857
62420
56146
51372
47162
44141
41360
38604
36457
34785
33105
31661
30326
28879
27549
26479
25744
24560
23872
23341
22451
21854
20932
20345
19637
19081
18745
18306
17838
17496
17248
17050
16702
16458
15906
15626
15191
14824
14560
14250
14060
13716
13544
13495
13253
13211
12984
12724
12490
12385
12216
12263
11956
11832
11749
11726
11468
11271
11065
11072
11011
10938
10882
10885
10822
10749
10523
10343
10394
10467
10407
10123
10220
10248
10203
10076
10023
9889
9638
9675
9673
9501
9342
9406
9413
9401
9319
9406
9336
9266
9296
9078
9038
9207
9070
9050
8936
8793
8584
8503
8443
8284
8289
8201
8033
8045
8031
8031
7914
7824
7748
7705
7830
7864
7911
7936
8017
8019
8023
8062
7976
8008
8186
8079
8029
7961
8051
8027
8150
8161
8007
8064
8039
7972
8019
7893
7950
7849
7829
7724
7534
7459
7563
7451
7381
7252
7283
7261
7194
7198
7054
6875
6895
7035
7070
6945
6780
6828
6976
6922
6836
6851
6821
6897
6837
6841
6885
6685
6817
6796
6772
6757
6750
6817
6810
6959
6936
7071
7154
7109
7113
7074
7150
7128
7061
7086
6889
6863
6852
6722
6687
6763
6638
6600
6640
6732
6730
6773
6763
6779
6779
6718
6798
6776
6816
6743
6736
6724
6725
6708
6679
6658
6622
6611
6479
6421
6501
6519
6441
6393
6423
6427
6510
6433
6277
6163
6223
6156
6068
5965
5965
5920
6017
6049
6189
6122
5944
6005
5910
5923
5891
5837
5904
5936
5908
5836
5809
5752
5719
5741
5767
5677
5652
5683
5870
5822
5692
5638
5653
5714
5622
5704
5740
5784
5867
5904
5901
6018
6014
5918
5893
5860
5977
6033
6083
6012
6035
6015
6037
6061
6036
5865
5930
6018
6151
6085
6028
6051
6193
6317
6332
6326
6283
6281
6415
6432
6419
6400
6425
6446
6333
6422
6447
6421
6432
6470
6438
6525
6600
6605
6612
6587
6627
6540
6397
6176
6161
6137
6046
6192
6150
6187
6359
6366
6451
6517
6408
6571
6523
6612
6565
6593
6679
6662
6617
6670
6571
6556
6598
6593
6664
6747
6736
6679
6613
6570
6360
6457
6448
6549
6640
6561
6607
6515
6715
6671
6647
6756
6763
6780
6714
6610
6525
6477
6413
6527
6451
6355
6306
6459
6440
6594
6622
6770
6701
6716
6664
6795
6894
6844
6910
6859
6846
6788
6766
6688
6745
6845
6876
6864
6867
6707
6764
6780
6749
6688
6688
6584
6696
6665
6563
6504
6512
6491
6412
6532
6461
6454
6507
6481
6394
6470
6417
6412
6392
6412
6359
6329
6297
6357
6546
6558
6628
6787
6629
6596
6441
6315
6376
6272
6338
6212
6254
6213
6251
6227
6254
6236
6396
6433
6425
6431
6327
6284
6178
6155
6104
6190
6210
6249
6319
6190
6276
6201
6180
6236
6169
6315
6336
6437
6446
6364
6512
6609
6617
6570
6638
6538
6528
6542
6475
6453
6435
6413
6350
6310
6312
6359
6507
6495
6600
6541
6579
6571
6656
6528
6593
6636
6515
6441
6495
6500
6438
6347
6294
6318
6327
6405
6456
6436
6520
6487
6572
6524
6383
6407
6390
6341
6374
6308
6323
6395
6385
6249
6227
6133
6137
6010
5986
6005
6021
5961
5999
6030
6210
6157
6167
6316
6279
6234
6326
6260
6138
6010
5909
5825
5696
5861
5924
5806
5861
5691
5715
5666
5679
5579
5428
5373
5296
5205
5217
5304
5363
5399
5438
5515
5445
5482
5437
5463
5348
5376
5357
5392
5527
5519
5560
5561
5686
5690
5701
5672
5669
5834
5755
5667
5627
5693
5670
5627
5642
5804
5815
5629
5466
5323
5268
5356
5220
5213
5121
5090
5011
4964
4924
4938
4839
4842
4822
4935
4839
4893
4990
4913
4793
4853
4843
4812
4837
4801
4805
4878
4786
4793
4791
4782
4865
4870
4850
4930
4998
4978
4951
4964
4965
4988
4951
5059
5023
4985
4892
4766
4831
4801
4804
4726
4696
4741
4616
4571
4434
4565
4617
4458
4595
4622
4592
4529
4483
4456
4486
4575
4668
4794
4814
4847
4857
4862
4932
5025
5093
5080
5142
5068
5044
4899
5106
5313
5388
5513
5575
5703
5688
5702
5821
5915
6025
5951
5804
5663
5538
5647
5743
5802
5820
5947
5895
5926
6006
6247
6196
6291
6289
6196
6256
6149
6232
6137
5913
5815
5707
5662
5753
5760
5711
5691
5679
5706
5701
5732
5684
5598
5652
5815
5797
5787
5748
5749
5704
5734
5716
5626
5468
5550
5607
5592
5444
5443
5371
5310
5226
5284
5213
5156
5281
5339
5278
5197
5081
5161
5209
5338
5292
5326
5371
5284
5205
5327
5357
5408
5419
5474
5424
5420
5447
5431
5359
5252
5164
5056
5023
4990
5007
5064
5105
5035
4937
4908
4951
5008
5128
5078
5151
5173
5231
5231
5195
5264
5295
5360
5473
5488
5555
5481
5537
5519
5521
5600
5632
5754
5777
5772
5780
5807
5782
5927
5987
5934
5854
5925
6090
6080
6027
6088
5902
5952
5910
5887
5763
5853
5831
5961
5926
5947
5778
5696
5644
5554
5571
5455
5407
5413
5434
5464
5492
5577
5624
5579
5578
5600
5656
5646
5670
5622
5634
5607
5512
5484
5629
5584
5529
5587
5588
5600
5459
5488
5424
5396
5249
5348
5369
5411
5352
5420
5464
5482
5558
5664
5668
5637
5454
5386
5337
5321
5295
5328
5413
5376
5333
5370
5413
5484
5462
5454
5439
5393
5411
5400
5295
5391
5368
5253
5327
5323
5286
5333
5224
5122
5207
5215
5252
5361
5349
5283
5295
5319
5196
5230
5220
5184
5245
5285
5310
5244
5216
5163
5139
5071
4980
5008
5062
5121
5090
5013
4964
5036
4882
5006
5132
5110
5148
5121
4973
5016
4935
4950
4888
4790
4752
4716
4709
4698
4748
4763
4837
4769
4817
4727
4745
4734
4761
4729
4586
4471
4467
4425
4418
4498
4519
4596
4656
4623
4707
4692
4704
4629
4670
4730
4758
4731
4754
4720
4680
4702
4826
4959
5046
5031
4999
5061
5062
5057
4973
5040
5119
5114
5265
5384
5342
5327
5274
5328
5238
5147
5222
5272
5383
5398
5372
5348
5506
5516
5501
5465
5535
5492
5371
5317
5341
5327
5289
5416
5428
5528
5627
5633
5680
5630
5673
5680
5677
5741
5729
5847
5817
5788
5817
5891
5906
5847
5954
6062
6159
6247
6243
6365
6414
6356
6371
6435
6545
6646
6770
6886
6881
6825
6772
6719
6625
6642
6616
6713
6646
6659
6710
6584
6583
6633
6665
6636
6599
6547
6554
6511
6470
6454
6399
6353
6366
6386
6282
6362
6329
6369
6403
6328
6247
6224
6292
6350
6313
6328
6215
6371
6406
6539
6692
6556
6581
6734
6686
6767
6815
6826
7065
7084
7037
6922
6973
6743
6804
6843
6954
6754
6765
6727
6860
7005
6997
7126
7043
6963
6935
6935
6865
6772
6620
6721
6775
6787
6679
6720
6764
6786
6761
6650
6669
6861
6892
6836
6768
6761
6688
6919
6923
6897
6987
7025
7047
7044
6953
6864
6792
6784
6741
6673
6592
6622
6428
6372
6318
6325
6229
6321
6223
6238
6267
6162
6103
6166
6150
6030
6117
6177
6253
6323
6301
6357
6404
6485
6426
6439
6379
6489
6474
6398
6347
6352
6382
6346
6229
6208
6169
6127
6164
6149
6108
6146
6119
6091
6036
6051
5955
5924
5826
5863
5786
5783
5790
5831
5806
5689
5822
5722
5734
5709
5658
5614
5529
5525
5428
5421
5479
5403
5394
5383
5368
5298
5338
5356
5350
5172
5129
5032
5024
5094
5079
5158
5068
5113
5115
5209
5303
5305
5182
5132
5132
5309
5333
5377
5597
5593
5564
5646
5767
5625
5551
5585
5566
5683
5705
5636
5763
5712
5607
5692
5690
5709
5830
5976
5811
5821
5867
5731
5797
5853
5899
5987
5926
5913
5943
5964
6100
6147
6105
6044
6033
6000
5989
6009
5977
6110
6144
6247
6260
6313
6275
6244
6249
6219
6280
6185
6108
6259
6315
6511
6519
6413
6391
6470
6413
6474
6472
6504
6546
6413
6465
6484
6580
6619
6464
6432
6540
6485
6458
6281
6212
6127
6125
5976
6016
6074
6074
6147
6040
6042
6000
6080
6079
6035
6041
5959
6061
6180
6058
6084
6119
6178
6238
6071
5977
6118
6166
6240
6227
6245
6251
6285
6317
6356
6366
6320
6410
6444
6631
6605
6637
6659
6591
6618
6671
6742
6716
6782
6870
6812
6829
6874
6903
6779
6941
6937
6949
6933
6853
6742
6722
6711
6824
6796
6762
6809
6858
6826
6859
6975
7047
6998
7032
7030
6950
6972
6941
6914
6845
6794
6828
6846
6781
6751
6765
6757
6667
6782
6794
6883
6855
6884
6844
6873
6916
6852
6745
6657
6685
6624
6553
6623
6607
6623
6651
6552
6407
6501
6533
6450
6473
6492
6605
6548
6477
6539
6604
6603
6690
6668
6704
6703
6626
6598
6540
6511
6498
6508
6331
6282
6366
6322
6277
6113
6145
6087
6120
6094
5935
5929
5973
5933
5925
5973
6013
5946
5948
5918
6030
6148
6256
6353
6194
6214
6144
6063
5938
6039
6035
6051
6056
6118
6058
6027
6016
5977
6086
5941
5965
6074
5984
5883
5876
5832
5871
5881
5999
6105
6079
6192
6279
6354
6388
6295
6315
6306
6286
6390
6343
6318
6371
6370
6305
6488
6422
6456
6368
6337
6321
6325
6235
6233
6139
6232
6246
6199
6363
6177
6043
6090
6148
6108
6178
6162
6170
6293
6196
6335
6380
6502
6480
6541
6659
6713
6725
6905
6895
6801
6822
6898
6877
6942
6889
6911
6758
6860
6893
6874
6870
6844
6871
6946
6941
6899
6882
6859
6836
6726
6804
6822
6762
6834
6859
6935
6899
6910
6813
6820
6756
6777
6767
6696
6709
6584
6531
6536
6512
6529
6456
6586
6527
6418
6384
6391
6479
6463
6459
6389
6299
6268
6240
6200
6321
6280
6228
6115
6048
6024
6068
5984
6006
6089
6105
6205
6210
6092
6142
6116
5989
6091
6067
6090
6251
6344
6329
6299
6391
6508
6595
6539
6610
6522
6506
6492
6362
6310
6247
6207
6280
6159
6177
6222
6390
6383
6295
6227
6122
6212
6287
6310
6287
6232
6186
6192
6239
6240
6092
6113
6228
6164
6009
5971
5929
5906
5912
5892
5764
5790
5787
5805
5749
5733
5672
5701
5865
5850
5906
5926
5963
6025
6000
6047
5987
6000
5882
5831
5930
5823
5777
5663
5677
5690
5628
5508
5518
5473
5442
5369
5449
5498
5621
5679
5645
5591
5599
5653
5808
5843
5947
5917
6011
5942
5943
5964
5967
5953
5973
5937
5896
5768
5620
5757
5794
5816
5699
5673
5694
5629
5676
5730
5732
5809
5946
5907
5746
5794
5616
5544
5513
5518
5412
5309
5385
5389
5413
5392
5379
5462
5463
5488
5537
5530
5470
5525
5464
5373
5405
5328
5355
5203
5157
5055
5150
5179
5216
5137
5131
5169
5191
5365
5295
5187
5119
5156
5217
5127
5083
5057
5078
5034
4970
5008
5012
5023
4941
4929
4927
4950
4962
4993
5022
4840
4736
4663
4528
4553
4477
4459
4500
4480
4416
4424
4468
4372
4413
4335
4314
4321
4277
4271
4333
4428
4484
4365
4407
4415
4325
4142
4230
4169
4181
4197
4201
4191
4194
4149
4075
4009
3982
3953
3954
4016
4009
4027
3966
3941
3941
3971
4032
3966
3950
3926
3873
3817
3908
4009
4068
4029
4083
4094
4117
4178
4196
4156
4235
4275
4282
4275
4300
4365
4322
4381
4330
4318
4400
4428
4605
4590
4510
4552
4577
4644
4596
4622
4643
4796
4672
4595
4646
4664
4663
4676
4614
4662
4702
4771
4881
4962
4862
4776
4733
4745
4798
4851
4904
5012
4969
4954
4925
4993
5047
4966
5056
5084
5164
5339
5300
5343
5347
5462
5349
5386
5471
5550
5504
5413
5389
5282
5294
5302
5264
5240
5279
5343
5453
5470
5492
5454
5470
5468
5431
5402
5482
5486
5506
5496
5536
5590
5544
5680
5617
5529
5599
5686
5680
5553
5595
5543
5641
5603
5837
5917
5847
5829
5930
5931
5869
5806
5810
5789
5816
5765
5752
5647
5704
5728
5734
5722
5652
5669
5637
5572
5687
5650
5598
5770
5876
5817
5855
5798
5794
5861
5944
6051
6005
6026
6022
6052
5905
5821
5682
5657
5642
5728
5716
5701
5625
5641
5569
5560
5484
5411
5342
5357
5327
5264
5402
5315
5255
5179
5086
5068
5098
5081
5267
5309
5330
5371
5424
5472
5494
5629
5581
5472
5401
5277
5343
5300
5363
5344
5274
5275
5279
5242
5195
5209
5191
5184
5252
5190
5215
5149
5192
5226
5233
5287
5262
5218
5236
5170
5130
5152
5183
5200
5231
5286
5376
5524
5463
5499
5548
5542
5485
5419
5458
5385
5289
5235
5153
5218
5284
5350
5217
5374
5447
5566
5477
5480
5464
5541
5595
5573
5635
5669
5585
5708
5648
5745
5766
5797
5801
5775
5817
5854
5788
5776
5788
5676
5556
5556
5545
5581
5500
5689
5650
5694
5846
5809
5857
5930
5897
5941
5869
5854
5944
5941
5901
5894
5861
5836
5851
5847
5935
6077
6044
5982
5938
5854
5786
5800
5830
5804
5887
6013
6017
6045
5949
6076
6045
6117
6204
6154
6052
6050
6085
6177
6142
6093
6034
6105
6052
6051
6028
6140
6229
6174
6200
6204
6229
6183
6104
6241
6331
6350
6395
6273
6280
6302
6335
6446
6377
6397
6405
6533
6561
6658
6523
6545
6511
6510
6466
6411
6424
6523
6604
6564
6573
6648
6768
6730
6707
6666
6705
6517
6574
6554
6687
6580
6641
6545
6571
6617
6644
6788
6876
6862
6905
6770
6726
6652
6678
6640
6616
6625
6688
6770
6694
6697
6700
6797
6679
6685
6691
6763
6822
6799
6809
6646
6559
6580
6581
6439
6493
6491
6418
6532
6539
6640
6671
6666
6841
6768
6668
6577
6638
6658
6619
6613
6518
6453
6477
6504
6375
6322
6437
6386
6494
6469
6491
6430
6378
6201
6266
6278
6333
6372
6426
6480
6534
6607
6615
6542
6720
6638
6702
6667
6576
6596
6713
6654
6493
6545
6461
6288
6265
6260
6229
6212
6229
6207
6340
6264
6228
6239
6327
6268
6344
6324
6365
6256
6284
6309
6208
6384
6431
6505
6482
6396
6438
6390
6159
6273
6309
6302
6230
6159
6038
6123
6143
6103
6177
6109
6050
6044
6033
6073
6056
6034
6015
6002
6097
6087
6013
5996
6019
5988
5975
6014
5986
5999
6095
6040
6171
6178
6195
6151
6228
6246
6257
6225
6090
6042
6151
6059
6049
6089
6053
6039
6156
6087
6091
6029
6098
6029
5941
5791
5636
5579
5629
5709
5781
5707
5725
5778
5735
5690
5569
5527
5483
5607
5590
5574
5634
5670
5687
5620
5692
5815
5831
5873
5870
5888
5899
5961
6010
6002
5888
5904
5901
6019
6041
6005
6056
6131
6150
6115
5988
6102
6085
6069
6054
6091
6073
6096
5930
5957
6006
6053
5950
5845
5824
5777
5618
5598
5738
5714
5730
5684
5521
5435
5429
5415
5464
5360
5426
5416
5278
5359
5382
5393
5360
5389
5478
5514
5462
5502
5466
5454
5455
5426
5504
5657
5614
5549
5656
5609
5653
5784
5599
5459
5405
5292
5353
5340
5296
5274
5242
5281
5227
5148
5207
5136
5073
5011
5090
5102
5175
5289
5233
5237
5158
5130
5201
5163
5124
5037
5036
5008
5029
5058
5012
5041
5060
5024
4966
4910
4793
4695
4667
4710
4724
4812
4959
4980
4958
4944
4936
4950
4945
4895
4937
4952
4937
4973
4884
4893
4886
4928
4885
4957
4928
5041
5153
5236
5210
5267
5218
5072
5033
4978
4962
4924
4955
4881
4934
4898
4909
4894
4929
5011
5055
5183
5209
5139
5033
5128
5095
5035
5002
5038
4960
5034
5075
5002
5067
5062
5020
5089
5153
5065
5089
5066
5122
5250
5180
5150
5152
4983
4852
4927
5047
4940
4885
4792
4772
4797
4918
4835
4764
4774
4824
4740
4723
4758
4754
4817
4861
4874
4958
5057
4990
5020
5007
5072
4983
4947
5041
5049
4943
4983
4979
4996
4816
4792
4808
4849
5008
5021
5104
5115
5144
5224
5296
5145
4988
4959
4994
4971
4973
4845
4839
4989
4963
5067
5053
5029
5001
4947
4862
4827
4870
4757
4767
4782
4761
4796
4661
4754
4816
4836
4916
4940
4893
4948
4931
4937
4965
4861
4988
4975
4834
4863
4900
4883
4996
4928
4955
4951
4952
5007
5047
5060
5154
5230
5333
5369
5329
5280
5264
5386
5424
5525
5497
5533
5558
5525
5562
5572
5592
5637
5621
5671
5627
5616
5621
5695
5599
5670
5551
5538
5644
5625
5523
5520
5553
5494
5474
5418
5348
5226
5203
5037
5128
5195
5181
5242
5395
5336
5373
5322
5372
5227
5450
5353
5358
5354
5291
5428
5506
5508
5521
5647
5662
5588
5703
5791
5802
5799
5759
5733
5674
5735
5604
5610
5506
5400
5384
5384
5310
5262
5335
5320
5387
5296
5344
5383
5243
5309
5141
5178
5143
5118
5140
5097
5028
5018
4998
5072
5139
5194
5113
5255
5287
5375
5317
5296
5355
5484
5373
5278
5231
5331
5301
5276
5298
5306
5217
5184
5139
5112
5181
5247
5286
5317
5267
5297
5191
5206
5310
5245
5233
5122
5115
5132
5044
5110
5012
5215
5314
5431
5472
5453
5321
5370
5394
5438
5549
5581
5591
5697
5548
5499
5478
5461
5417
5376
5337
5254
5190
5120
5164
5117
5168
5304
5369
5381
5382
5367
5353
5361
5347
5334
5297
5385
5478
5556
5616
5605
5605
5659
5674
5597
5603
5519
5535
5622
5430
5523
5471
5584
5516
5373
5294
5303
5455
5449
5608
5598
5456
5559
5598
5621
5491
5432
5382
5394
5449
5375
5395
5408
5329
5388
5372
5335
5234
5245
5232
5254
5265
5051
5127
5198
5192
5262
5246
5186
5193
5242
5177
5217
5315
5317
5442
5390
5402
5396
5194
5045
5020
5183
5228
5180
5145
5052
5060
5066
5090
5005
5011
4933
4767
4768
4779
4751
4789
4757
4728
4783
4725
4790
4829
4838
4868
4839
4812
4827
4872
4787
4802
4983
4926
4815
4823
4880
5032
5128
5111
5117
5083
5159
5197
5074
5064
5066
5059
5029
4978
4934
4908
4808
4855
4820
4864
4958
4952
5058
5021
4950
5015
5071
5009
4960
5045
5020
4917
5072
5048
5075
4970
4918
4879
4872
4750
4724
4790
4807
4816
4887
4925
4948
4851
4759
4688
4747
4773
4771
4728
4650
4778
4736
4819
4838
5031
5051
5180
5299
5229
5186
5199
5231
5244
5366
5431
5257
5234
5242
5321
5372
5406
5548
5508
5544
5697
5717
5635
5585
5529
5535
5505
5389
5480
5519
5580
5501
5503
5569
5590
5494
5579
5602
5655
5716
5647
5726
5860
5814
5838
5726
5701
5731
5642
5792
5939
5926
5817
5809
5829
5801
5830
5722
5771
5806
5878
5824
5801
5709
5757
5650
5626
5585
5588
5635
5724
5707
5606
5490
5457
5399
5466
5429
5426
5558
5626
5661
5737
5616
5707
5546
5499
5382
5489
5491
5455
5548
5345
5367
5366
5380
5485
5478
5497
5445
5406
5399
5459
5389
5332
5397
5455
5593
5518
5485
5477
5479
5622
5690
5665
5500
5445
5604
5544
5466
5357
5506
5510
5497
5465
5401
5283
5339
5428
5414
5379
5463
5423
5427
5330
5425
5520
5537
5536
5530
5593
5680
5671
5906
5966
5900
6004
5975
5969
6089
6047
6155
6163
6203
6290
6307
6185
6158
6107
6145
6291
6263
6287
6253
6256
6177
6142
6085
5956
5841
5810
5755
5753
5812
5795
5844
5983
5967
5861
5877
5966
6004
5980
5848
5838
5802
5911
6133
6182
6123
6042
6009
6094
6106
6139
6215
6244
6211
6136
5968
5911
5880
5988
6071
5970
5971
5995
5821
5840
5725
5748
5646
5689
5664
5780
5659
5572
5598
5522
5616
5681
5715
5745
5651
5595
5634
5659
5616
5647
5607
5619
5746
5754
5619
5622
5528
5409
5553
5526
5611
5603
5673
5805
5863
5802
5768
5788
5762
5776
5831
5844
5872
5858
5860
5816
5753
5734
5763
5843
5786
5685
5658
5556
5496
5449
5346
5276
5300
5348
5301
5239
5167
5143
5154
5093
5160
5183
5138
5216
5244
5223
5219
5190
5241
5331
5347
5257
5263
5286
5304
5425
5478
5646
5722
5710
5595
5621
5681
5745
5743
5729
5783
5815
5772
5745
5708
5712
5601
5628
5614
5706
5823
5774
5804
5927
5938
5936
5998
5932
5827
5866
6008
6101
6191
6119
6131
6182
6122
6126
5962
5960
5992
5962
6002
6122
6024
5954
5951
5895
5855
5934
5972
5869
5860
5806
5681
5792
5794
5700
5669
5671
5646
5762
5562
5511
5367
5445
5429
5426
5505
5333
5526
5532
5517
5589
5581
5590
5598
5545
5484
5480
5473
5510
5625
5718
5739
5806
5795
5800
5851
5921
5904
5863
5777
5777
5745
5719
5763
5660
5770
5791
5811
5752
5751
5763
5779
5800
5824
5850
5785
5728
5793
5772
5791
5726
5681
5636
5732
5774
5740
5672
5632
5674
5713
5675
5774
5896
5978
5954
6014
6101
6184
6286
6296
6219
6185
6114
6026
6104
6211
6157
6293
6409
6407
6416
6441
6497
6470
6408
6490
6462
6461
6361
6339
6366
6320
6328
6257
6235
6236
6233
6224
6178
6146
6217
6080
6108
6045
5971
6012
5950
5901
5988
6045
5897
5950
6002
6018
5973
6027
5989
5880
5957
5942
6010
6049
6108
6108
6174
6265
6181
6154
6024
6158
6097
5913
5910
5927
5965
6039
5996
5997
5899
6016
6054
5979
5941
6012
6064
5997
6058
6076
6033
5936
5964
5984
6078
6019
6058
6112
6210
6271
6343
6255
6236
6270
6423
6359
6408
6497
6595
6504
6445
6451
6546
6512
6618
6552
6668
6630
6526
6407
6303
6337
6426
6475
6448
6516
6460
6475
6477
6480
6536
6533
6373
6281
6312
6188
6309
6228
6233
6367
6459
6487
6606
6522
6613
6566
6540
6608
6536
6542
6672
6759
6879
6789
6818
6733
6683
6621
6534
6538
6661
6689
6626
6628
6657
6668
6580
6567
6530
6554
6611
6554
6592
6487
6714
6573
6476
6499
6541
6577
6678
6662
6598
6510
6643
6669
6727
6745
6804
6851
6912
6851
6931
6826
6952
7029
7133
7328
7317
7327
7268
7355
7380
7445
7516
7489
7351
7434
7438
7431
7307
7215
7207
7211
7203
7199
7252
7398
7357
7452
7513
7644
7621
7604
7549
7403
7400
7422
7408
7456
7415
7269
7189
7037
7128
7223
7252
7213
7108
7096
7180
7229
7206
7081
7022
6936
6837
6700
6589
6530
6461
6559
6582
6634
6628
6561
6578
6471
6376
6324
6406
6341
6357
6429
6499
6487
6514
6450
6547
6471
6456
6558
6505
6507
6391
6414
6434
6524
6556
6557
6393
6467
6483
6414
6346
6395
6494
6540
6496
6492
6417
6409
6377
6399
6386
6207
6264
6127
6098
6116
6238
6262
6389
6357
6388
6371
6556
6419
6340
6204
6094
5921
5893
5921
5954
5902
5854
5801
5661
5639
5691
5706
5682
5823
5969
6027
6177
6220
6294
6283
6215
6176
6049
5895
5952
5896
5769
5755
5749
5570
5557
5532
5576
5489
5522
5471
5440
5336
5358
5331
5320
5377
5400
5386
5414
5396
5403
5349
5283
5260
5329
5383
5377
5335
5399
5344
5402
5523
5635
5755
5636
5741
5846
5752
5745
5735
5687
5607
5705
5812
5859
5864
5786
5897
5789
5824
5964
5827
5788
5807
5771
5845
5993
6013
5946
5941
5764
5731
5803
5707
5757
5743
5696
5646
5539
5574
5522
5618
5570
5490
5457
5571
5652
5669
5689
5698
5714
5773
5715
5705
5689
5780
5733
5760
5806
5634
5570
5570
5463
5413
5470
5340
5357
5235
5279
5336
5335
5329
5172
5273
5332
5328
5362
5337
5393
5477
5414
5392
5411
5497
5452
5458
5429
5274
5319
5281
5348
5414
5254
5225
5248
5272
5274
5338
5404
5502
5364
5531
5525
5590
5574
5574
5544
5480
5448
5507
5582
5515
5602
5688
5745
5785
5742
5801
5858
5904
5980
5922
5823
5683
5679
5611
5689
5663
5771
5744
5806
5727
5835
5788
5794
5805
5731
5756
5809
5753
5736
5756
5659
5633
5746
5576
5584
5633
5639
5704
5664
5597
5815
5850
5777
5744
5871
5809
5829
5886
5997
5948
5883
5757
5811
5773
5744
5709
5655
5923
5953
5889
5928
5904
6073
6061
6039
5940
5887
5978
5888
5888
5845
5823
5796
5815
5789
5837
5807
5853
5811
5787
5704
5682
5715
5668
5684
5683
5775
5893
5934
5999
5835
5760
5746
5809
5925
5790
5677
5679
5642
5581
5649
5596
5640
5667
5591
5608
5584
5415
5417
5416
5414
5542
5604
5626
5564
5697
5651
5504
5538
5595
5591
5647
5627
5619
5668
5701
5718
5561
5673
5776
5751
5881
5853
5791
5765
5816
5888
5852
5802
5879
5917
5997
5976
6085
6103
6331
6321
6288
6314
6242
6375
6379
6322
6387
6380
6326
6371
6352
6459
6221
6263
6308
6256
6199
6140
6241
6300
6232
6443
6359
6297
6244
6250
6309
6374
6284
6265
6297
6263
6275
6233
6290
6292
6153
6098
6188
6153
6148
6088
6082
6108
5973
5946
5780
5863
5926
5801
5905
5959
5894
5911
5914
5927
5987
5994
6024
6026
6154
6085
6064
6058
5845
5862
5870
5928
5843
5683
5672
5520
5502
5485
5627
5664
5594
5585
5535
5611
5640
5484
5443
5449
5449
5451
5456
5480
5651
5634
5730
5800
5763
5722
5750
5595
5737
5635
5663
5551
5523
5613
5725
5730
5684
5837
5838
5839
5913
6045
6054
6070
6051
6009
6022
6069
6101
6216
6356
6296
6193
6210
6237
6167
6162
6055
5998
5915
6013
6074
6150
6221
6150
6028
5966
6031
6069
6155
6118
6038
6016
5991
6036
5979
5991
5931
5937
5951
6051
5874
5782
5920
5859
5805
5871
5759
5870
5939
5820
5607
5637
5489
5513
5456
5356
5343
5375
5341
5306
5293
5321
5316
5332
5298
5340
5258
5212
5261
5320
5305
5246
5189
5185
5242
5279
5083
5111
5107
5099
5061
4977
5013
4988
4910
4876
4867
4781
4835
4811
4743
4766
4832
4810
4783
4912
4935
4923
4901
4867
4729
4655
4611
4555
4697
4659
4764
4720
4706
4722
4705
4610
4645
4765
4728
4840
4777
4811
4832
4908
4915
4876
4937
4943
4984
4971
5001
5050
5066
4990
5101
5049
5107
4998
4986
4970
4928
4911
5029
5016
5081
5203
5197
5235
5222
5285
5279
5474
5540
5568
5477
5431
5412
5388
5349
5436
5383
5378
5550
5616
5633
5745
5837
5868
5828
5839
5723
5834
5852
5772
5772
5830
5808
5862
5773
5740
5829
5888
5765
5691
5808
5809
5803
5794
5916
5994
5912
6040
6028
6264
6295
6344
6315
6445
6393
6257
6262
6332
6412
6302
6303
6342
6237
6229
6232
6230
6119
6083
5961
5999
5986
5786
5836
5759
5688
5756
5793
5814
5891
6009
6030
5928
5931
5936
5957
6041
6055
6045
6093
6016
5898
5822
5951
5960
5953
5913
5900
5880
5753
5845
5687
5710
5739
5660
5615
5705
5685
5719
5733
5655
5638
5567
5639
5622
5607
5619
5516
5467
5467
5551
5590
5634
5621
5693
5621
5658
5581
5598
5564
5666
5619
5782
5739
5765
5776
5849
5848
5790
5647
5669
5680
5691
5723
5825
5900
5841
5903
5988
5955
5874
5763
5733
5701
5604
5480
5529
5557
5475
5635
5642
5637
5625
5595
5646
5623
5619
5555
5450
5410
5481
5652
5666
5571
5622
5580
5541
5475
5439
5414
5391
5446
5495
5491
5378
5454
5412
5402
5434
5423
5322
5313
5320
5306
5246
5259
5320
5356
5320
5329
5309
5280
5099
5139
5097
5128
5103
5057
5115
5131
5104
5071
5083
5028
5060
4984
5019
5077
5075
5136
5112
5167
5139
5110
5036
5054
5065
5104
5084
5032
5154
5030
4997
4944
4979
4925
4837
4882
4971
5056
5064
5119
5032
5134
5240
5287
5536
5488
5541
5499
5589
5560
5511
5607
5473
5409
5356
5254
5422
5476
5461
5512
5403
5429
5462
5462
5418
5517
5602
5747
5814
5812
5718
5770
5885
5943
6101
5954
5893
5934
5951
5900
5882
5979
6000
6011
6080
6156
6229
6249
6217
6243
6113
6095
6019
6117
6149
6172
6092
6172
6051
6127
6042
5926
5837
5827
5800
5845
6013
5991
6010
5928
5801
5793
5803
5896
5853
5776
5642
5661
5644
5676
5687
5598
5758
5626
5531
5492
5514
5419
5357
5351
5363
5473
5336
5412
5390
5440
5383
5266
5301
5306
5303
5249
5239
5196
5247
5174
5148
5200
5209
5281
5181
5118
5089
5134
5131
5119
5183
5137
5303
5345
5524
5631
5556
5457
5581
5662
5721
5724
5696
5744
5652
5597
5695
5728
5702
5701
5658
5757
5707
5711
5769
5687
5779
5800
5810
5871
5759
5666
5572
5656
5480
5441
5498
5450
5503
5491
5497
5537
5394
5357
5495
5477
5671
5806
5776
5776
5786
5753
5698
5485
5437
5400
5551
5432
5585
5695
5799
5885
5903
5844
5911
5905
6000
6055
6051
6003
6008
5997
5984
6059
6035
5923
5838
5869
5770
5800
5765
5823
5862
5879
5805
5731
5737
5798
5868
5928
5952
5944
6105
5930
5869
5789
5744
5697
5669
5550
5501
5514
5609
5660
5695
5673
5701
5779
5717
5731
5702
5681
5690
5641
5786
5796
5718
5694
5815
5780
5912
5891
6013
6073
6237
6295
6363
6343
6195
6301
6244
6045
6059
6039
6021
6105
6069
6114
6178
6184
6266
6115
6196
6246
6309
6281
6254
6280
6257
6244
6209
6291
6167
6196
6168
6151
6169
6218
6202
6185
6197
6143
6017
6003
5993
5902
5767
5672
5756
5712
5775
5710
5622
5622
5702
5618
5497
5438
5412
5424
5511
5539
5471
5392
5435
5406
5434
5321
5341
5311
5257
5206
5195
5213
5266
5291
5341
5366
5445
5473
5481
5447
5488
5446
5463
5398
5311
5283
5270
5157
5217
5223
5175
5246
5248
5202
5306
5404
5428
5494
5547
5644
5529
5454
5450
5477
5478
5470
5616
5593
5653
5743
5771
5729
5500
5390
5382
5461
5412
5316
5144
5196
5151
5167
5270
5306
5314
5262
5284
5279
5295
5280
5285
5393
5469
5485
5609
5538
5453
5480
5382
5390
5386
5297
5334
5339
5199
5302
5302
5378
5417
5427
5344
5270
5287
5426
5454
5553
5527
5460
5427
5404
5357
5461
5378
5362
5430
5546
5495
5439
5478
5569
5739
5669
5632
5700
5576
5646
5679
5830
5870
5987
5916
5979
5993
6101
6214
6275
6235
6245
6393
6394
6446
6507
6495
6386
6295
6352
6315
6316
6451
6529
6544
6623
6490
6428
6332
6305
6325
6369
6461
6508
6673
6653
6684
6655
6503
6427
6369
6233
6194
6219
6167
6053
5994
5943
5932
5966
5928
5785
5692
5627
5653
5703
5700
5688
5687
5739
5669
5777
5753
5834
5857
5915
5920
5866
5969
5828
5770
5830
5746
5810
5730
5712
