505000
200485
141502
111421
92475
79129
69229
61704
55931
50650
46586
43482
40776
38173
35998
34063
32601
31066
29819
28319
27297
26175
25177
24217
23558
22768
21943
21300
20884
20415
19997
19405
19273
18790
18477
18037
17848
17291
16816
16299
15919
15602
15302
15207
14909
14406
13892
13579
13345
13246
12992
12952
12799
12635
12542
12499
12535
12422
12231
12249
12146
11872
11918
11762
11805
11710
11844
11746
11591
11448
11448
11504
11333
11125
11160
11001
10868
10750
10671
10614
10519
10262
10129
10144
10111
10134
10087
10126
10121
9961
9976
9767
9821
9698
9593
9491
9393
9393
9287
9464
9151
9072
9031
9021
8847
8903
8883
8853
8881
8787
8680
8727
8630
8523
8315
8370
8518
8480
8470
8578
8554
8500
8518
8526
8501
8395
8519
8505
8429
8202
8007
7964
8170
8021
8025
8107
8123
8115
8173
8065
8110
8144
8166
8114
8126
8073
8084
8098
8086
7998
7811
7678
7637
7577
7565
7506
7419
7312
7220
7121
7104
6990
7077
7000
6966
7071
6991
6909
6801
6854
6743
6805
6845
6833
6821
6714
6951
6934
6894
6901
6934
7042
6925
7049
6881
6768
6650
6474
6510
6423
6380
6426
6431
6322
6313
6146
6025
6143
6203
6165
6165
6040
5980
6027
5944
5995
5981
6037
6033
6046
6104
6124
6074
5953
5970
5994
5830
5687
5740
5660
5759
5659
5724
5856
5969
5958
6028
5985
6054
6057
5996
5954
6126
6042
6135
6115
6117
6153
6109
6043
6051
6055
6171
6244
6314
6267
6347
6245
6277
6297
6272
6137
6067
6091
6155
6202
6029
6105
6077
6075
5914
5932
5905
5840
5840
5784
5690
5621
5693
5762
5863
5916
5900
5949
5917
5877
5846
5958
5918
5992
5942
6007
6085
6081
6070
6061
5974
5939
5837
5932
5898
5857
5863
5885
5973
6158
6170
6257
6210
6252
6264
6207
6295
6371
6487
6467
6456
6405
6450
6421
6432
6427
6284
6259
6226
6104
6089
6157
6159
6219
6149
6115
6104
6098
6301
6357
6346
6334
6244
6260
6213
6280
6231
6322
6252
6277
6325
6218
6179
6133
6095
6101
6123
6258
6379
6252
6199
6214
6234
6172
6175
6251
6263
6195
6140
6245
6168
5996
5822
5861
5867
6001
5824
5715
5763
5875
5906
5925
5877
5973
5958
5941
6039
6101
5870
6015
6016
6075
6039
5953
5769
5796
5769
5863
5901
5915
5839
5726
5677
5782
5655
5714
5722
5757
5724
5728
5842
5812
5900
5918
5896
5935
5848
5814
5533
5458
5528
5556
5516
5547
5561
5644
5618
5722
5719
5726
5856
5779
5618
5453
5406
5352
5378
5446
5532
5544
5499
5520
5541
5593
5680
5668
5774
5867
5879
5917
5835
5958
5830
5833
5816
5823
5769
5739
5658
5764
5782
5834
5843
5933
5911
5833
5759
5816
5792
5816
5831
5879
5939
5958
5857
5779
5860
5774
5772
5747
5733
5717
5824
5921
5947
5942
5963
5909
6029
6117
6126
6211
6114
6236
6269
6380
6407
6535
6384
6299
6310
6282
6404
6411
6376
6244
6029
5951
5942
5951
6109
6134
6050
6181
6217
6148
6141
6055
6087
6107
6035
6067
6076
6227
6202
5983
5991
5845
5794
5856
5874
5930
5806
5631
5586
5571
5501
5540
5487
5473
5465
5441
5394
5381
5423
5393
5419
5254
5311
5323
5330
5348
5328
5387
5438
5441
5397
5477
5380
5472
5581
5558
5601
5608
5511
5568
5476
5657
5588
5656
5750
5803
5854
5795
5770
5725
5729
5743
5809
5793
5767
5788
5737
5840
5847
5820
5877
5861
5701
5757
5844
5808
5788
5991
5893
5876
5887
5972
6120
6203
6119
6079
6138
6220
6190
6206
6265
6251
6329
6347
6240
6249
6135
6183
6249
6112
6230
6304
6490
6454
6250
6135
6119
6165
6248
6237
6214
6253
6214
6210
6210
6184
6336
6284
6323
6371
6353
6323
6220
6385
6360
6338
6204
6169
6150
6122
6201
6271
6318
6346
6174
6069
6033
5954
5946
6017
5930
5952
5916
5941
5950
5832
5922
5939
5974
5880
5882
5830
5828
5916
5846
5595
5522
5610
5579
5698
5772
5748
5732
5568
5488
5509
5534
5617
5618
5651
5557
5691
5640
5634
5710
5771
5802
5759
5814
5645
5621
5697
5690
5676
5547
5628
5527
5586
5549
5512
5812
5847
5807
5755
5730
5598
5525
5560
5531
5570
5601
5678
5557
5499
5454
5310
5223
5378
5456
5340
5219
5190
5181
5173
5177
5176
5257
5338
5370
5302
5214
5341
5258
5311
5381
5405
5366
5497
5472
5374
5340
5365
5426
5381
5305
5376
5469
5452
5351
5431
5525
5400
5376
5454
5333
5322
5310
5286
5318
5356
5438
5438
5333
5181
5164
5087
5173
5121
5061
4984
5014
5051
4978
4988
5011
5081
5128
5195
5253
5190
5261
5335
5335
5187
5296
5249
5211
5170
5259
5170
5113
5058
5065
5245
5217
5239
5264
5216
5229
5177
5183
5182
5191
5119
5051
5066
5061
5115
5080
5113
5138
5057
4916
4887
4804
4717
4740
4846
4810
4864
4838
4816
4828
4831
4887
4744
4829
4904
4957
4936
4920
4898
4953
4966
5001
5006
5091
5048
5045
5155
5014
4918
4884
4994
4850
4963
5025
5218
5326
5383
5435
5319
5312
5243
5173
5073
5030
4963
4923
5003
5034
4963
4811
4783
4702
4723
4815
4740
4564
4528
4467
4383
4449
4498
4479
4575
4506
4603
4687
4637
4677
4793
4796
4814
4709
4668
4710
4794
4920
4874
4918
4893
4778
4869
4871
4899
4921
4902
4954
4918
4908
4803
4743
4750
4822
4936
4868
4829
4830
4879
4905
4818
4873
4928
4790
4755
4653
4498
4478
4537
4724
4769
4734
4790
4805
4689
4699
4695
4718
4662
4712
4728
4804
4677
4740
4768
4806
4797
4725
4687
4681
4832
4892
4948
4974
5069
5020
5038
4912
4984
5159
5198
5282
5373
5261
5200
5224
5275
5140
5095
5028
5008
5060
5113
4961
5083
5087
5101
5130
5061
5190
5272
5281
5235
5134
5170
5291
5346
5315
5294
5408
5418
5314
5355
5366
5240
5346
5476
5458
5467
5459
5485
5564
5535
5470
5479
5393
5398
5383
5368
5352
5235
5185
5096
4958
5057
5028
5010
4931
4981
5072
5097
5044
5042
5060
4975
4977
4985
5097
5189
5166
5104
5100
5051
5048
5072
5054
4964
5115
5165
5153
5104
5141
5179
5367
5363
5241
5237
5228
5236
5280
5245
5126
5162
5222
5389
5531
5530
5565
5522
5603
5624
5579
5631
5651
5676
5681
5656
5672
5652
5703
5762
5738
5742
5840
5891
5960
5969
5938
5968
5955
5858
5856
5798
5902
5774
5790
5710
5617
5550
5507
5590
5542
5664
5697
5677
5655
5688
5677
5813
5858
5750
5836
5746
5734
5797
5827
5888
5810
5669
5827
5807
5754
5880
5849
5718
5609
5537
5465
5500
5507
5342
5360
5371
5426
5297
5328
5312
5311
5318
5322
5378
5431
5459
5366
5235
5210
5198
5166
5100
5123
5025
4910
4984
4988
4977
4834
4802
4942
4970
5021
5003
5032
5067
5090
5217
5298
5210
5167
5125
5270
5396
5398
5412
5294
5238
5222
5167
5333
5351
5375
5383
5371
5208
5171
5173
5234
5161
5242
5174
5187
5208
5082
4967
5029
4980
5005
4850
4885
4924
4883
4883
4983
5046
5099
5096
5263
5260
5187
5120
5109
5156
5070
5039
5026
4876
4904
4953
4999
4875
4971
5032
5019
5033
5039
4952
4990
4985
4988
5062
5016
4992
5067
5059
5043
5172
5243
5333
5372
5414
5334
5325
5419
5464
5533
5517
5499
5476
5523
5461
5415
5361
5354
5281
5294
5192
5199
5026
4914
4876
4777
4809
4793
4851
4929
5074
5133
5136
4934
4877
4871
4883
4919
4865
4766
4749
4726
4697
4747
4825
4879
4978
4999
4936
4934
5009
5025
5049
5127
5167
5105
5114
5123
5035
5022
5085
5143
5209
5255
5241
5269
5255
5318
5353
5357
5328
5243
5214
5175
5206
5108
5098
5037
5033
4999
5097
5179
5200
5369
5463
5499
5675
5692
5767
5805
5881
5852
5851
5773
5753
5698
5688
5758
5728
5812
5926
5968
5898
5861
5905
6003
6007
5889
5900
5842
5858
5923
5790
5855
5868
5876
5889
5863
5911
5906
5855
5828
5765
5629
5705
5663
5557
5592
5662
5679
5721
5773
5788
5778
5668
5760
5816
5959
5816
5920
5930
5953
5822
5757
5838
5784
5861
5940
5903
5814
5772
5837
5854
5845
5884
6003
5954
6032
5912
5886
5906
5929
5881
6007
5998
6057
6036
5883
5789
5885
5891
6021
6042
6031
6102
6110
6141
6023
6058
6028
6038
6006
6012
6091
6083
6172
6104
6080
6033
5999
5949
6014
6065
6059
6037
5937
6014
6134
6106
5965
5930
5969
6106
6106
6133
6056
6017
5929
5861
5822
5897
5874
5849
5893
5768
5828
5969
5954
5912
5984
5927
6056
6032
6091
5971
5991
6069
6071
6131
6108
6117
6069
6012
5962
5891
5845
5912
6077
5923
5740
5815
5857
5878
5833
5823
5775
5733
5734
5745
5832
5908
5761
5913
5912
5860
5893
5902
5835
5831
5822
5793
5831
5849
5935
5937
5967
5982
5946
5928
5890
5817
5985
6081
6045
5949
5981
5882
5888
5932
5762
5805
5884
5831
5838
6006
6094
6050
5964
5926
5871
5810
5925
5989
5977
6074
6071
5998
6069
6060
5925
5971
6019
5991
6071
6022
5994
5982
5995
5944
5874
5876
6015
6110
6151
6007
5989
6094
6132
5919
5997
6019
6034
5909
5890
5963
6001
5880
5913
5936
6001
6079
5980
5885
5891
5865
5852
5893
5981
5860
6006
5925
5998
5992
5882
5807
5759
5776
5830
5942
5707
5710
5618
5738
5735
5740
5733
5764
5777
5734
5814
5792
5886
5958
5916
5914
5825
5852
5908
5936
5915
5896
5929
5880
5832
5812
5720
5869
5989
5971
6065
6014
6078
6118
6085
6124
6091
6034
6154
6102
5988
5993
6072
6054
5845
5869
5774
5732
5825
5822
5762
5781
5788
5813
5803
5751
5815
5776
5802
5756
5702
5762
5755
5653
5742
5654
5770
5779
5882
5780
5849
5805
5861
5957
5886
5924
5976
5953
5915
5711
5791
5761
5879
5864
5932
5932
5945
5916
5983
5933
6051
6148
6189
6196
6099
6116
6368
6305
6303
6338
6382
6443
6491
6383
6362
6431
6488
6567
6767
6880
6783
6748
6737
6681
6586
6737
6711
6650
6627
6471
6606
6548
6479
6503
6520
6435
6434
6291
6174
6198
6141
6119
6054
5965
5940
5900
5762
5764
5810
5871
5845
5718
5775
5882
5828
5844
5817
5694
5698
5810
5895
5836
5876
5770
5803
5749
5871
5722
5848
5779
5854
6042
5892
6132
6083
6107
5983
5974
5929
5922
5905
5900
5883
5930
5966
5970
6002
5872
5901
5927
5818
5925
5934
5902
5828
5858
5947
5874
5845
5881
5788
5735
5810
5875
5869
5794
5839
5806
5936
5948
5934
5954
5867
5861
5844
5782
5745
5673
5528
5407
5398
5474
5353
5463
5424
5344
5429
5503
5382
5378
5237
5296
5327
5341
5408
5421
5451
5506
5604
5645
5636
5778
5606
5641
5654
5627
5666
5782
5767
5715
5618
5745
5804
5864
5804
5772
5804
5805
5725
5667
5596
5580
5553
5485
5421
5542
5486
5570
5721
5643
5693
5656
5746
5752
5688
5599
5704
5765
5745
5711
5755
5825
5894
5841
5767
5746
5789
5754
5835
5781
5818
5887
5840
5762
5732
5871
5965
5898
5903
5928
5920
5919
6025
6063
6098
6127
6176
6199
6011
6031
6009
6115
6212
6114
6128
6149
6242
6260
6307
6292
6289
6218
6135
6140
6137
6174
6181
6167
6106
6160
6177
6249
6242
6024
6026
6086
6218
6184
6116
6116
6105
5989
6106
6072
6095
6137
6176
6121
6047
6209
6263
6090
5999
6061
5977
5896
5956
5880
5939
5971
5971
6005
5896
5891
5777
5695
5680
5785
5875
5825
5883
5740
5735
5824
5709
5591
5607
5634
5643
5571
5524
5547
5578
5519
5588
5714
5689
5627
5531
5397
5335
5361
5425
5464
5516
5470
5292
5205
5147
5185
5193
5189
5129
5112
5049
5062
5042
5113
5194
5384
5373
5461
5543
5523
5484
5443
5621
5692
5677
5639
5624
5701
5655
5599
5682
5630
5630
5649
5618
5547
5528
5469
5512
5532
5595
5541
5449
5433
5474
5434
5504
5661
5705
5605
5742
5669
5635
5620
5647
5648
5770
5770
5775
5762
5708
5778
5750
5660
5640
5614
5589
5596
5606
5683
5590
5702
5614
5521
5511
5562
5561
5572
5443
5496
5386
5314
5298
5254
5271
5294
5310
5338
5323
5413
5400
5519
5653
5530
5493
5573
5643
5726
5726
5718
5765
5750
5919
5882
5799
5790
5812
5886
5777
5703
5723
5721
5717
5862
5821
5990
5922
6023
5889
5901
6034
6075
6031
6058
6193
6080
6078
6055
6013
5945
5946
5907
6008
6092
5938
5920
5912
5962
6026
6016
5969
5972
5919
5896
5997
5933
5992
6095
6124
6153
6090
6057
5969
5957
6015
6103
5978
6005
6064
6211
6082
6117
6056
6017
6011
6301
6257
6296
6344
6300
6207
6152
6076
6099
6060
6069
6153
6147
6174
6208
6289
6241
6250
6271
6179
6179
6141
6095
6032
6119
6032
6148
6078
6071
6133
6024
6099
6169
6162
6093
6001
6021
5971
6001
6085
5943
6036
5982
5948
6094
6105
6148
6182
6119
6087
6145
6189
6114
6220
6072
6085
6047
6231
6292
6355
6459
6317
6302
6251
6218
6111
6113
6066
6072
5954
5982
6058
5995
6079
6050
6051
6015
6126
6242
6383
6344
6244
6149
6175
6165
6107
6093
6083
5997
6088
6064
6024
5850
5769
5813
5779
5699
5645
5786
5825
5752
5779
5945
5910
6026
5939
6007
6095
6059
5997
6005
5979
5990
5995
5914
5850
5757
5653
5642
5759
5671
5615
5495
5631
5689
5738
5877
5934
5794
5828
5782
5659
5582
5543
5511
5531
5526
5689
5620
5694
5779
5807
5731
5565
5472
5648
5699
5668
5514
5607
5622
5651
5635
5606
5651
5789
5849
5832
5851
5785
5833
5772
5743
5795
5800
5655
5544
5551
5501
5547
5468
5383
5479
5631
5421
5444
5365
5349
5300
5268
5198
5243
5229
5306
5349
5386
5297
5325
5345
5167
5132
5254
5207
5231
5131
5116
5231
5191
5190
5378
5482
5502
5502
5547
5570
5588
5599
5664
5675
5653
5750
5705
5665
5592
5570
5667
5753
5647
5599
5831
5759
5635
5607
5608
5713
5760
5759
5795
5682
5744
5775
5736
5666
5449
5591
5622
5515
5394
5509
5349
5404
5467
5345
5265
5204
5292
5325
5315
5255
5320
5494
5470
5470
5422
5379
5319
5157
5127
5139
5111
5173
5247
5189
5144
5167
5206
5196
5236
5246
5236
5224
5273
5237
5120
5242
5189
5160
5176
5199
5208
5065
5187
5075
5129
5160
5096
5130
5128
5170
5201
5267
5322
5468
5452
5507
5341
5348
5513
5556
5637
5596
5552
5662
5751
5705
5723
5773
5873
5692
5899
5936
5868
5915
5962
5932
5979
6032
5997
5931
5980
6024
5947
5981
6007
5990
6061
5966
5854
5942
5924
5927
5931
6002
5985
5878
5817
5948
6041
6063
6153
6126
6158
6128
6077
6062
6115
6184
6177
6168
6257
6342
6330
6403
6347
6300
6319
6342
6333
6230
6207
6182
6293
6289
6279
6289
6249
6186
6241
6169
6055
6196
6197
6082
5997
5986
6012
6118
6034
6099
6155
6062
6016
6035
6056
6117
6093
6109
6013
6071
6184
6180
6230
6131
6177
6243
6408
6383
6299
6311
6272
6359
6301
6337
6336
6202
6266
6233
6221
6352
6358
6373
6304
6319
6241
6328
6479
6440
6545
6595
6558
6569
6590
6608
6621
6712
6633
6647
6709
6667
6616
6826
6858
6929
7067
7121
7251
7318
7183
7126
6964
7013
7077
7020
6859
6766
6812
6666
6651
6689
6793
6672
6714
6725
6677
6698
6842
6882
6835
6841
6743
6638
6588
6492
6532
6622
6695
6547
6523
6575
6545
6511
6454
6354
6355
6285
6226
6330
6360
6189
6146
6104
6179
6221
6137
6089
6102
6153
6271
6313
6398
6454
6632
6611
6510
6407
6482
6408
6433
6445
6581
6559
6529
6562
6450
6325
6348
6263
6299
6244
6166
6167
6042
5977
5799
5835
5851
5832
5735
5687
5752
5765
5740
5918
5865
5933
5889
5977
5955
6058
6077
6010
6151
6319
6419
6538
6577
6417
6504
6456
6541
6680
6558
6503
6585
6629
6620
6698
6804
6667
6489
6504
6428
6581
6618
6631
6695
6760
6876
6892
6978
6912
6873
6867
6728
6750
6806
6809
6841
6829
6780
6705
6596
6480
6606
6639
6708
6756
6636
6760
6783
6698
6634
6490
6416
6313
6291
6339
6268
6329
6429
6415
6433
6439
6466
6500
6561
6691
6705
6708
6688
6619
6534
6566
6436
6411
6378
6423
6509
6379
6390
6333
6274
6292
6243
6244
6181
6128
6085
6018
5960
5974
5842
5851
5728
5693
5685
5596
5569
5595
5666
5764
5729
5736
5668
5582
5462
5674
5650
5826
5823
5922
5821
5799
5717
5759
5702
5714
5765
5881
5957
5946
5947
6077
5972
5963
6013
5880
5844
5849
5925
5768
5785
5710
5721
5666
5682
5759
5705
5767
5930
6059
6020
6106
6022
6170
6298
6445
6511
6504
6392
6345
6280
6172
6064
6065
6037
5959
5858
5793
5857
5861
6006
6081
6031
6114
5991
5976
5978
6083
6036
6283
6355
6287
6207
6126
6250
6269
6179
6167
6148
6112
6263
6441
6482
6584
6483
6488
6475
6508
6574
6660
6650
6667
6648
6743
6797
6732
6621
6479
6439
6313
6337
6443
6441
6451
6442
6372
6360
6460
6482
6599
6538
6454
6335
6457
6367
6317
6243
6279
6242
6035
5919
5846
5809
5683
5590
5602
5665
5625
5551
5591
5475
5542
5449
5323
5322
5306
5284
5320
5257
5272
5332
5199
5162
5082
5095
5037
5051
5132
5184
5228
5214
5289
5304
5209
5260
5274
5227
5129
5184
5159
5256
5228
5177
5156
5098
5073
5162
5279
5300
5302
5360
5430
5425
5471
5528
5475
5364
5504
5557
5724
5803
5853
5829
5807
5843
5817
5932
5902
5905
5929
5937
5958
5891
5944
5940
5976
6019
5988
5978
6042
6014
5895
6010
6018
6107
6166
6176
6235
6285
6278
6314
6402
6409
6364
6299
6167
6100
6072
6142
6101
6083
5989
6050
6120
6109
6099
6046
6108
6015
6076
6246
6381
6375
6443
6486
6424
6457
6428
6306
6342
6125
6059
6134
6068
6188
6139
6083
6199
6160
6263
6211
6218
6186
6150
6192
6126
5949
5926
5987
5934
5951
5940
6018
6030
5919
5829
5851
5901
5882
5826
5872
5923
5972
6019
6081
6036
6001
6097
6111
6066
6102
6085
5939
5955
5953
6133
6052
6060
6072
6270
6301
6271
6398
6441
6340
6291
6279
6369
6332
6331
6333
6334
6276
6264
6225
6274
6203
6158
6258
6275
6250
6168
6125
6094
6107
6068
6105
6138
6257
6170
6287
6268
6282
6360
6331
6270
6170
6053
6188
6235
6211
6174
6162
6116
6255
6243
6151
6126
6229
6165
6198
6192
5937
5984
5998
5922
5949
5858
5881
5842
5966
6136
6028
6028
6020
5981
6040
6007
5916
5839
5950
5979
5990
5927
6065
6039
6065
5877
5746
5637
5644
5684
5549
5499
5396
5387
5368
5418
5461
5487
5470
5389
5360
5399
5497
5525
5620
5803
5834
5760
5889
5827
5944
6004
5861
5910
5885
5830
5731
5762
5937
5936
6067
6071
6173
6064
6102
6295
6329
6353
6226
6335
6437
6433
6428
6424
6551
6661
6710
6811
6819
6765
6779
6895
6992
7101
6966
6921
6923
6879
6874
6879
6813
6793
6664
6729
6723
6558
6486
6437
6460
6457
6426
6402
6227
6146
6202
6196
6142
6059
6100
6178
6192
6202
6228
6213
6222
6250
6206
6162
6065
6029
5967
5970
5835
5948
5850
5945
5980
6040
5993
6037
6013
6029
6076
5984
5885
5838
5825
5885
5819
5726
5707
5672
5645
5790
5737
5765
5730
5614
5709
5767
5692
5635
5660
5634
5630
5615
5731
5685
5757
5770
5796
5932
5798
5899
5946
5852
5846
5759
5792
5723
5700
5719
5763
5805
5822
5937
5983
5949
5969
5995
6047
6010
5985
5911
5765
5684
5709
5732
5778
5833
5780
5779
5912
5817
5829
5780
5737
5834
5751
5832
5851
5849
5861
5726
5715
5753
5880
5912
5949
5991
5988
6024
6017
5923
5877
5914
5860
5753
5856
5751
5825
5835
5887
5910
5899
6059
6003
6022
5939
5916
5813
5908
5970
5847
5804
5704
5648
5617
5563
5577
5564
5541
5609
5555
5599
5464
5410
5400
5305
5246
5281
5441
5450
5348
5327
5209
5115
5151
5205
5205
5057
5088
5167
5135
5149
5227
5259
5187
5260
5141
5096
5087
5068
5200
5229
5144
5131
5230
5070
5069
4908
4910
4862
4782
4827
4777
4830
4953
4944
4957
4956
5047
5158
5237
5251
5365
5377
5312
5431
5432
5368
5482
5573
5562
5743
5743
5809
5877
5922
5926
6000
6146
6256
6077
5998
6059
6187
6270
6287
6197
6185
6260
6357
6363
6261
6274
6202
6113
6213
6267
6334
6279
6155
6285
6357
6396
6333
6360
6539
6556
6596
6599
6497
6460
6259
6292
6292
6285
6293
6199
6242
6194
6173
6145
6058
6042
5990
5856
5835
5735
5723
5737
5748
5742
5821
5849
5854
5913
5809
5890
5980
6035
6094
6184
6221
6302
6310
6173
6325
6392
6387
6265
6311
6302
6401
6493
6500
6526
6464
6439
6406
6397
6332
6166
6117
6195
6276
6229
6257
6138
6082
6071
6087
6281
6249
6202
6205
6187
6161
6146
5846
5880
6014
5924
5909
5932
6038
5946
5996
6058
5979
5849
5818
6013
6227
6105
5986
6035
5926
6022
6067
6103
6076
6089
6210
6128
6081
6093
6109
6240
6259
6254
6393
6437
6405
6532
6600
6575
6441
6516
6522
6410
6384
6342
6164
6191
6175
6022
5976
5992
5988
5953
5919
5873
5857
5878
5994
5971
5949
5975
6073
6048
6066
6085
6100
6061
6087
6118
6133
6231
6218
6319
6312
6479
6435
6471
6318
6224
6297
6327
6257
6276
6256
6201
6131
6300
6356
6295
6300
6306
6294
6284
6239
6069
5971
5892
5893
5872
5756
5715
5703
5720
5826
5895
5917
6000
6012
6089
5946
5889
5963
6037
6002
5886
5761
5687
5596
5632
5658
5679
5556
5580
5629
5717
5752
5758
5647
5693
5555
5630
5639
5634
5630
5569
5619
5472
5522
5475
5577
5601
5585
5568
5514
5373
5389
5324
5163
5112
5053
5114
4965
5064
5057
5070
5048
5065
5139
5176
5284
5270
5265
5268
5374
5272
5350
5345
5285
5216
5330
5410
5391
5452
5308
5244
5213
5210
5084
5045
5004
4984
4960
5043
5059
5025
5148
5124
5175
5257
5315
5256
5259
5374
5407
5488
5485
5470
5472
5507
5537
5520
5546
5575
5672
5768
5763
5825
5752
5792
5790
5735
5719
5678
5559
5609
5586
5665
5544
5583
5556
5512
5611
5625
5621
5648
5713
5719
5767
5882
5914
5743
5691
5704
5829
5742
5792
5711
5673
5646
5548
5570
5594
5543
5542
5536
5435
5505
5461
5420
5410
5435
5417
5451
5369
5350
5406
5425
5411
5434
5374
5343
5406
5383
5378
5326
5286
5433
5357
5368
5328
5328
5344
5346
5223
5154
5163
5084
4998
4998
5004
4975
5032
5044
5158
5047
5070
5189
5077
5071
5079
5027
5081
4997
5012
4915
5078
5070
5106
5086
5116
5167
5283
5441
5338
5331
5268
5258
5387
5362
5431
5416
5502
5535
5463
5423
5514
5594
5554
5631
5801
5834
5808
5713
5596
5493
5536
5588
5702
5760
5772
5777
5882
5858
5834
5798
5660
5605
5662
5639
5788
5862
5844
6010
5966
5998
6038
5901
5880
5874
5901
5944
5932
5957
5897
5822
5797
5639
5674
5764
5893
5843
5798
5692
5703
5737
5794
5825
5894
5927
5935
5914
5965
5807
5782
5649
5706
5605
5676
5782
5814
5851
5979
5952
5937
5854
5794
5741
5774
5800
5825
5837
5902
5856
5935
5938
5983
5908
5927
5996
5927
5748
5783
5832
5928
5818
5790
5724
5581
5605
5563
5623
5527
5465
5379
5342
5378
5327
5244
5105
5197
5204
5041
5008
5167
5299
5299
5265
5307
5146
5015
4986
4979
5003
4974
5036
5051
5125
5081
4996
4974
5038
4913
4917
4889
4925
5064
5176
5060
5028
4955
4906
4870
4833
5001
5123
5071
5066
5086
5114
5086
4980
4983
5035
5007
5002
5002
5034
5037
4975
4999
4907
4929
5004
5041
5054
5023
5008
5088
5113
5111
5118
5249
5271
5144
4999
4961
5080
5096
5003
5036
5040
5118
5276
5282
5129
5129
5161
5138
5117
4994
4911
4878
4992
4920
4793
4810
4815
4734
4841
4835
4888
4855
4910
4803
4775
4813
4693
4613
4738
4743
4697
4692
4745
4750
4763
4773
4774
4728
4794
4868
4869
4914
4860
4883
4930
4939
4996
5011
4913
4999
4989
4963
4888
4907
5007
4923
4996
5054
5156
5133
5109
5105
4926
4899
4821
4806
4842
4767
4708
4816
4795
4876
4889
4849
4891
4970
5003
5013
5033
4902
4833
4818
4915
4741
4684
4757
4771
4830
4806
4695
4637
4669
4654
4766
4733
4571
4554
4587
4606
4597
4798
4829
4784
4805
4795
4860
4881
4951
5036
5070
5016
5000
4967
5038
4873
4957
4991
5008
5028
4973
4968
5062
5002
4926
4985
5009
5057
5048
4942
4872
4810
4796
4846
4897
4936
5028
5097
5161
5279
5316
5353
5419
5420
5321
5110
5051
5066
5042
5086
5084
5177
5159
5176
5218
5197
5156
5164
5129
5073
5026
5125
5017
5036
5146
5088
5119
5143
5187
5210
5162
5150
5101
5206
5189
5220
5336
5332
5438
5576
5515
5468
5375
5346
5320
5346
5249
5222
5221
5144
5174
5050
5148
5155
5214
5226
5323
5281
5359
5367
5361
5347
5506
5562
5618
5486
5580
5535
5417
5466
5504
5411
5395
5433
5438
5397
5376
5370
5225
5388
5469
5529
5528
5434
5443
5533
5588
5548
5613
5670
5592
5583
5560
5675
5809
5780
5814
5834
5888
5886
5920
5841
5853
5862
5819
5939
5896
5873
5865
5821
5719
5664
5628
5590
5614
5666
5493
5507
5473
5478
5419
5397
5424
5262
5367
5392
5228
5231
5092
5019
5014
5155
5221
5225
5234
5255
5218
5281
5277
5231
5193
5298
5248
5067
4998
4967
5010
4938
4875
4878
4864
4856
4774
4776
4705
4720
4838
4864
4909
4969
5025
4996
4945
4938
4879
4894
4871
4803
4811
4898
4925
4930
4908
4775
4862
4862
4851
4913
4829
4734
4688
4630
4605
4527
4518
4438
4503
4502
4522
4440
4436
4541
4460
4457
4410
4463
4386
4487
4370
4236
4258
4204
4243
4225
4293
4284
4341
4371
4361
4295
4333
4291
4228
4233
4365
4344
4346
4422
4412
4445
4493
4547
4487
4566
4597
4582
4539
4609
4607
4508
4541
4548
4654
4674
4688
4736
4754
4805
4877
4837
4844
4818
4897
4848
4985
5131
5256
5272
5194
5228
5224
5278
5296
5174
5209
5146
5149
5075
5044
5080
5151
5243
5242
5224
5321
5373
5461
5555
5581
5615
5744
5856
5795
5900
5966
5911
5882
5901
5910
5895
5964
5945
5952
5942
5971
6000
5961
6007
5902
6063
5986
6021
5946
5852
5924
5913
6057
6066
6094
6119
6117
6104
6132
6153
6106
6234
6175
6194
6245
6254
6340
6459
6436
6362
6454
6421
6322
6305
6353
6431
6496
6250
6281
6373
6472
6462
6435
6327
6393
6349
6236
6237
6142
6185
6048
6139
6148
6073
6010
5903
5917
5830
5821
5816
5735
5815
5798
5829
5819
5725
5748
5757
5737
5651
5654
5656
5619
5518
5443
5420
5453
5594
5647
5520
5555
5550
5571
5643
5664
5697
5678
5638
5727
5687
5530
5521
5631
5637
5575
5675
5692
5822
5812
5859
5754
5673
5643
5677
5736
5586
5615
5787
5758
5816
5854
5718
5711
5722
5703
5613
5665
5751
5711
5592
5613
5583
5533
5558
5594
5481
5514
5405
5390
5378
5355
5278
5185
5142
5168
5320
5335
5431
5656
5833
5950
5853
5690
5533
5459
5489
5602
5582
5512
5476
5426
5516
5557
5585
5559
5552
5562
5417
5333
5377
5558
5499
5508
5543
5674
5599
5678
5660
5693
5595
5646
5621
5491
5383
5343
5436
5448
5396
5269
5164
5094
5156
5160
5015
5010
5056
4959
4947
5138
5132
5124
5232
5170
5296
5337
5357
5303
5458
5429
5577
5472
5670
5601
5717
5792
5687
5724
5620
5603
5561
5589
5595
5568
5570
5589
5550
5502
5515
5415
5429
5425
5281
5290
5319
5384
5339
5333
5167
5163
5253
5391
5410
5371
5336
5350
5267
5357
5187
5145
5019
5009
5022
4961
4944
4895
4983
4957
5019
4982
4970
4889
5038
5044
5149
5163
5306
5152
5267
5257
5234
5172
5164
5007
5119
5077
4922
4980
4900
4804
4822
4810
4822
4742
4715
4649
4666
4742
4859
4779
4733
4736
4829
4962
4976
5034
5018
5006
5125
5032
5061
4998
4931
4984
4991
4924
4803
4795
4764
4857
4936
4941
4848
4905
4996
4914
4941
4935
4955
5035
5039
5064
5017
5089
5054
5062
5062
5194
5322
5396
5321
5230
5258
5236
5202
5175
5205
5103
5108
5240
5213
5146
5167
5178
5215
5116
5127
5127
5166
5062
5110
5076
5158
5268
5296
5389
5457
5327
5367
5324
5297
5403
5299
5489
5524
5491
5519
5442
5511
5527
5532
5608
5590
5674
5652
5616
5702
5695
5623
5373
5373
5468
5528
5559
5565
5514
5578
5565
5600
5557
5663
5736
5754
5779
5821
5812
5754
5780
5771
5736
5900
5908
5856
5862
5923
5923
5801
5771
5855
5918
5960
5851
5888
5861
5857
6034
6117
6027
6001
5919
5960
5894
5856
5872
5866
5912
5964
6017
5822
5825
5869
6073
6056
6059
6163
6266
6213
6164
6158
6055
6059
6121
6060
6048
6067
6040
5964
5998
6040
6040
6080
5999
6001
5941
6035
6085
6049
6065
6020
6040
5925
5863
5807
5736
5800
5876
5806
5894
5907
5951
5959
5965
5797
5819
5861
5635
5656
5695
5664
5653
5782
5601
5575
5537
5429
5433
5488
5412
5398
5392
5425
5381
5392
5477
5453
5427
5379
5377
5373
5472
5442
5496
5545
5594
5592
5523
5544
5651
5768
5781
5725
5764
5661
5751
5791
5770
5643
5660
5599
5517
5666
5642
5655
5722
5700
5701
5563
5688
5667
5557
5525
5542
5485
5459
5421
5455
5393
5563
5526
5594
5674
5664
5549
5298
5258
5273
5357
5478
5488
5665
5758
5626
5506
5612
5594
5669
5752
5730
5790
5703
5641
5463
5360
5440
5493
5520
5504
5329
5376
5317
5288
5413
5506
5624
5661
5620
5594
5509
5490
5496
5627
5734
5689
5743
5628
5598
5492
5509
5580
5453
5466
5479
5470
5434
5319
5289
5444
5475
5486
5382
5414
5315
5231
5255
5209
5220
5167
5148
5077
5050
4931
4929
