505000
200648
141961
111576
92476
79538
69498
61998
55911
51382
47160
44045
41129
38573
36808
34822
33392
31765
30523
29408
28106
26893
25752
24904
23885
23225
22644
22126
21544
20993
20197
19411
18871
18250
17760
17530
17273
16984
16669
16351
15951
15528
15230
15181
14654
14446
14177
14026
13836
13531
13277
13053
12758
12702
12218
11997
11829
11639
11140
11053
11045
10824
10745
10612
10505
10481
10502
10474
10394
10209
10097
9991
9792
9697
9646
9646
9488
9484
9260
9168
8879
8731
8745
8775
8881
8808
8563
8569
8321
8202
8232
8178
8001
8052
7913
8059
8097
8021
8081
7892
7803
7616
7583
7656
7695
7743
7695
7837
7832
7715
7727
7632
7583
7452
7385
7303
7213
7282
7171
7140
7303
7051
6976
7064
7133
6987
6918
6821
6776
6675
6680
6586
6706
6601
6620
6539
6402
6458
6374
6389
6445
6303
6297
6288
6317
6343
6320
6422
6436
6448
6462
6530
6431
6576
6690
6685
6509
6533
6382
6346
6302
6254
6235
6179
6179
6214
6119
6108
6021
6137
6086
6003
5979
6158
6164
6100
6127
6186
6209
6256
6238
6166
6033
5972
5955
5846
6002
5987
6015
5889
5885
5755
5716
5607
5552
5725
5601
5615
5658
5656
5702
5824
5824
5727
5816
5932
6006
6024
5978
5997
5780
5822
5842
5836
5782
5911
5913
5891
5926
6007
5923
5861
5889
5858
5923
5926
5861
5872
5806
5992
5950
5912
5885
5947
5902
5910
5907
5932
5916
5865
5834
5875
5934
5893
5872
5789
5807
5884
5937
5911
5873
5796
5703
5650
5716
5782
5699
5719
5639
5672
5715
5756
5883
5891
5892
5788
5664
5704
5867
5925
5841
5882
5810
5834
5887
5836
5931
6007
5988
5970
6139
6067
6066
6029
5979
6028
6090
6012
6084
6051
6177
6068
6199
6154
6077
6122
6096
6088
6054
6116
6083
6094
6018
5913
5970
5993
6108
6112
6120
6260
6407
6417
6528
6487
6411
6407
6414
6387
6437
6478
6633
6618
6590
6392
6478
6565
6493
6526
6529
6569
6635
6608
6626
6762
6778
6727
6720
6728
6753
6863
6746
6695
6723
6723
6770
6855
6822
6888
6829
6864
6734
6654
6659
6637
6659
6760
6735
6504
6425
6413
6417
6298
6412
6525
6612
6571
6742
6537
6528
6550
6621
6531
6535
6494
6419
6322
6288
6280
6289
6302
6357
6356
6445
6464
6484
6353
6188
6252
6152
6051
6002
6221
6265
6309
6429
6501
6485
6453
6351
6216
6056
6040
5972
6051
6064
6041
6065
6029
6091
6062
6110
5961
5943
6020
5959
5924
5910
5887
5800
5890
5925
5981
6016
6149
6089
6068
6148
6114
6053
5923
6050
6135
6296
6224
6160
6176
6050
6073
6173
6168
6144
6140
6147
6105
6062
5981
5939
5868
5885
5873
5927
5997
6031
6027
5943
5810
5757
5788
5850
5794
5920
5948
5868
5839
5959
5951
5989
6115
6051
6034
6070
6010
6105
6173
6179
6084
5969
6012
6159
6123
6288
6340
6175
6075
6175
6301
6231
6135
6028
6197
6280
6271
6101
6122
6085
6052
6089
6043
6100
6029
6024
6124
6135
6108
6317
6208
6208
6181
6231
6262
6252
6291
6265
6232
6096
6022
5954
5751
5799
5793
5812
5791
5804
5824
5829
5814
5772
5812
5853
5832
5771
5710
5560
5675
5616
5643
5755
5910
6144
6166
6100
5966
6009
5922
5813
5749
5707
5594
5563
5577
5652
5717
5642
5515
5659
5659
5688
5799
5731
5742
5887
6013
6075
6109
6131
6100
6166
6253
6122
6096
6131
6105
6013
5953
5811
5829
5774
5856
5870
5781
5771
5780
5803
5841
5766
5721
5732
5685
5686
5769
5746
5790
5894
5809
5659
5738
5726
5893
5884
5911
5963
6035
6140
6046
6093
6079
5949
5991
5997
5781
5862
5792
5667
5598
5582
5673
5721
5709
5716
5664
5657
5642
5689
5638
5615
5836
5870
5915
5927
5934
5912
5822
5922
5951
5871
6022
5938
5841
5848
6037
5958
6026
6039
5979
5945
5894
5946
6032
6065
6122
6224
6069
6050
5950
6086
5997
5901
5872
5826
5798
5847
5906
5832
5807
5836
5793
5830
5892
5801
5953
5971
6102
6059
5956
6010
6090
6038
5847
5813
5872
5940
6125
6264
6255
6277
6269
6302
6263
6133
6005
5970
5933
5959
5875
5789
5892
6005
6106
6124
6051
6087
5989
6155
6320
6235
6281
6192
6115
6229
6192
6257
6319
6391
6378
6529
6342
6386
6294
6378
6400
6625
6464
6368
6279
6429
6439
6529
6540
6591
6499
6646
6670
6648
6622
6683
6690
6834
6861
6986
6977
6991
6887
6843
6737
6611
6540
6467
6304
6290
6292
6467
6406
6388
6409
6462
6303
6431
6428
6241
6236
6122
5985
5991
5962
5959
5988
5967
5908
5983
6059
5959
5928
5897
5944
5855
5865
6000
5964
6042
5932
6006
5981
5849
5912
5926
5939
5950
5910
5862
5830
5890
5774
5877
5864
5745
5701
5771
5718
5691
5668
5593
5536
5565
5610
5584
5612
5571
5515
5387
5428
5420
5375
5434
5405
5419
5366
5283
5400
5332
5395
5270
5360
5389
5263
5294
5266
5276
5301
5223
5237
5288
5160
5101
5098
4972
5062
5194
5228
5157
5199
5129
5048
5085
5059
5123
5109
5230
5277
5227
5175
5317
5292
5347
5331
5343
5398
5376
5453
5489
5429
5489
5507
5449
5432
5355
5355
5292
5363
5365
5353
5297
5429
5415
5480
5400
5481
5540
5470
5537
5611
5695
5639
5718
5743
5787
5779
5865
5917
5983
5917
5940
5922
5902
5992
6058
6025
5976
5908
5954
5949
5915
5855
5825
5715
5761
5801
5738
5843
5886
5860
6053
6053
6033
6146
6200
6089
6130
6116
6090
6236
6360
6262
6138
6139
6157
6226
6268
6244
6228
6314
6358
6328
6319
6232
6264
6322
6411
6504
6529
6517
6623
6644
6556
6665
6662
6696
6643
6686
6627
6662
6737
6849
6797
6823
6804
6898
6907
6820
6851
6866
6865
6790
6693
6628
6590
6598
6466
6424
6344
6259
6230
6295
6266
6305
6255
6294
6248
6295
6204
6177
6149
6077
6007
5983
5918
6114
6178
6258
6385
6447
6619
6746
6724
6559
6517
6638
6545
6609
6548
6647
6751
6591
6448
6598
6672
6460
6476
6390
6396
6240
6260
6218
6217
6170
6019
5873
5787
5783
5718
5847
5731
5688
5779
5746
5551
5603
5632
5630
5664
5628
5645
5720
5649
5778
5853
5818
5760
5730
5749
5743
5742
5759
5759
5742
5733
5826
5775
5648
5571
5542
5488
5533
5608
5561
5587
5653
5592
5676
5751
5719
5588
5611
5547
5538
5605
5594
5577
5647
5505
5431
5355
5310
5296
5361
5367
5369
5483
5473
5639
5758
5669
5731
5779
5682
5758
5689
5798
5911
5819
5809
5862
5826
5928
6049
5960
5953
5984
6112
6119
6107
6118
6111
5998
5920
5981
5929
5836
5863
5959
6006
5989
6030
6109
6105
6077
5976
5890
5864
5822
5815
5800
5826
5915
5940
5992
6073
5999
6014
6048
6109
6084
6162
6118
6132
6137
6192
6202
6206
6171
5922
5991
5996
6147
6122
6143
6232
6243
6244
6285
6296
6220
6097
5993
6023
6071
6125
6219
6210
6138
6119
6027
6029
6021
5982
5983
5975
5951
5926
5927
5929
5936
5846
5797
5841
5672
5619
5528
5472
5409
5417
5396
5495
5558
5669
5744
5665
5641
5768
5764
5802
5810
5883
5964
6032
5995
6033
6086
5982
5952
5984
5924
5830
5881
5833
5820
5895
5857
5728
5802
5735
5664
5672
5682
5597
5595
5591
5546
5542
5579
5532
5528
5522
5617
5553
5570
5510
5496
5492
5466
5515
5507
5470
5434
5366
5269
5303
5432
5662
5806
5806
5789
5744
5702
5633
5571
5661
5608
5659
5652
5780
5736
5699
5826
5768
5837
5907
5961
5999
6019
5961
5955
5964
5982
5922
5764
5755
5836
5771
5800
5741
5693
5620
5769
5837
5741
5827
5697
5583
5618
5534
5487
5567
5531
5573
5568
5580
5519
5463
5502
5603
5630
5640
5734
5776
5797
5776
5716
5724
5779
5743
5732
5759
5897
5856
5896
5767
5814
5779
5758
5766
5756
5710
5820
5865
5842
5944
5918
5895
6062
6080
6225
6333
6259
6345
6159
6098
6148
6076
5956
6068
6158
6204
6148
6193
6260
6247
6296
6172
6117
6167
6089
6179
6322
6561
6593
6604
6528
6584
6527
6580
6736
6763
6747
6867
6760
6632
6725
6796
6824
6843
6808
6731
6762
6708
6751
6887
6766
6690
6697
6576
6587
6586
6545
6465
6565
6502
6567
6610
6599
6738
6688
6627
6637
6701
6815
6772
6677
6666
6740
6755
6755
6642
6695
6748
6634
6685
6591
6452
6481
6530
6523
6564
6554
6592
6542
6499
6559
6484
6380
6435
6475
6243
6260
6301
6197
6172
6109
6105
6039
6052
5984
5957
5969
6037
6093
6083
6083
6054
6022
6007
6109
5936
5966
5953
6190
6204
6266
6248
6367
6522
6628
6625
6610
6518
6513
6455
6449
6619
6720
6678
6709
6672
6753
6790
6909
6757
6944
6931
6899
6858
6930
7032
7026
7047
7051
6955
6924
6913
6894
6908
6880
6959
7097
7063
7096
6948
6929
6923
7109
7141
6969
7021
6863
6642
6604
6507
6427
6506
6449
6416
6471
6541
6521
6574
6443
6400
6472
6447
6394
6320
6327
6266
6422
6362
6519
6439
6418
6428
6358
6250
6365
6411
6299
6265
6263
6363
6345
6471
6488
6474
6532
6507
6533
6492
6565
6530
6509
6569
6618
6569
6584
6586
6615
6613
6611
6534
6583
6467
6383
6328
6509
6568
6554
6502
6402
6490
6437
6490
6406
6382
6433
6449
6423
6356
6236
6304
6293
6238
6247
6179
6072
6154
6098
6190
6184
6181
6067
6031
6047
5966
5898
6000
6079
6010
6059
5932
5954
5927
5996
5847
5839
5842
5670
5667
5726
5800
5668
5755
5663
5662
5684
5721
5759
5727
5639
5749
5780
5725
5868
5741
5760
5621
5522
5543
5669
5712
5605
5617
5560
5500
5376
5338
5312
5333
5351
5319
5372
5372
5336
5430
5477
5557
5621
5673
5665
5637
5485
5486
5639
5649
5485
5450
5425
5400
5541
5468
5522
5510
5518
5634
5698
5826
5764
5731
5894
5993
6009
6003
6121
6113
6108
6188
6036
6035
6117
6182
6261
6334
6315
6247
6264
6199
6131
6172
6143
6193
6263
6161
6114
6214
6186
6071
6134
6134
6174
6060
6086
6071
6074
6135
6220
6155
6296
6332
6348
6372
6307
6257
6340
6212
6347
6401
6272
6261
6229
6151
6104
6118
6101
6148
6079
6033
5970
6020
5923
5901
5971
6027
5970
5978
5899
5989
6164
6173
6034
5948
5914
5837
5824
5828
5760
5696
5842
5811
5800
5898
5939
5840
5689
5679
5648
5703
5690
5677
5732
5741
5753
5748
5800
5801
5843
5698
5557
5687
5585
5554
5570
5568
5557
5436
5392
5305
5390
5437
5399
5490
5571
5555
5602
5590
5577
5496
5294
5274
5316
5309
5311
5379
5425
5383
5361
5379
5475
5503
5442
5336
5356
5452
5422
5346
5207
5111
5083
4946
4904
4842
4823
4865
4942
5020
5061
5158
5141
5171
5119
5243
5245
5364
5414
5399
5464
5516
5542
5401
5415
5429
5426
5542
5550
5480
5426
5397
5483
5488
5355
5435
5476
5517
5472
5549
5534
5584
5572
5458
5539
5426
5397
5400
5383
5410
5443
5475
5671
5781
5675
5701
5592
5539
5543
5554
5504
5654
5668
5604
5625
5662
5638
5653
5781
5680
5592
5525
5544
5557
5452
5443
5449
5487
5642
5734
5623
5644
5670
5775
5846
5955
5897
5964
5897
5921
5960
6079
6038
6041
6063
6119
6089
6046
6108
6233
6209
6127
6276
6279
6256
6288
6327
6220
6225
6203
6213
6168
6179
6299
6254
6229
6155
6269
6165
6088
5991
6100
6199
6139
6221
6309
6282
6308
6362
6523
6542
6645
6748
6755
6711
6630
6681
6779
6864
6887
6881
6926
7037
7188
7194
7134
7046
6958
6895
6938
6981
7118
7032
6944
6833
6894
6945
6932
6861
6840
6912
6847
6694
6647
6619
6625
6553
6558
6625
6619
6623
6553
6516
6519
6403
6208
6169
6052
6021
5982
5998
6112
6027
6016
6055
6064
6221
6198
6278
6452
6407
6372
6384
6360
6347
6497
6425
6463
6440
6330
6278
6262
6327
6279
6288
6335
6440
6299
6381
6397
6434
6298
6084
6041
6005
6085
5986
6029
6141
6226
6204
6311
6274
6265
6213
6191
6332
6263
6208
6230
6128
6138
6127
6053
5986
6041
5933
6002
5995
6105
6180
6202
6291
6398
6251
6167
6265
6201
6236
6218
6212
6143
6267
6131
6203
6233
6246
6164
6063
6067
6042
6014
5970
5912
5879
5946
5894
5814
5720
5815
5766
5738
5677
5627
5644
5613
5543
5502
5471
5428
5409
5325
5472
5548
5430
5351
5226
5193
5301
5332
5363
5304
5450
5397
5397
5377
5255
5199
5207
5152
5232
5186
5177
5227
5319
5269
5233
5312
5222
5276
5337
5417
5409
5376
5441
5453
5317
5255
5290
5286
5402
5502
5611
5762
5726
5687
5750
5633
5652
5603
5627
5592
5488
5507
5458
5329
5289
5307
5365
5448
5504
5552
5643
5707
5822
5779
5829
5832
5982
5949
5895
5912
5799
5872
5840
5845
5903
5859
5723
5672
5679
5693
5759
5803
5870
5916
5977
5988
6116
6142
6146
6148
6088
5963
6028
6060
6001
6014
5934
5807
5933
6003
6065
5916
6031
6035
5980
5959
5931
5881
5792
5706
5537
5538
5536
5547
5575
5599
5719
5712
5668
5622
5587
5706
5745
5808
5854
5911
5778
5779
5794
5772
5890
5865
5723
5683
5792
5895
5808
5835
5809
5855
5945
5968
5943
5922
5824
5778
5786
5735
5879
5836
5863
5983
5837
5702
5749
5853
5804
5862
5813
5901
5985
6058
6031
6054
5974
5969
5824
5869
5918
5820
5761
5715
5730
5793
5764
5784
5786
5839
5805
5732
5808
5929
5938
5834
5905
5941
5930
5939
6032
5936
5901
6019
6010
6026
5947
5974
5999
5875
5866
5803
5851
5897
5967
5882
5782
5788
5845
5864
5903
5905
5854
5770
5859
5960
5919
6038
6051
5964
6006
6003
6043
6139
6164
6123
6157
6148
6079
6013
6099
6120
6161
6196
6105
6051
6123
6063
6073
6088
6119
6124
6099
6107
6117
5978
6019
5991
6053
6073
6133
6170
6005
6028
5952
5959
5886
5962
5955
6103
5955
6054
5927
5961
5944
5980
5895
5887
5935
5976
5878
5885
5818
5825
5759
5841
5849
5866
5788
5806
5746
5723
5736
5711
5817
5777
5706
5781
5845
5834
5815
5923
5819
5885
5861
5930
5969
5785
5628
5693
5756
5718
5604
5520
5590
5607
5676
5646
5531
5562
5647
5690
5644
5719
5635
5608
5703
5759
5759
5741
5788
5849
5898
5946
5930
5932
5932
6141
5990
6088
6064
6169
6141
6041
5952
5863
5789
5877
5697
5521
5534
5651
5673
5555
5602
5651
5676
5726
5847
5787
5802
5853
5826
5754
5742
5685
5677
5572
5657
5666
5670
5581
5656
5638
5641
5595
5664
5736
5782
5733
5661
5725
5740
5699
5611
5539
5627
5620
5648
5572
5560
5569
5581
5643
5537
5505
5637
5644
5578
5592
5616
5663
5564
5541
5504
5502
5629
5623
5625
5625
5612
5580
5481
5496
5548
5686
5587
5601
5553
5588
5633
5693
5774
5794
5715
5638
5682
5649
5732
5861
5969
5905
5810
5833
5773
5661
5792
5799
5833
5887
5795
5819
5902
5880
5803
5879
5809
5687
5842
5922
5794
5822
5965
5889
5811
5802
5843
5786
5757
5769
5827
5821
5841
5884
5982
5899
5874
5862
5885
5788
5802
5819
5789
5633
5610
5620
5717
5629
5663
5645
5751
5772
5690
5661
5595
5606
5506
5537
5613
5655
5614
5541
5553
5359
5456
5542
5511
5526
5492
5407
5336
5342
5531
5566
5572
5616
5602
5632
5621
5619
5689
5726
5854
5907
5895
5873
5843
5801
5761
5723
5701
5684
5671
5787
5895
5934
5899
5733
5650
5560
5665
5575
5566
5473
5494
5495
5396
5325
5332
5237
5340
5267
5377
5336
5409
5410
5432
5479
5487
5355
5335
5296
5270
5346
5368
5359
5444
5422
5487
5524
5472
5445
5438
5451
5651
5632
5627
5605
5550
5580
5512
5372
5324
5365
5425
5309
5292
5425
5418
5407
5598
5515
5384
5385
5405
5333
5251
5258
5402
5375
5391
5520
5524
5533
5476
5453
5556
5519
5524
5596
5602
5538
5595
5512
5407
5386
5403
5505
5408
5398
5421
5317
5382
5356
5426
5406
5477
5564
5530
5560
5580
5617
5635
5602
5624
5730
5727
5737
5755
5725
5667
5579
5476
5396
5459
5453
5461
5413
5470
5465
5472
5417
5388
5374
5376
5361
5416
5430
5493
5475
5507
5518
5520
5431
5379
5346
5412
5352
5350
5271
5268
5186
5188
5173
5180
5072
5042
5163
5005
5010
5031
5026
4906
4801
4709
4795
4838
4831
4849
4782
4832
4846
4874
4822
4805
4672
4733
4602
4546
4480
4495
4456
4449
4458
4573
4601
4589
4640
4727
4738
4806
4865
4849
4972
4931
4848
4844
4911
4888
4858
4906
4870
4787
4760
4718
4807
4873
4849
4919
5002
5053
5102
5215
5211
5186
5283
5142
5084
5112
5003
5079
5039
5005
4979
4905
4973
5115
5218
5148
5148
5139
5146
5174
5017
5034
5021
5128
5038
4933
4955
4948
4822
4712
4807
4831
4956
4989
4990
4924
4902
4974
5097
5022
5106
5185
5156
5269
5306
5196
5274
5372
5287
5323
5282
5358
5473
5483
5427
5489
5567
5496
5452
5461
5508
5566
5560
5457
5315
5258
5297
5363
5413
5338
5442
5488
5519
5418
5442
5414
5422
5588
5579
5699
5666
5717
5789
5840
5809
5721
5671
5632
5643
5698
5607
5750
5923
5861
5921
5870
5795
5781
5843
5816
5801
5722
5752
5672
5643
5619
5688
5832
5875
5640
5660
5709
5755
5845
5940
5959
5979
6089
6083
6136
5983
6036
6159
6325
6430
6465
6476
6526
6410
6656
6748
6810
6806
6830
6818
6798
6750
6802
6823
6838
6767
6615
6692
6709
6729
6691
6614
6555
6523
6402
6312
6209
6251
6275
6329
6357
6257
6297
6294
6136
6151
6098
6100
6186
6273
6169
6121
6015
6076
6051
6098
6034
5979
5914
5938
5929
5821
5790
5795
5758
5694
5649
5604
5535
5542
5627
5632
5632
5699
5709
5745
5780
5743
5592
5590
5586
5681
5737
5748
5853
5863
5864
5805
5788
5896
5805
5859
5852
5674
5655
5686
5677
5646
5685
5676
5722
5764
5662
5727
5769
5902
5934
6145
6112
6086
6034
6144
6089
6123
6163
6099
6167
6047
6068
6060
5994
5953
5891
5823
5898
5861
5906
5904
5968
5893
5901
5920
5973
5974
6147
6037
6002
5960
6001
6045
6034
6026
5995
6026
5986
5958
5993
6059
6074
6247
6372
6444
6328
6352
6329
6420
6250
6191
6216
6297
6474
6547
6511
6511
6459
6366
6321
6281
6431
6415
6524
6466
6569
6621
6707
6673
6733
6645
6600
6626
6516
6589
6570
6626
6507
6619
6589
6662
6614
6631
6678
6678
6757
6820
6620
6718
6755
6848
6940
6822
6690
6665
6672
6789
6684
6611
6624
6577
6492
6551
6589
6561
6574
6611
6559
6495
6553
6591
6599
6444
6430
6293
6348
6397
6438
6323
6387
6425
6448
6451
6389
6456
6497
6420
6378
6379
6459
6370
6280
6256
6233
6242
6381
6358
6268
6411
6546
6532
6493
6493
6415
6465
6458
6472
6414
6442
6413
6393
6408
6321
6245
6248
6282
6338
6274
6296
6265
6226
6288
6303
6284
6310
6250
6385
6267
6273
6204
6136
6184
6184
6042
5958
5878
5863
5826
5822
5862
5904
5900
5867
5858
5776
5839
5814
5776
5833
5815
5730
5797
5713
5655
5629
5752
5765
5929
5873
5855
5797
5756
5805
5784
5608
5539
5514
5609
5720
5690
5672
5701
5661
5742
5745
5714
5622
5647
5655
5651
5690
5611
5668
5680
5744
5821
5839
5902
5907
5969
5814
5849
5835
5750
5812
5886
5812
5744
5746
5675
5777
5725
5817
5822
5625
5724
5782
5866
5973
5985
6074
6088
6083
6130
6039
6081
6119
6001
5987
6007
6038
6066
6048
5974
6045
6034
5994
5958
5920
6059
6067
5973
5929
5957
5969
6078
6044
5903
5811
5877
5900
5980
5901
5851
5773
5720
5807
5727
5694
5688
5675
5589
5522
5513
5494
5537
5552
5470
5609
5670
5732
5747
5870
5830
5816
5704
5568
5535
5617
5718
5715
5729
5680
5682
5706
5722
5778
5848
5940
6069
6149
6051
5964
5994
6030
5951
6022
6024
6023
5874
5989
6018
5954
5965
5954
5978
5903
5863
5742
5703
5709
5668
5675
5670
5698
5778
5800
5770
5675
5582
5647
5780
5858
5832
5902
5771
5876
5858
5850
5940
5954
5984
6012
6152
6083
6134
6086
6071
6104
6033
6012
6082
6064
5987
5915
6007
5940
6085
6169
6330
6348
6245
6207
6282
6398
6466
6483
6450
6503
6479
6416
6419
6452
6408
6422
6389
6383
6352
6379
6360
6491
6469
6604
6580
6561
6543
6535
6438
6391
6333
6435
6444
6414
6273
6340
6287
6228
6131
5950
5967
6075
6149
6024
5961
5951
5832
5840
5812
5749
5766
5637
5692
5651
5616
5616
5778
5763
5874
5829
5834
5780
5719
5764
5650
5619
5490
5412
5410
5352
5397
5434
5339
5160
5129
5314
5463
5372
5333
5337
5248
5297
5336
5386
5440
5448
5377
5438
5515
5576
5448
5448
5380
5345
5380
5393
5452
5373
5350
5359
5381
5448
5347
5343
5164
5146
5222
5178
5176
5123
5063
5072
5005
4981
4944
4938
4933
4995
5002
4999
4988
4956
4968
4872
4818
4807
4856
4957
5121
4956
4956
5029
5117
5073
5079
5129
5158
5054
4886
4862
4792
4826
4888
4928
4990
5028
5062
5085
5150
5070
5054
5112
5284
5187
5226
5291
5294
5233
5123
5140
5093
5077
5105
5140
5178
5140
5157
5210
5204
5156
5287
5102
5048
5154
5120
5085
5133
5098
5082
4984
5012
4985
5102
4976
4920
4848
4763
4688
4724
4680
4705
4721
4636
4638
4672
4776
4712
4659
4698
4714
4772
4780
4829
4691
4673
4605
4565
4533
4570
4584
4540
4495
4573
4586
4583
4616
4665
4783
4830
4781
4863
4770
4776
4799
4780
4799
4750
4745
4816
4804
4816
4787
4772
4817
4929
4977
5101
5068
5070
5162
5173
5100
5116
5286
5268
5268
5311
5325
5266
5247
5276
5242
5200
5236
5237
5283
5289
5309
5319
5358
5244
5263
5298
5286
5349
5258
5287
5320
5361
5451
5401
5392
5531
5474
5454
5465
5423
5474
5477
5591
5605
5586
5485
5450
5577
5692
5842
5771
5764
5884
5914
5946
5975
6015
6143
6203
6313
6264
6306
6368
6453
6468
6462
6465
6498
6343
6348
6172
6229
6312
6197
6217
6190
6252
6344
6425
6421
6324
6316
6185
6013
5949
5921
5950
5935
5984
5953
5896
5895
5956
5872
5937
5902
5855
5903
5832
5788
5753
5740
5783
5737
5808
5817
5815
5878
5875
5852
5735
5681
5710
5716
5759
5701
5727
5668
5847
5762
5696
5573
5623
5715
5701
5772
5676
5671
5630
5642
5623
5555
5450
5521
5601
5575
5545
5544
5413
5406
5371
5344
5321
5403
5393
5459
5654
5626
5732
5783
5751
5738
5634
5714
5742
5675
5607
5649
5711
5611
5526
5661
5596
5605
5609
5621
5667
5769
5656
5630
5608
5527
5619
5581
5581
5622
5614
5477
5646
5702
5649
5693
5585
5577
5447
5484
5495
5700
5713
5744
5735
5786
5816
5746
5906
5879
5850
5854
5812
5839
5793
5894
5879
5860
5901
5886
5854
5888
6023
6059
5866
5906
5996
5854
5773
5794
5731
5672
5683
5788
5889
5985
5951
6066
6127
6086
6180
6291
6233
6262
6247
6241
6255
6310
6328
6188
6189
6219
6408
6433
6410
6473
6585
6466
6433
6477
6529
6582
6519
6491
6360
6332
6418
6304
6406
6475
6439
6366
6334
6298
6261
6259
6171
6274
6134
6139
6131
6218
6364
6280
6193
6252
6208
6364
6390
6328
6315
6307
6300
6328
6347
6379
6314
6374
6370
6368
6402
6446
6366
6380
6464
6509
6415
6389
6423
6409
6439
6353
6260
6317
6274
6328
6399
6369
6346
6323
6399
6292
6256
6321
6172
6122
6149
5922
6133
6146
6159
5968
5924
5859
5872
6013
5864
5872
5982
6149
6087
5986
5993
5826
5845
5806
5841
5756
5646
5701
5706
5632
5555
5446
5521
5507
5469
5495
5510
5527
5469
5404
5467
5481
5392
5401
5435
5461
5557
5469
5444
5481
5511
5445
5548
5544
5459
5503
5374
5431
5426
5372
5363
5418
5381
5383
5501
5503
5640
5431
5453
5505
5476
5382
5478
5532
5441
5442
5390
5312
5352
5467
5370
5361
5355
5266
5272
5342
5301
5285
5167
5291
5365
5375
5450
5574
5614
5691
5781
5861
5886
5874
5716
5742
5628
5633
5601
5607
5656
5587
5712
5727
5700
5581
5610
5552
5556
5535
5511
5585
5596
5509
5625
5557
5549
5436
5362
5371
5439
5420
5583
5621
5596
5646
5751
5900
5891
5870
5677
5717
5664
5739
5769
5637
5513
5314
5315
5241
5249
5264
5363
5483
5486
5566
5565
5603
5745
5769
5983
6091
6071
5997
6048
5961
5861
5838
5726
5710
5698
5672
5657
5735
5771
5902
5897
5909
5871
5917
6001
6039
6059
6088
6049
6076
6117
6048
5981
5903
5855
5854
5839
5862
5824
5822
5842
5700
5758
5780
5807
5768
5799
5924
5937
6017
5895
5887
5976
5984
5919
5786
5736
5705
5776
5754
5690
5738
5656
5517
5530
5664
5638
5634
5760
5759
5859
5903
5892
5859
5883
5917
5891
5788
5679
5646
5746
5732
5721
5727
5745
5721
5742
5758
5756
5950
5923
5960
5772
5854
5903
5878
5867
5851
6021
6038
6158
6194
6154
6104
6069
6097
6033
6026
6018
6128
6136
5983
6063
6117
6176
6238
6246
6262
6310
6392
6445
6418
6536
6397
6478
6510
6601
6550
6654
6669
6603
6666
6733
6749
6831
6782
6793
6871
6835
6666
6577
6588
6615
6623
6703
6587
6586
6575
6600
6612
6547
6487
6643
6743
6758
6706
6782
6703
6713
6707
6799
6841
6778
6789
6702
6629
6547
6668
6727
6674
6648
6596
6787
6889
6856
6908
6929
6805
6850
6879
6841
6750
6852
6936
7020
6896
6916
6803
6769
6741
6684
6827
6895
6920
6958
6899
6838
6760
6772
6868
6712
6693
6753
6807
6670
6609
6497
6636
6675
6657
6532
6550
6550
6493
6511
6459
6327
6302
6329
6307
6375
6409
6264
6121
6135
6172
6078
5897
5937
5910
6096
6066
5978
6088
6222
6177
6161
6149
6102
6112
6266
6258
6202
6190
6117
6125
6047
6107
6044
5852
6019
6179
6072
5977
6122
6055
6032
6015
5976
6081
6068
6076
6145
6135
6287
6270
6286
6247
6135
6103
6109
6114
6099
6196
6353
6328
6210
6326
6317
6212
6171
6187
6033
6095
6165
6084
6144
6163
6057
6010
5954
5913
5906
5996
5914
5922
5825
5906
5953
5918
5906
5808
5843
5913
5969
6006
6005
5883
5945
5916
5826
5886
5984
5919
6036
5994
5855
5911
5857
5823
5749
5689
5754
5844
5814
5892
5894
6006
5948
5960
5990
6033
6111
5971
6072
6158
6018
6010
6052
6165
6233
6204
6175
6141
6055
6001
5992
5979
6015
5942
5923
5956
6099
6202
6285
6187
6248
6271
6144
6112
6070
5989
6013
6088
6097
5908
5942
5977
5988
6010
5963
6153
6171
6143
5996
5944
5858
5857
5873
5779
5768
5649
5642
5706
5731
5733
5546
5516
5577
5490
5514
5497
5449
5374
5532
5639
5716
5588
5518
5566
5567
5600
5585
5700
5750
5845
5856
5881
5951
5870
5819
5841
5795
5863
5911
5756
5774
5717
5739
5616
5567
5799
5828
5884
5864
5951
5902
5956
6053
6062
5863
5912
5896
5906
5799
5701
5670
5562
5433
5429
5503
5594
5589
5563
5605
5690
5665
5585
5469
5537
5574
5420
5415
5461
5492
5391
5341
5509
5520
5686
5617
5736
5672
5730
5776
5758
5756
5807
5874
5736
5724
5611
5707
5675
5789
5836
5734
5617
5901
5999
6010
6167
6023
6019
6172
6081
5995
6020
6027
5875
5716
5685
5735
5868
5921
5875
5830
5780
5816
5797
5770
5863
5723
5771
5757
5722
5746
5674
5748
5733
5719
5761
5572
5527
5604
5615
5590
5480
5447
5410
5439
5429
5378
5310
5331
5301
5278
5345
5128
5119
5228
5362
5262
5364
5325
5270
5202
5261
5290
5332
5256
5306
5324
5123
5000
4968
4880
5077
5003
5057
5034
4985
5037
5119
5212
5047
5080
5070
5099
5071
5060
5092
5061
5067
4912
5022
5065
5049
5019
5094
5038
5153
5103
5080
5101
5234
5265
5286
5278
5173
5188
5198
5161
5160
5034
5214
5236
5351
5423
5362
5424
5431
5528
5416
5539
5538
5553
5419
5495
5474
5425
5515
5513
5461
5460
5357
5458
5522
5670
5797
5874
5958
6067
6047
6135
6232
6155
6201
6156
6125
6184
6236
6144
6128
6068
6011
6031
6100
6148
6199
6239
6362
6394
6350
6446
6411
6370
6191
6214
6249
6191
6203
6239
6409
6352
6436
6512
6480
6371
6501
6502
6560
6552
6589
6442
6513
6494
6573
6504
6525
6457
6413
6326
6407
6457
6407
6533
6586
6577
6555
6636
6751
6758
6716
6616
6562
6521
6410
6466
6575
6558
6606
6726
6783
6779
6567
6536
6453
6425
6473
6504
6625
6688
6679
6682
6738
6704
6610
6648
6590
6684
6557
6527
6549
6506
6458
6504
6430
6437
6421
6540
6505
6536
6499
6421
6399
6311
6283
6322
6453
6562
6595
6575
6479
6463
6484
6536
6456
6381
6253
6168
6287
6244
6187
6324
6237
6198
6203
6181
6216
6100
6113
6231
6193
6242
6285
6413
6433
6468
6366
6369
6272
6137
5943
6046
6134
6185
6166
6174
6149
6128
6055
5984
6094
6168
6098
6196
6239
6234
6112
6046
6087
6038
6047
5997
5947
5985
5899
5771
5690
5592
5488
5486
5398
5504
5508
5519
5603
5605
5648
5631
5513
5517
5494
5463
5528
5455
5506
5482
5396
5492
5493
5647
5614
5519
5428
5467
5351
5423
5454
5418
5338
5300
5251
5242
5315
5206
5164
5122
5228
5227
5304
5372
5331
5423
5361
5377
5369
5307
5218
5230
5260
5127
5166
5221
5067
5029
4976
4986
5004
5002
4876
4822
4823
4777
4752
4800
4829
4852
4892
4946
5020
5067
5170
5162
5172
5277
5293
5177
5255
5232
5296
5252
5297
5276
5278
5277
5364
5426
5504
5466
5512
5473
5441
5479
5501
5482
5533
5618
5620
5483
5670
5672
5696
5657
5784
5793
5784
5792
5711
5736
5724
5839
5868
5936
5897
6084
6077
6192
6151
6186
6088
6068
6093
6082
6043
6078
6034
5971
5919
5859
5806
5909
5778
5853
5776
5668
5591
5569
5718
5896
5959
5768
5761
5797
5823
5850
5903
5853
5765
