505000
200709
141594
110937
91746
79386
69504
62389
56933
52033
48064
44944
41819
38940
36236
34533
32757
31078
29641
28407
27131
26374
25544
24728
23862
22992
22212
21493
20763
20220
19786
19015
18818
18391
17977
17465
16966
16454
16164
15706
15322
15386
15304
15018
14730
14419
14174
13993
13898
13825
13644
13548
13431
13152
12871
12927
12919
12814
12617
12688
12548
12533
12399
11977
11748
11638
11446
11303
11086
10926
10872
10492
10325
10151
10153
9887
10031
9915
9961
10012
10112
10094
10291
10064
9882
9688
9584
9516
9456
9359
9294
9156
9201
9176
9240
8997
8992
8876
8723
8687
8625
8571
8432
8363
8261
8151
8186
7991
8042
8024
7881
7786
7731
7512
7332
7304
7240
7183
7137
7193
7277
7170
7104
7240
7132
7119
7114
6983
6950
6926
7063
7141
7038
7093
7082
7137
7187
7120
6891
6968
6999
7084
6992
6961
6923
6944
6999
7047
7086
7135
7136
7177
7173
7135
7081
6980
6924
6867
6816
6704
6648
6769
6597
6531
6424
6428
6596
6515
6542
6330
6295
6144
6077
6025
6042
6026
5971
6039
6086
6006
6074
6060
5986
5911
5814
5680
5780
5884
5758
5752
5705
5768
5724
5762
5837
5817
5756
5848
5682
5725
5791
5739
5705
5724
5737
5758
5709
5677
5640
5681
5763
5789
5888
6029
5892
6008
6043
5964
6040
5954
5803
5860
5920
5843
5859
5787
5702
5753
5761
5764
5771
5826
5924
5956
5838
5919
6006
5974
5830
5923
5862
5842
5869
5783
5819
5769
5595
5628
5766
5783
5806
5865
5895
5847
5874
5944
6075
6122
6145
6077
6221
6328
6476
6602
6520
6461
6370
6390
6443
6360
6416
6568
6549
6328
6342
6320
6301
6349
6362
6444
6506
6414
6393
6449
6456
6441
6358
6264
6229
6133
6092
6059
6085
6080
5998
5942
6024
6038
5944
5955
5957
6084
6133
6103
6074
6056
5962
5912
5859
5898
5930
5863
5862
6003
6051
5984
5941
5874
5892
5875
5837
5946
5896
5895
5907
5955
5879
5906
5855
5875
5937
5850
5825
5830
5750
5667
5609
5566
5530
5499
5547
5607
5599
5650
5724
5626
5650
5671
5668
5735
5764
5737
5815
5832
5793
5821
5750
5679
5614
5732
5825
5740
5832
5803
5761
5832
5888
5929
5872
5868
5884
5869
5816
5767
5785
5813
5884
5853
5804
5681
5670
5549
5596
5553
5574
5571
5686
5761
5817
5822
5994
6094
6032
6158
6142
6190
6176
6117
6072
5973
6025
6046
6029
6060
6101
6016
6143
6181
6132
6148
6194
6238
6159
6219
6244
6224
6337
6380
6334
6336
6316
6374
6540
6488
6546
6571
6528
6561
6422
6485
6352
6439
6376
6310
6233
6260
6158
6111
6094
5904
5952
6052
5990
6098
6009
5825
5716
5624
5528
5534
5577
5637
5632
5666
5635
5547
5444
5527
5523
5474
5444
5463
5448
5331
5316
5426
5360
5420
5437
5509
5484
5478
5612
5628
5668
5683
5636
5697
5661
5676
5626
5681
5627
5484
5660
5536
5668
5759
5651
5648
5597
5499
5584
5478
5571
5704
5692
5721
5734
5819
5905
6025
5950
5918
5960
5920
6017
6043
6020
5883
5808
5697
5698
5783
5754
5578
5579
5566
5516
5549
5595
5569
5771
5771
5674
5737
5700
5605
5463
5446
5427
5498
5540
5618
5667
5792
5752
5732
5722
5740
5894
5767
5681
5769
5696
5784
5871
5924
5946
5987
5978
5867
5870
5905
5911
5899
6000
6019
6062
6085
5988
6030
6147
6151
6229
6192
6201
6171
6047
6192
6195
6125
6280
6239
6178
6067
5951
5972
5985
6048
6150
6097
6094
5996
5868
5921
5881
5968
5900
5895
5874
5845
5857
5897
5801
5817
5806
5806
5738
5887
6021
6049
6063
6062
6157
6223
6209
6172
6151
6148
6067
6151
6068
6032
5957
5904
5952
5837
5780
5759
5638
5663
5659
5754
5724
5784
5795
5822
5885
5883
5857
5837
5882
5844
5848
5891
5922
6043
6077
6119
5978
5877
5803
5826
5775
5685
5713
5733
5686
5679
5706
5601
5657
5746
5764
5727
5839
5822
5792
5953
6013
5960
5956
5988
6084
6104
5991
6079
6009
6028
5929
5978
5846
5837
5812
5786
5655
5658
5718
5664
5602
5643
5583
5605
5728
5753
5714
5638
5725
5639
5729
5820
5857
5925
5799
5740
5632
5592
5720
5641
5824
5897
5856
5810
5778
5761
5716
5679
5685
5697
5698
5600
5506
5443
5462
5643
5646
5645
5600
5588
5509
5498
5456
5518
5473
5407
5400
5397
5376
5559
5537
5484
5649
5716
5685
5721
5704
5660
5653
5716
5708
5516
5504
5335
5163
5088
5001
4933
5055
5207
5238
5302
5197
5068
5147
5084
5193
5203
5233
5266
5234
5226
5114
5171
5116
5123
5217
5152
5340
5340
5335
5347
5375
5388
5265
5273
5199
5195
5177
5222
5047
5136
5139
5186
5178
5187
5226
5259
5297
5179
5106
5129
5052
5170
5139
5316
5397
5409
5468
5567
5579
5695
5798
5871
5779
5733
5783
5686
5499
5537
5441
5371
5462
5367
5480
5565
5698
5559
5573
5429
5410
5455
5429
5437
5513
5509
5470
5423
5476
5575
5552
5460
5439
5517
5522
5564
5574
5535
5598
5729
5862
5840
5846
5698
5743
5906
5865
5992
6015
6113
6062
6224
6211
6154
6015
5998
6042
6041
5988
5995
6038
5967
6006
5926
5961
5937
5883
5863
5769
5758
5721
5756
5660
5791
5724
5740
5696
5766
5776
5740
5723
5745
5718
5870
5878
5817
5749
5717
5655
5686
5506
5430
5529
5500
5387
5553
5541
5560
5626
5622
5543
5533
5522
5535
5524
5454
5532
5640
5596
5604
5554
5547
5539
5431
5454
5517
5487
5300
5372
5489
5564
5372
5297
5240
5138
5070
5187
5144
5118
5123
5098
5053
4973
4898
4949
4928
4851
4918
4995
4948
4872
4955
4855
4638
4638
4687
4587
4737
4709
4657
4606
4694
4737
4872
4735
4821
4783
4823
4768
4776
4769
4705
4744
4768
4911
4842
4905
4866
4869
4860
5013
4960
5005
4917
4786
4763
4801
4678
4713
4771
4745
4706
4715
4687
4698
4617
4709
4653
4693
4612
4494
4564
4709
4715
4759
4814
4846
4729
4853
4861
4843
4652
4580
4530
4570
4622
4613
4651
4661
4705
4688
4728
4740
4799
4855
4906
4904
4932
4794
4858
4747
4757
4769
4848
4814
4866
4868
4846
4759
4703
4763
4736
4734
4756
4874
4795
4846
4847
4914
4897
5021
5079
5142
5098
5055
5232
5174
5095
5088
5110
5188
5260
5361
5331
5354
5340
5364
5461
5542
5574
5654
5749
5658
5726
5738
5643
5517
5424
5469
5652
5758
5787
5837
5840
5851
5855
5830
5910
5850
5818
5896
5947
5993
5936
5854
5746
5708
5792
5765
5677
5596
5743
5702
5759
5681
5628
5557
5508
5657
5726
5593
5590
5428
5360
5478
5439
5508
5643
5723
5665
5670
5704
5625
5622
5539
5511
5529
5569
5547
5572
5689
5765
5853
5695
5645
5491
5468
5398
5339
5345
5306
5279
5219
5175
5143
5221
5253
5406
5355
5286
5262
5233
5279
5336
5294
5224
5211
5177
5049
5073
4992
4906
4912
4931
5008
4998
5100
5052
5057
5027
4933
4928
4926
4958
4963
4982
4819
4854
4966
4986
5006
5022
4973
5001
5060
5193
5085
5079
5182
5089
5153
5249
5174
5247
5216
5292
5392
5426
5508
5672
5657
5609
5692
5607
5640
5523
5516
5522
5667
5692
5789
5807
5794
5971
6016
5872
5803
5849
5746
5771
5841
5891
5868
5699
5701
5734
5663
5741
5733
5771
5702
5713
5676
5721
5594
5599
5618
5580
5575
5479
5547
5424
5416
5438
5340
5290
5219
5178
5011
5010
5116
5170
5212
5119
5025
5046
5081
5063
4986
5053
5073
5164
5001
4988
5028
5010
4951
4922
4913
4978
5025
4979
4894
4970
4934
4948
4976
5011
5055
5059
4938
4855
4907
4874
4908
4930
5118
5081
5090
5021
4979
4952
4957
5019
4923
5005
5068
5066
5123
5286
5293
5429
5487
5573
5589
5601
5732
5802
5858
5858
5838
5774
5779
5789
5734
5800
5799
5676
5695
5785
5756
5681
5714
5665
5737
5624
5672
5672
5682
5713
5632
5638
5578
5503
5455
5429
5563
5450
5509
5601
5679
5588
5621
5663
5534
5620
5614
5621
5616
5690
5704
5695
5661
5703
5669
5690
5569
5691
5699
5733
5729
5690
5774
5712
5641
5651
5701
5744
5732
5703
5654
5642
5639
5553
5607
5637
5511
5500
5441
5549
5473
5583
5494
5578
5604
5522
5509
5555
5440
5500
5521
5681
5704
5742
5681
5745
5755
5880
5828
5833
5834
5757
5767
5723
5755
5766
5781
5867
5794
5894
5982
5961
5894
5902
5833
5834
5822
5947
6040
6001
6074
6174
6174
6148
6164
6144
6163
6080
6080
6150
6198
6230
6097
6194
6338
6376
6436
6486
6529
6601
6663
6747
6855
6836
6889
6887
7029
7070
7128
7145
7160
7111
7080
7106
7149
7101
6906
6856
6939
6859
6897
6943
7102
7145
7200
7309
7256
7223
7342
7394
7481
7506
7418
7421
7399
7376
7436
7377
7402
7326
7343
7254
7125
6980
7024
7006
7113
7065
7361
7285
7361
7281
7237
7212
7303
7192
7106
7114
7222
7091
7054
6997
6895
7019
7130
7340
7247
7198
7134
7080
7157
7131
7214
7225
7228
7114
7045
6990
6960
6999
7024
7009
7072
7077
7016
6992
6929
7002
6849
6888
6845
6830
6840
6864
6659
6702
6693
6674
6674
6644
6559
6575
6470
6448
6444
6418
6403
6405
6293
6210
6300
6327
6412
6339
6416
6630
6589
6538
6522
6309
6264
6425
6558
6596
6614
6496
6323
6271
6387
6419
6576
6565
6595
6519
6476
6512
6424
6310
6307
6347
6347
6280
6191
6103
6192
6242
6254
6233
6109
6134
6058
6143
6083
5900
5858
5872
5926
5906
5895
5844
5703
5702
5606
5586
5697
5666
5640
5701
5733
5723
5484
5600
5683
5844
5839
5817
5718
5650
5680
5748
5696
5795
5818
5818
5740
5864
5893
5923
5999
5942
5948
6009
6088
6000
6067
6031
5932
5961
6021
5989
5937
6014
6011
5914
5965
5830
5798
5801
5761
5774
5793
5777
5736
5851
5677
5618
5453
5470
5548
5524
5496
5500
5562
5502
5494
5527
5591
5510
5314
5383
5503
5431
5423
5540
5587
5655
5633
5703
5609
5497
5415
5397
5448
5471
5502
5571
5483
5614
5682
5634
5738
5725
5772
5720
5640
5463
5540
5554
5491
5343
5419
5460
5619
5690
5621
5571
5604
5735
5607
5672
5720
5778
5755
5786
5690
5839
5861
5742
5781
5758
5688
5759
5809
5942
5862
5814
5871
5799
5765
5767
5854
5898
6030
6084
6081
6112
6050
6039
5958
5957
6033
6141
6108
5985
6147
6034
6027
6051
5914
5801
5859
5736
5724
5739
5761
5756
5697
5700
5798
5867
5736
5828
5701
5895
5882
5859
5905
5796
5811
5764
5763
5726
5706
5589
5441
5443
5482
5490
5469
5486
5510
5470
5464
5419
5456
5444
5399
5409
5375
5212
5265
5269
5244
5312
5333
5306
5383
5318
5284
5282
5312
5317
5323
5339
5333
5381
5313
5299
5409
5442
5537
5599
5611
5653
5599
5598
5630
5669
5554
5587
5566
5546
5535
5602
5619
5695
5692
5851
5884
5729
5764
5685
5758
5696
5635
5660
5710
5766
5706
5584
5576
5611
5588
5710
5819
5867
5856
5946
6081
6130
6217
6295
6167
6149
6089
5985
5856
5895
5984
5951
6024
5879
5829
5996
6050
6013
6012
5945
5935
5898
5950
6030
5906
5755
5711
5705
5672
5580
5617
5618
5524
5542
5552
5474
5464
5546
5593
5455
5327
5290
5283
5333
5399
5310
5317
5232
5352
5403
5477
5433
5283
5321
5389
5448
5396
5258
5279
5357
5378
5433
5378
5472
5495
5379
5327
5261
5301
5259
5206
5236
5230
5151
5062
5138
5183
5218
5219
5038
4955
4885
4826
4881
4925
4828
4863
4904
4909
4948
4938
5034
4972
4906
4969
4948
4900
4805
4857
4752
4809
4844
4772
4840
4698
4653
4671
4617
4635
4566
4644
4572
4501
4552
4572
4637
4743
4791
4847
4792
4793
4846
4872
4764
4713
4645
4613
4692
4714
4720
4644
4730
4793
4677
4784
4724
4752
4685
4635
4593
4636
4589
4660
4620
4727
4783
4776
4821
4921
4936
4805
4824
4744
4722
4761
4737
4888
4924
4917
4906
4911
4876
4921
4959
4861
4890
4856
4750
4853
4841
4844
4740
4909
4959
4924
5011
5038
5010
4960
4939
4872
4917
4886
4867
4941
4953
4929
4827
4911
4832
5018
5023
4997
4972
4909
4806
4860
4928
4910
4825
4820
4911
4925
4883
4926
4956
4875
4995
4971
4943
4976
4968
5061
5104
5138
5148
5145
5187
5063
5049
5162
5172
5171
5167
5264
5304
5439
5520
5448
5578
5407
5441
5604
5648
5695
5771
5946
5875
5883
5858
5813
5753
5822
5943
5860
5866
5897
5809
5834
5748
5744
5754
5835
5841
5714
5624
5728
5749
5758
5627
5539
5533
5470
5405
5555
5558
5520
5520
5397
5344
5355
5387
5321
5394
5382
5505
5583
5554
5689
5681
5749
5627
5774
5700
5652
5738
5714
5755
5748
5772
5793
5800
5913
6086
6122
6133
6032
6126
6189
6153
6185
6197
6167
6158
6187
6243
6221
6051
6186
6277
6346
6233
6177
6150
6130
6133
6106
6120
6024
6019
6020
6142
6080
6008
6076
6027
6077
6057
6028
5772
5761
5737
5855
5820
5826
5739
5757
5695
5750
5810
5813
5881
6001
6068
6027
6089
6145
6027
5976
6071
6096
6134
6237
6244
6219
6294
6403
6391
6451
6405
6386
6226
6228
6192
6258
6195
6311
6253
6183
6147
6211
6167
6148
6047
6224
6130
6170
6233
6294
6294
6243
6356
6402
6356
6426
6494
6597
6579
6469
6468
6368
6370
6319
6371
6359
6351
6308
6299
6303
6375
6441
6452
6440
6353
6266
6201
6246
6324
6344
6314
6250
6352
6382
6363
6403
6496
6454
6406
6234
6211
6175
6049
6086
6238
6293
6034
5882
6048
6004
5850
5902
5904
6109
6141
6276
6346
6247
6124
5989
6038
5961
5813
5846
5920
5833
5721
5814
5929
5988
5877
5930
5903
5920
5996
5958
6102
5979
5896
5939
6084
6117
5999
5983
5919
5864
5789
5811
5874
5808
5881
5842
6009
5983
5861
5846
5831
5937
5924
5789
5734
5754
5820
5848
5969
5989
6011
6020
5875
5882
5832
5772
5958
5920
5908
5729
5728
5634
5598
5699
5935
5829
5691
5786
5689
5633
5669
5716
5726
5591
5550
5461
5577
5663
5765
5798
5585
5633
5629
5566
5569
5604
5647
5655
5572
5618
5605
5575
5455
5566
5616
5631
5580
5655
5563
5447
5467
5593
5557
5489
5442
5468
5500
5495
5436
5405
5339
5228
5281
5098
5070
5107
5139
5107
5182
5144
5139
5241
5374
5355
5240
5236
5188
5289
5295
5323
5385
5368
5412
5401
5410
5406
5365
5335
5397
5436
5491
5432
5463
5547
5518
5520
5419
5494
5542
5568
5566
5537
5486
5501
5348
5349
5279
5266
5430
5434
5493
5430
5266
5328
5255
5241
5284
5258
5212
5312
5218
5082
5025
5012
5054
4988
4904
4840
4809
4738
4757
4788
4741
4779
4796
4852
4870
4935
4956
4948
4864
4818
4963
4981
4996
5057
5074
5035
5110
5022
4994
4962
4995
5090
4988
4955
4952
4914
4878
4781
4784
4808
4880
4840
4709
4744
4818
4948
4838
4819
4884
4821
4856
4810
4885
4897
4752
4671
4721
4725
4822
4712
4725
4782
4726
4804
4909
4893
4898
4870
4929
4869
4876
4922
4914
5021
4876
4791
4810
4918
4993
4993
5087
5144
5094
5159
5215
5100
5137
5166
5251
5244
5232
5150
5158
5081
4968
5018
4943
4904
4835
4826
4914
4777
4707
4578
4621
4688
4691
4711
4628
4760
4727
4900
4989
5021
4977
4921
4947
4939
4882
4960
5031
4930
4961
4896
5003
5008
4962
5036
5103
5063
5086
5066
5043
4969
5006
5004
5045
5115
5124
5070
5031
5001
5041
5060
5101
5078
5088
5063
5057
5023
4950
4943
4950
5025
4948
4961
4873
4934
4957
4950
4888
4948
5033
5108
5095
5025
5054
5008
4944
4991
4919
4866
4783
4756
4712
4662
4650
4609
4523
4456
4427
4529
4527
4634
4654
4598
4561
4488
4579
4622
4602
4561
4609
4651
4579
4566
4551
4648
4723
4744
4742
4675
4745
4789
4764
4732
4833
4876
4911
4762
4790
4702
4630
4692
4705
4779
4618
4606
4559
4561
4577
4645
4492
4487
4495
4467
4551
4532
4483
4361
4400
4460
4359
4248
4337
4339
4304
4348
4272
4307
4253
4320
4301
4471
4538
4617
4702
4717
4719
4792
4718
4577
4520
4580
4645
4644
4623
4607
4558
4559
4734
4723
4677
4727
4698
4732
4607
4719
4714
4781
4618
4663
4649
4660
4643
4596
4710
4658
4588
4626
4620
4626
4677
4657
4614
4591
4355
4541
4627
4786
4799
4854
4958
4952
4826
4781
4696
4673
4656
4789
4836
4757
4798
4778
4817
4863
4883
4812
4830
4904
4855
4770
4856
4880
4735
4723
4699
4625
4738
4747
4867
4943
4934
4992
5079
5099
5152
5185
5130
5107
5023
5107
5091
5044
5069
5188
5088
5044
4974
4997
5043
4997
4867
4916
4990
4847
4956
4968
5013
5015
5043
5018
5161
5132
5137
5115
5164
5193
5234
5237
5153
5265
5242
5272
5154
5120
5051
5180
5172
5302
5235
5371
5204
5297
5313
5275
5285
5213
5187
5182
5217
5102
5075
5022
5059
5099
5002
4976
5057
5120
5050
5096
4927
4983
4887
4993
5032
5034
5032
4946
5072
5087
5065
4900
5028
5009
5088
5104
5098
5087
5033
4966
4875
4826
4811
4705
4755
4781
4694
4858
4907
4921
4931
5000
4952
4951
4980
4899
4828
4853
4898
4936
5012
5095
5070
5144
5153
5127
5241
5329
5287
5226
5253
5162
5136
5168
5218
5251
5282
5295
5364
5320
5288
5461
5421
5516
5522
5576
5577
5631
5681
5648
5619
5659
5693
5687
5603
5503
5487
5555
5570
5590
5387
5288
5211
5231
5264
5233
5290
5295
5351
5350
5335
5258
5234
5221
5210
5288
5251
5178
5201
5092
5000
5051
5045
5112
5208
5144
5228
5203
5208
5175
5133
5125
5161
5289
5323
5276
5330
5322
5243
5306
5422
5477
5458
5501
5556
5495
5509
5478
5452
5521
5582
5554
5443
5473
5389
5383
5352
5262
5236
5243
5201
5279
5110
5229
5197
5258
5281
5353
5426
5397
5370
5164
5081
5002
4986
5045
5157
5131
5133
5175
5172
5155
5204
5157
5226
5161
5121
5169
5184
5129
5123
4985
5031
4879
4827
4875
4801
4876
4912
4867
4836
4760
4845
4860
4851
4889
5045
5010
4936
4970
4958
4968
4977
5021
5047
5067
5139
5118
5165
5176
5248
5267
5255
5226
5133
5130
5076
5053
5011
4964
4993
4975
4965
4922
4937
5001
4972
5053
5121
5199
5135
5067
5145
5033
5024
5047
5096
5197
5195
5221
5062
5082
5037
4914
4954
4992
5021
4948
4925
4995
4925
4899
4845
4875
5006
5005
4987
5007
5097
5104
5211
5238
5273
5219
5300
5147
5189
5097
5233
5219
5123
5275
5165
5286
5412
5472
5545
5438
5433
5279
5275
5200
5227
5212
5318
5363
5347
5257
5349
5323
5399
5441
5505
5431
5402
5418
5389
5412
5520
5461
5461
5479
5411
5430
5466
5535
5487
5588
5576
5492
5637
5496
5500
5711
5733
5746
5706
5603
5597
5695
5663
5568
5557
5642
5549
5563
5515
5367
5378
5304
5357
5440
5504
5436
5501
5531
5642
5639
5620
5599
5600
5711
5718
5626
5559
5557
5594
5398
5425
5377
5203
5181
5050
5069
5054
5143
5235
5285
5154
5280
5186
5142
5201
5350
5396
5352
5275
5283
5440
5399
5428
5326
5458
5453
5533
5534
5486
5573
5549
5685
5707
5724
5703
5709
5638
5665
5764
5714
5871
5899
5971
5908
5903
5889
5867
5878
5992
6092
6209
6212
6352
6407
6328
6259
6429
6454
6632
6627
6611
6610
6661
6705
6728
6818
6812
6778
6697
6621
6600
6565
6485
6528
6496
6562
6619
6560
6450
6489
6431
6275
6186
6217
6361
6341
6324
6302
6267
6163
6096
6137
6102
6163
6303
6287
6319
6271
6162
6059
6140
6114
6172
6109
5983
6001
5931
6001
5855
5776
5924
5866
5994
5870
5831
5837
5826
5758
5837
5994
6139
6125
6116
6078
6145
6065
6068
5920
5866
5801
5733
5844
5911
5925
5958
5851
5817
5935
5899
6000
5924
5882
5981
6097
6093
6035
5876
5912
5909
5823
5735
5709
5767
5801
5835
5884
5918
5768
5779
5861
5909
6074
5997
5951
6079
6021
6023
5938
5826
5885
5919
5867
5737
5805
5744
5690
5620
5665
5661
5614
5632
5539
5474
5501
5585
5519
5522
5620
5741
5633
5620
5613
5641
5632
5732
5897
5975
5822
5698
5690
5731
5770
5763
5704
5648
5671
5675
5720
5739
5645
5723
5662
5751
5755
5741
5743
5761
5834
5805
5956
5864
5886
5840
5851
5772
5846
5760
5807
5778
5749
5710
5628
5744
5649
5611
5557
5642
5761
5555
5477
5527
5451
5458
5573
5586
5616
5660
5691
5704
5720
5630
5485
5491
5498
5504
5421
5457
5468
5473
5559
5435
5412
5390
5377
5400
5425
5418
5419
5426
5435
5600
5708
5627
5651
5763
5836
5810
5944
5979
6060
6038
5958
5879
5995
6056
6072
6071
5986
6037
6093
6138
5996
6165
6158
6204
6226
6145
6132
6197
6287
6255
6377
6351
6485
6507
6497
6531
6508
6522
6298
6276
6367
6380
6349
6378
6486
6497
6565
6431
6405
6398
6388
6259
6114
5965
6038
5995
6033
5898
5937
6005
5998
5868
5808
5839
5850
5686
5680
5620
5658
5580
5667
5609
5710
5843
5891
5969
5980
5947
5924
5929
6037
6031
6030
6190
6241
6277
6271
6242
6278
6223
6216
6162
6126
6211
6299
6437
6486
6392
6439
6423
6304
6119
6181
6039
6114
6126
6310
6220
6079
6217
6123
6144
6265
6034
5979
5880
5809
5879
5731
5723
5759
5757
5836
5795
6010
5926
5932
5911
6022
5949
5921
5829
5779
5635
5653
5702
5551
5590
5646
5552
5629
5588
5516
5526
5561
5657
5682
5770
5756
5800
5805
5758
5762
5868
5881
5830
5830
5831
5876
5877
5979
6032
6086
6059
6028
6073
5988
5958
5985
5817
5867
5858
5816
5734
5705
5586
5562
5554
5491
5475
5354
5449
5362
5387
5309
5163
5111
5199
5214
5233
5232
5304
5246
5286
5364
5256
5353
5293
5347
5386
5448
5555
5636
5795
5831
5907
5889
5806
5861
5811
5892
5909
5786
5787
5832
5804
5909
6044
6252
6298
6269
6145
6062
6043
6008
6095
6275
6210
6146
6190
6242
6118
6068
6178
6170
6219
6378
6328
6318
6190
6236
6236
6216
6290
6383
6314
6281
6314
6314
6415
6419
6321
6365
6316
6397
6475
6567
6534
6482
6339
6217
6241
6311
6317
6258
6315
6171
6177
6079
6149
6100
6076
6134
6097
6077
6077
5942
5875
5908
5841
5800
5624
5605
5627
5728
5760
5876
6002
5922
5988
6037
6108
6068
6071
6115
6098
6050
5924
5882
5858
5838
5765
5854
5864
5831
5959
5969
5842
5900
5838
5783
5709
5672
5707
5786
5733
5705
5808
5732
5770
5814
5836
5803
5748
5795
5750
5685
5722
5597
5612
5624
5697
5631
5691
5717
5729
5735
5712
5781
5838
5857
5861
5725
5733
5846
6005
5865
5620
5693
5588
5728
5775
5766
5726
5689
5722
5734
5779
5868
5884
5807
5844
5842
5999
6006
6070
6095
6054
6100
6087
6130
6126
6175
6125
6033
5920
5965
6053
6072
6064
6198
6195
6202
6101
5949
5870
5949
5874
5987
6047
6031
6050
6145
6212
6139
6100
6248
6251
6314
6436
6296
6369
6425
6506
6526
6544
6525
6544
6578
6666
6690
6680
6670
6670
6717
6631
6541
6611
6671
6707
6712
6572
6658
6622
6482
6346
6393
6473
6384
6304
6249
6327
6340
6417
6433
6663
6657
6461
6544
6560
6692
6785
6860
6845
6825
6784
6651
6746
6744
6668
6495
6480
6479
6541
6454
6460
6485
6460
6288
6258
6242
6293
6378
6318
6272
6293
6176
6058
5966
6044
6038
6171
6197
6191
6263
6274
6265
6244
6105
5996
5852
5896
5884
5936
5898
5882
5908
5967
6005
5956
5972
6000
5975
5941
5995
6051
6159
6085
6063
6125
6258
6328
6259
6143
6160
6147
6176
6215
6327
6238
6143
6173
6103
6022
6027
5978
5779
5710
5762
5758
5789
5767
5829
5827
5761
5809
5810
5695
5637
5646
5733
5739
5664
5551
5516
5682
5559
5508
5372
5383
5388
5344
5390
5314
5401
5498
5474
5630
5726
5689
5603
5663
5587
5682
5692
5749
5770
5777
5821
5775
5679
5785
5793
5666
5605
5617
5616
5649
5597
5714
5686
5613
5540
5550
5518
5460
5608
5484
5545
5479
5468
5453
5442
5287
5217
5266
5204
5129
5116
5210
5107
5068
4947
5003
5089
5072
5094
5181
5281
5296
5375
5346
5353
5291
5344
5329
5397
5478
5430
5461
5462
5331
5353
5296
5442
5572
5609
5606
5705
5568
5533
5463
5652
5637
5614
5586
5394
5432
5471
5438
5340
5298
5307
5432
5376
5262
5242
5165
5204
5280
5313
5293
5327
5245
5300
5280
5393
5372
5367
5253
5141
5090
5154
5229
5235
5213
5199
5259
5254
5270
5228
5290
5205
5291
5218
5274
5424
5444
5588
5530
5557
5612
5542
5607
5597
5672
5668
5509
5463
5376
5351
5381
5444
5395
5396
5411
5493
5471
5472
5499
5496
5579
5454
5433
5390
5375
5416
5405
5434
5444
5564
5628
5669
5547
5660
5613
5632
5721
5754
5833
5911
5900
5926
6159
6079
6073
6161
6232
6216
6218
6245
6252
6098
6107
6153
6135
6088
6233
6127
6236
6145
6173
6201
6017
5923
5990
5966
5875
5884
5921
5950
6032
6117
6232
6145
6226
6155
6136
6045
6024
6080
5923
5972
5858
6013
5839
5907
5900
5991
6000
6039
6048
6125
6196
6251
6211
6210
6122
6148
6014
5944
5943
6049
5939
5949
5896
5906
5906
5959
5955
6028
6102
5981
6073
5986
5996
5947
5947
5887
5888
5852
5811
5822
5883
5858
5859
5875
5627
5506
5556
5587
5492
5492
5434
5522
5578
5570
5447
5424
5338
5311
5307
5312
5330
5223
5148
5068
5104
5054
5043
4937
4941
4954
4826
4914
4902
4877
4874
4877
4821
4797
4800
4727
4676
4646
4674
4730
4741
4690
4788
4740
4721
4666
4666
4649
4689
4679
4649
4746
4704
4724
4709
4714
4762
4713
4604
4623
4628
4671
4665
4692
4647
4760
4810
4727
4698
4737
4946
4960
4872
4979
5016
5053
5011
5051
5045
5150
5111
5032
5095
5041
5044
5049
5122
5120
5083
5172
5174
5158
5071
4931
4874
4806
4762
4817
4964
4989
5019
5028
5033
5162
5301
5386
5340
5349
5392
5444
5414
5461
5454
5659
5769
5750
5766
5629
5738
5658
5511
5521
5517
5484
5471
5622
5534
5535
5474
5463
5548
5526
5513
5664
5680
5614
5750
5814
5834
5784
5827
5581
5457
5518
5526
5395
5396
5409
5442
5508
5499
5563
5565
5506
5464
5476
5551
5514
5534
5524
5486
5422
5323
5416
5281
5186
5191
5153
5110
5098
5178
5079
5038
5091
5038
5152
5151
5174
5184
5249
5103
5070
5095
4943
4965
4880
4860
4833
4996
4972
5091
4991
4956
5085
5025
5050
4999
4936
4875
4873
4904
4985
4893
4936
5007
4996
5012
5130
5130
5024
5084
5163
5123
5149
5136
5081
5121
5090
5102
4997
4971
5002
4882
4879
4780
4781
4753
4778
4699
4618
4596
4687
4766
4639
4745
4706
4695
4861
4846
4847
4765
4637
4697
4737
4680
4675
4632
4695
4748
4622
4664
4632
4518
4535
4574
4500
4633
4607
4551
4606
4571
4626
4730
4813
4821
4899
4905
4906
5051
5109
5127
5067
5101
5076
5131
5079
5050
5080
5108
5057
5118
5174
5103
5186
5293
5389
5532
5580
5611
5684
5771
5681
5636
5591
5625
5640
5574
5587
5630
5700
5694
5677
5636
5558
5617
5610
5571
5672
5628
5679
5722
5643
5640
5675
5575
5541
5584
5719
5789
5723
5646
5726
5744
5612
5653
5660
5680
5695
5771
5794
5859
5824
5912
5841
5717
5778
5895
5855
5841
5897
5764
5709
5709
5758
5648
5745
5864
5875
5890
5955
5967
5925
5931
6062
6105
6143
6085
6018
6006
6015
5943
5917
5882
5943
5923
5835
5695
5752
5711
5826
5870
5939
6154
6043
5961
5905
5956
5854
5917
5833
5950
5908
5856
5907
5954
5927
5911
5768
5796
5781
5847
5853
6013
5990
6081
5963
6017
6094
6192
6161
6159
6165
6185
6251
6356
6301
6172
6125
6111
6085
5943
6187
6161
6178
6065
6075
6124
6145
6244
6174
6310
6213
6132
6150
6193
6104
6182
6204
6236
6203
6138
6023
6020
6036
5999
6224
6129
6131
6062
6091
6093
5958
5944
5881
5916
5917
5869
5944
6004
5964
6054
6123
6079
6178
6063
6033
6038
6104
5994
5962
5964
5982
5877
5818
5753
5653
5701
5659
5694
5776
5728
5813
5830
5696
5771
5772
5819
5632
5633
5575
5552
5688
5684
5744
5852
5992
5900
5998
6028
5935
6087
6020
5997
6039
6084
6031
5916
5990
5846
5814
5679
5649
5724
5640
5700
5670
5787
5722
5822
5823
5808
5673
5699
5572
5635
5646
5647
5618
5644
5643
5730
5873
5864
5940
5950
5870
5811
5835
5886
5922
5837
5763
5704
5670
5665
5663
5728
5718
5814
5634
5566
5519
5497
5518
5532
5554
5582
5582
5616
5570
5557
5410
5406
5354
5346
5352
5345
5329
5425
5378
5358
5487
5566
5545
5409
5368
5380
5445
5434
5481
5360
5329
5357
5389
5360
5319
5377
5374
5460
5386
5495
5487
5543
5580
5475
5490
5582
5539
5549
5456
5490
5486
5480
5501
5504
5440
5541
5449
5491
5511
5471
5422
5322
5231
5279
5357
5379
5356
5317
5361
5294
5270
5243
5249
5214
5328
5215
5345
5397
5332
5378
5372
5317
5260
5357
5441
5441
5389
5393
5383
5234
5236
5293
5306
5369
5424
5421
5399
5416
5386
5386
5457
5347
5280
5310
5362
5279
5316
5263
5270
5323
5338
5342
5354
5435
5425
5274
5150
5215
5054
5063
5101
5196
5238
5221
5196
5233
5196
5368
5462
5308
5277
5250
5308
5345
5294
5464
5545
5626
5663
5678
5741
5750
5841
5781
5764
5775
5783
5892
5899
5911
5906
5959
5972
6022
6007
6019
6018
5994
6072
6016
5899
5805
5776
5719
5776
5850
5995
5929
5940
5890
5837
5909
5790
5755
5830
5754
5881
5841
5884
5935
6014
6162
6380
6422
6202
6286
6270
6073
6100
6130
6096
6114
6041
6019
6056
6069
5943
6004
6152
6164
6167
6187
6291
6299
6358
6275
6154
6127
6073
6035
6099
6045
6003
6070
6008
6074
6207
