505000
200260
141892
111838
92717
79252
69770
62463
56497
51498
47871
44683
41708
39297
37275
35289
33152
31660
29891
28752
27815
26702
25525
24410
23511
22786
22216
21780
21186
20480
19963
19509
19008
18450
18053
17606
17213
16828
16524
16060
15763
15491
14977
14827
14573
14272
14091
13708
13485
13056
12904
12814
12516
12219
12129
11903
11836
11610
11525
11283
11124
11090
11092
10931
10941
10911
10916
10740
10727
10682
10590
10574
10514
10192
10002
9998
9914
10051
9912
9909
9943
9923
9789
9741
9546
9525
9572
9544
9522
9573
9470
9360
9373
9373
9338
9232
9091
8880
8764
8749
8785
8836
8876
8714
8713
8692
8554
8549
8549
8467
8505
8452
8369
8207
8156
8121
8172
8056
7836
7903
7813
7750
7790
7619
7526
7452
7440
7463
7379
7349
7432
7499
7533
7437
7280
7260
7289
7354
7448
7385
7195
7196
7130
7134
7150
7064
7022
7329
7316
7261
7154
7102
6983
6971
6948
6822
6695
6524
6618
6655
6590
6757
6657
6544
6567
6539
6518
6522
6621
6643
6598
6553
6673
6541
6622
6674
6649
6579
6626
6536
6524
6587
6404
6259
6303
6331
6437
6501
6454
6468
6326
6298
6327
6386
6491
6437
6319
6307
6430
6354
6350
6360
6264
6296
6324
6317
6297
6396
6429
6332
6248
6189
6165
6221
6184
6150
6155
6182
6109
6069
6193
6171
6066
6055
5908
5831
5917
5893
5856
5783
5708
5597
5549
5577
5479
5610
5681
5608
5614
5766
5729
5698
5765
5784
5774
5674
5713
5792
5729
5895
5909
5986
6006
5969
6021
5984
5965
6159
6186
6278
6307
6363
6361
6435
6413
6430
6402
6252
6378
6412
6441
6439
6528
6592
6513
6556
6651
6585
6690
6767
6723
6640
6578
6541
6546
6741
6767
6653
6754
6924
6818
6933
6996
7026
7027
7165
7253
7150
7185
7018
7128
7000
6882
6807
6836
6919
6895
6880
6845
6866
6824
6921
6966
6926
6913
6868
6833
6785
6765
6698
6664
6535
6520
6464
6397
6464
6412
6389
6247
6275
6308
6445
6437
6497
6430
6321
6367
6459
6326
6349
6256
6253
6283
6271
6260
6221
6250
6165
6092
6077
6049
5922
5951
5970
5951
5951
5964
6014
6118
6161
6100
6081
5968
5940
5926
5945
5986
6038
5957
5856
5773
5806
5759
5760
5820
5720
5659
5753
5773
5852
6039
6002
6104
6015
5854
5832
5716
5700
5617
5691
5764
5738
5681
5793
5719
5687
5706
5737
5849
5897
5964
6113
6293
6177
6294
6185
6186
6044
5966
5907
5751
5672
5727
5845
5794
5709
5684
5690
5670
5844
5750
5742
5740
5771
5672
5609
5732
5773
5698
5655
5658
5746
5719
5687
5682
5725
5736
5881
5933
5909
5948
6055
6110
6139
6120
6191
6256
6220
6212
6223
6083
6127
6182
6298
6281
6306
6217
6310
6294
6298
6195
6236
6145
6218
6103
6014
6072
5916
5915
5970
5876
5799
5853
5883
5924
6004
5992
6102
6105
6252
6071
6061
5998
5927
5997
6046
6014
6140
6189
6192
6173
6263
6369
6376
6299
6239
6198
6211
6299
6392
6488
6385
6438
6315
6435
6516
6711
6768
6645
6548
6535
6515
6463
6471
6368
6260
6213
6209
6212
6074
6082
6111
6115
6117
6085
6181
6234
6239
6229
6209
6217
6237
6217
6198
6289
6311
6319
6276
6326
6354
6400
6333
6291
6300
6243
6374
6259
6209
6159
6103
6258
6183
6124
6067
5929
6039
6155
6219
6242
6224
6347
6406
6267
6244
6293
6273
6315
6327
6257
6233
6254
6358
6386
6395
6342
6121
6060
5977
5885
5952
6056
6062
5994
6006
5977
6001
6088
6045
6117
6087
6061
6036
5874
5967
5891
5986
5893
5871
5835
5832
5705
5698
5564
5512
5425
5399
5545
5572
5574
5579
5580
5524
5473
5603
5714
5683
5601
5547
5593
5701
5790
5788
5791
5849
5789
5742
5629
5503
5542
5466
5461
5346
5348
5434
5397
5494
5573
5667
5604
5584
5593
5566
5507
5579
5519
5562
5619
5677
5525
5554
5467
5511
5479
5445
5510
5432
5421
5396
5400
5409
5328
5406
5420
5436
5355
5423
5444
5490
5528
5427
5471
5574
5524
5512
5381
5267
5254
5178
5115
5075
5204
5169
5312
5452
5545
5735
5790
5815
5882
5875
5905
5906
5866
5877
5872
5912
5883
5903
6014
5972
5967
5958
6052
6005
6138
6110
6295
6355
6288
6293
6281
6231
6255
6130
6159
5972
5895
5953
5776
5888
5856
5895
5892
5830
5902
5901
5868
5811
5872
5938
5973
6005
6088
5936
5861
5890
5753
5918
5994
6013
5992
5984
5930
5833
5768
5738
5735
5587
5443
5536
5484
5556
5651
5826
5852
5958
5945
6079
6116
6202
6105
6043
6043
6133
6006
6032
6028
5930
5919
5928
5879
5782
5809
5834
5774
5825
5864
5872
5843
5776
5636
5671
5573
5593
5580
5418
5436
5470
5459
5462
5400
5556
5734
5662
5653
5776
5718
5682
5703
5636
5634
5588
5563
5698
5687
5622
5631
5626
5643
5731
5833
5773
5808
5849
5928
6009
5976
6055
5975
5879
5864
5864
5871
5884
5890
5923
5969
5890
5736
5660
5667
5734
5739
5728
5753
5905
5953
6026
6046
5902
5885
5812
5853
5766
5784
5799
5769
5720
5689
5672
5594
5542
5405
5388
5417
5428
5310
5235
5214
5197
5253
5308
5274
5199
5072
5089
5093
5098
5126
5145
5097
5198
5163
5149
5118
4997
4997
5045
5203
5197
5226
5267
5177
5202
5195
5292
5162
5186
5142
5264
5246
5323
5382
5360
5428
5417
5370
5333
5394
5317
5355
5184
5214
5334
5312
5405
5305
5348
5539
5646
5684
5634
5631
5793
5655
5637
5610
5637
5688
5629
5600
5667
5608
5707
5870
5900
6001
6017
6093
6211
6322
6539
6536
6528
6677
6588
6471
6540
6569
6486
6456
6426
6539
6614
6614
6391
6429
6333
6373
6248
6193
6317
6291
6153
6183
6288
6494
6315
6249
6299
6295
6235
6380
6309
6251
6186
6028
5923
5876
6080
6097
6139
6181
6065
6036
6051
6027
5985
6078
6103
6009
5941
5876
5927
5908
5921
5869
5710
5570
5673
5774
5774
5736
5717
5823
5932
5919
5940
6014
6146
6093
5945
5868
5810
5633
5604
5687
5752
5831
5873
5820
5758
5792
5936
5944
5957
5838
5978
5988
5980
5971
6040
6085
6042
6113
6119
6161
6000
5958
5924
6043
5961
5987
6005
5965
5971
5899
5974
5982
5914
5864
5995
6044
5993
6020
5921
5816
5722
5732
5711
5702
5829
5934
5924
5885
6090
6096
6077
6080
6030
5984
5984
6120
6142
6056
6011
6125
6040
6038
5989
5893
5930
5922
6024
6019
5978
5965
5907
5755
5812
5767
5625
5685
5781
5763
5803
5788
5813
5777
5871
5945
5925
5975
6030
5913
5956
6000
5856
5888
6017
5933
6073
6148
6110
6033
6066
6196
6212
6304
6290
6311
6317
6401
6403
6466
6414
6378
6359
6422
6503
6407
6446
6594
6618
6635
6606
6677
6688
6690
6581
6611
6574
6535
6698
6666
6709
6860
6878
6821
6737
6750
6769
6711
6791
6851
6853
6853
6854
6955
6843
6854
6843
6950
7047
6945
6907
6986
7097
6991
6940
7082
7017
7059
6990
6882
6731
6646
6547
6499
6572
6521
6612
6594
6624
6426
6488
6536
6559
6666
6759
6783
6653
6700
6737
6710
6648
6625
6616
6641
6579
6655
6718
6681
6675
6871
6752
6622
6507
6530
6454
6483
6526
6498
6489
6444
6480
6495
6468
6304
6309
6324
6375
6256
6345
6328
6286
6260
6218
6374
6267
6161
6266
6255
6016
6030
6039
6134
6108
6314
6222
6270
6164
6191
6187
6272
6215
6238
6372
6474
6580
6539
6463
6508
6544
6491
6457
6524
6383
6379
6250
6300
6151
6264
6197
6146
6100
6130
5998
6092
6109
6087
6080
6039
6052
5973
6027
6032
6023
5932
6005
6173
6136
6079
6063
6058
6031
6075
6049
5964
5970
5966
5899
5921
5826
5801
5621
5626
5647
5475
5455
5379
5283
5267
5276
5249
5353
5388
5387
5342
5404
5372
5218
5285
5330
5387
5501
5377
5321
5243
5319
5240
5379
5267
5128
5074
5096
5057
4957
4895
4791
4702
4676
4726
4662
4633
4572
4541
4539
4568
4619
4512
4478
4471
4392
4527
4508
4484
4449
4445
4413
4421
4486
4505
4676
4721
4635
4668
4656
4747
4812
4839
4732
4747
4779
4797
4833
4735
4783
4795
4771
4878
4835
4863
4824
4928
4966
5114
5069
5000
4948
4892
4933
4981
4903
4983
5024
5077
5154
5137
5215
5056
5220
5294
5369
5352
5306
5292
5416
5433
5418
5486
5449
5424
5451
5413
5416
5391
5435
5440
5471
5502
5381
5399
5364
5272
5319
5317
5382
5470
5367
5484
5490
5450
5392
5439
5413
5371
5422
5379
5313
5392
5387
5424
5538
5637
5714
5740
5664
5635
5663
5601
5622
5566
5578
5669
5628
5706
5688
5651
5721
5792
5637
5567
5636
5666
5611
5612
5676
5767
5936
5990
5900
5823
5880
5946
5908
6002
5919
6001
5983
5866
5832
5893
5793
5859
5818
5823
5810
5776
5826
5811
5852
5788
5743
5746
5551
5555
5657
5647
5544
5611
5579
5637
5624
5557
5561
5522
5457
5375
5297
5209
5231
5228
5217
5208
5326
5317
5311
5169
5241
5363
5306
5260
5399
5513
5545
5548
5608
5566
5510
5526
5551
5482
5461
5643
5667
5607
5671
5661
5590
5546
5608
5468
5422
5342
5386
5409
5381
5256
5302
5233
5240
5318
5330
5233
5244
5368
5330
5432
5488
5500
5480
5468
5455
5427
5415
5493
5509
5547
5515
5422
5429
5454
5530
5488
5546
5663
5800
5903
5961
5955
5859
5907
5883
5761
5742
5707
5750
5814
5804
5850
5918
5876
5880
5918
5891
6030
6095
6104
6023
6043
6149
6176
6106
6224
6047
6051
5899
5930
6010
5980
5863
5827
5753
5656
5629
5660
5666
5640
5552
5648
5600
5711
5781
5738
5744
5713
5871
5882
6006
5917
5890
5943
5814
5984
6055
5992
6019
6132
6060
6159
6168
6029
6048
5972
5930
5993
6009
6002
5952
6030
6047
6092
6063
6199
6231
6126
6251
6240
6216
6220
6247
6225
6304
6276
6309
6358
6459
6401
6536
6583
6516
6486
6467
6548
6416
6406
6464
6459
6429
6331
6307
6320
6435
6446
6391
6300
6312
6406
6453
6380
6366
6224
6124
6132
6115
6129
6271
6342
6230
5980
5931
5858
5802
5701
5672
5660
5643
5600
5624
5743
5732
5745
5681
5722
5647
5685
5631
5682
5650
5753
5705
5639
5619
5660
5619
5610
5623
5564
5583
5550
5547
5661
5789
5766
5717
5800
5692
5690
5541
5576
5577
5637
5709
5735
5578
5519
5535
5504
5442
5473
5482
5507
5555
5580
5596
5579
5707
5676
5617
5616
5617
5544
5506
5526
5618
5564
5545
5496
5420
5523
5443
5363
5228
5140
5143
5123
5146
4997
4951
4996
5064
5071
5099
5127
5267
5239
5250
5189
5255
5329
5316
5198
5167
5080
5049
5068
5088
5225
5346
5357
5299
5479
5640
5699
5710
5719
5630
5690
5663
5760
5698
5850
5848
5835
5880
5759
5824
5908
5911
5864
5867
5804
5865
5833
5949
6001
5973
6185
6194
6171
6067
6006
6059
6105
6078
6127
6070
5980
6038
6043
6131
6040
6077
6101
6053
5974
5968
6049
6058
5967
6061
6039
5989
6066
6022
6004
5914
5935
5927
6023
6153
6185
6071
6123
6119
6087
6149
6140
6026
6136
6179
6197
6330
6348
6347
6332
6370
6265
6328
6449
6466
6563
6530
6504
6490
6375
6129
6097
6100
6009
5933
5934
5933
5922
5863
5757
5820
5730
5853
5941
5969
5948
5930
5902
5821
5895
5986
5888
5764
5797
5924
5983
6024
6091
6054
6088
6165
6112
6243
6159
6058
6001
5841
5935
5878
5846
5689
5646
5759
5798
5803
5676
5705
5679
5715
5749
5582
5520
5637
5693
5711
5761
5730
5581
5578
5569
5585
5588
5553
5611
5654
5715
5601
5515
5481
5471
5460
5488
5577
5608
5772
5689
5815
5891
5954
5951
5831
5804
5779
5850
5846
5861
5860
5857
5811
5856
5740
5725
5784
5934
5889
5872
5859
5872
5752
5839
5868
5858
5885
5945
5917
5857
5716
5817
5942
5960
5990
5906
5876
5863
5891
5952
5963
5994
5794
5779
5893
5861
5941
5984
5999
5988
6007
5963
5861
5854
5889
6069
6120
6156
6098
5893
6008
6074
5969
5998
6107
6075
5971
5948
6094
6059
6044
6066
6000
6021
6179
6075
6014
6037
6094
6124
6101
6120
6120
6102
6064
5999
5976
6121
6086
6107
6006
6040
6075
6176
6047
5968
6035
6069
6145
6243
6125
6069
5921
5962
6077
5955
5948
5989
5938
5813
5821
5825
5698
5675
5805
5912
5755
5725
5824
5751
5860
5853
5613
5662
5634
5674
5684
5610
5788
5867
5813
5772
5788
5723
5809
5631
5504
5473
5466
5495
5415
5474
5561
5620
5731
5726
5755
5829
5808
5766
5858
5752
5704
5616
5678
5671
5502
5413
5425
5403
5269
5119
5067
5069
5019
5023
5082
4966
4999
4892
4868
4859
4727
4730
4838
4882
4934
4876
5062
5077
5008
5027
5105
4989
4985
5097
5136
5141
5102
5193
5118
5161
5236
5252
5342
5410
5465
5365
5425
5346
5484
5402
5315
5258
5221
5139
5212
5368
5467
5445
5472
5494
5424
5379
5376
5454
5341
5303
5299
5380
5387
5395
5281
5266
5295
5270
5292
5271
5198
5126
5097
5194
5216
5262
5206
5309
5256
5269
5167
5330
5333
5317
5237
5305
5342
5343
5465
5359
5421
5398
5372
5450
5519
5526
5432
5328
5297
5296
5374
5303
5308
5314
5383
5462
5237
5304
5373
5441
5464
5408
5397
5354
5293
5215
5159
5179
5092
5121
5041
5194
5229
5217
5287
5162
5177
5142
5105
5221
5377
5350
5365
5466
5659
5701
5681
5722
5779
5752
5626
5760
5868
5897
5895
5868
5918
5941
5845
5926
5976
6024
6096
6077
6172
6163
6261
6185
6114
6086
6222
6210
6308
6268
6163
6259
6218
6270
6231
6285
6338
6292
6235
6177
6192
6275
6257
6281
6329
6352
6374
6309
6222
6087
5996
5974
6006
5792
5768
5762
5742
5827
5760
5723
5719
5882
5950
5889
5883
5952
5801
5786
5843
5878
5793
5821
5825
5988
6075
5907
5929
5818
5693
5806
5813
5669
5541
5428
5556
5560
5506
5467
5461
5435
5502
5593
5643
5581
5672
5716
5724
5789
5717
5814
5817
5792
5862
5971
5888
5846
5804
5912
5943
6050
6005
6039
6123
6238
6169
6241
6314
6278
6331
6229
6353
6418
6459
6465
6429
6373
6349
6433
6550
6477
6531
6659
6577
6441
6323
6279
6365
6280
6316
6349
6367
6445
6416
6465
6650
6617
6612
6503
6437
6417
6459
6439
6389
6401
6425
6431
6410
6342
6283
6199
6264
6286
6237
6186
6131
6165
6161
6113
6079
6131
6209
6153
6071
5977
6148
6042
5905
5798
5841
5833
5785
5803
5762
5703
5683
5794
5749
5750
5676
5767
5773
5822
5730
5680
5657
5674
5638
5596
5535
5496
5500
5475
5474
5468
5535
5654
5756
5807
5804
5932
5953
5965
5945
6041
6044
6000
5939
5989
6058
6155
6028
5938
5998
5937
5937
5925
5871
5704
5682
5631
5650
5619
5727
5790
5812
5736
5844
5858
5865
5945
5900
5839
5910
5916
5894
5830
5903
5668
5559
5436
5401
5476
5449
5465
5408
5483
5541
5496
5383
5395
5392
5423
5428
5343
5302
5299
5262
5211
5205
5301
5410
5401
5304
5271
5308
5265
5203
5389
5404
5350
5370
5523
5580
5516
5517
5485
5415
5418
5433
5405
5389
5319
5328
5304
5402
5385
5454
5421
5403
5418
5461
5398
5343
5335
5232
5332
5289
5298
5286
5406
5366
5435
5510
5457
5366
5439
5419
5383
5270
5266
5348
5274
5188
5184
5277
5279
5189
5205
5239
5132
5202
5290
5320
5334
5307
5393
5328
5322
5325
5321
5342
5493
5590
5540
5606
5518
5474
5440
5412
5440
5433
5325
5231
5222
5190
5252
5327
5416
5327
5266
5285
5325
5326
5352
5448
5523
5502
5395
5331
5323
5312
5305
5358
5412
5390
5392
5372
5371
5411
5377
5492
5505
5478
5474
5422
5473
5492
5470
5467
5552
5576
5543
5614
5568
5535
5442
5474
5554
5538
5582
5615
5533
5505
5560
5474
5411
5381
5386
5374
5333
5388
5467
5534
5674
5763
5629
5577
5416
5438
5586
5595
5618
5582
5542
5562
5706
5640
5588
5733
5745
5723
5842
5773
5770
5748
5847
5872
5859
5767
5735
5747
5747
5854
5929
5900
5818
5883
5897
5939
5874
5888
5835
5952
5771
5849
5860
5955
6109
6127
6012
6103
6128
6120
6148
6039
5986
5874
5838
5873
5955
6033
6027
5969
5978
5970
5830
5849
5900
5895
5878
5898
5847
6005
5933
5963
5985
5838
5727
5825
5991
5903
5864
5942
5951
5935
5961
5995
6002
6052
6070
6050
6021
5911
5929
5904
5821
5882
5877
5645
5584
5546
5505
5464
5578
5574
5617
5692
5562
5628
5570
5591
5443
5413
5457
5499
5489
5432
5364
5370
5364
5386
5427
5390
5364
5523
5476
5582
5648
5772
5745
5864
5810
5733
5777
5685
5643
5475
5547
5673
5566
5627
5655
5576
5641
5691
5469
5511
5502
5479
5383
5309
5264
5358
5308
5212
5291
5329
5468
5567
5659
5698
5551
5594
5588
5594
5700
5703
5598
5497
5471
5300
5194
5175
5250
5365
5331
5447
5435
5465
5575
5599
5535
5531
5506
5531
5556
5559
5574
5471
5290
5318
5380
5304
5298
5237
5240
5133
5096
5028
4920
4862
4945
4958
4930
4920
4856
4851
4832
4889
4912
5025
5065
4992
5090
5050
5006
4895
4913
4925
4772
4844
4924
4972
4900
4850
4871
4890
4871
4906
4804
4844
4937
4851
4884
5045
4938
4869
4773
4737
4716
4763
4658
4526
4496
4595
4594
4549
4549
4557
4607
4529
4596
4479
4425
4402
4427
4380
4475
4409
4491
4395
4328
4359
4272
4295
4274
4224
4213
4244
4214
4219
4391
4409
4373
4390
4405
4500
4524
4589
4689
4704
4746
4651
4581
4506
4287
4111
4077
4057
4074
4112
4090
4160
4163
4289
4345
4335
4388
4300
4261
4414
4386
4424
4353
4356
4341
4400
4399
4382
4304
4256
4277
4230
4215
4066
4052
4106
4080
4184
4151
4104
4142
4113
4179
4273
4295
4339
4413
4393
4401
4424
4362
4370
4400
4520
4466
4330
4379
4486
4457
4434
4475
4455
4346
4369
4412
4476
4522
4488
4470
4468
4639
4760
4673
4572
4644
4649
4755
4860
4766
4775
4758
4806
4771
4844
4965
5038
5244
5214
5192
5341
5295
5226
5141
5137
5113
5203
5212
5229
5234
5136
5040
5036
5046
5108
5099
5019
4973
5043
4945
4901
5077
5222
5085
5171
5164
5165
5161
5224
5213
5177
5167
5307
5229
5151
5100
5176
5144
5139
5107
5122
5157
5199
5237
5364
5367
5450
5419
5404
5367
5503
5483
5364
5506
5605
5640
5671
5572
5559
5534
5521
5601
5625
5568
5566
5658
5556
5451
5546
5553
5577
5492
5458
5441
5448
5497
5499
5515
5578
5575
5620
5590
5614
5554
5647
5767
5695
5654
5692
5631
5601
5574
5537
5479
5459
5415
5451
5469
5444
5426
5428
5530
5527
5538
5610
5561
5553
5596
5576
5703
5757
5630
5703
5633
5560
5484
5489
5497
5682
5588
5497
5437
5311
5256
5286
5392
5513
5475
5454
5535
5546
5594
5743
5702
5687
5771
5705
5639
5637
5810
5774
5693
5719
5630
5711
5670
5623
5531
5499
5549
5573
5629
5555
5507
5585
5478
5530
5608
5653
5636
5590
5630
5716
5755
5659
5640
5638
5657
5698
5775
5811
5806
5810
5730
5676
5689
5707
5676
5586
5494
5481
5488
5529
5615
5579
5514
5489
5395
5363
5209
5261
5165
5222
5250
5232
5310
5442
5601
5621
5598
5553
5631
5611
5611
5549
5551
5609
5727
5862
5916
6068
6044
5974
6050
6056
6097
6094
6021
5922
5911
5909
5833
5683
5711
5580
5722
5790
5738
5808
5767
5771
5660
5675
5659
5687
5802
5702
5695
5819
5716
5666
5752
5737
5830
5851
5892
5933
5893
5994
5921
6003
6025
6069
6035
6172
6209
6268
6329
6349
6379
6403
6483
6414
6326
6237
6149
6162
6176
6152
6304
6370
6441
6427
6476
6568
6519
6437
6559
6535
6642
6653
6641
6666
6580
6554
6501
6333
6339
6234
6331
6220
6341
6347
6447
6616
6646
6687
6852
6842
6760
6738
6735
6806
6798
6748
6738
6813
6709
6785
6622
6616
6593
6468
6538
6556
6478
6467
6432
6552
6470
6466
6454
6489
6479
6469
6418
6330
6365
6365
6157
6134
6042
6104
6179
6046
6314
6153
6125
6113
6083
6239
6279
6264
6283
6269
6355
6410
6276
6308
6350
6329
6435
6483
6489
6517
6461
6552
6567
6505
6559
6358
6378
6335
6274
6316
6173
6143
6237
6247
6256
6139
6104
6091
6006
6070
6076
6026
6128
6062
6109
6094
5963
5947
5971
6091
6197
6219
6060
6016
6018
5814
5636
5608
5581
5654
5612
5647
5646
5728
5674
5555
5583
5593
5601
5620
5677
5700
5747
5754
5738
5600
5642
5694
5683
5825
5743
5615
5679
5627
5491
5553
5545
5580
5573
5547
5597
5625
5525
5667
5727
5763
5853
5748
5819
5878
5914
5929
5965
5787
5837
5648
5849
5959
6034
6114
6146
6138
6111
6112
6174
6195
6140
6160
6203
6321
6299
6450
6542
6573
6553
6637
6651
6780
6763
6877
6738
6683
6586
6539
6393
6428
6453
6508
6470
6492
6413
6568
6630
6567
6620
6490
6503
6483
6499
6473
6490
6495
6494
6515
6460
6649
6670
6512
6526
6590
6563
6677
6610
6582
6540
6500
6655
6719
6580
6477
6424
6453
6596
6609
6453
6345
6442
6357
6312
6332
6349
6249
6237
6249
6173
6157
6098
6088
6171
6108
6028
6111
6094
6186
6141
6205
6187
6146
6114
6141
6071
6024
6018
5970
5832
5741
5769
5739
5774
5707
5798
5883
5980
6023
6128
6132
6058
5983
5867
5901
5925
5969
6052
5978
6013
6013
6100
6036
6176
6241
6130
5990
5950
5844
5847
5933
5928
6071
5990
6024
5996
5978
6031
6159
6212
6155
6229
6090
6051
5930
6112
6045
6006
5978
5808
5744
5897
5853
5855
5843
5867
5859
5805
5757
5962
6062
6058
5789
5715
5783
5944
5966
6010
5978
5931
6065
6094
6185
6141
6199
6139
6152
6099
6101
6009
6060
6014
5940
5902
5782
5852
5824
5839
5775
5689
5716
5873
5897
5936
5936
5880
5889
5918
5886
5793
5934
5945
5828
5877
5896
5863
5743
5749
5802
5897
6036
5977
5873
5871
6063
6036
6036
6145
6096
6106
6099
6118
6158
6029
6121
6177
6099
6114
6015
6068
6029
6111
6146
6053
6085
5919
5867
5860
5790
5720
5813
5870
5945
5903
5806
5836
5802
5684
5532
5560
5590
5574
5416
5331
5300
5281
5398
5552
5416
5499
5436
5406
5412
5376
5420
5409
5411
5511
5515
5406
5431
5469
5459
5445
5467
5590
5700
5735
5785
5892
5837
5821
5817
5720
5624
5650
5558
5645
5676
5746
5592
5526
5472
5468
5463
5549
5493
5544
5590
5666
5645
5565
5523
5547
5663
5674
5668
5570
5647
5734
5945
5859
5883
5931
5782
5929
5942
5998
5948
6093
5990
6000
5991
6055
6050
5927
5908
5883
5911
5905
5865
5949
5980
5921
5851
5808
5753
5842
5878
5937
5925
6008
6020
6004
6053
5913
5960
6066
6016
5954
5928
5956
5989
5889
5811
5802
5822
5773
5907
6017
6104
5940
5861
5863
5857
5900
5792
5919
6011
6019
6084
6012
6127
6196
6116
6019
5983
5946
5961
5888
5979
6100
6114
6166
6239
6323
6288
6352
6463
6504
6511
6515
6380
6420
6421
6384
6349
6375
6346
6456
6348
6414
6511
6529
6508
6516
6399
6358
6350
6138
6036
6120
6193
6243
6225
6065
6020
6111
6197
6222
6256
6145
6107
6179
6159
6107
6117
6215
6244
6140
6152
6127
6231
6281
6392
6416
6459
6453
6492
6470
6478
6461
6420
6386
6319
6317
6260
6265
6226
6172
6183
6213
6273
6272
6248
6192
6285
6253
6175
6199
6204
6234
6230
6146
6056
6002
6066
6111
5997
6141
6219
6213
6411
6390
6361
6236
6312
6262
6291
6149
6259
6207
6145
6083
6158
6159
6146
6227
6300
6303
6343
6288
6238
6170
6159
6188
6141
6076
6004
6149
6295
6419
6330
6320
6316
6266
6147
6112
5977
5976
5730
5628
5540
5504
5548
5500
5552
5618
5536
5554
5605
5430
5448
5441
5477
5500
5506
5483
5530
5538
5532
5561
5613
5650
5484
5484
5520
5622
5567
5513
5513
5514
5538
5625
5703
5714
5673
5621
5696
5625
5583
5513
5327
5330
5329
5411
5383
5352
5376
5376
5375
5206
5140
5220
5175
5231
5191
5101
5123
5079
5073
5088
4983
5112
5229
5254
5336
5387
5479
5427
5276
5377
5326
5343
5360
5433
5554
5592
5663
5518
5514
5461
5382
5417
5500
5455
5420
5428
5412
5501
5518
5538
5594
5587
5498
5479
5439
5453
5496
5468
5410
5406
5360
5313
5416
5479
5399
5473
5329
5264
5130
5086
5225
5202
5341
5259
5112
5036
5053
4981
4976
5050
4923
4956
4824
4858
4795
4861
4924
4955
5011
4928
4876
4883
4875
4782
4802
4855
4772
4759
4733
4700
4684
4807
4767
4759
4766
4820
4850
4869
4812
4773
4764
4766
4666
4630
4598
4595
4746
4730
4727
4626
4540
4627
4570
4644
4724
4799
4837
4860
5029
4991
4963
4951
4920
4996
5077
5114
5115
5231
5247
5223
5358
5390
5405
5453
5413
5398
5322
5233
5303
5417
5509
5486
5563
5673
5706
5649
5612
5619
5451
5523
5553
5428
5438
5476
5424
5243
5124
5153
5242
5208
5180
5317
5275
5387
5395
5401
5423
5355
5500
5511
5438
5457
5444
5399
5483
5612
5593
5562
5404
5324
5181
5260
5356
5347
5462
5309
5185
5108
5216
5297
5264
5304
5313
5363
5427
5375
5461
5394
5270
5366
5384
5378
5357
5396
5391
5368
5372
5362
5405
5337
5189
5212
5246
5368
5359
5306
5350
5381
5494
5561
5668
5592
5649
5589
5480
5522
5610
5658
5644
5620
5585
5553
5642
5651
5679
5650
5686
5750
5740
5738
5705
5744
5730
5722
5762
5649
5655
5840
5770
5650
5699
5718
5830
5829
5757
5712
5656
5684
5707
5708
5716
5658
5697
5606
5689
5634
5609
5593
5678
5635
5756
5697
5651
5545
5484
5514
5572
5540
5605
5500
5511
5529
5510
5585
5580
5599
5564
5510
5495
5526
5488
5452
5475
5407
5507
5610
5642
5543
5510
5488
5512
5476
5516
5448
5392
5434
5444
5621
5685
5576
5550
5521
5590
5603
5537
5398
5234
5262
5211
5242
5228
5249
5253
5267
5252
5306
5197
5209
5162
5135
4995
4872
4837
4790
4786
4715
4790
4824
4832
4845
4926
4837
4925
4951
4989
5019
5064
5036
5158
5225
5256
5280
5285
5259
5205
5176
5215
5131
5153
5203
5106
5223
5163
5114
4975
4961
4962
4949
4954
4882
4945
4895
5015
5056
5023
4812
4731
4820
4866
4940
4843
4875
4943
4861
4791
4817
4819
4928
4877
4895
4961
4961
5035
5061
5179
5279
5307
5140
5106
5004
4926
4850
4970
4876
4940
4875
4963
4941
4992
5045
4976
4995
4989
5022
5022
5065
4995
4956
4971
4889
4660
4693
4651
4666
4659
4732
4762
4827
4868
4838
4788
4656
4667
4735
4740
4824
4812
4727
4883
4845
4933
4942
4943
5008
5078
5082
5099
5102
5123
5282
5344
5380
5446
5517
5589
5626
5630
5620
5686
5654
5659
5682
5635
5589
5569
5570
5626
5710
5698
5707
5657
5684
5655
5611
5736
5745
5757
5802
5844
5891
5819
5815
5836
5833
5811
5669
5738
5817
5688
5615
5588
5726
5769
5715
5874
5710
5568
5549
5698
5746
5707
5741
5742
5800
5860
5787
5697
5584
5556
5506
5578
5554
5516
5406
5392
5275
5354
5428
5439
5544
5527
5538
5408
5303
5211
5307
5352
5420
5470
5375
5267
5315
5348
5322
5332
5315
5320
5331
5364
5297
5281
5270
5283
5299
5288
5309
5277
5241
5324
5318
5330
5439
5417
5420
5421
5437
5413
5448
5503
5413
5390
5500
5393
5516
5604
5713
5625
5606
5679
5771
5796
5862
5926
5958
5848
5918
5980
6057
6120
6121
6020
6096
6153
6189
6219
6290
6207
6269
6280
6169
6074
6156
6224
6144
6200
6210
6192
6186
6223
6179
6183
6037
5912
5834
5848
5837
5691
5654
5677
5581
5593
5673
5744
5697
5663
5738
5744
5801
5721
5667
5735
5800
5693
5741
5829
5803
5712
5689
5673
5669
5627
5606
5654
5571
5590
5665
5596
5610
5613
5574
5410
5443
5393
5336
5494
5487
5441
5520
5390
5381
5409
5345
5302
5178
5235
5335
5377
5348
5331
5284
5353
5211
5095
4988
5094
5116
5184
5263
5332
5324
5229
5245
5167
5113
5154
5232
5299
5261
5279
5371
5448
5537
5544
5465
5634
5672
5665
5632
5664
5704
5603
5540
5655
5575
5538
5548
5580
5460
5422
5378
5355
5322
5220
5299
5333
5322
5232
5105
5080
4962
4969
4983
5096
5179
5265
5323
5362
5303
5201
5303
5281
5248
5216
5365
5427
5436
5322
5302
5327
5422
5410
5372
5412
5271
5309
5266
5324
5360
5325
5408
5514
5571
5482
5393
5440
5553
5640
5709
5620
5601
5599
5576
5571
5387
5397
5380
5410
5394
5313
5177
5229
5291
5258
5482
5515
5537
5567
5562
5497
5527
5552
5541
5489
5383
5342
5610
5569
5607
5677
5644
5566
5501
5527
5637
5624
5677
5633
5577
5485
5450
5358
5356
5337
5305
5351
5424
5389
5312
5086
4936
4967
4907
4942
4952
4987
5164
5153
5139
5156
5204
5246
5218
5216
5173
5171
5106
5141
5240
5230
5190
5209
5239
5248
5242
5313
5361
5321
5225
5196
5138
5138
5131
5208
5310
5212
5258
5388
5349
5336
5356
5424
5374
5255
5239
5224
5187
5177
5241
5340
5268
5282
5408
5408
5476
5422
5282
5445
5465
5459
5548
5403
5411
5399
5337
5276
5157
5155
5152
5262
5310
5378
5406
5343
5527
5563
5549
5497
5674
5681
5621
5661
5702
5707
5667
5558
5512
5531
5510
5593
5606
5549
5562
5557
5503
5432
5375
5300
5264
5252
5216
5259
5258
5212
5197
5187
5210
5243
5159
5249
5318
5333
5255
5321
5309
5300
5317
5366
5241
5229
5272
5166
5196
5120
5124
5038
5055
4985
5024
4958
4906
5045
5028
4965
5027
4974
5016
5031
5043
5010
4980
5016
5119
5147
5081
5094
5029
5113
5000
4966
4911
5011
4872
5119
5069
5038
5088
5116
5035
4989
4961
5021
4990
4924
4987
5084
5045
5078
5002
4915
4797
4867
4991
4867
4818
4862
4689
4678
4590
4644
4659
4732
4802
4772
4786
