505000
200489
142040
111551
92740
79731
69741
62471
56256
51611
47646
44192
41389
38973
36932
34834
33003
31699
30448
29189
27986
26938
26051
25380
24310
23509
22617
21961
21080
20731
20318
19906
19243
18716
18305
17792
17249
16924
16465
15988
15736
15498
15183
14991
14784
14502
14207
14186
13842
13634
13424
13212
12938
12713
12441
12225
12067
11840
11714
11483
11560
11463
11469
11441
11282
11152
11086
10874
10775
10668
10488
10581
10433
10524
10474
10337
10299
10078
9980
9806
9823
9552
9632
9417
9494
9544
9364
9407
9248
9153
9086
9163
9106
9284
9126
9074
8935
8936
8832
8790
8855
8809
8779
8810
8764
8744
8633
8622
8639
8521
8574
8482
8401
8217
8176
8072
7947
7978
7857
7745
7745
7782
7661
7568
7542
7268
7337
7568
7584
7497
7609
7444
7302
7315
7352
7395
7346
7290
7272
7266
7267
7443
7404
7486
7375
7340
7545
7580
7564
7517
7522
7391
7580
7611
7621
7482
7538
7496
7550
7466
7506
7416
7449
7445
7304
7240
7160
7252
7236
7392
7303
7274
7134
7026
7006
7028
7144
7050
7010
6973
6962
6965
6947
6972
6961
6906
6913
6977
6906
6879
6843
6890
6815
6888
6857
6867
6846
6734
6756
6771
6759
6787
6785
6819
6718
6737
6867
6811
6850
6799
6790
6619
6552
6508
6521
6571
6439
6428
6341
6270
6281
6305
6261
6259
6382
6301
6428
6439
6478
6523
6427
6372
6522
6553
6583
6596
6583
6479
6409
6415
6458
6433
6395
6343
6323
6335
6288
6125
6187
6334
6215
6203
6282
6127
6211
6117
6131
6238
6142
6264
6251
6173
6107
6052
5988
5990
5947
5969
5908
5975
5970
5990
6100
6053
6102
6026
6079
6135
6168
6131
6067
6129
6053
6110
6053
6084
6216
6148
6134
6131
6210
6354
6366
6247
6245
6268
6132
6114
6050
6065
5893
5913
5883
5879
5884
5741
5798
5783
5823
5854
5902
5896
5976
6178
6192
6304
6496
6623
6681
6690
6595
6562
6648
6684
6649
6654
6673
6643
6739
6883
6809
6745
6699
6689
6747
6764
6714
6630
6696
6707
6631
6621
6610
6666
6705
6581
6429
6402
6467
6413
6337
6269
6298
6213
6194
6223
6227
6215
6261
6191
6164
6153
6180
6287
6285
6371
6353
6370
6425
6255
6347
6348
6257
6342
6106
6244
6437
6432
6477
6541
6585
6647
6537
6488
6456
6339
6319
6332
6427
6314
6350
6362
6366
6509
6505
6420
6439
6443
6576
6590
6514
6608
6595
6557
6622
6659
6606
6494
6516
6600
6518
6444
6462
6388
6387
6384
6380
6343
6450
6442
6489
6511
6467
6416
6217
6280
6293
6084
6026
5950
5967
5882
5927
6116
6196
6287
6201
6214
6152
6137
6165
6055
6087
6076
6028
6001
5982
5905
5861
5829
5952
6020
6147
6202
6202
6065
6057
5951
5995
5914
5901
5989
5981
5931
5902
5814
5759
5795
5878
5871
5775
5765
5869
5874
5761
5945
5990
5933
5991
5957
5981
5928
5942
5934
5889
5931
5828
5990
5944
5918
6029
5893
5858
5984
5988
5930
5776
5783
5651
5676
5695
5724
5751
5664
5532
5527
5441
5480
5581
5562
5576
5593
5687
5687
5767
5669
5732
5730
5758
5775
5810
5691
5706
5678
5762
5768
5841
5834
5848
5869
5897
5882
5945
5820
5663
5703
5808
5765
5712
5680
5616
5599
5581
5597
5582
5673
5624
5609
5620
5682
5672
5711
5689
5716
5758
5580
5572
5513
5550
5654
5712
5594
5626
5595
5632
5554
5621
5618
5653
5670
5742
5848
5776
5789
5835
5703
5624
5599
5709
5757
5785
5876
5927
5804
5683
5686
5681
5864
5921
5890
5935
6011
5992
5993
6049
6009
6010
6000
5971
5995
6032
6115
6162
6239
6183
6208
6233
6027
5944
6028
6011
5923
6086
5952
5903
5892
5990
6065
5967
5914
5939
5942
6007
6149
6019
6034
6022
5885
5983
5918
5827
5811
5739
5700
5692
5616
5646
5665
5652
5602
5580
5637
5551
5554
5797
5921
5847
5927
5936
5933
5842
5789
5823
5811
5767
5727
5744
5696
5591
5596
5620
5736
5789
5776
5836
5870
5943
5783
5863
5757
5742
5745
5845
5768
5728
5737
5785
5872
5911
5804
5858
5796
5809
5693
5786
5757
5757
5893
5865
5883
5869
5908
5893
5876
5881
5963
5973
6010
6120
6068
5982
5983
6092
6070
6024
6110
6162
6100
6174
6128
6029
5947
5952
6028
6088
6073
6064
6203
6276
6226
6219
6036
6174
6106
6102
6202
6208
6184
6296
6300
6383
6500
6363
6352
6266
6300
6268
6194
6104
6293
6222
6161
6083
6097
6095
6075
5898
5687
5778
5732
5687
5711
5779
5710
5667
5694
5716
5751
5683
5682
5567
5558
5618
5516
5455
5423
5423
5479
5402
5391
5280
5308
5268
5176
5216
5275
5258
5302
5271
5261
5342
5351
5409
5401
5279
5150
5079
5109
5067
5227
5317
5277
5356
5327
5262
5239
5319
5296
5332
5363
5423
5449
5332
5368
5242
5167
5314
5344
5306
5501
5533
5592
5600
5613
5635
5678
5727
5637
5591
5605
5437
5480
5462
5332
5380
5419
5386
5355
5473
5696
5709
5728
5618
5616
5665
5636
5595
5608
5694
5623
5674
5515
5521
5467
5431
5457
5511
5570
5561
5613
5497
5368
5262
5142
5147
5181
5263
5237
5264
5273
5416
5301
5385
5335
5414
5472
5499
5422
5461
5586
5668
5662
5583
5653
5737
5751
5674
5744
5744
5676
5735
5671
5662
5701
5703
5743
5644
5692
5716
5699
5590
5602
5733
5626
5611
5604
5630
5568
5535
5544
5437
5519
5603
5551
5586
5464
5447
5373
5428
5494
5532
5598
5544
5593
5548
5472
5435
5393
5482
5538
5560
5487
5410
5538
5568
5426
5413
5486
5532
5507
5522
5525
5442
5566
5590
5538
5461
5537
5535
5537
5423
5450
5520
5500
5524
5545
5617
5643
5646
5795
5813
5795
5711
5738
5852
5759
5747
5674
5663
5635
5738
5558
5539
5510
5459
5444
5421
5381
5373
5297
5247
5302
5338
5358
5368
5431
5360
5388
5490
5535
5484
5464
5389
5353
5363
5449
5465
5398
5452
5386
5442
5451
5498
5507
5394
5407
5564
5563
5492
5559
5499
5475
5496
5533
5518
5361
5403
5493
5615
5613
5676
5701
5745
5810
5648
5762
5765
5820
5819
5854
5793
5726
5662
5617
5603
5652
5626
5716
5621
5622
5553
5468
5655
5711
5751
5775
5863
5878
5901
5932
6008
6010
6011
6032
6066
5988
5958
5900
5988
6149
6185
6086
6174
6147
6226
6192
6233
6241
6420
6332
6164
6167
6051
6135
6091
6014
6103
6002
5932
5938
5797
5762
5771
5790
5868
5938
5981
5983
5935
5888
5860
5802
5721
5720
5722
5644
5648
5698
5588
5619
5590
5517
5536
5567
5503
5472
5306
5351
5404
5309
5325
5280
5280
5335
5319
5220
5290
5450
5399
5372
5332
5413
5407
5497
5487
5508
5605
5608
5488
5601
5605
5486
5463
5519
5521
5615
5622
5615
5687
5769
5742
5707
5717
5692
5728
5741
5713
5756
5745
5772
5784
5809
5821
5840
5914
5918
5936
5909
6114
6079
6188
6115
6278
6155
6197
6058
6070
6169
6060
6170
6160
6088
6033
5986
5818
5759
5714
5637
5527
5518
5527
5483
5496
5441
5390
5454
5560
5655
5609
5543
5605
5616
5564
5466
5549
5654
5669
5645
5692
5650
5566
5563
5570
5309
5468
5460
5417
5469
5502
5447
5528
5520
5488
5445
5466
5444
5638
5769
5722
5682
5817
5805
5747
5707
5665
5733
5726
5768
5809
5805
5683
5744
5739
5748
5792
5680
5609
5488
5476
5456
5366
5335
5181
5174
5202
5274
5288
5319
5223
5109
5116
5275
5281
5231
5212
5111
5075
5137
5149
5176
5131
5134
5244
5178
5126
5038
5040
5039
4941
4926
4961
4942
4868
4843
4762
4727
4790
4774
4782
4809
4743
4726
4642
4477
4480
4559
4577
4588
4611
4675
4763
4809
4792
4810
4897
4926
4944
5055
5167
5106
5179
5165
5229
5195
5231
5243
5246
5329
5240
5164
5144
5353
5246
5217
5273
5286
5392
5457
5502
5644
5640
5756
5780
5888
5857
5729
5817
5798
5953
6005
6018
6115
6101
5953
5972
5940
5834
5764
5703
5684
5752
5863
5766
5807
5856
5891
5941
6048
5997
5972
6117
5925
6001
5949
5941
6000
6040
6045
6033
5996
5931
5890
5881
5919
5875
5818
5732
5797
5767
5700
5721
5691
5783
5748
5834
5817
5906
5920
5886
5772
5808
5864
5818
5858
5867
5911
5880
5829
5785
5849
5822
5777
5659
5630
5599
5655
5722
5709
5646
5668
5714
5786
5719
5776
5778
5749
5844
5876
5962
5952
5964
5944
5973
5866
5920
5944
5918
5848
5933
5731
5698
5733
5787
5788
5770
5916
5891
5841
5752
5800
5934
6033
5981
6011
6003
6004
5858
5780
5725
5675
5758
5580
5575
5460
5373
5376
5321
5547
5570
5542
5444
5397
5440
5325
5332
5386
5354
5253
5185
5255
5217
5161
5212
5316
5232
5239
5292
5168
5208
5151
5197
5129
5072
5010
4953
4935
4872
4912
5019
5050
5048
5044
5051
4908
4866
4942
4942
4910
4939
4870
4914
4926
4912
4843
4792
4749
4702
4744
4767
4768
4832
4894
4901
4806
4895
5005
5017
5074
5086
5088
5137
5199
5256
5258
5432
5537
5664
5747
5618
5709
5674
5560
5697
5700
5630
5581
5601
5666
5695
5793
5801
5798
5826
5840
5936
5821
5710
5622
5569
5494
5426
5447
5307
5433
5430
5467
5429
5459
5368
5309
5470
5512
5591
5468
5449
5428
5432
5444
5452
5532
5516
5641
5633
5556
5591
5646
5591
5428
5408
5327
5303
5137
5010
4966
4946
5064
5097
5078
5153
5213
5353
5252
5304
5298
5238
5228
5165
5237
5223
5220
5194
5209
5211
5246
5378
5392
5560
5497
5550
5608
5532
5443
5433
5540
5591
5551
5573
5594
5618
5767
5764
5861
5783
5800
5725
5827
5782
5801
5829
5813
5865
5764
5911
5834
5790
5856
5905
5861
5956
5928
5872
5854
5864
5699
5758
5939
5957
5874
5885
5893
5871
5865
5872
5828
5832
5826
5864
5776
5777
5753
5686
5656
5569
5585
5617
5748
5807
5778
5815
5853
5888
5865
5975
6028
5917
5920
5913
5920
5815
5815
5800
5882
5893
5629
5535
5724
5749
5745
5601
5581
5461
5403
5377
5399
5395
5381
5292
5341
5397
5456
5565
5601
5638
5699
5736
5694
5636
5585
5504
5577
5510
5478
5490
5562
5607
5726
5764
5791
5783
5826
5861
5865
5840
5804
5733
5690
5663
5709
5656
5538
5440
5435
5486
5569
5661
5717
5770
5767
5779
5791
5754
5855
5839
5781
5682
5634
5695
5646
5660
5662
5690
5783
5671
5631
5583
5531
5624
5617
5497
5518
5454
5393
5513
5447
5576
5614
5615
5557
5606
5664
5704
5618
5799
5933
5890
5939
5878
5933
5895
5858
5985
5996
5972
5997
5907
5852
5760
5727
5805
5684
5739
5759
5556
5576
5581
5638
5717
5653
5668
5502
5519
5543
5530
5492
5495
5475
5462
5467
5516
5546
5671
5589
5675
5813
5910
5877
6021
5974
5922
5946
5903
5822
5782
5759
5894
5837
5914
5828
5755
5674
5677
5719
5655
5639
5629
5578
5624
5735
5720
5707
5812
5804
5763
5711
5632
5608
5439
5396
5315
5317
5303
5424
5502
5429
5452
5365
5492
5413
5433
5432
5364
5248
5314
5245
5226
5275
5291
5414
5261
5242
5234
5337
5419
5408
5483
5512
5448
5487
5552
5523
5536
5523
5617
5629
5606
5615
5714
5750
5789
5845
5868
5932
5904
5869
5905
5850
5769
5703
5701
5662
5579
5541
5484
5449
5581
5447
5442
5360
5267
5264
5324
5248
5253
5251
5258
5164
5128
5209
5259
5144
5114
5042
4996
5116
5163
5135
5101
5027
5050
5121
5068
4925
4818
4809
4921
4824
4680
4752
4762
4815
4772
4873
4865
4775
4673
4675
4717
4703
4692
4747
4730
4823
4849
4949
4878
4879
4981
4972
4976
4969
4890
4948
4883
4838
4920
4990
5011
5095
5059
5034
5046
5113
5225
5232
5240
5186
5285
5289
5295
5267
5220
5095
5137
5184
5122
5142
5204
5322
5403
5518
5428
5404
5323
5288
5275
5226
5262
5250
5242
5136
4993
4943
4952
5047
5048
5036
5112
5185
5250
5224
5325
5295
5209
5151
5101
5070
5162
5212
5169
5272
5342
5289
5309
5307
5314
5385
5512
5383
5333
5393
5375
5354
5378
5380
5469
5405
5455
5405
5464
5467
5481
5416
5524
5526
5583
5592
5589
5597
5667
5651
5681
5584
5514
5417
5404
5470
5430
5503
5572
5506
5565
5603
5587
5691
5891
6006
5949
5856
5900
5932
5832
5886
5916
5913
5899
5715
5823
5732
5669
5671
5630
5461
5521
5348
5456
5381
5420
5402
5341
5109
5143
5061
5010
4907
4907
5004
4863
4810
4887
4921
5060
5221
5195
5244
5393
5483
5488
5578
5554
5590
5572
5549
5466
5383
5344
5459
5398
5418
5556
5751
5643
5558
5694
5727
5683
5674
5515
5551
5581
5624
5565
5578
5648
5682
5663
5672
5611
5533
5589
5564
5674
5662
5746
5712
5585
5588
5606
5684
5813
5922
5973
5993
5917
5925
5874
5771
5783
5688
5614
5523
5521
5524
5613
5630
5642
5522
5562
5617
5580
5515
5403
5322
5272
5328
5301
5449
5559
5514
5372
5359
5352
5294
5264
5264
5267
5195
5199
5175
5135
5136
5075
5081
5198
5156
5085
4999
4943
4939
4933
4966
5123
5115
4974
4912
5001
5029
5100
5032
5055
5011
5002
5018
5018
5079
5078
5155
5066
5108
5161
5233
5327
5352
5265
5350
5293
5279
5261
5265
5365
5324
5278
5286
5280
5264
5168
5081
4974
5005
5017
4965
5028
5135
5182
5238
5106
5066
5079
5128
5221
5236
5327
5378
5374
5330
5361
5388
5462
5466
5317
5287
5290
5244
5169
5122
5110
5153
5168
5110
5103
5171
5223
5211
5024
5017
5011
4900
4970
5064
5019
4969
4972
4986
4915
5000
4985
4959
4974
5010
4918
5002
4974
4944
4911
5001
5072
4992
4984
4941
4785
4835
4824
4961
4971
4980
5023
4895
5007
5011
5046
5090
5128
5077
5103
5196
5224
5304
5224
5255
5272
5324
5387
5353
5348
5410
5375
5434
5305
5298
5123
5195
5240
5244
5187
5153
5144
5142
5120
5229
5293
5196
5220
5174
5031
5091
4992
4964
5048
5115
5138
5111
5000
5000
4964
4857
4863
4800
4804
4814
4823
4848
4817
4855
4828
4980
5054
5078
5105
5094
5184
5228
5153
5190
5156
5183
5257
5197
5169
5159
5139
5071
5158
5032
5148
5284
5297
5273
5375
5386
5434
5344
5343
5298
5318
5382
5450
5368
5433
5398
5479
5367
5387
5368
5401
5279
5241
5230
5204
5268
5225
5207
5216
5195
5246
5363
5478
5480
5375
5410
5487
5404
5330
5241
5292
5327
5319
5508
5471
5420
5391
5377
5510
5515
5522
5557
5532
5514
5540
5506
5505
5359
5481
5434
5396
5402
5317
5399
5537
5437
5455
5378
5272
5258
5263
5331
5398
5360
5413
5367
5331
5328
5405
5165
5285
5107
5207
5232
5286
5076
5056
5139
5186
5112
5082
4996
5051
4975
5025
5098
5141
5269
5200
5120
5168
5223
5215
5228
5339
5259
5305
5165
5148
5227
5275
5279
5416
5434
5443
5455
5536
5639
5654
5645
5659
5554
5496
5426
5539
5574
5677
5669
5660
5668
5561
5642
5581
5545
5540
5500
5595
5565
5721
5592
5613
5590
5616
5664
5693
5600
5672
5563
5479
5605
5781
5869
5859
5856
6006
5959
5826
5801
5734
5611
5642
5529
5503
5586
5620
5509
5558
5584
5660
5604
5585
5647
5857
5694
5743
5719
5712
5660
5687
5724
5698
5734
5857
5875
5917
5906
5811
5780
5785
5857
5778
5826
5895
5865
5876
5845
5940
5948
5930
5887
5932
6087
6185
6147
6130
6184
6147
6242
6236
6131
6054
6204
6340
6316
6321
6437
6363
6418
6425
6397
6366
6244
6232
6243
6238
6136
6125
6120
6073
6039
5996
5957
5909
5892
5848
5911
6078
6128
6072
6045
6015
5996
6013
5916
5770
5763
5748
5701
5753
5806
5561
5616
5670
5557
5551
5590
5602
5617
5546
5547
5544
5477
5547
5588
5608
5594
5666
5706
5719
5862
5865
5834
5722
5718
5846
5930
5864
5949
5902
5949
5904
5844
5843
5858
5929
5931
5772
5758
5585
5745
5583
5610
5456
5481
5521
5635
5521
5467
5335
5402
5385
5404
5289
5335
5438
5366
5326
5180
5136
5105
4974
4995
5015
5004
5006
5103
4994
4892
4730
4808
4802
4806
4827
4849
4836
4900
4893
4950
4933
4943
4890
5032
5153
5046
5074
5019
5085
5151
5171
5272
5250
5262
5269
5124
5143
5124
5123
5160
5094
5116
5102
5108
5102
5072
5002
5076
5019
5103
5078
5024
4959
4971
4988
4942
4891
4824
4658
4713
4766
4807
4878
4822
4843
4974
5052
5119
5244
5251
5223
5322
5281
5373
5493
5361
5387
5429
5472
5507
5608
5695
5643
5695
5813
5750
5811
5974
5988
5977
6098
6085
6006
5976
6032
6110
6178
6102
6088
6098
6087
5996
5964
5989
6038
6189
6243
6287
6256
6222
6132
6043
6018
6087
5936
5997
5938
5977
5966
5962
5933
5898
5886
5789
5730
5807
5870
5946
5973
5947
5996
5959
5942
5859
5842
5900
5974
6220
6192
5964
6086
5957
5983
5962
6000
6114
6104
6026
6073
6197
6310
6495
6494
6390
6271
6251
6188
6282
6319
6339
6389
6408
6438
6532
6382
6327
6275
6292
6282
6295
6300
6215
6393
6429
6392
6261
6249
6269
6442
6245
6267
6364
6366
6458
6468
6353
6283
6329
6234
6274
6250
6362
6362
6470
6480
6390
6357
6304
6353
6326
6451
6490
6542
6579
6603
6506
6498
6549
6532
6543
6550
6504
6467
6576
6515
6478
6457
6412
6397
6512
6446
6588
6551
6541
6591
6598
6664
6617
6672
6579
6516
6520
6575
6543
6426
6390
6383
6347
6338
6361
6337
6400
6325
6121
6205
6141
6035
6009
6115
6070
5975
5986
5839
5736
5533
5524
5476
5389
5303
5452
5438
5254
5197
5273
5265
5247
5241
5216
5253
5124
5038
5201
5132
5076
5133
5075
5049
5049
5040
4993
5019
4818
4919
4916
4998
5000
5007
5084
5062
5182
5293
5207
5325
5336
5401
5393
5244
5338
5299
5448
5454
5555
5623
5463
5490
5471
5586
5505
5490
5521
5520
5507
5632
5498
5444
5343
5374
5421
5543
5664
5561
5512
5508
5442
5387
5390
5480
5519
5556
5551
5730
5688
5827
5767
5902
5857
5840
5808
5749
5619
5633
5570
5399
5455
5421
5411
5520
5465
5532
5477
5441
5466
5601
5643
5673
5681
5534
5565
5605
5433
5400
5466
5445
5396
5422
5479
5484
5513
5409
5338
5361
5411
5343
5204
5319
5325
5208
5268
5322
5287
5436
5487
5441
5365
5399
5262
5306
5280
5303
5385
5478
5467
5478
5353
5450
5580
5598
5664
5511
5404
5386
5464
5513
5592
5681
5563
5598
5518
5467
5501
5439
5449
5594
5526
5551
5590
5628
5676
5651
5643
5641
5586
5580
5705
5664
5785
5861
5848
5847
5941
5880
5776
5753
5779
5887
5951
5976
6056
5950
5889
5879
5871
5989
6045
5985
6068
6029
6036
6063
6132
5998
5883
5760
5890
5903
5978
5975
5974
5894
5921
5944
5888
5877
5911
5859
5905
5916
5877
5918
5884
5998
5902
5972
5872
5870
5925
5979
6095
6069
5960
5974
5859
5900
5924
5887
5789
5677
5718
5834
5756
5893
5858
5779
5895
5958
6029
5949
5864
5811
5847
5823
5843
5754
5805
5762
5850
5672
5679
5672
5549
5465
5415
5465
5535
5413
5290
5417
5499
5559
5462
5484
5458
5443
5524
5420
5503
5466
5512
5625
5642
5641
5641
5628
5590
5628
5650
5750
5807
5789
5612
5438
5459
5495
5544
5597
5682
5737
5667
5809
5841
5642
5578
5626
5584
5538
5545
5536
5522
5481
5479
5518
5457
5520
5553
5479
5477
5632
5629
5632
5629
5695
5703
5636
5647
5613
5641
5689
5746
5606
5622
5581
5648
5619
5558
5694
5716
5716
5623
5665
5653
5685
5648
5745
5696
5701
5601
5582
5369
5447
5381
5364
5334
5244
5277
5190
5237
5216
5253
5172
5112
5186
5199
5113
5031
5028
5009
5001
4972
4951
4877
4836
4772
4848
4849
4870
4925
4818
4746
4752
4666
4633
4640
4573
4574
4603
4712
4721
4744
4782
4842
4836
4884
4798
4823
4826
4727
4746
4576
4591
4652
4863
4835
4882
4848
4820
4844
4822
4868
4807
4821
4913
4983
5107
5120
5083
5081
5003
4953
4981
4907
5024
5076
5075
5059
5083
5122
5112
5237
5254
5181
5224
5193
5226
5230
5170
5104
4955
4920
4968
4968
4970
4930
4823
4933
4949
4870
4876
4939
5048
5028
5065
5126
5055
5036
5097
5060
5192
5192
5300
5339
5211
5170
5230
5246
5172
5229
5220
5177
5109
5170
5220
5183
5158
5233
5032
5090
5196
5282
5331
5405
5424
5449
5400
5454
5502
5584
5602
5648
5656
5475
5494
5475
5472
5498
5574
5529
5499
5503
5621
5488
5520
5396
5459
5466
5388
5261
5205
5172
5145
5133
5097
5179
5102
5113
5105
5132
5087
5167
5241
5349
5385
5355
5291
5232
5312
5395
5451
5587
5581
5549
5578
5635
5545
5566
5540
5437
5305
5313
5334
5283
5225
5099
5109
5085
5088
5196
5107
5070
5105
5126
5252
5308
5294
5480
5481
5421
5462
5332
5309
5248
5200
5255
5303
5307
5132
5022
4958
4893
4916
4826
4832
4829
4766
4731
4693
4817
4811
4896
4862
4851
4862
4975
4911
5019
5105
5091
5153
5229
5304
5355
5316
5192
5138
5153
5252
5243
5282
5344
5353
5307
5390
5403
5572
5502
5500
5458
5453
5407
5408
5311
5244
5309
5375
5380
5406
5364
5261
5342
5404
5267
5472
5469
5526
5587
5565
5705
5669
5614
5632
5620
5600
5610
5535
5493
5387
5468
5310
5407
5414
5268
5312
5398
5305
5288
5328
5284
5395
5417
5413
5483
5411
5505
5499
5491
5499
5441
5352
5422
5437
5419
5403
5424
5443
5299
5320
5328
5320
5336
5362
5371
5482
5623
5579
5556
5653
5677
5602
5644
5660
5717
5677
5717
5811
5793
5776
5908
5989
5942
5993
6010
6027
6031
6066
6162
6069
6026
6098
6118
6131
6244
6244
6180
6170
6258
6317
6314
6303
6373
6401
6444
6417
6441
6307
6286
6107
6141
6215
6222
6166
6130
5996
5984
5969
5953
5928
5935
5720
5806
5779
5712
5695
5668
5679
5700
5680
5708
5637
5688
5665
5618
5700
5767
5737
5673
5633
5645
5554
5526
5594
5620
5526
5530
5536
5533
5562
5441
5491
5399
5416
5424
5432
5376
5319
5318
5246
5159
5182
5220
5160
5258
5338
5306
5168
5146
5117
4955
4909
4969
4861
4902
4974
5003
4889
4691
4673
4629
4719
4717
4738
4788
4825
4869
4924
4824
4834
4830
4846
4940
4880
4909
4965
4917
4892
4894
4924
5030
5065
5040
5044
5142
5107
4956
5038
5038
5050
5104
5065
5051
5069
5188
5110
5079
5119
5229
5290
5246
5270
5347
5351
5350
5362
5548
5520
5530
5628
5541
5609
5553
5368
5467
5485
5612
5518
5480
5559
5604
5594
5689
5664
5558
5530
5530
5424
5448
5443
5436
5381
5399
5271
5299
5288
5382
5433
5394
5449
5378
5314
5432
5439
5389
5498
5402
5396
5300
5384
5423
5436
5468
5383
5474
5564
5530
5512
5545
5501
5404
5450
5331
5240
5253
5335
5249
5275
5213
5224
5292
5295
5374
5399
5415
5458
5484
5501
5607
5579
5448
5549
5469
5453
5656
5802
5909
5978
5909
5903
5965
5929
5920
5842
5754
5761
5785
5824
5784
5825
5897
5859
5829
5758
5794
5890
5879
5885
5910
5979
5974
5973
6019
6150
6193
6048
6157
6147
6118
5963
5913
5871
5680
5648
5723
5686
5668
5589
5544
5572
5397
5377
5395
5318
5310
5251
5279
5293
5149
5185
5221
5192
5219
5137
5202
5128
5118
5073
5092
5033
5125
5087
4949
4853
4889
4870
4795
4835
4911
4938
5103
5144
5039
5033
5028
4985
4936
4876
4867
4932
4991
5057
5005
4946
4991
5099
5105
5111
5215
5111
5109
5062
5093
5194
5150
5245
5310
5315
5335
5238
5208
5231
5197
5319
5189
5286
5329
5338
5240
5335
5257
5269
5168
5167
5171
5194
5086
5104
5053
5094
5116
5068
5026
4903
4912
4871
4906
4948
4970
5018
4979
4948
4894
4947
5021
4966
5040
5163
5253
5225
5195
5248
5241
5253
5302
5285
5205
5164
5171
5074
5081
5069
5101
5165
5222
5262
5201
5122
5174
5252
5349
5360
5445
5581
5543
5531
5763
5705
5701
5644
5607
5639
5555
5475
5349
5297
5364
5381
5475
5553
5682
5690
5584
5575
5770
5898
5839
5866
5723
5841
5775
5700
5806
5975
5924
6011
6128
6200
6197
6263
6354
6372
6402
6465
6405
6225
6300
6486
6543
6657
6750
6787
6772
6679
6625
6546
6663
6551
6399
6399
6446
6328
6308
6399
6538
6438
6606
6564
6620
6699
6612
6662
6621
6499
6524
6489
6495
6464
6408
6426
6255
6077
6057
6026
6168
6187
6283
6224
6382
6544
6680
6569
6399
6354
6377
6381
6422
6433
6445
6470
6398
6366
6296
6375
6293
6346
6358
6343
6330
6396
6247
6230
6153
6139
6224
6257
6320
6393
6352
6362
6280
6267
6222
6359
6402
6583
6543
6580
6399
6353
6377
6423
6455
6430
6528
6433
6372
6359
6348
6330
6352
6415
6442
6580
6539
6626
6747
6649
6681
6647
6602
6686
6583
6550
6350
6405
6379
6298
6359
6274
6378
6293
6168
6138
6105
6125
6065
6069
6110
6003
6066
5982
6036
6012
5929
5801
5878
5772
5734
5807
5640
5732
5681
5659
5558
5516
5465
5464
5452
5418
5330
5253
5295
5331
5326
5413
5310
5212
5285
5402
5390
5381
5335
5258
5191
5234
5263
5227
5252
5241
5271
5268
5240
5356
5536
5488
5556
5551
5590
5707
5726
5623
5694
5736
5732
5637
5671
5728
5757
5878
5705
5572
5475
5473
5549
5514
5510
5415
5456
5329
5288
5227
5244
5251
5349
5530
5395
5377
5374
5380
5380
5546
5566
5551
5625
5689
5845
5749
5724
5713
5780
5683
5605
5567
5505
5494
5484
5542
5631
5586
5533
5652
5632
5684
5740
5803
5803
5642
5580
5465
5421
5504
5371
5446
5465
5458
5517
5479
5550
5660
5560
5608
5599
5660
5625
5542
5482
5445
5459
5478
5443
5392
5399
5378
5381
5486
5377
5456
5553
5618
5621
5596
5569
5578
5549
5548
5522
5540
5587
5502
5644
5619
5686
5652
5518
5629
5586
5728
5642
5537
5489
5464
5526
5431
5322
5266
5142
5169
5142
5191
5132
5017
4926
4868
4800
4760
4812
4927
4952
4897
4927
4845
4838
4883
4948
4984
5018
4975
4818
4844
4881
4738
4706
4667
4587
4529
4649
4797
4895
4858
4836
4891
4789
4771
4686
4703
4791
4793
4783
4758
4769
4812
4834
4750
4750
4640
4542
4468
4361
4314
4354
4257
4121
4117
4103
4100
4113
4080
3995
4047
3995
3918
3948
4022
3898
3832
3794
3877
3894
3877
3787
3886
3861
3847
3739
3723
3740
3687
3681
3724
3700
3725
3585
3565
3533
3427
3505
3593
3694
3692
3663
3631
3684
3724
3605
3549
3552
3521
3450
3436
3420
3364
3261
3246
3245
3363
3436
3458
3448
3519
3547
3547
3513
3572
3558
3597
3534
3589
3543
3551
3637
3598
3543
3469
3497
3600
3697
3813
3795
3748
3774
3804
3874
3946
3916
3965
4056
4107
4086
4062
4145
4048
4072
4041
4084
4096
4085
4099
4032
4076
4071
4135
4258
4361
4382
4425
4446
4388
4328
4300
4265
4278
4285
4209
4303
4472
4449
4553
4569
4575
4631
4595
4520
4501
4534
4632
4713
4634
4652
4765
4850
4894
5009
4972
4977
4986
5166
5215
5166
5228
5268
5284
5339
5327
5479
5510
5549
5674
5480
5432
5350
5322
5301
5409
5441
5422
5564
5503
5425
5488
5432
5318
5306
5285
5287
5290
5323
5307
5355
5297
5234
5258
5366
5359
5376
5441
5417
5388
5352
5397
5392
5398
5404
5308
5291
5301
5385
5369
5375
5349
5302
5320
5303
5260
5255
5303
5346
5441
5392
5423
5353
5243
5238
5288
5292
5272
5189
5198
5189
5328
5354
5399
5360
5337
5328
5446
5269
5369
5378
5440
5404
5287
5251
5246
5294
5288
5274
5271
5334
5497
5406
5216
5284
5351
5371
5508
5458
5386
5270
5307
5344
5397
5387
5406
5461
5432
5435
5279
5315
5521
5466
5471
5412
5532
5571
5522
5483
5397
5457
5467
5560
5569
5596
5727
5747
5855
5763
5702
5787
5874
5788
5875
6102
6190
6176
6181
6173
6377
6489
6272
6189
6135
6137
6070
6151
6062
6076
5987
5960
6084
6302
6387
6288
6357
6346
6336
6258
6206
6304
6338
6306
6269
6384
6432
6488
6572
6700
6788
6767
6669
6596
6767
6759
6840
6863
6896
6933
6838
6855
6847
6826
6705
6450
6480
6514
6552
6553
6582
6580
6577
6569
6544
6522
6554
6577
6624
6655
6668
6658
6534
6605
6415
6350
6262
6235
6290
6477
6535
6494
6526
6408
6441
6254
6355
6321
6427
6324
6233
6309
6246
6224
6243
6300
6258
6191
6273
6271
6306
6306
6282
6365
6297
6401
6280
6373
6349
6437
6387
6296
6268
6291
6199
6123
6104
6121
6070
6030
6161
6018
6088
6192
6223
6248
6228
6295
6394
6389
6464
6537
6483
6449
6436
6528
6511
6541
6486
6433
6194
6241
6369
6296
6434
6352
6400
6337
6226
6172
6062
6018
6113
6033
5982
5733
5786
5524
5361
5436
5381
5299
5417
5434
5470
5439
5478
5454
5362
5467
5349
5344
5305
5318
5293
5259
5287
5445
5519
5419
5326
5442
5406
5496
5267
5316
5265
5203
5230
5222
5201
5301
5234
5405
5475
5512
5484
5388
5437
5420
5345
5389
5446
5480
5423
5315
5237
5226
5145
5077
5253
5290
5138
5218
5264
5150
5098
5206
5178
5258
5264
5401
5318
5201
5169
5197
5224
5143
5174
5182
5277
5295
5241
5208
5195
5212
5277
5256
5227
5104
5148
5185
5148
5208
5185
5150
5130
5054
5123
5213
5217
5238
5308
5329
5326
5250
5317
5293
5285
5427
5469
5385
5416
5404
5471
5442
5413
5457
5375
5247
5321
5268
5243
5160
5222
5195
5107
5112
5273
5302
5213
5137
5167
5136
5135
5105
5167
5205
5140
5192
5196
5223
5314
5343
5455
5424
5417
5405
5408
5488
5481
5522
5497
5456
5405
5413
5183
5241
5203
5283
5345
5359
5145
5212
5264
5276
5136
5105
5059
4985
5034
4980
4884
4913
4812
4898
4916
5007
5026
5079
5167
5199
5134
5147
5299
5290
5271
5238
5264
5198
5168
5332
5246
5225
5236
5190
5220
5226
5255
