505000
200144
142049
111792
92081
78753
69327
62303
56210
51531
47248
43631
40626
38375
36216
34302
32379
31047
29773
28531
27319
26193
25219
24139
23469
22377
21594
21036
20252
19475
18714
18440
17980
17372
16905
16731
16365
16204
15954
15711
15530
15289
14963
14627
14483
14195
14080
13779
13323
13120
12901
12841
12655
12525
12467
12188
12129
11909
11821
11685
11736
11454
11438
11159
11158
11064
10928
10793
10597
10512
10445
10498
10452
10405
10190
10012
9987
9882
9896
9755
9743
9630
9516
9611
9540
9583
9427
9565
9462
9328
9131
9154
9081
8892
8915
8878
8830
8865
8951
8969
8905
8948
8827
8870
8828
8708
8707
8641
8628
8636
8568
8568
8426
8344
8253
8196
7894
7863
7898
7760
7806
7654
7571
7467
7500
7509
7512
7448
7384
7364
7366
7370
7329
7295
7304
7194
7228
7129
7001
6859
6800
6746
6728
6728
6682
6804
6749
6717
6707
6665
6587
6605
6470
6424
6254
6312
6295
6316
6278
6252
6273
6404
6416
6336
6357
6311
6489
6439
6410
6460
6473
6510
6327
6325
6298
6343
6344
6263
6215
6238
6186
6154
6036
5930
5894
5851
5792
5766
5808
5788
5766
5774
5682
5700
5612
5613
5543
5507
5460
5203
5232
5312
5325
5318
5329
5266
5176
5200
5013
4967
5054
5003
4901
4869
4868
4833
4941
4969
5042
5058
5069
5074
5088
4983
4858
4890
4843
4851
4814
4767
4820
4874
4896
4942
4917
4947
5042
5039
5016
5048
5010
5016
4989
4988
4895
5018
4986
5044
4979
5008
5032
5071
5038
4971
5023
5035
5002
4951
4802
4730
4808
4932
4899
4831
4744
4826
4813
4840
4806
4887
4965
5044
5137
5179
5240
5240
5240
5134
5162
5195
5180
5155
5264
5167
5144
5115
5078
5088
5044
5170
5132
5122
5142
5073
4942
4879
4838
4864
4932
4943
5023
4925
4818
4734
4612
4571
4612
4602
4610
4700
4622
4683
4642
4695
4684
4711
4654
4677
4793
4813
4776
4709
4826
4895
4857
4948
4947
5033
5049
5054
4876
4892
4824
4874
4871
4836
4822
4787
4748
4778
4813
4789
4701
4712
4736
4675
4683
4724
4818
4870
4754
4693
4678
4761
4789
4780
4803
4841
4805
4915
4854
4768
4770
4700
4703
4614
4614
4552
4544
4534
4504
4553
4496
4410
4487
4522
4412
4367
4495
4495
4433
4379
4416
4331
4359
4227
4301
4443
4379
4437
4442
4361
4244
4230
4239
4302
4419
4400
4434
4378
4400
4444
4418
4346
4470
4450
4389
4365
4495
4352
4294
4344
4332
4474
4484
4491
4547
4480
4480
4411
4440
4484
4608
4721
4709
4783
4793
4855
4939
4845
4950
4961
4889
4795
4842
4838
4906
4989
5015
5047
4977
4974
4833
4756
4624
4619
4679
4684
4711
4582
4499
4559
4544
4570
4482
4602
4547
4531
4579
4563
4513
4566
4567
4596
4496
4447
4363
4464
4337
4303
4173
4157
4238
4278
4249
4171
4114
4029
4015
4015
4152
4210
4267
4219
4252
4231
4303
4294
4407
4361
4423
4481
4510
4530
4651
4724
4702
4738
4732
4656
4616
4702
4760
4731
4646
4668
4670
4732
4786
4836
4824
4845
4910
4961
4901
4958
4860
4864
4891
4907
5064
5069
5175
5100
5143
5221
5269
5132
5221
5259
5211
5241
5193
5172
5128
5029
4891
4879
4993
5094
5168
5103
5086
5161
5183
5106
5178
5331
5447
5481
5528
5399
5413
5334
5328
5437
5496
5500
5489
5515
5569
5523
5610
5625
5588
5548
5532
5587
5545
5547
5364
5304
5182
5131
5279
5257
5105
5097
5028
4990
5008
4896
4905
4953
5007
4961
4940
4984
5095
5068
5048
5062
4987
5091
5020
4975
5018
5043
5037
5060
5148
5297
5370
5217
5182
5239
5209
5178
5139
5110
5115
5023
5003
4985
4903
4898
4818
4813
4800
4753
4739
4746
4824
4812
4662
4775
4788
4745
4797
4860
4845
4962
4971
4982
4990
4845
5008
5015
5013
5040
4980
4869
4973
4991
5015
5003
5042
5029
4965
4851
4866
4815
4862
4996
4962
5048
4972
4958
5078
5052
5060
5025
5134
5154
5157
5102
5083
5280
5284
5243
5297
5349
5403
5428
5474
5592
5570
5589
5568
5561
5604
5565
5537
5687
5699
5603
5500
5505
5470
5322
5384
5478
5599
5653
5650
5654
5671
5886
6006
6020
5926
5949
6007
6024
6045
6020
6006
6021
5959
6019
5948
5944
5979
5921
5874
5924
5794
5840
5853
5804
5697
5628
5593
5529
5597
5514
5468
5331
5341
5400
5607
5663
5606
5749
5868
5842
5769
5727
5755
5694
5692
5751
5900
5985
5962
5930
6010
6004
5927
5962
5925
5884
5945
5980
5983
5916
5910
5952
5859
5770
5734
5699
5650
5562
5540
5482
5414
5374
5424
5323
5330
5413
5354
5395
5428
5449
5555
5523
5564
5578
5525
5478
5469
5400
5411
5356
5450
5419
5495
5590
5669
5664
5767
5783
5734
5572
5612
5574
5604
5555
5568
5466
5459
5426
5511
5511
5380
5464
5462
5460
5514
5502
5396
5466
5427
5446
5446
5487
5541
5520
5608
5528
5545
5549
5508
5493
5366
5445
5448
5421
5419
5452
5564
5583
5499
5369
5380
5432
5452
5490
5457
5478
5459
5437
5507
5510
5516
5505
5538
5595
5649
5659
5704
5607
5618
5633
5759
5749
5884
5899
5845
5875
5739
5755
5727
5769
5784
5845
5760
5818
5824
5908
6033
5943
5972
6003
6050
5865
5842
5965
5988
5974
5885
5918
6019
5994
5970
5923
5962
5935
5939
5839
5965
5861
5869
5992
6097
6257
6367
6406
6603
6629
6548
6503
6426
6369
6471
6382
6410
6467
6459
6409
6466
6568
6582
6522
6541
6537
6552
6487
6485
6557
6486
6359
6203
6109
6108
6059
5861
5816
5719
5945
5841
5757
5864
5988
5980
5957
6012
5888
5979
6000
6075
5971
6096
6269
6181
6263
6264
6375
6372
6308
6255
6253
6287
6229
6259
6195
6225
6223
6265
6413
6413
6420
6470
6374
6344
6286
6291
6160
6237
6230
6194
6037
6147
6103
5994
5972
5911
6002
6059
5917
5981
6029
6047
6149
6168
6087
6146
6089
6031
6070
6028
6068
5983
6059
5994
5928
6030
5987
5905
5906
5916
5781
5769
5729
5673
5659
5806
5803
5628
5669
5594
5600
5700
5809
5917
5958
5921
6051
5995
5960
6088
6107
6156
6172
6192
6248
6357
6435
6439
6395
6280
6313
6346
6395
6375
6397
6438
6443
6453
6510
6518
6560
6574
6644
6592
6598
6636
6653
6703
6753
6648
6706
6743
6753
6662
6622
6628
6544
6451
6435
6393
6263
6365
6455
6445
6442
6519
6608
6548
6549
6425
6491
6515
6491
6494
6611
6576
6512
6539
6485
6468
6417
6546
6468
6513
6587
6599
6655
6668
6789
6806
6791
6792
6818
6851
6683
6656
6625
6534
6592
6672
6671
6630
6632
6735
6703
6602
6534
6707
6857
6842
6772
6922
6817
6932
6931
6894
6891
6904
6777
6789
6739
6819
6829
6729
6663
6518
6590
6672
6540
6486
6537
6521
6498
6606
6686
6478
6445
6387
6333
6347
6182
6151
6229
6192
6045
5991
5838
5899
5861
5751
5759
5838
5874
5865
5883
5904
5981
6119
6146
6274
6269
6297
6267
6275
6262
6357
6345
6324
6280
6237
6219
6152
6172
6166
6149
6201
6226
6207
6266
6264
6183
6331
6368
6236
6251
6335
6311
6225
6089
6147
6185
6185
6415
6382
6295
6237
6082
5966
5978
6026
6072
6269
6249
6283
6208
6236
6322
6273
6382
6426
6341
6612
6659
6750
6617
6536
6610
6728
6672
6668
6731
6733
6687
6758
6772
6904
6896
6889
6820
6903
6780
6812
6832
6762
6751
6838
6742
6756
6800
6953
6886
6888
6873
6820
6785
6852
6943
6937
6836
6862
7019
6914
7021
7041
6871
6919
6876
7059
7125
6999
7007
6996
7075
7108
7040
7079
6963
6803
6854
6777
6710
6798
6774
6790
6871
6774
6766
6877
6789
6840
6824
6747
6735
6642
6758
6644
6588
6486
6456
6429
6450
6478
6482
6536
6493
6506
6548
6565
6436
6473
6504
6528
6676
6792
6771
6716
6683
6604
6502
6445
6452
6465
6420
6495
6321
6361
6287
6220
6244
6233
6141
6162
6198
6259
6252
6383
6348
6439
6242
6254
6218
6218
6327
6266
6305
6375
6307
6383
6325
6400
6406
6365
6556
6441
6433
6554
6529
6613
6696
6729
6733
6724
6736
6679
6699
6693
6676
6616
6552
6548
6608
6472
6586
6542
6491
6567
6609
6628
6702
6757
6549
6565
6616
6662
6560
6495
6392
6486
6549
6430
6463
6355
6272
6201
6117
6130
6092
6217
6256
6276
6383
6227
6085
6066
6107
5904
5928
5987
5984
5939
5961
5838
5828
5930
5877
5772
5794
5950
5906
5734
5747
5683
5654
5703
5607
5642
5598
5631
5422
5411
5439
5434
5413
5346
5375
5413
5526
5643
5618
5611
5669
5636
5574
5651
5624
5607
5501
5545
5498
5490
5430
5390
5427
5441
5374
5457
5522
5489
5470
5534
5616
5619
5644
5597
5528
5546
5540
5637
5765
5740
5743
5726
5619
5590
5447
5546
5544
5476
5377
5359
5357
5402
5331
5434
5386
5413
5320
5282
5299
5431
5403
5470
5418
5440
5425
5459
5372
5256
5242
5277
5284
5239
5174
5348
5245
5249
5114
5139
5302
5381
5475
5493
5690
5636
5604
5710
5708
5747
5682
5691
5716
5678
5642
5567
5580
5682
5707
5695
5700
5830
5833
5900
5883
5837
5750
5809
5560
5476
5551
5624
5658
5703
5589
5578
5565
5708
5707
5683
5745
5649
5589
5690
5652
5576
5574
5459
5329
5286
5335
5342
5250
5231
5236
5361
5360
5275
5280
5308
5256
5372
5483
5596
5613
5624
5552
5536
5435
5403
5395
5410
5421
5371
5295
5313
5349
5447
5416
5350
5399
5338
5392
5292
5216
5084
5186
5097
5138
5126
5113
5192
5255
5260
5304
5295
5195
5190
5112
5037
5152
5145
5096
5199
5244
5268
5272
5294
5314
5304
5334
5348
5401
5375
5373
5444
5452
5465
5378
5381
5386
5223
5224
5269
5280
5215
5163
5035
5124
5090
5144
5134
5102
5164
5260
5159
5112
5093
4912
4977
4992
5023
5083
5079
5136
5201
5117
4982
5013
5015
5095
5089
5036
4972
5008
5054
5012
5046
5048
5001
5052
4994
5153
5229
5253
5163
5032
5113
5005
5032
5195
5218
5278
5232
5285
5375
5295
5222
5171
5159
5194
5282
5250
5210
5295
5137
5129
5087
5108
5142
5105
4965
4901
4937
4835
4892
4843
4834
4829
4781
4784
4856
4765
4671
4621
4580
4495
4481
4527
4545
4560
4619
4675
4711
4676
4718
4620
4489
4412
4496
4500
4595
4670
4725
4865
4924
4948
4920
4871
4773
4765
4695
4765
4702
4594
4592
4580
4464
4518
4641
4592
4611
4828
4906
4930
5021
5044
4981
4889
4920
4949
4837
4897
4906
4798
4944
4940
4887
4885
4931
4905
4876
4754
4705
4809
4755
4854
4866
4794
4897
4997
5047
5046
5104
5073
5091
5056
5115
5082
5093
5093
4994
4994
5133
5209
5109
5271
5356
5382
5357
5305
5249
5098
4968
4953
4915
4857
4803
4700
4667
4614
4770
4758
4666
4709
4652
4529
4650
4604
4639
4769
4803
4757
4715
4731
4716
4788
4734
4758
4803
4900
4913
5095
5137
5165
5195
5128
5086
5210
5115
5202
5061
5145
5137
5049
5054
5010
5086
5138
5168
5364
5433
5347
5243
5202
5243
5036
5067
5049
5091
5062
5016
5046
5163
5080
5125
5158
5332
5392
5517
5462
5454
5595
5495
5602
5609
5598
5621
5545
5557
5573
5603
5597
5496
5460
5380
5408
5409
5404
5437
5542
5433
5341
5329
5319
5361
5514
5516
5430
5362
5365
5309
5239
5220
5231
5124
5186
5155
5138
5149
5183
5225
5186
5143
5187
5239
5347
5388
5369
5415
5449
5479
5456
5628
5551
5711
5642
5594
5601
5555
5653
5634
5596
5675
5690
5683
5716
5777
5740
5668
5614
5501
5560
5592
5643
5604
5569
5579
5679
5762
5803
5755
5883
5875
6054
6017
5925
5931
6086
6024
5912
5705
5787
5963
5893
5940
5939
5989
5975
5952
5882
5947
5969
5901
6152
6152
6113
6264
6288
6398
6440
6331
6335
6343
6341
6440
6556
6578
6609
6624
6584
6410
6390
6420
6421
6358
6344
6391
6490
6341
6283
6072
6043
5992
6042
6045
5976
5965
5980
6066
6108
6059
6147
6288
6318
6233
6341
6418
6444
6357
6385
6394
6295
6178
6222
6149
6304
6542
6541
6535
6516
6572
6707
6630
6527
6448
6448
6422
6282
6304
6265
6139
6147
6028
6125
6117
6052
6211
6375
6306
6205
6227
6182
6277
6306
6292
6269
6206
6165
6163
6165
6087
5950
6115
6206
6111
6132
6015
6039
6049
6092
6231
6170
6224
6257
6229
6171
6011
5941
5924
5903
5820
5745
5742
5739
5598
5674
5609
5569
5456
5387
5357
5372
5440
5510
5598
5591
5477
5494
5519
5279
5127
5132
5200
5170
5243
5381
5382
5347
5254
5334
5402
5520
5549
5495
5384
5436
5455
5249
5251
5402
5426
5395
5444
5448
5498
5477
5555
5481
5422
5452
5265
5246
5198
5306
5294
5256
5213
5142
5200
5219
5306
5199
5234
5190
5249
5282
5253
5358
5336
5331
5255
5243
5286
5375
5401
5455
5415
5395
5463
5400
5391
5494
5410
5490
5539
5648
5623
5555
5596
5724
5682
5710
5851
5817
5811
5957
6059
5882
6016
5953
5882
5960
6018
5916
5913
5902
5779
5821
5781
5723
5806
5837
5953
5923
5995
5962
5959
5875
5939
5916
5952
6014
5982
6004
6077
6072
6011
6076
6127
6231
6195
6276
6265
6344
6344
6383
6469
6482
6414
6312
6310
6404
6296
6381
6337
6436
6279
6295
6275
6247
6239
6225
6340
6207
6034
5963
6040
6080
6127
6059
6086
6074
6056
5970
6039
6015
6069
6043
6095
6035
6116
6163
6332
6176
6174
6215
6217
6074
6100
5994
5841
5909
5864
5933
5797
5759
5896
6047
6120
6158
6253
6104
6141
6144
6081
5930
5953
5893
5822
5921
6011
6000
6003
5916
5897
5910
5916
5842
5956
5846
5806
5715
5798
5786
5796
5798
5783
5795
5750
5775
5849
5717
5731
5846
5897
5863
5867
5806
5791
5827
5854
5793
5758
5769
5788
5651
5633
5699
5625
5523
5528
5509
5496
5430
5469
5475
5399
5493
5474
5331
5247
5276
5240
5309
5369
5468
5510
5431
5369
5346
5315
5299
5220
5153
5154
5188
5160
5262
5253
5273
5381
5458
5635
5748
5611
5626
5663
5806
5897
5895
5897
5873
5912
6028
6007
5860
5831
5735
5640
5475
5568
5691
5693
5584
5469
5438
5455
5353
5400
5426
5431
5435
5399
5577
5694
5723
5835
5865
5750
5740
5724
5706
5644
5594
5622
5728
5733
5746
5753
5722
5806
5827
5863
5938
5928
5822
5785
5808
5847
5920
6050
6078
6148
6136
6054
6012
5993
6012
6073
5930
5961
5941
5853
5777
5688
5718
5808
5756
5740
5562
5427
5493
5476
5389
5443
5351
5474
5529
5557
5491
5458
5560
5608
5657
5649
5623
5634
5721
5656
5572
5567
5463
5433
5563
5674
5684
5697
5676
5556
5667
5759
5742
5754
5812
5941
5849
5848
5806
5728
5821
5904
5911
5948
6082
6127
6181
6154
6118
6168
6220
6260
6313
6219
6118
6098
6045
5990
6017
5886
5891
5830
5762
5781
5811
5740
5777
5898
5849
5859
5853
5876
5844
5787
5847
5906
5931
5930
5950
6030
6146
6300
6288
6390
6322
6262
6242
6343
6414
6418
6298
6350
6371
6359
6448
6525
6406
6429
6551
6512
6482
6406
6393
6409
6407
6407
6330
6319
6120
6018
6087
6019
6014
5996
6019
6025
5977
5950
6161
6124
6219
6095
6152
6021
5903
5790
5806
5819
5834
5901
5866
5885
5896
5792
5880
6007
6078
6085
6204
6316
6362
6336
6262
6187
6219
6152
6026
6016
6031
5957
5867
5852
5811
5818
5698
5683
5658
5634
5579
5623
5647
5627
5554
5626
5533
5466
5533
5662
5630
5581
5597
5525
5519
5469
5341
5237
5225
5062
4870
4755
4815
4919
4765
4769
4677
4654
4666
4608
4595
4649
4617
4631
4660
4806
4931
5056
5146
5183
5274
5254
5285
5242
5221
5261
5306
5385
5328
5369
5379
5266
5289
5334
5258
5159
5191
5180
5157
5166
5243
5196
5195
5153
5128
5031
5060
5173
5326
5277
5234
5171
5196
5069
5111
5048
5125
5064
5172
5131
5023
5095
5196
5170
5164
5243
5297
5194
5316
5429
5511
5577
5490
5396
5446
5424
5518
5534
5543
5468
5519
5609
5598
5604
5541
5560
5564
5551
5521
5583
5609
5729
5678
5676
5652
5677
5644
5752
5728
5721
5659
5633
5673
5669
5575
5608
5635
5664
5692
5765
5806
5765
5703
5842
5862
5863
5814
5799
5881
5931
5801
5747
5821
5834
5962
6056
6179
6113
6017
5796
5773
5883
5899
5784
5821
5795
5833
5739
5693
5630
5709
5715
5634
5568
5594
5610
5533
5470
5541
5554
5510
5641
5752
5732
5766
5738
5629
5656
5561
5649
5581
5651
5638
5607
5701
5648
5526
5455
5453
5476
5455
5405
5329
5316
5270
5290
5255
5095
5198
5134
5117
5147
5015
5056
5063
4961
4931
4886
5058
5120
5077
5142
5161
5132
4943
4954
4858
4660
4703
4740
4673
4636
4684
4642
4672
4866
4943
4972
4957
4981
4986
5032
5101
5174
5129
5237
5288
5322
5329
5350
5300
5316
5241
5275
5228
5064
5015
5018
5016
5014
5003
5046
5145
5168
5317
5233
5253
5206
5317
5362
5386
5377
5407
5447
5574
5671
5647
5519
5478
5444
5540
5654
5720
5562
5351
5362
5459
5550
5576
5679
5662
5584
5560
5520
5470
5489
5577
5524
5500
5380
5360
5291
5366
5375
5454
5589
5658
5667
5638
5625
5635
5662
5605
5678
5666
5556
5534
5530
5650
5652
5624
5754
5760
5676
5702
5665
5627
5593
5665
5670
5623
5529
5524
5609
5655
5658
5637
5680
5734
5588
5591
5701
5683
5704
5597
5554
5501
5533
5577
5587
5435
5530
5559
5596
5708
5684
5736
5745
5785
5892
5840
5837
6006
6129
6080
6125
6068
6000
6088
6158
6100
6003
5993
5934
6010
6017
6068
6131
6073
6091
6162
6170
6191
6069
6041
6072
6152
6031
6030
6063
5988
6065
6188
6166
6110
6207
6055
5984
6042
6151
6138
6138
6253
6249
6278
6198
6162
6235
6228
6217
6230
6265
6159
6123
6038
5873
5903
5976
5872
5887
5772
5640
5768
5738
5741
5778
5744
5786
5659
5570
5587
5567
5551
5449
5495
5480
5636
5789
5866
5753
5771
5837
5946
5919
5978
5820
5852
5855
5986
5779
5769
5890
5937
5951
5976
6135
6122
5992
5979
6045
6049
5982
5966
5916
5922
6053
6031
6085
6109
6150
6063
6094
6175
6209
6166
6197
6084
5951
5901
5853
5853
5742
5617
5708
5759
5801
5813
5815
5875
5805
5771
5785
5748
5709
5612
5557
5675
5719
5580
5699
5654
5697
5801
5712
5867
5689
5657
5666
5737
5798
5824
5814
5934
5954
6047
5995
6075
6136
6251
6170
6046
6121
6105
6187
6305
6251
6256
6426
6335
6255
6360
6405
6486
6579
6567
6652
6519
6522
6500
6439
6397
6488
6412
6388
6416
6381
6347
6342
6225
6126
6202
6176
6277
6316
6413
6396
6529
6471
6459
6303
6349
6351
6222
6199
6062
5966
5941
5859
5758
5799
5843
5715
5604
5365
5341
5380
5439
5435
5475
5525
5565
5651
5576
5574
5483
5481
5561
5523
5416
5423
5561
5606
5588
5486
5540
5520
5587
5675
5772
5851
5808
5818
5858
5835
5729
5592
5616
5660
5676
5688
5667
5656
5607
5630
5776
5795
5658
5602
5644
5652
5759
5755
5889
5953
5970
5949
5843
5823
5870
5867
5975
5881
5893
5804
5790
5841
5813
5778
5761
5763
5765
5818
5826
5923
5874
5889
5906
5953
5868
5778
5787
5822
5754
5804
5712
5822
5908
5862
5907
5927
5806
5747
5771
5711
5775
5580
5510
5448
5532
5449
5473
5502
5486
5385
5313
5354
5496
5596
5523
5434
5494
5614
5665
5648
5731
5586
5688
5669
5661
5686
5692
5700
5806
5856
5901
5915
5811
5724
5587
5657
5576
5578
5635
5598
5653
5674
5757
5784
5814
5808
5884
5939
5907
5779
5615
5502
5728
5814
5881
5919
5807
5815
5708
5751
5581
5590
5587
5557
5539
5397
5380
5430
5395
5290
5295
5254
5337
5367
5339
5305
5364
5304
5299
5458
5576
5446
5370
5249
5093
5132
5042
5199
5253
5162
5230
5144
5219
5162
5097
5215
5156
4991
5038
5094
5033
5006
4976
5052
5036
5000
5002
4957
4970
4994
5052
5174
5241
5092
5101
5053
5001
5105
5220
5153
5129
5176
5162
5069
5141
5219
5215
5172
5325
5233
5216
5132
5205
5185
5213
5172
5154
5153
5054
5014
4983
5051
5066
5131
5225
5215
5253
5245
5315
5488
5423
5521
5425
5493
5414
5454
5397
5422
5354
5397
5409
5293
5304
5322
5290
5276
5317
5252
5169
5016
5086
5182
5168
5283
5216
5302
5230
5289
5278
5424
5441
5401
5442
5353
5305
5252
5297
5271
5188
5269
5151
5123
5288
5296
5312
5333
5346
5423
5406
5432
5342
5401
5307
5282
5381
5485
5361
5384
5336
5389
5398
5363
5368
5299
5272
5409
5293
5238
5324
5438
5468
5479
5489
5516
5581
5594
5584
5645
5613
5627
5486
5618
5605
5570
5501
5438
5464
5291
5258
5287
5249
5346
5261
5252
5263
5362
5412
5448
5479
5541
5487
5485
5458
5464
5497
5563
5590
5588
5497
5442
5493
5473
5459
5427
5350
5396
5359
5360
5360
5431
5437
5465
5578
5531
5457
5494
5595
5592
5489
5546
5578
5622
5738
5816
5776
5744
5819
5826
5891
5923
5817
5784
5906
5809
5761
5859
5681
5548
5761
5881
5960
5994
5973
5967
5975
6026
5926
5938
5816
5786
5762
5801
5763
5733
5638
5599
5461
5258
5278
5307
5288
5228
5114
5058
5075
5012
5010
4966
4927
4908
4932
5046
4920
5012
5074
5138
5145
5182
5263
5250
5288
5266
5246
5277
5293
5348
5350
5320
5364
5374
5282
5261
5288
5257
5248
5264
5306
5392
5276
5274
5240
5244
5157
5119
5103
5129
5056
5070
5167
5121
5206
5192
5054
5200
5253
5279
5316
5381
5464
5446
5607
5613
5593
5472
5460
5317
5328
5358
5409
5359
5281
5226
5285
5291
5362
5347
5221
5290
5387
5400
5304
5125
5067
4976
4962
4904
5033
5045
5119
5099
5141
5246
5254
5271
5278
5292
5288
5313
5332
5390
5365
5343
5257
5226
5250
5330
5296
5315
5300
5280
5321
5292
5227
5189
5251
5278
5388
5382
5425
5459
5477
5573
5531
5421
5533
5623
5581
5598
5566
5466
5440
5370
5476
5537
5510
5549
5521
5560
5596
5662
5739
5802
5932
5902
5967
5997
6065
5968
6120
6059
5954
5877
5931
5886
5947
5991
5996
5995
5863
5786
5839
5733
5708
5667
5505
5511
5466
5520
5347
5365
5442
5602
5562
5580
5528
5625
5635
5675
5782
5731
5754
5853
5842
5746
5714
5503
5500
5594
5602
5548
5573
5546
5582
5452
5457
5467
5629
5725
5751
5779
5651
5777
5932
5938
5970
5926
5879
5913
5968
5910
6023
6011
6023
5952
5875
5838
5716
5580
5623
5656
5679
5700
5713
5741
5804
5671
5636
5612
5607
5619
5676
5757
5756
5795
5943
5903
5913
5853
5964
5881
5888
5832
5694
5786
5813
5779
5771
5929
6016
6027
5970
5956
5827
5898
5887
5852
5761
5831
5769
5909
5954
6043
5979
5955
6034
6182
6273
6281
6264
6308
6156
6178
6157
6086
6116
6099
6176
6023
6049
6014
6071
6169
6251
6310
6330
6357
6356
6401
6350
6447
6368
6356
6346
6396
6420
6606
6555
6617
6703
6691
6761
6666
6609
6654
6619
6692
6702
6627
6617
6549
6420
6345
6221
6221
6287
6261
6211
6037
6035
6176
6166
6074
6056
6188
6046
6044
6113
5980
6011
6115
6113
6158
6098
6332
6274
6268
6319
6295
6351
6424
6421
6410
6378
6358
6256
6257
6286
6286
6351
6317
6225
6236
6266
6316
6265
6315
6269
6308
6167
6182
6223
6189
6165
6189
6222
6178
6123
6060
6042
6051
6036
5962
5928
5834
5770
5825
5860
5680
5618
5631
5558
5565
5608
5627
5581
5533
5575
5768
5714
5887
5941
5969
6023
5892
5866
5904
5972
5988
5879
5890
5849
5779
5652
5678
5836
5822
5858
5820
5919
5953
6017
6001
5989
5937
5909
6017
6024
6108
6103
6105
6102
6127
6213
6244
6265
6310
6457
6372
6606
6643
6533
6586
6636
6677
6639
6708
6724
6745
6655
6637
6555
6407
6305
6379
6419
6496
6434
6386
6497
6395
6311
6367
6279
6315
6330
6484
6422
6285
6242
6176
6164
6223
6225
6164
6212
6204
6197
6251
6205
6133
6002
5899
5909
5917
5835
5766
5755
5667
5703
5853
5762
5803
5707
5644
5821
5802
5856
5759
5742
5755
5903
5769
5735
5859
5855
5881
5925
5981
5981
6004
5998
5924
5879
5978
5845
5779
5675
5802
5662
5722
5855
5842
5829
5953
5931
5922
5889
6015
6092
6141
6081
6063
6079
6068
5927
5875
5838
5939
5984
5997
5976
5948
5953
5999
6059
6086
6141
6267
6433
6368
6177
6105
6087
6045
6020
6180
6337
6486
6522
6506
6465
6473
6492
6430
6419
6333
6315
6342
6315
6234
6262
6214
6255
6103
6237
6221
6214
6114
6134
6257
6210
6225
6126
5934
5973
5967
5749
5862
5896
5926
5981
5912
5970
6076
6143
6059
6161
6233
6259
6241
6307
6217
6099
6023
5950
6042
6084
6023
6012
5938
5911
5798
5839
5750
5714
5705
5810
5837
5915
5990
5997
5922
5942
5840
5948
5999
6102
6131
6097
6203
6170
6184
6269
6226
6260
6304
6393
6259
6151
6142
6171
6117
6078
6189
6185
6128
6031
6007
5933
5891
5845
5936
5912
5867
5944
5891
5832
5899
5915
5896
5862
5892
6062
5999
6095
6245
6041
5967
5929
5916
5979
5902
5895
5996
5936
5741
5653
5568
5496
5462
5544
5561
5653
5636
5636
5636
5743
5786
5709
5682
5787
5835
5691
5699
5717
5770
5811
5732
5843
5682
5661
5665
5685
5647
5498
5487
5510
5506
5626
5655
5613
5518
5520
5424
5310
5327
5274
5266
5111
5052
5124
5169
5175
5230
5156
5159
5100
5199
5204
5198
5298
5320
5273
5324
5299
5350
5437
5466
5547
5553
5539
5486
5447
5627
5809
5656
5681
5706
5604
5672
5617
5616
5575
5632
5582
5645
5741
5759
5768
5830
5800
5885
5974
5998
5903
5836
5826
5749
5738
5816
5870
5836
5780
5843
5740
5706
5690
5541
5529
5600
5738
5592
5605
5542
5452
5391
5328
5278
5395
5366
5290
5317
5365
5236
5253
5169
5093
5120
5117
5127
5290
5345
5379
5469
5439
5408
5471
5508
5555
5661
5440
5379
5386
5513
5524
5593
5602
5598
5572
5581
5576
5630
5731
5710
5726
5709
5742
5702
5598
5724
5575
5616
5513
5332
5277
5211
5270
5232
5183
5254
5355
5438
5283
5198
5061
5074
5080
4992
4876
4783
4852
4833
4842
4844
4859
4967
4886
4861
4753
4893
4882
4867
4819
4843
4963
5035
5064
5053
5025
5060
5008
5045
5118
5249
5272
5329
5390
5437
5668
5750
5629
5570
5526
5428
5517
5550
5565
5590
5639
5617
5655
5662
5511
5667
5727
5611
5741
5703
5862
5726
5656
5571
5625
5645
5586
5565
5554
5553
5482
5481
5512
5484
5493
5552
5526
5457
5431
5359
5371
5395
5430
5421
5499
5599
5643
5704
5849
5872
5768
5746
5798
5847
5921
5917
5922
5944
5818
5735
5751
5844
5955
5949
5852
5871
5876
6022
6092
5910
6059
6032
6078
6041
6023
6010
6009
6051
6010
6211
6245
6276
6328
6337
6349
6286
6270
6259
6237
6042
5933
5814
5873
5900
5952
5900
5864
5811
5846
5905
5863
5873
5760
5723
5773
5871
5709
5775
5782
5839
5930
5811
5788
5802
5852
5807
5720
5748
5771
5730
5635
5625
5428
5355
5237
5122
5019
4859
4946
4940
4943
4831
4813
4842
4801
4841
4861
4805
4826
4946
4933
4964
5011
4947
4890
4926
5008
5078
5080
5056
5052
5002
4957
4971
4920
4909
4945
4977
5052
5050
5066
5085
5095
5125
5111
5036
5029
4912
4898
4909
4922
4914
4964
4956
5043
5109
5163
5173
5183
5068
5157
5189
5204
5254
5132
5227
5193
5273
5306
5532
5566
5473
5528
5463
5490
5460
5465
5472
5521
5637
5630
5592
5585
5675
5670
5735
5643
5600
5617
5625
5714
5532
5605
5538
5555
5648
5718
5722
5728
5797
5886
5890
5798
5772
5891
5881
5794
5658
5501
5503
5519
5569
5510
5539
5545
5641
5582
5626
5546
5487
5554
5514
5423
5541
5625
5668
5712
5736
5718
5719
5688
5544
5522
5456
5602
5658
5658
5673
5662
5612
5497
5476
5533
5504
5499
5440
5503
5537
5614
5696
5693
5664
5698
5740
5886
5980
6036
6091
6044
6000
5992
5966
5756
5777
5768
5832
5861
6007
6090
6155
6332
6353
6247
6228
6246
6301
6425
6524
6427
6452
6484
6501
6638
6689
6506
6581
6586
6628
6661
6532
6359
6273
6262
6237
6251
6236
6062
6090
6116
6215
6313
6372
6454
6485
6436
6406
6455
6404
6315
6329
6328
6372
6483
6532
6479
6499
6459
6435
6556
6553
6510
6391
6358
6297
6117
6019
6155
6027
5873
5933
5871
5819
5742
5726
5691
5631
5651
5727
5610
5675
5679
5750
5659
5673
5708
5575
5414
5497
5464
5480
5403
5365
5360
5285
5430
5385
5372
5424
5430
5427
5488
5651
5534
5613
5714
5866
5851
5871
5723
5799
5879
5877
5803
5764
5755
5801
5814
5769
5748
5864
5856
5815
5871
5842
5904
5869
5992
6028
6096
6132
6160
6177
6040
6001
5933
5888
5996
6017
5953
6051
6126
6111
6103
6138
6207
6210
6284
6342
6289
6238
6282
6219
6233
6200
6282
6347
6441
6410
6257
6118
6233
5924
5803
5873
5884
5847
5860
5833
5825
5829
5889
5835
5847
5988
6001
6003
5961
5956
5975
5879
6029
5956
6021
5996
6006
6016
5979
5943
5969
6049
6048
6173
6225
6208
6330
6391
6439
6392
6493
6533
6613
6695
6761
6738
6849
6723
6750
6686
6576
6644
6753
6764
6743
6783
6668
6625
6607
6614
6672
6603
6443
6342
6470
6458
6511
6478
6493
6573
6584
6472
6375
6540
6503
6485
6449
6388
6258
6183
6264
6284
6348
6271
6306
6191
6289
6335
6464
6565
6492
6502
6558
6435
6486
6410
6430
6372
6504
6474
6509
6336
6334
6421
6545
6552
6427
6458
6430
6486
6593
6632
6622
6570
6589
6493
6521
6297
6346
6299
6296
6323
6231
6278
6223
6099
6016
6082
6004
6023
6045
5966
6041
6036
5998
6005
6026
6042
6102
6054
6015
5926
