505000
200461
141584
110559
92158
79519
69843
62173
55870
51157
47497
44123
41008
38566
36675
34770
33188
31685
29979
28509
27729
26671
25771
25152
24467
23651
23035
22263
21545
21202
20703
20130
19560
18998
18459
18096
17799
17403
16923
16579
16228
15990
15763
15480
15265
15026
14756
14523
14257
14143
13960
13633
13250
13165
12909
12805
12627
12458
12257
12111
11893
11815
11712
11444
11303
11092
10969
10797
10641
10523
10368
10431
10207
10166
10133
9987
9903
9812
9681
9670
9631
9421
9407
9261
9084
8885
8759
8795
8759
8669
8550
8697
8516
8513
8478
8447
8471
8400
8408
8409
8347
8336
8381
8258
8092
8011
7889
7880
7809
7767
7825
7749
7693
7716
7764
7664
7590
7551
7615
7680
7647
7499
7389
7377
7230
7262
7299
7313
7248
7380
7383
7339
7483
7397
7307
7151
7128
7060
7023
7051
6964
7018
6991
7024
6904
6944
6803
6883
6812
6609
6754
6692
6663
6619
6444
6508
6543
6593
6571
6519
6396
6561
6516
6393
6556
6565
6670
6719
6859
6847
6787
6730
6766
6697
6551
6612
6626
6627
6521
6441
6291
6354
6286
6213
6095
6025
5956
5872
5891
5925
5897
5914
5906
5962
5972
5952
6022
5857
5790
5838
5750
5631
5584
5668
5575
5506
5405
5480
5467
5488
5572
5585
5669
5760
5766
5786
5845
5878
5894
5887
5966
5897
5915
5940
5911
5935
5844
5808
5870
5609
5662
5599
5592
5633
5562
5606
5701
5669
5585
5459
5514
5522
5462
5458
5392
5352
5309
5350
5332
5388
5522
5501
5409
5490
5468
5576
5566
5704
5666
5695
5792
5795
5780
5659
5715
5736
5670
5761
5804
5840
5901
5781
5739
5811
5795
5867
5864
5967
6060
5961
6028
6077
6124
6035
6054
5899
5953
5972
5971
6014
5951
6082
6134
6105
6124
6066
6037
6048
6051
6074
5998
5987
6168
6109
6109
6232
6187
6118
6199
6145
6152
6161
6247
6168
6102
6185
6311
6326
6353
6226
6230
6246
6255
6425
6467
6495
6467
6367
6498
6622
6608
6517
6500
6563
6458
6360
6492
6480
6446
6462
6471
6459
6425
6468
6384
6322
6221
6123
6116
6109
6106
6081
5911
5949
5853
5860
5790
5855
5891
5767
5738
5698
5804
5816
5911
5847
5830
5889
5959
5810
5831
5874
5807
5740
5789
5680
5605
5608
5700
5659
5601
5549
5607
5529
5676
5654
5563
5617
5688
5490
5442
5504
5545
5586
5773
5847
5875
5974
5882
5870
5979
5808
5738
5713
5670
5620
5654
5621
5648
5686
5709
5684
5693
5842
5869
5813
5836
5882
6079
6072
6133
5974
6020
5914
5821
5742
5629
5505
5431
5501
5503
5576
5693
5644
5714
5615
5504
5366
5326
5376
5450
5350
5377
5492
5528
5501
5635
5648
5628
5559
5528
5559
5624
5755
5873
5831
5664
5679
5745
5780
5771
5736
5839
5805
5832
5790
5768
5685
5786
5736
5844
5667
5808
5840
5838
5802
5909
5751
5688
5733
5718
5655
5582
5532
5680
5681
5783
5799
5887
5848
5831
5903
5907
5878
5971
5847
5862
5909
5925
5850
5781
5725
5722
5730
5737
5733
5776
5874
5819
5807
5839
5910
5771
5749
5803
5951
5883
5909
6006
6007
5944
5833
5850
5695
5601
5593
5554
5452
5463
5497
5353
5442
5384
5442
5353
5369
5300
5274
5257
5260
5255
5147
5106
5143
5128
5204
5187
5117
5150
5082
5145
5037
4976
5011
5000
5039
5075
5065
5136
5126
5036
5108
5051
5182
5206
5101
5074
5048
5160
5227
5291
5325
5233
5224
5123
5212
5171
5233
5138
5138
5092
5159
5147
5223
5103
4961
4929
4970
5033
5022
5044
5146
5072
4885
4884
4816
4989
5045
5074
5166
5047
5110
5127
5170
5212
5208
5098
5074
5012
4989
4944
4899
4918
4982
5081
5024
5059
4935
4961
5084
5135
5202
5297
5266
5430
5319
5447
5474
5578
5552
5718
5791
5820
5809
5740
5679
5643
5585
5659
5691
5858
5753
5715
5667
5600
5625
5710
5736
5665
5577
5694
5624
5689
5774
5626
5635
5607
5735
5660
5744
5718
5670
5548
5490
5474
5441
5409
5335
5339
5354
5462
5490
5535
5575
5652
5639
5598
5605
5536
5524
5519
5450
5532
5531
5563
5544
5444
5513
5475
5484
5441
5456
5422
5301
5333
5380
5300
5252
5239
5295
5289
5276
5325
5289
5289
5402
5411
5493
5323
5396
5276
5332
5249
5180
5208
5217
5216
5220
5301
5201
5239
5287
5292
5164
5162
5201
5241
5347
5279
5315
5531
5469
5451
5435
5381
5353
5317
5338
5286
5316
5275
5367
5347
5291
5285
5232
5194
5202
5212
5241
5217
5211
5221
5106
5234
5188
5122
4977
5019
4929
4951
4974
4958
4903
4805
4818
4905
4862
4765
4664
4739
4749
4881
4879
4962
4941
4836
4845
4657
4658
4624
4647
4697
4807
4802
4773
4757
4729
4755
4627
4594
4564
4520
4635
4611
4650
4648
4738
4720
4719
4712
4827
4802
4751
4658
4606
4631
4625
4618
4634
4701
4713
4746
4686
4789
4781
4923
4972
4994
4946
4983
4990
5077
4958
5003
4911
4797
4870
4802
4755
4692
4672
4640
4622
4601
4683
4652
4651
4679
4599
4492
4553
4580
4634
4644
4661
4661
4706
4723
4734
4795
4865
4786
4678
4656
4717
4774
4734
4624
4558
4647
4590
4611
4776
4757
4722
4792
4727
4712
4762
4634
4817
4789
4735
4777
4793
4703
4739
4599
4600
4652
4573
4629
4666
4703
4656
4619
4680
4698
4678
4707
4665
4582
4631
4601
4448
4489
4536
4567
4599
4646
4656
4720
4772
4891
4844
4867
4882
4872
4760
4765
4747
4737
4692
4810
4896
5008
5144
5125
5092
5187
5151
5186
5143
5095
5087
5118
4997
5059
5067
5064
5154
5119
5114
5106
5110
5057
5180
5165
5163
5152
5160
5271
5158
5215
5174
5093
5124
5204
5124
5090
5118
5190
5046
4954
5137
5137
5179
5112
5118
5120
5158
5150
5143
5074
5119
5142
5145
5049
5089
5070
5089
5077
5146
5188
5152
5077
4951
4967
5102
5191
5233
5173
5229
5095
5084
5162
5125
5069
5056
5059
5087
5115
5193
5332
5349
5299
5317
5338
5408
5399
5342
5307
5310
5421
5402
5390
5375
5342
5194
5186
5031
4951
5014
4971
4810
4940
4876
4938
5058
5094
5052
5025
5024
4933
4782
4770
4883
4887
4925
5013
5055
4999
5198
5265
5230
5381
5335
5189
5157
5078
5069
5177
5148
5166
5051
5058
5042
5121
5142
5067
5072
5028
5017
5124
5259
5334
5334
5278
5208
5161
5188
5237
5371
5270
5298
5281
5357
5272
5251
5251
5217
5175
5263
5311
5369
5428
5391
5400
5528
5542
5610
5614
5707
5597
5609
5723
5739
5605
5795
5765
5791
5760
5668
5706
5797
5641
5706
5638
5460
5449
5551
5472
5482
5480
5465
5428
5445
5442
5555
5545
5528
5519
5612
5615
5650
5679
5662
5637
5746
5910
5925
6167
6001
6022
6085
6176
6207
6168
6205
6083
6067
6109
6151
6192
6268
6238
6200
6183
6208
6168
6266
6162
6100
6022
5986
6000
6148
6163
6084
5887
6011
6074
6019
6113
6247
6239
6177
6196
6162
6184
6307
6196
6219
6298
6154
6145
6209
6112
6115
5975
6048
6032
5991
6090
6143
6203
6024
6136
6205
6064
6034
6104
6165
6051
6007
5944
5951
5946
5888
5814
5810
5659
5689
5724
5663
5680
5729
5675
5624
5649
5768
5707
5667
5708
5700
5705
5768
5737
5728
5828
5740
5819
5811
5742
5642
5797
5912
5917
5931
5952
5913
5853
5931
5883
5944
5934
5905
5912
5851
5781
5679
5699
5566
5662
5616
5515
5491
5529
5641
5628
5545
5491
5471
5498
5586
5564
5637
5604
5681
5572
5489
5510
5427
5498
5514
5412
5319
5382
5442
5435
5343
5310
5342
5240
5416
5565
5491
5541
5543
5674
5725
5801
5895
5997
5931
5933
5883
5802
5898
6052
6015
6166
6210
6343
6334
6387
6388
6477
6579
6724
6581
6577
6485
6554
6338
6357
6338
6288
6274
6244
6207
6264
6298
6399
6375
6323
6403
6555
6428
6303
6428
6408
6188
6193
6043
6058
5957
5909
6073
5839
5872
6007
6010
5967
5823
5887
5836
5807
5866
5773
5741
5843
5689
5653
5704
5702
5839
5840
5713
5743
5769
5677
5754
5761
5764
5685
5762
5713
5652
5701
5725
5780
5779
5761
5788
5901
5926
5779
5626
5609
5698
5670
5662
5507
5499
5504
5461
5299
5146
5151
5230
5224
5254
5075
5178
5173
5225
5156
5209
5289
5219
5190
5198
5186
5275
5164
5267
5278
5371
5379
5403
5324
5225
5154
5257
5320
5263
5262
5235
5232
5333
5353
5431
5375
5330
5358
5327
5281
5188
5155
5202
5255
5216
5170
5199
5136
5261
5180
5184
5280
5250
5398
5478
5463
5475
5376
5322
5392
5448
5371
5359
5364
5378
5343
5181
5230
5184
5157
5258
5366
5396
5444
5369
5422
5506
5498
5498
5583
5549
5495
5509
5524
5521
5531
5514
5536
5654
5711
5602
5663
5673
5683
5649
5823
5878
5837
5847
5975
5886
5810
5745
5903
5678
5649
5626
5721
5809
5926
5937
6040
6119
6134
6129
6121
6190
6300
6116
6124
6172
6065
6057
6006
6085
6013
5930
5958
5918
5946
5881
5903
5809
5914
5934
5928
5852
5831
5919
5865
5783
5877
5941
6041
5967
5931
5933
6000
6070
6167
6183
6101
6268
6162
6157
6138
6124
6101
6124
6071
6023
6142
6097
6121
5978
5838
5873
5743
5676
5660
5727
5767
5721
5798
5786
5817
5782
5732
5691
5701
5667
5665
5565
5528
5527
5623
5632
5662
5765
5800
5788
5781
5890
6017
6059
5979
5945
5953
5964
6067
6095
5948
5908
5822
5831
5834
5808
5844
5865
5983
5997
5946
5997
5919
5821
5702
5739
5750
5746
5664
5602
5466
5357
5224
5153
5104
5195
5268
5244
5247
5245
5295
5312
5280
5303
5336
5295
5380
5417
5290
5286
5223
5225
5254
5233
5203
5349
5349
5254
5377
5498
5437
5334
5316
5366
5475
5479
5495
5538
5489
5566
5531
5624
5620
5495
5525
5571
5623
5636
5641
5700
5713
5764
5768
5706
5777
5738
5694
5693
5794
5772
5791
5824
5767
5733
5697
5772
5837
5967
5849
5821
5776
5866
5726
5763
5783
5767
5736
5822
5724
5686
5869
5879
5817
5892
5768
5824
5684
5723
5717
5697
5602
5508
5522
5544
5556
5626
5648
5709
5721
5686
5792
5818
5840
5756
5825
5917
5856
5840
5835
5844
5788
5823
5760
5761
5843
5769
5712
5826
5870
5980
5941
5998
6157
6075
6122
6006
6014
5991
6037
6154
6159
6307
6325
6323
6351
6445
6493
6507
6437
6443
6494
6445
6494
6420
6456
6319
6302
6242
6230
6313
6220
6156
6134
6016
6123
6147
6141
6164
6156
6109
6041
6105
6097
6114
6035
6097
6024
6016
6009
6085
6138
6144
6139
6336
6389
6441
6526
6375
6152
6131
6052
6105
6142
6145
6259
6226
6209
5965
6001
6053
6240
6228
6283
6203
6201
6417
6391
6401
6415
6420
6380
6403
6307
6365
6462
6454
6456
6360
6388
6358
6363
6370
6400
6482
6468
6353
6133
6058
6045
6102
6188
6165
6119
6166
6167
6039
6036
6154
6064
6246
6360
6354
6387
6249
6300
6320
6344
6435
6259
6250
6254
6192
6105
6077
6006
5995
5836
5828
5762
5812
5954
5959
6005
5956
5809
5871
5811
5716
5722
5726
5800
5654
5812
5897
5915
5901
5835
5862
5843
5862
5878
5928
5787
5563
5700
5741
5728
5868
6041
5998
6009
6062
6009
5934
5751
5686
5815
5912
5855
5776
5769
5902
5895
5809
5925
5914
5843
5826
5776
5598
5715
5798
5931
5860
5878
5770
5886
5900
5875
5804
5790
5705
5798
5688
5737
5811
5688
5654
5692
5746
5700
5720
5728
5782
5624
5619
5686
5540
5546
5356
5391
5362
5367
5382
5417
5373
5247
5281
5279
5281
5291
5330
5370
5429
5521
5521
5496
5387
5433
5483
5341
5164
5169
5125
5064
5031
5069
5044
5068
5037
5215
5163
5249
5305
5340
5259
5335
5339
5390
5477
5421
5434
5474
5420
5458
5437
5513
5532
5594
5684
5654
5538
5530
5513
5525
5673
5656
5561
5759
5875
5824
5838
5960
5828
5828
5816
5964
5857
5764
5711
5768
5734
5840
5934
6006
6019
6001
6003
6007
5999
5998
6149
6068
6127
6234
6226
6099
6085
5925
5959
5929
5939
5846
5760
5733
5717
5868
5831
5890
5910
5903
5835
5762
5806
5725
5812
5986
6019
5832
5928
5797
5757
5840
5961
5928
5751
5786
5905
5910
5907
5820
5755
5714
5693
5647
5709
5747
5692
5861
5722
5705
5686
5729
5634
5493
5394
5439
5454
5427
5307
5283
5278
5229
5158
5204
5259
5257
5304
5294
5268
5328
5294
5259
5137
5210
5259
5322
5370
5309
5406
5418
5576
5672
5490
5576
5648
5609
5726
5695
5740
5822
5770
5623
5661
5615
5655
5658
5610
5564
5580
5525
5532
5524
5644
5712
5583
5643
5712
5733
5768
5708
5671
5663
5747
5747
5809
5849
5826
5834
5822
5913
5958
5869
5918
5985
6167
6246
6277
6405
6431
6400
6462
6475
6389
6441
6442
6478
6621
6434
6374
6320
6212
6271
6248
6185
6098
6009
5926
5891
5857
5871
5777
5873
5933
5895
5916
5911
6001
6094
6097
6197
6182
6123
6137
6127
6061
6086
6085
6279
6308
6346
6212
6092
6144
6151
6239
6213
6164
6075
5973
5969
5983
6031
6141
6123
6208
6110
6173
6068
5965
6000
5957
5972
5983
6047
6101
6147
6073
6019
6101
6233
6115
6112
6026
6076
6140
6011
6029
6040
6065
6014
6004
5926
5790
5826
5740
5753
5760
5990
5818
5817
5992
6002
5938
5991
5959
5957
5857
5901
5838
5716
5725
5596
5602
5582
5626
5715
5796
5806
5623
5698
5654
5642
5619
5702
5741
5699
5621
5578
5526
5586
5515
5545
5580
5694
5665
5550
5622
5558
5554
5581
5448
5479
5524
5589
5506
5406
5357
5389
5359
5305
5363
5313
5216
5178
5178
5038
5022
4943
4960
5136
5088
5287
5256
5310
5372
5320
5345
5223
5060
5081
5170
5153
5184
5207
5140
5097
5192
5209
5100
5160
5220
5321
5457
5541
5516
5577
5529
5514
5543
5635
5551
5556
5575
5679
5584
5494
5529
5421
5415
5390
5376
5414
5271
5234
5318
5284
5368
5310
5446
5414
5431
5469
5486
5413
5503
5518
5455
5312
5307
5280
5298
5328
5294
5285
5376
5407
5383
5649
5727
5793
5704
5784
5759
5736
5771
5815
5823
5817
5824
5817
5873
5748
5813
5784
5798
5854
5787
5802
5805
5766
5805
5770
5774
5790
5640
5713
5765
5797
5536
5566
5639
5566
5476
5486
5343
5376
5390
5521
5495
5648
5632
5591
5660
5811
5797
5702
5741
5845
5810
5959
5986
5839
5864
5917
5872
5849
5858
5865
5934
5932
5806
5662
5659
5644
5534
5574
5663
5749
5672
5752
5819
5793
5760
5738
5777
5744
5718
5653
5573
5639
5676
5711
5812
5720
5597
5613
5691
5539
5610
5608
5658
5774
5896
5786
5712
5466
5369
5293
5439
5489
5434
5502
5454
5496
5578
5459
5472
5469
5364
5443
5308
5304
5239
5183
5183
5211
5212
5165
5264
5218
5236
5291
5337
5321
5340
5449
5457
5530
5415
5393
5380
5382
5305
5388
5393
5469
5307
5194
5233
5252
5368
5460
5402
5262
5146
5210
5279
5247
5241
5399
5385
5380
5453
5526
5552
5566
5610
5571
5675
5688
5650
5683
5665
5713
5799
5759
5863
5757
5897
5895
5836
5766
5731
5765
5868
5756
5717
5701
5734
5518
5483
5423
5485
5492
5595
5691
5773
5721
5906
5858
5747
5857
5726
5736
5591
5667
5709
5609
5571
5575
5609
5590
5636
5633
5717
5630
5629
5554
5600
5505
5466
5441
5539
5731
5611
5674
5695
5732
5804
5637
5605
5559
5523
5440
5447
5488
5514
5445
5384
5454
5393
5457
5508
5517
5544
5538
5541
5558
5647
5582
5675
5715
5769
5693
5782
5850
5895
6004
5928
5913
5856
5875
5893
5831
5686
5883
5850
5755
5842
6015
6042
6027
6037
6069
6095
6113
6138
6200
6056
6007
5972
6027
6255
6214
6181
6257
6188
6215
6302
6370
6472
6318
6173
6091
5944
5863
5751
5599
5570
5550
5459
5391
5418
5543
5479
5431
5521
5499
5596
5618
5611
5692
5700
5795
5734
5616
5658
5714
5868
5943
5898
5834
5814
5833
5759
5791
5793
5799
5779
5800
5692
5602
5623
5522
5494
5382
5399
5386
5363
5428
5489
5513
5619
5755
5783
5827
5814
5660
5639
5763
5740
5816
5947
5965
5950
5905
6057
6086
6173
6036
6171
6295
6163
6143
6136
6054
5990
5998
6165
6116
6060
5931
6073
6074
6143
6168
6127
6110
6170
6034
6154
6113
6113
6054
6050
6017
6008
5955
6055
6008
6024
6094
6135
6114
6144
6148
6115
6111
6048
5989
5887
5898
5958
6032
6002
5979
6015
6066
6042
6073
6165
6151
6153
6156
6238
6229
6183
6250
6300
6196
6278
6308
6442
6355
6456
6520
6508
6629
6643
6654
6635
6573
6438
6446
6473
6389
6364
6258
6284
6281
6303
6236
6210
6406
6337
6282
6198
6190
6416
6208
6125
6152
6248
6085
5997
6054
6125
6072
6085
5912
5936
5807
5768
5795
5746
5813
5670
5675
5725
5641
5660
5632
5547
5633
5545
5584
5535
5499
5608
5610
5616
5610
5584
5494
5500
5495
5524
5562
5534
5538
5554
5537
5401
5464
5402
5455
5352
5356
5326
5393
5381
5383
5445
5384
5410
5477
5503
5394
5333
5288
5349
5291
5304
5416
5442
5392
5405
5282
5395
5427
5485
5516
5628
5729
5757
5792
5781
5784
5782
5828
5966
6010
6023
5988
6197
6234
6177
6159
6089
6119
6309
6241
6331
6355
6419
6547
6628
6706
6742
6845
6869
6743
6645
6456
6495
6385
6397
6315
6424
6430
6372
6452
6398
6525
6613
6614
6585
6687
6662
6540
6584
6707
6757
6687
6624
6698
6792
6704
6560
6412
6284
6246
6134
6166
6135
6066
6109
6022
6058
5932
5897
5844
5798
5719
5716
5661
5554
5457
5500
5482
5544
5453
5341
5245
5273
5248
5236
5324
5322
5332
5353
5346
5492
5599
5653
5785
5715
5706
5722
5507
5352
5334
5243
5179
5186
5250
5243
5336
5417
5375
5226
5249
5238
5283
5326
5163
5202
5284
5150
5229
5241
5180
5192
5212
5214
5133
5159
5228
5343
5365
5373
5485
5599
5559
5520
5477
5506
5573
5547
5499
5465
5518
5540
5410
5430
5493
5445
5459
5567
5490
5491
5437
5516
5459
5354
5298
5301
5318
5328
5435
5420
5502
5476
5596
5575
5524
5478
5515
5521
5548
5524
5430
5507
5557
5487
5545
5474
5410
5430
5382
5325
5394
5449
5547
5614
5537
5604
5628
5670
5811
5690
5492
5468
5466
5488
5528
5612
5582
5524
5557
5563
5566
5646
5548
5614
5692
5772
5734
5685
5801
5839
5689
5709
5761
5719
5731
5896
6000
5972
6025
6005
5946
5972
6123
6153
6292
6296
6363
6309
6366
6330
6238
6201
6066
5950
5977
5987
5815
5763
5694
5660
5656
5783
5820
5794
5722
5657
5604
5587
5633
5592
5620
5561
5697
5733
5654
5648
5693
5679
5626
5581
5753
5710
5704
5689
5700
5720
5683
5684
5699
5773
5756
5818
5789
5786
5784
5879
5950
5946
5936
6018
5943
5964
5884
5814
5955
6061
6047
6074
6044
5933
5903
5970
5961
6009
5985
5970
5991
5929
5923
5928
5978
5947
5971
6086
5915
5835
5851
5905
5994
6085
5967
6028
6014
5843
5703
5770
5863
5850
5805
5809
5913
5880
5824
5894
5899
5910
5991
6007
5985
5974
5874
5882
5964
5900
5874
5942
6062
6102
6052
6052
6040
6005
5902
5979
5865
5891
5808
5721
5645
5666
5524
5541
5402
5422
5349
5383
5252
5232
5239
5291
5344
5436
5432
5383
5344
5433
5324
5301
5341
5266
5310
5262
5363
5423
5396
5394
5415
5410
5456
5345
5272
5286
5209
5216
5214
5319
5244
5215
5327
5347
5433
5464
5315
5276
5287
5284
5301
5284
5231
5180
5193
5199
5252
5236
5241
5181
5198
5229
5184
5106
5227
5307
5270
5528
5447
5367
5440
5369
5344
5314
5220
5115
5167
5199
5169
5199
5160
5072
5068
5125
5082
5119
5165
5110
5210
5164
5045
5155
5279
5295
5324
5291
5375
5430
5556
5536
5524
5461
5381
5328
5194
5206
5169
5212
5228
5301
5247
5162
5299
5228
5249
5222
5202
5247
5203
5235
5234
5280
5317
5189
5208
5161
5118
5255
5304
5245
5213
5325
5358
5484
5427
5398
5381
5261
5380
5498
5404
5376
5426
5399
5456
5473
5557
5448
5361
5533
5461
5465
5432
5375
5401
5466
5375
5305
5331
5405
5537
5568
5440
5457
5404
5416
5428
5485
5503
5347
5473
5449
5467
5534
5569
5500
5553
5621
5676
5705
5704
5710
5739
5693
5705
5787
5912
5872
5886
5842
5867
5894
5881
5948
5945
5903
5943
5899
5770
5845
5817
5845
5849
5776
5743
5933
5905
5999
6000
6001
6142
6135
6074
6006
5950
5837
5834
5866
5903
5853
5878
5978
5921
5799
5684
5756
5689
5690
5653
5779
5805
5848
5830
5763
5747
5818
5794
5885
5845
5808
5815
5727
5654
5739
5684
5568
5538
5578
5536
5541
5537
5377
5384
5327
5312
5303
5350
5390
5387
5363
5426
5403
5404
5644
5633
5597
5544
5508
5529
5452
5564
5540
5670
5659
5577
5631
5531
5539
5507
5545
5727
5785
5750
5723
5938
5905
5857
5912
5944
6039
5981
5999
5886
5788
5718
5721
5611
5661
5651
5582
5615
5686
5626
5632
5656
5618
5703
5629
5537
5565
5594
5619
5595
5613
5567
5674
5711
5592
5539
5448
5442
5425
5416
5448
5533
5498
5461
5530
5491
5457
5408
5297
5370
5259
5369
5341
5390
5438
5478
5484
5329
5246
5177
5215
5191
5139
5093
5147
5024
5116
5021
4988
4993
5119
5254
5421
5500
5384
5367
5368
5391
5366
5352
5362
5407
5337
5309
5241
5302
5423
5455
5455
5433
5523
5709
5771
5637
5737
5927
5908
5901
5892
6010
6059
6061
6054
6003
6009
6100
6219
6225
6260
6122
5937
5987
5932
5960
5991
5866
5959
6011
6076
6085
6029
5916
5815
5855
5977
6041
6099
6196
6035
5886
5840
5750
5896
5876
5939
5901
5921
5911
5800
5719
5525
5641
5689
5656
5518
5498
5330
5291
5223
5306
5201
5246
5318
5301
5315
5367
5363
5431
5432
5417
5490
5424
5362
5399
5419
5443
5441
5388
5386
5342
5385
5519
5532
5516
5553
5555
5550
5490
5445
5317
5394
5450
5408
5350
5306
5282
5210
5373
5313
5352
5345
5396
5478
5474
5626
5506
5449
5463
5421
5457
5555
5490
5444
5330
5273
5230
5230
5292
5294
5394
5399
5422
5467
5515
5612
5599
5612
5559
5458
5477
5500
5405
5386
5430
5348
5423
5366
5307
5328
5364
5322
5317
5403
5379
5474
5604
5678
5573
5590
5532
5493
5463
5477
5378
5363
5342
5308
5334
5520
5579
5615
5558
5569
5536
5452
5582
5514
5541
5657
5600
5755
5751
5734
5841
5912
5962
5866
5794
5718
5644
5680
5727
5827
5790
5682
5791
5790
5772
5860
5854
5858
5762
5805
5824
5784
5747
5668
5673
5691
5691
5729
5779
5847
5865
5865
5908
5882
5876
5927
5997
6035
5945
6055
5918
5838
5872
5840
5735
5738
5805
5883
5889
5863
5787
5711
5688
5767
5861
5795
5833
5811
5751
5792
5970
5945
5949
5821
5796
5776
5700
5852
5770
5741
5721
5743
5815
5765
5756
5888
6002
5905
5814
5978
5864
5870
5880
5931
5885
5921
5867
5940
6011
6040
5986
5948
5945
5931
5926
5973
5914
5940
5733
5812
5859
6044
6026
5894
5874
5823
5793
5716
5823
5786
5714
5789
5749
5669
5701
5660
5693
5662
5608
5694
5728
5831
5777
5738
5622
5691
5772
5829
5880
5849
5844
5794
5929
5879
5828
5877
5871
5915
5917
5930
5905
5910
5781
5865
5923
5842
5705
5646
5666
5680
5689
5764
5746
5729
5795
5744
5801
5764
5688
5788
5639
5604
5574
5595
5638
5664
5651
5721
5818
5868
5962
5954
5957
6130
6060
5988
5995
5977
6090
5978
6032
5946
5963
6048
5985
6124
6098
6014
6102
6077
6068
6091
6109
5978
5986
6024
5922
5896
5978
6048
5942
6009
5881
5808
5740
5799
5758
5758
5720
5708
5765
5785
5737
5772
5744
5753
5730
5693
5732
5580
5554
5525
5525
5421
5453
5325
5340
5426
5573
5534
5469
5442
5441
5450
5567
5637
5791
5862
5969
6023
6022
5995
5982
6055
6040
6055
6108
6128
6184
6234
6177
6166
6171
6175
6110
6113
6036
6120
6110
6134
6260
6308
6424
6312
6380
6410
6436
6512
6450
6389
6255
6378
6351
6206
6350
6274
6347
6207
6158
6150
6163
6227
6201
6112
6266
6268
6256
6169
6087
6066
6025
6002
5948
5928
5922
5973
5898
5846
5957
5871
5947
5863
5941
6011
6073
6077
6019
5967
6029
5901
5846
5860
5801
5857
5819
5876
5801
5825
5928
5798
5887
5865
5942
5899
5818
5871
5844
5799
5669
5703
5729
5718
5684
5737
5690
5641
5767
5765
5636
5689
5737
5751
5824
5722
5680
5625
5521
5546
5471
5539
5461
5391
5349
5282
5199
5300
5340
5354
5395
5310
5290
5247
5207
5205
5273
5297
5446
5388
5490
5487
5501
5563
5566
5642
5709
5763
5812
5778
5814
5779
5728
5706
5748
5709
5612
5750
5815
5886
5778
5836
5883
5959
6034
6048
6067
5962
5943
5901
5826
5918
5854
5821
5938
5930
5905
6001
6034
6010
6018
6033
6140
6105
6280
6310
6413
6404
6378
6378
6382
6484
6496
6460
6382
6343
6212
6136
6153
6054
6112
6131
6103
6198
6312
6284
6235
6177
6217
6145
5997
5961
5945
5804
5794
5691
5693
5735
5704
5626
5691
5799
5818
5766
5662
5604
5569
5566
5512
5546
5571
5413
5378
5418
5483
5501
5482
5524
5461
5578
5516
5606
5557
5473
5486
5437
5464
5462
5567
5561
5664
5658
5764
5705
5569
5530
5504
5471
5500
5536
5596
5619
5487
5494
5520
5406
5348
5425
5464
5356
5364
5352
5305
5326
5326
5444
5470
5416
5358
5337
5430
5434
5439
5389
5390
5364
5435
5458
5452
5438
5506
5451
5567
5606
5634
5637
5638
5514
5557
5598
5454
5280
5221
5210
5170
5050
5008
5041
5075
5028
4981
4977
5054
4968
4932
4856
4885
4851
4798
4874
4930
4928
4959
5050
5062
5081
5125
5176
5140
5181
5268
5262
5301
5268
5359
5199
5165
5165
5199
5210
5126
5013
4915
4899
4730
4783
4808
4808
4922
4979
5005
5013
4924
4867
4839
4900
4934
5038
5079
5069
5089
5158
5204
5092
5031
5125
5160
5105
5177
5128
5195
5295
5209
5237
5344
5277
5239
5292
5371
5333
5366
5441
5430
5463
5480
5493
5465
5529
5564
5692
5668
5788
5824
5912
5820
5786
5778
5836
5857
5852
5903
5938
5866
5832
5846
5722
5677
5656
5586
5700
5700
5669
5598
5648
5624
5635
5622
5692
5716
5717
5612
5691
5557
5582
5590
5534
5539
5505
5488
5333
5258
5311
5304
5296
5368
5215
5301
5366
5319
5307
5157
5036
5081
5138
5214
5339
5413
5469
5563
5431
5484
5467
5496
5452
5437
5489
5690
5582
5576
5672
5640
5675
5608
5779
5693
5717
5751
5832
5806
5915
5997
6145
6198
6181
6157
6278
6263
6292
6347
6376
6343
6289
6266
6359
6357
6323
6262
6394
6426
6531
6378
6422
6412
6422
6320
6337
6332
6430
6316
6263
6229
6169
6276
6280
6308
6285
6257
6180
6200
6307
6460
6320
6415
6597
6669
6696
6739
6808
6804
6739
6801
6693
6704
6709
6846
6791
6786
6892
7049
6798
6810
6840
6759
6643
6702
6539
6496
6433
6529
6542
6582
6635
6524
6490
6709
6545
6462
6354
6307
6165
6042
6160
6130
6237
6211
6044
6113
6208
6175
6230
6279
6289
6363
6400
6481
6562
6571
6548
6612
6542
6608
6686
6760
6792
6770
6636
6657
6737
6763
6839
6881
6890
6816
6864
6809
6952
6779
6811
6843
6738
6763
6835
6788
6783
6737
6937
6936
7007
7089
7048
7051
7169
7149
7166
7197
7102
7000
6994
6881
6929
6998
6864
6934
6904
6936
6951
6902
6802
6777
6842
6904
6983
6938
6947
6869
6869
6911
6924
6934
6936
6961
6999
6926
6831
6900
6793
6826
6861
6952
6788
6713
6735
6698
6727
6700
6769
6628
6458
6518
6480
6413
6372
6466
6510
6552
6533
6626
6534
6562
6560
6585
6505
6420
6332
6267
6191
6202
6268
6415
6425
6511
6548
6524
6486
6518
6607
6644
6732
6692
6654
6736
6820
6792
6777
6915
6817
6850
6868
6891
7112
6935
6835
6801
6916
6939
6918
6825
6934
6921
6915
6801
6834
6681
6757
6766
6594
6639
6564
6562
6532
6439
6530
6604
6643
6659
6606
6576
6500
6408
6398
6370
6419
6426
6385
6237
6223
6215
6182
6312
6286
6236
6206
6288
6286
6129
6051
6107
6164
6246
6163
6139
6088
6019
5950
5823
5740
5764
5720
5709
5703
5632
5643
5614
5592
5598
5677
5648
5727
5750
5954
5987
6071
6105
6135
6235
6143
6105
6055
6006
5977
5982
5946
5868
5809
5757
5832
5888
5738
5740
5624
5627
5659
5665
5678
5603
5608
5565
5578
5563
5550
5449
5454
5405
5416
5418
5322
5462
5475
5463
5514
5348
5253
5138
5161
5079
5071
5131
5107
5136
4923
4825
4851
4817
4914
4923
4868
4977
4934
5041
5072
5073
5097
4989
4921
4982
5068
5116
5115
5024
5120
5084
5086
5207
5170
5349
5277
5170
5196
5195
5089
5056
5157
5089
5002
5027
5016
4968
4926
4981
5021
5105
5213
5146
5131
5169
5114
5031
5021
5002
4984
5073
5018
5043
5049
4964
4825
4845
4747
4683
4649
4635
4650
4737
4740
4725
4765
4701
4726
4706
4682
4625
4584
4564
4528
4535
4526
4461
4410
4482
4553
4477
4471
4570
4499
4486
4463
4455
4490
4620
4677
4689
4725
4696
4761
4664
4636
4670
4736
4726
4604
4675
4669
4626
4723
4747
4720
4815
4858
4736
4764
4708
4758
4813
4748
4908
4897
4905
4924
5005
4930
4953
4932
4938
4873
4833
4723
4706
4781
4772
4671
4786
4767
4703
4771
4758
4795
4724
4713
4872
4883
4863
4766
4697
4615
4762
4894
5004
4887
4891
4987
4868
4752
4726
4721
4850
4876
5007
4954
4978
5025
5060
5043
5002
4922
4866
4805
4753
4838
4909
4990
5062
4998
4853
4799
4892
4831
4863
4933
4968
4888
5038
5004
4995
5000
5066
5218
5215
5324
5335
5211
5169
5182
5130
5066
5215
5191
5134
5124
5125
5190
5194
5149
5281
5289
5335
5313
5328
5297
5314
