505000
199963
141533
111566
92030
78973
69335
61877
56400
51605
47712
43761
40905
38209
35914
33891
32248
30635
29444
28333
27302
26341
25178
24184
23593
22940
22595
22037
21341
20560
19969
19376
18756
18547
18214
17770
17503
17289
16872
16661
16488
16233
16071
15696
15422
15044
14731
14370
14249
14205
14166
14044
13975
13818
13672
13399
13277
13140
12879
12725
12423
12187
11982
11737
11653
11642
11311
11134
10992
10900
10834
10629
10610
10455
10353
10227
10082
10107
10087
10101
10158
10156
10130
10063
10119
10163
10180
9944
9895
9983
10010
10054
9924
9789
9658
9548
9286
9081
9216
9229
9140
9131
9091
9082
8989
8928
8823
8764
8736
8641
8666
8668
8696
8625
8582
8533
8451
8494
8436
8446
8295
8209
8053
7860
7777
7631
7504
7530
7366
7390
7562
7584
7598
7602
7500
7487
7426
7444
7473
7554
7597
7459
7417
7367
7334
7421
7554
7552
7435
7381
7161
7094
6894
6766
6804
6694
6726
6719
6760
6801
6687
6758
6765
6669
6678
6709
6598
6550
6573
6496
6526
6571
6567
6622
6674
6686
6749
6799
6931
6744
6732
6718
6699
6627
6755
6826
6865
6824
6699
6710
6619
6649
6553
6570
6603
6474
6525
6643
6697
6691
6777
6830
6792
6633
6655
6656
6632
6574
6598
6504
6429
6313
6256
6328
6313
6333
6346
6340
6199
6104
6026
6012
6013
5943
5927
5930
5699
5603
5603
5544
5548
5624
5613
5543
5520
5645
5750
5792
5816
5695
5793
5722
5630
5646
5634
5601
5655
5537
5560
5597
5637
5670
5667
5808
5865
5817
5841
5679
5823
5849
5908
6031
5946
5868
5928
5959
5949
5923
6044
5994
6014
6012
5963
6013
5879
5832
5808
5842
5760
5740
5844
5807
5839
5885
5713
5785
5762
5631
5675
5559
5480
5486
5367
5475
5594
5606
5660
5709
5671
5541
5475
5531
5514
5610
5716
5731
5708
5642
5579
5588
5693
5750
5856
5851
5868
5822
5780
5788
5873
6033
6108
5999
5900
5849
5892
5885
5966
6040
6138
6046
6120
6152
6082
6078
5992
5994
6042
6045
5975
5882
5922
5834
5912
5913
6061
6069
6080
6016
5970
6056
6079
6018
5956
5836
5844
5844
5821
5856
5846
5725
5741
5750
5708
5751
5816
5804
5795
5867
5965
5809
5756
5659
5660
5789
5880
5829
5970
5851
5820
5829
5791
5814
5777
5869
5767
5739
5783
5803
5779
5740
5785
5836
5738
5672
5593
5543
5528
5550
5557
5570
5783
5898
6071
5941
5920
5823
5885
5791
5744
5730
5797
5941
6007
5982
6000
5988
6020
6085
6217
6212
6104
6161
6276
6402
6342
6254
6228
6268
6293
6233
6253
6290
6327
6456
6406
6337
6325
6319
6260
6247
6214
6154
6097
6087
6059
6021
6102
6073
6190
6243
6198
6126
6162
6117
6042
6167
6234
6070
5995
6048
5971
5951
5932
6016
5945
6036
6052
6026
5991
5941
6017
5989
5949
5936
5951
5904
5833
5819
5759
5694
5724
5945
5959
5927
6032
5948
5907
5916
5951
6118
6116
6005
5792
5700
5618
5647
5676
5719
5734
5805
5834
6023
6064
5974
5845
5837
5922
6025
5960
6116
6056
6000
5955
5790
5884
5863
5710
5598
5594
5598
5658
5628
5616
5613
5587
5531
5542
5408
5396
5435
5519
5545
5574
5584
5616
5730
5751
5843
5829
5899
5807
5981
5966
5973
6007
5924
5746
5708
5523
5510
5491
5378
5308
5323
5245
5314
5281
5210
5185
5222
5239
5228
5290
5318
5322
5153
5047
5044
5089
5155
5219
5255
5360
5263
5293
5427
5423
5435
5493
5461
5414
5379
5280
5217
5188
5155
5254
5214
5187
5035
4992
4977
4995
5016
4939
4860
4855
4856
4835
4800
4842
4859
4819
4945
4990
5000
5008
5047
5103
5181
5255
5162
5160
5122
5057
5058
5036
5017
5001
5013
5041
5088
5082
5025
4895
4911
4996
4904
4944
4968
5087
5019
4988
5015
5001
5036
5087
5024
5098
5135
5047
5118
5189
5228
5193
5212
5141
5071
5139
5096
5271
5287
5298
5304
5276
5262
5194
5084
4982
5010
5005
5003
5001
4998
5068
5052
5087
5170
5218
5230
5204
5034
5119
5119
5090
5051
5024
5150
5263
5255
5239
5198
5195
5184
5237
5263
5158
5290
5292
5341
5387
5422
5577
5639
5721
5686
5764
5842
5799
5816
5904
5822
5814
5793
5601
5630
5601
5665
5682
5497
5510
5525
5537
5611
5685
5801
5785
5769
5723
5590
5416
5493
5477
5351
5323
5326
5334
5321
5305
5242
5278
5153
5049
5052
5019
5094
5138
5188
5123
5109
5028
4937
4983
5089
5101
5156
5144
5139
5085
5164
5097
5235
5207
5149
5156
5105
5107
5114
5175
5310
5287
5200
5113
5084
5130
5089
5144
5242
5177
5201
5151
5118
5161
5212
5265
5201
5127
5254
5166
5181
5133
5103
5131
5000
5024
4964
5003
4978
4880
4904
4868
4849
4733
4699
4573
4511
4501
4613
4634
4572
4564
4580
4539
4466
4445
4452
4417
4461
4413
4400
4297
4234
4198
4310
4331
4292
4337
4248
4299
4313
4393
4515
4547
4401
4407
4388
4408
4448
4399
4362
4432
4338
4305
4339
4246
4295
4244
4225
4246
4293
4291
4307
4286
4379
4397
4202
4110
4133
4029
4055
4080
4091
4085
4156
4136
4160
4126
4085
4198
4226
4252
4346
4359
4322
4334
4478
4427
4443
4418
4410
4519
4523
4717
4753
4691
4617
4632
4623
4752
4789
4875
4867
4956
4908
4886
4932
4841
4903
4912
4962
4958
5049
5104
5080
5077
5207
5352
5315
5303
5361
5319
5317
5399
5376
5356
5203
5091
5087
5050
5031
5032
5119
5010
4992
5070
5091
5143
5274
5273
5322
5457
5523
5501
5536
5525
5457
5399
5299
5386
5284
5227
5257
5363
5419
5378
5351
5317
5400
5433
5482
5410
5221
5178
5202
5135
5248
5218
5243
5351
5279
5254
5234
5174
5256
5388
5257
5345
5309
5190
5251
5234
5299
5376
5381
5368
5441
5378
5210
5135
5284
5417
5469
5404
5464
5542
5553
5588
5656
5564
5592
5593
5657
5649
5725
5837
5725
5759
5774
5791
5816
5831
5790
5851
5926
5958
5950
5998
5990
6015
5792
5870
5764
5840
5868
5939
5925
5998
6009
6136
6201
6284
6372
6379
6497
6444
6451
6578
6567
6557
6435
6446
6385
6390
6446
6370
6469
6582
6682
6772
6828
6771
6863
6831
6743
6604
6449
6535
6600
6682
6657
6700
6579
6375
6411
6446
6441
6237
6080
6138
6209
6205
6317
6125
6113
6181
6155
6116
6202
6250
6289
6224
6316
6396
6414
6458
6419
6419
6467
6395
6434
6444
6459
6518
6388
6300
6224
6316
6302
6289
6069
6157
6140
6131
6111
6002
6019
5946
6066
5962
5968
5933
5922
5802
5700
5762
5796
5946
6103
6082
6010
6248
6265
6331
6385
6313
6359
6321
6349
6447
6537
6461
6458
6479
6502
6511
6502
6424
6518
6450
6457
6429
6372
6312
6267
6224
6148
6231
6283
6155
6150
6111
6215
6265
6215
6305
6341
6309
6393
6409
6364
6297
6263
6335
6308
6380
6440
6251
6239
6250
6287
6309
6199
6069
6122
6221
6242
6222
6039
6065
6167
6268
6287
6114
6124
6208
6106
6030
5876
5807
5785
5741
5738
5677
5641
5744
5737
5682
5724
5625
5702
5795
5798
5698
5794
5799
5776
5592
5589
5589
5448
5426
5416
5275
5328
5355
5313
5434
5489
5475
5564
5552
5643
5759
5817
5753
5862
5928
5872
5768
5852
5807
5760
5509
5529
5607
5426
5466
5365
5475
5586
5622
5670
5714
5668
5818
5910
5939
5854
5812
5622
5492
5475
5597
5700
5608
5535
5606
5691
5852
5750
5839
5749
5786
5683
5674
5628
5576
5533
5513
5625
5688
5744
5829
5845
5903
5859
5888
5821
5817
5824
5771
5905
5929
5915
6020
6056
6047
5918
5926
5978
5845
5776
5795
5894
5851
5802
5837
5893
5985
6014
6048
6037
6135
6209
6267
6254
6258
6316
6253
6129
6159
6132
6233
6193
6069
6163
6126
6251
6252
6234
6253
6231
6238
6158
6096
6094
6006
6040
5969
5936
6000
5924
5847
5799
5746
5756
5725
5819
5747
5739
5783
5553
5481
5428
5338
5336
5347
5307
5382
5308
5341
5372
5372
5423
5649
5570
5604
5639
5729
5776
5794
5870
5830
5818
5728
5717
5640
5553
5639
5589
5579
5466
5492
5488
5644
5595
5719
5735
5708
5742
5627
5597
5540
5506
5451
5418
5230
5172
5133
5103
5046
5041
4999
5025
5044
5149
5077
5093
5228
5187
5207
5227
5307
5245
5229
5265
5322
5345
5382
5346
5417
5384
5527
5548
5585
5555
5605
5510
5431
5350
5404
5433
5413
5409
5408
5420
5425
5415
5446
5348
5346
5347
5390
5245
5179
5206
5212
5238
5187
5196
5323
5325
5408
5367
5376
5359
5337
5361
5209
5167
5082
5052
5014
5049
5043
4959
4991
4868
4787
4874
4831
4790
4758
4736
4756
4886
4939
4922
4893
4771
4807
4794
4948
4989
4979
4863
4907
4905
4932
5021
5092
5076
5042
5130
5175
5247
5027
4906
4981
5102
5234
5398
5374
5321
5285
5181
5163
5084
5056
5102
5098
5105
5268
5288
5257
5295
5321
5343
5401
5370
5412
5452
5438
5366
5433
5542
5482
5558
5587
5684
5776
5812
5722
5812
5858
5981
6110
6180
6168
6364
6399
6515
6428
6493
6504
6460
6472
6399
6288
6344
6331
6213
6060
6019
6009
6013
5900
5796
5754
5760
5772
5743
5759
5695
5745
5715
5602
5538
5564
5634
5613
5710
5609
5634
5777
5705
5735
5843
5869
5936
6063
5981
5937
5949
5839
5829
5805
5786
5854
5909
5947
5988
6006
6098
6101
6149
6102
6155
6241
6295
6243
6245
6163
5939
5962
5901
5945
5986
5932
5871
5911
5875
5746
5709
5745
5753
5817
5717
5861
5780
5780
5799
5694
5649
5656
5673
5497
5579
5497
5408
5441
5446
5597
5605
5757
5781
5839
5777
5802
5709
5695
5720
5733
5720
5741
5752
5754
5782
5692
5651
5625
5666
5704
5638
5601
5624
5643
5629
5490
5485
5465
5455
5392
5315
5348
5317
5243
5140
5089
5303
5209
5239
5210
5318
5277
5385
5386
5230
5108
5108
5164
5104
5263
5333
5317
5393
5570
5507
5631
5504
5485
5553
5539
5538
5627
5793
5886
5845
5771
5831
5904
5916
5878
5853
5847
5918
5955
5917
5791
5746
5629
5685
5652
5728
5642
5630
5576
5583
5551
5566
5461
5263
5211
5198
5294
5307
5307
5434
5478
5534
5474
5527
5572
5563
5527
5560
5682
5626
5507
5430
5429
5538
5482
5439
5491
5439
5458
5362
5324
5367
5375
5417
5478
5432
5455
5438
5575
5551
5622
5541
5530
5603
5632
5560
5528
5571
5639
5588
5552
5473
5498
5397
5491
5506
5406
5392
5408
5417
5427
5455
5452
5487
5401
5392
5327
5276
5429
5480
5471
5459
5471
5452
5473
5359
5332
5318
5261
5254
5231
5268
5328
5306
5268
5189
5058
4979
5025
5040
5171
5146
5209
5174
5161
5295
5221
5298
5287
5318
5392
5463
5458
5466
5350
5250
5307
5378
5358
5361
5433
5468
5562
5622
5600
5649
5654
5773
5826
5983
6018
5941
5864
5891
5861
5911
5859
5909
5958
6026
6062
5999
5942
6028
6056
5932
6101
6093
6187
6178
6160
6167
6214
6146
6180
6289
6290
6375
6268
6332
6250
6262
6187
6202
6216
6167
6337
6292
6130
6179
6271
6299
6186
6102
6140
6138
6171
6233
6203
6248
6269
6284
6276
6295
6301
6259
6094
6182
6154
6083
6049
6003
5926
5807
5885
5780
5871
5813
5762
5878
5918
5984
6112
6035
6141
6283
6277
6295
6372
6501
6480
6563
6524
6465
6410
6405
6452
6465
6515
6493
6560
6479
6511
6503
6403
6302
6303
6222
6286
6349
6341
6343
6434
6489
6501
6472
6519
6567
6595
6606
6708
6725
6760
6703
6602
6492
6627
6647
6627
6638
6612
6671
6669
6648
6647
6583
6606
6565
6469
6400
6290
6214
6183
6238
6272
6239
6144
6088
6034
6045
5955
5880
5859
5814
5744
5675
5740
5747
5836
5756
5848
5836
5845
5847
5832
5847
6009
6066
6058
6096
6059
6180
6243
6198
6142
6110
6117
6119
6062
5970
6023
5861
5999
6000
5925
5869
5844
5889
5982
6088
6102
6014
6078
6134
6264
6214
6421
6513
6400
6487
6285
6281
6433
6406
6482
6428
6368
6218
6266
6224
6185
6186
6066
6134
6076
6042
5978
6093
6013
6107
6099
6125
6136
6104
6125
6136
6030
6095
6103
6113
6081
6237
6247
6388
6434
6451
6464
6335
6256
6192
6174
6235
6204
6220
6189
6129
6157
6140
6059
6032
6063
6039
6048
6100
6247
6245
6398
6498
6403
6474
6466
6528
6474
6578
6514
6499
6475
6433
6428
6481
6500
6368
6403
6357
6278
6251
6265
6282
6320
6263
6267
6161
6020
5925
5882
5979
5969
6024
6119
6132
6186
6196
6133
6168
6166
6164
6058
5967
5906
5913
5744
5583
5594
5667
5726
5836
5827
5752
5812
5832
5844
5897
5931
5795
5838
5952
5912
6010
6015
5976
6102
6033
6114
6144
6092
6017
6114
6164
6093
6183
6065
6146
6092
6118
6073
5929
5761
5621
5693
5552
5641
5680
5666
5719
5848
5880
5968
6026
6116
6103
6193
6165
6134
6044
6070
6012
5904
5938
6019
5986
5903
5966
6003
5921
5974
5921
6049
6125
6241
6084
6010
6044
6104
6083
6052
6067
6030
6010
5953
5926
5883
5991
6072
5996
6039
5976
5944
5954
5878
5851
5828
5865
5950
5983
5873
5930
5965
5991
5898
6063
6166
6240
6274
6153
6113
6275
6281
6296
6213
6174
6081
5992
5950
5833
5707
5762
5816
5785
5648
5703
5772
5806
5798
5648
5685
5699
5713
5724
5702
5873
5908
5905
6074
6141
6158
6172
6117
5998
5925
5787
5758
5714
5752
5655
5641
5643
5584
5641
5629
5667
5619
5643
5512
5554
5552
5498
5435
5539
5543
5581
5614
5635
5642
5623
5635
5764
5729
5751
5792
5895
5957
5956
5951
5987
5925
5939
5970
5892
5811
5889
5875
5829
5812
5880
5866
5972
5985
5892
5890
5842
5864
5697
5696
5553
5482
5446
5419
5526
5442
5452
5437
5410
5451
5405
5419
5430
5504
5610
5558
5737
5908
5857
5861
5994
5982
6118
6209
6145
6214
6248
6196
6327
6381
6359
6413
6440
6525
6494
6427
6515
6584
6581
6513
6445
6529
6437
6452
6398
6365
6277
6168
6212
6079
6148
6395
6443
6530
6531
6560
6494
6472
6479
6359
6404
6486
6545
6425
6383
6306
6478
6270
6224
6203
6263
6270
6302
6233
6096
6075
6010
5993
6133
6259
6190
6187
6225
6092
6153
6111
6150
6209
6152
6099
6030
6022
6033
6029
5966
6100
6192
6248
6345
6304
6361
6394
6342
6357
6349
6356
6459
6448
6362
6364
6448
6382
6344
6321
6319
6154
6091
6141
6078
6002
6035
5987
5885
5872
5873
5947
5762
5652
5754
5761
5762
5719
5627
5649
5749
5612
5474
5463
5643
5664
5707
5719
5794
5800
5628
5780
5782
5823
5877
5867
5771
5843
5791
5827
5843
5958
5989
5882
5841
5863
5881
5833
5738
5751
5771
5698
5663
5593
5572
5499
5544
5514
5588
5505
5484
5477
5584
5558
5596
5559
5601
5657
5621
5569
5645
5384
5402
5472
5563
5519
5480
5618
5707
5781
5749
5791
5764
5751
5738
5713
5639
5674
5669
5610
5686
5651
5734
5733
5763
5790
5811
5786
5810
5725
5733
5708
5786
5770
5670
5668
5628
5507
5469
5554
5602
5746
5788
5744
5722
5746
5696
5650
5715
5774
5884
5858
5791
5775
5831
5796
5616
5517
5485
5430
5365
5347
5534
5591
5534
5468
5553
5587
5655
5554
5504
5548
5571
5547
5524
5574
5542
5596
5606
5662
5694
5876
5836
5801
5799
5752
5674
5690
5705
5726
5520
5456
5450
5474
5491
5573
5660
5740
5712
5689
5735
5644
5521
5662
5646
5631
5670
5790
5795
5658
5677
5678
5585
5607
5555
5450
5594
5515
5615
5662
5628
5704
5659
5745
5748
5804
5961
6002
5937
6022
6073
5937
5931
5944
5976
5873
5661
5579
5567
5552
5527
5512
5649
5538
5753
5707
5612
5558
5620
5618
5703
5664
5604
5649
5747
5714
5683
5787
5824
5936
5982
5990
5942
5834
5675
5782
5726
5805
5899
5918
5891
5962
5933
5869
5880
5834
5835
5757
5703
5697
5659
5553
5591
5677
5640
5716
5740
5724
5664
5656
5749
5825
5892
5928
5867
5923
5971
5919
5884
5951
5911
5803
5783
5693
5786
5820
5937
5814
5730
5760
5807
5789
5903
5915
6072
6136
6055
6125
6209
6219
6175
6202
6206
6116
6106
6084
6033
5896
5926
5965
5821
5888
5901
5824
5719
5702
5669
5679
5706
5660
5582
5626
5588
5720
5714
5554
5475
5383
5451
5386
5470
5452
5522
5497
5478
5539
5654
5635
5553
5638
5753
5647
5635
5557
5574
5693
5745
5774
5811
5752
5722
5614
5695
5722
5759
5668
5728
5660
5596
5641
5653
5674
5665
5630
5558
5648
5706
5624
5660
5614
5539
5555
5501
5549
5657
5752
5682
5730
5820
5824
5823
5705
5581
5572
5572
5559
5658
5747
5782
5689
5679
5661
5726
5706
5687
5657
5571
5648
5685
5558
5567
5623
5667
5582
5547
5462
5389
5401
5346
5304
5237
5274
5275
5038
5124
5139
5178
5237
5123
5043
5019
5019
4988
4820
4714
4739
4720
4681
4733
4711
4761
4834
4873
4824
4753
4726
4805
4790
4669
4597
4630
4570
4511
4562
4631
4710
4714
4663
4638
4582
4572
4535
4528
4591
4537
4482
4336
4355
4329
4359
4145
4113
4157
4147
4137
4145
4167
4171
4201
4129
4041
4017
4144
4024
4048
4128
4077
4058
4050
4059
4197
4155
4092
4153
4222
4289
4273
4309
4277
4290
4380
4285
4260
4383
4469
4418
4503
4569
4451
4562
4691
4721
4787
4886
4870
5016
4985
4992
4951
4957
5010
5074
5159
5203
5200
5231
5224
5212
5210
5160
5101
5190
5125
5252
5229
5138
5211
5271
5221
5146
5222
5225
5198
5260
5241
5145
5194
5298
5276
5212
5214
5275
5216
5159
5132
5211
5213
5221
5176
5023
5120
5168
5092
5113
5022
4994
4974
4953
4990
4931
4909
4795
4921
4966
4950
5014
4991
4978
5026
4926
4929
4810
4898
4940
4946
4854
4872
4947
4992
5053
5052
5088
5109
5029
5046
5048
5022
4944
4906
4890
4934
4950
5062
5003
5059
5162
5177
5166
5178
5198
5270
5100
5146
5071
5168
5186
5179
5099
5067
5059
5232
5208
5201
5168
5152
5053
5017
5044
5018
4951
4900
4899
4900
4832
4702
4713
4765
4748
4677
4737
4742
4799
4780
4800
4819
4839
4791
4768
4836
4817
4795
4675
4776
4786
4834
4777
4750
4810
4880
4968
4992
5087
5129
5260
5102
4991
4931
5019
5100
5113
5079
4972
4957
5088
5063
5132
5190
5171
5225
5205
5176
5049
5112
5186
5147
5185
5229
5246
5231
5219
5119
5137
5019
5011
5014
4981
5142
5198
5256
5274
5318
5309
5402
5411
5294
5342
5311
5364
5358
5337
5279
5298
5344
5335
5283
5356
5419
5376
5341
5133
5223
5210
5367
5402
5443
5442
5442
5392
5442
5552
5523
5681
5623
5690
5621
5595
5488
5490
5636
5615
5607
5443
5507
5576
5503
5526
5512
5315
5255
5304
5334
5203
5273
5159
5214
5210
5186
5168
5079
5180
5021
5062
5160
5183
5269
5200
5315
5213
5136
5165
5175
5269
5263
5188
5226
5267
5371
5248
5343
5609
5628
5557
5574
5472
5577
5564
5596
5585
5636
5648
5556
5650
5588
5542
5436
5505
5430
5361
5255
5289
5214
5294
5237
5160
5098
5143
5100
5136
5171
5148
5088
5087
5014
4990
5013
5023
5119
5126
5147
5087
5056
5012
4922
4982
5002
4913
4918
5010
4947
4938
4930
5001
5111
5089
5161
5099
5074
4982
4931
4896
5009
4917
5064
5246
5304
5329
5447
5491
5490
5434
5419
5653
5597
5519
5560
5538
5689
5641
5615
5725
5659
5521
5461
5278
5310
5174
5056
5026
4926
4960
4856
4839
4830
4770
4781
4737
4593
4601
4527
4525
4621
4672
4683
4729
4727
4633
4713
4638
4687
4689
4652
4679
4633
4622
4583
4637
4663
4499
4440
4481
4550
4586
4606
4699
4692
4607
4730
4782
4895
4887
4798
4782
4860
4886
4825
4769
4804
4854
4830
4866
4991
5067
5098
4985
5009
4991
5195
5334
5428
5307
5259
5381
5264
5277
5424
5439
5352
5304
5131
5155
5180
5259
5128
5115
5002
5012
4994
4993
4939
4998
4983
5047
5059
5047
5046
4997
5090
5191
5033
5051
5086
5008
5040
4938
4987
5131
5123
5156
5240
5262
5288
5303
5266
5178
5159
5254
5215
5227
5186
5318
5218
5263
5328
5376
5312
5308
5336
5231
5253
5367
5344
5373
5272
5399
5375
5447
5436
5448
5457
5376
5494
5480
5485
5578
5515
5409
5407
5366
5462
5589
5577
5493
5486
5672
5627
5662
5712
5752
5614
5512
5570
5681
5836
5787
5706
5706
5632
5690
5694
5761
5645
5715
5721
5719
5673
5687
5638
5545
5538
5686
5669
5672
5679
5831
5894
5875
5809
5855
5863
5802
5954
5840
5864
5945
5841
5922
5937
6004
5947
5892
5861
5916
5797
5824
5893
5941
5947
6085
6199
6219
6243
6234
6197
5947
5900
5991
6061
6139
6226
6365
6352
6422
6405
6263
6367
6360
6389
6348
6303
6299
6305
6201
6192
6073
6070
6169
6233
6242
6294
6184
6206
6261
6349
6324
6275
6390
6443
6404
6471
6543
6625
6673
6748
6917
6826
6879
6988
7110
7103
7053
7054
6920
7045
6979
6944
6833
6800
6777
6708
6585
6609
6623
6620
6482
6593
6554
6490
6435
6431
6453
6428
6350
6329
6371
6342
6313
6173
6071
5972
5970
6098
6054
5991
5945
6069
6135
6154
6222
6352
6306
6202
6159
6088
6021
5997
6001
5894
5886
5739
5595
5622
5599
5676
5606
5568
5600
5674
5845
5907
5893
5781
5781
5737
5706
5724
5768
5877
5886
5898
5835
5835
5952
6011
6011
6013
5992
5936
5903
5920
5968
6059
6043
6194
6226
6145
6218
6180
6176
6125
6088
5972
5897
5887
5901
5803
5622
5607
5586
5659
5755
5687
5582
5568
5705
5735
5735
5781
5892
5948
5881
5784
5854
5789
5738
5682
5622
5709
5789
5787
5718
5746
5760
5729
5727
5672
5653
5631
5731
5787
5867
5979
6067
6116
5994
5919
6026
5953
6051
5866
5680
5656
5647
5773
5876
6010
6028
5831
5745
5818
5689
5673
5658
5765
5733
5758
5737
5706
5778
5710
5596
5590
5690
5772
5794
5651
5742
5633
5728
5688
5683
5696
5670
5589
5556
5683
5839
5861
5987
5945
6044
5961
5942
5749
5605
5530
5436
5483
5568
5632
5594
5593
5680
5660
5775
5703
5670
5677
5654
5654
5687
5655
5609
5618
5556
5603
5524
5580
5393
5494
5455
5400
5367
5316
5314
5377
5454
5389
5547
5633
5618
5635
5517
5470
5322
5321
5317
5408
5435
5526
5558
5570
5463
5500
5497
5626
5565
5480
5483
5462
5422
5363
5409
5480
5613
5676
5713
5684
5820
5825
5892
5868
5797
5830
5702
5706
5690
5628
5600
5487
5507
5445
5506
5638
5707
5736
5796
5819
5751
5812
5870
5843
5706
5725
5695
5656
5566
5520
5531
5575
5438
5418
5372
5227
5237
5318
5382
5480
5415
5310
5288
5427
5477
5520
5463
5482
5541
5414
5338
5318
5240
5260
5248
5148
5177
5172
5162
5227
5294
5329
5418
5417
5424
5351
5308
5354
5294
5438
5430
5425
5360
5352
5360
5429
5553
5705
5682
5837
5860
5922
5855
5837
5787
5758
5818
5827
5863
5821
5996
5883
5888
5896
6085
6102
6055
6011
5878
5849
5900
5954
6028
6062
5961
5954
6052
5954
5968
5901
5858
5831
5706
5608
5694
5620
5566
5533
5512
5473
5466
5560
5637
5645
5745
5751
5694
5726
5619
5721
5611
5662
5703
5813
5819
5720
5926
5856
5853
5732
5658
5664
5692
5628
5721
5716
5735
5672
5746
5753
5668
5733
5779
5858
5903
5858
5864
5674
5696
5793
5908
5850
5725
5713
5636
5668
5738
5805
5870
5884
5908
5921
5882
5887
5871
5843
5682
5620
5590
5726
5857
5882
5827
5760
5770
5642
5695
5612
5585
5548
5538
5378
5448
5485
5520
5447
5396
5392
5508
5579
5589
5576
5573
5592
5635
5653
5779
5845
5746
5823
5883
5888
5853
5907
5884
5846
5825
5845
5947
5989
6021
6033
6131
6166
6094
6153
6018
6055
6024
6064
6086
6080
6075
6128
6067
6093
6110
6057
5982
6052
6048
6179
6085
6072
6223
6176
6171
6115
5990
5965
5984
5942
6106
6056
6113
6320
6278
6261
6356
6434
6382
6456
6360
6296
6200
6130
6145
6160
6130
6107
5964
5887
5840
5927
5950
5957
6067
5948
5971
6147
6154
6116
6258
6135
6105
6104
6169
6048
5988
5810
5921
5955
5994
6046
5984
6021
6006
6024
5944
6127
6139
6181
6239
6249
6258
6273
6189
6139
6063
6236
6171
6054
6044
6138
6121
6174
6093
6112
6092
6165
6088
5878
5869
5901
5913
5769
5691
5765
5729
5692
5604
5484
5538
5485
5612
5715
5700
5614
5531
5423
5495
5432
5449
5472
5556
5548
5566
5574
5532
5555
5513
5496
5470
5484
5485
5406
5355
5491
5470
5439
5338
5287
5409
5513
5452
5474
5588
5636
5592
5498
5474
5383
5321
5391
5502
5451
5440
5386
5365
5358
5451
5370
5259
5251
5352
5320
5390
5346
5284
5216
5238
5307
5456
5518
5561
5517
5440
5269
5270
5308
5289
5388
5468
5453
5501
5612
5584
5658
5688
5600
5691
5684
5667
5737
5791
5679
5666
5530
5595
5542
5505
5531
5553
5643
5646
5759
5706
5757
5591
5661
5730
5618
5651
5633
5548
5596
5662
5731
5806
5827
5800
5825
5947
6038
6091
6002
5943
5870
5879
5928
6002
6042
6036
6058
6080
6169
6242
6237
6287
6242
6219
6180
6164
6133
6313
6364
6316
6266
6162
6028
6058
6123
6154
6264
6230
6087
6082
6037
6000
6068
6079
6249
6341
6431
6446
6409
6373
6459
6432
6270
6197
6250
6408
6359
6455
6579
6347
6238
6233
6188
6198
6276
6110
6066
6109
5933
5928
5954
5949
5996
6016
6019
5985
6058
6009
6075
6015
5907
5866
5873
5923
5861
5879
5798
5870
5929
5854
5876
5828
5755
5787
5745
5834
5988
6013
6157
6241
6334
6278
6292
6339
6288
6216
6175
6204
6124
6180
6191
6129
6199
6127
6068
5968
6056
6085
6069
6031
5949
5987
6059
6051
6133
6149
6031
6073
6132
6031
5859
5884
5775
5899
5838
5878
5979
5950
6056
6057
6073
5911
5913
5934
5911
5928
5987
6099
6002
6049
6086
6116
6167
6280
6242
6198
6128
6106
6157
6117
6174
6281
6227
6343
6493
6491
6436
6493
6383
6386
6577
6592
6614
6600
6689
6853
6743
6674
6737
6658
6667
6815
6840
6833
6775
6826
6932
6905
6935
6995
7075
7082
7128
7280
7191
7211
7288
7351
7362
7291
7238
7274
7270
7220
7225
7163
7059
7134
7098
7152
7166
7116
7033
7074
7069
7159
7132
7046
7020
6997
6882
6849
6844
6683
6594
6633
6578
6646
6694
6700
6657
6521
6471
6433
6432
6365
6432
6442
6491
6502
6484
6543
6650
6806
6841
6884
6812
6712
6694
6596
6586
6539
6604
6653
6640
6428
6439
6417
6454
6363
6431
6365
6360
6337
6236
6157
6128
6139
6196
5990
5973
5957
5969
6059
6195
6073
6014
5978
5949
5809
5870
5824
5765
5756
5700
5714
5776
5862
5983
5989
5951
5812
5881
5946
5974
5983
6047
6005
5986
6051
6062
6227
6205
6203
6282
6262
6230
6242
6147
6166
6105
6073
6076
6252
6216
6239
6230
6156
6272
6230
6211
6324
6470
6526
6495
6456
6497
6492
6606
6456
6500
6454
6315
6247
6155
6190
6251
6321
6566
6605
6525
6443
6238
6275
6229
6324
6120
6022
6034
5955
5957
5929
5905
5835
5874
5838
5852
5885
5815
5964
6023
5995
6003
5962
5868
5836
5854
5852
5886
5687
5777
5695
5741
5654
5602
5497
5410
5456
5570
5580
5567
5548
5361
5262
5349
5376
5555
5524
5442
5398
5443
5389
5460
5397
5439
5478
5348
5418
5447
5394
5409
5367
5319
5169
5181
5178
5049
4996
5086
5193
5242
5350
5284
5339
5441
5354
5406
5267
5380
5360
5334
5396
5372
5362
5413
5375
5414
5459
5389
5408
5338
5318
5370
5317
5252
5249
5365
5362
5382
5381
5420
5457
5445
5483
5352
5378
5418
5389
5359
5360
5322
5398
5347
5259
5242
5304
5227
5246
5179
5129
5217
5260
5274
5347
5435
5552
5498
5435
5341
5390
5366
5366
5315
5258
5206
5268
5164
5060
5014
5050
5047
5071
5061
5071
4999
4997
5131
5082
5024
5021
5153
5089
5164
5054
5165
5151
5254
5246
5252
5289
5216
5220
5107
5019
5020
5203
5140
5179
5146
5261
5369
5490
5622
5527
5540
5664
5836
5835
5817
5872
6044
6026
5955
5883
5913
5764
5761
5711
5743
5772
5709
5681
5766
5773
5960
5934
6042
6173
6155
6258
6233
6218
6278
6382
6225
6200
6095
6120
6018
6130
6046
6120
6002
6089
6041
6026
5999
6117
6209
6294
6224
6270
6228
6203
6073
6143
6191
6202
6219
6260
6301
6355
6425
6352
6396
6411
6486
6545
6622
6624
6674
6572
6565
6522
6533
6565
6529
6737
6689
6683
6561
6621
6746
6722
6640
6818
6803
6632
6589
6420
6255
6274
6372
6370
6289
6358
6394
6296
6130
6069
6175
6064
6034
6209
6245
6348
6433
6406
6401
6415
6360
6498
6430
6383
6299
6416
6389
6341
6334
6275
6196
6204
6183
6225
6244
6256
6237
6184
6118
6093
6093
5983
5986
6021
5981
5887
5933
5906
5905
6058
6078
6040
6092
6087
6037
5900
5882
5903
5898
5912
6060
5992
5886
5859
5837
5953
6169
6243
6218
6187
6112
6210
6146
6249
6230
6276
6286
6229
6166
6239
6279
6225
6123
6100
6141
6135
5985
6014
6122
6112
6160
6181
6188
6129
6168
6248
6139
6101
6121
6031
6089
6035
6066
5888
5932
5831
5849
5875
5907
5917
5955
5933
5877
5990
6082
6054
6005
5994
6015
6138
6280
6382
6342
6284
6232
6250
6229
6293
6357
6249
6322
6179
6180
6174
6170
6251
6406
6380
6341
6237
6325
6399
6483
6635
6731
6543
6542
6630
6630
6478
6347
6471
6359
6225
6212
6089
6050
6031
6039
6022
5975
5977
6012
5991
5945
5921
6005
6072
6013
5878
5825
5917
5867
5756
5776
5739
5722
5649
5569
5474
5366
5402
5454
5480
5458
5510
5382
5471
5468
5362
5246
5155
5236
5212
5214
5333
5260
5241
5135
5280
5256
5244
5207
5287
5267
5195
5144
5140
5187
5160
5271
5377
