505000
200401
142070
111451
92443
79006
69839
62639
56895
52162
47894
44111
41547
39094
36681
34813
33281
31882
30730
29236
28004
27088
26008
24978
24009
23176
22248
21514
20839
20298
20120
19734
19098
18520
18211
17851
17370
17179
16605
16095
15880
15594
15163
15089
14726
14445
14289
14193
13895
13799
13665
13570
13369
13056
12949
12738
12639
12617
12304
12267
12026
11820
11554
11330
11198
11054
10932
11014
10881
10817
10716
10449
10435
10313
10245
10209
10265
10131
10100
10171
10195
10056
9839
9718
9697
9569
9538
9411
9298
9218
8987
8826
8868
8731
8654
8747
8779
8722
8568
8502
8388
8375
8340
8399
8333
8256
8294
8342
8413
8646
8527
8526
8461
8490
8644
8620
8566
8525
8317
8253
8170
8078
7964
7894
7794
7780
7695
7624
7511
7431
7349
7310
7321
7266
7108
7107
7018
6983
7011
7245
7221
7228
7256
7213
7199
7100
6974
6878
6911
6947
6917
6899
6718
6711
6767
6652
6760
6760
6699
6593
6601
6595
6664
6666
6726
6748
6677
6707
6729
6710
6481
6492
6385
6440
6381
6466
6597
6634
6770
6778
6840
6892
6850
6860
6935
6910
6995
7001
6927
6874
6671
6691
6747
6639
6549
6520
6516
6488
6480
6506
6535
6479
6499
6541
6649
6624
6694
6636
6669
6520
6546
6435
6611
6610
6575
6555
6649
6733
6776
6920
6873
6889
6820
6812
6736
6809
6914
6887
6868
6750
6795
6888
6639
6533
6667
6738
6739
6581
6580
6551
6565
6640
6692
6791
6644
6688
6707
6638
6702
6626
6546
6570
6622
6618
6634
6793
6817
6880
6858
6839
7014
7007
7017
7049
7096
7160
7168
7134
7123
7030
7162
7198
7023
7003
6922
6863
6690
6603
6713
6685
6685
6703
6586
6641
6585
6547
6428
6226
6149
6167
6198
6136
6052
6109
5988
5859
5908
5907
6066
6091
6077
6061
6070
5997
5979
5976
5924
5888
6034
5901
5850
5723
5791
5798
5691
5662
5700
5660
5656
5756
5671
5757
5685
5702
5748
5808
5769
5762
5764
5813
5898
5765
5784
5898
5843
5925
5931
5749
5850
5852
5805
5905
5927
5960
5940
5913
5988
5957
5920
6014
6086
6090
6059
6078
6095
6033
6095
5957
5889
5921
5935
5812
5941
5844
5798
5774
5618
5628
5708
5725
5616
5545
5514
5418
5359
5365
5402
5496
5556
5423
5477
5540
5670
5688
5718
5776
5775
5699
5558
5675
5559
5480
5503
5397
5458
5420
5408
5367
5314
5316
5438
5450
5422
5420
5418
5582
5573
5463
5504
5414
5542
5508
5419
5354
5383
5424
5519
5523
5396
5388
5358
5332
5314
5383
5374
5424
5399
5410
5389
5421
5594
5560
5618
5536
5494
5394
5374
5388
5303
5252
5181
5152
5156
5173
5248
5356
5499
5563
5654
5676
5837
5807
5682
5580
5646
5797
5800
5799
5753
5736
5708
5744
5804
5868
5873
5920
5959
5801
5810
5755
5712
5801
5820
5851
5913
5869
5934
5868
5838
5724
5720
5679
5592
5770
5778
5842
5705
5802
5745
5776
5712
5814
5853
5868
5856
5970
6013
5987
5891
5851
5851
5827
5871
5914
5969
6034
6037
5885
5921
5781
5873
5859
5944
5802
5809
5774
5788
5775
5712
5729
5786
5800
5835
5656
5644
5674
5661
5639
5676
5557
5558
5440
5482
5448
5501
5535
5519
5579
5538
5585
5451
5573
5391
5471
5520
5504
5500
5752
5872
5900
5918
5872
5868
5876
5941
5879
6028
5893
5848
5827
5880
5900
5880
5762
5875
5934
5978
5998
6073
6129
6156
6171
6118
5990
6068
6133
6092
6155
6203
6083
6156
6195
6222
6118
6251
6306
6234
6240
6261
6255
6273
6140
6129
6249
6127
6195
6225
6128
6152
6290
6400
6458
6421
6442
6411
6449
6358
6367
6424
6342
6326
6300
6330
6293
6440
6423
6519
6563
6525
6580
6506
6570
6504
6521
6563
6488
6398
6529
6487
6444
6409
6402
6437
6318
6371
6265
6217
6243
6236
6219
6218
6250
6324
6358
6362
6514
6563
6489
6532
6516
6476
6652
6561
6605
6476
6374
6364
6304
6419
6476
6381
6562
6592
6750
6959
6867
6860
6648
6704
6611
6623
6510
6564
6567
6521
6389
6438
6381
6233
6329
6302
6363
6466
6397
6375
6376
6450
6374
6265
6342
6400
6448
6548
6573
6794
6746
6728
6801
6776
6723
6771
6738
6749
6658
6691
6792
6759
6554
6580
6630
6579
6531
6540
6464
6351
6376
6381
6473
6469
6554
6491
6486
6510
6553
6532
6597
6771
6678
6674
6532
6523
6603
6621
6582
6463
6511
6392
6422
6252
6371
6531
6520
6525
6452
6510
6512
6511
6404
6502
6439
6466
6364
6383
6223
6136
6202
6114
6140
6234
6133
6160
6100
6035
6023
5885
5857
5794
5788
5833
5906
5870
5988
6037
5942
5975
5918
5899
5884
6058
5936
5965
5926
5869
5924
5812
5788
5687
5679
5780
5738
5752
5767
5717
5699
5622
5684
5581
5597
5575
5466
5396
5492
5462
5484
5496
5483
5509
5508
5398
5360
5444
5471
5575
5536
5440
5459
5536
5594
5511
5534
5585
5501
5423
5540
5719
5760
5898
5990
6041
6101
5976
6037
5991
6067
5964
5936
5943
5949
5911
5843
5897
5963
5909
5814
5814
5850
5800
5778
5803
5843
5862
5834
5832
5956
5900
5824
5819
5788
5915
5942
6049
5967
5976
5883
5806
5897
5812
5786
5697
5641
5657
5673
5668
5681
5822
5790
5848
5939
5907
5964
5900
5888
5915
5973
5885
5741
5726
5731
5681
5622
5670
5626
5545
5722
5914
5903
5725
5662
5599
5640
5647
5695
5731
5697
5693
5816
5913
6016
6102
6149
6166
6288
6175
6233
6251
6160
6122
6043
6120
5908
5852
5836
5876
5800
5832
5866
5993
5876
5841
5814
5891
5909
5860
5891
5964
6019
5985
5881
5912
5932
5862
5840
5867
6024
5941
6045
6033
6049
6040
6027
6009
6021
5933
5820
5837
5774
5739
5659
5702
5775
5803
5641
5585
5522
5435
5495
5539
5524
5550
5595
5434
5445
5390
5210
5091
5051
5079
5017
5021
5036
5010
5007
5004
5083
5188
5139
5212
5322
5344
5332
5317
5294
5286
5258
5209
5037
5140
5110
5230
5365
5341
5321
5219
5364
5476
5529
5371
5283
5340
5364
5385
5377
5360
5342
5488
5583
5690
5716
5731
5725
5631
5620
5601
5657
5647
5675
5610
5694
5655
5651
5655
5566
5686
5609
5525
5589
5633
5557
5494
5456
5620
5691
5627
5750
5798
5725
5849
5986
6075
6076
6061
6048
5973
5808
5861
5723
5671
5637
5568
5441
5405
5532
5510
5432
5571
5550
5496
5512
5525
5428
5448
5408
5318
5298
5369
5365
5326
5234
5206
5259
5191
5167
5152
5010
5040
5058
5054
4974
4952
4846
4936
4917
4869
4842
4769
4838
4901
4980
4907
4843
4780
4745
4614
4478
4414
4324
4397
4296
4380
4276
4296
4343
4342
4215
4224
4224
4297
4245
4277
4231
4198
4161
4169
4229
4198
4202
4145
4103
4029
3991
3996
3973
4123
4219
4153
4137
4142
4143
4119
4045
4062
4128
4088
4281
4261
4301
4217
4264
4243
4256
4267
4213
4157
4046
4076
4202
4152
4093
4146
4119
4065
4093
4100
3995
3925
3961
3941
3924
3865
3852
3818
3848
3861
3743
3805
3828
3890
3901
3943
3988
3891
3951
3972
3888
3951
3940
3944
3962
3990
3981
3927
3787
3835
3952
3906
3873
3925
3842
3727
3749
3703
3656
3661
3719
3616
3650
3708
3829
3931
3911
3892
3949
3999
3933
3872
3851
3810
3740
3767
3810
3861
3794
3846
3977
4042
4074
4053
3938
3967
4018
4076
4110
4152
4274
4254
4210
4232
4261
4183
4378
4357
4440
4433
4380
4524
4344
4221
4256
4347
4370
4315
4311
4310
4382
4310
4389
4526
4640
4674
4785
4718
4631
4694
4750
4641
4652
4507
4419
4469
4381
4453
4545
4591
4637
4715
4739
4702
4640
4769
4825
4855
4962
4914
4883
4811
4737
4738
4862
4881
4876
4813
4830
4742
4841
4838
4811
4723
4751
4838
4932
4909
4969
4940
4956
4916
4894
4724
4730
4843
4724
4763
4729
4629
4610
4564
4576
4590
4623
4645
4726
4783
4847
4781
4805
4828
4891
4979
5026
5016
5068
5144
5097
5095
4946
5046
5013
5101
5127
4965
5011
5054
5052
5188
5072
5066
5022
5092
5088
5161
5274
5363
5287
5211
5225
5270
5164
5115
5201
5161
5214
5214
5364
5417
5429
5512
5535
5441
5463
5488
5530
5396
5475
5405
5420
5431
5357
5303
5270
5432
5324
5462
5425
5341
5336
5339
5229
5211
5190
5153
5128
5098
5055
5107
5137
5172
5185
5126
5164
5145
5209
5217
5237
5272
5313
5238
5217
5198
5203
5223
5159
5165
5059
5099
5102
5101
5097
5100
5054
4967
4996
5027
5049
5177
5219
5241
5336
5298
5111
4979
4940
4926
4990
4837
4888
5046
4971
4989
4978
4869
4928
5098
5209
5188
5261
5232
5365
5432
5483
5514
5620
5691
5971
5944
5927
5876
5815
5766
5790
5798
5835
5601
5676
5689
5706
5677
5774
5798
5697
5606
5583
5565
5480
5604
5592
5558
5534
5579
5518
5435
5544
5452
5422
5421
5375
5374
5170
5273
5269
5398
5340
5377
5497
5608
5547
5563
5583
5507
5449
5511
5519
5442
5345
5327
5284
5458
5399
5340
5475
5477
5404
5386
5472
5394
5435
5362
5352
5372
5295
5327
5264
5324
5408
5246
5266
5383
5435
5438
5411
5348
5391
5456
5412
5490
5281
5236
5225
5302
5348
5321
5451
5380
5363
5151
5207
5208
5152
5270
5269
5295
5318
5206
5179
5180
5088
5021
4972
5073
5054
5112
5104
5006
5055
5063
5066
5107
5200
5219
5320
5390
5375
5409
5292
5239
5365
5330
5361
5308
5366
5337
5368
5436
5365
5366
5557
5512
5484
5479
5579
5516
5560
5536
5467
5471
5581
5545
5513
5535
5447
5586
5527
5515
5639
5701
5661
5779
5736
5797
5664
5638
5621
5689
5560
5490
5465
5589
5704
5604
5540
5730
5664
5648
5572
5674
5679
5773
5780
5830
5679
5778
5802
5771
5953
5971
6140
6196
6143
6130
6189
6077
5858
5822
5765
5786
5708
5643
5834
5797
5811
5910
5796
5715
5837
5772
5888
5828
5750
5716
5661
5734
5756
5840
5938
5786
5887
5796
5808
5881
5962
6030
5947
5926
5881
5798
5822
5750
5683
5598
5612
5583
5671
5654
5572
5567
5610
5696
5542
5619
5644
5677
5710
5764
5864
5880
5828
5832
5744
5834
5725
5915
5781
5692
5630
5654
5635
5706
5741
5705
5709
5654
5602
5548
5598
5624
5651
5749
5788
5798
5845
5759
5704
5670
5630
5535
5543
5588
5638
5726
5835
5904
5956
5745
5776
5874
5826
5879
5823
5841
5955
5930
6003
5882
5879
5698
5683
5712
5730
5731
5718
5749
5762
5819
5750
5766
5855
5777
5769
5714
5705
5574
5542
5659
5715
5766
5787
5682
5757
5701
5718
5628
5641
5752
5785
5677
5537
5600
5634
5694
5703
5613
5570
5553
5670
5690
5726
5753
5734
5702
5708
5732
5763
5828
5812
5816
5829
5958
5989
6054
6056
6099
6110
6031
5919
5889
5815
5725
5829
5877
5966
5853
5894
5842
5913
6055
6078
6163
6286
6233
6211
6197
6207
6220
6297
6365
6433
6531
6396
6546
6467
6592
6734
6584
6616
6552
6577
6587
6762
6786
6758
6798
6660
6610
6534
6448
6332
6385
6444
6426
6306
6215
6144
6131
6256
6202
6269
6141
6137
6086
6070
6110
6208
6191
6230
6238
6236
6074
6122
6035
6059
6074
6116
6108
6154
6075
5966
5968
5850
5850
5807
5792
5775
5737
5700
5782
5866
5806
5831
5878
5747
5715
5806
5792
5721
5636
5751
5822
5726
5803
5968
6036
6112
6036
5978
6066
6063
6109
5887
5935
5936
5879
5782
5912
5984
5991
5967
5920
5977
6063
6070
6136
6103
6109
6201
6188
6147
6058
5966
5922
5886
5892
5901
5906
5883
5820
5843
5882
5806
5798
5736
5779
5850
5923
6026
6111
6178
6141
6115
6075
6035
6028
5901
5953
6060
6058
6007
6031
6003
6032
5943
5875
5844
5921
5987
6003
6094
6059
6139
6211
6178
6230
6361
6278
6469
6410
6440
6391
6112
6245
6273
6349
6354
6238
6261
6270
6273
6228
6241
6123
6248
6254
6256
6289
6304
6222
6184
6152
6158
6176
6151
6062
6053
6304
6336
6309
6191
6207
6215
6132
6127
6165
6186
6209
6231
6355
6508
6420
6324
6342
6385
6307
6405
6377
6354
6293
6325
6384
6388
6351
6482
6570
6581
6547
6438
6485
6391
6381
6332
6455
6407
6447
6349
6427
6421
6466
6387
6311
6282
6233
6333
6340
6504
6567
6474
6459
6468
6526
6386
6452
6355
6247
6314
6298
6296
6290
6340
6445
6483
6528
6706
6718
6709
6692
6665
6708
6848
6951
6833
6903
6863
6856
6897
7025
7016
6952
7143
7244
7072
7085
7069
7069
7129
7169
7155
7261
7245
7344
7330
7100
7013
6994
7035
6892
6862
6728
6773
6578
6610
6718
6841
6863
6845
6883
6949
7016
7070
6910
6780
6656
6629
6588
6472
6598
6701
6589
6664
6753
6684
6700
6764
6843
6794
6693
6570
6662
6546
6619
6706
6626
6710
6840
6725
6614
6574
6677
6676
6685
6651
6516
6509
6539
6559
6338
6345
6298
6154
6133
6129
6205
6171
6251
6404
6400
6430
6570
6495
6761
6711
6746
6757
6797
6675
6604
6543
6479
6510
6589
6496
6393
6371
6357
6384
6466
6613
6509
6459
6320
6212
6161
6058
6154
6179
6032
5874
5912
5936
5761
5790
5833
5878
5878
5810
5790
5834
5757
5842
5886
5907
5951
5804
5723
5771
5705
5585
5644
5643
5609
5568
5601
5466
5394
5446
5447
5502
5440
5422
5544
5501
5455
5512
5451
5393
5312
5339
5380
5294
5382
5472
5517
5439
5423
5284
5198
5161
5157
5098
5053
5068
5083
4968
5105
4941
4910
4929
4988
4970
4993
5008
5060
5142
5177
5226
5225
5277
5342
5313
5391
5463
5463
5388
5287
5203
5123
5062
5138
5125
5036
4841
4848
4928
4875
4897
4825
4886
4856
4893
4897
4794
4809
4920
4876
4984
4932
5056
4936
4937
4964
5044
5124
5235
5258
5167
5236
5289
5418
5315
5349
5335
5317
5247
5262
5220
5200
5133
5116
5202
5172
5276
5269
5256
5163
5084
5274
5314
5279
5245
5208
5173
5159
5055
5059
5011
5073
5059
4995
4990
4970
4974
5020
5187
5224
5261
5253
5286
5375
5360
5467
5409
5459
5462
5427
5401
5406
5533
5613
5468
5391
5391
5349
5331
5338
5487
5486
5363
5263
5161
5043
5049
5107
5205
5153
5110
5063
5055
5066
5072
5030
5086
5109
5077
5108
5100
5263
5217
5293
5353
5375
5484
5486
5479
5450
5379
5256
5342
5370
5346
5454
5477
5387
5318
5421
5413
5399
5427
5362
5352
5251
5289
5364
5479
5502
5551
5571
5641
5746
5722
5726
5692
5753
5812
5831
5623
5606
5649
5629
5648
5507
5487
5356
5356
5412
5307
5207
5132
5161
5175
5176
5204
5283
5437
5547
5605
5586
5560
5657
5664
5760
5652
5657
5860
5854
5774
5791
5811
5813
5822
5701
5701
5795
5771
5798
5913
5979
5876
5794
5781
5826
5826
5883
5866
5825
5832
5910
5917
5878
5928
5869
5927
5934
5955
5888
6003
6053
6005
6025
6027
6026
6092
6024
6003
5972
6044
5950
6101
5999
5952
5956
5921
5824
5766
5861
5809
5795
5809
5759
5641
5640
5760
5772
5751
5764
5753
5742
5766
5775
5715
5690
5804
5797
5635
5645
5576
5565
5534
5488
5515
5541
5514
5597
5635
5517
5513
5650
5667
5730
5696
5759
5798
5879
5912
5937
5830
5835
5846
5838
5842
5902
5814
5821
5860
5830
5759
5879
5891
5969
5883
5932
5907
5949
5952
5889
5841
5953
6082
6054
6011
6113
6101
6085
6147
6141
6106
6077
5996
5924
5848
5840
5855
5901
5963
5903
5786
5765
5826
5846
5772
5842
5856
5851
5799
5835
5832
5673
5676
5723
5765
5823
5883
5934
5809
5756
5668
5623
5697
5804
5796
5792
5750
5761
5579
5616
5699
5725
5671
5623
5575
5607
5601
5585
5640
5638
5584
5536
5619
5563
5536
5612
5446
5496
5423
5447
5440
5362
5381
5400
5528
5456
5399
5448
5564
5649
5602
5621
5458
5444
5434
5497
5494
5470
5428
5388
5389
5456
5432
5385
5392
5365
5466
5439
5418
5350
5313
5366
5441
5453
5477
5464
5476
5518
5561
5534
5694
5683
5751
5902
5966
5936
5824
5829
5847
5596
5636
5715
5700
5753
5632
5746
5821
5903
5870
5878
5856
5824
5918
6043
6053
5973
5970
5931
5944
5983
5976
5984
6001
5925
5940
5999
6015
6016
6093
6237
6318
6160
6305
6196
6143
6132
6168
6067
6072
5986
5982
5913
5831
5914
6002
6056
6024
5961
5916
5916
5841
5744
5785
5817
5915
5931
6010
5997
5876
5901
5850
5898
5818
5912
5968
6072
6155
6105
6077
5974
6011
5934
5919
5906
5925
5841
5834
5901
5884
5761
5764
5719
5742
5730
5775
5741
5762
5734
5677
5580
5459
5307
5327
5346
5390
5353
5359
5412
5219
5173
5163
5169
5088
5169
5222
5218
5177
5253
5238
5308
5300
5327
5339
5317
5294
5151
5257
5167
5046
5132
5130
5138
5238
5139
5207
5136
5115
4980
4930
5058
5190
5197
5399
5323
5275
5388
5489
5432
5426
5527
5545
5504
5376
5362
5385
5353
5438
5378
5262
5114
5109
5041
4984
5028
5039
5116
5148
5234
5131
5062
4952
4890
4998
4971
5003
4992
4969
5017
5077
5082
5072
5135
5088
5129
5246
5219
5240
5104
5155
5100
5175
5131
5153
5079
5067
5050
4984
4912
4829
4853
4924
4893
4941
4849
4893
4884
4924
4848
4824
4920
4870
4740
4719
4729
4722
4764
4745
4676
4629
4656
4603
4600
4754
4902
5022
4924
5022
4984
5037
5047
4991
5056
5051
5064
5257
5254
5392
5516
5590
5485
5480
5504
5534
5430
5527
5485
5505
5482
5561
5612
5699
5606
5550
5411
5251
5292
5404
5382
5366
5339
5380
5440
5428
5406
5375
5355
5505
5587
5606
5515
5691
5549
5634
5742
5820
5702
5562
5591
5523
5723
5760
5613
5584
5526
5621
5751
5743
5609
5590
5586
5503
5443
5497
5626
5623
5615
5547
5518
5585
5579
5552
5593
5642
5570
5569
5656
5556
5504
5539
5568
5548
5591
5716
5813
5755
5688
5738
5756
5768
5685
5665
5618
5654
5516
5530
5516
5593
5681
5735
5700
5852
5743
5658
5586
5622
5645
5540
5479
5586
5644
5658
5679
5641
5733
5841
5831
5827
5867
5993
5930
5926
6007
6117
6085
6048
5931
5933
5936
5848
5956
5997
5907
5911
5944
6010
6087
6172
6083
5975
5981
6013
6007
6008
5969
5969
5915
6004
6021
6067
5907
5870
5977
5980
5973
6005
5857
5851
5846
5830
5838
5714
5762
5756
5861
5900
5926
5962
5986
6091
6153
6293
6317
6386
6409
6291
6313
6258
6077
6006
6055
5916
5891
5850
5910
6045
6064
6096
6058
6022
6011
5868
5864
5734
5755
5765
5839
5859
5873
5749
5904
6047
6064
6035
6039
6043
6024
6051
6080
6102
6123
6126
6120
5963
6075
6027
6041
6185
6145
6086
6084
6159
6256
6203
6107
5938
5918
5986
5931
5931
5817
5858
5806
5894
5700
5750
5828
5810
5705
5721
5641
5679
5536
5491
5616
5520
5531
5420
5570
5604
5660
5617
5593
5609
5627
5602
5501
5533
5520
5465
5456
5474
5424
5364
5418
5343
5236
5282
5340
5442
5493
5487
5454
5500
5460
5570
5524
5634
5449
5434
5495
5510
5522
5532
5390
5342
5218
5236
5198
5157
5240
5203
5104
5039
4991
4974
4982
4937
5090
5167
5188
5149
5143
5204
5132
5286
5241
5173
5076
5038
5043
4949
5026
5067
4987
4895
4924
4913
4855
4793
4850
4713
4674
4704
4778
4766
4786
4875
4829
4924
4812
4859
4854
4895
4943
4893
4787
4797
4850
4929
5004
5008
5046
4977
4973
5056
5020
5073
4980
4949
4948
4860
4886
4940
5040
5045
4977
5110
5092
5039
4907
4826
4842
4731
4934
4949
4867
4808
4784
4781
4908
4960
4898
4864
4851
4929
4923
4889
5094
5022
5082
5169
5194
5229
5136
5221
5224
5157
5142
5076
5130
5121
5204
5225
5266
5242
5291
5269
5307
5171
5199
5159
5230
5232
5264
5355
5292
5291
5233
5362
5380
5453
5437
5479
5599
5579
5585
5535
5504
5563
5509
5531
5458
5370
5447
5374
5356
5310
5407
5498
5491
5485
5485
5348
5347
5365
5375
5368
5522
5506
5585
5639
5679
5720
5839
5876
5914
5896
5919
5779
5816
5881
5837
5795
5832
5848
5891
5817
5980
5991
5926
5906
5912
6007
5999
6035
6056
6028
6139
6302
6348
6392
6453
6341
6302
6464
6537
6597
6518
6413
6283
6381
6367
6238
6327
6175
6193
6333
6276
6292
6329
6329
6401
6332
6354
6518
6579
6662
6691
6715
6638
6738
6558
6584
6650
6709
6660
6521
6542
6635
6383
6221
6185
6041
6120
6116
6092
5980
5914
5958
6173
6292
6197
6208
6122
6165
6247
6344
6397
6271
6448
6487
6496
6455
6468
6368
6261
6252
6226
6439
6518
6592
6751
6843
6915
6769
6792
6801
6777
6802
6726
6575
6544
6490
6587
6585
6520
6479
6411
6483
6391
6445
6416
6470
6461
6342
6340
6319
6376
6369
6181
6144
6218
6221
6282
6186
6252
6378
6357
6337
6330
6317
6379
6349
6407
6396
6422
6516
6490
6490
6372
6446
6474
6546
6630
6535
6590
6591
6623
6817
6874
6986
7039
6934
6791
6729
6659
6615
6643
6582
6596
6591
6750
6828
6897
6833
6817
6649
6583
6582
6532
6509
6551
6610
6604
6573
6575
6493
6468
6332
6338
6238
6189
6261
6328
6348
6313
6356
6274
6299
6340
6158
6288
6186
6135
6203
6078
6151
6094
6061
6058
6111
6142
6006
5984
5918
5960
5863
6015
6035
5928
5960
5993
6054
6110
6198
6115
6099
6141
6198
6151
6093
5937
6066
6036
5963
6101
6040
6086
6174
6106
6084
6103
5985
5949
5909
5983
6080
6061
6086
6162
6260
6314
6233
6173
6084
6197
6197
6329
6401
6266
6290
6389
6407
6400
6304
6303
6311
6223
6316
6501
6477
6330
6337
6283
6254
6173
6195
6163
6247
6274
6314
6372
6458
6451
6438
6341
6357
6282
6225
6120
6039
6001
5853
6056
5999
5904
5877
5900
5947
5928
5895
5959
5866
5784
5833
5745
5775
5846
5754
5808
5987
5952
5935
5917
5922
5917
5995
5937
5991
5978
6006
5991
5988
6096
6125
6217
6211
6220
6277
6264
6273
6356
6381
6380
6455
6428
6431
6566
6535
6452
6477
6441
6428
6402
6367
6444
6454
6388
6563
6434
6474
6409
6453
6477
6389
6300
6242
6204
6150
6068
6058
6068
6103
6177
6248
6179
6287
6252
6145
6183
6122
6140
6246
6244
6166
6141
6223
6362
6372
6262
6126
6146
6181
6197
6121
6008
5937
5954
6084
6162
6254
6198
6201
6085
5973
5967
5899
5938
5908
5988
6024
5971
6106
6117
6030
6032
5982
6001
6006
6001
6019
5849
5822
5864
5871
5863
5818
5898
6041
6067
6047
6009
5919
5785
5635
5683
5642
5658
5667
5826
5773
5770
5786
5783
5758
5649
5682
5778
5621
5511
5549
5551
5518
5601
5592
5628
5741
5701
5639
5620
5650
5725
5894
5882
5843
5863
5809
5892
5984
5865
5794
5724
5782
5668
5648
5792
5796
5870
5830
5801
5857
5903
6000
5937
6023
6000
6046
6030
5913
5879
5961
5837
5747
5776
5763
5688
5827
5950
5901
5881
5828
5862
5832
5911
5864
5890
5825
5915
6024
6126
6072
6092
6132
6151
6108
6142
6095
6109
6110
6073
6191
6228
6149
6117
6103
6175
6160
6101
6084
6071
6145
6206
6249
6140
6164
6187
6048
6142
6099
6197
6198
6242
6251
6273
6222
6228
6312
6316
6150
6235
6290
6205
6163
6094
6094
6152
6107
6342
6100
6190
6249
6283
6242
6258
6439
6355
6218
6152
6284
6394
6532
6428
6449
6461
6357
6270
6114
6093
5969
6066
6053
6074
5978
5994
6069
6043
5908
5941
6022
5972
6032
6031
5999
6021
6039
5946
5969
5810
5834
5841
5937
6009
5971
5969
5949
5910
5950
5996
5989
5933
5883
5870
5849
5859
5954
6011
5970
6027
6062
6070
6086
6098
6038
6049
6087
6258
6229
6273
6307
6459
6479
6407
6338
6305
6347
6306
6300
6248
6231
6086
6093
6029
5886
5916
5977
6014
6012
6156
6201
6108
6113
6119
6138
6123
6106
5996
5978
5901
5874
5897
5921
5983
6078
6161
6138
6009
5971
6036
5954
5975
5894
5879
5881
5896
5933
6038
5894
5900
5864
5865
5791
5872
5981
6013
6080
6214
6226
6144
6089
5952
5962
5930
5933
5897
5842
5926
5930
5960
5902
5818
5907
5901
5853
5772
5708
5692
5660
5664
5667
5654
5604
5770
5807
5898
6117
6102
6134
6034
6073
6159
6020
5968
6125
6021
6046
6019
6219
6203
6250
6291
6334
6282
6130
6219
6142
6181
6164
6208
6053
6059
6008
6112
6066
6085
6121
6212
6258
6126
6098
6145
6112
6053
6075
5966
6072
5878
5891
5948
5867
5878
5822
5857
5897
5923
5804
5815
5902
5906
5963
6023
6161
6207
6177
6077
6120
6186
6074
6002
5933
5922
5891
6042
5902
5906
5949
5855
5910
5934
5902
5757
5836
5773
5743
5704
5624
5657
5541
5604
5537
5543
5524
5488
5617
5609
5559
5557
5511
5566
5731
5869
5901
5997
6046
6034
5980
6027
5896
5797
5870
5883
5840
5922
5887
5883
5782
5751
5700
5721
5701
5791
5756
5846
5781
5797
5661
5798
5903
6086
6047
5946
5868
5836
5791
5726
5672
5681
5643
5548
5569
5586
5579
5601
5633
5524
5547
5561
5601
5562
5589
5644
5567
5666
5753
5801
5709
5678
5664
5701
5689
5683
5581
5676
5641
5638
5542
5568
5490
5490
5491
5558
5537
5485
5530
5634
5635
5594
5683
5731
5795
5779
5661
5625
5666
5687
5768
5721
5651
5602
5590
5614
5619
5706
5681
5813
5764
5805
5868
5975
5920
5909
6077
6149
6290
6380
6339
6234
6096
5983
5859
5899
5820
5839
5889
5850
5846
5901
6048
6194
6219
6397
6358
6328
6391
6346
6350
6315
6358
6256
6297
6390
6511
6587
6627
6637
6605
6729
6683
6561
6623
6549
6606
6570
6421
6438
6357
6163
6081
6037
6044
6079
6084
5999
5926
5910
6059
6069
6100
6103
6271
6238
6343
6371
6420
6362
6374
6424
6368
6267
6199
6173
6161
6134
6144
6205
6290
6368
6328
6285
6215
6068
6057
6044
6089
6030
5929
5952
5903
5812
5897
5902
5885
5878
5819
5780
5766
5731
5728
5870
5735
5785
5754
5689
5736
5817
5813
5790
5926
5860
5894
5950
5953
5988
5970
5973
6065
6077
5973
6031
6004
5915
5922
6042
5962
5905
5821
5779
5836
5673
5743
5810
5784
5812
5720
5843
5846
5707
5711
5676
5717
5724
5683
5702
5643
5683
5663
5733
5720
5580
5353
5282
5288
5270
5200
5217
5238
5120
5184
5311
5302
5245
5230
5238
5238
5270
5334
5336
5337
5408
5439
5421
5478
5520
5430
5422
5445
5531
5467
5445
5478
5509
5442
5528
5550
5599
5618
5586
5532
5582
5530
5551
5523
5489
5561
5470
5406
5470
5453
5548
5548
5558
5448
5410
5386
5519
5492
5387
5401
5283
5280
5272
5284
5271
5326
5334
5397
5373
5352
5296
5385
5483
5378
5417
5313
5352
5482
5655
5737
5595
5578
5518
5538
5505
5492
5456
5460
5481
5463
5338
5405
5480
5417
5447
5498
5416
5450
5450
5481
5657
5696
5696
5747
5733
5675
5586
5654
5748
5680
5702
5637
5728
5803
5843
5838
5838
5790
5756
5858
6072
6034
6096
5967
6020
5959
5857
5790
5735
5691
5635
5602
5497
5456
5543
5584
5615
5644
5598
5587
5447
5603
5479
5477
5502
5482
5463
5701
5666
5589
5503
5650
5645
5557
5492
5443
5502
5503
5582
5531
5736
5891
5791
5758
5739
5840
5775
5786
5780
5850
5905
5885
5847
5913
5917
5840
6010
6004
5907
5952
5864
5945
5880
5910
5873
5866
5869
5939
5801
5676
5644
5549
5497
5333
5277
5320
5360
5347
5404
5371
5396
5372
5471
5478
5570
5457
5402
5373
5466
5544
5601
5543
5498
5419
5335
5372
5309
5465
5539
5647
5656
5611
5613
5744
5684
5760
5760
5773
5787
5787
5839
5858
5790
5784
5809
5841
5771
5843
5832
5651
5644
5607
5429
5531
5548
5584
5704
5685
5753
5722
5593
5560
5541
5558
5569
5554
5678
5685
5624
5605
5535
5627
5590
5575
5472
5500
5423
5475
5371
5307
5479
5349
5282
5293
5471
5537
5593
5662
5635
5624
5620
5577
5577
5604
5677
5724
5655
5648
5738
5680
5845
5983
6015
5977
6023
5991
5926
5971
5804
5752
5793
5818
5726
5771
5747
5704
5689
5683
5549
5602
5605
5503
5444
5345
5341
5325
5384
5270
5376
5292
5263
5195
5166
5225
5247
5322
5321
5356
5460
5411
5377
5439
5301
5301
5398
5451
5550
5562
5471
5659
5537
5558
5513
5551
5627
5610
5557
5516
5446
5456
5469
5455
5313
5388
5457
5397
5484
5596
5717
5728
5709
5540
5703
5710
5599
5554
5567
5573
5652
5657
5574
5694
5721
5641
5597
5487
5498
5580
5588
5647
5730
5727
5716
5673
5529
5420
5392
5400
5399
5459
5501
5430
5492
5536
5590
5635
5526
5566
5684
5636
5719
5731
5657
5692
5549
5528
5583
5653
5626
5671
5649
5491
5574
5571
5604
5565
5617
5616
5582
5701
5656
5569
5525
5545
5700
5653
5736
5797
5849
5833
5785
5864
5934
5825
5680
5624
5605
5547
5498
5535
5658
5697
5771
5798
5931
5980
6180
6021
6057
6139
6228
6199
6239
6252
6314
6304
6382
6557
6494
6497
6404
6444
6535
6419
6328
6299
6296
6311
6305
6224
6323
6307
6440
6388
6419
6418
6385
6265
6253
6126
6156
6122
6009
5899
5930
5886
5850
5799
5707
5727
5796
5808
5691
5774
5804
5938
5887
5748
5788
5917
5992
5937
5902
5820
5912
5842
5819
5849
5796
5774
5821
5816
5795
5814
5813
5752
5729
5717
5708
5835
5846
5774
5785
5858
5896
5920
5941
5992
6101
6115
6189
6253
6304
6249
6245
6355
6395
6459
6449
6466
6426
6334
6294
6334
6339
6398
6324
6455
6576
6483
6495
6537
6442
6366
6311
6290
6272
6199
6171
6223
6190
6184
5949
5948
5989
5982
6094
6255
6311
6407
6528
6511
6460
6488
6362
6320
6195
6132
5969
5859
5720
5616
5650
5793
5887
5833
5706
5850
5894
5819
5907
5825
5833
5817
5753
5744
5678
5657
5535
5519
5503
5517
5474
5499
5538
5452
5435
5595
5573
5711
5807
5818
5739
5763
5788
