505000
200144
142005
111460
92563
79155
69237
62163
56404
51359
47561
44205
41657
39256
36889
35070
33622
32334
30862
29277
28077
26912
25637
24747
23856
23056
22323
21685
21141
20580
19944
19540
19072
18584
18057
17559
17102
16797
16461
16064
16128
16024
16052
15532
15341
15237
15007
15031
14819
14510
14175
13788
13562
13274
13173
13150
13045
12800
12598
12314
12359
11986
11711
11441
11306
11208
11091
11084
10819
10955
10696
10637
10476
10435
10401
10067
9829
9725
9591
9345
9248
9200
9313
9186
9108
9187
9032
9074
9158
9251
9434
9280
9313
9213
9152
9236
8939
8962
8850
8826
8666
8651
8627
8601
8704
8708
8617
8364
8323
8445
8348
8483
8297
8389
8304
8184
8075
7945
7863
7868
7902
7824
7792
7812
7582
7533
7293
7281
7163
7143
7135
7106
7029
7003
7029
6940
6860
6812
6786
6644
6723
6822
6722
6698
6534
6483
6475
6447
6578
6403
6341
6157
6165
6205
6050
6090
6134
6077
6130
6083
6048
6043
5890
5984
5921
5935
5926
5951
6133
6106
6138
6127
6153
6034
5943
5954
6015
6053
6058
5949
5898
5925
5780
5714
5713
5694
5664
5568
5560
5572
5585
5599
5554
5514
5602
5593
5633
5699
5765
5685
5615
5640
5654
5559
5616
5576
5552
5494
5434
5525
5563
5532
5580
5621
5486
5412
5408
5370
5277
5296
5450
5366
5376
5484
5585
5485
5513
5280
5358
5369
5457
5233
5116
5110
5157
5085
5245
5282
5381
5416
5569
5551
5589
5594
5627
5619
5681
5791
5854
5778
5846
5856
5917
5922
5874
5888
5848
5866
5863
5944
5905
5834
5899
5892
5829
5853
5930
5803
5731
5724
5672
5911
5984
5889
5810
5851
5691
5749
5748
5757
5701
5581
5599
5634
5697
5791
5734
5648
5719
5717
5815
5801
5894
5980
5973
6033
5961
6166
6315
6213
6220
6105
6222
6218
6364
6359
6138
6160
6189
6179
6182
6116
6207
6100
6159
6066
6005
6037
6073
6126
6167
6208
6067
6090
6067
6013
6100
6020
6096
6137
6156
6055
6098
6071
6108
6069
6092
6172
6176
6292
6327
6307
6319
6289
6358
6472
6531
6529
6672
6718
6665
6732
6600
6743
6630
6679
6646
6557
6472
6557
6563
6707
6690
6754
6726
6719
6640
6426
6365
6442
6453
6323
6213
6147
6000
6016
6079
6237
6237
6286
6154
5973
5922
6012
5960
5934
6000
6025
6031
5981
5934
5761
5700
5804
5825
5667
5655
5513
5733
5802
5675
5670
5613
5559
5546
5471
5506
5472
5535
5483
5459
5335
5396
5432
5677
5655
5759
5735
5694
5655
5801
5802
5885
5879
5849
5796
5725
5676
5625
5516
5645
5600
5752
5744
5710
5683
5782
5806
5742
5721
5616
5530
5508
5361
5412
5462
5457
5337
5232
5135
5231
5171
5196
5051
5018
5057
5062
5076
5063
5133
5221
5228
5261
5124
5127
5141
5287
5282
5216
5221
5332
5302
5270
5323
5254
5241
5164
5082
5109
5194
5136
5024
5066
4984
4829
4849
4863
4932
4887
4836
4795
4864
4856
4909
4902
4918
4971
5017
5000
4998
4986
5044
5068
5185
5191
5110
5124
4980
5140
5047
5156
5077
5069
5161
5267
5265
5301
5285
5419
5455
5432
5484
5431
5470
5580
5579
5523
5567
5594
5577
5666
5708
5719
5897
6012
5895
5852
5771
5813
5772
5834
5725
5740
5755
5835
5841
5739
5778
5795
5754
5824
5791
5647
5564
5585
5516
5413
5357
5291
5292
5249
5218
5241
5228
5235
5293
5323
5317
5327
5392
5332
5362
5299
5320
5433
5478
5549
5488
5629
5609
5544
5448
5394
5297
5194
5203
5207
5284
5308
5317
5373
5437
5379
5426
5383
5404
5342
5372
5320
5216
5207
5287
5283
5332
5330
5382
5320
5246
5221
5302
5320
5306
5320
5312
5147
5139
5153
5228
5237
5323
5359
5459
5519
5444
5404
5413
5489
5515
5498
5530
5571
5617
5493
5409
5495
5400
5492
5504
5521
5652
5667
5713
5619
5753
5716
5796
5892
5923
5976
6033
6015
6136
6035
6023
6037
6055
6014
5858
5878
5946
6133
6226
6169
6158
6081
6143
6143
6136
6146
6152
6068
5972
5941
5885
5998
5935
5934
6001
5997
6009
6027
6081
6070
6163
6030
6017
6023
6053
6006
5998
5896
5850
5822
5836
5827
5793
5927
5735
5716
5761
5956
6070
5994
5951
5926
6022
5980
5969
5923
6030
6041
5965
5911
5915
5860
5789
5787
5787
5660
5685
5658
5732
5696
5545
5428
5297
5223
5199
5213
5201
5388
5382
5520
5506
5664
5737
5663
5630
5661
5649
5662
5566
5646
5546
5556
5655
5699
5718
5708
5773
5869
5856
6016
6019
5952
5951
5832
5901
5779
5771
5648
5623
5672
5668
5569
5645
5626
5482
5448
5402
5470
5496
5541
5595
5606
5693
5617
5518
5601
5580
5627
5766
5886
5739
5742
5807
5849
5948
5960
5876
5838
5805
5856
5743
5752
5804
5888
5903
5814
5854
5886
5912
5947
5866
5823
6022
6001
6044
6075
6061
6044
6063
6096
6120
6226
6109
6168
6192
6229
6198
6202
6243
6211
6192
6344
6263
6251
6095
6184
6184
6237
6251
6285
6304
6245
6354
6368
6280
6249
6283
6149
6105
6042
6040
5935
5990
6006
6005
5934
5964
5925
5869
5774
5822
5854
5882
5885
5722
5728
5736
5695
5687
5683
5653
5609
5622
5634
5561
5723
5774
5744
5724
5777
5595
5558
5557
5573
5519
5507
5447
5295
5276
5208
5231
5252
5277
5331
5345
5282
5353
5333
5357
5417
5427
5398
5439
5537
5481
5461
5532
5576
5641
5570
5482
5513
5474
5478
5508
5606
5718
5729
5696
5855
5917
5952
5875
5856
5957
5898
5979
5898
5938
5900
5803
5779
5814
5865
5916
5961
5912
5898
5961
6076
6024
6027
5997
5806
5781
5737
5711
5820
5800
5772
5703
5755
5746
5721
5670
5649
5655
5619
5637
5802
5831
5934
5944
5987
6033
5991
6023
6037
5932
5905
5905
5909
5966
5775
5834
5809
5907
5939
6145
6071
6037
6025
6065
5984
6060
5921
5896
5862
5693
5661
5805
5815
5834
5941
5928
5905
5777
5886
5885
5742
5804
5823
5875
5936
5920
5980
5958
5973
5951
5998
6089
6076
5998
6087
6080
6087
6132
5968
5832
5750
5786
5847
5807
5908
5806
5934
5975
6017
5987
5931
5860
5806
5825
5932
5992
5954
6095
6076
5928
5966
5978
6119
6052
6121
6060
6255
6163
6049
6163
6082
5995
5997
5992
6010
6156
6147
6107
6214
6241
6193
6236
6243
6252
6276
6315
6240
6236
6131
6101
6118
6118
5966
6125
6092
5897
5890
5879
6019
5848
5995
5966
6021
6032
6136
6080
6088
6078
6177
6107
5983
5942
5943
5938
5957
5971
6117
6120
6288
6277
6296
6319
6411
6381
6439
6359
6320
6275
6033
6059
6191
6324
6369
6432
6527
6662
6664
6645
6501
6453
6516
6457
6288
6210
6162
6165
6213
6200
6097
6037
5929
5886
5912
5818
5985
6084
6150
6148
6116
5980
6113
6059
6055
6115
6121
6082
6042
6002
5998
6002
5919
5967
5957
5936
6005
5940
5839
5824
5831
5783
5766
5672
5655
5785
5914
5966
5942
5999
5945
5902
5812
5812
5788
5694
5572
5473
5436
5551
5390
5298
5342
5392
5405
5293
5262
5226
5145
5265
5278
5319
5328
5427
5384
5207
5332
5250
5113
5178
5263
5247
5197
5151
5306
5344
5257
5275
5218
5180
5254
5268
5355
5391
5507
5559
5617
5611
5556
5415
5420
5415
5480
5522
5502
5352
5347
5440
5404
5395
5377
5330
5387
5466
5333
5307
5246
5305
5357
5348
5330
5230
5350
5467
5449
5461
5401
5530
5503
5463
5376
5351
5427
5478
5607
5700
5724
5669
5591
5670
5632
5688
5693
5623
5529
5527
5656
5643
5579
5662
5677
5644
5598
5703
5723
5692
5747
5703
5768
5665
5515
5422
5454
5478
5554
5491
5521
5518
5449
5460
5547
5659
5562
5569
5564
5643
5683
5759
5730
5711
5772
5769
5798
5770
5682
5746
5664
5716
5737
5715
5701
5692
5787
5658
5631
5721
5734
5900
5785
5648
5752
5687
5652
5770
5648
5644
5580
5489
5514
5721
5763
5812
5811
5756
5743
5838
5906
6045
6024
5989
6070
6015
6044
6135
6125
6220
6218
6323
6250
6203
6116
6058
6025
5992
6061
5865
5936
6068
5989
5859
5929
5883
5855
5704
5785
5748
5723
5662
5852
5858
5893
5924
5756
5621
5745
5782
5797
5819
5773
5759
5628
5645
5740
5708
5726
5817
5839
5878
5804
5985
5975
5977
6013
5917
5939
5944
5920
5925
5878
5910
5864
6058
5991
6075
6156
6136
6100
6158
6126
6007
5843
5834
5914
5949
5938
5816
5716
5786
5773
5819
5779
5747
5655
5614
5535
5605
5488
5479
5485
5403
5342
5407
5448
5448
5425
5361
5391
5311
5300
5233
5226
5264
5214
5117
5192
5140
5229
5217
5245
5258
5204
5187
5142
5091
5028
5145
5143
5308
5344
5495
5567
5470
5537
5428
5359
5276
5340
5133
5147
5168
5202
5259
5299
5359
5427
5590
5612
5541
5393
5358
5340
5338
5368
5506
5458
5520
5390
5373
5245
5343
5397
5340
5223
5309
5408
5322
5442
5476
5606
5545
5605
5604
5596
5643
5780
5776
5772
5691
5795
5758
5725
5783
5726
5654
5637
5719
5688
5590
5668
5623
5664
5686
5675
5812
5833
5861
5920
5884
5984
5969
5905
5793
5892
5948
5936
6090
6111
6197
6313
6244
6233
6265
6310
6357
6298
6137
6178
6168
6283
6236
6102
6192
6135
6147
6099
6183
6064
6184
6313
6164
6209
6237
6243
6180
6120
6177
6225
6384
6439
6487
6485
6713
6669
6507
6347
6278
6183
6165
6089
6111
6077
6064
5962
5944
6158
5977
6001
5883
5814
5861
5819
5798
5779
5683
5654
5537
5600
5561
5581
5554
5446
5515
5495
5383
5332
5259
5307
5362
5372
5393
5416
5321
5285
5358
5345
5368
5294
5355
5337
5393
5320
5282
5289
5332
5313
5114
5162
5288
5157
5115
5018
4992
5067
5129
5040
5008
4894
4918
4996
5023
5091
4951
5106
5122
5125
5071
4951
4934
5004
4932
4872
4842
4859
4876
4874
4852
4884
4917
4755
4794
4789
4888
4926
5009
5021
5091
5176
5221
5064
5111
5094
5146
5077
5151
5144
5235
5235
5191
5166
5123
5235
5287
5263
5233
5278
5172
5257
5135
5142
5163
5063
5022
5031
5061
5003
5037
4975
4953
4927
5019
5121
5235
5248
5202
5202
5178
5196
5173
5219
5129
5277
5381
5210
5229
5225
5224
5244
5130
5196
5133
5171
5098
5126
5108
5173
5268
5223
5268
5260
5293
5356
5394
5435
5491
5491
5504
5546
5518
5453
5456
5500
5354
5379
5312
5328
5280
5283
5300
5277
5362
5455
5438
5531
5562
5658
5613
5622
5638
5542
5589
5582
5452
5541
5560
5609
5749
5709
5617
5623
5518
5501
5428
5497
5319
5295
5293
5288
5327
5277
5309
5255
5301
5347
5555
5472
5494
5390
5446
5386
5427
5371
5397
5358
5379
5353
5302
5382
5418
5370
5342
5264
5302
5295
5228
5119
5060
5067
5153
5148
5092
4951
5018
5035
5131
5137
5121
5076
5066
5062
5128
5066
5015
5000
4986
5004
5035
4998
4855
4910
4963
5062
5114
5144
5228
5307
5300
5186
5131
5168
5208
5316
5315
5457
5390
5423
5477
5473
5500
5480
5518
5576
5513
5628
5724
5768
5751
5759
5821
5803
5857
5899
5984
6075
5961
6049
6003
5984
6079
6052
6111
5977
5974
5911
5886
6036
6092
6298
6429
6285
6325
6435
6425
6374
6411
6300
6230
6118
6160
6084
6045
5898
5747
5713
5661
5623
5796
5760
5864
5811
5806
5766
5778
5732
5707
5670
5610
5656
5701
5567
5710
5711
5559
5573
5483
5468
5542
5481
5457
5429
5509
5548
5586
5678
5508
5452
5400
5360
5332
5352
5320
5365
5376
5383
5413
5470
5388
5388
5394
5466
5547
5516
5416
5404
5473
5436
5482
5591
5527
5604
5526
5469
5457
5468
5549
5478
5423
5449
5462
5272
5322
5371
5339
5293
5260
5291
5272
5251
5276
5245
5290
5263
5121
5155
5187
5128
4993
4841
4815
4907
4971
4967
5070
5135
5204
5235
5142
5042
4933
4866
4961
4851
4770
4806
4788
4745
4824
4838
4837
4831
4713
4764
4775
4796
4849
5031
5059
5014
5079
5117
5021
5115
5235
5257
5312
5353
5267
5289
5345
5471
5496
5521
5494
5549
5481
5519
5463
5418
5423
5362
5286
5271
5399
5267
5252
5259
5286
5220
5299
5217
5246
5282
5297
5207
5184
5213
5278
5280
5231
5191
5193
5326
5412
5292
5268
5331
5311
5240
5241
5167
5235
5154
5203
5130
5180
5162
5227
5235
5225
5168
5191
5222
5192
5174
5249
5183
5201
5225
5137
5152
5326
5420
5469
5491
5481
5430
5329
5370
5409
5400
5461
5412
5475
5508
5581
5630
5531
5629
5629
5592
5626
5730
5827
5888
5763
5830
5737
5718
5625
5564
5635
5497
5622
5718
5691
5607
5687
5666
5627
5673
5647
5660
5653
5825
5906
5933
5838
5882
5976
5967
5951
5958
5905
5894
5730
5651
5658
5719
5686
5598
5613
5582
5603
5572
5563
5453
5472
5439
5410
5310
5330
5311
5293
5261
5231
5179
5201
5251
5262
5199
5130
4954
4989
5018
4892
5012
5022
5040
5006
4971
4865
4859
4825
4728
4734
4751
4635
4664
4763
4714
4623
4704
4793
4792
4847
4710
4745
4796
4789
4827
4781
4695
4770
4769
4744
4808
4872
4927
5002
4992
5003
4997
4821
4956
4978
4981
5041
5038
4974
4943
4907
4963
5070
5129
5027
5021
5124
5112
5217
5310
5302
5237
5266
5319
5416
5294
5303
5368
5297
5280
5366
5363
5326
5324
5440
5387
5390
5392
5477
5413
5376
5504
5355
5388
5386
5510
5388
5455
5360
5493
5571
5633
5701
5920
5949
6010
6075
6068
6067
6026
6060
5892
5827
5706
5638
5689
5685
5690
5742
5824
5798
5681
5575
5526
5470
5587
5534
5466
5465
5449
5435
5364
5265
5364
5340
5337
5378
5442
5314
5209
5150
5120
5056
4991
4906
4835
4961
5010
5040
5092
5089
5214
5190
5162
5215
5168
5287
5209
5156
5049
5174
5279
5356
5375
5461
5509
5589
5556
5569
5510
5580
5606
5601
5666
5668
5581
5609
5490
5501
5405
5324
5234
5252
5148
5169
5101
5106
5129
5155
5171
5212
5236
5251
5275
5188
5334
5319
5324
5257
5333
5485
5551
5485
5483
5432
5409
5425
5441
5443
5377
5429
5400
5312
5282
5253
5377
5257
5355
5285
5382
5276
5361
5453
5404
5475
5320
5316
5191
5279
5161
5281
5385
5407
5439
5425
5408
5399
5336
5270
5281
5321
5363
5384
5269
5199
5118
5164
5154
5203
5340
5477
5469
5501
5386
5451
5439
5417
5316
5296
5270
5367
5490
5485
5473
5508
5461
5487
5475
5474
5580
5446
5617
5565
5592
5549
5466
5384
5340
5380
5408
5367
5266
5085
5109
5166
5251
5289
5357
5364
5309
5295
5340
5329
5504
5443
5434
5373
5321
5296
5254
5275
5342
5333
5293
5351
5328
5222
5386
5348
5404
5516
5628
5683
5751
5759
5714
5742
5705
5807
5759
5730
5743
5783
5606
5639
5632
5649
5740
5601
5565
5590
5600
5644
5648
5728
5709
5688
5640
5617
5545
5537
5592
5606
5618
5560
5605
5649
5498
5609
5559
5582
5602
5608
5613
5670
5804
5809
5683
5590
5510
5507
5521
5547
5563
5603
5581
5673
5688
5760
5762
5787
5718
5818
5833
5858
5776
5770
5798
5931
5889
5721
5525
5458
5410
5395
5344
5395
5514
5542
5596
5598
5567
5681
5580
5684
5776
5726
5844
5869
5900
5921
5810
5701
5690
5803
5843
5876
5813
5698
5799
5677
5468
5440
5438
5530
5488
5533
5650
5566
5708
5693
5703
5620
5446
5573
5537
5621
5531
5469
5460
5456
5462
5451
5425
5457
5383
5266
5217
5257
5311
5347
5456
5360
5375
5347
5379
5422
5383
5299
5263
5251
5228
5196
5224
5228
5154
5146
5169
5316
5341
5401
5426
5556
5589
5702
5667
5689
5777
5824
5641
5637
5676
5670
5640
5526
5517
5480
5444
5474
5451
5389
5270
5252
5232
5224
5273
5248
5221
5288
5348
5404
5387
5300
5191
5223
5240
5261
5289
5351
5259
5260
5256
5331
5185
5235
5183
5194
5216
5177
5278
5191
5233
5160
5207
5105
5190
5291
5361
5425
5384
5408
5542
5460
5608
5626
5607
5495
5449
5369
5320
5359
5336
5272
5346
5329
5387
5396
5453
5402
5297
5317
5333
5254
5321
5315
5432
5403
5425
5340
5370
5403
5372
5479
5473
5416
5353
5293
5371
5273
5303
5305
5344
5331
5268
5254
5199
5173
5210
5169
5049
5211
5377
5454
5386
5583
5468
5411
5341
5419
5331
5345
5326
5399
5272
5247
5172
5115
5238
5198
5183
5068
5150
5155
5179
5171
5132
5134
5166
5219
5305
5320
5310
5299
5313
5287
5310
5265
5189
4992
5008
5051
5058
5132
5032
5092
5191
5238
5278
5133
5125
4995
5119
5101
5140
5215
5224
5209
5124
5226
5235
5215
5252
5214
5295
5293
5353
5305
5301
5284
5271
5219
5250
5420
5388
5417
5413
5427
5603
5585
5660
5717
5654
5733
5839
5833
5678
5650
5752
5663
5787
5807
5715
5845
5856
5867
5828
5758
5894
6020
5993
5954
5907
5939
5911
5782
5626
5612
5769
5694
5703
5785
5782
5789
5738
5525
5550
5580
5542
5509
5690
5641
5539
5414
5416
5255
5212
5203
5274
5227
5124
5221
5208
5202
5318
5280
5188
5219
5250
5370
5502
5614
5519
5405
5354
5453
5463
5518
5505
5466
5409
5471
5407
5385
5389
5516
5720
5552
5643
5728
5749
5801
5842
5785
5815
5916
5881
5880
5849
5669
5769
5649
5773
5804
5813
5731
5653
5607
5591
5587
5534
5593
5662
5717
5718
5784
5716
5795
6002
5998
6016
5982
6063
6137
6178
6203
6176
6276
6183
6213
6086
5908
5910
6006
6045
6087
6032
6064
6269
6111
6136
6062
6141
6294
6289
6296
6329
6375
6480
6540
6578
6516
6538
6597
6557
6563
6681
6636
6792
6793
6749
6641
6635
6585
6500
6519
6336
6366
6365
6418
6412
6410
6590
6722
6745
6739
6825
6736
6808
6904
6965
7004
7019
7026
6864
6708
6763
6707
6693
6546
6533
6499
6338
6054
6059
5957
5883
5909
5918
5934
5900
5881
5869
5854
5783
5814
5714
5809
5844
5891
5877
5797
5762
5795
5879
5766
5725
5766
5752
5791
5706
5674
5670
5756
5730
5794
5775
5872
5977
6000
5922
5789
5671
5494
5582
5724
5789
5705
5636
5660
5647
5584
5579
5586
5705
5672
5693
5746
5855
5757
5794
5850
5837
5832
6060
6103
6081
6099
6074
6053
5977
6089
5979
6007
6062
6095
6082
6079
6025
6018
6014
6002
6009
5985
5898
5805
5862
5938
5947
5974
6110
6137
6143
6036
5959
5971
5892
6006
6075
6049
5834
5862
5749
5866
5990
5977
5815
5850
5813
5789
5905
5839
5824
5794
5889
5846
5884
5944
5871
5808
5798
5751
5707
5588
5605
5645
5592
5610
5575
5523
5479
5470
5444
5425
5468
5560
5586
5499
5493
5354
5263
5395
5407
5418
5401
5412
5519
5386
5402
5506
5564
5474
5364
5406
5421
5654
5589
5620
5490
5434
5399
5492
5438
5383
5438
5523
5471
5509
5464
5386
5435
5449
5482
5534
5485
5527
5536
5629
5527
5475
5560
5506
5481
5381
5229
5262
5277
5391
5287
5203
5264
5330
5366
5433
5466
5452
5411
5513
5453
5517
5494
5454
5527
5475
5553
5517
5546
5565
5663
5674
5705
5821
5924
5916
5772
5918
5988
6019
5926
5958
5878
5908
5918
5820
5808
5655
5652
5623
5596
5543
5542
5552
5482
5393
5435
5350
5337
5234
5173
5195
5255
5275
5275
5377
5381
5360
5390
5415
5397
5399
5393
5427
5395
5365
5384
5393
5340
5260
5334
5350
5216
5165
5144
5002
4948
4912
4900
4835
4717
4699
4705
4770
4859
4847
4786
4748
4734
4720
4814
4860
4955
4920
4890
4855
4853
4922
4874
4812
4807
4761
4786
4748
4902
4916
5012
5019
4986
4884
4817
4792
4893
4883
4829
4888
4743
4763
4681
4704
4748
4833
4869
4890
4962
5033
5059
5078
5102
5205
5227
5179
5216
5285
5262
5361
5428
5310
5353
5389
5315
5306
5178
5245
5279
5207
5314
5350
5323
5326
5219
5269
5287
5415
5391
5568
5593
5619
5564
5579
5626
5659
5622
5612
5650
5682
5707
5671
5654
5531
5487
5471
5465
5534
5469
5596
5611
5583
5531
5567
5484
5554
5439
5508
5467
5493
5524
5661
5577
5624
5623
5574
5579
5603
5690
5812
5938
5867
5825
5847
5874
5902
5981
6053
6096
6221
6249
6277
6312
6195
6072
6135
6074
6108
6157
6212
6246
6303
6416
6399
6435
6346
6324
6198
6230
6273
6177
6201
6206
6189
6184
6107
6111
6018
5916
5817
5916
5795
5879
5913
5905
6006
5986
6046
6093
6222
6148
6133
6160
6012
5975
5897
5827
5737
5777
5608
5629
5653
5658
5726
5706
5687
5572
5767
5662
5695
5787
5703
5609
5627
5644
5713
5800
5709
5770
5709
5817
5727
5674
5631
5646
5650
5563
5660
5519
5500
5451
5463
5376
5403
5522
5669
5664
5746
5697
5831
5981
6055
6058
6016
5982
6062
6044
5982
5961
5958
5985
5946
5931
5957
5937
5967
5933
5974
5951
6083
5861
5859
5767
5838
5774
5720
5674
5741
5798
5669
5648
5739
5694
5782
5821
5982
5877
5875
5973
5842
6006
5920
5867
5893
5922
6016
5896
5767
5828
5691
5594
5500
5567
5675
5652
5628
5675
5581
5665
5856
5929
5910
5866
5816
5807
5952
6011
5987
6036
6076
6025
5989
6148
6152
6026
6120
6125
6013
5987
5896
5880
5884
5890
5877
5930
5957
5965
5975
5970
5977
6084
6088
5951
5931
6011
6086
6176
6200
6271
6335
6293
6114
6089
6251
6172
6089
5864
5872
5893
5823
5870
5874
5831
5876
5890
6052
6106
6140
6264
6107
6191
6194
6180
6165
6053
6244
6428
6354
6258
6287
6225
6089
6084
6056
6043
6056
6061
5981
5928
6073
6131
6203
6299
6365
6517
6421
6554
6526
6551
6586
6433
6436
6403
6389
6301
6256
6250
6198
6109
6183
6190
6262
6172
6108
6187
6202
6197
6052
6095
6153
6192
6153
6228
6155
6163
6118
6078
6013
6039
5983
5996
6039
6147
6123
6103
6102
6075
6097
6012
5994
5955
5967
5898
6007
6014
5984
5913
5894
5888
5840
5929
5895
5819
5774
5748
5752
5566
5496
5660
5602
5700
5678
5560
5610
5690
5917
5804
5740
5688
5726
5793
5772
5796
5822
5674
5636
5767
5955
5865
5883
5950
5853
6001
5944
5985
5929
6008
5904
5803
5674
5628
5651
5681
5744
5762
5777
5814
5864
5875
5786
5890
6033
6052
6169
6212
6218
6127
6234
6143
6102
6082
6154
5983
6088
6076
5961
5956
5934
5978
5962
5914
5918
5924
5931
5977
6067
6094
6150
6071
6071
6157
6252
6186
6165
6182
6209
6179
6189
6168
6164
6161
6113
6057
6068
6086
5991
5996
6069
6003
5953
5742
5728
5676
5692
5629
5760
5712
5712
5650
5621
5647
5655
5650
5581
5556
5549
5543
5586
5498
5739
5768
5748
5787
5720
5675
5629
5626
5570
5446
5453
5483
5433
5440
5433
5398
5471
5495
5392
5449
5489
5481
5416
5366
5383
5380
5334
5307
5291
5433
5370
5196
5294
5247
5370
5398
5404
5474
5374
5375
5252
5252
5309
5360
5305
5302
5316
5221
5326
5267
5299
5149
5246
5149
5053
4918
5006
5113
5103
4960
4928
4989
5041
5057
5161
5233
5207
5255
5330
5322
5343
5349
5453
5403
5351
5521
5555
5538
5481
5408
5335
5669
5665
5693
5599
5537
5481
5568
5582
5579
5491
5465
5441
5497
5488
5594
5606
5636
5607
5531
5643
5613
5565
5434
5485
5557
5615
5706
5625
5610
5632
5596
5648
5764
5743
5691
5679
5757
5838
5852
5937
5905
5976
5969
5996
6041
6018
6043
6119
6080
6080
6039
6071
6073
6159
6288
6262
6372
6321
6231
6160
6332
6286
6423
6405
6409
6505
6503
6537
6545
6487
6607
6551
6660
6604
6491
6501
6439
6476
6375
6341
6299
6267
6303
6259
6228
6249
6149
6200
6200
6117
6038
6089
6009
5944
5720
5704
5759
5627
5594
5537
5575
5510
5540
5449
5477
5532
5673
5722
5788
5689
5607
5631
5689
5698
5710
5797
5836
5735
5819
5807
5879
5829
5737
5737
5668
5700
5661
5606
5742
5846
5752
5736
5755
5850
5913
5961
6014
5956
5887
5906
5911
5936
5882
5982
5922
5832
5812
5870
5818
5764
5720
5883
6060
5931
5905
5724
5702
5744
5650
5726
5813
5669
5508
5518
5555
5567
5793
5689
5703
5609
5521
5502
5716
5759
5671
5690
5784
5832
5830
5918
5998
6108
6217
6205
6161
6185
6098
6177
6129
6119
6243
6154
6194
6075
5936
5897
5883
5818
5809
5731
5788
5972
5883
5899
5895
5897
5784
5725
5658
5752
5844
5816
5793
5775
5823
5937
5911
5978
5938
5961
5840
5845
5746
5757
5857
5718
5631
5430
5487
5458
5416
5592
5638
5664
5823
5808
5749
5788
5720
5810
5870
5896
5863
5884
5879
5786
5905
5852
5882
5871
5965
6009
5883
5984
5996
5965
5950
6017
6008
5988
6026
5898
5999
6012
6017
5811
5805
5699
5618
5683
5727
5633
5713
5651
5710
5771
5810
5831
5836
5914
5872
5977
5983
5950
6048
6083
6037
6147
6142
6181
6137
6210
6104
6035
5934
6020
6040
6147
6069
5920
6012
5990
5984
6068
6062
6036
6015
6114
6089
6142
6048
5981
6071
6135
6162
6091
5940
6038
6000
6032
6132
6069
6239
6347
6366
6365
6367
6392
6267
6254
6234
6176
6166
6106
6169
6113
6110
6028
6042
6122
6195
6207
6334
6366
6293
6270
6269
6215
6239
6180
6094
6147
6267
6168
6170
6167
6141
6293
6323
6342
6317
6272
6271
6214
6196
6132
6132
6125
6289
6195
6322
6336
6432
6470
6336
6421
6349
6300
6298
6157
6210
6159
6200
6268
6167
6116
6174
6154
6211
6130
6176
6164
6187
6299
6363
6461
6510
6449
6569
6544
6653
6692
6694
6769
6803
6684
6652
6624
6583
6605
6779
6690
6710
6688
6779
6731
6754
6664
6608
6615
6538
6535
6480
6545
6517
6640
6720
6661
6454
6378
6409
6508
6481
6547
6473
6542
6434
6464
6561
6538
6475
6478
6453
6391
6354
6448
6582
6635
6660
6630
6639
6674
6654
6734
6870
6749
6709
6674
6694
6760
6876
6834
6803
6841
6735
6842
6882
6922
6944
6977
7014
6988
6902
6853
7025
7019
7080
7001
6790
6674
6653
6573
6665
6790
6766
6667
6566
6659
6669
6699
6645
6728
6628
6603
6631
6625
6559
6545
6576
6498
6483
6420
6417
6403
6349
6438
6458
6440
6415
6486
6452
6532
6565
6669
6646
6438
6328
6182
6101
6074
6166
6092
6141
6142
6054
6026
6156
6076
5977
6091
6055
5967
5986
6070
6092
6192
6167
6265
6191
6107
6103
6150
6117
6043
6064
6007
5961
5887
5907
5819
5891
5914
5934
5965
5975
6054
6021
6091
6170
6187
6126
6064
6089
6132
6179
6228
6155
6082
6166
6267
6289
6288
6297
6359
6403
6455
6569
6589
6560
6322
6288
6342
6417
6390
6429
6438
6438
6408
6387
6644
6604
6681
6714
6598
6615
6693
6531
6542
6618
6698
6609
6579
6652
6649
6607
6646
6576
6420
6346
6307
6135
6134
6246
6121
6151
6200
6219
6319
6202
6266
6242
6219
6118
6098
6041
6045
6002
6001
6012
5969
5985
5828
5932
5877
5993
5926
5931
5919
5920
5984
5835
5724
5637
5599
5739
5672
5763
5666
5668
5746
5763
5659
5708
5726
5733
5718
5670
5632
5516
5501
5573
5650
5680
5635
5721
5695
5683
5599
5503
5549
5574
5642
5629
5541
5516
5469
5458
5598
5678
5600
5553
5532
5600
5631
5629
5601
5662
5527
5685
5691
5729
5641
5648
5522
5359
5332
5358
5404
5421
5414
5534
5454
5448
5502
5510
5454
5286
5327
5223
5100
5038
5091
5089
5055
5173
5171
5121
5066
5081
5063
5074
5057
5179
5145
5172
5248
5257
5213
5172
5210
5201
5235
5232
5184
5167
5159
5025
4952
4864
4874
4979
5090
5153
5149
5155
5122
5014
5060
5206
5270
5334
5250
5288
5372
5466
5488
5532
5595
5554
5508
5528
5598
5599
5585
5603
5652
5597
5510
5551
5451
5493
5554
5603
5536
5516
5410
5472
5558
5366
5399
5350
5320
5414
5426
5428
5511
5529
5453
5409
5404
5435
5489
5503
5682
5772
5667
5642
5568
5433
5481
5432
5386
5287
5268
5331
5286
5234
5229
5133
5182
5156
5249
5266
5272
5393
5291
5220
5136
5172
5176
5150
5103
5149
5009
5000
5073
5202
5249
5179
5250
5224
5104
5130
5084
4989
4995
5032
4915
4931
4983
4966
5024
4991
5059
5101
5102
5070
5027
4976
5000
5108
5001
5020
5100
5080
5017
4992
5008
4849
4899
4939
4987
5043
5013
5086
5068
5163
5177
5173
4999
4898
4875
4950
4974
4940
4860
4814
4740
4681
4660
4676
4713
4760
4853
4831
4738
4738
4740
4650
4606
4655
4755
4766
4786
4627
4693
4656
4572
4535
4558
4531
4549
4607
4640
4639
4550
4511
4512
4540
4572
4398
4401
4408
4266
4326
4341
4286
4362
4382
4309
4304
4314
4217
4342
4374
4348
4437
4520
4516
4489
4429
4383
4334
4321
4274
4367
4362
4318
4212
4169
4241
4160
4246
4311
4366
4462
4489
4332
4351
4332
4380
4490
4536
4601
4669
4668
4810
4814
4710
4706
4793
4786
4740
4687
4801
4820
4902
4963
4963
4989
4905
5056
5090
5109
5093
5115
5028
5064
5039
5149
5196
5187
5199
5170
5055
5059
5136
5261
5197
5314
5280
5068
5014
5146
5278
5402
5393
5544
5503
5455
5549
5615
5643
5710
5709
5626
5630
5496
5687
5691
5643
5704
5766
5756
5656
5645
5494
5518
5510
5623
5686
5700
5682
5770
5783
5811
5810
5844
5809
5848
5890
5932
5921
5921
5924
5895
5905
5843
5869
5796
5699
5730
5726
5770
5766
5824
5988
6056
6106
6160
6052
5900
5987
6032
5960
6075
6067
6028
5943
5956
5907
6078
6035
6023
6016
5991
6041
6005
6013
6087
6021
6019
6032
6125
6112
6012
5933
6019
5986
5952
5931
5927
5942
6023
6044
6091
6053
5985
5932
5837
5877
5832
5904
5776
5770
5790
5862
5983
5884
5889
5978
5962
5957
5900
5909
5933
5917
5748
5807
5786
5830
5917
5922
5774
5794
5729
5710
5745
5852
5698
5728
5676
5691
5752
5718
5672
5633
5651
5685
5754
5783
5799
5859
5819
5938
6007
6003
5918
5923
6058
6096
6122
6012
6120
6015
6004
6105
5975
5987
