505000
200630
142143
111707
92354
79462
69742
62251
56610
51878
47640
44162
41448
38823
36529
34495
33149
31620
30565
29047
27953
26978
26108
24850
24156
23413
22506
21962
21365
20762
20382
19983
19337
18870
18015
17854
17519
16856
16711
16285
15987
15678
15515
15322
15123
15207
14892
14772
14408
14152
13992
13883
13770
13693
13485
13294
13097
12906
12668
12464
12394
12108
11897
11886
11849
11665
11560
11499
11317
11142
10870
10580
10494
10526
10555
10504
10479
10527
10349
10375
10110
10267
10114
9951
9796
9710
9685
9548
9358
9405
9260
9065
8977
8945
8862
8905
8944
8954
8927
8891
8821
8871
8624
8583
8509
8325
8363
8324
8150
8207
7851
7872
7896
7809
7684
7723
7762
7657
7627
7545
7620
7597
7676
7798
7725
7719
7645
7766
7756
7655
7486
7499
7480
7390
7391
7429
7447
7449
7303
7271
7204
7204
7303
7209
7380
7344
7242
7170
7177
7082
7037
6995
6885
6923
6855
6880
6909
6878
6919
6837
6757
6808
6821
6846
6793
6727
6739
6622
6653
6467
6315
6376
6395
6441
6421
6423
6306
6108
6129
6138
6177
6315
6379
6366
6513
6559
6560
6447
6548
6387
6465
6592
6584
6650
6453
6464
6421
6458
6433
6350
6299
6377
6330
6394
6264
6171
6224
6229
6152
6152
6121
6171
6038
6077
6095
6105
6118
6186
6186
6177
6230
6252
6334
6411
6241
6092
5944
5928
5917
5964
5924
5919
5864
5696
5625
5626
5534
5500
5466
5436
5387
5420
5350
5270
5272
5313
5301
5191
5231
5324
5472
5480
5508
5511
5528
5477
5473
5459
5547
5506
5610
5729
5833
5727
5761
5671
5623
5635
5632
5648
5445
5533
5544
5550
5376
5419
5271
5228
5172
5205
5230
5373
5446
5555
5610
5648
5661
5660
5711
5690
5695
5610
5681
5656
5739
5776
5735
5639
5606
5571
5629
5619
5531
5610
5719
5645
5638
5561
5527
5483
5455
5446
5470
5412
5339
5300
5300
5387
5422
5418
5460
5346
5428
5416
5422
5413
5379
5418
5327
5300
5322
5305
5194
5106
5152
5146
5211
5301
5407
5384
5373
5353
5454
5469
5513
5650
5690
5700
5685
5728
5724
5655
5685
5546
5411
5356
5263
5316
5245
5282
5222
5237
5244
5350
5183
5227
5228
5251
5192
5307
5231
5144
4952
4876
4747
4664
4806
4748
4755
4711
4742
4783
4743
4807
4877
5029
5045
5006
4928
5053
5037
5125
5159
5128
5045
5130
5103
5127
5311
5213
5097
5033
5041
5135
5072
5130
5193
5121
5049
4981
4974
4961
5105
5031
4964
5052
4995
4976
4927
4923
5010
5069
5025
5097
5025
5117
5141
5150
5091
5054
5093
5199
5304
5477
5294
5190
5202
5250
5211
5203
5259
5276
5263
5289
5279
5207
5275
5226
5223
5194
5170
5204
5216
5320
5435
5418
5444
5462
5324
5383
5330
5408
5511
5419
5463
5450
5500
5592
5676
5694
5756
5638
5592
5464
5446
5258
5425
5463
5441
5386
5309
5313
5334
5377
5477
5470
5428
5380
5412
5498
5572
5591
5664
5659
5468
5474
5495
5399
5376
5406
5472
5330
5396
5531
5590
5574
5523
5405
5386
5452
5475
5416
5385
5376
5310
5324
5431
5418
5399
5536
5642
5573
5503
5642
5601
5438
5430
5389
5344
5373
5351
5405
5512
5511
5439
5329
5298
5474
5581
5587
5409
5364
5329
5337
5375
5411
5441
5463
5529
5610
5620
5665
5689
5787
5873
5931
5839
5866
5890
5919
6106
5992
6103
6153
6167
6113
5970
5878
6038
5998
5944
6030
6122
6095
6103
6134
6112
6129
6078
6038
6006
6028
5986
5900
5911
5955
5833
5717
5753
5818
5888
5844
5891
5959
5988
5897
5912
5960
6084
6022
6215
6264
6188
6188
6101
6090
6007
5985
5985
5868
5824
5780
5865
5855
5844
5924
5897
6008
5991
5947
5970
5969
5883
5888
5932
6138
6079
5986
5993
6025
6008
6053
6120
6112
6086
6166
6215
6124
6217
6206
6179
6219
6211
6101
6007
5868
5933
5855
5789
5821
5876
5763
5774
5823
5812
5821
5610
5609
5752
5687
5657
5737
5868
5673
5857
5751
5735
5710
5751
5749
5691
5759
5844
5823
5776
5874
5732
5756
5591
5651
5732
5794
5875
5876
5859
5769
5691
5733
5751
5745
5684
5662
5579
5725
5766
5802
5826
5924
5820
5846
5873
5810
5878
5873
5822
5727
5696
5617
5631
5549
5591
5665
5715
5758
5952
5922
5929
6038
6038
5960
5959
5897
6005
6086
5980
5978
5994
5910
5979
5834
5828
5803
5704
5634
5573
5619
5581
5536
5578
5630
5623
5730
5624
5735
5708
5751
5809
5797
5745
5790
5717
5604
5517
5482
5508
5425
5452
5419
5380
5480
5420
5337
5292
5305
5231
5243
5288
5132
5188
5135
5171
5235
5158
5185
5263
5339
5341
5288
5276
5323
5343
5399
5461
5552
5524
5421
5458
5566
5625
5478
5515
5495
5444
5557
5750
5551
5374
5415
5370
5372
5380
5409
5325
5243
5169
5167
5147
5084
5152
5177
5197
5123
5216
5043
4983
5016
5095
5135
5139
5092
5198
5139
5176
5218
5122
5108
5123
5168
5248
5203
5187
5209
5157
5048
5098
4962
4915
4999
4996
5196
5177
5159
5095
5116
5038
5087
5169
5199
5217
5152
5018
5009
5051
5024
5115
5190
5315
5393
5335
5171
5046
5064
5008
5027
5152
5161
5068
5204
5198
5160
4958
4990
5073
5057
4988
5041
5104
5096
5063
5103
5026
5095
5064
4977
5002
4993
4846
4920
4931
4803
4878
4828
4780
4782
4803
4725
4623
4643
4688
4612
4658
4572
4485
4391
4361
4498
4474
4331
4490
4493
4525
4455
4467
4548
4648
4680
4528
4420
4481
4586
4567
4574
4479
4453
4473
4538
4555
4595
4643
4749
4854
4814
4784
4680
4689
4590
4604
4580
4498
4493
4373
4343
4182
4124
4071
4095
4120
4047
4056
3996
4002
4041
4161
4166
3999
3896
3895
3816
3815
3892
3830
3808
3895
3922
3900
3890
3881
3965
4090
4033
4067
4071
3986
4045
4055
4048
4078
3891
3965
3968
3991
3981
4014
4098
4129
4135
4215
4168
4239
4289
4299
4340
4362
4436
4433
4520
4545
4529
4592
4531
4527
4622
4584
4647
4657
4694
4690
4775
4825
4785
4783
4991
4994
5079
5109
5132
5186
5180
5170
5108
5172
5120
5208
5206
5290
5353
5325
5371
5260
5295
5160
5086
5157
5126
5112
5247
5226
5218
5231
5253
5230
5335
5343
5360
5316
5190
5143
5181
5272
5291
5356
5381
5282
5330
5213
5087
5120
5190
5382
5332
5491
5432
5352
5452
5367
5425
5513
5592
5431
5458
5551
5542
5559
5708
5647
5574
5566
5460
5585
5582
5653
5658
5751
5775
5816
5965
5930
5815
5844
5912
5952
5947
5901
5888
5817
5782
5827
5815
5768
5735
5696
5664
5679
5563
5475
5478
5459
5352
5278
5337
5281
5365
5355
5350
5315
5472
5442
5532
5591
5547
5494
5658
5598
5682
5688
5630
5575
5510
5589
5681
5616
5681
5647
5634
5658
5789
5768
5852
5799
5743
5782
5782
5733
5731
5532
5491
5427
5476
5499
5585
5590
5546
5526
5484
5484
5463
5489
5373
5385
5336
5283
5343
5322
5261
5272
5265
5262
5267
5423
5469
5401
5341
5229
5237
5286
5257
5245
5257
5238
5326
5345
5326
5361
5348
5300
5308
5406
5356
5411
5324
5210
5150
5220
5310
5228
5163
5085
4994
5134
5040
4989
4997
4973
5041
5175
5180
5064
4994
4839
4837
4845
4872
4776
4847
4806
4765
4831
4869
4912
4974
4908
4973
4863
4959
4997
5023
5036
5053
4924
4982
4943
4832
4836
4919
4859
4997
5045
5003
4959
4959
4974
4991
4930
4873
4885
4908
4984
5019
5052
5054
5052
5024
5062
5053
5116
4941
4812
4828
4842
4795
4860
4872
4997
4951
4928
4961
5034
4999
4976
4947
4891
4887
4857
4917
4956
4937
4886
4964
4976
5057
4936
4903
4899
5070
5020
5087
5046
5043
5115
5022
5070
5225
5220
5190
5108
5232
5269
5139
5094
5074
5114
5221
5218
5320
5448
5506
5522
5623
5621
5734
5692
5652
5628
5757
5736
5625
5670
5582
5579
5631
5684
5817
5889
5892
5758
5717
5808
5868
5745
5751
5885
5945
5860
5915
5992
5999
5933
5918
5857
5987
6182
6148
6093
6164
6206
6111
6122
6118
5942
5966
5875
5861
5831
5757
5812
5913
5990
6107
5880
5835
5517
5604
5567
5747
5734
5718
5795
5850
5742
5682
5635
5763
5676
5739
5773
5698
5645
5548
5499
5515
5383
5425
5304
5404
5459
5463
5627
5724
5603
5623
5656
5595
5435
5418
5565
5591
5611
5666
5756
5843
5794
5924
5977
6008
5928
5884
5819
5667
5735
5855
5873
5880
5847
5787
5785
5802
5726
5753
5857
5916
6001
5884
5873
5805
5670
5688
5721
5554
5623
5526
5513
5624
5629
5656
5682
5712
5752
5674
5743
5659
5541
5543
5537
5597
5509
5501
5439
5450
5453
5359
5230
5314
5250
5309
5353
5164
5128
5172
5180
5225
5159
5204
5139
5080
5067
5072
4995
4851
4862
4892
4915
4950
5023
4969
4933
4919
4902
4965
4988
4952
4936
4903
4972
4919
4927
4834
4987
5018
5010
5053
5090
5130
5040
5079
5225
5172
5082
5067
5123
5147
5174
5209
5244
5269
5347
5444
5459
5454
5427
5398
5345
5441
5558
5742
5668
5617
5630
5806
5763
5750
5717
5574
5555
5467
5493
5533
5555
5482
5508
5557
5530
5490
5487
5465
5432
5536
5553
5562
5587
5655
5564
5552
5683
5706
5663
5585
5526
5522
5471
5579
5562
5472
5427
5399
5310
5308
5276
5291
5240
5328
5273
5315
5388
5407
5293
5250
5155
5161
5024
4938
4939
4986
4976
4900
4932
4876
4847
4833
4731
4699
4651
4682
4713
4688
4780
4839
4880
4936
4987
5064
5148
5170
5170
5101
5036
5146
5083
5073
5153
5194
5170
5085
5117
5006
4944
5129
5071
5159
5218
5334
5283
5405
5489
5592
5690
5680
5723
5759
5907
5839
5848
5924
6001
5963
5980
6178
6230
6319
6188
6096
5876
5873
5690
5731
5789
5798
5870
5873
5895
6000
6033
5982
5909
5796
5744
5625
5720
5639
5616
5757
5726
5717
5718
5651
5741
5722
5537
5520
5580
5521
5443
5498
5527
5517
5561
5607
5632
5686
5661
5559
5450
5403
5428
5392
5447
5433
5392
5373
5417
5471
5469
5428
5582
5528
5590
5556
5514
5580
5622
5602
5616
5564
5565
5456
5568
5517
5610
5537
5516
5567
5562
5487
5493
5609
5537
5505
5459
5509
5554
5744
5657
5649
5645
5732
5710
5730
5757
5810
5818
5833
5922
5937
5863
5810
5768
5773
5712
5768
5824
5831
5868
5859
5974
5896
5970
5897
5891
5795
5790
5900
6000
5981
5855
5929
6007
6057
6108
6076
5963
5867
5694
5830
5918
5784
5687
5648
5617
5592
5611
5651
5394
5377
5363
5372
5447
5500
5526
5366
5418
5479
5545
5404
5432
5416
5269
5191
5202
5155
5137
5024
5075
5026
5134
5103
5101
5013
5013
4984
5088
5116
5145
5273
5267
5115
5014
5031
5077
5067
5038
5159
5018
4997
5056
5008
5094
5151
5250
5309
5331
5259
5229
5223
5310
5317
5424
5490
5489
5414
5369
5379
5373
5272
5159
5229
5120
5070
5131
5254
5199
5174
5156
5202
5147
5181
5093
5236
5218
5222
5124
5192
5163
4997
5021
4927
5101
5182
5070
5003
4946
4980
4995
5060
4976
4849
4880
4862
4883
4835
4744
4794
4754
4721
4648
4660
4683
4774
4749
4787
4823
4805
4968
4857
4866
5006
4915
4995
5006
5068
5068
5004
5033
5039
4993
5018
4979
4911
4780
4813
4879
4854
4754
4873
5112
5209
5221
5239
5215
5211
5273
5310
5360
5421
5366
5474
5459
5422
5394
5347
5441
5485
5499
5424
5399
5307
5321
5377
5388
5418
5435
5426
5433
5507
5467
5518
5638
5605
5594
5532
5676
5762
5846
5859
5892
5903
5906
5942
5844
5956
5983
5923
5882
5997
6067
6041
6028
6083
6167
6144
6028
6128
6050
6064
6146
6140
6360
6290
6337
6456
6481
6543
6636
6637
6600
6636
6764
6695
6669
6522
6404
6501
6397
6231
6258
6417
6540
6363
6395
6464
6427
6556
6446
6384
6493
6494
6431
6376
6340
6455
6395
6560
6457
6524
6522
6417
6338
6364
6335
6394
6475
6415
6456
6448
6351
6262
6357
6425
6373
6418
6493
6479
6522
6698
6811
6850
6728
6763
6742
6578
6683
6642
6776
6853
6865
6902
6798
6768
6655
6526
6640
6601
6575
6687
6612
6708
6837
6587
6634
6518
6465
6572
6597
6523
6569
6597
6598
6642
6631
6604
6684
6592
6502
6533
6520
6411
6543
6440
6584
6563
6553
6566
6425
6537
6499
6363
6253
6312
6418
6446
6440
6475
6424
6311
6279
6326
6342
6409
6432
6518
6518
6553
6523
6586
6612
6623
6736
6765
6729
6716
6619
6671
6728
6613
6552
6495
6536
6479
6495
6436
6418
6410
6417
6446
6392
6370
6285
6232
6183
6275
6285
6247
6091
6023
5913
5815
5821
5827
5947
6056
6113
6099
6134
6217
6212
6130
6166
6089
5988
6085
6142
6091
6122
6114
5950
5952
5938
6051
5982
5903
5932
6112
6119
6139
6135
6118
6178
6208
6214
6188
6087
6122
6160
6154
6092
6177
6117
6219
6255
6343
6318
6331
6310
6286
6299
6152
6087
6040
6108
6263
6321
6297
6171
6139
6129
6151
6214
6298
6268
6332
6472
6494
6519
6420
6398
6422
6369
6449
6404
6444
6416
6322
6148
6323
6341
6225
6255
6073
5992
5952
5944
5894
5727
5762
5705
5814
5917
5879
5927
5748
5768
5783
5744
5751
5714
5731
5677
5565
5456
5511
5606
5631
5705
5686
5803
5895
5802
5902
5931
5929
5860
5846
5862
5835
5805
5739
5759
5821
5898
5903
5844
5728
5711
5664
5572
5515
5438
5381
5517
5497
5435
5500
5689
5676
5766
5753
5858
5773
5874
5918
5943
5797
5721
5636
5726
5546
5457
5469
5566
5384
5344
5276
5340
5307
5273
5221
5271
5289
5401
5426
5322
5316
5290
5438
5508
5511
5435
5339
5261
5253
5171
5128
5159
5115
5139
4994
4971
4921
4895
4842
4859
4848
4843
4827
4838
4815
4899
4941
4946
4884
4920
4960
4879
4836
4808
4902
4943
4962
5025
5071
4955
4937
4916
5030
5049
4995
4953
5037
4960
4975
4881
4848
4797
4650
4612
4600
4657
4687
4810
4894
4912
4863
4877
4908
5001
4956
4929
4963
5081
5218
5165
5173
5097
5069
5102
5066
5143
5255
5250
5305
5301
5302
5232
5165
5248
5271
5293
5232
5262
5263
5292
5260
5372
5402
5462
5456
5438
5486
5500
5515
5620
5645
5627
5599
5601
5599
5573
5550
5447
5549
5534
5507
5447
5394
5313
5277
5191
5280
5376
5409
5613
5575
5598
5544
5447
5450
5508
5548
5491
5529
5556
5501
5518
5546
5592
5587
5681
5711
5621
5591
5462
5362
5332
5273
5239
5284
5273
5218
5215
5312
5316
5297
5268
5330
5451
5520
5507
5528
5524
5635
5637
5607
5717
5625
5779
5830
5907
5886
5903
5896
5833
5766
5698
5697
5695
5766
5734
5634
5634
5593
5581
5637
5607
5760
5936
5940
5921
5904
5901
5934
5887
5839
5955
5854
5839
5847
5835
5785
5747
5740
5605
5622
5521
5402
5446
5325
5365
5547
5473
5450
5443
5414
5394
5437
5368
5365
5313
5383
5388
5413
5389
5345
5477
5451
5446
5453
5470
5382
5352
5400
5405
5502
5565
5585
5564
5540
5586
5611
5633
5651
5566
5535
5406
5425
5443
5259
5165
5116
5076
5134
5231
5273
5243
5168
5233
5124
5159
5200
5196
5145
5037
5136
5199
5178
5250
5201
5197
5215
5184
5276
5330
5275
5289
5410
5366
5278
5189
5126
5159
5097
5143
5225
5209
5088
5045
5064
5030
4976
5025
5164
5229
5318
5279
5286
5351
5367
5356
5393
5406
5293
5446
5407
5521
5602
5572
5432
5398
5395
5406
5384
5376
5392
5366
5480
5448
5335
5431
5399
5367
5376
5432
5387
5273
5333
5337
5384
5377
5415
5347
5441
5306
5217
5090
5072
5058
5040
5011
5036
4992
4959
4959
4880
4925
5049
4999
5130
5114
5157
5113
5037
5022
5024
5062
5021
5067
5112
5163
5133
5147
5142
5181
5162
5221
5219
5125
5115
5163
5235
5289
5319
5286
5282
5208
5271
5441
5442
5470
5445
5299
5236
5147
5090
5070
5122
5071
5104
5133
5144
5071
4974
5036
5056
5035
5162
5193
5126
5224
5258
5213
5249
5317
5336
5401
5531
5581
5431
5385
5340
5461
5529
5358
5361
5364
5483
5573
5616
5636
5641
5632
5691
5700
5688
5680
5734
5670
5613
5627
5665
5575
5549
5545
5523
5369
5321
5309
5295
5184
5143
5192
5154
5041
5034
5150
5201
5247
5389
5428
5446
5456
5596
5661
5544
5531
5560
5567
5468
5389
5431
5357
5336
5462
5471
5547
5584
5361
5346
5419
5369
5331
5311
5278
5180
5154
5188
5183
5172
5236
5184
5290
5339
5284
5212
5265
5232
5184
5109
5181
5283
5294
5312
5363
5413
5340
5326
5242
5134
5154
5152
5046
5069
5097
5198
5186
5171
5149
5119
5107
4973
4941
4871
4772
4810
4735
4707
4612
4591
4510
4467
4453
4524
4468
4611
4630
4503
4518
4519
4661
4593
4510
4503
4552
4644
4623
4594
4551
4569
4496
4470
4469
4528
4548
4536
4610
4541
4503
4483
4506
4533
4483
4535
4530
4546
4580
4601
4709
4673
4647
4678
4616
4462
4514
4579
4679
4681
4731
4835
4862
4987
4993
5232
5186
5131
5033
5041
4987
5068
5182
5099
4981
4988
5071
5066
5035
5126
5180
5213
5185
5130
5179
5307
5240
5207
5171
5141
5224
5196
5223
5228
5182
5281
5349
5306
5285
5232
5221
5191
5151
5061
5050
4967
5003
5074
5121
5199
5233
5227
5198
5138
5203
5226
5285
5314
5251
5289
5244
5071
5028
5123
5101
5129
5110
5098
5114
5146
5143
5151
5268
5213
5259
5240
5365
5389
5511
5521
5614
5639
5603
5742
5730
5718
5767
5640
5586
5638
5646
5685
5614
5624
5535
5577
5607
5740
5741
5703
5722
5709
5792
5736
5800
5631
5512
5462
5484
5488
5569
5667
5591
5638
5646
5563
5650
5773
5793
5877
5959
5957
5995
6128
6168
6279
6222
6117
6048
6075
6069
6067
6155
6069
6016
5956
5861
5934
5939
5949
5950
5957
5902
5994
6033
5978
6013
5887
5719
5709
5850
5908
5947
6033
6028
6054
6020
6006
6036
5938
5930
5898
5770
5743
5742
5687
5681
5573
5577
5583
5496
5517
5389
5475
5440
5471
5471
5512
5594
5616
5729
5618
5668
5734
5730
5673
5760
5738
5716
5764
5769
5826
5784
5693
5762
5777
5669
5757
5844
5858
5808
5844
5696
5659
5593
5616
5610
5608
5825
5770
5676
5725
5889
6049
5983
5944
5862
5929
5885
5892
5831
5861
5794
5862
5965
5945
5889
5977
5939
5749
5717
5802
5768
5791
5748
5761
5755
5714
5716
5726
5678
5829
5666
5695
5715
5824
5925
5943
5836
5706
5780
5496
5394
5390
5441
5379
5288
5304
5308
5406
5416
5312
5293
5293
5384
5458
5566
5609
5696
5769
5739
5722
5651
5590
5608
5560
5465
5492
5488
5473
5471
5357
5324
5407
5381
5467
5509
5532
5595
5596
5442
5441
5367
5426
5449
5379
5297
5347
5411
5457
5459
5425
5444
5426
5365
5270
5225
5291
5384
5491
5530
5543
5639
5547
5509
5540
5604
5593
5479
5358
5438
5450
5472
5480
5650
5694
5802
5809
5731
5886
5805
5904
5954
5938
6059
6155
6083
5979
6039
6062
6101
5979
5928
5896
5932
5870
5897
5814
5760
5575
5631
5694
5547
5664
5632
5780
5928
5806
5768
5857
5933
6009
6003
6039
6180
6144
6130
6040
6168
6153
6205
6288
6224
6178
6193
6086
6111
6067
6052
6199
6221
6234
6212
6168
6115
6193
6187
6182
6149
6092
6086
6088
5949
5774
5706
5583
5614
5642
5714
5786
5627
5589
5614
5692
5741
5715
5736
5669
5681
5705
5937
5789
5690
5691
5753
5750
5578
5595
5542
5416
5455
5485
5475
5575
5579
5610
5539
5511
5552
5458
5355
5304
5330
5281
5325
5466
5398
5408
5492
5571
5614
5808
5675
5767
5719
5675
5635
5573
5552
5563
5722
5879
5966
5978
5986
5952
5968
6017
6054
5948
5823
5662
5660
5757
5823
5864
5795
5723
5696
5662
5623
5683
5679
5638
5613
5454
5483
5520
5543
5391
5426
5341
5352
5422
5270
5190
5194
5148
5072
5140
5268
5229
5347
5284
5192
5220
5266
5338
5414
5359
5373
5278
5360
5436
5340
5282
5319
5218
5196
5177
5137
5263
5304
5323
5354
5347
5274
5168
5227
5295
5356
5302
5320
5321
5338
5312
5307
5259
5117
5185
5073
4960
4991
4893
4993
4921
4851
4857
4834
4873
4890
4873
4917
4916
4814
4921
4973
4973
4925
5042
5025
4995
5017
5009
4897
4882
4925
4921
4921
5055
4982
4956
5071
5033
5035
5024
5100
5199
5106
5256
5359
5295
5250
5279
5235
5163
5235
5408
5426
5378
5341
5331
5398
5225
5204
5247
5261
5184
5242
5318
5293
5395
5404
5363
5451
5400
5331
5358
5390
5454
5474
5575
5592
5543
5625
5422
5471
5445
5349
5384
5230
5283
5316
5321
5203
5168
5214
5275
5334
5441
5319
5357
5273
5099
5167
5178
5189
5122
5198
5207
5105
5075
5145
5131
5192
5220
5214
5139
5225
5310
5237
5283
5375
5400
5374
5427
5487
5475
5491
5460
5525
5556
5492
5565
5589
5601
5626
5598
5550
5555
5593
5663
5592
5610
5619
5731
5759
5638
5657
5708
5742
5683
5536
5498
5443
5508
5591
5608
5580
5466
5596
5592
5600
5725
5825
5808
5850
5765
5805
5759
5776
5952
5950
5977
6016
6100
6109
5945
5973
5971
5987
5881
5886
6026
6008
5918
5752
5864
5913
5942
6076
6060
6001
5824
5866
5758
5811
5764
5764
5757
5629
5543
5610
5653
5570
5488
5375
5267
5361
5246
5171
5039
5014
4999
5050
5019
4982
4992
5018
5018
4894
4839
4775
4696
4756
4819
4840
4907
4985
5082
5161
5085
5203
5207
5164
5131
5137
5177
5112
5072
5074
5074
5034
4997
4929
4995
4940
4980
4974
4945
5038
5016
5026
5122
5158
5153
5092
5170
5261
5349
5213
5197
5230
5227
5108
5093
5217
5346
5303
5312
5268
5039
5100
5142
5125
5066
4880
4944
4997
5004
4916
4872
4869
4794
4905
4915
4881
4858
4865
4805
4890
5038
4937
5026
5068
5128
5243
5147
5120
5029
5128
5216
5120
5082
5126
5136
5136
5191
5113
5221
5157
5234
5136
5142
5112
5088
5140
5201
5312
5346
5429
5369
5373
5410
5518
5510
5486
5374
5390
5461
5502
5471
5470
5522
5581
5618
5552
5519
5619
5656
5750
5694
5538
5657
5645
5555
5580
5597
5663
5426
5427
5386
5441
5606
5662
5606
5574
5551
5541
5574
5631
5702
5699
5674
5673
5768
5756
5677
5735
5665
5738
5646
5693
5741
5759
5676
5688
5693
5682
5736
5609
5581
5733
5837
5745
5707
5751
5632
5649
5665
5506
5459
5432
5560
5483
5502
5508
5504
5419
5479
5452
5307
5170
5170
5192
5211
5096
5144
5126
4981
5060
5100
5058
5132
5248
5225
5133
5121
5070
5109
5117
5101
5099
4974
4972
4924
4948
4953
5046
5013
5118
5051
4956
4890
4951
4944
4847
4717
4659
4688
4770
4579
4708
4609
4536
4483
4559
4430
4334
4299
4267
4261
4303
4253
4202
4350
4393
4389
4430
4466
4524
4483
4537
4473
4441
4415
4383
4293
4292
4457
4428
4338
4321
4287
4264
4329
4364
4307
4283
4388
4355
4318
4245
4328
4343
4400
4258
4309
4329
4260
4315
4430
4545
4547
4611
4610
4615
4632
4567
4731
4713
4657
4660
4803
4911
5011
5056
5074
5075
5253
5302
5262
5239
5254
5230
5227
5214
5201
5245
5178
5176
5241
5191
5261
5382
5346
5378
5417
5516
5551
5522
5467
5499
5539
5579
5575
5446
5466
5388
5447
5484
5439
5516
5604
5690
5752
5603
5575
5645
5707
5711
5641
5582
5679
5812
5829
5902
5913
5895
5937
5875
5861
5863
5870
5912
5995
6014
6072
6155
6247
6261
6248
6248
6279
6216
6140
6167
6240
6336
6294
6215
6220
6231
6294
6267
6273
6365
6454
6407
6296
6442
6537
6453
6398
6527
6483
6619
6531
6448
6538
6448
6430
6316
6315
6345
6299
6211
6094
6188
6254
6295
6370
6377
6528
6568
6599
6627
6573
6485
6467
6393
6374
6383
6307
6210
6161
6201
6262
6170
6108
6142
6002
6059
6012
5975
5971
5976
5967
6040
5805
5701
5677
5680
5643
5590
5643
5561
5556
5499
5672
5687
5622
5512
5394
5344
5351
5469
5463
5436
5378
5317
5223
5260
5329
5330
5310
5465
5560
5660
5718
5715
5767
5809
5828
5867
5879
5864
5810
5864
5800
5919
5813
5753
5904
6029
6072
6084
5915
5771
5624
5666
5651
5695
5680
5554
5551
5577
5612
5611
5623
5712
5627
5602
5559
5467
5365
5402
5349
5246
5284
5335
5376
5329
5357
5276
5193
5262
5412
5459
5417
5378
5326
5430
5488
5540
5549
5678
5708
5800
5801
5805
5766
5774
5816
6044
5934
5898
5846
5809
5900
5854
5985
6061
6024
5962
5819
5816
5839
5795
5745
5711
5747
5746
5729
5807
5808
5810
5770
5748
5714
5687
5663
5663
5546
5528
5597
5684
5697
5676
5619
5536
5542
5511
5595
5568
5570
5562
5540
5550
5645
5636
5663
5633
5564
5611
5621
5732
5610
5666
5557
5422
5405
5477
5450
5289
5247
5181
5133
5111
5011
5076
5077
5089
5100
5038
4890
4801
4973
4980
5066
5116
5244
5227
5247
5219
5260
5367
5238
5158
5211
5214
5181
5268
5379
5392
5373
5441
5491
5540
5584
5593
5724
5727
5580
5681
5707
5604
5568
5592
5614
5607
5523
5560
5683
5758
5792
5887
5858
5922
5882
5817
5644
5622
5766
5717
5663
5610
5560
5536
5588
5554
5608
5591
5623
5699
5739
5821
5721
5801
5834
5801
5831
5832
5997
5984
6001
5941
5874
5920
6020
5921
5899
5988
6019
6013
6092
5954
6075
6091
6051
6022
5960
5868
5848
5799
5767
5793
5801
5680
5720
5774
5817
5812
5698
5587
5538
5604
5696
5757
5876
5824
5671
5587
5580
5453
5319
5378
5542
5616
5706
5711
5852
5817
5798
5871
5746
5643
5703
5608
5638
5698
5841
5855
5939
5992
6061
6158
6177
6154
6083
6087
6141
6136
6106
6074
6041
5948
6121
6146
6104
6199
6206
6167
6220
6281
6269
6127
6186
6160
6233
6340
6228
6179
6068
5983
6061
6044
5921
5890
5811
5768
5858
5712
5742
5536
5622
5502
5385
5416
5446
5457
5543
5486
5558
5609
5698
5709
5635
5558
5587
5518
5484
5432
5484
5475
5238
5164
5228
5153
5137
5105
5118
5126
5147
5210
5270
5178
5172
5203
5205
5227
5259
5149
5209
5365
5417
5499
5596
5552
5596
5573
5564
5581
5653
5725
5663
5656
5601
5493
5529
5600
5776
5717
5605
5585
5551
5580
5647
5663
5625
5504
5544
5702
5667
5751
5659
5761
5770
5809
5847
5811
5795
5825
5928
5952
5862
5892
5931
6027
6037
6145
6210
6268
6205
6152
6163
6049
6016
5993
6139
6325
6302
6516
6500
6460
6441
6470
6598
6584
6630
6643
6777
6710
6687
6691
6627
6556
6578
6677
6521
6486
6516
6520
6432
6466
6490
6367
6380
6398
6416
6294
6280
6237
6149
6191
6287
6109
6099
5993
5931
5989
5960
5861
5835
5806
5836
5909
5939
5959
5831
5882
5794
5783
5745
5941
6027
6004
5944
5949
5869
5740
5839
5907
5998
6049
5930
5851
5848
5790
5685
5616
5713
5698
5905
5921
5840
5794
5926
5964
5936
5879
5921
5845
5898
5988
6040
6090
5929
5742
5834
5792
5883
5869
5876
5962
5974
5984
5997
6045
6079
6107
6197
6166
6190
6235
6209
6158
6170
6082
6135
6179
6189
6178
6131
6241
6198
6261
6324
6324
6346
6275
6295
6247
6287
6344
6345
6351
6472
6417
6306
6189
6102
6104
6086
6159
6083
6027
6063
6001
6028
6058
5992
5981
5973
6043
5947
5929
5977
5868
5882
5829
5740
5589
5712
5684
5650
5559
5537
5466
5435
5465
5498
5381
5259
5284
5235
5242
5252
5227
5240
5303
5315
5390
5207
5175
5132
5030
5049
5023
4984
5022
4982
5006
5063
5018
5028
5028
4963
4870
4806
4889
4820
4872
4760
4760
4653
4596
4627
4679
4583
4611
4586
4695
4636
4624
4600
4673
4635
4545
4641
4624
4739
4686
4681
4680
4536
4620
4797
4724
4794
4712
4637
4578
4433
4488
4455
4478
4427
4323
4483
4436
4415
4424
4523
4558
4645
4611
4633
4594
4462
4400
4418
4452
4477
4568
4613
4676
4693
4755
4800
4773
4777
4750
4735
4810
4849
4849
4863
4916
4807
4809
4676
4713
4586
4544
4460
4506
4558
4554
4518
4601
4561
4620
4569
4625
4531
4526
4584
4595
4616
4507
4513
4453
4372
4249
4352
4359
4474
4398
4324
4276
4341
4335
4335
4358
4300
4266
4239
4232
4240
4303
4302
4345
4417
4348
4319
4335
4333
4403
4334
4375
4406
4267
4240
4197
4247
4253
4321
4356
4316
4347
4393
4363
4326
4438
4494
4563
4537
4578
4647
4688
4667
4651
4662
4772
4827
4793
4748
4882
4783
4752
4717
4781
4823
4783
4749
4772
4922
4863
4948
4896
4979
5033
5143
5124
5295
5317
5277
5111
5092
5171
5111
5125
5070
5050
5115
5099
5137
5174
5199
5240
5266
5191
5142
5116
5112
5266
5202
5330
5461
5489
5400
5368
5275
5219
5228
5233
5228
5302
5317
5362
5380
5510
5817
5824
5860
5805
5717
5621
5612
5563
5542
5505
5619
5744
5727
5746
5815
5856
5842
5838
5806
5925
5854
5863
5750
5787
5694
5503
5517
5543
5456
5370
5504
5412
5395
5421
5472
5480
5487
5618
5499
5586
5591
5690
5610
5666
5683
5578
5610
5586
5497
5505
5491
5475
5453
5583
5525
5418
5408
5473
5474
5606
5692
5844
5723
5758
5664
5740
5787
5860
5878
5874
5866
5852
5871
5825
5827
5865
5835
5890
5900
6027
6064
6061
6099
6131
6087
5970
5921
6050
6008
5873
5788
5852
5784
5769
5660
5786
5796
5692
5577
5567
5478
5424
5508
5489
5590
5564
5531
5560
5636
5663
5683
5537
5442
5439
5351
5313
5299
5334
5258
5294
5152
5193
5312
5206
5326
5279
5189
5168
5197
5243
5274
5272
5283
5265
5182
5148
5029
5140
5194
5057
5003
4990
5032
5093
5254
5341
5290
5210
5256
5356
5329
5308
5308
5358
5384
5495
5465
5499
5428
5320
5296
5283
5282
5394
5460
5551
5465
5368
5312
5389
5424
5529
5596
5590
5665
5624
