505000
199774
141912
110966
91833
78855
68851
61457
55962
51666
47758
44049
41519
39145
37244
35433
33550
32024
30728
29205
28151
26947
26215
25413
24510
23610
22884
22039
21507
21087
20456
19846
19283
18875
18297
17915
17637
17359
16973
16665
16359
15946
15710
15556
15257
14981
14652
14448
14264
14004
14059
13897
13568
13518
13302
13095
12935
12640
12343
12060
12128
11993
11829
11716
11537
11359
11221
11063
11076
10832
10972
10881
10878
10796
10637
10498
10526
10352
10259
10164
10200
10047
9939
9789
9865
9796
9680
9547
9318
9217
9141
9183
8965
8894
8802
8790
8722
8781
8851
8680
8681
8576
8700
8736
8832
8913
8731
8711
8775
8613
8527
8402
8271
8377
8342
8330
8402
8342
8255
8228
8256
8284
8351
8165
8128
8136
8317
8347
8237
8259
8131
8137
8055
8039
8147
8112
8006
7897
8036
7953
7923
8011
7977
7801
7781
7615
7620
7526
7441
7410
7423
7409
7403
7378
7343
7308
7197
7218
7223
7159
7196
7199
7209
7224
7268
7351
7476
7408
7571
7638
7632
7701
7739
7735
7805
7943
7976
7645
7512
7429
7336
7263
7202
7006
7087
6967
6885
6902
6942
6925
7065
7060
7118
7129
7141
7062
6988
6896
6927
6850
6759
6706
6695
6728
6718
6745
6847
6889
6883
6758
6895
6906
6743
6880
6913
7031
7031
6925
6770
6795
6884
6932
7046
7127
7124
7230
7335
7331
7356
7324
7235
7368
7398
7207
7164
7220
7183
7098
7236
7222
7043
7118
7109
7142
7187
7164
7226
7234
7295
7239
7296
7197
7156
6997
6818
6946
6950
6906
6916
6816
6873
6901
6888
6910
6789
6774
6809
6857
6862
6856
6854
6931
6963
6697
6646
6506
6508
6466
6441
6550
6560
6502
6342
6461
6419
6443
6415
6234
6348
6337
6274
6173
6203
5991
5974
6094
6151
6236
6311
6338
6387
6375
6319
6391
6210
6156
6361
6382
6284
6335
6328
6279
6329
6257
6152
6147
5974
5978
5888
5901
5888
5876
6048
6104
6116
6147
6056
6035
6092
6035
6072
6077
6087
6130
6275
6253
6237
6300
6364
6429
6407
6399
6353
6221
6188
6244
6217
6151
6248
6352
6352
6405
6301
6402
6415
6427
6219
6167
6097
6089
6064
6011
5925
5919
5872
5806
5692
5688
5752
5760
5837
5859
5937
6001
5882
5889
5809
5769
5812
5806
5749
5876
5837
5876
5844
5840
5877
5767
5768
5839
5752
5800
5730
5634
5526
5493
5587
5541
5727
5836
5827
6126
6155
6110
6080
6142
6230
6267
6324
6503
6565
6448
6385
6292
6301
6195
6003
5960
5802
5768
5827
5877
5834
5918
5953
5918
5905
5962
5990
5858
5810
5721
5701
5767
5706
5606
5591
5633
5588
5578
5666
5712
5781
5715
5626
5479
5495
5450
5485
5452
5418
5452
5379
5326
5379
5398
5457
5389
5369
5361
5425
5532
5459
5397
5358
5182
5263
5202
5184
5120
5113
5062
5074
5039
5138
5108
5160
5183
5292
5265
5272
5196
5063
4990
4876
4839
4794
4746
4772
4828
4901
4714
4688
4639
4626
4479
4456
4455
4542
4609
4604
4687
4733
4780
4762
4896
4860
4870
5022
5149
5231
5161
5163
5187
5162
5118
5224
5261
5244
5363
5436
5332
5477
5357
5402
5491
5472
5516
5395
5477
5363
5343
5380
5474
5544
5702
5799
5802
5774
5861
5723
5877
5737
5718
5744
5752
5645
5651
5638
5644
5541
5524
5447
5440
5338
5409
5440
5374
5487
5515
5438
5340
5200
5228
5191
5277
5344
5366
5293
5363
5390
5428
5385
5423
5293
5260
5318
5277
5249
5247
5152
5115
5076
5077
5023
5045
5026
5022
5010
4929
4945
5004
5028
5033
5060
5180
5175
5109
5114
5102
4990
5054
5123
5052
4984
4985
4996
4851
4902
4826
4916
4832
4833
4769
4762
4676
4697
4691
4741
4770
4792
4875
4754
4785
4848
4935
4973
4883
4927
4867
4847
4827
4904
4847
4863
4912
4960
4849
4859
4752
4790
4709
4797
4808
4763
4783
4592
4524
4514
4435
4528
4633
4602
4510
4439
4419
4429
4438
4433
4466
4561
4682
4764
4721
4697
4731
4743
4730
4718
4636
4549
4553
4501
4447
4476
4493
4551
4554
4632
4779
4800
4828
4957
4924
4945
4975
4984
5111
5321
5303
5323
5395
5538
5516
5482
5492
5498
5497
5585
5539
5598
5647
5634
5583
5490
5496
5473
5539
5438
5520
5452
5462
5377
5409
5324
5426
5322
5181
5198
5224
5242
5194
5290
5299
5488
5535
5582
5533
5586
5504
5596
5771
5759
5805
5756
5704
5728
5757
5693
5711
5741
5798
5862
5780
5820
5892
5858
5918
5966
5932
5849
5881
5932
5862
5892
5847
5863
5833
5888
5769
5674
5689
5801
5885
5816
5896
5908
5978
6025
6000
6057
6097
6224
6239
6244
6324
6431
6327
6285
6269
6339
6445
6544
6612
6685
6666
6596
6665
6751
6746
6649
6577
6690
6672
6757
6795
6912
7004
7069
7056
7109
7047
7145
7038
7023
6970
6960
6938
6920
6837
6704
6787
6844
6836
6798
6820
6757
6807
6850
6729
6721
6754
6664
6513
6441
6509
6571
6554
6646
6663
6669
6730
6634
6731
6620
6655
6554
6646
6607
6602
6508
6559
6522
6457
6582
6588
6427
6272
6384
6445
6438
6454
6538
6597
6625
6558
6639
6638
6595
6599
6603
6572
6392
6428
6502
6396
6246
6221
6199
6006
6013
5940
5862
5864
5847
5977
6006
6065
6093
5984
5976
6077
6035
5950
5974
5933
5883
5785
5798
5918
6032
5966
6031
5917
5878
5961
5806
5757
5733
5810
5810
5727
5721
5663
5611
5518
5613
5518
5495
5640
5547
5489
5362
5384
5375
5488
5459
5516
5365
5349
5363
5422
5338
5274
5266
5131
5119
5073
5013
5000
5086
5091
5115
5163
5083
5045
4973
5054
5071
5167
5205
5287
5271
5255
5353
5285
5193
5345
5312
5383
5274
5372
5466
5568
5624
5632
5473
5511
5449
5466
5421
5453
5486
5454
5627
5675
5648
5680
5655
5779
5723
5731
5760
5773
5794
5817
5855
5822
5791
5779
5810
5822
5905
5866
5754
5859
5920
5880
5954
5868
5827
5884
5975
5926
5905
5883
5891
5962
5936
5997
5991
6102
6046
6048
6051
6035
6000
6070
6194
6322
6144
6029
6002
5980
5903
6030
6043
6110
6174
6076
6048
6038
6008
6073
6121
5999
5989
5983
6000
5894
5855
5995
6098
6051
5946
6082
6122
6232
6118
6112
6190
6216
6227
6155
6263
6210
6348
6318
6240
6305
6188
6249
6354
6492
6590
6549
6567
6580
6702
6782
6862
6845
6860
6789
6802
6681
6783
6768
6646
6609
6651
6562
6438
6406
6429
6387
6410
6375
6356
6273
6479
6412
6320
6257
6265
6169
6282
6367
6283
6259
6373
6351
6326
6372
6306
6249
6113
6082
5851
5880
5880
5831
5891
5846
5951
5905
5918
6005
6106
6158
6194
6158
6086
6128
6172
6116
6116
6170
6156
6147
6079
6101
6016
5944
5917
5939
6147
6071
6032
6136
6080
6018
5982
6085
6209
6134
6210
6061
6009
6034
6047
6057
6112
6122
6124
6151
6184
6198
6069
5969
5857
5727
5628
5500
5544
5613
5633
5618
5582
5700
5653
5574
5649
5543
5607
5681
5797
5851
5806
5788
5751
5868
5757
5727
5848
5902
5786
5813
5761
5878
5870
6024
6049
5981
5936
6064
6125
6084
5995
6002
6063
6022
6024
6120
6229
6240
6127
6002
6051
5965
5998
5915
5804
5676
5706
5702
5616
5576
5693
5658
5665
5723
5747
5735
5754
5714
5617
5706
5621
5533
5505
5421
5502
5452
5304
5202
5193
5220
5242
5220
5160
5220
5168
5083
5122
5145
5178
5216
5210
5241
5170
5098
5085
5094
5084
5073
4957
4826
4825
4859
4940
5005
5076
4960
5020
5082
5095
5046
5044
5064
5068
4991
5094
5011
5038
5055
5044
5056
5153
5283
5352
5391
5370
5411
5392
5352
5318
5314
5283
5296
5338
5484
5498
5440
5528
5600
5680
5623
5557
5666
5690
5659
5564
5550
5514
5531
5438
5484
5498
5497
5504
5531
5569
5561
5585
5577
5628
5741
5768
5782
5798
5938
5826
5758
5878
5921
5900
5833
5754
5755
5883
5842
5960
5860
5716
5634
5573
5744
5573
5619
5607
5459
5514
5577
5664
5619
5747
5799
5739
5800
5593
5629
5607
5628
5611
5508
5491
5531
5544
5562
5551
5459
5449
5423
5501
5400
5449
5415
5497
5458
5339
5293
5356
5346
5412
5489
5571
5478
5394
5318
5256
5254
5152
5126
5043
5119
5138
5164
5215
5087
5140
5116
5151
5076
5080
5082
5047
5132
5226
5174
5151
5204
5150
5160
5168
5104
5145
5097
5081
5099
5079
5098
5154
5069
5066
4979
5045
5066
5118
5206
5153
5126
5160
5212
5236
5243
5310
5459
5462
5501
5539
5492
5409
5405
5459
5450
5421
5386
5362
5257
5214
5090
5000
5031
5128
5239
5327
5222
5279
5344
5332
5288
5266
5245
5282
5275
5240
5277
5204
5310
5338
5373
5477
5496
5547
5527
5484
5423
5325
5368
5276
5296
5326
5314
5309
5205
5357
5396
5524
5451
5411
5385
5375
5486
5412
5394
5331
5439
5407
5499
5522
5605
5626
5572
5582
5578
5568
5732
5712
5485
5462
5592
5706
5767
5814
5859
5892
5840
5823
5652
5692
5700
5630
5585
5528
5477
5466
5447
5440
5393
5367
5458
5467
5389
5267
5235
5304
5296
5179
5143
5017
5084
5052
5065
5083
5055
5091
5119
5238
5185
5185
5151
5047
5078
4941
4974
5028
5094
5104
5031
5132
5133
5173
5375
5245
5256
5234
5346
5429
5441
5461
5547
5558
5629
5569
5519
5389
5351
5386
5387
5383
5396
5447
5492
5544
5411
5344
5429
5489
5479
5547
5521
5440
5394
5498
5587
5703
5639
5705
5696
5696
5699
5670
5628
5587
5665
5613
5591
5741
5793
5747
5639
5578
5507
5498
5418
5508
5558
5566
5666
5712
5652
5643
5622
5610
5592
5696
5801
5808
5905
5826
5894
5860
5924
5834
5821
5927
5944
5858
5900
5854
5820
5845
5672
5700
5759
5756
5647
5503
5364
5409
5397
5371
5336
5326
5391
5379
5326
5352
5517
5432
5350
5391
5212
5254
5291
5323
5239
5228
5232
5251
5197
5319
5346
5347
5136
5173
5185
5396
5307
5178
5250
5266
5221
5121
5260
5270
5248
5323
5283
5309
5262
5326
5199
5151
5275
5211
5175
5218
5285
5239
5199
5200
5142
5044
4951
5039
5062
5086
5057
5067
5090
5152
5196
5255
5193
5180
5276
5334
5348
5438
5544
5538
5498
5500
5539
5582
5641
5718
5833
5709
5887
5924
5856
5908
5984
5997
6170
6185
6071
6017
5997
5989
5902
5816
5772
5757
5783
5868
5959
5960
5840
5771
5743
5699
5710
5713
5760
5888
5804
5819
5801
5773
5858
5782
5726
5600
5532
5502
5588
5612
5742
5729
5737
5673
5752
5739
5696
5750
5609
5640
5655
5707
5720
5713
5717
5644
5786
5866
5918
5981
5976
5847
5882
5870
5748
5775
5668
5638
5688
5797
5824
5783
5661
5568
5616
5532
5525
5390
5515
5573
5484
5448
5448
5449
5426
5412
5430
5439
5313
5421
5537
5624
5660
5697
5711
5626
5525
5516
5490
5570
5596
5603
5546
5496
5668
5700
5590
5770
5767
5767
5780
5867
5837
5719
5852
5885
5956
6037
6044
6089
6008
6020
6050
6055
6026
6020
6044
6167
6204
6161
6086
6036
6011
5924
6005
6084
5965
5899
5960
5910
5858
5919
5949
5870
5837
5826
5819
5848
5720
5821
5803
5761
5632
5658
5725
5683
5651
5662
5693
5643
5717
5687
5825
5780
5775
5770
5839
5703
5735
5696
5708
5681
5687
5725
5622
5655
5634
5546
5663
5762
5718
5683
5657
5694
5873
5783
5793
5668
5563
5588
5633
5630
5644
5609
5576
5639
5629
5558
5641
5690
5657
5635
5739
5640
5672
5629
5507
5549
5622
5747
5732
5721
5803
5782
5738
5620
5563
5629
5665
5474
5520
5427
5439
5609
5532
5495
5453
5537
5498
5617
5554
5505
5578
5590
5514
5528
5576
5574
5438
5452
5450
5575
5539
5612
5507
5521
5430
5379
5332
5374
5437
5443
5396
5286
5209
5226
5257
5194
5163
5161
5172
5071
5128
5129
5112
5077
5032
5098
5007
5032
5059
4928
4929
4993
5116
5191
5164
5156
5195
5223
5184
5195
5104
5201
5299
5288
5321
5298
5291
5369
5333
5310
5219
5274
5298
5143
5086
4974
5005
5093
5095
5184
5277
5324
5285
5370
5339
5123
5133
5157
5186
5232
5311
5340
5278
5419
5427
5444
5471
5490
5523
5677
5599
5624
5685
5649
5770
5927
5910
5936
5907
5908
6002
6024
6051
5925
5925
5937
5945
5925
6101
6046
6211
6278
6359
6217
6299
6295
6317
6256
6316
6335
6441
6542
6608
6485
6490
6612
6672
6610
6579
6457
6305
6342
6313
6296
6337
6352
6342
6380
6577
6538
6453
6385
6483
6430
6404
6419
6258
6237
6299
6216
6112
6051
5961
5962
6001
6062
6051
6057
5985
5900
5958
6015
6155
6104
6178
6247
6190
6112
6019
6049
5979
5922
5981
5909
5906
5905
5901
5863
5763
5750
5664
5732
5826
5764
5825
5860
5799
5836
5935
5971
6012
5972
5823
5801
5629
5620
5564
5676
5702
5729
5563
5679
5623
5697
5706
5664
5803
5843
5858
5953
5999
5847
5849
5828
5980
5999
5832
5754
5656
5574
5653
5655
5634
5695
5724
5634
5776
5877
5909
6012
6060
6183
6247
6103
6011
6057
5998
5949
5858
5815
5778
5725
5709
5705
5709
5737
5663
5692
5504
5550
5666
5788
5640
5623
5567
5563
5511
5437
5366
5254
5231
5342
5389
5388
5345
5375
5339
5277
5330
5371
5457
5377
5553
5593
5580
5509
5448
5518
5562
5517
5607
5725
5825
5837
5991
5972
5927
5885
5858
5846
5940
5910
5894
5984
5997
6123
6095
5994
5934
5971
5812
5787
5944
5976
5908
5855
5763
5786
5844
5907
5886
5843
5851
5908
5853
5870
5776
5925
5798
5870
5840
5888
5860
5898
5780
5715
5837
5901
6129
6220
6269
6175
5918
5914
5849
5841
5835
5834
5803
5834
5782
5761
5806
5724
5701
5649
5735
5836
5726
5780
5778
5766
5708
5483
5477
5336
5287
5255
5268
5252
5277
5307
5328
5384
5260
5205
5179
5252
5328
5256
5193
5230
5210
5096
5127
5232
5295
5298
5353
5381
5350
5391
5343
5424
5522
5562
5589
5588
5526
5573
5697
5803
5862
5950
5739
5688
5675
5909
5795
5857
5934
5799
5897
5889
5880
5938
5917
5816
5858
5817
5727
5799
5818
5777
5752
5642
5588
5698
5764
5896
5888
5861
5715
5847
5859
5789
5780
5855
5785
5828
5812
5780
5727
5769
5747
5726
5803
5969
5929
6108
6277
6243
6239
6222
6252
6195
6112
6100
6045
6023
5997
5988
6039
6028
6105
5986
5926
6045
6071
6075
6036
5956
5950
5870
5762
5755
5782
5920
5879
5895
5939
5989
5957
5961
5900
5941
5878
5752
5777
5721
5813
5811
5857
5783
5709
5675
5623
5672
5657
5636
5593
5602
5523
5592
5578
5563
5656
5650
5699
5697
5748
5723
5616
5680
5792
5823
5746
5765
5677
5542
5406
5364
5428
5436
5369
5351
5373
5443
5541
5544
5662
5718
5800
5933
5908
5861
5786
5810
5740
5608
5621
5591
5549
5580
5512
5529
5446
5408
5333
5303
5342
5359
5291
5271
5200
5152
5135
5107
5153
5211
5340
5198
5227
5363
5381
5308
5319
5364
5264
5302
5273
5289
5445
5442
5479
5464
5604
5612
5546
5540
5460
5428
5495
5287
5357
5435
5383
5348
5421
5457
5369
5282
5383
5418
5368
5282
5391
5356
5416
5457
5422
5455
5407
5438
5501
5433
5449
5500
5624
5706
5603
5585
5639
5675
5611
5628
5650
5702
5673
5730
5658
5623
5576
5644
5598
5696
5639
5615
5711
5653
5686
5665
5675
5560
5528
5454
5466
5404
5386
5501
5509
5600
5608
5677
5711
5816
5736
5676
5568
5584
5476
5551
5590
5725
5881
5697
5733
5609
5530
5620
5453
5541
5426
5481
5445
5557
5623
5472
5539
5456
5513
5577
5586
5610
5660
5674
5665
5742
5646
5545
5488
5469
5399
5499
5437
5381
5470
5518
5523
5483
5469
5483
5389
5463
5404
5515
5549
5586
5640
5617
5617
5771
5732
5842
5828
5785
5854
6013
6008
6070
6026
6042
6034
6050
5995
5970
6020
6052
6053
6163
6037
6034
6005
5941
5927
5870
6021
6150
6095
5967
5915
5891
5775
5723
5702
5795
5821
5816
5814
5819
5687
5614
5543
5499
5455
5375
5374
5330
5271
5317
5131
5067
4961
4982
4974
4993
4966
4987
5062
5125
5107
5007
5048
5086
5105
5085
5063
5071
5012
4942
4920
4947
4903
4972
4910
4836
4637
4613
4629
4639
4647
4728
4698
4807
4780
4951
4933
5052
5075
5144
5161
5224
5167
5187
5114
5023
5072
5231
5322
5363
5441
5466
5338
5286
5361
5381
5462
5452
5520
5501
5612
5675
5778
5805
5779
5743
5787
5786
5836
5768
5823
5875
5819
5738
5774
5738
5850
5987
5805
5850
5821
5715
5707
5737
5745
5750
5647
5672
5609
5609
5505
5455
5436
5374
5398
5432
5523
5393
5367
5487
5509
5423
5429
5448
5490
5439
5312
5303
5285
5267
5331
5341
5341
5296
5354
5381
5364
5507
5585
5620
5678
5628
5786
5712
5794
5786
5656
5768
5649
5605
5530
5427
5602
5644
5639
5883
6008
5947
5913
5890
5803
5941
6031
6059
6012
6014
5941
5862
5654
5686
5693
5664
5799
5712
5714
5651
5605
5670
5566
5487
5479
5476
5397
5485
5523
5722
5812
5896
5964
5948
5898
6034
6085
5933
5945
6033
6051
6026
6005
6023
5930
5920
5899
5855
5822
5728
5793
5847
5807
5717
5681
5671
5609
5545
5444
5436
5274
5346
5365
5432
5436
5457
5380
5465
5490
5526
5532
5564
5572
5589
5723
5795
5620
5728
5646
5598
5678
5715
5720
5692
5671
5678
5749
5831
5868
5726
5734
5761
5599
5689
5757
5613
5706
5698
5631
5589
5591
5674
5652
5714
5642
5655
5718
5688
5582
5612
5448
5474
5438
5414
5403
5396
5422
5367
5425
5442
5496
5474
5438
5497
5626
5594
5602
5664
5610
5599
5591
5752
5740
5599
5588
5468
5403
5546
5457
5491
5477
5543
5423
5531
5598
5512
5509
5600
5553
5575
5473
5489
5566
5689
5758
5691
5721
5800
5749
5722
5725
5751
5668
5618
5666
5715
5723
5779
5805
5781
5784
5884
5883
5740
5775
5759
5809
5833
5851
5948
5940
5940
6027
6005
6083
6051
5979
5862
5818
5845
5925
5843
5890
5789
5844
5844
5875
5859
5821
5771
5824
5818
5861
5740
5667
5726
5729
5655
5641
5520
5507
5465
5509
5578
5636
5761
5737
5772
5851
5860
5723
5739
5672
5666
5750
5724
5722
5673
5629
5672
5653
5654
5641
5607
5589
5621
5572
5570
5494
5562
5508
5460
5480
5448
5602
5582
5546
5609
5520
5582
5590
5648
5555
5592
5560
5494
5599
5690
5773
5760
5827
5789
5798
5883
6051
6158
6193
6263
6426
6271
6307
6311
6346
6293
6117
6121
6150
6201
6210
6211
6098
6185
6229
6153
6162
6169
6087
6048
6091
6117
6083
6132
6191
6371
6393
6360
6320
6333
6411
6349
6389
6366
6375
6368
6354
6446
6394
6378
6423
6523
6525
6487
6475
6366
6485
6626
6530
6591
6551
6468
6490
6448
6369
6344
6255
6431
6390
6269
6438
6331
6252
6315
6401
6528
6558
6602
6736
6724
6721
6681
6651
6558
6451
6449
6510
6412
6417
6522
6647
6721
6650
6636
6528
6606
6615
6596
6506
6412
6498
6567
6520
6529
6541
6524
6539
6534
6569
6553
6505
6630
6528
6549
6482
6453
6460
6466
6546
6566
6658
6612
6467
6476
6385
6327
6311
6235
6302
6353
6325
6279
6210
6263
6328
6345
6410
6473
6425
6382
6530
6626
6690
6667
6587
6484
6614
6694
6702
6735
6718
6826
6855
6680
6708
6641
6715
6558
6615
6762
6810
6696
6611
6675
6590
6579
6737
6678
6750
6887
6894
6841
6816
6722
6642
6581
6547
6560
6438
6462
6423
6517
6500
6435
6300
6188
6190
6121
6070
6037
6109
6090
6246
6219
6319
6271
6416
6491
6545
6437
6332
6330
6103
5961
5973
5846
5739
5857
5856
5782
5974
6045
6032
6065
6065
6108
5993
5980
5938
5887
5811
5697
5777
5887
5906
5941
5919
5739
5613
5682
5659
5615
5676
5688
5653
5772
5733
5717
5666
5695
5632
5708
5649
5569
5513
5490
5560
5514
5401
5365
5450
5435
5393
5373
5378
5385
5310
5379
5447
5445
5367
5307
5232
5116
5147
5145
5238
5095
5070
5135
5133
5066
5046
5038
5077
5083
5077
5024
5052
5037
4945
4851
4805
4997
5006
4964
4966
4880
4820
4753
4813
4903
4851
4880
4788
4797
4768
4784
4634
4711
4635
4607
4517
4494
4504
4525
4532
4462
4448
4356
4352
4364
4320
4322
4318
4387
4400
4402
4389
4424
4377
4376
4304
4377
4484
4530
4583
4611
4698
4637
4545
4519
4530
4491
4377
4406
4433
4483
4490
4591
4603
4589
4619
4516
4501
4429
4433
4466
4537
4489
4590
4594
4702
4745
4762
4686
4636
4684
4655
4765
4590
4621
4565
4534
4572
4617
4675
4600
4594
4570
4487
4406
4569
4679
4673
4639
4570
4509
4509
4517
4527
4454
4516
4541
4531
4482
4517
4557
4482
4633
4502
4596
4688
4792
4844
4898
5018
4930
4982
4977
4934
4965
4841
4941
4979
4958
5056
5084
5094
5039
4927
4982
4981
4912
5028
5120
5130
5212
5131
5186
5187
5228
5197
5240
5403
5388
5440
5393
5345
5449
5447
5420
5417
5458
5415
5324
5283
5189
5292
5318
5417
5309
5372
5404
5441
5535
5404
5474
5512
5510
5553
5595
5593
5576
5526
5490
5509
5460
5333
5341
5384
5434
5424
5408
5616
5588
5424
5511
5565
5725
5756
5599
5656
5716
5762
5798
5698
5502
5519
5467
5506
5461
5374
5284
5462
5334
5398
5472
5386
5455
5508
5503
5542
5501
5531
5569
5516
5556
5659
5825
5960
6210
6192
6260
6360
6278
6342
6339
6277
6194
6169
6162
6208
6315
6107
5950
6072
6153
6188
6134
6111
6125
6003
6008
5978
5906
5905
5750
5666
5626
5587
5546
5451
5406
5513
5461
5427
5410
5391
5376
5391
5351
5444
5423
5467
5543
5575
5398
5391
5361
5347
5386
5411
5416
5532
5427
5482
5560
5377
5490
5427
5325
5179
5157
5165
5293
5263
5344
5275
5302
5332
5476
5393
5289
5238
5229
5175
5286
5286
5315
5269
5374
5242
5300
5449
5460
5516
5452
5421
5477
5484
5416
5468
5312
5252
5233
5316
5285
5281
5371
5452
5450
5279
5258
5363
5465
5461
5564
5764
5748
5758
5691
5707
5585
5585
5625
5512
5503
5474
5491
5464
5427
5351
5435
5517
5503
5522
5395
5308
5209
5229
5223
5354
5215
5331
5272
5344
5288
5296
5223
5174
5142
5181
5203
5239
5156
5041
4942
4995
5002
4952
4968
4952
4793
4781
4731
4770
4780
4717
4702
4660
4615
4621
4527
4654
4586
4599
4643
4653
4546
4530
4558
4332
4221
4162
4173
4212
4186
4155
4227
4274
4361
4414
4379
4469
4603
4647
4678
4602
4600
4563
4626
4671
4781
4664
4615
4560
4526
4593
4635
4530
4521
4632
4622
4607
4732
4696
4666
4690
4736
4920
4915
4990
4870
4860
4881
4898
4836
4907
5053
5016
4971
4917
4829
4864
4914
5002
5076
5065
5065
4984
5011
5003
5002
4967
4973
4975
4906
4851
5023
5076
5121
5196
5084
5133
5165
5191
5202
5174
5172
5188
5162
5195
5297
5513
5446
5347
5332
5578
5539
5609
5648
5652
5449
5494
5669
5578
5544
5543
5501
5489
5649
5650
5637
5605
5651
5638
5598
5631
5599
5663
5634
5669
5668
5734
5693
5764
5892
5959
6000
5974
5943
5926
5867
5903
6098
6078
6208
6116
6289
6237
6359
6177
6232
6132
6151
6212
6169
6219
6220
6208
6210
6224
6285
6357
6342
6283
6249
6221
6353
6347
6165
6217
6202
6066
6076
6124
6229
6259
6291
6356
6463
6441
6378
6328
6217
6102
6053
6057
6054
5977
5977
5908
5880
6038
6123
6023
6015
6124
6310
6375
6408
6521
6634
6624
6596
6582
6547
6570
6768
6798
6790
6782
6825
6944
6871
6873
6903
6843
6735
6806
6741
6594
6679
6692
6592
6582
6470
6573
6599
6513
6549
6499
6459
6380
6460
6490
6444
6444
6469
6432
6576
6706
6692
6727
6605
6667
6783
6794
6867
6863
6995
6809
6904
6814
6866
6952
7116
7026
7028
6951
7000
6875
6888
7048
7012
6961
6905
6963
7067
6960
6852
7006
6986
6997
6893
6819
6810
6782
6736
6743
6844
6845
6725
6811
6870
6859
6720
6661
6622
6491
6509
6360
6338
6259
6032
6002
6091
5913
5945
5921
5973
6034
6088
6058
6123
6173
6084
6140
6040
5819
5706
5691
5677
5723
5680
5671
5665
5639
5692
5630
5622
5670
5702
5766
5668
5577
5522
5449
5339
5330
5420
5394
5461
5439
5441
5370
5361
5280
5284
5211
5209
5213
5407
5375
5481
5476
5481
5500
5566
5528
5491
5417
5516
5500
5369
5444
5545
5596
5577
5508
5464
5355
5392
5314
5298
5359
5390
5358
5278
5286
5389
5446
5471
5515
5575
5636
5686
5560
5563
5576
5597
5665
5648
5669
5670
5758
5682
5801
5772
5801
5916
5910
5934
5976
6013
6032
6165
6290
6409
6431
6322
6259
6218
6290
6312
6295
6244
6433
6452
6511
6404
6524
6405
6524
6454
6448
6387
6493
6566
6394
6539
6443
6366
6292
6349
6493
6529
6389
6306
6265
6184
6127
6057
6103
6049
6064
6040
6076
6099
6160
6169
6248
6132
6284
6339
6296
6214
6259
6469
6593
6612
6690
6726
6778
6764
6674
6716
6672
6826
6840
6879
6953
6955
6971
6960
6931
6930
6985
6907
6809
6843
6868
7009
6993
7037
7079
7160
7031
6907
6886
6853
6919
6961
7097
7089
7054
7161
7070
7152
7108
7118
7131
6998
6905
6909
6724
6691
6748
6842
7022
6891
6977
7077
7051
6960
6831
6689
6633
6507
6466
6441
6332
6415
6477
6392
6279
6313
6361
6307
6471
6454
6355
6338
6391
6469
6371
6237
6157
6088
6002
6082
6136
5963
6001
5978
5877
5873
5964
5883
5775
5782
5712
5741
5930
5872
5895
5859
5780
5859
5823
5852
5835
5776
5883
5882
6139
6252
6176
6236
6171
6071
6039
5980
5886
5936
5884
5937
5735
5743
5710
5720
5735
5787
5833
5844
5915
5923
5892
5889
5901
5983
6038
5999
5982
6101
5950
5919
5836
5740
5710
5696
5605
5632
5651
5579
5508
5614
5649
5697
5800
5854
5907
5987
5999
6094
6013
5899
5916
6096
6063
6153
6124
6190
6223
6201
6203
6265
6230
6213
6270
6169
6146
6097
6036
5973
5970
6013
5908
5796
5818
5928
5982
5943
5878
5854
5811
5978
6029
6119
6136
6142
6052
6015
6050
6116
6157
6295
6240
6294
6140
6120
5952
5949
5942
6060
6312
6304
6343
6364
6266
6221
6212
6320
6215
6346
6505
6456
6518
6591
6558
6587
6686
6771
6708
6697
6609
6517
6585
6509
6544
6453
6399
6520
6607
6515
6578
6481
6396
6361
6257
6352
6352
6206
6082
6003
6022
6104
6079
6029
6043
5950
6128
6009
6144
6149
6172
6284
6214
6383
6480
6424
6382
6410
6269
6237
6274
6358
6268
6189
6269
6103
6123
6258
6254
6352
6306
6254
6227
6213
6274
6193
6315
6304
6262
6219
6263
6214
6196
6291
6178
6116
6103
6127
6093
5978
6146
6155
6117
6143
6097
6114
6090
6019
6030
5987
5931
5772
5681
5623
5698
5756
5814
5913
5952
5941
6151
6194
6336
6363
6344
6313
6354
6404
6315
6399
6416
6450
6570
6545
6533
6550
6515
6564
6589
6550
6546
6547
6394
6317
6280
6194
6259
6272
6161
6017
5946
6003
6117
6119
6146
6322
6261
6237
6245
6214
6224
6273
6343
6340
6354
6371
6393
6467
6498
6431
6413
6373
6446
6494
6550
6556
6506
6368
6313
6334
6387
6273
6130
6019
6022
5900
5818
5798
5849
5949
5976
6179
6180
6077
6096
6036
6168
6114
6193
6167
6243
6154
6040
6101
6139
6192
6310
6277
6295
6248
6222
6190
6094
6301
6294
6288
6271
6179
6202
6256
6093
5944
5886
5859
5904
5804
5829
5858
5839
6000
6042
6071
6193
6068
6112
6279
6215
6099
6172
6087
6140
6056
6063
6182
6247
6265
6216
6060
5865
5854
5870
5872
5890
5937
5973
6060
6099
6082
6030
6015
6004
6020
5971
5965
6061
5934
5865
5870
5892
5888
5812
5734
5723
5709
5811
5826
5811
5923
5812
5881
5847
5803
5652
5735
5640
5593
5496
5295
5334
5274
5321
5269
5254
5181
5259
5258
5272
5281
5302
5296
5376
5345
5300
5315
5252
5238
5283
5313
5330
5320
5267
5214
5267
5321
5343
5338
5360
5343
5208
5362
5343
5499
5477
5423
5574
5619
5507
5465
5540
5631
5523
5492
5528
5546
5550
5527
5647
5607
5507
5495
5483
5525
5520
5381
5258
5218
5323
5414
5406
5392
5347
5304
5371
5344
5348
5309
5285
5198
5178
5141
5059
5004
4974
4909
4992
5037
5091
5100
5107
5171
5286
5247
5183
5282
5266
5231
5276
5397
5478
5538
5531
5442
5309
5279
5251
5314
5233
5198
5255
5221
5142
5178
5330
5361
5317
5354
5326
5429
5477
5580
5732
5762
5819
5771
5822
5792
5666
5589
5592
5589
5435
5567
5589
5704
5751
5741
5684
5725
5846
5936
5893
5927
6045
6107
6082
6113
6169
6107
6042
5970
6011
5888
5871
5664
5573
5567
5642
5684
5719
5839
5839
5956
5995
6083
6104
6157
6155
6278
6034
5910
5826
5762
5817
5872
5876
5834
5874
5766
5834
5814
5876
5869
5955
5965
5951
5892
5861
5911
5971
5877
5846
5754
5795
5827
5907
5907
5850
5960
5969
6009
6016
5975
6136
6171
6158
6120
6009
5925
5822
5791
5759
5752
5901
5812
5839
5887
5864
5801
5785
5780
5845
5880
5829
5747
5868
5864
5942
5792
5822
5910
5861
5834
6032
6079
6063
6099
6067
5978
6052
6059
5952
5979
5940
5862
5851
5947
5994
6012
5989
5992
5992
5919
5974
5923
5943
6052
6026
6113
6051
6012
5972
5963
5939
5902
5820
5758
5662
5609
5563
5613
5734
5755
5702
5712
5782
5736
5756
5845
5847
5884
5979
6095
6045
6037
5909
5823
5748
5791
5839
5781
5786
5660
5697
5739
5775
5801
5820
5765
5783
5781
5831
5827
5704
5785
5776
5820
5872
5848
5880
5823
5730
5701
5711
5695
5669
5656
5515
5539
5591
5663
5584
5760
5672
5608
5665
5750
5735
5692
5646
5504
5494
5321
5403
5467
5447
5419
5330
5365
5311
5333
5404
5443
5375
5391
5399
5432
5391
5481
