505000
200767
141793
110925
92139
78744
69418
61938
55782
51008
47433
43898
40820
38177
36080
34427
32928
31095
29554
28361
27351
26282
25161
24184
23390
22768
21971
21306
20635
20016
19585
19002
18485
18257
17845
17349
17040
16797
16640
16613
16350
15941
15703
15294
14971
15024
14609
14431
14153
14031
13956
13896
13669
13529
13304
13031
12790
12624
12206
12023
11757
11678
11603
11497
11227
11158
11218
11115
10880
10793
10591
10496
10413
10390
10208
10043
10101
10059
9808
9773
9716
9677
9650
9646
9662
9361
9298
9303
9162
9088
8997
8917
9033
8851
8852
8778
8962
8982
8771
8721
8593
8307
8161
8146
8005
7879
7863
7791
7685
7776
7871
7818
7801
7618
7486
7471
7613
7544
7484
7403
7256
7178
7082
6962
6978
6974
6907
6948
6919
6909
6745
6758
6798
6789
6808
6625
6565
6498
6441
6414
6232
6367
6402
6538
6478
6396
6545
6397
6475
6490
6300
6339
6192
6102
6127
6114
6020
6049
6070
6119
6220
6183
6072
6026
6014
5996
6149
6205
6253
6279
6293
6439
6262
6333
6209
6244
6180
6219
6238
6140
6110
6169
6252
6329
6311
6319
6459
6322
6244
6163
6110
6046
6081
6082
6002
5902
5927
5834
5904
5864
5772
5658
5716
5873
5862
5766
5749
5665
5789
5799
5825
5936
5967
5904
5829
5854
5856
5863
5943
5843
5856
5943
5901
5810
5750
5762
5767
5675
5666
5720
5681
5692
5500
5629
5745
5926
5933
6019
5909
5836
5897
5900
5890
5947
5872
5885
5845
5766
5812
5931
5979
6153
6093
6037
6023
6026
6017
6067
6146
6215
6198
6159
6185
6223
6248
6236
6222
6281
6337
6298
6337
6495
6471
6546
6561
6425
6373
6268
6283
6152
6098
6030
5988
5921
5807
5946
6033
6021
5996
6067
5903
5878
5967
6050
6167
6239
6292
6256
6341
6189
6251
6061
6069
6062
6053
6036
5976
6101
6015
5986
5950
6120
6049
6008
5983
6004
5984
6019
6034
6002
5974
6031
5929
5948
5985
6067
6088
6147
6101
6245
5920
5870
5794
5744
5823
5738
5643
5643
5602
5526
5583
5613
5597
5643
5837
5773
5782
5797
5767
5863
5742
5745
5787
5638
5644
5680
5736
5815
5868
5852
5851
5928
5720
5548
5627
5661
5721
5875
5918
5949
5817
5765
5834
5859
5949
5885
5804
5745
5756
5792
5759
5693
5595
5660
5714
5662
5753
5871
5981
5984
5915
5909
5994
6079
5990
5857
5825
5899
5985
6049
5946
6058
5998
5930
5898
5791
5804
5925
5981
5907
5863
5983
6062
6059
6075
6051
6064
6091
6101
6074
5933
6068
5968
5970
5876
5716
5690
5712
5779
5756
5748
5665
5656
5602
5515
5557
5441
5421
5334
5201
5148
5103
5090
5062
5035
4975
4981
5065
5170
5240
5375
5386
5418
5398
5390
5393
5495
5424
5464
5584
5634
5616
5743
5749
5669
5733
5584
5447
5464
5614
5655
5838
5990
5960
5906
5886
5917
5871
5763
5701
5862
5940
5946
5994
6051
6164
6197
6264
6156
6229
6278
6237
6146
6123
6109
6039
6002
5962
6071
6047
6155
6053
6022
6019
5870
5735
5732
5909
5918
6042
5954
5916
5882
5938
5861
5715
5891
6005
5966
5963
5969
5970
5950
5972
5955
5916
6017
6028
6013
6010
5991
5955
6050
5975
5903
5899
5886
5852
6001
5821
5684
5591
5691
5831
5678
5598
5622
5513
5468
5458
5582
5500
5586
5630
5630
5589
5527
5464
5422
5426
5366
5243
5249
5308
5325
5365
5242
5182
5073
5018
4857
4874
4946
4997
5049
5092
5124
5091
4984
5035
5015
5090
5106
5125
5060
5069
5074
5088
5028
5108
5073
5074
5106
4958
4854
4740
4787
4826
5052
5162
5079
5109
5096
5120
5135
5297
5312
5345
5327
5234
5365
5295
5236
5180
5367
5471
5510
5513
5381
5317
5383
5370
5290
5331
5317
5282
5357
5452
5414
5436
5394
5256
5170
5184
5229
5188
5064
5022
4966
4990
4927
5086
5200
5165
5139
5216
5143
4961
5062
5136
5155
5220
5292
5311
5342
5288
5243
5243
5225
5224
5275
5328
5400
5529
5614
5511
5447
5497
5428
5461
5553
5487
5476
5479
5281
5201
5178
5251
5301
5354
5387
5387
5403
5351
5308
5295
5351
5560
5645
5639
5602
5651
5711
5630
5735
5697
5695
5670
5758
5812
5902
5887
5868
5866
6009
6096
6098
5949
6045
6064
6072
6127
6163
5998
5966
5951
5755
5882
5925
5829
5759
5798
5655
5603
5624
5557
5571
5668
5547
5509
5544
5643
5736
5718
5811
5905
5872
5899
5803
5661
5651
5745
5802
5720
5548
5599
5666
5586
5595
5614
5638
5597
5710
5780
5830
5731
5857
5808
5902
5857
5931
6002
6010
6034
5922
5886
5874
5920
5904
5903
5881
5912
6045
6051
6058
5964
5934
5859
5849
5806
5860
5846
5787
5661
5757
5685
5748
5736
5658
5713
5666
5670
5660
5675
5566
5296
5267
5312
5341
5439
5395
5235
5177
5080
5033
4948
4995
4958
4934
4890
4996
4955
4931
4863
4876
5088
5153
5185
5281
5187
5313
5281
5315
5243
5277
5101
5026
4964
4888
4865
4830
4752
4644
4709
4699
4705
4725
4779
4836
4834
4887
4799
4894
4957
4898
4784
4851
4821
4777
4911
4945
4929
4869
4842
4862
4853
4885
4948
4899
4729
4886
4841
4831
4760
4694
4671
4742
4797
4789
4804
4780
4758
4666
4615
4635
4714
4627
4607
4514
4428
4404
4337
4442
4430
4443
4484
4594
4627
4530
4549
4479
4474
4568
4598
4663
4642
4638
4678
4720
4774
4725
4834
4922
4878
4778
4834
4796
4736
4745
4719
4672
4692
4746
4779
4827
4800
4672
4787
4853
4859
4877
5011
4984
5005
5032
5012
4994
4932
4924
4958
4969
4979
4959
4965
4978
5134
5115
5250
5188
5278
5179
5282
5319
5432
5430
5453
5473
5511
5435
5404
5334
5341
5416
5324
5350
5285
5189
5229
5320
5374
5323
5331
5411
5471
5502
5320
5342
5369
5495
5373
5463
5400
5342
5361
5430
5421
5361
5402
5263
5308
5348
5484
5446
5375
5347
5250
5263
5356
5400
5339
5268
5261
5227
5169
5172
5134
5191
5214
5222
5274
5344
5374
5364
5336
5307
5386
5308
5254
5209
5180
5103
5181
5215
5264
5290
5148
5185
5194
5179
5227
5150
5099
5125
5114
5124
5144
5283
5319
5235
5315
5308
5393
5427
5380
5439
5441
5457
5445
5390
5336
5383
5434
5498
5424
5337
5207
5319
5211
5307
5550
5409
5464
5560
5602
5589
5492
5576
5561
5527
5650
5701
5697
5682
5742
5768
5838
5836
5800
5732
5694
5655
5597
5584
5618
5547
5509
5575
5566
5716
5713
5871
5752
5654
5659
5810
5939
5820
5800
5938
5898
5738
5842
5714
5782
5876
5917
5875
5850
5847
5832
5903
5875
5939
5933
5816
5773
5963
5997
6006
5872
5834
5911
5888
5895
5853
5929
5856
5893
5697
5738
5785
5696
5784
5762
5776
5898
5952
5870
5730
5617
5611
5465
5445
5384
5543
5448
5464
5482
5480
5517
5472
5332
5148
5220
5260
5266
5283
5221
5035
5187
5240
5085
5034
5088
5057
5013
5034
5002
5077
5048
4997
5113
5119
5019
5087
5078
5058
5174
5146
5139
5135
5195
5179
5254
5318
5456
5343
5320
5308
5317
5335
5257
5296
5369
5414
5320
5225
5224
5112
5077
5089
5163
5075
5019
4981
5106
5071
5100
5195
5305
5226
5195
5164
5188
5157
5212
5178
5029
5031
4954
4884
5051
5058
4897
4922
4800
4684
4628
4749
4741
4790
4822
4992
5060
5014
5024
4914
4970
4967
4993
4926
4866
4923
4979
4921
4980
4925
4937
4845
4743
4747
4825
4844
4839
4823
4902
5029
5096
5088
5102
5127
5144
5152
5155
5133
5149
5268
5127
5180
5156
5127
5160
5231
5310
5415
5485
5440
5468
5437
5418
5382
5406
5381
5398
5467
5396
5450
5419
5521
5593
5553
5591
5687
5767
5751
5715
5686
5687
5736
5738
5750
5636
5681
5783
5619
5609
5542
5503
5525
5519
5372
5422
5405
5322
5330
5431
5416
5330
5378
5383
5341
5397
5403
5381
5348
5361
5317
5364
5364
5427
5385
5394
5458
5599
5751
5775
5838
5932
5916
5728
5660
5805
5763
5801
5710
5648
5774
5743
5886
5959
5904
6018
5979
6030
6149
6047
5902
6007
5996
5961
6023
5945
5909
5853
5863
5720
5660
5748
5782
5725
5716
5719
5753
5692
5550
5546
5635
5713
5584
5460
5386
5496
5654
5689
5662
5606
5644
5660
5722
5851
5802
5806
5910
5837
5817
5815
5902
6024
6083
6006
6001
6030
5904
5928
5996
5996
5981
6017
5924
5899
5893
5817
5856
5998
6039
6135
6013
6058
6150
6242
6112
5971
6028
5991
6171
6084
6102
6040
6070
6180
6195
6253
6233
6216
6265
6250
6275
6289
6296
6300
6269
6264
6341
6523
6636
6698
6854
6717
6875
6893
6875
6782
6799
6756
6626
6627
6605
6524
6516
6438
6478
6584
6467
6384
6350
6476
6529
6457
6580
6580
6499
6436
6552
6605
6543
6587
6629
6470
6583
6666
6859
6768
6768
6784
6757
6813
6688
6691
6804
6686
6554
6593
6605
6622
6682
6712
6648
6661
6621
6509
6516
6570
6476
6502
6479
6453
6545
6473
6652
6579
6583
6655
6500
6476
6475
6636
6636
6520
6585
6738
6792
6828
6795
6955
6953
7049
7183
7198
7182
7234
7264
7190
7331
7484
7579
7605
7590
7470
7388
7340
7179
6961
6944
7075
7124
7181
7284
7190
7174
7186
7072
7031
6996
6997
7131
7085
7174
7048
7001
6941
6965
6973
6866
6777
6766
6732
6819
6819
6796
6727
6741
6668
6702
6634
6622
6704
6620
6590
6538
6479
6446
6417
6234
6255
6335
6311
6319
6200
6212
6045
6021
5951
5921
5993
5911
5985
6006
5816
5883
5839
5900
5921
5880
5814
5828
5744
5780
5829
5825
5735
5726
5696
5642
5664
5695
5620
5493
5515
5425
5488
5522
5528
5462
5369
5336
5297
5380
5330
5339
5340
5306
5356
5388
5378
5453
5509
5762
5730
5759
5812
5769
5881
6048
6139
6183
6148
6191
6085
6017
6044
6028
6003
6009
5924
5841
5924
5895
5994
5859
5830
5842
5853
5837
5720
5656
5656
5611
5488
5421
5421
5286
5274
5172
5197
5295
5328
5278
5357
5428
5428
5393
5382
5407
5425
5417
5478
5495
5574
5660
5691
5637
5641
5664
5710
5678
5660
5632
5660
5609
5659
5694
5704
5909
5866
5969
5892
5860
5859
5843
5802
5896
5879
6055
6176
6200
6123
6167
6047
6102
6194
6201
6223
6291
6327
6316
6224
6160
6114
6157
6143
6248
6227
6164
6046
6183
6059
6035
6047
6025
6119
6097
6095
6199
6185
6076
6053
5927
5955
5942
5948
5882
5813
5762
5798
5721
5648
5715
5649
5608
5570
5600
5655
5754
5745
5770
5724
5608
5660
5739
5751
5793
5850
5719
5668
5676
5617
5468
5474
5541
5493
5532
5630
5694
5730
5742
5791
5814
5894
5901
5874
5799
5881
5816
5793
5827
5767
5849
5863
5809
5748
5721
5742
5731
5737
5678
5600
5406
5508
5474
5421
5526
5629
5448
5474
5403
5470
5564
5533
5566
5478
5442
5482
5437
5363
5449
5434
5398
5450
5507
5463
5441
5339
5373
5379
5381
5386
5486
5525
5561
5517
5461
5436
5346
5287
5172
5162
5140
5100
5160
5173
5072
5092
5098
5188
5127
5198
5248
5156
5154
5179
5199
5319
5379
5425
5370
5399
5493
5520
5598
5540
5706
5676
5729
5711
5627
5698
5663
5800
5731
5701
5638
5648
5715
5599
5668
5583
5470
5666
5761
5683
5693
5645
5633
5625
5596
5593
5656
5627
5696
5680
5767
5735
5648
5680
5658
5719
5562
5444
5572
5628
5579
5576
5415
5515
5371
5478
5538
5576
5589
5440
5357
5313
5170
5229
5300
5361
5340
5292
5394
5437
5445
5395
5383
5369
5336
5345
5401
5366
5311
5174
5225
5292
5356
5302
5261
5317
5400
5481
5475
5558
5439
5349
5451
5530
5626
5777
5665
5883
5808
5779
5860
5940
6006
6026
6046
6144
6318
6354
6395
6367
6321
6328
6353
6409
6489
6440
6439
6431
6281
6152
6195
6232
6212
6185
6160
6318
6210
6175
6164
6204
6003
6003
5860
5922
5899
5833
5859
5766
5748
5773
5818
5824
5896
5936
6008
6020
6122
6201
6185
6184
6202
6283
6337
6385
6283
6339
6256
6180
6083
6183
6109
6095
6046
6071
6161
6104
6098
6175
6294
6268
6338
6383
6363
6296
6344
6514
6389
6420
6428
6492
6399
6289
6252
6234
6265
6240
6162
6228
6264
6278
6422
6517
6478
6512
6583
6649
6640
6641
6456
6194
6094
6129
6090
6130
6225
6182
6227
6246
6284
6367
6381
6258
6401
6287
6347
6256
6350
6406
6426
6473
6511
6524
6532
6417
6491
6477
6560
6456
6372
6322
6362
6394
6435
6411
6357
6458
6276
6127
5973
6014
6019
5994
5902
5812
5765
5899
5854
5782
5753
5628
5455
5567
5654
5609
5632
5469
5435
5453
5520
5478
5542
5479
5490
5444
5364
5389
5378
5307
5219
5287
5294
5273
5349
5372
5400
5438
5315
5285
5334
5288
5282
5263
5343
5318
5321
5375
5433
5537
5465
5420
5392
5348
5429
5443
5279
5137
5129
5150
5218
5289
5357
5443
5380
5356
5446
5558
5775
5573
5554
5447
5451
5386
5357
5219
5210
5244
5310
5394
5304
5318
5345
5348
5211
5213
5187
5205
5167
5115
5196
5140
5176
5315
5319
5267
5277
5424
5435
5422
5482
5435
5318
5424
5377
5358
5352
5434
5390
5348
5345
5178
5364
5396
5387
5454
5479
5453
5424
5417
5493
5573
5693
5677
5706
5778
5871
5868
5871
5934
5869
5902
5963
5917
5906
5781
5790
5767
5739
5723
5634
5717
5626
5634
5582
5569
5521
5679
5744
5803
5859
5863
5921
5880
5880
5769
5900
5935
5930
5876
5900
5867
6016
5985
5970
5981
5882
5943
5857
5849
5793
5792
5783
5746
5661
5657
5717
5645
5682
5630
5452
5431
5433
5435
5474
5479
5537
5521
5439
5445
5331
5328
5305
5178
5206
5075
5005
5003
4920
4845
4966
4930
4785
4882
4962
4888
4946
5013
5080
4986
5046
4959
5001
5046
5217
5172
5171
5158
5293
5245
5187
5079
5047
4978
5010
5041
5123
5205
5218
5172
5291
5270
5241
5223
5185
5168
5125
5064
4991
4913
4867
4860
4809
4902
4900
4990
4982
4972
5030
5088
5163
5282
5336
5432
5501
5435
5397
5406
5546
5565
5735
5661
5603
5654
5701
5778
5850
5898
5946
6001
6010
6004
5947
5929
5944
5811
5759
5590
5512
5343
5378
5275
5241
5195
5251
5213
5203
5286
5387
5290
5197
5265
5345
5420
5373
5368
5373
5351
5321
5338
5325
5322
5277
5255
5365
5361
5301
5229
5276
5271
5238
5190
5136
5053
5003
4958
5082
5026
5108
5208
5262
5147
5088
5110
5093
5036
5001
5010
4886
4927
4913
4874
4916
4952
4849
4815
4805
4768
4667
4581
4563
4662
4644
4561
4540
4725
4753
4690
4653
4644
4623
4605
4724
4861
4787
4728
4745
4898
4861
4860
4922
4956
4950
4983
4972
5119
5155
5330
5370
5426
5481
5481
5485
5541
5446
5532
5563
5676
5726
5688
5805
5778
5807
5823
5714
5736
5698
5698
5697
5729
5883
5938
5899
5918
6012
6023
5852
5887
6001
6000
5978
6107
6068
5979
5888
5887
5976
6049
5931
5829
5821
5799
5887
5967
5904
5973
5954
5903
5950
5960
6030
6021
6004
5999
5942
5932
6069
5951
6024
5995
5983
6011
5998
6196
6343
6404
6277
6267
6377
6375
6235
6178
6140
6167
6180
6348
6352
6311
6347
6454
6420
6404
6398
6355
6468
6474
6427
6315
6241
6122
6077
6153
6231
6300
6323
6278
6332
6385
6522
6468
6363
6303
6294
6342
6290
6380
6354
6282
6209
6099
6109
6146
6120
6207
6238
6204
6097
6074
6163
6182
6168
6244
6190
6241
6204
6232
5991
5946
6083
6137
6096
6169
6186
6091
6070
6042
6016
5980
5994
5964
5877
5774
5696
5811
5814
5715
5673
5665
5562
5564
5632
5543
5521
5584
5488
5485
5638
5620
5478
5594
5743
5680
5653
5649
5694
5707
5745
5905
5933
5968
5972
5887
6000
6061
5971
5795
5836
5798
5778
5727
5612
5611
5476
5505
5489
5464
5601
5563
5632
5691
5664
5685
5704
5716
5714
5775
5812
5764
5922
5880
5890
6008
6051
5935
5953
5846
5921
5979
5797
5872
5776
5871
5825
5858
5733
5690
5764
5879
5845
5743
5556
5541
5475
5497
5413
5478
5488
5451
5368
5343
5393
5333
5312
5382
5236
5151
5150
5077
5093
5069
4984
5023
4962
5025
5053
5067
5158
5077
5132
5060
5215
5108
5044
5073
5157
4937
4922
4881
4928
4811
4794
4817
4955
4879
4852
4916
4886
5040
5011
4988
5047
5033
5046
4931
4873
4835
4942
4981
5011
5042
4999
4971
4973
5019
5095
5085
5067
5143
5025
5105
5050
5006
4951
4968
4907
5014
4933
4981
5000
4975
5077
5033
5138
5168
5212
5260
5189
5215
5238
5322
5362
5315
5320
5350
5484
5498
5510
5533
5534
5536
5578
5623
5651
5678
5753
5758
5753
5928
5943
5960
5952
5981
5982
5995
5900
5887
5857
5814
5772
5836
5914
5931
6051
6073
5960
6040
6063
6045
6224
6211
6321
6351
6368
6468
6377
6198
6304
6208
6155
5976
6018
6038
6085
6017
5904
5988
6058
6032
6135
6077
6184
6145
6168
6189
6076
6017
5980
5824
5894
5845
5734
5718
5672
5636
5632
5629
5662
5678
5711
5521
5522
5621
5840
5872
5994
6002
6117
6107
6120
6117
5993
6001
6083
6144
6281
6302
6280
6247
6207
6093
6219
6292
6190
6141
6063
5995
6064
6151
6044
6073
6179
6127
6045
6034
6164
6208
6109
6030
5984
5939
5867
5952
5961
5835
5786
5824
5769
5715
5620
5501
5492
5408
5467
5581
5651
5617
5602
5541
5464
5543
5587
5667
5700
5651
5733
5629
5581
5603
5619
5663
5561
5594
5550
5511
5500
5573
5448
5458
5374
5439
5469
5398
5343
5395
5291
5285
5372
5455
5366
5411
5293
5257
5280
5181
5169
5086
5202
5283
5185
5216
5309
5281
5289
5165
5195
5379
5290
5278
5230
5311
5347
5317
5266
5281
5287
5266
5196
5212
5243
5358
5389
5433
5487
5533
5619
5627
5758
5815
5961
6006
5951
5897
5919
5919
5861
5849
5843
5998
5978
6020
6020
5911
5776
5941
6006
5857
5888
5997
6092
6198
6259
6376
6384
6478
6472
6463
6371
6378
6259
6155
6045
6082
6113
5983
5996
5949
5813
5800
5720
5739
5707
5803
5835
5842
5794
5825
5674
5692
5680
5714
5592
5686
5529
5454
5514
5445
5427
5406
5416
5366
5404
5345
5364
5489
5496
5429
5530
5413
5464
5426
5486
5481
5383
5391
5356
5244
5316
5352
5329
5336
5183
5168
5219
5264
5272
5369
5461
5500
5466
5427
5461
5475
5556
5668
5829
5792
5824
5977
6023
5995
5982
6059
5900
5876
5892
5819
5953
6030
6159
6157
6111
6102
6188
6058
6082
5911
5936
6027
5922
5918
5896
5958
5953
6001
5818
5719
5765
5820
5944
5926
6028
6056
6178
6193
6119
6091
6114
6135
6155
6061
5969
5931
5978
6006
5934
5948
5920
6011
6050
6068
6110
6083
6195
6159
6105
6154
6125
6022
5918
5797
5759
5702
5547
5558
5480
5420
5358
5398
5394
5328
5306
5344
5334
5284
5287
5128
5092
5190
5112
5140
5128
5137
5133
5137
5153
5074
5029
4954
4953
4947
4985
5077
5120
5182
5049
5088
5074
5000
5084
5086
5148
5387
5322
5241
5223
5234
5111
5211
5292
5267
5282
5195
5231
5166
5189
5132
5077
5139
5101
5029
4979
4905
4773
4625
4684
4638
4679
4674
4611
4638
4670
4693
4737
4741
4817
4904
4936
4900
4867
4973
4998
4977
4989
5076
5068
5049
5101
5136
5228
5239
5124
5221
5260
5238
5151
5187
5149
5247
5300
5224
5194
5293
5352
5388
5377
5350
5354
5165
5283
5315
5311
5329
5299
5325
5320
5310
5341
5339
5463
5551
5629
5604
5587
5650
5744
5831
5829
5949
5915
5916
6057
6077
6046
6200
6254
6289
6359
6256
6148
6179
6141
6195
6241
6220
6164
6176
6222
6281
6223
6156
6153
6231
6189
6232
6292
6286
6215
6312
6380
6366
6326
6310
6393
6472
6459
6512
6439
6555
6558
6546
6434
6432
6455
6426
6472
6471
6417
6360
6342
6315
6255
6319
6223
6263
6292
6375
6352
6196
6208
6203
6305
6345
6435
6326
6338
6370
6383
6317
6271
6198
6057
6183
6138
6145
6087
5989
5985
5920
5842
5799
5875
5879
5754
5848
5763
5890
6057
6112
6123
6091
6088
6002
6016
6062
5997
5957
5939
5865
5947
6024
6093
5940
5876
5912
5913
6108
6050
5993
5962
5909
5944
5846
5794
5808
5844
5893
5935
5957
5954
6007
6021
6118
6059
6012
6069
6196
6145
6051
5932
6025
5957
6076
6023
5882
5922
6019
6071
6026
6070
6154
6127
6082
6129
5978
5997
5915
6108
6137
6068
6107
6033
6053
6083
6116
6137
6169
6231
6259
6274
6309
6439
6414
6548
6527
6389
6242
6201
6252
6263
6212
6171
6022
6001
6112
6123
5992
5934
5908
5894
5764
5748
5636
5689
5701
5644
5592
5517
5564
5507
5413
5562
5675
5691
5685
5644
5806
5764
5768
5732
5837
5756
5649
5700
5680
5681
5617
5719
5778
5858
5929
5856
5956
5910
6056
6017
6141
6292
6254
6210
6323
6291
6331
6355
6213
6205
6063
6078
6169
6177
6120
6070
5978
6049
6062
6031
5960
5732
5641
5756
5778
5747
5709
5671
5646
5640
5716
5755
5729
5751
5760
5721
5827
5832
5802
5878
5885
5924
6000
6011
6091
5996
6025
6099
5981
5968
6007
5909
5829
5797
5827
5782
5889
5858
5780
5765
5893
5796
5702
5632
5533
5679
5768
5728
5742
5683
5609
5578
5718
5796
5881
5971
6034
6069
6140
6187
6185
6214
6267
6350
6438
6392
6317
6375
6447
6483
6444
6515
6492
6394
6370
6412
6514
6465
6477
6413
6332
6327
6251
6286
6233
6261
6328
6353
6422
6371
6264
6278
6337
6258
6255
6229
6182
6322
6330
6467
6356
6314
6326
6334
6340
6276
6431
6504
6581
6602
6562
6309
6151
6176
6208
6280
6170
6199
6330
6284
6287
6335
6326
6350
6266
6384
6262
6249
6208
6297
6311
6368
6349
6341
6318
6346
6370
6435
6483
6415
6406
6313
6392
6407
6450
6444
6488
6552
6539
6629
6638
6565
6717
6617
6612
6711
6710
6702
6689
6548
6510
6585
6626
6734
6709
6859
6923
6797
6836
6832
6712
6786
6878
6918
6863
7038
7034
6987
6967
6938
6984
6835
6762
6690
6599
6426
6400
6293
6337
6376
6361
6251
6347
6469
6482
6444
6556
6552
6685
6714
6569
6463
6483
6480
6457
6524
6455
6590
6425
6362
6208
6216
6262
6273
6225
6496
6493
6484
6402
6387
6457
6486
6452
6599
6471
6337
6413
6380
6457
6374
6350
6376
6415
6445
6516
6569
6528
6612
6575
6578
6421
6378
6350
6410
6462
6514
6505
6510
6444
6402
6332
6363
6535
6535
6512
6568
6630
6604
6575
6506
6513
6668
6692
6760
6715
6578
6687
6548
6425
6396
6423
6460
6424
6420
6324
6384
6290
6323
6315
6294
6322
6295
6230
6195
6031
6083
6147
6135
6093
6132
5986
5859
5909
5850
5840
5836
5946
5915
6017
6093
6075
5987
5982
5869
5874
5776
5824
5997
6021
6155
6223
6159
6133
6061
6109
6250
6310
6243
6380
6291
6210
6288
6173
6105
5990
6071
6132
6197
6221
6276
6184
6175
6102
6135
6268
6252
6144
6073
6094
5977
5912
5806
5791
5752
5791
5848
5970
5971
5913
6040
6028
6111
6133
6108
6180
6239
6244
6084
6103
6090
6184
6229
6262
6277
6272
6250
6380
6344
6364
6180
6229
6148
6165
6135
6151
6191
6071
6065
6169
6121
6109
6084
6052
5957
6080
6044
5931
6016
6038
6162
6209
6199
6108
6239
6296
6229
6135
6110
6242
6154
6193
6048
6102
6124
5946
5864
5862
5906
5851
5826
5864
5904
5949
5924
5802
5714
5730
5765
5730
5597
5562
5725
5700
5817
5889
6110
6105
6154
6051
6053
6027
6081
6101
6102
6015
6095
6024
6139
6173
6169
6294
6265
6220
6249
6121
6198
6186
6150
6233
6375
6517
6498
6457
6301
6418
6511
6430
6416
6505
6556
6521
6532
6564
6637
6719
6707
6658
6581
6670
6631
6572
6571
6449
6436
6465
6483
6574
6494
6441
6522
6599
6554
6442
6511
6557
6611
6716
6604
6506
6373
6404
6376
6423
6383
6365
6236
6218
6167
6200
6255
6280
6297
6375
6329
6353
6275
6216
6294
6336
6378
6299
6290
6236
6266
6250
6312
6315
6192
6337
6376
6330
6249
6194
6172
5996
5984
5943
6012
6019
6045
5912
5871
5872
5926
5942
5930
6023
5973
5942
5986
6052
6088
6131
6076
6005
6070
5996
5766
5715
5682
5623
5555
5509
5472
5622
5713
5695
5691
5634
5689
5718
5734
5545
5447
5561
5572
5579
5600
5400
5387
5334
5228
5248
5230
5119
5068
5158
5143
5296
5491
5507
5470
5537
5411
5463
5517
5510
5429
5409
5355
5297
5271
5185
5093
5021
5144
5139
5120
5174
5206
5230
5374
5459
5611
5500
5400
5457
5500
5523
5411
5369
5310
5245
5404
5301
5145
5192
5257
5261
5186
5199
5101
5017
4975
4938
4987
5088
5162
5090
5137
5101
5080
5230
5156
5133
5048
5181
5262
5296
5253
5383
5266
5390
5488
5560
5482
5426
5436
5525
5544
5434
5435
5411
5515
5539
5700
5731
5730
5735
5648
5631
5642
5475
5459
5378
5252
5267
5308
5271
5212
5294
5321
5511
5489
5386
5335
5320
5153
5181
5236
5186
5193
5228
5323
5294
5306
5263
5233
5161
5182
5187
5159
5253
5317
5459
5525
5342
5380
5406
5397
5453
5357
5424
5472
5399
5328
5320
5219
5086
5062
5119
5113
5027
5060
5237
5301
5254
5266
5252
5432
5477
5391
5440
5404
5515
5587
5571
5516
5473
5411
5454
5389
5488
5470
5456
5524
5611
5627
5618
5610
5617
5644
5731
5729
5793
5744
5666
5586
5632
5688
5695
5692
5750
5795
5706
5765
5695
5712
5686
5727
5684
5668
5711
5577
5528
5489
5437
5609
5562
5521
5352
5278
5433
5418
5480
5371
5369
5214
5257
5242
5299
5328
5341
5402
5410
5403
5506
5484
5481
5533
5540
5467
5486
5543
5581
5698
5743
5734
5804
5781
5966
5956
6104
6067
6042
6029
6125
6198
6016
6129
6216
6199
6097
6107
6070
6003
6013
5932
5963
6010
5965
5864
5814
5962
6002
6064
6013
6046
6162
6366
6527
6528
6581
6559
6588
6605
6598
6658
6646
6376
6378
6315
6344
6378
6434
6371
6338
6538
6425
6482
6520
6428
6420
6524
6450
6404
6308
6189
6142
6183
6294
6332
6240
6363
6244
6243
6158
6104
6129
6088
6122
6138
6206
6176
6283
6377
6405
6388
6479
6651
6599
6531
6406
6562
6520
6448
6440
6542
6595
6647
6582
6674
6741
6767
6818
6872
6928
7058
7081
7051
6957
7032
6885
6768
6776
6802
6906
6895
6755
6684
6668
6767
6516
6483
6510
6352
6366
6379
6261
6374
6349
6356
6331
6328
6296
6320
6292
6345
6342
6491
6590
6521
6527
6432
6467
6368
6269
6207
6157
6086
6084
6097
5970
5840
5839
5760
5795
5745
5807
5750
5807
5740
5732
5748
5801
5883
5918
5878
5862
5929
5954
5919
5927
5942
5906
5859
5947
5848
5871
5803
5697
5668
5542
5570
5567
5571
5474
5481
5523
5481
5463
5487
5447
5649
5631
5635
5595
5640
5616
5676
5659
5658
5660
5755
5850
5851
5876
5832
5875
5971
5948
5862
5847
5823
5840
5903
5964
5955
5976
6041
6090
6062
6013
6035
6103
6050
6056
5973
6015
5928
6025
5983
5906
5800
5773
5842
5846
5787
5786
5825
5736
5697
5654
5599
5548
5423
5362
5409
5380
5306
5308
5296
5224
5170
5340
5355
5309
5237
5317
5232
5213
5261
5180
5196
5134
5115
5044
5022
4950
4932
4880
4814
4779
4885
4826
4808
4871
4865
4680
4721
4769
4886
4946
5056
5085
5022
5029
4971
5045
4976
4964
5021
5019
4934
5103
5262
5177
5145
5248
5349
5366
5520
5500
5535
5613
5638
5657
5688
5632
5743
5734
5727
5634
5562
5623
5635
5691
5793
5801
5839
5828
5860
5957
6100
6140
6077
6070
5994
6093
6127
6011
5994
5999
5963
5942
5874
5754
5595
5577
5563
5558
5477
5499
5554
5573
5567
5450
5453
5585
5676
5600
5720
5611
5584
5674
5696
5657
5633
5483
5506
5552
5570
5523
5447
5322
5353
5212
5185
5126
5089
5171
5318
5251
5276
5268
5341
5371
5418
5259
5354
5352
5273
5324
5356
5471
5433
5458
5435
5494
5540
5584
5575
5646
5589
5671
5675
5700
5617
5482
5466
5550
5526
5623
5463
5417
5356
5425
5399
5406
5452
5459
5449
5380
5282
5216
5280
5314
5306
5177
5213
5189
5138
5081
5038
4968
5003
5020
4896
4970
4794
4778
4712
4731
4706
4635
4595
4514
4617
4527
4527
4540
4488
4523
4475
4538
4648
4675
4621
4589
4567
4610
4557
4480
4455
4486
4438
4541
4469
4457
4611
4527
4571
4615
4549
4528
4630
4662
4628
4663
4761
4727
4725
4721
4645
4607
4487
4498
4404
4455
4401
4335
4311
4345
4408
4398
4445
4422
4474
4527
4523
4384
4341
4367
4414
4400
4517
4491
4488
4543
4523
4517
4501
4403
4361
4360
4420
4459
4644
4655
4726
4753
4897
4846
4826
4849
4844
4823
4816
4849
4848
4750
4857
4852
4982
4933
4916
4949
4959
4978
4917
4815
4829
4845
4949
5031
5119
5189
5116
5130
5140
5099
5059
5077
5159
5158
5257
5304
5361
5348
5467
5454
5490
5334
5334
5374
5355
5278
5262
5201
5250
5212
5168
5167
5184
5196
5132
5159
5140
5084
5078
5011
4917
4949
4915
4798
4793
4793
4728
4778
4788
4807
4913
4910
4978
4950
4947
4870
4870
5014
4999
5083
5067
5094
5037
4996
4897
4867
4812
4763
4697
4757
4767
4847
4858
4858
4937
4895
4787
4728
4718
4692
4782
4863
5001
4936
4947
4889
4862
4969
4953
4958
4968
5035
5136
5156
5055
5000
5108
5201
5257
5224
5123
5031
5124
5053
5040
5031
4905
4798
4880
4843
4798
4685
4610
4584
4706
4745
4742
4743
4720
4676
4616
4549
4520
4584
4617
4587
4600
4641
4474
4524
4489
4421
4438
4431
4500
4448
4432
4491
4527
4456
4441
4486
4501
4572
4502
4538
4715
4744
4789
4839
4811
4782
4822
4891
5038
4982
5023
4942
4944
5068
5161
5174
5051
5038
5064
5235
5260
5175
5144
5186
5250
5345
5390
5304
5275
5461
5398
