505000
199940
141178
110856
92210
79247
69763
62383
56309
51603
47819
44355
41332
38996
36463
34500
32564
31348
30010
28814
27730
26507
25384
24456
23769
22831
22492
21638
21001
20535
20189
19447
19138
18896
18513
18033
17812
17497
17277
16974
16361
16223
15985
15519
15360
15081
14670
14636
14407
14037
13953
13760
13559
13285
13220
12849
12622
12308
12287
11949
11856
11550
11309
11200
11020
11022
10934
10823
10838
10795
10520
10249
10238
10116
9964
9919
9908
9649
9645
9689
9655
9504
9469
9401
9367
9132
9095
9031
9056
9104
9098
8972
8992
8938
8854
8919
8913
8936
8956
8768
8758
8709
8681
8625
8641
8629
8593
8581
8591
8703
8660
8776
8704
8621
8447
8407
8407
8448
8455
8376
8321
8415
8319
8082
8035
7905
7891
7972
7903
8002
7904
7807
7701
7573
7446
7470
7459
7402
7458
7338
7379
7200
7156
7222
7333
7381
7244
7057
7029
6966
6956
7019
7039
7158
7291
7380
7449
7469
7388
7330
7325
7247
7224
7305
7265
7190
7195
7243
7283
7215
7230
7213
7189
7123
7144
7022
6985
6883
6905
6977
6895
6941
6957
7025
6996
6970
7064
7122
7245
7225
7156
7351
7428
7330
7217
7217
7106
7157
7122
7105
7065
7051
7029
7133
7080
7040
6919
6852
6911
6797
6825
6765
6854
6892
6891
6809
6971
6934
6773
6662
6621
6591
6660
6742
6734
6649
6593
6471
6454
6342
6216
6383
6339
6346
6287
6100
6160
6184
6092
6086
6231
6182
6145
6008
6083
6181
6141
6167
6131
6242
6110
6234
6218
6308
6233
6118
5990
5986
5896
5875
6021
6019
6041
5921
5864
5850
5786
5868
5883
6009
6002
5843
5734
5775
5838
5790
5776
5780
5763
5804
5795
5665
5700
5497
5543
5487
5344
5197
5100
5212
5307
5317
5382
5370
5479
5598
5670
5634
5627
5674
5579
5518
5558
5573
5645
5814
5827
5740
5692
5696
5733
5872
5781
5829
5832
5889
5836
5754
5829
5719
5733
5837
5909
5790
5755
5794
5715
5715
5640
5599
5662
5695
5738
5815
5824
5805
5654
5633
5685
5597
5546
5477
5507
5472
5452
5507
5639
5662
5677
5763
5733
5694
5579
5515
5346
5417
5399
5522
5533
5540
5503
5481
5563
5415
5420
5482
5405
5475
5478
5439
5418
5402
5381
5254
5202
5130
5230
5140
5187
5167
5208
5359
5292
5348
5252
5252
5075
5082
5165
5273
5232
5279
5364
5421
5584
5708
5704
5609
5629
5563
5355
5374
5555
5526
5572
5618
5583
5667
5752
5668
5675
5687
5704
5715
5743
5605
5615
5680
5770
5736
5715
5777
5827
5964
6072
6229
6270
6272
6219
6333
6308
6383
6402
6461
6452
6481
6582
6605
6571
6543
6529
6518
6529
6536
6537
6549
6652
6506
6395
6386
6306
6298
6225
6263
6287
6156
5945
5861
5745
5823
5880
6012
5860
5861
5835
5883
5758
5903
5972
6033
5964
6103
6118
6148
6143
6159
6113
6026
6067
6169
6042
6054
5850
5857
5768
5807
5888
5895
5790
5758
5704
5674
5756
5791
5774
5793
5791
5851
5787
5647
5685
5694
5710
5797
5788
5729
5699
5796
5804
5860
5974
6033
6077
5884
5940
6024
5955
5934
5951
5808
5682
5798
5884
5779
5839
5840
5878
5931
5889
5941
6096
6007
6007
6118
6218
6157
6296
6260
6216
6251
6465
6423
6289
6391
6435
6414
6511
6375
6346
6399
6410
6450
6445
6297
6259
6467
6495
6473
6598
6463
6581
6654
6528
6470
6390
6362
6342
6263
6307
6242
6266
6190
6209
6164
6154
6135
6249
6272
6204
6139
6159
6301
6340
6239
6144
6141
6276
6207
6285
6295
6292
6352
6300
6211
6318
6281
6225
6295
6191
6272
6085
6140
6139
5932
5919
5939
6033
6084
6005
6057
6076
6077
6098
6112
6142
6152
6280
6351
6265
6264
6112
6174
6284
6239
6115
6178
6303
6319
6459
6550
6487
6530
6575
6467
6506
6400
6511
6502
6454
6459
6462
6521
6481
6339
6306
6322
6298
6414
6370
6510
6423
6394
6354
6304
6362
6350
6366
6404
6465
6512
6574
6546
6582
6733
6701
6662
6637
6634
6672
6768
6741
6711
6622
6773
6847
6927
7096
7138
7229
7103
7023
6966
6965
6991
6945
6958
6802
6632
6451
6455
6481
6517
6664
6736
6677
6519
6555
6642
6778
6788
6869
6854
6861
6917
6952
6891
6777
6769
6824
6733
6620
6616
6497
6674
6453
6563
6431
6440
6365
6348
6318
6355
6276
6250
6260
6341
6328
6198
6205
6125
6066
5954
6036
6132
6112
6149
6208
6124
6186
6161
6081
6205
6230
6118
6078
6076
6010
6036
6050
5968
5880
5847
5861
5840
5749
5760
5798
5809
5914
5930
5987
5985
6069
5998
5933
6023
6089
6152
6142
6218
6046
6132
6162
6148
5988
6063
6143
6161
6245
6175
6326
6438
6503
6518
6620
6665
6671
6812
6700
6572
6398
6389
6238
6224
6152
6133
6056
5955
6005
5984
5943
5961
5947
5975
5935
5928
5862
5808
5915
5899
5868
5807
5856
5820
5679
5696
5596
5639
5630
5551
5502
5523
5529
5561
5761
5881
5828
5785
5796
5731
5632
5699
5705
5609
5621
5491
5413
5518
5619
5502
5566
5630
5719
5698
5726
5800
5898
5951
6004
5922
6018
6068
6079
6206
6087
6040
6094
6103
6040
5983
5965
6001
5974
6027
6019
6050
6032
5961
5958
5969
5962
5880
5947
5775
5620
5630
5686
5611
5545
5508
5539
5509
5444
5377
5358
5364
5378
5494
5487
5484
5403
5366
5400
5415
5628
5689
5747
5659
5744
5853
5860
5906
5963
5900
5835
5808
5842
5681
5710
5718
5557
5596
5593
5638
5703
5720
5701
5694
5821
5772
5943
5974
5909
5903
5751
5698
5760
5683
5686
5777
5779
5830
5896
5992
6000
6089
6022
6255
6266
6181
6156
6190
6081
6160
6144
6014
5870
5770
5740
5793
5906
5981
5970
6082
6004
6027
5994
6042
5980
6036
6031
6165
6200
6256
6285
6340
6422
6467
6324
6329
6278
6267
6311
6371
6462
6474
6495
6588
6502
6457
6526
6412
6418
6390
6351
6481
6490
6565
6727
6644
6578
6479
6430
6387
6418
6370
6350
6376
6178
6276
6341
6344
6466
6322
6273
6175
6164
6139
6219
6188
6181
6327
6389
6348
6388
6364
6403
6505
6565
6589
6623
6660
6510
6497
6482
6549
6486
6614
6590
6613
6505
6547
6595
6544
6512
6501
6578
6581
6615
6587
6718
6592
6393
6403
6541
6571
6459
6476
6493
6545
6487
6561
6471
6442
6495
6427
6325
6344
6257
6290
6353
6250
6151
5994
6058
6059
6006
5951
5880
5908
5902
5931
6045
6116
6101
6017
5946
5992
6056
6073
6043
6004
6015
5966
6017
5952
5903
5948
5996
6110
6126
6090
6065
6060
6083
6161
6137
6205
6046
5978
6020
5979
5989
6009
5940
5932
5937
5776
5744
5818
5732
5766
5710
5656
5586
5544
5588
5721
5802
5862
5863
5896
5881
5922
5895
5937
6105
6091
6192
6357
6368
6404
6335
6369
6235
6187
6115
6143
6124
6070
6118
6034
6033
6028
5953
5925
5924
5817
5893
5929
5917
5938
5835
5652
5732
5792
5805
5801
5859
5756
5683
5636
5524
5574
5556
5578
5641
5683
5522
5614
5661
5588
5583
5644
5685
5709
5657
5617
5589
5780
5801
5824
5792
5763
5756
5655
5607
5617
5631
5503
5629
5677
5779
5888
5859
5859
5836
5974
6166
6218
6106
6212
6203
6166
6075
6011
6041
6054
6130
6205
6093
6298
6297
6246
6305
6218
6422
6532
6578
6677
6679
6621
6521
6621
6485
6430
6550
6554
6470
6553
6556
6633
6669
6566
6552
6453
6310
6356
6430
6387
6416
6422
6527
6611
6447
6453
6493
6611
6634
6639
6531
6371
6353
6318
6279
6245
6266
6204
6193
6154
6164
6171
6002
6104
6119
6065
6162
6106
6146
6151
6118
6095
6064
6152
6191
6235
6214
6216
6094
5980
5971
6075
6095
6036
5926
5926
5883
5876
5773
5927
5991
5898
5971
5942
6055
6080
6107
6115
6022
6039
6082
6068
6289
6325
6194
6033
6080
6110
6268
6355
6398
6285
6238
6219
6204
6178
6163
6213
6243
6306
6337
6378
6316
6385
6405
6368
6212
6140
6041
6014
6063
6140
6090
6197
6086
6037
6125
6214
6196
6200
6186
6254
6356
6312
6533
6388
6352
6292
6371
6361
6294
6221
6194
6222
6104
6014
6192
6128
6001
6083
6179
6104
6013
6005
5994
5921
5897
5914
6005
5993
6011
6009
6023
6005
6102
5942
5966
5960
5903
5922
5996
5938
5952
5889
5946
5941
5978
6034
5868
6026
6083
6020
6024
6023
5992
6070
6022
6028
6023
5958
5853
5792
5722
5720
5630
5781
5729
5737
5755
5671
5731
5652
5755
5753
5759
5704
5812
5772
5804
5791
5756
5904
6003
5925
5857
5837
5822
5929
5940
6034
5982
5893
5886
5904
5872
5855
5694
5757
5782
5839
5901
5843
5886
6032
6145
6150
6212
6335
6230
6242
6075
6048
6010
6036
6027
6081
6116
6017
5954
5978
6076
6088
6046
6168
6131
6055
5986
6001
6132
6201
6266
6378
6227
6104
6091
5951
5933
5757
5863
5952
5929
5907
5892
6064
5965
5981
6008
5978
5947
5948
6039
6070
6069
6171
6181
6196
6083
5909
5868
5873
5805
5753
5741
5790
5977
6064
6069
6096
6041
6035
6031
5836
5752
5754
5820
5875
5831
5769
5792
5608
5524
5561
5502
5481
5600
5640
5675
5750
5812
5778
5898
5867
5955
5932
6004
6004
5984
5976
5933
6072
6194
6203
6120
6095
5929
6019
5970
5869
5724
5695
5634
5710
5755
5810
5782
5763
5666
5543
5377
5317
5156
5040
5134
5039
4991
4959
4977
5125
5107
5113
5127
4990
4954
4846
4804
4746
4777
4782
4829
4948
4959
4839
4924
5031
5003
4989
5039
4979
4937
4875
4866
4865
4896
4828
4901
4748
4790
4840
4812
4798
4937
5075
4955
4898
4885
4883
4937
5000
4834
4840
4884
4944
4923
4861
4824
4681
4703
4515
4433
4392
4464
4492
4572
4516
4476
4377
4441
4563
4672
4709
4685
4696
4582
4552
4628
4502
4497
4350
4301
4373
4254
4344
4271
4348
4288
4280
4322
4420
4382
4408
4348
4406
4349
4398
4382
4393
4442
4481
4456
4411
4515
4523
4524
4483
4563
4553
4528
4434
4404
4314
4301
4212
4163
4180
4149
4220
4305
4221
4263
4266
4281
4274
4288
4352
4342
4377
4370
4309
4381
4451
4560
4555
4627
4647
4580
4647
4612
4736
4700
4649
4597
4603
4633
4545
4514
4517
4507
4511
4425
4393
4452
4544
4496
4427
4423
4463
4454
4483
4511
4434
4453
4449
4428
4466
4502
4500
4547
4576
4640
4611
4749
4795
4814
4812
4891
4896
4949
4825
4788
4748
4680
4684
4696
4724
4754
4769
4914
4869
4927
4849
4851
4860
4861
4946
5036
5061
5087
5131
5023
5130
5069
5134
5110
5070
5119
5037
4976
4909
4963
4951
4901
4968
5045
4952
5070
5087
4976
4979
5184
5120
5064
5002
5014
5060
5069
5064
5084
4968
5008
5126
5130
4950
4877
4843
4805
4877
4816
4728
4695
4809
4913
4801
4778
4715
4612
4693
4811
4756
4742
4769
4742
4736
4660
4734
4740
4793
4879
4899
4878
4888
4788
4668
4793
4787
4686
4619
4704
4676
4667
4680
4686
4719
4798
4876
4924
5087
5061
5084
5069
5020
4966
5014
4990
5036
5120
5089
5134
5140
5081
5174
5170
5266
5373
5374
5359
5348
5496
5499
5514
5469
5299
5402
5443
5416
5535
5580
5557
5569
5489
5528
5501
5545
5513
5479
5468
5403
5382
5320
5346
5385
5412
5442
5517
5480
5372
5372
5447
5452
5530
5508
5477
5473
5433
5505
5542
5510
5475
5467
5404
5506
5530
5625
5527
5537
5644
5620
5675
5738
5826
5920
6029
5917
6001
5975
6071
6151
6223
6249
6163
6076
6096
6086
6063
6024
6199
6220
6226
6180
6225
6269
6306
6248
6322
6327
6305
6313
6432
6261
6213
6286
6261
6242
6262
6239
6328
6400
6325
6448
6391
6368
6218
6265
6223
6229
6349
6437
6623
6346
6310
6228
6114
6003
5886
5860
5916
6009
5852
5829
5827
5740
5717
5716
5660
5698
5677
5495
5551
5552
5617
5618
5734
5693
5825
5903
6045
6038
5935
5904
5924
5953
6080
6054
5963
6060
5943
5913
5909
6131
6111
6133
6079
5970
6140
6113
6079
6023
6053
6207
6157
6142
6046
5934
5896
5847
5872
5826
5784
5793
5745
5731
5797
5772
5731
5803
5817
5872
5845
5943
5895
5951
5869
5927
5979
5973
6005
5907
5814
5708
5571
5509
5525
5561
5513
5506
5627
5544
5536
5473
5413
5431
5394
5376
5459
5364
5389
5402
5280
5333
5356
5328
5308
5234
5205
5256
5162
5128
5087
5084
5043
4986
4962
5005
5039
5018
4994
4938
4963
5099
5079
5086
5123
5168
5256
5186
5474
5552
5591
5590
5525
5531
5415
5443
5476
5502
5442
5392
5357
5315
5434
5485
5331
5238
5425
5386
5294
5289
5340
5227
5306
5319
5392
5258
5368
5278
5224
5161
5016
5002
5054
4989
5037
5062
5080
5138
5137
5046
5108
5101
5143
5115
5087
5160
5115
4933
4863
4932
4954
4948
4918
4880
4944
4931
4895
4902
4753
4677
4734
4653
4621
4786
4813
4869
4940
4859
4841
4905
5008
5050
5132
5272
5262
5212
5349
5311
5348
5360
5360
5382
5406
5574
5484
5423
5461
5511
5489
5527
5577
5460
5467
5506
5541
5479
5508
5518
5580
5497
5580
5520
5570
5660
5674
5854
5666
5642
5602
5565
5541
5494
5533
5514
5624
5521
5507
5470
5480
5500
5453
5470
5532
5637
5617
5675
5605
5668
5644
5687
5707
5787
5768
5852
5786
5813
5708
5793
5823
5778
5940
5929
5886
5915
5913
5830
5729
5707
5690
5804
5873
5835
5915
5876
5757
5744
5662
5692
5840
5929
5943
6050
6038
6050
5952
6008
6043
6036
6079
6019
6045
5986
6179
6099
6122
6226
6173
6326
6417
6318
6360
6465
6419
6298
6222
6189
6185
6151
6052
6207
6095
6150
6059
5968
5966
5955
5977
5905
5914
5911
5890
5990
6022
5971
5957
5850
5779
5836
5997
6029
6154
6191
6178
6334
6110
6159
6145
6122
6015
5949
5946
5928
6019
6046
6095
6153
6106
6128
6186
6249
6293
6319
6209
6206
6187
6265
6292
6320
6413
6370
6449
6457
6408
6480
6545
6596
6631
6616
6429
6473
6510
6418
6321
6292
6242
6228
6186
6325
6295
6124
6065
6028
6051
5961
6025
6005
5990
5914
5985
6026
5875
5846
5927
5876
5955
5811
5915
5906
6064
6013
6035
6062
6107
6211
6321
6325
6388
6590
6510
6599
6550
6653
6610
6693
6623
6509
6553
6602
6391
6562
6581
6502
6502
6629
6647
6476
6518
6495
6431
6434
6448
6411
6309
6255
6091
6116
6026
6163
6237
6182
6080
6061
5977
5830
5835
5949
5943
5833
5868
5859
5945
5866
5715
5780
5786
5832
5772
5717
5635
5565
5613
5846
5849
5845
6033
5904
5782
5922
6024
6160
6292
6142
6257
6173
6104
6077
6077
6130
6094
6233
6170
6091
6062
5929
6000
6041
6033
6042
5993
6109
6170
6161
6144
6190
6229
6263
6237
6251
6346
6244
6072
6215
6336
6299
6279
6342
6300
6319
6415
6407
6406
6472
6558
6633
6520
6472
6578
6577
6638
6686
6682
6681
6773
6867
6763
6603
6504
6471
6472
6469
6690
6696
6759
6844
6862
6875
6840
6791
6816
6890
6873
6907
6842
6806
6704
6725
6720
6750
6732
6792
6809
6728
6693
6630
6666
6707
6674
6581
6561
6679
6707
6639
6599
6492
6529
6637
6597
6573
6611
6655
6605
6577
6451
6537
6523
6506
6406
6465
6519
6363
6422
6502
6427
6424
6493
6560
6581
6559
6637
6604
6552
6566
6666
6620
6552
6445
6386
6264
6285
6213
6194
6162
6329
6342
6371
6417
6580
6581
6540
6654
6565
6622
6607
6448
6429
6537
6478
6527
6511
6473
6539
6607
6562
6513
6472
6318
6297
6284
6257
6299
6237
6245
6207
6108
6198
6341
6306
6300
6221
6359
6297
6279
6246
6299
6296
6248
6316
6310
6250
6250
6361
6336
6255
6319
6301
6423
6321
6256
6314
6344
6220
6231
6204
6085
5986
5930
6146
6184
6185
6151
6218
6180
6090
6170
6161
6231
6148
6087
6254
6110
6133
6274
6355
6410
6483
6579
6653
6723
6798
6819
6654
6672
6665
6804
6856
6790
6660
6652
6668
6788
6788
6664
6539
6390
6296
6410
6481
6427
6446
6463
6493
6593
6685
6638
6635
6575
6693
6788
6850
6963
6875
6882
6913
6865
6925
6960
7107
7019
7041
6982
6972
6811
6705
6678
6620
6546
6359
6408
6494
6533
6532
6586
6662
6666
6717
6699
6679
6621
6422
6472
6460
6499
6663
6663
6687
6811
6899
7071
7029
7016
7067
6992
6931
6829
6856
6801
6812
6785
6713
6851
6808
6687
6591
6573
6697
6698
6591
6613
6643
6647
6723
6811
6841
6832
6771
6841
6843
6702
6636
6406
6340
6247
6180
6268
6259
6253
6460
6432
6368
6302
6299
6442
6489
6331
6313
6306
6263
6330
6456
6370
6428
6474
6386
6446
6357
6319
6318
6191
6179
6122
6243
6261
6253
6209
6167
6109
6201
6217
6156
6056
6037
5901
5868
5816
6019
5894
5942
5976
5952
5946
5884
5935
5951
5983
6001
6095
6198
6239
6292
6311
6241
6303
6315
6142
6123
6110
6172
6175
6177
6098
6125
6161
6049
5980
5907
6018
5991
6056
6027
6004
5952
6017
5887
5882
5928
5996
6109
6068
6126
6115
6100
6032
5925
5953
5891
5854
5931
5798
5901
5880
5892
5882
5866
5752
5782
5903
5860
5827
5699
5714
5666
5701
5636
5604
5554
5511
5466
5496
5473
5451
5429
5452
5382
5361
5385
5424
5480
5507
5549
5330
5266
5265
5364
5463
5368
5188
5292
5359
5343
5371
5382
5444
5584
5548
5488
5492
5451
5447
5441
5468
5393
5335
5386
5450
5489
5482
5597
5625
5605
5638
5580
5570
5608
5609
5696
5676
5712
5752
5857
5885
5959
5909
5805
5821
5796
5669
5739
5848
5676
5581
5559
5544
5467
5505
5487
5434
5391
5273
5347
5266
5353
5305
5392
5329
5370
5354
5345
5352
5295
5362
5341
5303
5241
5204
5260
5280
5321
5404
5356
5363
5419
5462
5535
5534
5630
5527
5719
5813
5845
5796
5818
5735
5820
5683
5760
5810
5832
5825
5868
5822
5845
5970
6187
6199
6214
6185
6153
6049
6021
6044
5889
5910
5982
5943
6004
6063
6050
6207
6206
6239
6299
6253
6182
6229
6290
6210
6110
6110
6052
6017
6028
6007
6068
6095
6102
6097
5998
5989
6030
6060
5951
5806
5761
5696
5745
5703
5539
5541
5476
5489
5408
5510
5476
5506
5625
5556
5588
5581
5574
5538
5511
5562
5525
5553
5487
5513
5496
5668
5672
5679
5651
5736
5760
5755
5732
5847
5797
5893
5781
5747
5682
5678
5750
5677
5696
5613
5674
5782
5830
5849
5842
5812
5879
5808
5891
5796
5717
5685
5583
5564
5456
5489
5607
5566
5566
5676
5542
5528
5497
5411
5354
5394
5448
5568
5574
5538
5605
5487
5471
5484
5547
5525
5582
5628
5657
5666
5731
5733
5783
5886
5821
5797
5775
5675
5726
5696
5839
5770
5842
5843
5867
5771
5885
5896
5904
5842
5717
5809
5813
5810
5738
5674
5673
5697
5744
5629
5692
5623
5608
5649
5648
5594
5677
5769
5721
5744
5907
6063
6115
6275
6200
6317
6383
6437
6347
6417
6402
6370
6379
6341
6336
6356
6469
6426
6217
6303
6295
6249
6275
6314
6312
6322
6374
6353
6437
6415
6475
6447
6540
6486
6424
6322
6146
6072
6059
6011
6129
6214
6153
6115
6152
6191
6314
6214
6188
6148
6082
6153
6127
6100
6205
6272
6195
6162
6226
6220
6349
6356
6331
6425
6414
6226
6176
6099
6028
6082
6199
6180
6217
6322
6254
6279
6320
6363
6383
6412
6428
6430
6309
6415
6484
6550
6403
6521
6331
6327
6349
6264
6275
6243
6172
6328
6323
6472
6363
6299
6211
6179
6098
6100
6149
6159
6211
6248
6130
6039
6087
5927
5947
5948
5767
5741
5739
5818
5736
5697
5680
5619
5590
5666
5679
5672
5821
5816
5677
5578
5590
5745
5833
5589
5569
5601
5605
5501
5562
5501
5460
5524
5350
5257
5214
5175
5194
5163
5092
5047
5202
5277
5337
5460
5409
5432
5486
5599
5594
5585
5649
5698
5731
5696
5731
5740
5721
5775
5761
5629
5618
5686
5643
5529
5482
5553
5579
5621
5605
5659
5642
5649
5792
6065
5953
6127
6083
6000
6017
6085
6000
5933
5896
5980
6025
6109
6176
6128
6065
6073
6154
6139
6024
6024
6185
6036
6183
6263
6236
6277
6304
6407
6350
6373
6238
6216
6081
6051
6011
6024
6073
6111
6078
6121
6122
6075
6034
5978
5949
5898
5962
6031
5984
5981
6131
6244
6299
6335
6254
6228
6084
6158
6212
6270
6292
6373
6217
6249
6122
6075
5943
5971
5959
5959
5983
6086
6079
6209
6241
6319
6339
6331
6301
6315
6338
6283
6232
6263
6216
6145
6262
6151
6152
6178
6154
6201
6256
6206
6082
6067
6037
6007
5914
5822
6001
5949
5982
6014
5944
5903
5867
5821
5811
5863
5949
6005
5821
5742
5669
5538
5610
5676
5683
5798
5844
5780
5755
5941
5980
5975
6184
6126
6122
6186
6032
5975
5814
5922
6041
6128
6226
6199
6192
6229
6174
6206
6245
6295
6389
6332
6228
6215
6198
6189
6009
6051
6066
5988
5967
6046
5914
5921
5995
6030
6151
6283
6353
6281
6210
6164
6202
6243
6287
6332
6383
6408
6351
6319
6348
6390
6241
6207
6157
6237
6029
6023
6044
6030
5957
5931
6066
5969
6013
6079
6197
6222
6104
6099
6096
5900
6038
6016
5955
6022
6173
6161
6269
6309
6228
6317
6303
6276
6255
6276
6345
6379
6353
6280
6330
6256
6375
6326
6175
6171
6120
6127
6119
6165
6121
6189
6084
6027
5946
5843
5806
5703
5647
5777
5785
5839
5881
5870
5832
5911
5787
5860
5750
5674
5730
5893
5977
6094
5983
5971
5986
5932
5788
5744
5696
5678
5682
5575
5696
5649
5568
5579
5643
5657
5705
5748
5806
5790
5712
5814
5985
5928
6075
6005
5959
5857
5842
5711
5779
5807
5820
5792
5714
5766
5658
5617
5647
5717
5771
5730
5677
5710
5725
5772
5735
5723
5759
5763
5756
5766
5806
5816
5800
5879
5863
5879
5711
5756
5906
5886
5936
5864
5836
5696
5688
5688
5739
5751
5641
5690
5702
5762
5764
5760
5695
5770
5787
5706
5719
5878
5919
5762
5667
5641
5604
5683
5669
5716
5706
5729
5686
5516
5574
5517
5519
5610
5613
5703
5806
5850
5744
5694
5688
5696
5790
5695
5768
5650
5677
5655
5604
5523
5580
5714
5733
5768
5744
5815
5881
5982
6015
6021
5990
5987
6089
6091
6160
5982
5948
5965
5928
5768
5866
5910
5874
5830
5924
5915
5922
5955
5953
6115
6112
6038
5970
5877
5861
5873
5640
5687
5616
5675
5524
5489
5541
5550
5631
5756
5748
5708
5698
5768
5899
5879
5818
5838
5798
5811
5700
5703
5691
5651
5546
5590
5481
5512
5447
5385
5336
5441
5393
5289
5340
5373
5362
5404
5323
5341
5345
5372
5452
5339
5348
5495
5416
5394
5369
5355
5322
5375
5341
5208
5111
5034
5074
5098
5117
5119
5036
4891
4841
4615
4616
4640
4726
4874
4924
4864
4856
4817
4829
4908
4961
4932
4898
4939
4814
4913
4976
4995
4933
4952
4995
4849
4754
4795
4864
4754
4809
4862
4810
4908
4951
4987
5003
4942
4917
4892
5012
4975
5006
4993
4965
4949
4970
4995
4950
4893
4946
4995
5075
5046
5102
5036
5243
5076
5168
5131
5071
5186
5149
5228
5270
5212
5165
5125
5219
5237
5197
5259
5222
5230
5187
5190
5276
5265
5303
5316
5313
5231
5151
5173
5150
5117
5142
5401
5321
5464
5548
5559
5568
5564
5613
5528
5481
5407
5440
5360
5414
5438
5399
5355
5269
5188
5168
5206
5276
5386
5459
5349
5359
5264
5264
5178
5061
5162
5159
5310
5284
5366
5384
5349
5428
5410
5500
5580
5516
5499
5376
5433
5373
5388
5412
5584
5609
5768
5827
5874
6055
6091
6092
6222
6076
6128
6111
6015
6031
6201
6204
6115
6034
5955
6013
6032
5958
6090
6037
6007
5934
6057
5909
5907
5920
5816
5904
6019
5993
5973
5948
6005
5937
5970
5901
5866
5788
5838
5871
5883
5818
5782
5770
5788
5913
5982
5914
5870
5836
5766
5806
5848
5783
5715
5731
5817
5711
5701
5671
5703
5626
5624
5641
5580
5578
5684
5651
5753
5858
5795
5748
5743
5732
5823
5767
5656
5595
5544
5494
5443
5502
5474
5517
5588
5562
5597
5682
5646
5622
5554
5445
5457
5361
5444
5404
5439
5402
5498
5452
5473
5392
5345
5329
5321
5156
5267
5261
5210
5266
5195
5331
5199
5295
5267
5377
5350
5326
5246
5079
4973
5087
5044
5035
5052
5050
5061
5101
5096
5193
5247
5293
5357
5406
5295
5369
5378
5401
5395
5548
5583
5480
5500
5526
5584
5560
5605
5692
5668
5533
5595
5502
5517
5665
5640
5650
5664
5710
5631
5602
5528
5457
5379
5418
5430
5416
5508
5481
5539
5468
5551
5540
5544
5628
5623
5684
5669
5548
5546
5572
5503
5384
5521
5373
5527
5553
5577
5634
5669
5613
5660
5698
5769
5725
5810
5746
5592
5649
5702
5595
5638
5652
5618
5752
5785
5655
5605
5610
5543
5499
5478
5451
5397
5287
5224
5055
5105
5174
5116
5080
5066
5106
5141
5179
5192
5250
5250
5201
5186
5213
5255
5241
5287
5345
5320
5445
5539
5527
5684
5761
5677
5601
5629
5640
5638
5619
5620
5600
5605
5456
5463
5389
5336
5417
5492
5591
5622
5615
5642
5694
5742
5742
5733
5878
5873
5821
5737
5707
5754
5819
5966
6061
6171
6204
6161
6265
6136
6161
6052
5948
5887
5880
5804
5864
5977
5912
5818
5901
5959
6036
5988
6065
5982
6043
6134
5999
6037
6104
6042
6056
6054
6107
6071
6294
6336
6286
6299
6351
6516
6354
6195
6041
5932
6000
6019
5954
6073
6166
6120
6175
6129
6122
6045
6147
6132
6094
6172
6108
6109
6143
6181
6055
6057
6061
6280
6279
6319
6396
6378
6440
6283
6296
6242
6371
6439
6539
6630
6686
6504
6576
6542
6509
6558
6372
6405
6282
6225
6087
6101
6136
6230
6060
6166
6234
6137
6246
6235
6244
6080
6076
6215
6303
6282
6235
6198
6084
6048
6041
6018
6022
5897
5904
5989
6013
6027
6051
6183
6212
6279
6208
6262
6197
6081
5982
6093
5931
6002
6019
5931
5785
5821
5790
5682
5675
5714
5660
5703
5568
5463
5421
5455
5424
5464
5514
5569
5579
5554
5413
5441
5393
5419
5484
5560
5428
5344
5307
5330
5398
5389
5458
5371
5324
5300
5358
5318
5378
5416
5481
5521
5575
5695
5634
5590
5685
5732
5858
5895
5900
6003
5945
5943
5927
5912
6011
6126
6163
6145
6095
6181
6148
6085
6160
6111
6033
6026
6032
6045
6021
6111
6151
6066
6140
6081
6093
6094
6073
6006
6020
5948
6103
6082
6078
6131
6228
6207
6270
6256
6308
6368
6336
6398
6368
6386
6254
6371
6434
6441
6508
6356
6230
6208
6133
6160
6219
6252
6167
6143
6206
6324
6285
6273
6293
6358
6369
6327
6165
6219
6079
6083
6052
6141
6204
6147
6174
6221
6358
6402
6444
6562
6665
6478
6455
6566
6585
6582
6587
6461
6571
6678
6474
6535
6496
6419
6427
6353
6361
6317
6273
6153
6228
6131
6021
5945
5810
5768
5721
5697
5706
5717
5679
5659
5655
5647
5578
5562
5565
5619
5689
5633
5713
5728
5761
5674
5629
5583
5588
5444
5475
5594
5546
5602
5583
5655
5655
5741
5799
5853
5803
5890
6008
6132
6133
6099
6185
6143
6051
6014
6158
6108
6069
6113
5969
6010
5960
5998
6161
6312
6280
6296
6267
6433
6401
6311
6187
6181
6194
6196
6203
6142
6144
6140
6277
6422
6421
6414
6448
6306
6190
6294
6271
6220
6002
5864
5874
5898
6018
6008
6231
6215
6110
6224
6167
6028
6019
5942
5981
5945
5754
5697
5723
5541
5581
5604
5574
5691
5623
5544
5623
5607
5556
5648
5583
5570
5578
5666
5696
5671
5688
5661
5663
5627
5768
5813
5842
5681
5766
5754
5695
5757
5750
5687
5753
5815
5732
5713
5642
5657
5767
5837
5874
5821
5754
5727
5619
5652
5719
5731
5797
5840
5847
5885
5810
5956
6021
6104
6210
6141
6154
6180
6126
6246
6244
6225
6356
6287
6200
6283
6171
6219
6197
6220
6172
6249
6077
5990
6114
6131
6140
6105
6178
6126
6011
5984
5813
5881
5976
6034
6096
6194
6110
6052
6136
6104
6058
6083
6118
6137
6212
6230
6280
6209
6289
6379
6472
6383
6294
6401
6447
6375
6376
6344
6143
6269
6324
6273
6291
6247
6237
5977
5861
5812
5899
5924
5866
5955
5979
5982
5955
5888
5888
5856
5919
5971
5949
5842
5847
5916
5808
5652
5632
5716
5780
5698
5700
5600
5596
5597
5685
5541
5530
5428
5498
5406
5393
5270
5366
5353
5444
5372
5482
5452
5572
5602
5701
5712
5765
5626
5700
5661
5637
5669
5670
5660
5601
5634
5603
5619
5752
5728
5798
5852
5852
5865
5817
5819
5904
5941
5872
5909
5879
5951
5924
5919
5937
5935
6048
5864
5708
5740
5726
5804
5879
5892
5953
5906
5763
5750
5755
5824
5737
5705
5879
5929
5782
5835
5767
5737
5765
5797
5889
5989
5959
5980
5938
5920
5913
5845
5828
5830
5919
5752
5833
5899
5837
5837
5731
5688
5680
5689
5719
5769
5652
5573
5516
5402
5405
5423
5418
5314
5153
5193
5299
5216
5217
5182
5219
5257
5185
5238
5192
5205
5232
5164
5138
5123
5092
5176
5285
5218
5147
5047
5034
5113
5142
5158
5310
5358
5477
5367
5482
5483
5349
5411
5498
5620
5695
5760
5789
5792
5803
5732
5691
5858
5990
5860
5861
5757
5751
5745
5672
5705
5664
5725
5793
5809
5692
5589
5615
5631
5493
5488
5313
5126
5129
5164
5268
5171
5129
5175
5226
5176
5137
5079
5015
5025
5085
5091
5109
5141
5099
5010
5154
5160
5144
5247
5129
5085
5174
5208
5190
5294
5303
5236
5137
5272
5360
5297
5065
5189
5176
5291
5173
5128
5122
5111
5093
5106
5205
5070
5195
5294
5331
5395
5266
5327
5315
5191
5188
5127
5188
5180
5290
5272
5303
5251
5377
5365
5323
5299
5315
5394
5606
5663
5704
5728
5565
5564
5558
5481
5447
5453
5506
5458
5453
5361
5319
5428
5334
5428
5450
5334
5447
5413
5497
5511
5504
5445
5467
5610
5548
5706
5634
5765
5748
5688
5675
5526
5528
