505000
200332
141612
111261
92080
79179
69594
61898
56697
51867
48145
44633
41553
38822
36615
34656
32826
31187
29903
28842
27525
26631
25695
25005
24324
23622
23055
22526
22064
21467
20890
20420
19916
19553
19226
18918
18481
17760
17407
16964
16512
16291
15976
15710
15311
15015
14775
14597
14392
14066
13829
13492
13539
13541
13390
13132
12932
12889
12743
12519
12400
12183
11960
11848
11676
11600
11375
11224
10783
10586
10427
10440
10336
10229
10169
9982
9925
9794
9699
9707
9719
9619
9619
9626
9464
9596
9455
9351
9112
8958
8918
8888
8846
8818
8802
8822
9009
8993
9020
9069
8987
9049
8979
8828
8859
8652
8677
8627
8591
8534
8463
8231
8255
8376
8212
8277
8250
8258
8433
8430
8293
8330
8309
8163
8002
7976
8048
7954
8021
8054
8054
8005
8029
7961
7959
7947
7921
8054
7983
7896
7857
7842
7891
7824
7591
7687
7818
7720
7784
7686
7623
7585
7574
7629
7602
7618
7620
7625
7664
7681
7699
7724
7762
7640
7689
7791
7538
7501
7497
7364
7359
7327
7353
7214
7161
7273
7284
7137
7221
7047
7016
7045
7148
7048
7092
7173
7246
7215
7084
7237
7289
7254
7323
7343
7311
7168
7111
7106
7190
7253
7174
7060
7028
7017
7160
6875
6852
7013
6999
7072
6891
6885
6924
6780
6793
6889
6857
6671
6648
6692
6760
6727
6790
6794
6785
6916
6904
6814
6801
6704
6635
6576
6523
6528
6538
6596
6670
6680
6534
6444
6379
6332
6374
6400
6475
6520
6500
6380
6421
6302
6327
6288
6203
6313
6280
6295
6252
6249
6246
6148
6135
6154
6336
6313
6225
6185
6113
6022
6029
6162
6169
6199
6218
6240
6287
6199
6269
6208
6159
6128
6014
5922
5930
5951
5702
5610
5584
5513
5578
5539
5555
5532
5532
5608
5501
5508
5406
5298
5260
5199
5253
5223
5268
5269
5139
5065
5181
5138
5114
5121
5025
4986
4895
4985
4985
4995
4970
5027
5105
5004
4992
5064
5166
4993
4922
4912
4843
4792
4787
4844
4977
5068
4968
5094
5076
5067
5112
5179
5356
5368
5307
5216
5263
5221
5217
5254
5326
5259
5051
5139
5082
5100
5103
5048
5173
5175
5278
5318
5327
5395
5476
5562
5515
5581
5659
5631
5623
5838
5867
5958
5896
5826
5977
5890
6043
5948
5918
5980
5949
5908
5917
5886
5810
5780
5811
5890
5927
5998
5971
6009
6097
6009
5845
6001
6020
6066
5990
5980
5936
6090
6040
6013
6122
6117
6167
6246
6340
6363
6459
6351
6420
6404
6448
6325
6277
6299
6331
6390
6487
6582
6534
6606
6606
6524
6442
6356
6385
6290
6309
6403
6408
6340
6235
6267
6334
6419
6338
6347
6344
6194
6266
6153
6173
6085
6011
6113
6164
6140
6039
6100
6005
6071
6111
6033
6072
6059
5949
6070
6085
6047
6146
6032
6035
5941
5893
5967
5880
5786
5783
5804
5887
5942
5941
5986
6019
5946
5975
5985
6084
6084
6020
6112
6136
6094
6069
5991
5938
5988
5873
5987
5861
5865
5922
5947
6000
5880
6004
5873
6008
6011
5969
5841
5844
5908
5951
5978
6017
6010
5948
5863
5804
5722
5620
5645
5674
5680
5625
5614
5637
5785
5909
5901
6025
5985
6064
5965
5980
6028
6080
6076
6119
6138
6232
6139
6157
6208
6132
6066
6132
6107
6109
5963
5956
5912
6000
5932
5930
5817
5885
5936
5874
5946
5860
5737
5652
5513
5490
5400
5515
5610
5679
5772
5631
5658
5726
5773
5758
5656
5498
5420
5445
5424
5412
5399
5313
5472
5529
5557
5588
5618
5671
5607
5549
5498
5423
5478
5555
5604
5615
5608
5655
5561
5512
5353
5283
5394
5459
5421
5346
5296
5232
5264
5186
5182
5111
5163
5034
5124
5118
5140
5222
5174
5178
5297
5241
5208
5257
5296
5112
5032
4820
4926
4950
5023
5123
5091
5075
5003
5028
5024
5168
5198
5181
5154
5146
5166
5122
5192
5286
5174
5101
5206
5248
5198
5083
4959
5036
5076
5099
5125
5062
5090
5080
5034
5097
5197
5143
5176
5254
5221
5255
5168
5247
5260
5070
4989
5078
5154
5058
5090
5084
5021
4925
4884
4882
4897
4750
4743
4806
4835
4926
4970
4951
4856
4843
4708
4804
4843
4920
4934
4825
4733
4787
4860
4797
4758
4770
4794
4869
4973
4903
4801
4806
4796
4728
4783
4762
4595
4697
4609
4816
4795
4685
4736
4723
4772
4773
4807
4829
4691
4596
4642
4515
4429
4356
4286
4283
4408
4328
4383
4337
4440
4391
4401
4344
4367
4326
4349
4341
4341
4248
4275
4287
4315
4268
4362
4344
4497
4524
4568
4660
4585
4764
4889
4923
4896
4950
4929
4922
5045
5048
5133
5037
5104
5120
5090
5091
5003
5035
5085
5150
5130
5134
5156
5277
5327
5266
5319
5278
5273
5296
5334
5372
5450
5580
5515
5513
5481
5459
5486
5671
5705
5721
5633
5602
5656
5691
5605
5549
5551
5560
5555
5497
5478
5497
5550
5556
5564
5495
5526
5545
5445
5317
5197
5246
5254
5279
5332
5294
5269
5324
5335
5186
5161
5044
5106
5050
4955
4891
4796
4888
5023
4988
4937
4957
4944
4938
4950
5005
5027
5022
5048
5145
5070
4934
5083
5146
5126
5221
5253
5234
5193
5224
5272
5255
5265
5207
5278
5232
5137
5171
5121
5070
5018
5004
5006
5057
5069
5041
5029
5183
5146
5186
5037
5001
5035
5049
4960
4877
4933
5004
5076
5051
5173
5252
5307
5360
5387
5417
5306
5370
5388
5377
5401
5418
5465
5562
5469
5517
5505
5461
5576
5574
5680
5681
5660
5666
5601
5693
5669
5569
5602
5616
5665
5484
5452
5677
5709
5746
5650
5670
5680
5763
5717
5755
5796
5919
5933
5924
5969
6000
5920
5965
5829
5834
5796
5861
5835
5994
5977
6096
6092
6119
6173
6283
6247
6223
6267
6339
6381
6418
6336
6263
6383
6422
6416
6472
6422
6275
6258
6195
6112
6200
6219
6317
6379
6290
6316
6224
6167
6283
6302
6416
6471
6409
6422
6380
6391
6584
6544
6567
6652
6724
6764
6704
6706
6808
6761
6726
6660
6590
6579
6464
6504
6553
6488
6529
6560
6569
6558
6492
6426
6527
6578
6437
6414
6472
6417
6461
6375
6209
6199
6092
6058
5967
5962
5970
5980
5955
5939
5824
5913
6028
5942
5999
6028
6019
5997
6020
6082
6092
5955
5945
5956
5823
5805
5781
5777
5802
5908
6065
6115
6223
6169
6182
6166
6131
6113
6017
6047
6101
6200
6260
6263
6176
6107
6035
6086
6117
6161
6046
6003
6006
6066
5991
6077
6000
5898
6070
6126
6038
5931
5944
6025
6104
6134
6101
6151
6121
6181
6133
6075
6002
5973
5896
6052
6048
5961
6010
6056
6124
5990
6019
6039
6081
6078
6038
5976
5931
6026
6011
6105
6162
6072
6106
6143
6033
5937
5877
5936
5823
5840
5902
5931
5913
5790
5751
5845
5897
5734
5859
5891
5863
5927
5892
5770
5763
5889
5918
6013
5983
5971
5984
5911
5912
5957
5934
5902
5937
6061
6053
6074
6146
6017
6083
5961
6020
6017
5873
5916
5919
5839
5842
5851
5889
6027
6122
5937
5933
5969
6042
5987
6037
6159
6242
6206
6244
6343
6451
6353
6360
6198
6110
6182
6203
6084
6008
6044
6040
6177
6200
6123
6230
6250
6170
6264
6285
6266
6343
6463
6524
6412
6508
6433
6428
6438
6438
6447
6485
6524
6586
6591
6567
6603
6742
6755
6777
6940
6957
6877
6958
6870
6864
6803
6767
6802
6679
6666
6531
6424
6576
6531
6546
6603
6634
6646
6740
6765
6730
6860
6779
6652
6648
6643
6636
6631
6598
6459
6620
6702
6668
6803
6898
6889
6975
7054
6923
6929
6687
6615
6603
6652
6542
6556
6478
6488
6463
6297
6351
6367
6473
6438
6414
6463
6426
6341
6308
6442
6407
6421
6321
6325
6362
6367
6265
6327
6357
6290
6340
6100
6121
6023
6138
6083
5952
5983
5950
5911
5892
5939
5951
5811
5820
5843
5882
5902
5981
5946
5899
5859
5859
5931
5893
5966
5997
5881
5938
6034
6145
6116
6116
6029
5959
5978
6092
6104
6027
6002
6073
5985
5937
5961
6041
6041
6206
6232
6189
6201
6239
6166
6160
6261
6315
6239
6175
6177
6299
6253
6169
6251
6238
6165
6120
6141
6150
6206
6176
6149
6187
6207
6093
6025
6072
6139
6161
6174
6162
6203
6031
5962
5885
5813
5868
5854
5741
5701
5606
5628
5635
5673
5658
5577
5592
5643
5623
5628
5666
5593
5558
5544
5492
5510
5424
5488
5324
5292
5242
5301
5194
5122
5161
5178
5243
5393
5445
5348
5416
5372
5496
5502
5557
5447
5415
5377
5355
5297
5195
5210
5234
5111
5054
4927
4859
4925
5018
4992
4908
4933
4938
4909
4824
4767
4866
4755
4800
4873
4911
4978
4997
5088
5135
5234
5320
5303
5306
5291
5224
5152
5232
5140
5156
5076
5021
5056
5079
5026
5053
4982
5011
5056
5110
5085
5109
5142
5245
5235
5145
5209
5322
5369
5590
5535
5604
5684
5572
5550
5587
5587
5688
5624
5541
5552
5662
5755
5755
5653
5690
5751
5859
5864
5946
5950
5863
5656
5646
5733
5683
5593
5662
5734
5691
5713
5794
5732
5615
5588
5627
5630
5547
5482
5601
5559
5509
5560
5540
5507
5443
5425
5436
5429
5535
5637
5766
5750
5692
5716
5740
5845
5973
6051
6136
5987
5997
5881
5810
5751
5616
5607
5570
5560
5581
5618
5545
5562
5456
5464
5547
5579
5591
5635
5652
5685
5605
5582
5658
5580
5550
5449
5486
5503
5644
5564
5545
5555
5491
5477
5511
5537
5551
5646
5731
5734
5729
5722
5826
5799
5793
5901
5845
5811
5910
5949
6000
5974
6000
5973
5937
5880
5903
5823
5907
5927
5918
5802
5754
5674
5657
5648
5620
5706
5704
5790
5761
5852
5749
5642
5674
5559
5730
5744
5790
5725
5730
5697
5637
5537
5476
5524
5538
5536
5446
5595
5645
5548
5563
5577
5597
5584
5552
5544
5465
5555
5511
5490
5512
5475
5513
5413
5479
5472
5425
5354
5415
5384
5454
5358
5472
5485
5572
5662
5605
5580
5559
5613
5460
5459
5423
5555
5587
5670
5647
5603
5755
5747
5739
5778
5744
5786
5840
5915
5909
5852
5763
5644
5596
5605
5574
5589
5628
5618
5562
5611
5754
5912
5922
5901
5858
5736
5783
5692
5651
5634
5527
5445
5375
5322
5331
5347
5466
5348
5354
5373
5378
5416
5372
5312
5257
5381
5261
5067
5170
5249
5190
5135
5107
5191
5238
5100
5129
4975
5059
5082
5061
5112
5166
5212
5176
5223
5315
5348
5333
5370
5404
5397
5527
5516
5572
5646
5684
5577
5681
5635
5657
5720
5807
5773
5800
5741
5695
5673
5686
5774
5797
5798
5824
5763
5794
5832
5648
5490
5555
5629
5686
5760
5735
5773
5792
5783
5734
5689
5589
5558
5662
5512
5531
5493
5432
5554
5643
5621
5703
5728
5828
5791
5754
5799
5639
5605
5514
5607
5496
5394
5391
5491
5438
5442
5494
5406
5445
5408
5368
5361
5402
5437
5530
5534
5638
5669
5580
5672
5860
5844
5915
5843
5699
5755
5860
6018
6067
5954
5859
5777
5685
5743
5773
5837
5761
5806
5714
5755
5913
6020
5970
6052
6133
6125
6258
6321
6274
6247
6296
6254
6108
5997
6047
5988
5979
5944
5877
5929
5851
5953
6008
6187
6090
6118
6040
6045
6152
6221
6126
6264
6198
6054
6027
5998
6027
6085
6152
6234
6263
6293
6198
6330
6398
6356
6421
6336
6332
6325
6165
6099
6021
6072
5973
5907
6011
6012
5976
5977
5877
5853
5857
5738
5627
5565
5418
5275
5384
5347
5326
5374
5267
5247
5291
5243
5418
5257
5213
5208
5233
5285
5315
5300
5404
5444
5324
5368
5450
5545
5476
5441
5575
5662
5625
5730
5757
5708
5712
5790
5728
5803
5770
5737
5821
5745
5737
5885
5769
5715
5763
5757
5713
5845
5854
5904
5914
5891
5927
5881
5879
5762
5737
5738
5722
5652
5670
5675
5675
5695
5562
5626
5603
5631
5634
5669
5581
5699
5700
5834
5859
5849
5816
5813
5684
5582
5516
5504
5580
5548
5645
5523
5511
5526
5632
5747
5785
5775
5818
5931
5947
5921
5915
5838
5798
5873
5846
5977
5919
5841
5955
6044
6052
6010
6036
5971
6034
6092
6203
6286
6175
6203
6244
6278
6238
6247
6135
6054
6156
6202
6186
6030
6029
6215
6165
6179
6252
6166
6101
6149
6062
6111
6083
6184
6258
6173
6225
6133
6039
5973
5996
5977
5988
5970
5980
6035
6155
6128
6154
5925
5864
5896
5987
5934
5994
6004
5993
6010
5925
5981
5818
5930
6148
6181
6178
6130
5999
5903
5855
5857
5726
5822
5806
5836
5911
5891
5936
6003
5847
5916
5997
5986
5912
5905
5806
5888
5832
5939
5978
5945
5930
5927
5723
5736
5728
5643
5659
5607
5609
5614
5595
5608
5625
5519
5643
5631
5553
5582
5586
5658
5569
5680
5734
5767
5825
5896
5989
5959
5888
5857
5792
5658
5707
5535
5490
5333
5226
5233
5255
5419
5355
5455
5576
5631
5653
5709
5571
5687
5711
5771
5736
5697
5707
5666
5600
5681
5515
5557
5530
5607
5512
5599
5708
5704
5701
5732
5677
5596
5544
5331
5361
5345
5279
5311
5328
5332
5290
5274
5236
5328
5304
5434
5432
5446
5470
5605
5591
5691
5742
5830
5863
5924
6012
6195
6330
6339
6281
6466
6596
6592
6536
6368
6377
6279
6268
6265
6216
6276
6254
6132
6194
6173
6172
6176
6268
6228
6143
6126
6096
5889
5785
5938
5966
5944
5873
5819
5862
5859
5732
5710
5678
5869
5868
5787
5778
5737
5734
5776
5748
5938
5834
5705
5777
5738
5829
5865
5848
5874
5878
5810
5803
5840
5875
5987
5946
5904
5965
6003
5941
5957
6033
6003
6066
6012
6080
6219
6201
6232
6186
6153
6173
6036
6128
6073
6114
6112
6202
6123
6226
6239
6332
6276
6362
6359
6482
6302
6323
6545
6628
6384
6301
6478
6459
6432
6377
6609
6747
6628
6698
6625
6685
6749
6737
6541
6422
6385
6381
6350
6445
6426
6315
6246
6069
6107
6187
6252
6235
6218
6105
6038
5986
5956
5966
6037
5948
5944
5918
5924
5848
5828
5809
5773
5744
5729
5728
5668
5702
5692
5657
5705
5705
5704
5696
5749
5789
5718
5604
5571
5605
5443
5375
5397
5413
5367
5445
5424
5420
5550
5516
5483
5515
5566
5452
5425
5332
5301
5228
5269
5218
5160
5172
5194
5271
5052
5109
5074
5047
5016
4889
4819
4882
5036
4993
5014
5005
5048
5051
5034
5023
5031
5163
5043
4960
5161
5327
5379
5313
5230
5278
5211
5248
5333
5277
5276
5252
5327
5189
5221
5148
5081
5077
5056
5043
5112
4946
5110
5090
5155
5195
5138
5094
5213
5224
5285
5242
5231
5320
5310
5466
5540
5597
5523
5484
5491
5419
5362
5423
5408
5493
5568
5549
5615
5657
5688
5698
5706
5609
5666
5608
5574
5586
5551
5409
5396
5240
5263
5365
5483
5555
5490
5481
5360
5254
5371
5281
5218
5149
5191
5281
5194
5253
5260
5250
5237
5287
5384
5242
5231
5071
5071
5126
5169
5181
5152
5146
5068
4963
4885
4885
4814
4881
4920
4938
5024
5079
5012
4943
4907
5050
5027
5065
5159
5203
5147
5057
5025
5018
4981
5007
4963
4871
4722
4648
4589
4585
4597
4657
4687
4683
4657
4582
4613
4601
4540
4554
4551
4538
4428
4445
4436
4512
4551
4528
4668
4725
4687
4712
4781
4799
4861
4821
4865
4930
4931
4986
4994
4917
4825
4868
4933
4959
5060
5092
5014
5044
5051
5018
5077
5011
4897
4787
4761
4847
4795
4853
4864
4923
5013
4990
5114
5251
5248
5220
5198
5137
5115
5051
5095
5125
5033
5047
5054
5154
5143
5069
5031
4994
4922
4945
4859
4944
5052
4988
5059
4983
4943
4973
4923
4834
4869
4943
5027
5061
5024
5085
5232
5270
5365
5434
5378
5316
5347
5348
5235
5328
5305
5283
5299
5187
5202
5076
5103
5126
5180
5120
5103
5113
5105
5142
5234
5263
5315
5255
5337
5297
5336
5378
5360
5268
5280
5333
5342
5359
5417
5430
5390
5273
5319
5306
5346
5299
5528
5556
5551
5543
5598
5549
5466
5504
5336
5296
5279
5259
5282
5272
5170
5232
5428
5449
5442
5324
5281
5273
5476
5317
5212
5291
5424
5360
5362
5278
5256
5174
5213
5136
5138
5072
5028
4907
4869
5016
5078
5160
5272
5275
5299
5359
5351
5275
5210
5278
5407
5369
5335
5329
5359
5394
5349
5293
5297
5334
5323
5315
5251
5260
5216
5211
5132
5150
5119
5208
5276
5274
5304
5328
5372
5437
5569
5537
5427
5499
5598
5573
5478
5446
5505
5624
5624
5684
5741
5734
5783
5749
5724
5760
5738
5737
5711
5729
5785
5677
5594
5647
5696
5658
5704
5590
5562
5448
5535
5628
5688
5639
5745
5584
5457
5498
5562
5719
5799
5984
5902
5866
5849
5868
5858
5964
6003
6042
6139
6206
6335
6404
6390
6377
6406
6424
6189
6172
6219
6183
6149
6136
6051
6156
6188
6081
6076
6098
6076
6052
5985
5975
6022
5998
5991
5981
5961
5917
5971
5977
5911
5931
5949
5864
5813
5770
5694
5832
5788
5807
5766
5816
5788
5863
5832
5743
5886
5934
5939
6033
6023
5961
5984
6019
6012
5842
5881
5891
5691
5665
5649
5627
5545
5716
5656
5719
5872
5872
5903
5986
6076
6104
6176
6121
6029
6055
5954
5999
5966
6016
6133
6047
5961
5894
5933
5879
5935
5914
5908
5726
5745
5679
5642
5552
5601
5426
5388
5384
5383
5408
5445
5409
5349
5392
5411
5275
5317
5343
5327
5373
5457
5313
5275
5300
5392
5338
5408
5381
5378
5298
5282
5342
5340
5270
5302
5278
5395
5378
5444
5456
5513
5534
5573
5576
5513
5546
5468
5462
5645
5686
5699
5608
5519
5650
5590
5492
5533
5438
5439
5465
5602
5701
5820
5748
5746
5809
5728
5775
5898
5927
5843
5729
5725
5783
5824
5932
5928
6065
6069
6201
6200
6228
6286
6305
6210
6125
6121
6137
6242
6123
6239
6145
6137
6116
6109
6160
6089
6068
6054
5998
5901
5796
5806
5773
5796
5649
5613
5650
5591
5546
5634
5528
5648
5553
5498
5362
5395
5426
5438
5341
5446
5560
5435
5513
5495
5504
5530
5561
5550
5576
5548
5535
5503
5602
5608
5425
5398
5324
5268
5282
5328
5334
5487
5558
5459
5463
5441
5461
5477
5468
5361
5301
5255
5345
5315
5388
5349
5407
5427
5433
5431
5445
5470
5578
5589
5592
5529
5569
5673
5690
5720
5608
5559
5587
5621
5577
5459
5424
5458
5461
5543
5581
5605
5593
5579
5579
5694
5753
5616
5539
5551
5479
5430
5487
5674
5610
5546
5538
5600
5513
5636
5556
5566
5686
5771
5823
5925
5909
5919
5977
6032
6024
5931
5904
5950
5936
6043
6121
6055
6065
6121
6149
6208
6299
6311
6313
6334
6265
6296
6412
6418
6437
6274
6301
6348
6353
6325
6254
6344
6300
6423
6306
6341
6287
6248
6499
6491
6592
6573
6583
6656
6741
6701
6680
6809
6676
6707
6410
6401
6433
6340
6345
6333
6277
6208
6277
6323
6257
6098
6173
6164
6210
6145
5971
5937
5955
5888
5969
5957
5946
6016
6144
6087
6040
6063
6101
6171
6116
5932
5912
5944
5918
5811
5931
6009
5853
6002
5986
5910
6033
6060
6229
6352
6227
6248
6218
6110
6191
6172
6214
6234
6295
6277
6181
6092
6118
6182
6243
6185
6264
6381
6339
6375
6280
6212
6301
6300
6284
6357
6328
6237
6208
6243
6270
6295
6276
6391
6342
6406
6343
6293
6355
6281
6306
6319
6364
6241
6251
6366
6339
6435
6279
6283
6330
6361
6308
6182
6243
6261
6285
6205
6169
6053
6130
6079
6086
6078
6013
5966
5871
5765
5817
5698
5667
5707
5689
5647
5694
5699
5649
5723
5667
5533
5490
5445
5448
5504
5642
5731
5856
6004
5988
5946
5913
6057
6250
6213
6309
6363
6283
6446
6336
6253
6212
6203
6301
6322
6384
6353
6302
6343
6302
6247
6216
6181
6187
6224
6320
6514
6266
6172
6191
6097
6239
6287
6386
6372
6291
6269
6160
6125
6177
6086
6065
6211
6294
6306
6330
6194
6079
6006
6127
6124
6215
6188
6373
6387
6461
6393
6569
6632
6619
6629
6533
6374
6377
6335
6313
6371
6348
6265
6328
6303
6342
6352
6303
6281
6236
6310
6267
6252
6224
6208
6238
6211
6175
6102
6047
5993
5963
5833
5789
5915
5888
5983
5959
6002
5922
5909
5963
6024
5836
5781
5900
5983
5934
5845
5851
5774
5770
5957
5996
5947
5975
5875
5858
5809
5860
5738
5765
5597
5703
5723
5775
5750
5629
5639
5573
5503
5548
5593
5677
5746
5745
5785
5763
5690
5741
5563
5478
5589
5597
5616
5670
5572
5612
5554
5613
5656
5671
5655
5555
5569
5670
5738
5608
5584
5471
5512
5497
5541
5446
5395
5536
5589
5515
5556
5553
5560
5350
5324
5302
5321
5305
5261
5289
5321
5292
5294
5284
5240
5245
5307
5433
5516
5451
5573
5630
5699
5647
5620
5629
5572
5606
5579
5651
5664
5679
5512
5453
5382
5356
5301
5242
5250
5255
5197
5144
5226
5174
5160
5225
5059
5111
5164
5195
5350
5517
5626
5644
5641
5830
5808
5788
5915
6052
5918
5812
5789
5690
5725
5769
5754
5752
5628
5625
5591
5823
5750
5836
5806
5937
5934
5979
5943
5963
5921
5884
5924
5985
5913
6036
6038
6003
6037
6065
5977
6105
6049
5974
6084
6067
6070
6029
6116
6115
6161
6126
6162
6085
5927
5957
5844
5853
5801
6049
6039
6044
6173
6072
6097
6073
5987
5970
5967
5994
6004
5946
5927
5856
5866
5793
5957
5923
5992
5890
5881
5871
5806
5832
5950
5858
5826
5783
5704
5727
5748
5809
5793
5858
5845
5873
5917
5979
6126
6029
6010
6040
6057
6083
6049
5991
5963
6013
6024
6117
6018
6183
6111
6197
6138
6222
6262
6249
6252
6124
6164
6260
6293
6366
6303
6412
6412
6375
6288
6275
6355
6329
6345
6349
6312
6255
6234
6260
6340
6443
6549
6563
6652
6650
6556
6460
6405
6267
6197
6202
6173
6127
6120
6177
6077
6109
6115
6129
6078
6116
6139
6169
6144
6050
6121
6077
5970
5956
5943
5898
5962
5995
6127
6100
6082
6101
6137
5984
5938
5885
5790
5770
5747
5784
5769
5666
5597
5587
5537
5517
5406
5433
5444
5393
5501
5356
5421
5428
5455
5520
5572
5612
5710
5632
5620
5419
5497
5429
5478
5365
5466
5402
5361
5201
5175
5195
5202
5330
5261
5262
5380
5355
5314
5369
5338
5317
5295
5148
5251
5313
5362
5156
5105
5220
5068
4978
4912
4974
4983
5082
5199
5272
5281
5248
5353
5419
5501
5470
5471
5563
5529
5611
5692
5640
5555
5725
5700
5856
5805
5828
5782
5821
5746
5677
5587
5470
5477
5445
5287
5324
5326
5401
5431
5376
5405
5474
5481
5436
5407
5470
5376
5471
5404
5351
5271
5243
5275
5346
5328
5166
5252
5300
5260
5176
5307
5438
5415
5408
5536
5547
5544
5567
5580
5577
5617
5507
5533
5472
5486
5431
5305
5339
5275
5243
5198
5285
5141
5198
5181
5209
5188
5218
5216
5236
5201
5161
5236
5222
5282
5213
5121
5142
5119
5001
4995
5132
5083
5163
5136
5247
5313
5287
5217
5223
5225
5242
5207
5217
5149
5028
5000
5036
5041
5110
5036
4973
4817
4856
4852
4893
5022
4941
4915
4918
4871
4858
4736
4694
4684
4575
4503
4498
4461
4495
4470
4557
4642
4719
4685
4783
4919
4907
4985
5036
5101
5019
5072
5056
4858
4846
4758
4697
4771
4757
4809
4722
4697
4722
4743
4804
4799
4828
4806
4710
4742
4741
4651
4655
4672
4715
4733
4582
4548
4469
4486
4541
4641
4537
4515
4562
4546
4508
4540
4532
4519
4577
4694
4678
4726
4797
4779
4794
4882
4866
4830
4836
4936
4758
4786
4820
4763
4689
4674
4593
4594
4683
4671
4710
4657
4776
4757
4600
4517
4429
4385
4385
4424
4496
4558
4564
4722
4689
4510
4574
4537
4433
4403
4495
4456
4596
4559
4496
4533
4581
4628
4591
4651
4820
4881
4896
4900
5005
5062
5069
4915
4956
5075
5000
5077
5005
5038
5029
5028
5121
5156
5117
5182
5108
5176
5168
5167
5253
5157
5251
5232
5155
5190
5172
5262
5230
5177
5170
5095
5098
5107
5159
5070
5044
5007
4954
4935
4826
4812
4765
4839
4821
4889
4833
4818
5014
5035
5137
5132
5176
5188
5112
5004
5041
5028
5173
5135
5207
5189
5263
5300
5372
5506
5491
5440
5506
5599
5738
5746
5738
5677
5679
5784
5805
5832
5890
5889
5896
5955
5872
5801
5846
5800
5947
5862
5781
5707
5574
5582
5543
5555
5585
5592
5644
5577
5625
5630
5747
5757
5899
5983
6012
6005
6099
6131
6311
6214
6299
6333
6273
6488
6554
6653
6642
6628
6625
6484
6395
6379
6380
6457
6448
6455
6331
6311
6417
6257
6263
6209
6304
6227
6204
6086
6125
6168
6254
6381
6334
6460
6527
6457
6289
6172
6273
6339
6444
6334
6335
6250
6306
6362
6359
6467
6511
6444
6337
6423
6433
6456
6575
6525
6567
6620
6696
6829
6846
6909
6814
6813
6882
6854
6827
6874
6819
6769
6753
6629
6642
6609
6528
6493
6685
6682
6654
6601
6603
6607
6629
6489
6411
6458
6463
6373
6443
6480
6604
6615
6564
6589
6567
6577
6583
6527
6511
6508
6548
6621
6591
6826
6770
6835
6962
6878
6694
6836
6819
6840
6656
6578
6427
6532
6683
6527
6619
6677
6728
6629
6660
6563
6722
6853
6851
6794
6813
6930
7001
7032
7035
7055
7023
7091
7079
7046
7035
6970
7257
7237
7223
7213
7177
7142
7297
7458
7341
7335
7400
7316
7352
7323
7315
7326
7246
7215
7279
7340
7406
7442
7521
7490
7458
7442
7432
7548
7548
7499
7513
7437
7365
7473
7526
7416
7367
7310
7300
7190
7219
7268
7204
7189
7220
7083
7031
6929
6905
6799
6700
6550
6490
6566
6581
6386
6397
6386
6268
6350
6377
6457
6499
6388
6338
6322
6248
6333
6329
6405
6449
6468
6415
6230
6263
6281
6175
5936
5847
5834
5876
5977
5938
5944
5963
5982
6158
6176
6213
6116
6112
6040
5865
5779
5773
5759
5667
5524
5470
5515
5570
5643
5673
5787
5770
5783
5835
5721
5768
5773
5661
5779
5788
5879
5783
5751
5820
5759
5754
5752
5847
5878
5832
5815
5763
5622
5709
5710
5640
5543
5601
5750
5713
5710
5696
5707
5778
5776
5855
5743
5795
5684
5575
5522
5615
5522
5472
5513
5529
5414
5523
5601
5482
5524
5519
5467
5605
5691
5627
5659
5724
5654
5662
5610
5592
5715
5703
5669
5720
5752
5645
5745
5711
5670
5751
5792
5946
5937
5886
5931
5817
5948
5827
5758
5759
5860
5979
5930
5919
5868
5990
6159
5996
6017
6084
6117
6052
5905
5730
5665
5700
5681
5758
5723
5762
5696
5622
5654
5705
5717
5721
5683
5705
5755
5753
5750
5724
5644
5555
5418
5460
5531
5542
5463
5484
5438
5317
5439
5500
5528
5609
5665
5683
5720
5730
5711
5792
5905
5959
5986
6105
6122
6081
6026
6079
6101
6244
6271
6185
6287
6286
6247
6211
6263
6213
6121
6007
5964
5936
5913
6040
6063
6023
6071
5959
5852
5886
5842
5865
5788
5709
5783
5834
5832
5735
5760
5705
5738
5751
5644
5713
5755
5833
5785
5730
5767
5908
5888
5981
5873
5769
5762
5778
5873
5772
5811
5755
5657
5757
5761
5881
5831
5867
5847
5814
5830
5926
5969
5860
5877
5826
5772
5700
5643
5670
5758
5808
5905
5971
6032
5997
5991
5950
5983
5903
5868
5784
5941
5863
5867
5975
5993
5995
5935
5975
5992
5999
5962
5989
5878
5782
5891
5786
5846
5996
5860
5732
5784
5860
5878
5826
5774
5846
5755
5759
5803
5861
5759
5733
5632
5723
5859
5927
5920
5938
5929
5979
5966
5838
5745
5844
5852
5717
5643
5610
5524
5507
5541
5466
5358
5448
5452
5409
5465
5480
5577
5642
5705
5801
5900
5995
6032
6101
6187
6250
6241
6162
6183
6070
6104
6198
6199
6227
6229
6273
6249
6148
6173
6087
6054
6165
6215
6254
6218
6177
6150
6171
6172
6139
5973
6083
6201
6071
5917
5844
5735
5761
5839
5812
5755
5797
5852
5896
5876
5867
5905
5882
6004
6078
6103
6096
6018
5950
5880
5736
5715
5661
5695
5685
5869
5870
5816
5849
5955
6045
6034
5960
5945
6002
6017
5938
6000
5968
6036
5979
5984
6036
5916
5953
6033
6162
6257
6272
6196
6254
6503
6500
6490
6407
6257
6275
6282
6238
6338
6388
6394
6549
6676
6765
6798
6707
6573
6483
6390
6337
6238
6203
6165
6085
6069
6138
6128
6269
6323
6434
6385
6239
6245
6330
6201
6285
6321
6402
6473
6595
6605
6478
6445
6333
6411
6356
6378
6462
6438
6439
6470
6425
6430
6499
6439
6338
6092
6019
5907
5863
5926
5946
5963
5962
6021
6118
6130
6187
6215
6251
6470
6422
6408
6218
6233
6293
6266
6283
6357
6297
6392
6440
6475
6480
6454
6429
6408
6327
6320
6412
6347
6341
6427
6510
6474
6418
6454
6492
6421
6408
6444
6592
6757
6838
6852
6903
6834
6824
6872
7062
7198
7210
7210
7338
7352
7267
7213
7327
7446
7351
7327
7354
7328
7456
7517
7442
7293
7184
7083
6976
6869
6998
7199
7196
7199
7087
7160
7160
7317
7301
7285
7323
7294
7332
7312
7289
7436
7429
7377
7467
7449
7437
7391
7369
7271
7232
7016
7190
7197
7133
7051
7070
6954
6937
6899
6861
6875
6943
6871
6785
6801
6830
6823
6784
6691
6723
6753
6622
6552
6507
6582
6733
6759
6764
6737
6862
6877
6790
6692
6768
6838
6632
6688
6703
6763
6689
6704
6672
6733
6904
6932
6929
6938
7076
7089
6989
7113
7111
6904
6890
6938
6907
6906
6765
6801
6677
6627
6612
6674
6676
6670
6694
6771
6805
6754
6833
6901
6828
6791
6834
6833
6838
6792
6735
6729
6742
6760
6659
6716
6776
6766
6930
7061
7010
7013
6983
6890
6766
6964
6859
6984
7082
7142
7028
6880
6868
6919
6804
6753
6808
6859
6750
6609
6822
6769
6699
6705
6761
6788
6745
6833
6888
6915
6912
6895
6756
6705
6651
6662
6622
6630
6462
6391
6292
6312
6136
6048
5937
5846
5705
5775
5615
5743
5834
5826
5741
5728
5847
5877
5821
5886
5816
5657
5587
5729
5789
5814
5841
5760
5718
5715
5753
5840
5710
5518
5735
5709
5635
5582
5713
5765
5702
5568
5548
5607
5733
5699
5676
5739
5713
5779
5606
5579
5449
5420
5477
5541
5474
5459
5337
