505000
200749
142182
111886
92924
79230
69635
62555
56716
51549
47569
44236
41333
39036
36993
34974
33082
31801
30384
29380
28359
27146
25954
25481
24803
24109
23224
22479
21828
21337
20887
20271
19912
19270
19022
18529
18176
17896
17825
17488
17376
17030
16848
16499
16390
15957
15572
15219
15031
14577
14463
14349
14212
14033
13922
13704
13490
13325
13143
12991
12746
12671
12518
12185
12007
12010
11981
11833
11619
11407
11419
11306
11274
11133
10937
10853
11039
10884
10676
10524
10409
10339
10240
10182
10033
9894
9702
9787
9559
9410
9472
9414
9260
9042
8822
8655
8628
8604
8703
8617
8573
8422
8332
8369
8328
8323
8274
8116
7935
7756
7689
7514
7448
7441
7614
7621
7535
7416
7339
7142
7114
7061
7133
7090
6965
6902
6872
6847
6833
6917
7041
7038
6981
6890
7033
7055
7100
7012
7054
7156
7157
7124
7098
7033
7118
7094
7139
7335
7181
7129
6988
6995
6906
6925
6913
6966
7021
7008
7069
7024
7073
7013
6900
7020
6885
6892
6759
6839
6669
6575
6645
6666
6707
6751
6792
6806
6798
6634
6532
6526
6552
6750
6864
6882
6885
6849
6859
6875
6957
7087
7015
6890
6837
6774
6879
6804
6709
6670
6682
6867
6955
6994
7002
7080
7094
7136
7135
7165
7110
6983
6909
6921
6726
6746
6697
6736
6582
6570
6452
6391
6478
6646
6655
6565
6603
6598
6473
6414
6470
6482
6380
6397
6292
6337
6284
6273
6266
6324
6340
6311
6221
6308
6369
6385
6363
6397
6309
6238
6073
6046
5991
6003
6138
6304
6255
6257
6336
6326
6347
6264
6276
6429
6483
6540
6565
6460
6501
6467
6395
6465
6408
6381
6545
6526
6541
6436
6457
6516
6483
6402
6432
6562
6616
6604
6374
6444
6574
6579
6636
6558
6807
6808
6834
6904
6855
6746
6578
6551
6611
6605
6525
6540
6595
6609
6656
6768
6773
6787
6780
6728
6773
6652
6638
6627
6541
6593
6471
6487
6464
6500
6576
6653
6675
6653
6629
6504
6385
6533
6483
6504
6421
6520
6529
6451
6396
6514
6482
6514
6622
6480
6449
6302
6153
6135
5994
5928
5933
6008
6051
6151
6137
6083
6046
6060
6017
5922
5920
5998
5929
5864
5944
5899
5934
6048
5923
5885
5930
5862
5904
5865
5904
5910
5857
5780
5810
5900
5911
5957
5990
5957
5970
6004
5946
5992
5964
5909
5873
5910
5857
5852
5848
5747
5665
5650
5828
5834
5630
5603
5603
5716
5677
5634
5702
5627
5632
5561
5522
5521
5588
5583
5660
5497
5558
5609
5649
5730
5852
5778
5750
5670
5634
5567
5490
5552
5591
5658
5564
5502
5418
5385
5225
5267
5343
5285
5247
5257
5218
5244
5286
5119
5074
5125
5023
4867
4794
4689
4835
4892
5071
5082
5128
5177
5198
5261
5290
5265
5300
5394
5456
5538
5643
5606
5678
5699
5755
5763
5730
5669
5620
5666
5580
5559
5701
5680
5709
5758
5730
5658
5617
5577
5607
5657
5503
5575
5561
5603
5577
5582
5587
5525
5403
5420
5272
5266
5278
5376
5271
5321
5341
5420
5504
5506
5510
5449
5405
5347
5390
5348
5377
5471
5459
5578
5593
5594
5580
5743
5750
5791
5796
5717
5627
5522
5551
5485
5513
5446
5345
5286
5408
5342
5463
5464
5599
5604
5665
5605
5774
5844
6063
6056
5992
6030
6061
6036
6075
5996
5830
5911
5972
5974
5987
6000
5978
5958
5851
5937
5910
5966
5965
6157
6212
6108
6132
6132
6169
6116
6032
5956
5856
5758
5715
5606
5647
5623
5540
5580
5536
5604
5692
5764
5786
5814
5862
5784
5714
5769
5898
5863
5950
6001
6029
6025
6033
6008
6027
6079
6023
6036
5954
6017
5972
6054
6029
6149
6210
6112
6213
6235
6244
6236
6208
6205
6063
6094
6138
6211
6107
6277
6233
6303
6272
6199
6144
6014
5992
6024
6085
6080
6044
6142
6194
6174
6275
6206
6342
6273
6142
5990
5900
5944
6025
6108
6084
6063
5891
5879
5917
5885
5808
5829
5804
5790
5784
5826
6005
6085
5962
6091
6209
6276
6269
6207
6216
6255
6115
5968
6079
6077
5869
5849
5778
5801
5738
5769
5608
5567
5532
5597
5515
5563
5633
5462
5368
5290
5356
5322
5297
5273
5384
5514
5648
5580
5491
5417
5381
5445
5353
5335
5294
5385
5367
5516
5523
5530
5585
5592
5537
5603
5646
5706
5657
5749
5810
5885
5792
5864
5933
5962
6028
6046
5999
5977
5952
5972
5897
5844
5839
5902
5970
5843
5840
5922
5922
6013
5973
5990
5976
5939
5840
5997
6011
5985
5980
5924
5880
5812
5724
5798
5730
5735
5903
5850
5858
5884
5862
5893
5984
5848
5994
6048
6109
6004
5965
6037
6039
5960
5903
5782
5830
5838
5823
5887
5899
5907
5954
5979
5963
5905
5878
5868
6000
5959
5862
5950
6026
5976
6070
6155
6162
6202
6203
6076
6191
6254
6146
6084
6236
6206
6282
6287
6192
6097
6143
6229
6296
6395
6300
6305
6319
6205
6286
6286
6334
6305
6257
6222
6302
6371
6331
6429
6433
6364
6435
6279
6174
6244
6221
6222
6219
6173
6221
6196
6188
6125
6015
5915
5857
5817
5788
5942
5950
5856
5867
5773
5730
5773
5859
5786
5636
5717
5717
5782
5707
5707
5741
5692
5771
5799
5798
5753
5792
5859
5957
5980
5876
5825
5839
5811
5820
5904
5927
5901
5947
5963
6011
5905
5900
5945
5912
5722
5715
5690
5670
5720
5655
5725
5692
5620
5576
5455
5533
5404
5343
5306
5393
5325
5331
5384
5312
5364
5483
5548
5566
5452
5299
5220
5220
5232
5311
5440
5456
5429
5503
5609
5676
5706
5740
5645
5633
5733
5729
5697
5692
5729
5664
5739
5673
5572
5495
5508
5542
5635
5685
5607
5609
5756
5810
5841
5817
5872
5820
5708
5683
5637
5699
5726
5659
5655
5697
5749
5778
5714
5592
5633
5616
5604
5711
5757
5825
5952
5957
5859
5878
5981
5988
6140
6250
6198
6212
6261
6241
6214
6076
6226
6236
6269
6326
6313
6268
6208
6200
6170
6265
6262
6191
6224
6244
6230
6119
5998
5926
5847
5815
5656
5683
5768
5715
5895
5969
5939
5855
5863
5904
5976
5816
5841
5831
5838
5927
6012
5952
6054
5945
5926
6006
6088
6025
5977
5941
5967
5931
5826
5837
5842
5854
5923
5886
5814
5843
5870
5849
5874
5922
5968
5974
5975
5985
5940
5741
5712
5774
5868
5934
5980
6073
6054
6166
6315
6195
6080
6109
6159
6194
6108
6055
6036
6180
6202
6209
6190
6059
5978
6040
5948
5892
5828
5842
5857
5831
5903
5860
5802
5843
6053
6060
6114
6069
6026
6041
6093
6179
6116
6297
6291
6417
6333
6332
6359
6442
6435
6324
6273
6414
6346
6391
6289
6244
6225
6203
6262
6188
6264
6436
6453
6318
6257
6171
6292
6243
6326
6392
6239
6210
6167
6230
6133
6064
6119
6005
6037
5965
5982
5995
5964
5930
5893
5804
5899
5984
6058
6040
6135
6079
6073
5949
5869
5904
5927
5987
6017
6079
6120
6096
6215
6204
6192
6221
6170
6232
6136
6146
6202
6250
6232
6256
6257
6240
6262
6225
6209
6431
6473
6416
6411
6368
6367
6368
6277
6395
6410
6377
6354
6339
6359
6425
6382
6455
6388
6414
6348
6265
6181
6311
6261
6342
6384
6444
6408
6456
6463
6596
6637
6724
6682
6528
6446
6460
6457
6442
6398
6385
6410
6394
6405
6438
6476
6586
6507
6546
6524
6466
6551
6526
6448
6490
6612
6657
6636
6659
6614
6589
6486
6576
6481
6438
6356
6360
6294
6156
6157
6194
6171
6191
6114
6155
6141
6072
6050
6094
6187
6135
6224
6218
6284
6254
6095
6046
6162
6201
6081
6096
6072
5995
6001
6055
6065
6024
5954
6061
6020
6012
5995
6016
5975
6049
6184
6069
6093
6017
5925
5854
5788
5744
5734
5706
5764
5745
5609
5656
5640
5740
5676
5771
5741
5638
5572
5524
5550
5454
5444
5465
5515
5546
5473
5399
5485
5472
5560
5548
5524
5458
5607
5705
5693
5625
5522
5519
5546
5354
5323
5330
5220
5264
5265
5286
5312
5310
5336
5336
5440
5462
5477
5526
5514
5543
5451
5509
5625
5689
5806
5753
5716
5733
5685
5618
5714
5733
5753
5644
5586
5651
5668
5610
5568
5552
5699
5641
5642
5779
5862
5834
5879
5934
5949
5751
5785
5863
5828
5849
5809
5769
5773
5677
5681
5653
5809
5785
5736
5628
5625
5636
5778
5661
5716
5713
5656
5602
5677
5604
5584
5654
5682
5701
5734
5843
5803
5791
5824
5866
5815
5733
5766
5805
5817
5879
5904
6047
6057
5872
5885
5790
5708
5652
5612
5513
5470
5368
5379
5233
5341
5438
5475
5538
5600
5461
5441
5610
5610
5674
5670
5614
5632
5629
5662
5663
5667
5640
5729
5718
5867
5576
5483
5523
5627
5583
5569
5636
5626
5708
5848
5787
5862
5881
5873
6049
6090
6054
6139
5933
5930
5885
5812
5853
5800
5786
5843
5737
5813
5919
5900
5816
5848
5892
5937
5804
5828
5857
5839
5883
5935
5870
5835
5904
5901
5826
5938
5895
5950
5996
5962
5819
5855
5992
6014
5979
6012
5956
5915
5917
5764
5843
5771
5748
5886
5911
5954
5943
5915
5921
5777
5621
5642
5694
5822
5897
5830
5908
5944
5811
5972
6001
5850
5738
5736
5682
5590
5729
5777
5756
5716
5885
5920
5961
5921
5877
5894
5913
5959
5950
5874
5918
5822
5905
5928
5882
5878
5923
5935
5957
6110
6049
6006
6077
6041
6130
6155
6286
6179
6277
6151
6232
6196
6357
6412
6356
6342
6372
6272
6360
6381
6370
6342
6484
6673
6618
6534
6659
6608
6654
6530
6447
6505
6501
6484
6674
6763
6829
6809
6759
6591
6512
6451
6580
6595
6597
6575
6602
6516
6447
6415
6483
6446
6376
6426
6398
6400
6212
6230
6199
6088
6180
6100
6077
6113
6146
6092
6107
6259
6059
6144
6204
6106
6136
6022
5994
5980
6058
6015
5959
5882
5893
5933
5873
5820
5713
5710
5728
5743
5656
5670
5590
5624
5850
5818
5885
5903
5945
6025
6022
6070
6291
6181
6263
6407
6502
6434
6422
6391
6334
6411
6548
6686
6816
6864
6820
6823
6809
6661
6734
6768
6579
6505
6492
6498
6390
6319
6134
6146
6104
6038
6003
6028
6024
6017
5981
6083
6118
6194
6197
6174
6237
6166
6216
6135
6191
6090
6138
6082
6035
6027
5953
5927
5806
5883
5935
5874
5884
5815
5876
5965
5960
5818
5895
5827
5781
5773
5814
5727
5790
5867
5837
5879
5873
5760
5645
5669
5611
5528
5601
5683
5546
5423
5400
5528
5394
5445
5467
5324
5393
5397
5325
5400
5391
5399
5408
5525
5562
5695
5634
5556
5466
5462
5513
5595
5729
5754
5763
5796
5670
5655
5537
5368
5420
5309
5288
5287
5357
5285
5205
5168
5236
5274
5310
5261
5284
5394
5442
5515
5523
5526
5528
5582
5563
5620
5635
5535
5550
5469
5463
5360
5468
5522
5572
5546
5527
5579
5446
5615
5598
5447
5380
5445
5428
5442
5385
5482
5552
5564
5548
5477
5574
5532
5617
5573
5435
5596
5539
5528
5533
5648
5536
5480
5359
5357
5272
5342
5425
5430
5407
5516
5437
5406
5408
5355
5188
5349
5385
5358
5344
5310
5211
5232
5389
5360
5287
5490
5422
5364
5463
5469
5332
5338
5371
5491
5505
5413
5361
5330
5351
5472
5507
5549
5586
5751
5858
5944
5926
5953
5991
5822
5852
5935
6003
5905
5877
5733
5665
5738
5806
5832
5694
5524
5434
5411
5384
5199
5228
5284
5310
5355
5250
5310
5381
5328
5310
5204
5107
5042
5045
5106
5193
5181
5192
5218
5359
5477
5403
5426
5483
5588
5564
5620
5704
5740
5666
5680
5606
5743
5819
5760
5868
6021
5997
5973
6021
5936
5853
5778
5762
5640
5684
5663
5650
5632
5594
5673
5808
5858
5924
5978
5991
5996
5999
5913
5964
5999
5896
6073
6081
6167
6040
6038
6006
5898
6009
5861
5857
6030
6148
6093
6159
6166
6133
6180
6214
6221
6097
6144
6222
6271
6355
6242
6312
6301
6351
6297
6346
6413
6300
6267
6345
6283
6341
6194
6124
6116
6068
5981
5891
6030
6009
5890
5820
5754
5899
5953
5986
6068
6180
6092
6076
6087
6060
6039
6205
6215
6227
6150
5847
6077
5980
6050
6033
5971
6022
6077
6026
5932
6014
6117
6011
5947
5872
5821
5933
5811
5781
5695
5670
5698
5734
5912
5913
5922
6043
5942
6082
5901
5898
5819
5752
5900
5844
5855
5802
5884
5933
6076
6077
6083
6142
6001
5834
5824
5730
5716
5679
5650
5665
5683
5811
5870
5951
5833
5669
5679
5669
5789
5771
5651
5672
5684
5625
5525
5568
5622
5644
5626
5568
5459
5354
5382
5437
5429
5323
5281
5404
5393
5317
5402
5379
5297
5324
5203
5204
5364
5385
5413
5448
5198
5232
5257
5234
5196
5307
5246
5128
5099
5107
5270
5269
5334
5404
5411
5514
5559
5495
5407
5383
5303
5373
5328
5228
5278
5376
5337
5227
5248
5264
5275
5296
5271
5264
5182
5034
4972
5010
4992
4889
4898
4945
5002
5030
5128
5123
5189
5198
5190
5197
5057
5138
5177
5162
5220
5184
5260
5294
5397
5443
5331
5432
5381
5364
5360
5312
5370
5270
5304
5180
5075
5107
5169
5196
5108
5168
4937
4909
4778
4730
4729
4856
4820
4806
4806
4734
4842
4874
4854
4831
4904
4910
4929
5072
5089
5265
5238
5189
5180
5184
5281
5242
5217
5255
5258
5241
5290
5331
5348
5353
5295
5282
5320
5373
5371
5257
5195
5154
5233
5175
5176
5236
5051
5044
5126
5170
5085
5006
4953
5024
4895
4980
4981
5117
5150
5168
5117
5133
5039
5030
5068
5017
5020
5003
5040
4939
4899
4915
4958
4833
4917
4997
4977
5000
5017
5064
5050
4991
5004
5123
5153
5181
5078
5005
5187
5206
5197
5172
5171
5121
5137
5036
5044
5019
4997
5032
5087
5104
5111
5150
5245
5194
5178
5096
5177
5092
5101
5202
5290
5338
5181
5115
5093
5089
5058
5056
5006
5050
4964
4993
5010
4971
4977
5056
5052
5040
4977
4968
5159
5130
5246
5266
5274
5181
5246
5278
5361
5384
5409
5408
5514
5542
5473
5490
5467
5403
5391
5399
5410
5382
5359
5313
5322
5270
5301
5294
5209
5134
5128
5058
5043
5045
4947
5007
5158
5174
5242
5478
5453
5413
5292
5207
5178
5332
5408
5458
5565
5505
5608
5540
5562
5529
5504
5489
5457
5383
5316
5469
5486
5512
5520
5527
5489
5438
5538
5631
5711
5634
5645
5644
5569
5631
5582
5630
5572
5698
5576
5549
5606
5643
5685
5719
5857
5832
5864
5831
5962
5958
5893
5924
5998
6112
6205
6009
6036
5969
6066
6155
6151
6227
6188
6204
6143
6134
5915
5955
5958
5893
5856
5856
5765
5777
5741
5730
5828
5817
5937
5992
6025
6089
6175
6268
6237
6276
6453
6429
6423
6527
6478
6453
6567
6552
6425
6434
6563
6461
6255
6256
6179
6230
6339
6451
6404
6342
6409
6274
6333
6201
6291
6263
6331
6274
6331
6305
6297
6222
6255
6354
6388
6455
6615
6458
6413
6488
6316
6288
6338
6380
6453
6340
6262
6438
6511
6453
6569
6518
6552
6538
6544
6444
6355
6525
6550
6446
6405
6502
6469
6335
6284
6276
6304
6482
6562
6569
6497
6554
6698
6668
6550
6389
6400
6358
6308
6089
6030
6035
6013
5989
5981
5982
6020
5956
5994
6059
6022
5918
5983
5966
5968
5972
6057
6081
6082
6058
5894
5759
5729
5813
5872
5780
5740
5744
5771
5815
5841
5823
5811
5750
5765
5998
5878
5898
5787
5786
5700
5666
5598
5620
5736
5725
5672
5694
5687
5735
5752
5682
5475
5384
5363
5354
5458
5402
5454
5419
5325
5297
5257
5224
5062
5022
5061
5128
5082
5124
5179
5136
5100
5059
4996
4958
4931
4850
4830
4828
4859
4832
4878
4977
4986
4999
5006
5095
5133
5250
5174
5181
5219
5266
5267
5186
5132
5181
5142
5082
5017
5079
5113
5064
5045
5014
5036
4928
5006
4909
5047
5080
5103
5100
5076
5101
5098
5046
5112
5070
5067
5006
5056
4915
4911
4883
4826
4901
4964
5038
5049
5072
4979
5081
5169
5353
5397
5306
5190
5306
5333
5204
5253
5282
5444
5556
5537
5587
5589
5459
5445
5436
5425
5441
5380
5335
5295
5475
5515
5585
5584
5518
5551
5573
5574
5552
5655
5685
5625
5663
5618
5494
5424
5367
5387
5429
5386
5460
5455
5334
5402
5452
5442
5379
5325
5370
5337
5349
5501
5539
5477
5335
5386
5343
5292
5342
5216
5131
5189
5182
5238
5361
5298
5340
5272
5290
5317
5361
5274
5428
5514
5575
5605
5651
5778
5777
5781
5708
5556
5517
5510
5545
5560
5661
5668
5578
5600
5501
5664
5677
5611
5632
5746
5645
5536
5465
5598
5583
5584
5734
5644
5637
5707
5606
5702
5749
5598
5634
5757
5724
5720
5738
5706
5676
5674
5657
5636
5655
5627
5668
5607
5540
5550
5479
5527
5491
5488
5459
5615
5640
5671
5566
5593
5665
5668
5727
5755
5784
5775
5716
5768
5755
5629
5686
5864
5740
5603
5657
5558
5410
5334
5449
5365
5389
5387
5271
5394
5435
5440
5342
5532
5494
5416
5393
5342
5294
5398
5384
5226
5137
5172
5083
5200
5295
5295
5241
5262
5240
5219
5181
5212
5162
5095
5045
5046
5079
5163
5171
5210
5311
5260
5195
5090
5192
5284
5195
5116
5055
5149
5128
5145
5178
5263
5301
5235
5199
5231
5177
5130
5066
5082
5117
5098
5111
5042
4886
4981
4868
4836
4705
4675
4698
4596
4597
4553
4540
4573
4694
4633
4652
4564
4606
4516
4643
4657
4628
4697
4697
4655
4697
4727
4695
4743
4844
4714
4868
4889
4975
4900
4835
4794
4820
4802
4876
4886
4889
4970
4882
4950
4813
4855
4863
4905
5005
5069
5062
5016
5104
5071
5088
5154
5139
5157
5096
5010
4919
4845
4891
4852
4811
4715
4633
4630
4653
4680
4640
4661
4685
4682
4636
4550
4647
4553
4526
4551
4581
4665
4652
4596
4675
4806
4873
5009
5095
5051
5112
5037
5090
5136
5115
5080
5151
5176
5085
5009
4950
4910
4845
4860
4983
5012
5091
5119
5134
5181
5163
5234
5217
5075
5135
5073
5021
5082
4989
5089
5294
5349
5361
5482
5381
5310
5264
5281
5267
5370
5454
5513
5559
5626
5603
5664
5659
5710
5613
5678
5895
6013
6063
6002
5996
6081
6151
6148
6188
6113
6139
6178
6133
6154
6207
6256
6088
6037
6140
6238
6252
6183
6087
6230
6212
6281
6344
6393
6410
6356
6276
6275
6326
6156
6233
6129
6140
6112
6127
6048
6097
6127
6236
6232
6219
6236
6281
6322
6282
6131
6172
6195
6257
6240
6197
6231
6216
6198
6149
6131
6236
6219
6362
6474
6311
6239
6296
6447
6345
6414
6449
6497
6459
6422
6500
6440
6483
6549
6299
6318
6288
6381
6479
6538
6683
6510
6535
6389
6407
6490
6524
6548
6713
6760
6809
6780
6745
6839
6744
6710
6677
6700
6823
6707
6727
6694
6712
6797
6690
6765
6855
6891
6881
6952
7046
6853
6829
6977
6972
6926
6939
6914
6871
6976
6979
6878
6764
6886
7022
6918
6764
6758
6849
6765
6926
6895
6905
6914
6858
6800
6716
6685
6505
6559
6399
6480
6441
6427
6506
6399
6553
6457
6351
6337
6317
6290
6335
6442
6441
6497
6457
6495
6572
6621
6554
6710
6771
6906
6933
6983
6974
6874
6996
7021
6948
7011
7059
7028
7011
7010
6957
7044
7064
7020
7004
7118
7206
7056
7000
6921
6873
7043
7055
6979
7057
7026
6990
6778
6721
6735
6738
6531
6526
6581
6653
6578
6601
6536
6432
6423
6441
6327
6397
6465
6604
6651
6728
6716
6549
6556
6524
6540
6485
6527
6476
6606
6551
6556
6605
6660
6700
6656
6618
6674
6612
6713
6708
6742
6843
6865
7015
6969
6952
6811
6969
6941
6867
6937
6933
6976
6996
7038
6974
7036
7019
6972
7060
7078
7026
6974
7053
7048
7039
7194
7093
7238
7266
7225
7292
7343
7295
7215
7290
7278
7272
7290
7085
7098
7269
7166
7181
7111
7035
6883
6874
6703
6767
6742
6651
6672
6800
6746
6650
6646
6652
6624
6658
6644
6522
6566
6520
6535
6601
6420
6283
6301
6270
6203
6150
6075
6215
6130
6137
6177
6256
6208
6218
6274
6326
6374
6439
6483
6450
6389
6445
6438
6489
6384
6301
6242
6257
6175
6167
6037
6016
5920
5983
5973
5962
5938
5811
5901
5837
5874
5792
5705
5732
5740
5651
5699
5740
5784
5917
5982
5912
5827
5792
5795
5932
5754
5789
5768
5801
5585
5660
5548
5586
5674
5611
5559
5494
5427
5406
5397
5518
5501
5470
5435
5477
5523
5533
5607
5516
5509
5615
5660
5659
5667
5730
5904
5972
5870
5954
5899
5855
5873
5907
6009
5947
5863
5867
5736
5670
5733
5770
5651
5459
5445
5494
5533
5531
5693
5808
5764
5715
5710
5731
5781
5654
5676
5707
5659
5690
5638
5720
5785
5764
5796
5811
5855
5995
5965
5954
5873
5845
5828
5782
5804
5785
5784
5762
5742
5632
5778
5664
5770
5794
5648
5547
5545
5689
5745
5705
5689
5725
5749
5810
5939
5815
5686
5700
5686
5625
5642
5598
5576
5628
5778
5615
5644
5619
5594
5573
5560
5533
5545
5635
5631
5599
5644
5695
5681
5758
5803
5803
5715
5774
5735
5737
5703
5742
5679
5590
5647
5638
5594
5568
5694
5681
5636
5560
5591
5800
5847
5844
5860
5868
5993
5954
5987
6123
6063
5943
5946
6054
5925
6062
6117
6153
6024
6086
6021
6094
6154
6247
6257
6199
6109
6014
5961
6001
6131
6182
6226
6229
6274
6433
6530
6597
6703
6627
6592
6605
6537
6618
6499
6534
6643
6647
6583
6697
6651
6744
6635
6605
6519
6544
6504
6469
6432
6371
6220
6218
6343
6391
6394
6513
6495
6558
6566
6501
6458
6419
6331
6347
6203
6141
6137
5970
6140
5982
5949
6114
6107
5977
5924
5840
5836
5617
5581
5659
5773
5797
5655
5708
5776
5860
5861
5902
5872
5973
5962
5908
6041
6183
6144
6070
6034
6198
6111
6094
6126
6075
6157
6237
6157
6261
6206
6278
6218
6368
6257
6325
6301
6141
6212
6111
6037
5951
5890
5841
5854
5882
5842
5846
5661
5619
5752
5790
5858
5748
5657
5633
5660
5621
5594
5563
5771
5771
5756
5693
5748
5941
6025
6005
5902
5845
5831
5791
5873
5759
5688
5679
5633
5462
5540
5520
5581
5491
5482
5447
5385
5413
5449
5398
5365
5354
5346
5357
5323
5306
5350
5459
5429
5411
5305
5343
5382
5384
5562
5522
5620
5745
5767
5784
5663
5695
5825
5730
5806
5734
5780
5631
5597
5411
5497
5514
5382
5304
5331
5430
5465
5515
5511
5424
5489
5513
5524
5590
5515
5547
5619
5557
5598
5558
5643
5600
5650
5644
5640
5648
5669
5705
5632
5604
5736
5743
5637
5663
5666
5697
5586
5668
5646
5611
5531
5573
5629
5563
5676
5795
5737
5774
5867
5945
5919
5965
5820
6009
6034
6063
6123
6067
6069
5934
5874
5693
5675
5769
5915
5882
5896
5806
5849
5736
5775
5897
5824
5881
5886
5897
5843
5817
5832
5859
5871
5701
5684
5663
5634
5634
5549
5598
5538
5511
5354
5303
5248
5351
5384
5425
5403
5422
5447
5374
5530
5477
5334
5301
5360
5289
5283
5321
5409
5382
5401
5460
5492
5479
5452
5333
5340
5282
5249
5242
5075
5083
4975
4997
4974
5001
5015
5008
4994
5001
4919
4909
4843
4814
4741
4781
4839
4917
4964
4884
4786
4757
4648
4691
4774
4783
4671
4586
4584
4608
4543
4528
4482
4527
4582
4649
4640
4637
4717
4693
4648
4633
4590
4490
4552
4550
4629
4572
4520
4568
4519
4497
4568
4579
4522
4563
4599
4493
4446
4455
4596
4573
4487
4503
4500
4493
4567
4514
4512
4508
4521
4704
4620
4500
4523
4621
4679
4647
4665
4858
4953
5133
5087
5144
4929
5095
5157
5178
5193
5367
5297
5163
5117
5130
5096
5033
4990
4974
5005
4945
4939
4991
5006
4907
4833
4866
4916
4958
4905
4921
4911
4903
4966
4973
5040
4986
4906
4881
4843
4789
4810
4799
4889
4909
4841
4864
4795
5002
4990
5070
5102
5066
5160
5046
5135
5102
4963
4917
4891
4963
4949
5018
5068
4992
5085
5110
5051
5005
5032
4997
4989
4988
5025
5067
5100
5138
5136
5098
5235
5324
5331
5266
5326
5307
5338
5380
5266
5296
5367
5462
5543
5501
5547
5613
5537
5515
5537
5428
5372
5369
5404
5289
5278
5347
5274
5360
5322
5402
5295
5232
5337
5314
5252
5317
5274
5130
4990
4963
4882
4905
5003
5009
5006
5066
5178
5352
5366
5430
5305
5398
5270
5199
5126
5111
5040
5076
5006
4930
4984
5034
5061
5117
5122
5065
5118
5192
5127
5235
5197
5235
5311
5335
5349
5334
5316
5309
5382
5346
5421
5419
5385
5346
5330
5259
5346
5388
5357
5386
5370
5230
5269
5454
5371
5378
5438
5418
5448
5606
5498
5427
5376
5430
5531
5632
5572
5659
5673
5645
5635
5619
5600
5712
5741
5761
5711
5688
5697
5596
5511
5437
5452
5536
5552
5685
5830
5762
5828
5806
5712
5718
5733
5712
5824
5822
5677
5825
5829
5734
5676
5632
5721
5834
5903
5838
5800
5698
5641
5771
5756
5792
5788
5891
5902
5864
5892
5924
5954
5970
5891
5866
5856
5904
5908
5741
5819
5866
5899
6053
6026
5990
5889
5798
5705
5690
5733
5843
5791
5911
5728
5835
5837
5706
5664
5739
5685
5631
5702
5662
5698
5708
5805
5927
5938
6104
6083
6248
6273
6219
6171
6184
6181
6165
6137
6199
6201
6392
6458
6491
6479
6409
6534
6560
6593
6627
6610
6502
6518
6561
6564
6592
6518
6409
6369
6323
6415
6352
6311
6233
6305
6262
6160
6048
5884
5766
5782
5628
5665
5626
5792
5858
5846
6005
6068
6081
6030
6065
6025
6109
6099
5980
5817
5739
5690
5703
5720
5680
5610
5738
5677
5817
5812
5761
5756
5726
5745
5738
5695
5701
5670
5706
5675
5640
5730
5664
5602
5620
5728
5703
5748
5825
5731
5679
5539
5472
5443
5497
5531
5519
5491
5506
5562
5645
5672
5613
5531
5560
5511
5406
5380
5303
5241
5277
5210
5175
5153
5297
5352
5388
5401
5391
5388
5389
5396
5317
5269
5269
5296
5410
5423
5380
5208
5159
5030
5038
5181
5343
5271
5245
5256
5269
5305
5320
5389
5495
5470
5546
5596
5500
5503
5514
5645
5581
5587
5758
5807
5847
5785
5699
5735
5680
5700
5675
5619
5560
5596
5689
5664
5598
5583
5655
5749
5708
5576
5628
5611
5565
5582
5515
5511
5569
5619
5633
5717
5774
5910
6030
5931
5880
5965
5982
5998
6079
5976
5904
5901
5978
6050
5995
5985
6174
6185
6253
6258
6208
6252
6219
6128
5991
6036
5943
5983
5952
6000
6054
5994
5954
5951
5875
5824
5920
5837
5894
5839
5890
5785
5666
5630
5626
5594
5637
5728
5598
5642
5723
5648
5595
5666
5574
5582
5546
5578
5556
5560
5581
5548
5503
5522
5487
5421
5452
5385
5382
5330
5278
5333
5301
5236
5286
5237
5144
4982
4966
5076
5168
5222
5161
5196
5284
5294
5466
5400
5196
5261
5345
5355
5227
5164
5161
5147
5125
5183
5194
5379
5405
5488
5503
5424
5290
5430
5313
5393
5224
5166
5127
5100
5109
5147
5213
5215
5274
5168
5045
4973
5047
5125
5217
5149
5110
5120
5008
5115
5268
5321
5431
5294
5360
5268
5150
5248
5290
5251
5317
5494
5395
5329
5329
5210
5147
5162
5020
5013
4980
4944
4916
5008
5031
5044
5065
5080
5164
5231
5213
5244
5119
5077
5099
5099
5125
5182
5101
4988
4979
4975
5006
4995
5105
5170
5265
5226
5271
5228
5191
5137
5244
5202
5187
5226
5251
5239
5210
5176
5240
5314
5258
5347
5165
5091
4984
4935
4963
4931
4881
4869
4975
4939
4931
4892
4873
4942
4927
5008
5055
5152
5067
4995
4953
5024
5109
5080
5111
5001
4951
5062
5052
5076
5081
5038
5024
5020
5111
5276
5258
5227
5134
5129
5222
5398
5473
5491
5423
5388
5462
5452
5462
5638
5693
5710
5814
5672
5733
5721
5809
5902
5990
5941
5840
5834
5764
5636
5607
5549
5534
5520
5556
5478
5587
5598
5458
5486
5478
5480
5445
5431
5425
5363
5430
5522
5570
5621
5613
5608
5573
5435
5454
5432
5597
5527
5433
5475
5638
5615
5549
5499
5484
5424
5481
5480
5525
5464
5526
5562
5446
5491
5287
5344
5366
5309
5439
5503
5393
5422
5456
5384
5387
5302
5239
5109
5064
5190
5195
5247
5290
5339
5376
5325
5281
5159
5117
5047
5109
4999
5082
5107
5001
5172
5247
5172
5181
5185
5154
5194
5272
5335
5299
5442
5444
5409
5417
5382
5362
5374
5527
5538
5564
5560
5506
5417
5371
5198
5202
5307
5332
5365
5387
5292
5363
5400
5364
5346
5250
5252
5143
5242
5347
5419
5551
5607
5612
5749
5636
5677
5685
5780
5847
5997
6053
6001
6002
5997
5938
6076
6139
6052
6070
6046
6036
6014
6040
6059
6159
6213
6103
6279
6317
6430
6373
6334
6348
6367
6302
6297
6314
6313
6170
6121
6097
6020
6019
5969
5894
5765
5702
5523
5606
5572
5500
5557
5595
5677
5669
5715
5690
5525
5474
5575
5503
5446
5485
5571
5466
5599
5685
5555
5731
5854
5730
5711
5693
5618
5512
5452
5590
5596
5622
5629
5613
5633
5569
5666
5759
5643
5706
5630
5696
5606
5743
5708
5703
5733
5820
5773
5841
6018
6063
6165
6156
5968
6024
5949
5820
5810
5674
5580
5729
5624
5717
5640
5517
5508
5521
5557
5588
5599
5652
5706
5682
5647
5677
5565
5556
5646
5643
5619
5641
5651
5637
5571
5600
5631
5629
5543
5659
5604
5546
5511
5538
5474
5372
5297
5280
5258
5324
5467
5465
5378
5442
5469
5431
5361
5554
5484
5466
5490
5630
5680
5667
5627
5600
5661
5669
5697
5639
5578
5707
5781
5903
5802
5711
5622
5731
5736
5656
5716
5774
5707
5734
5696
5618
5621
5559
5559
5557
5483
5501
5561
5610
5689
5694
5653
5690
5688
5735
5647
5595
5704
5730
5671
5615
5570
5583
5626
5489
5485
5568
5606
5578
5589
5561
5613
5611
5657
5749
5832
5822
5691
5708
5784
5775
5835
5873
5810
5739
5669
5583
5606
5622
5616
5514
5559
5609
5614
5633
5608
5715
5704
5767
5705
5712
5698
5717
5766
5703
5748
5692
5756
5632
5630
5567
5617
5583
5618
5678
5612
5559
5543
5543
5641
5785
5603
5776
5863
5950
6027
6050
6120
6194
6144
6149
