505000
200238
141408
111253
91481
78872
69338
61957
56170
50903
46715
43514
40546
38494
36196
33933
32133
30723
29467
28060
26769
25650
24860
24045
23383
22968
22042
21304
20771
20184
19715
19267
18783
18363
17835
17530
17229
17186
16959
16574
16281
16066
15791
15325
15201
15119
14866
14679
14537
14209
14143
13914
13883
13667
13404
13209
13092
12822
12690
12689
12518
12563
12359
12209
11973
11773
11724
11652
11660
11470
11225
11153
10942
10855
10624
10650
10496
10471
10473
10502
10556
10534
10551
10531
10295
10191
10124
10311
10263
10014
9872
9755
9589
9483
9364
9354
9233
9193
9100
9060
9069
9109
9123
9008
9076
8998
8859
8744
8698
8818
8948
8972
9069
9065
8932
8857
8763
8765
8915
8775
8708
8611
8547
8409
8537
8400
8322
8335
8128
8130
8213
8371
8335
8244
8284
8302
8158
7949
8066
8055
8095
8077
8057
7879
7901
7781
7712
7720
7782
7843
7853
7739
7732
7712
7809
7745
7818
7762
7686
7649
7595
7641
7660
7553
7510
7471
7334
7251
7234
7169
7138
7227
7260
7273
7235
7313
7276
7290
7240
7160
7149
7162
7198
7198
7257
7180
7161
7065
7097
6965
6933
6809
6669
6699
6614
6658
6583
6527
6549
6497
6352
6348
6163
6033
6053
5991
6122
5993
5855
5902
5857
5830
5710
5710
5642
5724
5744
5721
5632
5753
5748
5687
5634
5680
5693
5644
5621
5600
5778
5787
5750
5743
5853
5863
5876
5840
5936
5997
5992
5960
5913
5841
5735
5693
5644
5589
5655
5679
5683
5653
5750
5816
5716
5692
5738
5821
5672
5729
5803
5768
5720
5749
5740
5668
5510
5443
5475
5437
5372
5327
5208
5211
5249
5211
5272
5253
5337
5208
5037
4952
5056
5166
5141
5185
5127
5049
4950
4923
4865
4880
4835
4815
4973
4980
4976
4836
4949
4898
4838
4764
4695
4748
4598
4460
4439
4432
4488
4456
4466
4478
4510
4456
4431
4426
4536
4535
4501
4503
4509
4502
4469
4514
4525
4385
4353
4360
4465
4433
4534
4400
4385
4417
4407
4415
4429
4445
4519
4557
4609
4677
4639
4562
4390
4339
4390
4460
4463
4555
4482
4428
4512
4609
4560
4531
4546
4579
4535
4526
4493
4450
4566
4645
4609
4620
4579
4631
4587
4568
4616
4569
4595
4587
4594
4545
4386
4316
4274
4272
4286
4279
4300
4266
4146
4211
4364
4386
4454
4531
4527
4486
4491
4562
4550
4538
4492
4519
4577
4572
4594
4547
4629
4619
4572
4620
4678
4690
4733
4826
4899
5001
4959
4895
4875
4839
4891
4870
4706
4742
4797
4865
4852
4798
4931
4954
4821
4860
4974
4982
4984
4979
5048
4986
5010
5113
5092
5011
4981
4989
5008
5099
5161
5116
5101
5110
5163
5131
5081
5042
5053
5021
5093
5148
5062
5129
5201
5263
5290
5260
5207
5080
5046
5067
4937
4828
4861
4802
4736
4752
4661
4589
4467
4558
4561
4621
4638
4586
4509
4632
4739
4711
4721
4695
4612
4569
4586
4618
4631
4612
4638
4670
4829
4951
4983
5078
5090
5055
5049
5041
4990
4926
4899
4865
4897
4816
4734
4691
4767
4733
4701
4513
4439
4416
4423
4286
4363
4386
4354
4364
4317
4351
4217
4232
4155
4247
4280
4252
4310
4304
4346
4254
4318
4448
4415
4379
4452
4394
4459
4500
4393
4384
4388
4395
4372
4286
4304
4266
4304
4345
4389
4356
4419
4390
4471
4559
4555
4677
4859
5030
5077
5075
4959
4833
4790
4791
4652
4587
4725
4711
4785
4775
4812
4858
4809
4958
5057
5254
5191
5207
5205
5239
5268
5239
5337
5411
5551
5577
5513
5543
5483
5474
5342
5306
5400
5426
5394
5380
5484
5415
5452
5508
5418
5447
5623
5597
5679
5654
5694
5600
5606
5503
5441
5370
5343
5360
5451
5489
5491
5530
5504
5479
5439
5416
5517
5415
5379
5216
5199
5193
5137
5001
4938
4887
4996
5084
5141
5122
5148
5026
5133
5293
5430
5427
5338
5298
5323
5371
5449
5505
5453
5465
5528
5663
5653
5695
5765
5731
5793
5745
5785
5759
5732
5789
5774
5757
5868
5901
5858
5938
5963
5897
5924
5816
5899
5991
6044
6017
5996
5817
5813
5680
5533
5544
5498
5593
5657
5525
5423
5368
5408
5276
5407
5391
5413
5427
5453
5406
5425
5391
5445
5381
5468
5501
5549
5681
5775
5703
5694
5735
5827
5949
5912
5819
5984
5924
5889
6017
5838
5827
5895
5893
5910
6016
6020
5884
5835
5793
5916
5825
5786
5744
5782
5720
5662
5586
5647
5666
5730
5770
5757
5707
5713
5632
5536
5532
5692
5652
5652
5614
5525
5465
5604
5685
5722
5821
5820
5763
5762
5729
5595
5590
5441
5377
5378
5397
5466
5503
5447
5312
5334
5324
5373
5512
5505
5513
5484
5347
5241
5231
5282
5276
5142
5001
5037
4989
5071
5036
5004
4998
4962
4986
4991
5000
5023
5045
5079
5191
5148
5183
5205
5311
5514
5408
5429
5400
5521
5559
5702
5767
5915
5900
5982
5983
5936
5807
5771
5818
5745
5816
5756
5798
5692
5658
5613
5537
5477
5565
5554
5505
5479
5494
5511
5530
5512
5545
5458
5563
5508
5450
5404
5423
5538
5410
5482
5396
5340
5320
5404
5276
5290
5264
5186
5226
5183
5295
5189
5122
5260
5206
5291
5281
5275
5322
5344
5335
5207
5253
5254
5248
5266
5230
5201
5297
5383
5345
5357
5346
5219
5205
5245
5186
5204
5258
5225
5313
5411
5404
5430
5389
5269
5333
5456
5603
5549
5547
5504
5459
5454
5316
5237
5211
5193
5216
5260
5258
5294
5270
5322
5383
5380
5329
5266
5208
5188
5170
5149
5115
5180
5139
5154
5258
5226
5234
5183
5085
5038
5066
5020
5026
5072
4985
4906
4851
4882
4874
4877
4800
4836
4869
4824
4841
4884
4846
4887
4775
4791
4801
4831
4873
4889
4846
4834
5022
5150
5333
5458
5462
5446
5291
5310
5324
5305
5414
5254
5183
5250
5251
5363
5314
5324
5203
5221
5401
5400
5425
5425
5475
5532
5613
5604
5551
5646
5702
5629
5653
5601
5614
5543
5616
5558
5621
5531
5489
5618
5592
5500
5396
5427
5331
5357
5396
5389
5368
5372
5382
5410
5392
5412
5380
5311
5364
5354
5359
5346
5491
5480
5510
5585
5639
5470
5536
5639
5686
5696
5678
5627
5572
5567
5612
5429
5391
5347
5387
5447
5361
5418
5427
5386
5323
5428
5437
5496
5590
5633
5626
5635
5637
5637
5657
5701
5655
5639
5734
5709
5833
5792
5731
5595
5701
5729
5667
5652
5562
5586
5517
5452
5448
5472
5525
5412
5471
5530
5423
5393
5250
5217
5222
5289
5133
5124
5075
5073
5126
4938
4942
5002
4996
5129
5027
4993
5070
5007
4979
4924
4940
4930
4841
4862
4967
5034
5045
4983
4857
4794
4778
4744
4810
4774
4869
4832
4702
4678
4710
4743
4725
4818
4929
4775
4811
4881
4862
4837
4905
4866
4876
4785
4833
4766
4816
4854
4913
4909
4917
4922
4877
4921
4758
4718
4767
4760
4782
4834
4836
4819
4805
4883
4946
4964
5116
5095
5017
4970
4993
5100
5093
5076
5064
4928
4963
4940
4870
4938
4900
4936
4869
4839
4861
4845
4938
4910
4981
5131
5113
5100
5106
5246
5333
5429
5421
5326
5263
5220
5268
5259
5303
5320
5358
5370
5384
5385
5459
5329
5331
5473
5300
5198
5194
5136
5177
5216
5171
5139
5140
5192
5281
5331
5335
5303
5280
5404
5338
5443
5459
5502
5459
5372
5406
5459
5505
5285
5199
5276
5219
5292
5266
5371
5381
5451
5549
5550
5620
5609
5635
5623
5481
5419
5619
5634
5595
5439
5574
5575
5593
5592
5637
5740
5791
5675
5707
5684
5686
5665
5668
5629
5688
5677
5510
5470
5451
5498
5534
5662
5572
5518
5619
5542
5516
5481
5464
5555
5622
5563
5617
5643
5669
5716
5694
5714
5658
5706
5698
5763
5782
5799
5839
5623
5723
5734
5799
5807
5757
5787
5740
5749
5703
5673
5631
5663
5658
5717
5826
5771
5637
5488
5400
5392
5514
5468
5377
5360
5368
5222
5085
5091
4996
4894
4932
4839
4939
4920
4858
4724
4741
4642
4635
4576
4658
4697
4772
4724
4818
4807
4770
4861
4844
4839
4770
4854
4940
4930
4999
4969
4914
4906
4909
4983
4942
5062
5181
5256
5318
5260
5171
5364
5380
5413
5337
5307
5341
5396
5487
5424
5467
5435
5419
5377
5386
5425
5549
5495
5698
5876
5915
5861
5836
5757
5767
5799
5678
5643
5386
5328
5307
5370
5405
5273
5315
5219
5248
5283
5229
5256
5317
5264
5266
5125
5106
5250
5137
5225
5271
5306
5249
5258
5265
5232
5227
5059
5158
5151
5128
5042
4910
4939
4921
5054
5042
5058
4965
4977
4943
5037
5181
5060
5035
5074
5037
5056
5022
5174
5107
5124
5063
5047
5122
5027
5024
5060
5020
5031
5047
5095
5113
5123
5095
5093
5048
5167
5221
5319
5278
5280
5315
5390
5304
5183
5399
5371
5461
5514
5638
5620
5559
5561
5668
5616
5619
5485
5500
5538
5511
5513
5422
5430
5647
5553
5571
5480
5604
5494
5604
5626
5700
5782
5898
5908
5899
5921
5949
5948
5928
5936
5959
5988
5917
6062
6185
6189
6335
6253
6305
6233
6255
6211
6184
6136
6131
6146
6126
6043
6130
6149
6114
6096
6154
6138
6118
5994
6045
6039
6078
6076
6156
6199
6312
6280
6329
6291
6223
6270
6200
6170
6008
5963
6035
6060
5965
6002
6044
5965
5951
5991
5991
5962
6121
5968
5944
6014
6027
6000
5988
5901
5990
6043
6094
6001
6063
5975
6056
5894
5763
5817
5801
5668
5570
5441
5551
5517
5374
5545
5482
5459
5430
5465
5484
5585
5609
5708
5835
5752
5764
5887
5835
5970
5989
5966
6001
5985
5978
5978
5951
5990
6006
5987
5866
5886
5897
5943
6049
6115
5938
5942
5945
6025
6000
5949
6111
6136
6164
6129
6102
6180
6177
6026
6007
5943
5937
6035
6078
6072
6143
6143
6047
6104
6044
5980
5880
5834
5828
5738
5767
5539
5404
5290
5313
5286
5209
5258
5225
5255
5291
5376
5408
5414
5526
5516
5451
5425
5370
5423
5397
5554
5675
5692
5722
5700
5705
5711
5822
5918
5953
5964
5991
6111
6240
6227
6271
6245
6220
6108
6153
6098
5997
5873
5848
5892
5824
6066
5988
6050
5936
5890
5886
5855
5652
5736
5855
5824
5831
5955
6061
6060
6036
6085
6103
6123
6012
6062
5996
5976
5984
5992
5913
5907
5928
5937
5956
5855
5887
5821
5894
5910
5877
5870
5871
5861
5775
5756
5968
5976
6047
6113
5986
6061
6039
6120
6117
6144
6153
6089
6113
6183
6110
6138
6123
6140
6083
6024
5770
5731
5720
5646
5735
5747
5647
5731
5743
5694
5690
5679
5714
5706
5688
5627
5614
5655
5592
5659
5686
5703
5607
5669
5561
5696
5824
5958
5921
5819
5767
5811
5728
5704
5760
5709
5693
5644
5560
5542
5633
5516
5465
5442
5362
5399
5429
5528
5623
5629
5687
5709
5691
5640
5580
5591
5657
5571
5663
5618
5558
5552
5501
5443
5481
5393
5365
5243
5296
5141
5160
5235
5127
5222
5196
5281
5209
5326
5427
5499
5508
5552
5552
5507
5568
5521
5448
5494
5548
5689
5787
5861
5790
5931
6074
6141
6110
6099
6058
5939
6017
5968
5879
5746
5771
5866
5875
6005
5985
6086
6138
6182
6175
6080
5986
6089
6124
6108
6053
6027
5828
5857
5727
5765
5728
5771
5808
5654
5651
5647
5646
5767
5897
5921
6057
6044
6066
6051
6185
6173
6198
6173
6203
6275
6204
6251
6280
6258
6275
6265
6369
6390
6312
6371
6275
6219
6213
6191
6266
6214
6216
6295
6408
6507
6574
6557
6568
6631
6625
6611
6580
6625
6594
6616
6491
6443
6518
6415
6536
6487
6638
6648
6667
6538
6419
6392
6311
6274
6311
6406
6330
6315
6443
6441
6414
6409
6257
6268
6188
6229
6250
6205
6320
6351
6468
6463
6393
6399
6383
6400
6342
6350
6238
6179
6245
6307
6349
6523
6499
6522
6504
6536
6573
6485
6517
6453
6522
6526
6637
6543
6565
6434
6287
6346
6224
6270
6371
6419
6487
6450
6433
6388
6307
6210
6169
6074
6057
6086
6070
5936
5859
5951
5909
5924
5910
5944
6002
5857
5861
5711
5672
5626
5616
5810
5814
5755
5744
5706
5711
5670
5755
5790
5767
5849
5734
5878
5889
5959
6058
6088
6023
5917
5918
5922
5900
5849
5842
5875
5820
5769
5784
5897
5905
5784
5723
5707
5607
5659
5733
5647
5619
5697
5708
5632
5567
5442
5453
5578
5487
5555
5618
5510
5609
5598
5685
5703
5570
5575
5499
5543
5600
5604
5673
5656
5723
5646
5645
5480
5438
5392
5291
5321
5312
5311
5307
5369
5507
5582
5554
5694
5760
5948
5842
5879
5849
5763
5642
5673
5774
5691
5571
5625
5530
5511
5560
5495
5553
5744
5737
5671
5727
5711
5856
5872
5856
5805
5927
5948
5986
5934
5896
5893
5927
5946
5837
5824
5816
5698
5817
5873
5875
5959
5906
6041
6017
5878
5737
5735
5860
6031
5975
5970
6035
5954
6008
5968
5817
5806
5758
5721
5724
5778
5794
5852
5777
5856
5890
5882
5904
5816
5881
5830
5784
5752
5805
5919
6071
6143
6217
6368
6184
6072
6062
5962
5940
5923
5982
5909
5893
5896
5872
5905
5801
5855
5900
5852
5960
6018
6006
5994
5959
6082
6176
6131
6274
6333
6246
6193
6265
6134
6048
5948
5985
6022
6034
6045
6126
6296
6389
6244
6293
6287
6299
6339
6252
6188
6081
6128
6159
6101
6044
5991
6024
6014
5896
5869
5819
5765
5663
5798
5696
5706
5686
5717
5689
5662
5772
5804
5795
5773
5829
5742
5610
5709
5623
5679
5593
5545
5471
5517
5534
5474
5491
5552
5584
5496
5442
5467
5391
5396
5462
5567
5626
5635
5590
5509
5500
5497
5514
5495
5557
5518
5537
5491
5401
5397
5239
5198
5311
5374
5528
5681
5668
5703
5720
5683
5757
5660
5763
5649
5686
5692
5692
5708
5788
5823
5910
6045
5928
5968
6056
5862
5824
5855
5922
5917
5872
5959
5983
6051
5942
5922
5926
5948
5924
5963
5924
5869
5747
5595
5511
5459
5477
5440
5500
5333
5478
5581
5707
5605
5479
5488
5501
5502
5532
5468
5445
5363
5339
5370
5292
5426
5400
5429
5463
5394
5471
5365
5364
5296
5236
5197
5133
5151
5200
5234
5140
5160
5258
5300
5373
5264
5269
5213
5136
5161
5264
5195
5173
5199
5159
5157
5230
5278
5299
5271
5205
5144
5164
5113
5107
5182
5201
5230
5167
5168
5160
5222
5325
5317
5276
5213
5254
5188
5178
5272
5278
5235
5232
5310
5395
5384
5332
5439
5435
5386
5379
5353
5474
5381
5379
5376
5292
5275
5214
5375
5236
5234
5303
5287
5358
5378
5325
5271
5380
5237
5285
5381
5473
5420
5387
5450
5360
5318
5251
5369
5557
5529
5553
5645
5575
5575
5571
5742
5864
5843
5881
5894
5881
5964
6026
6058
6122
6117
6079
6198
6121
6143
6148
6171
6153
6326
6138
6252
6355
6388
6356
6347
6311
6189
6304
6297
6266
6363
6412
6406
6431
6465
6348
6270
6168
6158
6037
5907
5918
5917
5861
5911
5795
5845
5975
6025
6039
6034
5939
5948
6049
5992
6037
6074
6014
5909
5905
5930
5989
5992
5964
6071
5973
6039
6123
6119
6175
6057
6083
6121
5985
5959
5964
5962
5905
5858
5825
5834
5769
5813
5951
5902
5807
5697
5755
5768
5823
5876
5903
5859
5797
5718
5680
5715
5872
5959
5889
5936
6104
6015
6020
6068
5997
6107
6137
6278
6302
6329
6245
6181
6249
6381
6354
6236
6254
6285
6282
6432
6455
6457
6478
6558
6393
6423
6328
6418
6397
6323
6272
6364
6250
6318
6376
6366
6375
6571
6493
6420
6526
6565
6426
6432
6289
6365
6279
6207
6244
6119
6143
6069
6139
6224
6338
6347
6403
6337
6206
6161
6240
6226
6147
6218
6234
6371
6401
6442
6419
6436
6430
6449
6334
6242
6097
6211
6180
6104
6143
6240
6169
5971
6055
6042
6114
6150
6173
6135
6079
6155
6130
6050
6180
6118
6093
6272
6250
6225
6273
6308
6271
6190
6163
6174
6223
6249
6154
6147
6264
6345
6457
6417
6336
6227
6040
5950
6035
6158
6183
6250
6257
6269
6255
6263
6295
6177
6285
6292
6197
6184
6199
6170
6016
5896
5982
6004
5971
5866
5891
5782
5837
5815
5921
5940
6104
6055
6045
6106
6250
6238
6231
6191
6181
6296
6221
6216
6303
6222
6199
6201
6181
6152
6103
6198
6329
6188
6093
6079
6205
6200
6144
5986
6003
6085
6052
6003
5972
5897
5920
6027
6035
6051
6004
6097
6131
6070
6091
6033
6077
6116
6081
6052
6156
6088
6055
5965
5950
5924
5807
5702
5685
5767
5670
5797
5802
5869
5846
5789
5806
5845
5806
5672
5711
5694
5670
5758
5760
5722
5789
5890
5905
5900
5896
5999
6052
6068
6005
6081
6030
6027
6084
6125
6141
6146
6167
6151
5976
5931
5943
5891
6055
6010
6196
6409
6480
6447
6493
6388
6306
6427
6305
6328
6327
6244
6139
5993
5988
5917
5930
5994
6090
6143
6113
6083
6128
6151
6116
6185
6206
6190
6114
6188
6188
6230
6137
6187
6108
5999
5918
5881
5752
5484
5469
5320
5258
5264
5329
5313
5330
5332
5246
5332
5233
5325
5269
5223
5364
5431
5438
5542
5591
5694
5644
5695
5748
5700
5826
5889
6001
5991
6058
6055
6069
5923
5815
5768
5837
5750
5914
5848
5786
5864
5940
6070
5846
5928
5979
5926
5926
5934
5864
5844
6021
5983
5965
5841
5709
5632
5544
5529
5528
5514
5507
5516
5561
5525
5507
5490
5509
5478
5465
5395
5394
5374
5482
5569
5604
5557
5604
5546
5445
5350
5358
5482
5576
5628
5857
5841
5899
5875
5809
5850
5861
5966
6034
6157
6212
6244
6303
6278
6323
6291
6241
6208
6203
6223
6143
6115
6081
6172
6201
6318
6321
6206
6235
6124
6108
6229
6207
6243
6034
6011
5994
5995
5921
5877
5849
5838
5722
5714
5867
5921
5928
5975
6094
6082
6026
5871
5848
5863
5820
5855
5833
5844
5816
5773
5847
5784
5808
5830
5965
6080
6004
5879
5833
5902
5788
5845
5876
5824
5829
5851
5758
5712
5724
5708
5776
5731
5773
5649
5597
5518
5515
5574
5589
5709
5659
5618
5625
5654
5632
5545
5505
5470
5563
5548
5572
5564
5503
5405
5389
5369
5316
5273
5210
5257
5229
5195
5197
5221
5169
5098
5074
5047
5161
5266
5270
5297
5261
5314
5252
5331
5346
5255
5298
5367
5404
5439
5593
5578
5646
5663
5809
5697
5633
5637
5713
5751
5723
5627
5548
5453
5484
5515
5485
5477
5515
5439
5456
5435
5410
5384
5252
5269
5173
5042
5034
5029
5009
4997
4994
4950
4970
4939
4969
4956
4968
4906
4936
4974
5176
5079
5209
5191
5230
5263
5257
5250
5268
5346
5248
5145
5177
5199
5324
5263
5225
5275
5364
5433
5276
5213
5040
5107
5074
4984
5020
5045
4962
4979
5017
4939
5066
5060
5053
5101
5152
5312
5437
5434
5379
5431
5559
5450
5354
5272
5341
5192
5302
5289
5227
5171
5215
5258
5099
5211
5221
5295
5321
5263
5309
5308
5155
5094
5136
5094
5025
4996
5037
5005
5063
5136
5328
5245
5270
5249
5214
5251
5230
5131
5191
5026
5132
4976
4945
4942
4964
5014
4904
4790
4821
4822
4891
4831
4926
4938
5021
5154
5072
5107
5233
5230
5283
5287
5289
5369
5312
5342
5366
5361
5545
5544
5576
5651
5696
5749
5644
5762
5717
5734
5867
5832
5777
5767
5900
5778
5782
5701
5621
5512
5501
5575
5515
5459
5379
5350
5430
5303
5353
5229
5184
5100
5162
5176
5278
5236
5216
5262
5242
5341
5311
5302
5247
5264
5331
5326
5357
5371
5363
5414
5384
5330
5264
5267
5138
5060
5058
5073
4963
4969
4973
4916
4924
4895
4877
4944
5047
5097
5292
5366
5483
5548
5473
5499
5456
5359
5325
5228
5239
5241
5231
5208
5189
5199
5292
5274
5326
5245
5282
5234
5320
5345
5341
5353
5298
5238
5282
5336
5352
5340
5357
5456
5568
5616
5522
5505
5456
5459
5471
5513
5677
5727
5710
5739
5748
5597
5686
5570
5562
5555
5711
5758
5819
5851
5928
5894
5952
6036
6146
6075
6258
6182
6280
6297
6106
6166
6220
6190
6274
6303
6273
6378
6187
6251
6228
6336
6232
6206
6308
6403
6399
6374
6257
6292
6291
6193
6108
5956
5998
6036
6119
6136
6133
6309
6209
6250
6267
6236
6107
6187
6078
6067
5958
5911
5830
5937
5929
5877
5854
5725
5866
5969
5967
6011
5925
5905
5975
6059
6089
5983
5892
5920
5814
5758
5825
5822
5790
5683
5736
5762
5742
5654
5583
5530
5464
5356
5368
5394
5464
5389
5421
5397
5326
5353
5221
5152
5085
5098
5134
5050
4974
4990
4913
4962
4839
4721
4829
4782
4852
4802
4872
4830
4855
4870
4927
4862
4926
5015
5061
5110
5267
5276
5288
5355
5272
5175
5257
5276
5408
5546
5624
5761
5736
5774
5794
5703
5717
5644
5625
5575
5539
5619
5519
5373
5397
5298
5400
5397
5481
5457
5510
5418
5479
5321
5478
5424
5404
5207
5289
5358
5392
5325
5573
5698
5584
5624
5750
5743
5900
5901
5837
5914
5950
5825
5828
5755
5789
5692
5776
5612
5684
5567
5443
5522
5509
5389
5508
5447
5376
5341
5362
5443
5391
5442
5223
5208
5290
5228
5178
5156
5074
5043
5072
5192
5083
5128
5143
5129
5139
5199
5260
5260
5171
5173
5145
5104
5169
5249
5196
5139
5225
5193
5202
5138
5177
5146
5078
4982
4926
5002
4879
4840
4917
4917
5006
4937
4913
4886
4854
4928
4891
4795
4814
4794
4894
5120
5190
5093
5050
5022
5029
5025
5099
5204
5262
5281
5210
5293
5222
5274
5286
5160
5091
5060
5079
5107
5169
5222
5264
5169
5194
5188
5220
5360
5274
5329
5440
5446
5435
5399
5339
5232
5258
5139
5197
5122
5125
5188
5164
5161
5125
5144
5059
5102
5156
5095
5187
5145
5280
5297
5327
5404
5433
5437
5421
5470
5548
5671
5574
5591
5716
5631
5707
5605
5684
5698
5646
5524
5445
5470
5444
5493
5363
5381
5381
5414
5451
5568
5594
5598
5673
5577
5567
5588
5689
5594
5763
5646
5604
5577
5538
5551
5454
5576
5727
5716
5676
5614
5531
5616
5754
5691
5768
5765
5746
5610
5599
5510
5581
5549
5601
5648
5613
5568
5467
5408
5378
5231
5247
5309
5429
5428
5441
5446
5470
5427
5422
5480
5390
5338
5403
5260
5234
5180
5108
5125
5062
5087
5216
5242
5243
5212
5285
5329
5317
5337
5238
5251
5304
5253
5148
5230
5331
5294
5192
5164
5088
5011
4931
4869
4865
4806
4845
4892
4947
5037
5090
5002
5079
5201
5166
5204
5309
5368
5462
5509
5564
5610
5654
5439
5515
5537
5564
5430
5361
5462
5490
5420
5383
5360
5480
5577
5645
5562
5590
5667
5574
5586
5549
5666
5627
5546
5523
5494
5439
5396
5411
5378
5352
5433
5398
5412
5447
5364
5271
5351
5314
5414
5442
5396
5360
5358
5399
5396
5411
5341
5342
5335
5363
5430
5368
5411
5391
5323
5297
5258
5281
5261
5299
5288
5387
5432
5494
5539
5707
5709
5747
5671
5560
5524
5537
5501
5553
5657
5644
5573
5600
5610
5560
5449
5334
5450
5346
5327
5246
5396
5391
5444
5524
5494
5496
5462
5517
5501
5531
5581
5542
5625
5625
5636
5575
5523
5489
5355
5328
5302
5381
5532
5444
5466
5522
5490
5520
5423
5481
5442
5449
5514
5532
5548
5652
5548
5514
5538
5568
5628
5591
5546
5497
5402
5521
5464
5348
5285
5339
5381
5327
5322
5413
5340
5418
5477
5526
5508
5482
5458
5564
5564
5591
5639
5529
5479
5365
5378
5376
5431
5458
5460
5421
5369
5306
5232
5288
5245
5129
5113
5147
5161
5147
5090
5124
5073
4986
4862
4850
4897
4939
5026
4974
4966
4990
5048
5083
5143
5109
5040
5087
5043
5052
4967
4908
4828
4748
4652
4675
4673
4645
4659
4731
4796
4890
4939
4918
4954
4984
5069
5203
5171
5197
5198
5171
5219
5137
5094
5108
5012
5081
4966
4984
4989
4872
4820
4856
4832
4887
4929
4979
5002
4967
4912
4966
4884
4743
4811
4722
4715
4777
4724
4719
4675
4651
4638
4619
4579
4578
4644
4819
4764
4763
4679
4687
4663
4646
4636
4660
4644
4570
4715
4668
4670
4750
4665
4684
4735
4736
4722
4735
4667
4615
4624
4611
4726
4652
4597
4644
4680
4661
4642
4541
4483
4407
4324
4326
4235
4184
4272
4434
4416
4437
4449
4503
4559
4603
4616
4686
4664
4773
4839
4679
4687
4744
4703
4753
4793
4744
4756
4853
4828
4979
4927
4914
4881
4873
4874
4874
4820
4714
4542
4591
4600
4584
4683
4774
4850
4845
4875
4795
4719
4785
4779
4757
4763
4835
4795
4779
4676
4574
4588
4556
4476
4528
4655
4646
4626
4674
4658
4802
4763
4776
4748
4706
4618
4682
4767
4765
4591
4637
4723
4803
4780
4715
4773
4778
4758
4910
5024
4971
4926
4871
4905
4935
4925
4983
4968
4834
5004
5074
5058
5251
5234
5150
4992
4919
4902
4847
4918
4875
4823
4676
4716
4656
4664
4616
4594
4655
4601
4721
4758
4891
4836
4809
4816
4819
4911
4942
5124
4993
5048
5017
5041
5058
4982
5070
5128
5220
5334
5285
5203
5187
5116
5103
5089
5070
5157
5012
5061
5052
5127
5267
5301
5294
5289
5320
5570
5561
5561
5579
5566
5571
5665
5587
5561
5454
5387
5527
5491
5479
5484
5389
5249
5142
5249
5211
5109
5136
5102
5071
5050
5090
4973
5097
4931
4888
4810
4821
4787
4725
4711
4664
4691
4718
4743
4824
4976
4921
5066
5016
4939
4965
4871
4842
4857
4891
4981
4947
4788
4852
4907
4844
4853
4821
4760
4821
4849
4717
4752
4732
4671
4598
4770
4880
4916
4902
4890
4916
4894
4794
4794
4849
4824
4740
4748
4684
4686
4723
4847
4758
4716
4698
4815
4788
4918
4850
4857
4870
4890
4985
4970
4916
5004
5084
5137
5188
5212
5129
5133
5182
5190
5166
5234
5266
5144
5145
5302
5525
5538
5590
5716
5725
5812
5843
5753
5897
5818
5910
5918
5978
5877
5863
5782
5884
5793
5732
5772
5814
5806
5726
5733
5798
5808
5785
5762
5760
5862
5912
5898
6041
6095
5952
6047
6067
6168
6044
5996
5917
5999
6050
6172
6269
6286
6345
6426
6418
6348
6400
6353
6376
6377
6297
6273
6253
6259
6238
6371
6346
6291
6206
6225
6256
6199
6121
6010
6187
6186
6140
6214
6182
6281
6257
6187
6069
5996
5972
5914
5751
5702
5679
5774
5687
5699
5768
5682
5729
5694
5586
5608
5700
5850
5893
5939
5860
5882
5978
6025
6081
6125
6192
6263
6325
6472
6431
6425
6347
6395
6465
6589
6542
6604
6626
6624
6572
6532
6671
6705
6693
6717
6560
6404
6429
6529
6576
6695
6722
6630
6579
6368
6513
6583
6629
6618
6643
6504
6521
6494
6476
6411
6420
6451
6514
6587
6511
6535
6658
6469
6536
6418
6466
6391
6275
6283
6314
6301
6444
6422
6464
6454
6474
6520
6540
6549
6582
6578
6543
6322
6210
6223
6217
6122
6048
6122
6065
6101
5981
6053
6170
6188
6190
6107
6044
6109
6090
5837
5917
5901
5811
5938
6028
5912
5919
5911
5932
5971
5959
5905
5871
5969
5913
5942
5961
6001
6152
6111
6047
5996
6033
6108
6054
6083
6159
6169
6110
6150
6200
6146
6227
6118
6072
5987
5858
5834
5817
5852
5995
5937
5903
5807
5882
5675
5536
5581
5643
5640
5735
5785
5667
5654
5752
5719
5871
5893
5884
5978
5975
5992
6040
5911
5922
5977
6066
6098
6072
6096
6122
6060
5895
5846
5822
5770
5672
5670
5728
5809
5926
5845
5872
5913
5911
5915
5980
5954
5881
5924
5835
5840
5930
5980
5921
5896
5780
5867
5775
5651
5648
5583
5597
5671
5483
5558
5544
5487
5385
5456
5458
5359
5343
5403
5446
5428
5537
5650
5519
5543
5412
5388
5396
5411
5430
5486
5650
5596
5619
5592
5624
5645
5607
5599
5553
5609
5522
5557
5507
5501
5470
5403
5435
5321
5383
5473
5523
5565
5488
5509
5573
5595
5677
5792
5755
5706
5727
5693
5631
5690
5732
5881
5917
5905
5895
5910
6017
5856
5930
5959
6021
6034
6151
6225
6121
6316
6377
6345
6308
6190
6223
6107
6160
6196
6212
6282
6448
6527
6479
6497
6280
6324
6326
6390
6304
6160
6250
6316
6334
6261
6228
6302
6441
6335
6263
6434
6367
6344
6503
6483
6651
6505
6666
6552
6608
6508
6604
6588
6521
6492
6631
6641
6674
6575
6639
6703
6889
6786
6803
6631
6556
6599
6670
6621
6774
6785
6797
6876
6911
7042
7029
7047
6977
6942
6913
6738
6753
6728
6683
6799
6761
6817
6716
6688
6658
6674
6680
6683
6764
6775
6781
6839
6666
6715
6652
6626
6530
6625
6514
6435
6468
6489
6397
6464
6468
6528
6578
6558
6561
6690
6730
6682
6876
6902
6835
6569
6491
6272
6255
6236
6135
6104
6131
6159
5967
5890
5791
5776
5922
5928
5752
5704
5803
5839
5938
5868
5862
5826
5695
5766
5791
5869
5841
5905
5757
5737
5600
5643
5733
5742
5814
5767
5777
5674
5674
5698
5761
5792
5953
5995
5927
5935
5962
6063
6007
6105
6058
6063
5990
6130
6200
6215
6120
6247
6208
6156
5964
5925
5902
5972
5940
5993
5965
5906
5973
6041
5987
6086
6135
6277
6368
6358
6421
6447
6478
6413
6441
6592
6690
6581
6564
6545
6521
6520
6437
6406
6432
6503
6509
6482
6500
6616
6464
6374
6385
6340
6319
6284
6237
6277
6277
6279
6216
6323
6318
6309
6197
6037
6059
5902
5902
5929
5889
5860
5860
5745
5616
5598
5642
5676
5622
5552
5534
5618
5588
5738
5625
5594
5460
5375
5456
5561
5355
5343
5324
5281
5389
5523
5527
5551
5570
5456
5502
5528
5651
5552
5645
5792
5722
5638
5510
5288
5341
5307
5259
5248
5199
5214
5243
5188
5155
5131
5051
5088
4990
5040
5038
5122
5297
5242
5104
5059
5231
5162
5101
5091
5194
5208
5274
5352
5283
5314
5289
5306
5324
5318
5304
5277
5389
5348
5260
5316
5195
5127
5093
5060
5063
5049
4900
4880
5033
5036
5096
5081
5148
5084
4966
5176
5068
5053
5002
5016
4941
4956
4846
4870
4866
4960
4999
4982
4928
4877
4861
4779
4717
4863
4944
4985
5006
4915
4880
5039
5053
5175
5139
5036
5059
5049
5094
5123
5188
5313
5307
5363
5329
5347
5381
5356
