505000
199862
141167
111236
92453
79176
69854
62392
56201
51512
47664
44209
41120
38672
36327
34423
32781
31376
29895
28304
27137
26037
24997
24278
23470
22978
22066
21464
20599
20161
19814
19333
19003
18531
17960
17594
17143
16786
16601
16596
16306
15909
15671
15423
15109
14861
14561
14098
14013
13932
13824
13382
13202
12866
12704
12614
12489
12113
11916
11880
11800
11849
11837
11689
11792
11506
11311
11224
11053
11006
11054
11078
10845
10873
10885
10485
10370
10239
10130
9959
9800
10014
9904
9956
9994
10046
10025
9898
9899
9859
9600
9575
9642
9711
9583
9571
9324
9299
9164
9150
9064
9139
9022
8884
8875
8905
8769
8758
8632
8581
8521
8318
8154
8236
8167
7973
7762
7595
7636
7566
7499
7521
7560
7634
7593
7528
7531
7413
7547
7637
7590
7709
7724
7689
7538
7430
7490
7551
7603
7486
7533
7430
7356
7295
7418
7449
7273
7141
7210
7231
7159
7064
7006
7012
6924
6877
6874
6857
6853
6850
6930
6822
6735
6587
6590
6574
6576
6797
6808
6818
6572
6536
6583
6622
6628
6630
6717
6655
6724
6704
6692
6652
6577
6511
6670
6579
6625
6610
6652
6556
6547
6449
6537
6489
6449
6408
6482
6398
6217
6146
6134
6174
6131
6323
6265
6130
6129
6363
6293
6247
6284
6266
6196
6035
5900
5806
5757
5805
5841
5800
5972
5965
5922
5878
5937
5964
5953
5878
5884
5896
5918
5770
5719
5694
5654
5508
5565
5562
5540
5609
5622
5662
5637
5633
5606
5588
5690
5496
5549
5520
5584
5572
5611
5666
5595
5588
5634
5554
5541
5488
5467
5476
5461
5454
5509
5482
5406
5510
5511
5407
5377
5340
5367
5277
5295
5419
5403
5270
5255
5204
5307
5251
5330
5326
5395
5480
5334
5509
5451
5538
5483
5568
5645
5682
5537
5569
5507
5594
5547
5512
5503
5530
5506
5520
5501
5526
5542
5558
5451
5350
5222
5181
5218
5163
5132
4977
4892
4912
4900
4955
4820
4834
4829
4881
4814
4784
4663
4682
4824
4806
4710
4760
4767
4695
4760
4783
4772
4784
4914
4980
4982
5158
5168
5057
4968
5095
5052
5069
5125
5115
5115
5118
5210
5258
5338
5209
5156
5172
5296
5199
5065
5136
5047
5076
5165
5141
5089
5078
5198
5268
5165
5186
5318
5344
5253
5141
5196
5204
5243
5273
5294
5316
5460
5392
5366
5303
5372
5409
5497
5502
5427
5538
5590
5516
5599
5693
5619
5705
5742
5758
5823
5765
5936
5984
5983
5872
5902
5882
5979
5992
5962
5928
5981
5959
5919
6030
6044
6019
6064
5989
5975
5976
5943
6039
5976
6019
5956
5874
5755
5804
5818
5824
5684
5779
5662
5690
5793
5779
5769
5749
5783
5790
5707
5669
5628
5596
5569
5637
5645
5609
5539
5590
5554
5530
5446
5489
5406
5511
5488
5483
5461
5509
5541
5588
5570
5582
5440
5359
5344
5409
5480
5426
5577
5537
5516
5491
5611
5727
5654
5709
5695
5587
5608
5690
5793
5855
5884
5795
5845
5961
5871
5914
5953
6019
6024
6079
5949
5954
5972
6143
6207
6207
6291
6324
6407
6383
6418
6378
6209
6155
6260
6132
6089
6158
6183
6151
6115
6062
6041
5942
5884
5870
5875
6007
5987
6005
5995
5905
5846
5788
5842
6087
6108
6117
5921
5994
6014
6116
6116
6157
6284
6248
6311
6300
6179
6142
6163
6227
6161
5922
5872
5913
6042
6043
6015
5852
5768
5673
5608
5492
5461
5492
5430
5260
5228
5326
5348
5363
5470
5493
5526
5469
5550
5653
5730
5747
5639
5570
5515
5529
5484
5362
5311
5430
5460
5357
5473
5400
5450
5453
5514
5680
5649
5600
5584
5647
5540
5582
5434
5388
5324
5208
5206
5225
5175
5198
5272
5195
5171
5193
5164
5186
5244
5186
5182
5237
5304
5093
5034
4996
4993
4967
5065
5019
4980
5066
5016
5051
5108
5131
5001
4986
5015
5023
5104
5178
5217
5283
5095
5148
5060
5088
5258
5417
5327
5262
5286
5357
5368
5363
5218
5192
5217
5249
5214
5169
5282
5241
5257
5181
5249
5210
5246
5144
5166
5159
5190
5228
5316
5353
5327
5342
5365
5392
5414
5437
5486
5386
5423
5310
5387
5418
5467
5465
5481
5456
5468
5495
5443
5509
5565
5539
5348
5348
5351
5422
5456
5504
5514
5427
5568
5587
5500
5504
5654
5696
5669
5581
5666
5647
5677
5642
5483
5469
5448
5345
5382
5386
5378
5426
5423
5299
5264
5278
5237
5269
5316
5326
5296
5228
5127
5160
5090
5001
5061
4875
4899
4997
4945
4911
5003
5007
4986
5034
5047
5017
4907
4874
4824
4943
4963
4931
4957
5006
5008
4958
5016
5013
4904
5008
4986
4928
4932
4933
4927
4846
4986
5009
5044
5102
5194
5125
5032
5122
5086
5150
5092
5160
5278
5327
5408
5392
5457
5347
5296
5302
5299
5315
5343
5235
5182
5099
4945
4900
4954
4934
4916
4905
4904
4867
4906
4967
4910
5039
5077
5125
5186
5164
5152
5166
5155
5215
5185
5313
5282
5374
5208
5328
5304
5266
5281
5323
5280
5291
5244
5305
5422
5329
5480
5439
5515
5513
5653
5674
5562
5567
5692
5704
5642
5620
5637
5659
5547
5557
5444
5409
5392
5564
5569
5530
5387
5352
5292
5350
5416
5389
5373
5382
5321
5242
5137
5096
5048
4997
5004
5119
5037
5008
4973
4968
5043
5059
5073
5002
5004
5021
4887
4903
4924
4862
5036
4981
4841
4802
4832
4835
4682
4748
4783
4864
4884
4851
4885
4963
4835
4875
4889
4983
4872
4962
4964
4852
4921
4947
4907
4981
5078
5085
4984
5031
5008
5043
5054
5083
5091
5149
5186
5200
5090
5046
5004
5023
5005
5062
5056
4977
5003
4953
5015
5088
4974
4970
5012
4974
4967
5103
5210
5245
5375
5360
5518
5528
5561
5635
5698
5850
5725
5898
5911
5876
5842
5866
5695
5761
5731
5762
5808
5917
5972
6029
5918
5968
6066
6054
6237
6305
6323
6256
6130
6166
6246
6236
6128
6113
6125
6310
6358
6371
6406
6399
6479
6481
6518
6515
6406
6481
6597
6702
6557
6533
6466
6416
6326
6297
6429
6493
6477
6572
6711
6863
6871
6837
6872
6922
6898
6800
6750
6815
6774
6791
6723
6743
6780
6813
6748
6782
6772
6807
6912
6838
6805
6918
6931
6939
6873
7032
7082
7142
7141
7163
7106
7323
7102
7095
6991
6875
6921
6934
6840
6727
6683
6760
6534
6488
6466
6471
6515
6443
6448
6528
6540
6535
6618
6591
6675
6500
6571
6439
6489
6409
6370
6272
6331
6352
6450
6433
6549
6513
6552
6498
6339
6351
6344
6380
6397
6447
6484
6349
6314
6264
6201
6264
6309
6280
6174
6178
6091
6017
6099
5993
5889
5885
5836
5924
5870
5941
5950
6002
5985
5839
5699
5727
5731
5702
5523
5582
5496
5493
5436
5394
5468
5510
5559
5687
5573
5660
5714
5739
5901
5956
6133
6076
5973
5942
6084
6163
6179
6116
6128
6171
6307
6272
6200
6199
6188
6178
6151
6079
6201
6181
6299
6214
6119
5846
5782
5657
5631
5599
5500
5373
5309
5229
5276
5361
5275
5294
5325
5309
5238
5272
5307
5411
5306
5347
5324
5300
5329
5290
5298
5251
5331
5400
5412
5322
5379
5512
5622
5475
5429
5317
5308
5345
5266
5408
5507
5466
5341
5399
5471
5349
5412
5460
5550
5452
5395
5438
5485
5592
5678
5742
5604
5563
5649
5590
5560
5515
5660
5661
5618
5608
5697
5818
5873
5839
6005
6000
6050
6067
6089
6190
6123
6095
6204
6223
6153
6322
6114
6077
6011
6053
6025
6017
5928
5900
5908
5907
5847
5800
5877
5861
5847
5790
5797
5769
5665
5702
5589
5503
5615
5596
5577
5506
5531
5513
5561
5500
5526
5446
5364
5557
5573
5505
5511
5585
5657
5723
5709
5705
5596
5590
5588
5662
5504
5380
5387
5349
5289
5325
5267
5324
5234
5219
5131
5221
5293
5215
5120
5160
5195
5262
5140
5063
5041
5061
4993
5033
4993
4859
4959
5000
4991
5039
5046
5112
5086
5136
5111
5146
5085
5025
5093
5109
5079
5122
5093
4964
4839
4985
5031
4970
5059
5068
5099
5086
5128
5078
4959
4907
4796
4909
4944
5025
5071
5210
5349
5392
5353
5324
5383
5468
5515
5391
5460
5429
5439
5467
5383
5460
5368
5317
5239
5313
5399
5368
5252
5340
5317
5283
5381
5313
5405
5356
5402
5522
5421
5485
5574
5566
5561
5545
5530
5465
5457
5462
5467
5314
5351
5262
5268
5061
5133
5265
5238
5214
5318
5317
5291
5284
5155
5226
5203
5207
5231
5228
5187
4992
4943
4775
4870
4807
4814
4747
4802
4726
4717
4738
4743
4664
4710
4750
4804
4876
4900
4906
4953
4863
4796
4745
4763
4769
4898
4905
4903
4895
4987
4928
5013
4856
4733
4749
4805
4888
4940
4941
4857
4790
4789
4750
4811
4691
4684
4630
4649
4676
4782
4877
4856
4860
4799
4711
4724
4758
4647
4782
4854
5017
5107
5110
5165
5072
5050
4937
4960
4931
5009
5039
5128
5102
5019
5075
5002
5022
5007
5065
5033
5035
5037
5054
5301
5269
5291
5318
5322
5385
5324
5431
5304
5238
5281
5216
5351
5241
5200
5254
5340
5335
5417
5417
5362
5541
5572
5778
5786
5833
5706
5599
5628
5740
5743
5787
5870
5934
5790
5792
5770
5876
5907
5918
6064
6133
5903
5868
5707
5710
5619
5663
5697
5625
5663
5689
5612
5475
5573
5447
5443
5323
5345
5332
5471
5510
5409
5413
5517
5587
5643
5643
5495
5581
5566
5493
5491
5447
5509
5553
5493
5422
5384
5288
5278
5319
5162
5094
5099
5126
5139
5040
5010
5033
5164
5182
5185
5241
5163
5166
5111
5143
5214
5285
5185
5172
5176
5257
5324
5340
5302
5360
5344
5444
5432
5300
5390
5465
5405
5389
5280
5379
5334
5455
5431
5352
5381
5478
5487
5544
5478
5455
5500
5394
5327
5374
5301
5212
5089
5142
5149
5207
5277
5228
5139
4993
5005
5047
4981
4932
4886
5006
4944
4968
5022
4982
4977
5000
4975
4956
5086
5132
5097
5223
5130
5160
5269
5246
5252
5245
5271
5337
5299
5364
5301
5332
5415
5345
5375
5381
5428
5309
5331
5272
5374
5419
5433
5443
5356
5222
5238
5088
5257
5136
5018
4996
5118
5138
5122
5189
5149
5248
5317
5327
5382
5373
5456
5407
5324
5421
5396
5449
5559
5559
5604
5569
5531
5554
5543
5676
5686
5642
5666
5632
5646
5599
5647
5662
5495
5501
5558
5603
5584
5644
5627
5589
5674
5662
5628
5637
5704
5678
5676
5633
5553
5657
5602
5518
5440
5467
5472
5452
5284
5411
5410
5317
5272
5193
5205
5181
5263
5318
5334
5364
5296
5335
5376
5362
5472
5418
5353
5411
5366
5415
5557
5617
5686
5622
5616
5517
5406
5420
5489
5479
5591
5621
5896
6040
5948
5982
6083
6020
6106
6057
5992
5979
5909
5782
5792
5759
5780
5871
5916
5940
5903
5931
5875
5801
5889
5941
6020
5957
5927
5832
5758
5887
5782
5566
5622
5584
5534
5496
5424
5471
5568
5566
5504
5470
5396
5394
5390
5315
5315
5235
5320
5315
5272
5365
5328
5421
5381
5327
5259
5261
5315
5360
5256
5334
5344
5313
5328
5333
5305
5189
5261
5039
5185
5189
5231
5311
5226
5312
5211
5218
5162
5188
5214
5220
5238
5331
5240
5212
5101
5086
5125
4939
5034
5029
5104
5107
5129
5284
5311
5270
5170
5198
5226
5250
5234
5221
5235
5253
5225
5321
5396
5470
5475
5412
5315
5380
5349
5363
5194
5201
5171
5182
5134
5236
5218
5342
5274
5347
5408
5507
5469
5460
5467
5639
5581
5657
5738
5804
5808
5851
5968
5985
6040
6017
5908
5896
5735
5673
5771
5826
5913
5963
5990
6022
5896
6054
6126
6236
6315
6364
6317
6341
6431
6415
6342
6391
6302
6266
6129
6104
6216
6080
6016
6016
6009
5982
6020
6039
6033
6003
5922
5980
5881
5815
5935
6007
5999
6006
6066
5956
5967
6086
5999
6016
5969
5917
5976
5947
5848
5817
5621
5619
5695
5776
5863
5796
5842
5876
5902
5921
5885
5874
5953
5959
5831
5832
5709
5610
5719
5746
5757
5746
5672
5725
5769
5740
5569
5559
5639
5710
5728
5617
5759
5794
5712
5737
5670
5706
5836
5896
5817
5800
5791
5776
5848
5988
5974
5935
6064
6086
5974
5812
5774
5762
5764
5822
5765
5779
5817
5769
5773
5844
5852
5839
5853
5854
5882
5862
5696
5777
5880
5855
5768
5914
5842
5801
5860
5892
5850
5866
5869
5974
5922
5865
5893
5924
5800
5841
5813
5795
5878
5943
5992
6035
5970
5995
6031
6050
6033
5991
6026
5825
5782
5796
5839
5800
5802
5735
5654
5783
5783
5741
5644
5599
5574
5605
5626
5434
5331
5401
5372
5425
5540
5605
5402
5369
5326
5427
5539
5558
5468
5413
5457
5624
5439
5390
5450
5449
5386
5404
5406
5391
5317
5349
5272
5192
5170
5148
5152
5220
5080
5055
5075
5106
5075
5046
4971
4858
4792
4717
4723
4714
4741
4791
4653
4508
4675
4611
4721
4769
4801
4827
4823
4801
4689
4600
4656
4767
4831
4755
4700
4664
4686
4634
4560
4429
4419
4477
4532
4580
4639
4655
4685
4663
4589
4562
4507
4596
4541
4512
4420
4556
4536
4613
4632
4530
4457
4422
4369
4379
4249
4147
4210
4216
4133
4139
4085
4154
4184
4042
4083
4074
4057
4172
4180
4125
4229
4262
4112
4192
4154
4245
4214
4052
4058
3977
3992
4102
4077
4163
4234
4292
4295
4238
4236
4068
4065
4054
4043
4032
4043
4040
4033
4107
4149
4259
4330
4234
4259
4296
4302
4295
4471
4429
4380
4325
4321
4282
4273
4278
4280
4397
4377
4274
4233
4318
4473
4445
4545
4459
4423
4415
4456
4468
4397
4415
4393
4403
4300
4192
4251
4233
4195
4209
4215
4336
4375
4454
4493
4398
4335
4372
4317
4228
4183
4101
4022
4023
4154
4185
4157
4081
3898
3916
3892
3809
3690
3631
3537
3600
3618
3733
3757
3717
3697
3766
3772
3779
3778
3820
3844
3876
3866
3909
3902
3958
3977
3878
3906
3942
3933
4048
4212
4337
4348
4337
4335
4281
4276
4210
4049
4176
4099
3961
4028
4044
4133
4112
4195
4181
4206
4224
4182
4239
4447
4451
4610
4585
4476
4413
4400
4440
4560
4505
4563
4501
4473
4502
4468
4470
4485
4494
4477
4488
4491
4539
4547
4513
4599
4726
4827
4761
4754
4760
4830
4871
4973
5060
5057
5068
4998
4992
5178
5285
5219
5320
5371
5466
5444
5418
5563
5652
5609
5609
5700
5764
5604
5561
5478
5563
5542
5587
5529
5488
5426
5369
5188
5154
5213
5241
5253
5319
5188
5187
5200
5218
5151
5197
5197
5311
5279
5241
5181
5286
5354
5467
5552
5604
5651
5579
5529
5527
5433
5424
5268
5372
5381
5326
5374
5335
5394
5383
5307
5319
5347
5466
5408
5386
5393
5393
5439
5490
5531
5602
5619
5443
5342
5358
5413
5498
5428
5538
5469
5516
5596
5600
5738
5708
5758
5819
5658
5707
5599
5625
5772
5764
5665
5704
5652
5668
5711
5761
5739
5849
5990
5924
5734
5655
5570
5533
5494
5544
5641
5536
5431
5471
5545
5598
5624
5758
5813
5881
5973
5842
5851
5969
5920
5858
5775
5812
5767
5804
5776
5822
5921
5810
5787
5843
5855
5817
5876
5837
5896
5821
5910
5918
5941
5973
6116
5993
5901
5957
6010
5979
6028
6100
6092
6023
5920
5949
5953
5892
5883
5897
5839
5793
5739
5810
5908
5953
5971
6115
6219
6301
6125
6239
6153
6106
6181
6196
6129
6073
6020
5976
6108
6052
5938
5989
6073
6178
6168
6104
6113
6101
6250
6248
6282
6276
6419
6319
6306
6414
6508
6448
6364
6395
6217
6296
6268
6164
6092
6032
5933
5961
5945
5923
5932
5937
5990
5864
5903
5866
5916
5814
5859
5904
5825
5916
5865
5846
5769
5806
5880
5901
5759
5750
5787
5764
5768
5749
5715
5762
5756
5774
5737
5616
5548
5509
5610
5663
5646
5694
5794
5832
5718
5757
5828
5801
5872
6056
6030
6076
6038
6011
5946
6026
5980
5899
5909
5967
5887
5816
5868
5900
5949
5974
5866
5951
5928
5904
5810
5879
5803
5804
5816
5818
5820
5604
5643
5699
5767
5606
5572
5592
5623
5619
5547
5497
5506
5447
5453
5497
5503
5528
5555
5555
5458
5481
5596
5708
5741
5733
5788
5834
5863
5792
5754
5780
5726
5883
5726
5766
5820
5839
5750
5803
5854
5855
5808
5816
5824
5905
5935
5860
5874
5844
5656
5641
5713
5747
5662
5640
5668
5556
5529
5533
5503
5740
5758
5776
5784
5677
5687
5714
5702
5615
5674
5560
5495
5584
5580
5561
5548
5569
5594
5538
5735
5777
5749
5812
5931
5959
5888
5833
5905
5990
5834
5871
5906
5868
5710
5840
5858
5854
5822
5815
5679
5821
5823
5783
5962
6033
6053
6021
6030
6057
6081
5971
5971
6102
6058
6090
6065
6078
6068
6015
5883
5799
5854
5989
5891
5860
5839
5848
5797
5903
5951
5885
5761
5688
5738
5671
5612
5568
5520
5532
5528
5458
5454
5560
5624
5594
5611
5564
5480
5440
5337
5315
5351
5363
5414
5430
5449
5314
5437
5326
5237
5139
5105
5020
4971
5009
5095
5122
5053
5142
5268
5193
5267
5237
5305
5440
5437
5448
5413
5474
5489
5569
5745
5864
5946
6003
6070
6017
5894
5829
5764
5797
5967
5968
5937
5993
5942
5937
5866
5885
5903
5934
5980
6041
5975
6163
6017
6021
5832
5895
5883
5933
5963
6004
6041
5979
6065
5889
5845
5920
5915
5895
5961
6029
6252
6353
6404
6406
6291
6177
6312
6308
6350
6273
6304
6432
6508
6444
6500
6418
6361
6313
6252
6285
6331
6237
6208
6225
6167
6166
6262
6342
6479
6485
6441
6381
6314
6335
6438
6462
6413
6394
6467
6471
6468
6407
6309
6399
6418
6459
6497
6393
6513
6549
6480
6546
6571
6465
6429
6425
6410
6499
6571
6464
6376
6365
6233
6320
6338
6264
6294
6223
6139
6118
6150
6152
6120
6123
6139
6215
6173
6189
6317
6292
6304
6406
6401
6411
6418
6408
6483
6390
6361
6215
6316
6317
6286
6141
6005
6128
6072
6180
6114
6064
6076
6138
6212
6102
6184
6194
6115
6087
6001
6064
5949
5987
5971
6070
6094
5980
6036
6076
6010
6009
6009
5971
6144
6096
6000
5988
5958
5817
5970
5917
5897
5963
5944
5878
5815
5893
5962
5914
5964
6036
5990
6063
6035
6125
6116
6146
6107
5976
6135
6028
5901
5826
5803
5753
5897
5845
5924
5861
5770
5833
5773
5754
5717
5622
5636
5511
5426
5374
5421
5386
5316
5352
5399
5422
5399
5483
5541
5464
5514
5512
5528
5494
5644
5767
5868
5797
5792
5766
5872
5798
6017
5896
5772
5754
5777
5771
5852
5703
5665
5673
5571
5679
5703
5699
5692
5592
5614
5576
5498
5458
5538
5618
5640
5677
5594
5567
5610
5550
5532
5539
5557
5707
5697
5789
5820
5857
5804
5784
5861
5935
5882
5883
5849
5855
5823
5819
5919
5782
5733
5750
5765
5768
5740
5730
5716
5954
5854
5743
5784
5826
5820
5763
5814
5846
5872
5731
5680
5629
5633
5673
5636
5735
5672
5685
5677
5726
5847
5952
5966
6008
5952
5991
5991
5921
5801
5747
5710
5597
5614
5494
5402
5428
5475
5562
5421
5452
5601
5568
5608
5584
5680
5685
5785
5878
5935
5779
5824
5745
5749
5823
5693
5798
5891
5849
5949
6005
5943
5890
5957
6157
6143
6190
6176
6118
6197
6204
6225
6166
6154
6235
6353
6296
6285
6280
6322
6277
6296
6218
6283
6339
6265
6411
6304
6265
6251
6245
6235
6145
6108
6046
6069
5970
5852
5856
5805
5797
5722
5678
5708
5724
5867
5863
5784
5710
5680
5659
5719
5691
5708
5782
5838
5879
5971
5965
5811
5884
5820
5866
5893
5966
5994
5975
5876
5840
5789
5839
5875
5810
5793
5904
6026
6009
5961
5941
6013
6020
5981
5901
5945
5959
5952
5952
5817
5892
5832
5890
5894
5917
6033
6046
6051
6036
5936
5961
6051
6051
5974
5910
5975
5917
5910
5958
5866
5972
5883
5876
5897
5986
5983
6033
6052
6007
5940
5861
5776
5803
5800
5793
5927
5944
5847
5742
5652
5687
5683
5758
5663
5526
5612
5622
5776
5673
5681
5717
5761
5797
5761
5699
5845
5963
5958
6086
6231
6113
6153
6135
6194
6295
6226
6108
6151
6079
6053
5974
6001
5987
5854
5838
5917
5966
6000
6087
6181
6119
6146
6095
6083
5969
5962
6252
6258
6178
6211
6230
6246
6374
6387
6255
6307
6401
6457
6352
6329
6230
6156
6134
6027
6067
6096
6236
6145
6109
6152
6167
6279
6493
6441
6477
6442
6372
6446
6568
6463
6423
6439
6448
6554
6511
6555
6569
6635
6722
6818
6823
6845
6842
6864
6919
6813
6883
6897
6803
6893
7008
7101
7155
7064
6902
6933
7012
7003
6978
6952
6852
6847
6807
6924
6898
6830
6896
6769
6741
6679
6608
6654
6842
6948
6943
7039
6982
6847
6824
6608
6470
6500
6495
6452
6435
6482
6552
6637
6610
6638
6503
6480
6501
6381
6176
6123
6228
6227
6315
6345
6351
6386
6358
6282
6133
6047
6135
6198
6212
6147
6218
6085
6230
6126
6205
6107
6129
6120
6014
6066
6034
5986
6046
5927
5994
6111
6163
6050
5926
5946
5981
5945
5996
6014
5963
5874
5857
5884
5917
5991
5934
6094
6080
6049
6123
6231
6085
5994
6031
6085
6093
6055
6118
6141
6252
6058
5982
5876
6007
5963
6040
5991
5871
5930
5919
5964
5950
5803
5835
5845
5975
5861
5770
5795
5765
5745
5611
5637
5702
5790
5847
5821
5776
5808
5863
5928
5886
5891
5924
5967
5943
5861
5822
5758
5664
5703
5707
5786
5781
5840
5801
5752
5683
5689
5645
5683
5535
5629
5635
5637
5593
5637
5627
5677
5705
5823
5712
5726
5740
5770
5814
5785
5825
5902
5916
5871
5940
5931
5768
5821
5899
5827
5824
5828
5720
5570
5561
5661
5618
5635
5492
5555
5525
5542
5493
5437
5545
5473
5513
5507
5694
5794
5967
6097
6161
6153
6078
5981
5968
5784
5944
5745
5854
5876
5900
5920
5834
5822
5859
5821
5826
5807
5810
5857
5685
5725
5805
5741
5649
5637
5722
5663
5725
5719
5742
5742
5675
5852
5798
5852
5920
5988
5966
5868
5941
5894
5832
5829
5814
5812
5750
5671
5664
5710
5694
5757
5744
5807
5694
5652
5575
5630
5606
5706
5680
5696
5661
5565
5572
5551
5570
5590
5727
5754
5770
5743
5698
5673
5537
5708
5597
5562
5568
5554
5520
5495
5435
5584
5553
5559
5521
5564
5599
5601
5556
5648
5683
5776
5797
5797
5845
5786
5888
5783
5715
5788
5902
5894
5755
5585
5633
5645
5671
5579
5632
5736
5680
5720
5826
5895
5772
5772
5819
5785
5899
5944
5844
5772
5725
5741
5730
5746
5799
5870
5974
6013
6083
6234
6275
6295
6273
6093
6082
5963
5925
5963
5923
5957
5975
5945
6118
6148
6016
5966
5931
5819
5742
5773
5660
5642
5705
5742
5792
5769
5734
5742
5688
5592
5643
5645
5500
5633
5662
5738
5613
5716
5742
5746
5819
5856
5854
5825
5791
5694
5685
5672
5845
5934
5981
5944
5937
5897
6016
5922
5807
5757
5660
5679
5582
5563
5695
5619
5650
5647
5555
5474
5440
5343
5341
5449
5447
5440
5444
5471
5512
5395
5363
5326
5356
5439
5428
5535
5504
5447
5595
5501
5350
5330
5385
5359
5509
5551
5385
5382
5303
5346
5404
5417
5475
5520
5521
5538
5592
5592
5495
5537
5551
5527
5527
5516
5385
5383
5288
5261
5309
5398
5365
5476
5410
5424
5531
5566
5471
5569
5483
5372
5373
5337
5350
5352
5321
5403
5510
5530
5501
5461
5480
5528
5623
5655
5696
5574
5496
5459
5408
5322
5204
5150
5176
5279
5425
5415
5302
5210
5276
5322
5401
5394
5301
5305
5305
5252
5321
5296
5348
5458
5429
5387
5337
5188
5072
4976
4921
4938
5035
5059
5086
5072
5030
5082
5009
4950
4916
4952
4999
4994
5137
5289
5266
5306
5286
5301
5398
5396
5368
5331
5372
5407
5505
5477
5547
5636
5552
5463
5353
5320
5308
5336
5152
5068
5141
5122
5155
5102
5163
5146
5193
5118
5215
5207
5169
5112
5181
5089
5068
5006
5040
5029
5109
5233
5195
5251
5318
5389
5461
5411
5506
5339
5329
5249
5308
5095
5062
5087
5116
5155
5258
5253
5238
5252
5303
5429
5444
5253
5325
5283
5267
5224
5056
5004
5087
5060
5032
4891
4792
4757
4673
4692
4838
4917
5033
4925
4979
4974
4859
4904
4819
4936
4988
4998
5017
4947
5019
5147
5083
5032
4898
5003
4943
4899
4801
4747
4833
4825
4840
4830
4898
4933
4842
4781
4825
4851
4811
4734
4734
4823
4888
4872
4905
4888
4923
4926
4914
4885
5025
4993
4978
4892
4835
4701
4720
4852
4847
5022
4936
5003
4945
5024
4970
4941
4961
5018
4928
5187
5220
5129
5101
5107
5080
5039
4913
4877
4860
4790
4783
4740
4753
4828
4967
5119
5157
5157
5273
5209
5283
5151
5144
5203
5327
5357
5374
5331
5359
5473
5437
5402
5242
5215
5203
5196
5091
4997
4894
5027
5082
5106
5108
5125
5114
5216
5275
5345
5403
5502
5611
5527
5577
5529
5552
5501
5482
5415
5415
5376
5389
5383
5375
5416
5391
5400
5464
5411
5448
5460
5408
5539
5602
5653
5586
5519
5519
5493
5480
5559
5549
5575
5482
5410
5381
5344
5256
5233
5254
5104
5131
5055
5048
5063
4963
4876
4947
5026
5092
5176
5181
5230
5336
5362
5430
5412
5364
5349
5381
5482
5586
5524
5395
5460
5508
5530
5513
5446
5425
5423
5452
5483
5486
5501
5481
5467
5542
5569
5513
5556
5668
5676
5696
5703
5708
5718
5754
5798
5579
5517
5506
5699
5664
5512
5527
5470
5497
5433
5589
5576
5604
5585
5363
5452
5365
5290
5347
5318
5311
5235
5224
5241
5280
5257
5323
5358
5250
5146
5038
5000
4986
5044
4883
4868
4952
5064
5099
5008
5040
5088
5109
5126
5121
5063
5156
5153
5210
5224
5323
5303
5294
5302
5423
5492
5395
5408
5532
5488
5654
5667
5639
5691
5647
5500
5545
5551
5640
5667
5773
5881
5821
5877
5803
5878
5936
5920
5882
5941
5937
5881
5861
5961
5942
5980
6074
6008
6055
6245
6203
6209
6280
6365
6384
6365
6318
6269
6335
6381
6263
6147
6147
6160
6107
6140
6136
6084
6014
6094
6147
6074
6163
6084
6133
6258
6198
6138
6122
6108
6132
5981
5806
5773
5854
5766
5610
5604
5491
5482
5493
5451
5562
5479
5395
5480
5342
5261
5281
5239
5174
4932
4949
5052
5124
5011
4991
4965
5021
5070
5114
5132
5063
5096
5059
4989
4928
4902
4885
4900
4871
4963
5029
5091
5031
5069
5025
5095
5120
5107
5066
5132
5021
4884
4857
4948
4918
4892
4892
4772
4660
4719
4820
4869
4872
4857
4849
4966
5036
5140
5118
5156
5292
5349
5509
5560
5651
5676
5602
5683
5537
5506
5493
5479
5441
5476
5525
5516
5542
5272
5351
5415
5309
5257
5267
5200
5160
5194
5185
5102
5289
5306
5425
5614
5711
5717
5670
5740
5788
5599
5617
5585
5622
5693
5778
5882
5920
5999
5930
5960
5968
5932
5842
5882
5969
5887
5954
5976
5873
5767
5692
5610
5673
5613
5633
5676
5620
5560
5405
5306
5395
5339
5362
5482
5424
5333
5217
5352
5187
5236
5194
5210
5307
5174
5181
5146
5100
4956
4825
4812
4899
4876
4804
4732
4774
4788
4757
4793
4899
4999
5030
4965
5009
5044
5053
5023
5002
5002
4966
4905
4877
4876
4826
4812
4774
4635
4663
4628
4624
4524
4531
4510
4504
4614
4577
4619
4770
4728
4708
4663
4576
4636
4532
4565
4433
4356
4437
4501
4451
4578
4714
4788
4806
4790
4703
4710
4677
4671
4580
4709
4840
4861
4914
5001
4979
4926
4851
4823
4845
4831
4935
4914
5187
5115
5187
5211
5107
5067
5051
4983
5031
5078
5065
5081
5009
4983
5027
4978
5030
4905
5015
5097
5127
5133
5150
5213
5256
5324
5208
5151
5121
5061
5117
5062
5109
5063
5069
5042
5038
5045
5141
5248
5321
5306
5381
5346
5408
5453
5432
5439
5493
5524
5450
5455
5523
5474
5425
5359
5399
5494
5567
5522
5619
5629
5650
5670
5766
5762
5824
5895
5971
5963
5989
5853
5879
5813
5786
5950
6061
6125
6157
6146
6193
6163
6215
6276
6183
6090
6074
6000
6080
6124
6043
6017
5961
5901
5752
5732
5748
5718
5800
5703
5705
5682
5699
5651
5518
5594
5573
5563
5691
5770
5917
5934
5842
5938
5852
5855
5964
6056
6181
6209
6108
6229
6121
6179
6102
6177
6223
6237
6228
6186
6155
6246
6321
6247
6309
6239
6165
6249
6168
6137
6189
6092
6011
6092
6143
6190
6141
6282
6230
6140
6185
6088
6071
6099
6166
6290
6288
6318
6323
6372
6350
6412
6435
6432
6397
6274
6338
6415
6457
6500
6516
6392
6282
6307
6350
6272
6368
6300
6526
6387
6452
6463
6440
6434
6514
6513
6517
6452
6463
6405
6366
6251
6224
6154
6071
5945
6011
5980
5905
6076
6025
5979
5979
5865
5909
5852
5849
5847
5875
5835
5954
6073
6037
6030
5938
6147
6166
6138
6087
6210
6319
6271
6335
6346
6414
6539
6534
6555
6493
6603
6647
6805
6933
7058
7043
6995
6950
6933
6896
6852
6794
6853
6897
6753
6765
6872
6856
6835
6788
6672
6658
6670
6743
6809
6765
6696
6646
6819
6810
6710
6697
6828
6906
6835
6827
6791
6801
6764
6788
6722
6731
6772
6735
6786
6696
6606
6605
6651
6685
6637
6717
6605
6605
6596
6673
6648
6629
6589
6615
6615
6628
6641
6621
6880
6860
6821
6818
6868
6808
6827
6798
6767
6807
6856
6956
6922
7023
7056
7026
7076
6997
7026
6942
6780
6872
6876
6923
7001
7110
7173
7134
7269
7277
7188
7178
7176
7181
7118
7135
7204
7307
7434
7353
7279
7451
7504
7478
7601
7522
7527
7506
7445
7455
7420
7454
7372
7442
7413
7332
7277
7322
7414
7367
7374
7383
7419
7360
7242
7306
7281
7272
7393
7495
7355
7435
7335
7339
7364
7360
7287
7323
7307
7392
7356
7388
7458
7434
7388
7445
7371
7532
7523
7459
7333
7260
7241
7200
7386
7349
7299
7435
7308
7239
7300
7442
7452
7402
7281
7207
7300
7148
7126
7146
7055
6986
7036
6895
6927
6855
6858
6692
6750
6704
6789
6731
6731
6717
6701
6523
6447
6411
6324
6391
6486
6300
6281
6186
6118
5994
5977
6020
5995
6031
5985
5997
5985
