505000
199805
141166
111312
92309
79031
69259
62094
56377
51671
47610
44251
41067
38947
37084
35035
33465
32046
30662
29517
28136
26875
26110
25262
24470
23823
22755
22141
21520
20844
20632
20010
19245
18738
18302
17793
17552
16823
16496
16155
15679
15409
15137
15284
15050
14922
14611
14388
14049
13879
13689
13310
13290
13030
12872
12744
12565
12536
12610
12583
12502
12352
11971
11891
11435
11347
11234
11000
10951
10745
10504
10431
10527
10590
10698
10701
10596
10721
10811
10465
10355
10273
10010
9910
9758
9651
9476
9496
9584
9442
9437
9450
9320
9115
9070
9090
8942
8841
8797
8909
8925
8888
8865
8836
8875
8934
9003
9080
9117
9032
8976
9073
9134
8987
9061
9306
9281
9215
9195
9139
9093
9214
9152
9276
9091
9088
9070
8925
8865
8938
9020
9074
8988
9033
8825
8679
8692
8723
8637
8655
8472
8302
8137
8014
8060
7949
7967
7927
7781
7680
7501
7444
7335
7350
7443
7443
7376
7194
7281
7247
7158
7122
7052
7017
7002
6997
7008
6990
7014
6946
7104
7002
6932
6932
6804
6808
6834
6729
6795
6758
6754
6731
6703
6681
6652
6639
6659
6786
6913
6848
6897
6991
7109
7119
6965
6936
6998
6970
6937
6897
6751
6886
7041
7031
6902
6824
6838
6851
6744
6670
6721
6773
6732
6741
6833
6833
6790
6842
6891
6901
6946
6908
6946
6862
6821
6881
6940
6960
6797
6702
6711
6677
6717
6900
6928
6911
6766
6724
6821
6877
6997
7025
7012
6948
7043
7034
6961
6963
6958
6904
6890
6930
6875
6835
6821
6739
6780
6835
6894
6817
6720
6839
6888
6951
6904
6869
6781
6808
6731
6793
6802
6773
6806
6910
7078
6954
6844
6899
6702
6576
6679
6591
6580
6542
6571
6596
6461
6492
6461
6546
6582
6527
6571
6697
6752
6756
6718
6701
6727
6708
6784
6786
6821
6782
6779
6695
6693
6686
6618
6583
6689
6644
6665
6679
6624
6552
6639
6685
6766
6668
6664
6683
6659
6695
6536
6536
6528
6630
6501
6571
6403
6358
6423
6346
6461
6425
6445
6429
6399
6477
6376
6454
6547
6449
6375
6280
6318
6434
6608
6530
6538
6410
6424
6398
6427
6420
6504
6418
6594
6619
6555
6555
6517
6513
6556
6624
6543
6557
6616
6638
6755
6734
6704
6681
6706
6551
6426
6453
6459
6477
6466
6409
6453
6418
6368
6345
6402
6329
6392
6316
6377
6425
6530
6354
6401
6433
6478
6404
6391
6251
6223
6384
6438
6373
6361
6259
6350
6269
6440
6432
6473
6558
6597
6602
6534
6464
6518
6474
6604
6531
6522
6480
6465
6447
6433
6407
6260
6255
6373
6423
6350
6353
6288
6276
6403
6373
6148
6250
6420
6333
6239
6214
6118
6136
6116
6135
6223
6164
6131
6178
6201
6153
6244
6099
6022
5953
5920
5935
6041
6008
6039
6102
6176
6078
6096
5915
5894
6095
5920
5982
6181
6190
6041
6180
6213
6189
6247
6265
6153
6213
6062
5988
5969
5802
5711
5691
5700
5794
5690
5687
5708
5620
5489
5479
5417
5485
5493
5474
5507
5561
5542
5525
5420
5377
5233
5207
5161
5248
5190
5089
5137
5152
5289
5328
5198
5283
5232
5213
5146
5065
5108
5106
5136
5274
5248
5282
5207
5208
5247
5232
5276
5247
5262
5331
5193
5207
5326
5385
5292
5202
5237
5154
5203
5192
5148
5264
5226
5123
5153
5196
5159
5123
5160
5133
5088
5176
5143
5034
5035
5062
4940
5041
5014
4990
4954
4901
4841
4776
4762
4755
4802
4711
4680
4730
4819
4765
4856
4789
4950
4805
4917
4971
4969
5069
5123
5110
5224
5225
5234
5269
5342
5282
5306
5232
5210
5198
5179
5193
5114
5097
5116
5265
5281
5316
5408
5323
5271
5383
5291
5310
5378
5329
5362
5413
5440
5364
5276
5167
5168
5122
5135
5051
5099
5173
5177
5137
5172
5048
5140
5080
5185
5103
5152
5274
5264
5261
5344
5211
5221
5215
5180
5290
5227
5198
5208
5228
5250
5234
5208
5143
5049
5113
4986
4986
4935
4937
4997
5067
5121
5276
5247
5174
5199
5231
5319
5303
5287
5320
5306
5295
5143
5195
5195
5314
5355
5445
5350
5361
5520
5391
5298
5335
5229
5184
5252
5198
5170
5127
5119
5212
5211
5199
4981
4960
4816
4875
4931
4890
4852
4809
4788
4751
4713
4654
4663
4647
4508
4490
4490
4604
4674
4668
4612
4760
4850
4869
4938
5041
5054
5181
5397
5501
5473
5481
5399
5334
5443
5476
5538
5543
5474
5473
5379
5377
5327
5252
5197
5199
5225
5250
5254
5269
5297
5416
5429
5420
5392
5375
5435
5394
5194
5278
5157
5090
4950
5062
5104
5159
5079
5193
5163
5044
5085
4967
4927
4915
5022
5140
5052
5223
5238
5265
5243
5271
5321
5164
5039
4936
5059
5024
5093
5077
5052
5050
5072
5096
5153
5133
5114
5013
5028
5086
5146
5052
5051
5011
4916
4978
4984
4966
4974
4909
4930
5070
5036
5058
4916
4922
4989
4982
4969
5042
5073
5123
5183
5179
5209
5074
5117
5077
5041
5016
5012
5027
4968
5086
5152
5244
5187
5148
5137
5130
5125
5192
5213
5193
5264
5077
5093
5162
5242
5378
5336
5376
5346
5488
5661
5759
5713
5680
5738
5858
5824
5878
6017
5868
5888
5959
5884
5881
5821
5860
5878
6029
6066
6096
6063
6016
5905
5971
6030
6009
5799
5807
5802
5784
5940
5897
5755
5620
5688
5789
5736
5785
5787
5728
5728
5665
5664
5612
5695
5615
5594
5653
5645
5544
5560
5622
5602
5544
5546
5458
5448
5502
5462
5460
5424
5371
5364
5319
5175
5115
5224
5209
5141
5239
5275
5292
5442
5406
5530
5514
5598
5612
5580
5511
5493
5523
5527
5606
5555
5527
5577
5755
5768
5910
5846
5767
5684
5637
5628
5669
5644
5605
5608
5683
5796
6025
5995
6042
6074
6118
6140
6043
6021
5983
5876
5750
5625
5722
5703
5696
5556
5678
5570
5630
5724
5654
5747
5729
5830
5793
5721
5804
5753
5621
5483
5485
5421
5346
5292
5244
5337
5259
5178
5138
5117
5048
5055
4997
5122
5069
5026
4998
4913
4896
4986
5003
5043
5038
5053
5201
5257
5195
5241
5099
5255
5216
5267
5270
5283
5307
5425
5377
5402
5399
5408
5384
5444
5431
5450
5464
5536
5563
5631
5754
5717
5702
5801
5735
5849
5881
5929
5865
5915
5790
5756
5730
5777
5846
5909
5875
5831
5801
5922
5916
5914
5839
5840
5787
5936
5842
5908
5908
5894
5859
5931
5912
5883
5758
5662
5637
5639
5643
5554
5684
5617
5653
5588
5536
5486
5360
5398
5487
5586
5572
5618
5677
5731
5700
5645
5592
5591
5524
5577
5442
5491
5683
5759
5717
5605
5650
5658
5709
5711
5696
5659
5475
5532
5465
5403
5265
5304
5295
5396
5476
5576
5420
5380
5430
5418
5457
5560
5652
5623
5747
5869
5934
5963
5931
5898
5866
5837
5817
5767
5769
5845
5953
5876
5922
6089
5917
5875
5759
5719
5828
5892
5881
5859
5849
5808
5867
5893
5934
5867
5849
5745
5711
5665
5576
5511
5401
5314
5248
5217
5285
5358
5266
5297
5428
5526
5505
5577
5763
5837
5903
5999
6031
6024
6093
6178
6194
6365
6473
6415
6437
6371
6448
6680
6612
6614
6501
6518
6411
6420
6381
6477
6426
6526
6449
6493
6514
6554
6585
6612
6510
6394
6349
6244
6110
5982
5938
5953
6037
5861
5854
5749
5901
5981
5932
6032
6116
6200
6205
6278
6326
6229
6168
6169
6157
6226
6285
6329
6376
6330
6248
6275
6220
6344
6349
6430
6405
6423
6356
6311
6387
6351
6309
6259
6297
6356
6408
6550
6726
6646
6496
6567
6596
6447
6514
6450
6508
6643
6577
6642
6658
6564
6550
6587
6564
6638
6665
6641
6539
6428
6272
6209
6251
6140
6137
6041
6232
6206
6201
6263
6237
6257
6272
6261
6286
6214
6134
6130
6217
6212
6199
6293
6333
6338
6376
6391
6341
6330
6314
6381
6318
6236
6189
6220
6145
6106
6154
6107
6071
5965
6028
5816
5891
5906
5838
5789
6102
6088
6018
6035
6155
6184
6045
6125
6075
6190
6192
6122
6111
6220
6294
6218
6078
6108
6143
6135
6107
6084
6093
6056
6033
5995
5919
5869
6051
6129
6179
6303
6327
6357
6300
6096
6138
6155
6277
6172
6203
6112
6081
6102
6214
6232
6233
6086
5935
5875
5808
5840
6028
5957
6156
6273
6238
6267
6282
6306
6148
6189
6222
6177
6098
6160
6116
6113
6153
6023
5979
5935
5793
5648
5684
5678
5698
5738
5815
5838
5959
5816
5845
5842
5860
5868
5855
5856
5869
5929
5949
5851
5893
5942
5915
6049
6075
6083
6024
6034
6028
5911
5954
5941
5863
5779
5815
5812
5846
5809
5874
5773
5616
5673
5627
5615
5815
5780
5787
5718
5698
5632
5613
5608
5635
5546
5454
5560
5504
5552
5618
5541
5508
5384
5386
5318
5411
5363
5341
5267
5214
5223
5411
5377
5476
5593
5612
5508
5413
5426
5359
5354
5522
5442
5378
5438
5488
5540
5493
5465
5388
5334
5325
5311
5237
5364
5348
5327
5237
5283
5228
5229
5273
5294
5264
5243
5259
5216
5278
5158
5271
5294
5429
5464
5454
5569
5487
5535
5596
5514
5468
5458
5466
5418
5478
5556
5463
5536
5632
5556
5530
5476
5523
5420
5425
5514
5657
5667
5602
5580
5591
5617
5477
5501
5613
5651
5687
5766
5735
5653
5549
5684
5581
5580
5486
5583
5627
5601
5543
5556
5590
5578
5519
5581
5585
5613
5524
5613
5657
5681
5646
5599
5504
5433
5355
5156
5230
5194
5152
5096
5134
5193
5285
5360
5446
5573
5557
5582
5637
5641
5607
5495
5516
5462
5441
5298
5181
5033
5042
5030
5105
5141
5147
5235
5127
5045
4842
4801
4860
4801
4814
4851
4975
5039
4984
5029
4964
4827
4780
4739
4789
4804
4784
4695
4641
4651
4693
4664
4631
4686
4690
4715
4627
4580
4661
4713
4902
4842
4957
4975
4896
4964
5022
4985
4941
4934
4969
4951
5027
5046
5084
5037
5057
5015
5184
5162
5120
4981
5135
5212
5318
5272
5249
5286
5366
5389
5390
5370
5455
5503
5483
5514
5516
5443
5494
5551
5552
5576
5460
5408
5471
5526
5621
5528
5455
5389
5490
5547
5518
5570
5585
5555
5618
5525
5461
5545
5563
5563
5502
5589
5514
5493
5480
5394
5357
5251
5149
5133
5108
5172
5059
5041
5141
5109
5130
5293
5227
5306
5304
5215
5105
5110
5044
4998
5071
4999
4984
4989
5130
5078
5135
5072
4976
4982
4992
4917
4966
4953
4836
4896
4909
4934
4852
4908
4904
4984
5093
5087
5012
5066
5119
5208
5201
5158
5057
4964
4895
4828
4870
4851
4747
4761
4823
4815
4859
4735
4659
4680
4573
4596
4467
4535
4493
4428
4441
4398
4326
4304
4254
4238
4345
4396
4414
4429
4476
4433
4416
4374
4428
4566
4367
4312
4321
4263
4238
4158
4065
4079
4157
4113
4147
4187
4173
4352
4342
4339
4330
4172
4265
4342
4475
4409
4457
4409
4482
4563
4607
4711
4823
4651
4736
4591
4596
4605
4618
4732
4733
4784
4735
4681
4701
4708
4836
4810
4830
4868
4799
4850
4827
4877
4907
4928
4955
4763
4758
4809
4875
5018
5082
5020
5123
5281
5201
5223
5181
5212
5210
5199
5116
5220
5273
5213
5171
5148
5306
5216
5151
4966
4882
4997
5018
4954
5089
5180
5156
5239
5170
5145
5192
5304
5304
5309
5294
5252
5198
5355
5496
5543
5489
5525
5527
5636
5744
5719
5654
5587
5624
5657
5657
5590
5651
5523
5548
5480
5630
5688
5791
5846
5910
5842
5982
6024
5885
5881
5917
5880
5828
5777
5741
5904
5871
5819
5931
5916
5834
5719
5680
5783
5758
5732
5485
5421
5393
5496
5476
5598
5596
5688
5703
5572
5448
5454
5515
5523
5555
5438
5533
5570
5588
5637
5633
5523
5469
5450
5435
5418
5220
5167
5172
5216
5110
4951
4914
4918
4985
4979
5037
4904
4872
4811
4919
4938
4886
4843
4858
4865
4868
4833
4841
4989
4901
4898
4879
4855
4857
4842
4820
4806
4918
4938
4959
5054
5110
5037
5160
5112
5104
5066
4988
5011
4982
5070
5005
4896
4897
4900
4929
4857
4715
4707
4706
4742
4721
4706
4712
4688
4681
4603
4531
4644
4676
4715
4692
4743
4769
4758
4732
4775
4813
4874
4863
5017
5001
4932
4973
5027
5010
5055
5037
4944
4977
4970
4982
5045
5043
4892
4888
4882
4880
4889
4785
4707
4721
4785
4900
4986
4944
4871
4927
4840
4885
4797
4887
4860
4718
4857
4833
4896
4859
4875
4813
4886
4790
4812
4976
5027
5058
5176
5151
5128
5249
5311
5241
5295
5300
5283
5347
5397
5440
5395
5449
5466
5480
5317
5351
5410
5411
5458
5406
5550
5532
5544
5485
5570
5491
5559
5476
5390
5385
5360
5346
5388
5394
5315
5290
5375
5233
5239
5267
5346
5445
5441
5490
5556
5673
5762
5871
5987
6051
5948
5843
5869
5831
5884
5992
6014
5925
5936
5831
5828
5889
5873
5914
6084
6145
6255
6234
6049
6092
6008
5937
5976
5853
5855
5863
5790
5743
5808
5827
5849
5920
5890
5930
5912
5808
5693
5619
5595
5648
5738
5750
5759
5857
5761
5772
5752
5836
5913
5963
5870
5852
5897
6010
6051
5831
5867
5894
5980
5864
5840
5815
5802
5785
5760
5815
5855
5755
5803
5877
5847
5904
6148
6058
5974
5958
5960
5987
6092
6140
6196
6114
6173
6157
6277
6248
6196
6124
6016
6022
5889
5910
5994
6071
6089
6080
6097
6047
5971
5908
5858
5723
5782
5791
5866
5772
5661
5666
5695
5569
5568
5598
5627
5574
5620
5485
5409
5354
5368
5346
5353
5330
5346
5388
5403
5435
5517
5511
5513
5580
5476
5428
5363
5357
5366
5358
5359
5351
5398
5442
5469
5613
5619
5605
5671
5779
5687
5714
5664
5509
5525
5619
5578
5557
5687
5615
5666
5661
5539
5529
5626
5726
5770
5735
5867
5947
6087
6179
6221
6285
6364
6371
6330
6278
6227
6255
6216
6084
6117
6004
6007
5968
6039
6022
5973
5935
5914
5881
5858
5865
5999
5920
5917
5956
6023
5969
6037
6022
5922
6053
6148
6110
6256
6301
6368
6284
6275
6242
6351
6435
6116
6272
6365
6303
6285
6187
6241
6244
6245
6217
6205
6284
6236
6252
6321
6288
6187
6063
6152
6187
6159
6296
6310
6320
6348
6326
6294
6326
6321
6397
6511
6332
6312
6466
6412
6409
6548
6628
6571
6546
6601
6722
6827
6762
6761
6817
6800
6800
6878
6563
6496
6528
6533
6582
6544
6526
6555
6610
6503
6483
6420
6388
6457
6607
6527
6497
6481
6449
6383
6363
6424
6372
6300
6211
6146
6066
6112
5903
5901
5869
5970
5932
6083
6087
6165
6116
6011
5978
5930
5852
5856
5905
5902
5939
5971
5905
5960
5948
5854
5995
5953
5865
5925
5923
5948
5920
5957
5830
5942
6007
5965
5904
5827
5902
6016
6075
6054
6182
6170
6219
6329
6409
6464
6437
6574
6577
6556
6484
6472
6307
6254
6295
6270
6323
6450
6397
6388
6452
6498
6400
6298
6314
6420
6447
6364
6325
6323
6369
6460
6424
6456
6412
6308
6349
6496
6283
6281
6235
6319
6388
6262
6215
6182
6231
6375
6441
6394
6263
6416
6265
6260
6135
6062
6166
6131
6277
6266
6177
6103
6121
6103
6066
5982
6019
6061
6019
5991
6015
5792
5763
5886
5844
5878
5811
5820
5732
5712
5772
5709
5976
5991
6075
6024
5915
6035
5937
6005
5940
5975
5967
6061
6061
6113
6024
6110
6178
6222
6231
6235
6179
6291
6262
6279
6282
6269
6359
6348
6116
6049
6052
6099
6160
6150
6089
5965
5987
6004
6117
6144
6247
6363
6314
6435
6477
6463
6485
6403
6226
6272
6158
6028
6086
5940
5907
5848
5727
5767
5845
5792
5780
5649
5611
5722
5730
5829
5907
5950
5974
5995
5943
6064
6027
5961
5840
5966
5880
5934
5812
5709
5695
5690
5531
5459
5430
5330
5370
5492
5523
5613
5580
5638
5696
5766
5856
5852
5775
5837
5805
5787
5835
5838
5886
5990
5863
5897
5995
6060
6179
6118
6108
6093
5994
6030
6113
6053
6028
6022
6010
6074
5963
6031
6142
6069
6034
6090
6115
6253
6292
6318
6278
6392
6499
6405
6366
6449
6432
6638
6524
6739
6850
6920
6824
6829
6867
6776
6775
6627
6638
6652
6629
6570
6452
6356
6385
6279
6278
6245
6352
6318
6337
6343
6368
6298
6190
6256
6220
6194
6244
6259
6132
6029
6039
5969
6075
6129
6090
6218
6162
6173
6127
6177
6101
6029
6096
6129
6085
5941
5871
5923
5885
5918
5988
5999
5871
5859
5844
5767
5756
5877
5693
5655
5622
5630
5606
5701
5602
5653
5606
5587
5705
5699
5568
5458
5547
5466
5515
5479
5500
5396
5349
5292
5373
5323
5296
5276
5109
5142
5199
5368
5436
5496
5622
5725
5743
5800
5720
5828
5834
5859
5844
5668
5716
5736
5682
5673
5715
5739
5745
5814
5796
5867
5935
5974
5902
5949
5949
6014
6126
6128
6204
6204
6303
6279
6196
6103
6068
6121
6154
6159
6248
6076
6169
6115
6097
6058
6099
6016
5986
6045
6040
5984
5880
5816
5848
5955
5945
5997
5976
5860
5842
5772
5879
5868
5987
5965
5994
5885
5861
5879
5876
5948
5979
6043
6044
6132
6077
6119
5990
6144
6128
6041
6054
6136
6033
6053
5996
6194
6188
6077
6174
6100
6118
6129
6204
6284
6302
6359
6326
6276
6306
6338
6487
6443
6407
6474
6465
6441
6562
6511
6585
6649
6642
6618
6755
6696
6658
6573
6544
6566
6541
6555
6533
6393
6336
6353
6310
6260
6341
6397
6386
6356
6378
6413
6429
6417
6393
6216
6268
6082
5842
5846
5807
5829
5839
5908
5968
5971
5923
5810
5808
5822
5804
5558
5642
5626
5530
5462
5374
5304
5284
5127
5169
5220
5183
5250
5334
5264
5345
5448
5439
5511
5520
5410
5471
5428
5374
5351
5307
5371
5498
5395
5411
5409
5506
5449
5464
5460
5570
5654
5745
5754
5788
5766
5771
5878
5784
5770
5671
5680
5677
5857
5819
5722
5742
5630
5693
5696
5639
5656
5872
5827
5737
5718
5720
5753
5768
5711
5807
5789
5844
5782
5783
5676
5722
5767
5768
5720
5600
5600
5609
5673
5571
5761
5747
5743
5824
5666
5756
5753
5651
5767
5836
5771
5840
5804
5798
5715
5779
5827
5800
5791
5831
5741
5869
5963
5997
6048
6089
6039
6047
6058
6086
5981
6000
5936
5822
5869
5704
5683
5625
5620
5626
5646
5650
5571
5581
5553
5528
5497
5590
5522
5410
5446
5500
5742
5594
5670
5692
5661
5733
5777
5754
5763
5736
5736
5707
5739
5719
5691
5683
5777
5840
5786
5902
5916
5875
5890
5873
5839
5907
5986
5951
6019
6009
5917
5980
5996
6032
6143
6156
6199
6107
6176
6159
6221
6312
6248
6096
6082
6063
6054
6012
5988
5972
5864
5879
5901
5932
5954
5894
5950
5833
5854
5779
5682
5499
5672
5726
5830
5856
5815
5846
5858
5847
5873
5879
5901
5883
5973
6034
5915
5757
5787
5864
5806
5778
5831
5911
5918
5856
5802
5823
5813
5720
5704
5678
5647
5708
5750
5717
5826
5975
6055
6003
5947
5947
6064
6101
6155
6318
6301
6317
6198
6209
6134
5999
5938
5953
5866
5766
5824
5900
6071
6025
6121
6140
6099
6102
6099
6176
6181
6198
6097
6054
6136
6199
6088
6201
6147
6124
6189
6127
6117
6122
6146
6151
6006
5894
5729
5808
5719
5842
5767
5661
5674
5646
5711
5694
5662
5721
5835
5850
5944
5920
5789
5797
5674
5611
5686
5564
5648
5645
5771
5754
5782
5804
5803
5776
5902
5836
5761
5787
5820
5632
5764
5795
5752
5658
5716
5843
5757
5877
5879
5860
6034
6004
6000
6008
5988
5787
5774
5766
5813
5725
5634
5489
5500
5616
5514
5536
5553
5495
5523
5541
5600
5393
5408
5266
5196
5298
5350
5303
5413
5436
5307
5252
5153
5283
5164
5176
5049
5133
5173
5288
5394
5339
5306
5189
5190
5231
5191
5166
5165
5154
5126
5139
5214
5316
5343
5351
5411
5450
5523
5540
5602
5612
5641
5565
5493
5477
5507
5437
5433
5542
5627
5690
5590
5742
5727
5726
5826
5799
5860
5875
5862
5947
5771
5647
5604
5664
5736
5841
5920
5918
5934
6042
5980
6026
6158
6270
6326
6338
6264
6203
6277
6207
6289
6354
6297
6307
6301
6204
6267
6208
6309
6239
6324
6423
6499
6432
6426
6291
6171
6143
6152
6121
6075
6149
6195
6226
6199
6133
6129
6241
6192
6180
6064
6185
6214
6167
6175
6163
6242
6240
6217
6213
6071
6208
6276
6332
6146
6261
6208
6201
6228
6175
6167
6279
6149
6159
6132
6152
6144
6177
6131
6132
6128
6140
6186
6146
6133
6082
5945
5915
5947
5967
6104
6014
6010
5943
6026
5980
5802
5848
5916
5894
6027
6192
6165
6266
6228
6250
6306
6325
6355
6311
6340
6442
6361
6172
6206
6169
6138
6209
6268
6151
6371
6411
6332
6431
6385
6384
6442
6379
6444
6437
6379
6371
6435
6481
6435
6374
6446
6519
6568
6513
6559
6512
6564
6542
6537
6422
6459
6401
6408
6396
6463
6407
6364
6396
6447
6479
6471
6510
6418
6423
6360
6395
6352
6395
6356
6322
6298
6222
6296
6382
6333
6301
6303
6320
6462
6644
6523
6480
6446
6446
6474
6508
6561
6610
6506
6591
6753
6642
6537
6542
6506
6508
6434
6330
6293
6242
6321
6396
6357
6468
6437
6441
6517
6481
6515
6516
6606
6660
6605
6518
6398
6512
6533
6494
6483
6538
6503
6536
6648
6416
6305
6221
6238
6314
6331
6478
6488
6424
6373
6415
6425
6397
6394
6462
6510
6690
6736
6831
6764
6673
6546
6506
6446
6370
6376
6513
6400
6409
6459
6612
6645
6596
6459
6394
6371
6322
6192
6178
6224
6352
6311
6392
6471
6382
6351
6272
6196
6231
6233
6158
6023
6018
6099
6085
6038
6084
6243
6254
6144
6146
6254
6327
6224
6227
6247
6335
6343
6409
6496
6558
6673
6621
6681
6910
6976
6940
7010
6858
6844
6852
6835
6878
6621
6614
6455
6433
6363
6376
6481
6565
6568
6521
6470
6403
6494
6351
6411
6269
6316
6289
6106
6213
6173
6204
6147
6163
6086
6094
6178
6187
6094
6024
5940
5797
5866
5968
6026
6072
6058
6069
5995
6147
6214
6197
6124
6069
6079
6024
5866
5925
6018
6017
6085
5983
5960
6030
6077
6235
6215
6198
6258
6138
6130
5805
5859
5904
5881
5824
5780
5787
5669
5637
5702
5724
5623
5597
5724
5703
5745
5661
5557
5515
5454
5560
5458
5340
5472
5486
5457
5480
5484
5572
5558
5635
5568
5624
5741
5793
5892
5991
5845
5847
5854
5940
5912
5889
5795
5778
5775
5778
5700
5696
5630
5606
5465
5550
5566
5512
5513
5581
5688
5785
5775
5700
5776
5781
5940
5935
5954
6145
6188
6333
6288
6196
6132
6247
6110
5941
5963
5912
5797
5790
5806
5800
5731
5743
5703
5766
5660
5661
5701
5711
5762
5885
5824
5872
5906
5860
5830
6020
5960
6132
6190
6202
6186
6223
6356
6359
6257
6186
6304
6227
6184
6116
6149
6149
6202
6178
6206
6245
6233
6334
6249
6121
6157
6135
6153
6036
5966
5954
5934
5859
5775
5687
5738
5650
5699
5744
5794
5786
5709
5691
5670
5633
5692
5821
5700
5697
5607
5641
5649
5689
5723
5828
5833
5901
5755
5785
5818
5814
5813
5735
5738
5776
5745
5857
5830
5891
5835
5928
5982
5949
6011
6069
5900
5899
5850
5870
6022
6069
5994
5936
5958
6003
5973
5914
5906
5863
5917
5915
5813
5751
5782
5810
5832
5783
5772
5766
5633
5778
5720
5755
5610
5726
5631
5691
5632
5614
5574
5500
5542
5444
5489
5474
5439
5289
5289
5193
5101
5186
5267
5242
5450
5481
5498
5567
5528
5559
5647
5598
5678
5689
5605
5553
5554
5494
5491
5602
5575
5644
5624
5628
5757
5791
5805
5796
5780
5641
5698
5610
5636
5621
5496
5362
5367
5378
5414
5340
5315
5168
5171
5278
5277
5432
5355
5374
5418
5414
5517
5542
5523
5474
5355
5336
5251
5206
5328
5270
5265
5102
5075
4945
4973
5007
4984
4956
4894
4984
5025
4984
4873
4891
4806
4785
4797
4854
4924
4892
4817
4814
4832
4865
4923
5088
5027
5071
5202
5200
5131
5103
5032
5075
5019
5076
5005
5073
4988
5014
5111
5080
5048
5128
5055
4975
4869
4838
4886
4869
4958
4930
4972
4957
5024
5036
5112
5105
5147
5150
5052
5122
5054
5146
5124
5131
5078
4996
5171
5134
5318
5248
5284
5459
5470
5529
5559
5680
5743
5785
5846
5933
5953
5988
6023
6052
6164
6112
5992
6079
6110
6036
6095
6090
6004
6063
6018
5942
5868
5878
5975
5995
5979
5986
6031
6183
6224
6203
6164
6117
6101
6105
6078
6217
6193
6189
6283
6259
6267
6330
6294
6338
6482
6620
6555
6460
6474
6546
6468
6308
6370
6377
6315
6439
6435
6456
6421
6553
6359
6498
6419
6388
6317
6323
6265
6230
6238
6184
6285
6260
6184
6111
6069
6053
5931
6006
6109
6162
6112
6028
6082
6051
6025
5992
5939
6053
6090
6050
6145
6228
6321
6433
6263
6278
6308
6341
6246
6217
6277
6237
6257
6109
6199
6081
6093
5925
5826
5759
5661
5626
5645
5603
5682
5546
5787
5804
5739
5774
5764
5645
5636
5632
5628
5553
5570
5633
5687
5698
5602
5401
5361
5345
5383
5385
5361
5394
5403
5364
5442
5381
5463
5487
5628
5620
5628
5674
5793
5819
5862
5821
5896
6005
5992
6024
5978
5960
5963
6037
6050
6093
5987
6029
6012
6077
6160
6225
6259
6221
6354
6360
6287
6356
6360
6441
6271
6262
6305
6191
6064
6002
5950
5956
5917
5901
5832
5785
5792
5788
5761
5643
5511
5600
5676
5684
5609
5725
5681
5754
5749
5712
5766
5747
5634
5609
5480
5422
5537
5543
5556
5533
5538
5564
5528
5556
5552
5640
5693
5729
5760
5771
5673
5622
5655
5538
5566
5571
5717
5719
5533
5489
5513
5682
5614
5497
5551
5626
5748
5823
5783
5778
5813
5981
6009
6014
6026
6026
5933
5983
6009
6026
6144
6094
6132
6166
6248
6307
6319
6354
6349
6405
6364
6359
6369
6410
6505
6644
6702
6689
6758
6627
6626
6590
6436
6422
6373
6377
6454
6576
6537
6565
6468
6476
6457
6469
6441
6266
6298
6320
6278
6334
6501
6485
6421
6295
6321
6388
6518
6443
6426
6552
6483
6461
6362
6461
6512
6634
6614
6618
6554
6588
6578
6610
6646
6755
6709
6680
6743
6763
6726
6688
6611
6586
6487
6583
6478
6487
6504
6513
6463
6419
6424
6278
6445
6380
6362
6408
6334
6303
6382
6422
6527
6532
6552
6501
6618
6706
6622
6610
6499
6534
6600
6801
6807
6937
7055
7038
7021
6965
6952
6958
6846
7109
7097
6995
6992
7113
6979
7072
7144
6964
6995
6921
6918
6897
6897
6939
6716
6658
6658
6631
6605
6629
6542
6570
6533
6509
6454
6441
6351
6249
6275
6267
6286
6275
6184
6189
6100
6075
6003
5916
5861
5933
5916
5954
5985
5913
5998
6069
6068
6134
6181
6217
6125
5987
5895
5764
5778
5779
5757
5672
5684
5746
5683
5789
5791
5781
5746
5819
5739
5903
5900
5767
5989
6010
6009
6007
6076
6225
6182
6182
6199
6156
6174
6046
5903
5919
5840
5730
5627
5620
5564
5559
5648
5536
5472
5390
5494
5617
5700
5687
5630
5630
5554
5546
5615
5599
5621
5482
5461
5480
5559
5450
5490
5491
5482
5493
5654
5682
5610
5641
5709
5671
5785
5795
5754
5791
5780
5762
5662
5613
5757
5766
5791
5681
5764
5848
5839
5873
5912
5871
5809
5924
5917
5924
5866
5799
5797
5823
5901
5811
5819
5845
5939
6000
6071
6191
6076
6047
5977
6150
6114
6114
6046
6056
6078
6106
6098
6214
6194
6360
6281
6282
6244
6274
6165
6251
6329
6418
6473
6486
6439
6538
6391
6359
6334
6400
6420
6473
6490
6509
6547
6364
6321
6380
6429
6434
6528
6563
6579
6525
6685
6693
6539
6545
6472
6299
6403
6577
6585
6524
6547
6536
6452
6397
6366
6409
6432
6382
6254
6239
6156
6182
6119
6146
6267
6271
6348
6452
6409
6462
6460
6436
6419
6476
6318
6256
6391
6341
6405
6400
6537
6605
6442
6473
6489
6442
6530
6564
6643
6670
6816
6853
6891
6905
6846
7070
6909
6852
6886
6684
6641
6600
6460
6431
6297
6447
6437
6390
6275
6390
6287
6250
6288
6286
6309
6146
6048
6012
5998
6055
5980
5900
5964
5931
5906
6065
6177
6291
6225
6202
6259
6107
6150
6089
6064
6231
6141
6116
6121
6069
5949
5892
5772
5839
5790
5721
5720
5745
5818
5784
5731
5843
5777
5709
5740
5664
5691
5672
5800
5791
5962
5887
5847
5832
5958
6061
6055
6049
6118
5983
5785
5773
5805
5997
6086
6120
5977
5967
5895
5925
5837
5828
5929
6018
5962
5931
5993
5988
5952
5960
5846
5817
5883
5928
5846
5754
5786
5817
5820
5947
5862
5956
5963
5940
5835
5884
5733
5805
5930
5970
6076
6121
6084
6047
6015
6064
6005
6000
5889
5828
5838
5778
5696
5688
5796
5702
5741
5823
5812
5811
5857
5918
5974
5825
5834
5816
5715
5549
5632
5613
5593
5529
5664
5699
5800
5767
5735
5588
5568
5528
5513
5453
5413
5334
5252
5227
5297
5269
5117
5162
5152
5236
5137
5283
5459
5511
5528
5612
5671
5783
5800
5765
5539
5630
5645
5652
5626
5700
5714
5657
5550
5450
5477
5484
5553
5678
5789
5792
5725
5545
5628
5708
5829
5857
5908
5738
5845
5856
5891
5825
5857
6021
5966
5897
5909
5976
5868
5961
5827
5911
5841
5867
5834
5823
5831
5599
5538
5452
5547
5531
5540
5440
5514
5537
5561
5497
5584
5573
5468
5592
5594
5508
5564
5646
5791
5850
5803
5848
5777
5826
5760
5692
5676
5563
5545
5496
5563
5622
5704
5676
5541
5552
5581
5492
5403
5390
5314
5272
5138
5265
5249
5212
5221
5244
5235
5233
5133
5123
5040
5014
4988
4903
4821
4685
4682
4721
4840
4779
4778
4803
4855
4724
4731
4731
4726
4693
4788
4798
4805
4835
4906
4857
4763
4793
4760
4670
4673
4762
4870
4837
4820
4784
4799
4820
4893
4928
4859
4970
4899
5020
5120
5117
5069
5101
5065
5112
5048
4998
4999
4964
5056
4993
4948
4914
4933
4999
4960
5014
5057
5072
4981
4953
4974
4986
4997
5033
5068
5114
5165
5259
5219
5217
5231
5256
5226
5241
5165
5174
5243
5336
5384
5385
5442
5416
5357
5289
5293
