505000
199924
141394
110875
91900
78557
69485
62016
56434
51427
47306
43981
40981
38572
36301
34272
32636
31327
29934
28871
27665
26922
25820
24979
23913
23210
22720
22056
21442
20924
20485
19980
19455
18846
18393
17827
17405
17045
16651
16387
15784
15332
15029
14880
14568
14356
13976
14046
13963
13693
13651
13375
13368
13407
13243
13128
12885
12886
12733
12754
12472
12794
12651
12534
12308
12307
12135
11808
11756
11640
11563
11542
11465
11344
11128
11104
10992
10704
10582
10391
10290
10122
10098
9944
9715
9694
9707
9741
9618
9623
9807
9807
9738
9768
9694
9434
9379
9391
9274
9030
9001
8963
8884
8697
8545
8445
8405
8398
8373
8289
8182
8051
8134
7838
7789
7791
7798
7725
7661
7469
7531
7498
7494
7444
7462
7557
7461
7419
7381
7503
7403
7424
7331
7186
7097
7071
7098
6968
7006
7008
6922
6791
6642
6722
6619
6621
6630
6740
6755
6835
6819
6705
6579
6490
6428
6317
6334
6405
6353
6350
6357
6354
6410
6346
6272
6265
6263
6284
6275
6224
6330
6176
6120
6134
6022
6057
5997
5977
5932
6011
6105
6169
6180
6131
6157
6204
6267
6242
6268
6248
6148
6029
6184
6043
5968
5976
5862
5874
5907
5905
5969
5854
5914
5879
5837
5739
5802
5767
5929
5904
6005
5970
5813
6045
5892
6036
5984
6118
6117
6127
6113
6075
5970
5895
5961
5780
5817
5855
5846
5833
5887
5822
5824
5699
5757
5805
5904
6055
6132
6295
6370
6508
6524
6548
6680
6574
6678
6712
6846
6720
6606
6665
6665
6763
6736
6767
6654
6673
6582
6514
6432
6348
6321
6269
6315
6217
6194
6092
6129
6037
6016
6046
6017
6004
5935
5957
5986
5990
5984
6046
6017
5949
6023
6105
5926
5909
5952
5829
5848
5967
5882
5728
5712
5510
5304
5372
5398
5413
5440
5472
5330
5172
5200
5122
5195
5293
5362
5472
5296
5427
5381
5277
5370
5289
5338
5370
5348
5385
5428
5364
5325
5313
5371
5407
5432
5408
5288
5316
5433
5514
5519
5428
5333
5324
5316
5420
5566
5622
5533
5476
5595
5494
5386
5272
5320
5462
5549
5572
5601
5534
5587
5525
5514
5463
5491
5468
5391
5284
5225
5163
5151
5119
5144
5297
5308
5246
5320
5264
5320
5358
5445
5488
5525
5580
5483
5453
5371
5419
5379
5286
5260
5244
5263
5388
5373
5473
5488
5523
5399
5380
5416
5488
5533
5650
5692
5768
5641
5680
5762
5842
5921
5887
5739
5816
5822
5803
5736
5739
5921
5880
5752
5753
5832
5951
5968
5953
5951
5989
5945
5946
5958
5949
5818
5859
5719
5708
5794
5857
5750
5717
5718
5799
5851
5822
5926
6059
6165
6137
6072
5923
6007
5993
6120
6138
6136
6006
5874
5882
5685
5696
5624
5636
5740
5683
5488
5526
5591
5577
5647
5624
5691
5618
5713
5608
5510
5516
5583
5519
5515
5517
5434
5466
5554
5560
5571
5471
5561
5561
5553
5564
5494
5489
5635
5603
5644
5681
5621
5608
5676
5588
5579
5712
5768
5841
5835
5827
5938
5977
5950
5956
5966
5918
6007
5952
5996
6062
6088
5980
6046
6068
6203
6228
6146
6187
6327
6302
6378
6140
6121
6019
6148
6129
6118
6059
5927
5973
5980
5837
5906
5918
5888
6070
6067
6092
6105
5983
5838
5737
5718
5757
5757
5659
5717
5695
5695
5682
5698
5788
5859
5902
5943
5998
5994
6015
5940
5952
5915
5966
6022
5963
5995
5883
5991
5938
5911
5847
5952
6105
6157
6094
5980
6021
6024
6011
5946
6034
6046
6137
6081
6023
5960
5873
5843
5835
5948
6003
6235
6248
6410
6500
6486
6447
6452
6431
6397
6487
6402
6403
6210
6123
6253
6378
6348
6268
6235
6152
6277
6284
6193
6237
6258
6254
6365
6163
6150
6199
6253
6336
6214
6258
6372
6457
6428
6219
6295
6362
6394
6438
6645
6751
6732
6939
6886
6842
6806
6775
6800
6694
6755
6763
6757
6685
6762
6754
6948
7101
7224
7204
7192
7135
7167
7069
7083
7118
7162
6999
6790
6876
6917
6865
6820
6824
6730
6721
6796
6770
6681
6769
6858
6895
6940
7095
7042
6968
6896
6810
6903
6861
6891
6881
6837
6933
6908
6956
7076
7018
7045
6909
6907
6886
6785
6767
6606
6616
6513
6614
6716
6702
6778
6793
6765
6765
6737
6759
6729
6562
6500
6413
6449
6394
6323
6275
6152
6226
6145
6018
6136
6150
6218
6339
6274
6414
6233
6204
6196
6129
6122
6053
6060
6157
6083
6007
6091
6071
5986
6048
5917
5843
5860
5792
5677
5757
5724
5614
5586
5627
5605
5569
5529
5415
5344
5253
5408
5383
5376
5371
5417
5498
5576
5491
5455
5441
5376
5482
5474
5481
5492
5607
5625
5611
5576
5642
5560
5640
5577
5584
5544
5412
5516
5672
5656
5703
5745
5718
5685
5653
5699
5717
5593
5672
5605
5551
5475
5469
5541
5531
5564
5657
5677
5746
5796
5770
5868
5929
5936
5989
5916
5804
5785
5772
5899
5810
5840
5826
5766
5737
5741
5717
5801
5759
5760
5933
6016
6079
6180
6118
6161
6035
5862
5721
5741
5687
5656
5444
5459
5399
5271
5456
5538
5487
5615
5568
5567
5472
5438
5353
5320
5366
5361
5366
5346
5290
5310
5374
5275
5226
5201
5088
4979
5006
4857
4747
4793
4773
4852
4914
4831
4911
4955
4919
4963
5013
4961
5165
5161
5042
5049
4957
4944
4892
4994
5156
5198
5304
5256
5325
5413
5317
5421
5495
5428
5423
5368
5406
5388
5523
5580
5557
5563
5334
5281
5437
5389
5490
5442
5543
5596
5478
5414
5486
5616
5550
5604
5621
5508
5502
5513
5516
5524
5495
5451
5558
5559
5650
5627
5748
5567
5534
5451
5447
5516
5642
5616
5470
5404
5299
5255
5332
5299
5374
5386
5378
5451
5424
5418
5348
5462
5496
5601
5636
5563
5473
5454
5385
5436
5408
5501
5655
5586
5572
5652
5584
5575
5527
5580
5689
5789
5854
5967
6023
5986
5955
6088
6144
6125
6088
5985
6014
5888
5937
5846
5840
5743
5710
5838
5764
5912
5957
5902
5890
5756
5885
5972
5997
6049
6075
6100
6175
6247
6411
6457
6457
6450
6466
6431
6423
6528
6553
6531
6721
6715
6617
6563
6503
6406
6407
6315
6154
6089
5946
5906
5845
5742
5776
5721
5586
5709
5714
5611
5747
5705
5853
5816
5921
5803
5804
5837
5940
5946
5926
5850
5880
5751
5746
5783
5620
5655
5778
5768
5819
5810
5946
5935
5924
5971
5947
6067
6014
6102
6198
6103
5987
5891
5949
5966
5947
6038
6001
5947
6048
5981
6021
6081
6060
6108
6021
6128
6187
6322
6267
6296
6181
6119
6029
6102
6080
6069
6236
6330
6423
6378
6309
6255
6176
6158
6254
6315
6401
6318
6248
6163
6088
5949
5902
5914
5806
5781
5831
5837
5849
5938
5941
5922
5923
5998
6181
6203
6096
6138
5987
5900
5946
5796
5769
5810
5797
5850
5734
5697
5673
5687
5657
5605
5648
5628
5609
5642
5566
5587
5491
5510
5495
5355
5367
5483
5462
5429
5543
5514
5584
5621
5731
5801
5810
5746
5673
5680
5691
5701
5600
5586
5576
5643
5612
5515
5440
5400
5360
5324
5203
5235
5216
5090
5169
5281
5268
5244
5225
5173
5174
5217
5080
5098
5074
5034
4941
4983
5054
5134
5153
5157
5136
4998
4943
4947
5003
4898
4897
4982
4900
4978
4960
4855
4766
4865
4824
4854
4799
4803
4827
4707
4818
4676
4748
4742
4759
4847
4894
4812
4757
4625
4504
4608
4458
4576
4574
4634
4596
4601
4557
4602
4604
4561
4596
4508
4548
4490
4432
4468
4680
4574
4521
4482
4566
4572
4595
4648
4627
4613
4654
4591
4573
4544
4511
4583
4738
4594
4598
4618
4655
4623
4677
4620
4572
4584
4568
4567
4529
4549
4592
4687
4907
4937
4925
4900
4840
4913
5066
5053
4989
5053
5140
5158
5040
5206
5141
5268
5253
5305
5233
5246
5289
5212
5138
5122
5120
5217
5216
5159
5137
5168
5229
5380
5321
5467
5674
5700
5698
5734
5749
5843
5809
5696
5675
5694
5655
5608
5593
5716
5665
5685
5619
5737
5808
5791
5887
5864
5943
5892
5955
5909
5881
5853
5809
5771
5740
5719
5614
5598
5556
5541
5555
5606
5528
5597
5600
5721
5579
5714
5691
5746
5803
5760
5755
5620
5488
5490
5628
5694
5652
5722
5760
5721
5815
5850
5819
5628
5602
5621
5518
5548
5644
5688
5718
5721
5605
5584
5376
5520
5565
5626
5584
5770
5584
5599
5482
5554
5668
5749
5796
5771
5806
5652
5556
5679
5682
5718
5659
5687
5843
5864
5859
5872
5962
5891
6015
5991
6024
6000
5850
5821
5768
5550
5491
5565
5567
5575
5644
5670
5619
5609
5534
5483
5519
5450
5405
5418
5450
5594
5565
5643
5558
5525
5617
5651
5680
5659
5695
5764
5667
5708
5651
5591
5651
5550
5475
5460
5474
5430
5461
5410
5457
5422
5352
5394
5441
5499
5408
5375
5514
5548
5620
5691
5638
5565
5638
5698
5670
5601
5570
5549
5585
5522
5614
5578
5562
5559
5588
5516
5436
5417
5378
5479
5478
5520
5575
5530
5459
5468
5462
5470
5439
5343
5420
5673
5582
5619
5653
5650
5701
5712
5543
5583
5565
5648
5562
5601
5504
5440
5407
5289
5319
5410
5394
5412
5361
5422
5423
5402
5415
5373
5443
5444
5511
5553
5471
5593
5565
5655
5671
5665
5676
5770
5775
5835
5902
5864
5746
5695
5604
5692
5732
5684
5604
5557
5497
5513
5571
5488
5443
5552
5441
5462
5529
5477
5408
5437
5350
5450
5480
5505
5486
5560
5612
5659
5642
5667
5710
5800
5811
5807
5806
5799
5864
5965
5924
5916
5961
5789
5589
5639
5735
5860
5887
5807
5888
5925
5949
6026
5969
6033
6012
5947
6001
5986
5957
6229
6251
6270
6252
6377
6459
6342
6465
6396
6285
6189
6000
5921
5930
5881
5737
5562
5492
5591
5516
5664
5768
5826
5830
5756
5789
5852
5930
5985
5866
5913
6021
6094
6110
6117
6115
6202
6261
6347
6303
6284
6202
6195
6205
6176
6226
6289
6396
6476
6496
6555
6681
6682
6595
6679
6670
6871
6792
6821
6804
6743
6754
6742
6770
6811
6788
6784
6625
6643
6439
6373
6488
6515
6498
6512
6556
6595
6545
6446
6350
6504
6527
6602
6705
6714
6683
6712
6717
6714
6739
6833
6747
6712
6861
6905
6952
6950
6964
7031
7015
6970
6937
7002
7201
7119
7097
7117
6936
7006
6989
6988
6976
6874
6908
6941
6892
6905
6876
6866
6853
6799
6724
6757
6817
6801
6865
6801
6951
6797
6673
6683
6627
6558
6432
6432
6353
6319
6238
6043
6093
6042
6118
6135
6160
6060
6032
5953
6059
6067
5937
6089
5931
5994
5940
5929
5813
5816
5756
5798
5870
5982
6033
5965
6143
6074
5913
5928
6043
6092
6119
6154
6122
5995
5877
5843
5865
5776
5728
5667
5771
5781
5858
5756
5950
5940
6082
6066
6093
6110
6095
6127
6171
6183
6124
6099
6198
6168
6242
6160
6208
6209
6200
6351
6409
6302
6204
5990
6061
5949
5925
6029
5986
6014
5978
5986
6102
6312
6344
6324
6301
6250
6334
6282
6185
6245
6076
6022
6120
6152
6200
6183
6136
6104
6074
5999
5964
5832
5843
5856
5842
5971
5967
6082
6016
6067
6029
5988
5983
6000
6020
5979
6010
5918
5939
5920
5789
5786
5877
5864
5722
5710
5621
5534
5602
5506
5433
5451
5413
5495
5579
5618
5627
5628
5658
5737
5809
5915
5910
5778
5778
5721
5631
5503
5640
5505
5436
5370
5219
5167
5235
5387
5355
5350
5308
5432
5483
5536
5486
5257
5206
5391
5404
5426
5451
5375
5406
5433
5475
5415
5591
5707
5544
5557
5548
5585
5572
5661
5716
5799
5923
5820
5729
5595
5595
5591
5677
5734
5642
5629
5741
5837
5847
5821
5778
5908
5737
5720
5728
5680
5653
5753
5715
5782
5969
6013
6006
6012
6021
6104
6016
5967
5960
5788
5840
5770
5657
5675
5588
5591
5735
5768
5790
5907
5916
5928
5894
5983
6006
6038
5958
6002
6058
6149
6091
6043
5987
5924
5845
5918
5796
5753
5828
5806
5994
5962
5869
5827
5841
5741
5672
5776
5696
5779
5822
5931
5943
6002
6070
5992
5922
5926
5898
5863
5915
5859
5799
5800
5765
5797
5942
5876
5754
5648
5745
5692
5718
5646
5872
5792
5901
6010
6068
6115
6087
6060
6155
6111
6072
6041
6041
6156
6125
6234
6224
6388
6360
6353
6330
6209
6226
6265
6299
6301
6188
6257
6201
6179
6114
6138
6269
6354
6134
6148
6192
6186
6173
6188
6184
6054
6156
6063
6095
6105
6134
6047
5844
5744
5861
5711
5646
5598
5664
5706
5748
5613
5693
5672
5569
5567
5578
5520
5494
5467
5585
5422
5462
5517
5529
5539
5500
5476
5486
5300
5305
5291
5304
5214
5222
5216
5155
5073
5116
5197
5259
5317
5351
5346
5377
5408
5404
5343
5399
5515
5474
5506
5500
5547
5515
5531
5476
5429
5348
5325
5390
5348
5357
5344
5355
5412
5389
5394
5471
5464
5271
5210
5269
5199
5212
5198
5167
5217
5168
5066
5079
5098
5130
5186
5176
5169
5065
5125
5124
5065
5095
5148
5186
5144
5262
5220
5486
5446
5455
5371
5330
5284
5269
5208
5224
5270
5258
5179
5109
5186
5269
5278
5226
5175
5180
5352
5364
5468
5400
5441
5465
5532
5642
5765
5807
5816
5903
5998
5920
5837
5930
5796
5730
5737
5655
5552
5501
5477
5421
5380
5507
5559
5600
5575
5614
5693
5653
5576
5548
5412
5447
5498
5416
5308
5353
5426
5335
5405
5405
5453
5397
5343
5184
5172
5244
5148
5249
5424
5444
5287
5201
5212
5267
5426
5486
5435
5510
5569
5593
5559
5549
5554
5583
5552
5636
5761
5780
5646
5698
5749
5827
5771
5795
5762
5722
5827
5823
5724
5712
5564
5666
5636
5612
5555
5383
5351
5376
5322
5430
5330
5310
5350
5300
5326
5342
5343
5368
5423
5421
5450
5510
5473
5525
5335
5297
5309
5264
5309
5328
5455
5520
5452
5503
5488
5331
5449
5433
5364
5325
5423
5450
5317
5389
5396
5368
5419
5383
5430
5423
5440
5535
5568
5471
5507
5561
5653
5645
5773
5855
5790
5705
5593
5624
5842
5837
5753
5826
5984
5964
5899
5787
5703
5729
5696
5725
5765
5771
5780
5803
5767
5941
5996
6150
6197
6204
6170
6059
6133
6259
6333
6267
6252
6211
6140
6208
6207
6273
6209
6202
6260
6197
6253
6276
6249
6329
6356
6275
6151
6162
6143
6099
6096
6149
6221
6218
6163
6161
6286
6129
6116
6128
6174
6217
6198
6219
6137
6160
6013
5977
5903
5785
5712
5707
5687
5822
5930
6036
5986
6008
6076
6094
6146
6202
6145
6089
5939
5800
5598
5583
5558
5579
5530
5511
5560
5597
5665
5811
5846
5875
5944
6075
6082
6144
6199
6318
6309
6372
6331
6209
6281
6252
6243
6334
6473
6393
6374
6407
6338
6303
6333
6442
6467
6348
6405
6367
6279
6301
6305
6409
6467
6446
6404
6457
6355
6367
6349
6442
6355
6339
6271
6390
6355
6398
6456
6424
6480
6448
6447
6382
6431
6424
6536
6486
6563
6682
6724
6577
6554
6727
6636
6612
6713
6558
6630
6597
6459
6345
6323
6415
6535
6622
6621
6523
6538
6414
6450
6424
6541
6554
6368
6352
6224
6268
6185
6190
6187
6264
6249
6366
6282
6306
6266
6241
6207
6165
6203
6140
6063
6176
6176
6123
6188
6129
6009
5920
5880
5760
5673
5638
5658
5654
5694
5717
5574
5525
5428
5508
5456
5510
5430
5457
5564
5505
5463
5583
5667
5677
5663
5616
5617
5544
5571
5528
5519
5614
5627
5592
5526
5373
5472
5337
5273
5182
5192
5124
5057
5048
5046
5146
5135
5128
5195
5217
5292
5389
5538
5576
5706
5533
5400
5479
5392
5542
5623
5648
5707
5671
5678
5745
5758
5738
5708
5697
5768
5868
5856
5853
5981
5872
5832
5917
6036
5936
6004
6026
5936
6073
6038
6035
6103
6215
6223
6347
6249
6437
6454
6466
6504
6390
6357
6422
6560
6740
6798
6859
6854
6781
6925
6867
6919
6988
7021
7027
6847
6756
6698
6700
6798
6714
6685
6583
6752
6739
6849
6933
7103
7107
7211
7229
7161
7109
7107
7234
7189
7099
7228
7177
6997
6910
6847
6816
6818
6912
6868
6811
6907
7003
6815
6881
6951
7058
6998
6827
6854
6946
6909
6818
6578
6611
6605
6478
6467
6331
6284
6418
6380
6339
6355
6328
6293
6239
6236
6246
6118
6046
6197
6368
6363
6426
6454
6417
6444
6530
6475
6520
6411
6545
6516
6441
6354
6402
6441
6353
6288
6337
6332
6364
6266
6250
6296
6396
6247
6108
6072
5905
5951
5892
5843
5766
5551
5501
5520
5556
5536
5550
5624
5743
5678
5622
5602
5655
5649
5604
5661
5708
5617
5534
5571
5574
5651
5763
5825
5784
5662
5713
5725
5810
5883
5859
5781
5860
5959
5916
6043
5988
6118
6140
6143
6139
6260
6330
6348
6366
6401
6438
6300
6233
6253
6298
6393
6440
6407
6214
6239
6188
6036
6086
6093
6039
5981
5998
6050
6049
6042
6052
6052
6013
6031
6035
6036
5976
6060
6071
6010
5996
6014
5865
5884
5913
5774
5774
5813
5774
5797
5785
5878
5778
5850
5922
5848
5710
5635
5589
5673
5746
5684
5587
5615
5723
5778
5678
5711
5717
5859
5932
5875
5773
5752
5630
5604
5620
5712
5754
5846
5804
5705
5686
5698
5705
5641
5676
5703
5748
5827
5813
5782
5848
5855
5829
5904
5860
5854
5977
6129
5934
5988
6059
6135
6058
5924
5933
5933
5839
5734
5840
5723
5644
5731
5711
5519
5497
5445
5386
5346
5352
5404
5379
5276
5244
5364
5258
5222
5236
5120
5113
5086
5133
5187
5082
5113
5044
5260
5358
5436
5360
5317
5235
5289
5370
5397
5324
5350
5266
5213
5229
5363
5369
5463
5491
5587
5495
5468
5426
5355
5307
5301
5298
5292
5284
5165
5252
5237
5265
5314
5312
5352
5426
5315
5299
5248
5241
5221
5221
5234
5221
5189
5174
5172
5181
5013
5120
5194
5383
5508
5435
5486
5420
5564
5581
5617
5583
5520
5565
5621
5713
5677
5668
5567
5557
5470
5441
5444
5400
5456
5469
5312
5444
5491
5494
5638
5730
5706
5769
5638
5548
5641
5687
5600
5554
5594
5681
5657
5559
5595
5591
5646
5742
5741
5736
5776
5725
5735
5771
5677
5711
5771
5847
5819
5904
5840
5984
6079
5915
5930
5945
5923
5817
5868
5916
5975
6008
6073
6012
5928
5808
5813
5975
5951
5911
5822
6012
5925
5941
5747
5758
5792
5718
5791
5658
5715
5802
5849
5719
5712
5600
5708
5672
5626
5558
5670
5813
5727
5683
5559
5599
5597
5588
5570
5471
5472
5437
5559
5686
5646
5730
5713
5696
5610
5667
5668
5641
5714
5689
5649
5629
5649
5663
5655
5677
5593
5607
5468
5377
5339
5309
5269
5167
5219
5235
5405
5378
5582
5555
5378
5399
5449
5422
5479
5458
5413
5455
5411
5344
5413
5577
5704
5765
5712
5726
5693
5672
5593
5592
5681
5784
5745
5820
5799
5799
5893
5924
6006
5939
5834
5943
6029
6145
6023
5937
6005
6035
5997
5905
5846
5931
5997
5917
5906
5930
5837
5881
5903
5844
5910
6050
5992
5946
6133
6057
6134
5933
5917
5834
5853
5725
5748
5830
5721
5712
5636
5625
5678
5590
5640
5656
5777
5732
5749
5812
5964
5938
6045
6016
6011
5937
5959
5971
5800
5772
5749
5663
5672
5730
5733
5579
5654
5701
5755
5724
5765
5755
5783
5845
5674
5682
5658
5709
5672
5680
5648
5731
5680
5779
5835
5968
5989
6112
6095
6095
6209
6148
6252
6068
6219
6342
6193
6178
6182
6261
6151
6115
6135
6156
6105
6059
5962
6041
5955
5899
5729
5793
5805
5810
5760
5908
5874
5863
5909
5928
5984
5993
6041
5986
6037
6050
6068
6074
5994
5902
6024
6063
5975
5935
5933
5927
5885
5766
5756
5794
5878
5863
5888
5918
5965
5976
5933
6004
6076
6002
5923
5973
6027
6078
6044
5988
6045
6075
6144
6149
6081
6028
5934
5963
5987
5983
5967
5945
5876
5817
5765
5866
5926
6062
6100
6057
6097
6101
6114
6107
6132
6038
6033
5964
5978
5941
5952
5821
5862
5716
5656
5666
5554
5509
5562
5531
5450
5307
5251
5142
5212
5226
5199
5219
5221
5207
5118
5101
5054
5081
5022
4960
4804
4836
4687
4784
4787
4784
4868
4865
4979
5002
5125
5137
5131
5164
5204
5243
5387
5396
5480
5570
5532
5627
5559
5591
5773
6009
5932
6003
5979
6024
5939
5901
5904
6034
5944
5952
5867
5772
5753
5809
5821
5663
5736
5711
5813
5933
5933
5908
5913
5954
5867
5808
5873
5908
5975
5994
5951
5966
6083
6065
6042
6032
6058
6105
6004
6096
6084
5980
6101
6172
6287
6334
6313
6243
6284
6274
6248
6412
6421
6366
6397
6461
6534
6648
6617
6506
6405
6241
6053
6051
6054
6157
6130
6052
6112
6213
6232
6264
6301
6367
6334
6525
6534
6339
6426
6495
6539
6496
6434
6477
6487
6602
6619
6629
6593
6707
6752
6719
6587
6527
6626
6634
6616
6595
6639
6703
6564
6451
6400
6291
6277
6206
6170
6177
6120
6189
6219
6155
6160
6183
6016
6028
6083
5978
6053
5937
5882
5853
5959
6029
6093
6011
5949
6027
6005
6001
6012
5993
6029
6000
5884
5950
5977
5935
5915
5775
5680
5737
5769
5750
5714
5734
5767
5772
5791
5630
5683
5687
5747
5835
5786
5618
5563
5519
5544
5679
5674
5713
5819
5902
5849
5785
5724
5853
5995
6100
6105
6022
5962
5973
5964
5934
5880
5915
6072
6071
6024
5936
5830
5823
5725
5704
5785
5730
5551
5605
5657
5819
5842
5862
5855
5934
5802
5692
5674
5638
5765
5747
5803
5801
5797
5873
5938
5942
5916
5964
5858
5706
5607
5544
5478
5432
5422
5438
5390
5279
5318
5402
5503
5508
5451
5489
5427
5467
5518
5498
5480
5550
5589
5544
5558
5679
5715
5760
5824
5959
5994
5910
5917
5980
5897
5857
5806
5834
5809
5782
5670
5600
5672
5732
5838
5974
5902
5839
5763
5697
5684
5707
5642
5592
5650
5684
5662
5559
5635
5639
5765
5734
5572
5469
5489
5380
5398
5293
5214
5192
5171
5252
5220
5286
5291
5218
5195
5143
5166
5238
5320
5433
5436
5479
5356
5389
5517
5449
5471
5487
5404
5457
5397
5454
5412
5466
5561
5507
5535
5655
5639
5613
5540
5659
5684
5763
5810
5734
5662
5650
5725
5776
5727
5632
5593
5556
5537
5461
5594
5752
5776
5799
5805
5848
5714
5861
5873
5697
5765
5734
5638
5488
5441
5465
5390
5479
5482
5457
5399
5578
5564
5551
5596
5617
5579
5609
5651
5662
5753
5836
5828
5955
6032
6058
6098
6000
6051
6079
6121
6111
6083
6118
6113
5998
5952
5918
5987
5824
5808
5941
5931
5848
5811
5846
5764
5665
5629
5631
5694
5698
5710
5729
5647
5668
5806
5868
5812
5752
5611
5625
5568
5540
5500
5529
5521
5471
5484
5525
5438
5568
5566
5476
5448
5448
5444
5432
5434
5500
5485
5481
5577
5533
5539
5568
5630
5550
5580
5496
5390
5403
5416
5400
5418
5346
5343
5326
5220
5230
5356
5335
5373
5359
5323
5298
5368
5345
5459
5486
5382
5517
5624
5652
5718
5760
5824
5769
5714
5762
5769
5964
6078
6198
6236
6275
6299
6354
6359
6231
6280
6343
6196
6187
6087
6237
6166
6148
6244
6219
6248
6200
6254
6266
6187
6159
6376
6447
6497
6430
6265
6315
6335
6264
6248
6224
6065
5917
5930
5917
5867
5857
5677
5739
5735
5875
6001
5943
5961
5970
5919
5784
5834
5723
5641
5678
5730
5670
5641
5792
5786
5762
5638
5706
5535
5499
5469
5567
5577
5596
5670
5694
5718
5791
5698
5569
5478
5450
5538
5462
5538
5505
5449
5422
5328
5331
5363
5373
5405
5481
5568
5621
5770
5782
5646
5627
5678
5739
5738
5909
5849
5895
5909
5886
5870
5945
6046
6251
6191
6164
6224
6265
6254
6352
6461
6530
6640
6626
6663
6708
6649
6697
6752
6563
6443
6609
6608
6654
6798
6805
6860
6929
7002
6881
6767
6787
6852
6927
6944
6813
6900
6884
6923
6880
6855
6999
6958
7026
7021
6974
7063
6925
6918
6901
6659
6590
6504
6560
6566
6558
6533
6599
6548
6460
6439
6353
6324
6326
6282
6369
6289
6360
6280
6257
6336
6470
6490
6557
6528
6579
6687
6484
6467
6558
6505
6556
6591
6546
6722
6697
6708
6587
6526
6534
6507
6440
6455
6474
6458
6504
6472
6292
6241
6318
6345
6315
6338
6356
6449
6416
6434
6527
6629
6647
6628
6564
6599
6514
6415
6409
6470
6596
6557
6696
6858
6700
6774
6947
7109
7104
7127
6983
6943
6886
6782
6889
6907
6856
6901
7005
6873
6783
6876
6863
6936
6927
7003
6983
6952
7023
6929
6976
7062
6979
6996
7104
7074
7111
7180
7115
7063
7208
6994
6844
6790
6694
6613
6597
6745
6690
6691
6727
6837
6762
6813
6820
6846
6878
6781
6686
6825
6813
6706
6611
6564
6718
6821
6765
6742
6806
6793
6712
6639
6420
6391
6313
6224
6360
6315
6442
6429
6577
6582
6655
6662
6489
6602
6614
6588
6732
6734
6734
6582
6683
6479
6599
6535
6470
6436
6569
6468
6388
6431
6414
6487
6489
6468
6318
6287
6223
6270
6339
6382
6256
6355
6250
6206
6171
5960
5862
5865
5842
5736
5697
5792
5796
5759
5879
5853
5850
5827
5750
5727
5802
5818
5872
5852
5860
5848
5838
5753
5817
5748
5788
5965
5933
5908
5947
5913
6028
6003
6029
6097
6210
6453
6522
6538
6392
6326
6422
6325
6262
6313
6263
6231
6092
6066
5979
5973
5953
5942
5992
6065
6109
5966
5950
5956
5984
6011
6216
6223
6196
6135
6117
6170
6244
6228
6212
6212
6271
6241
6363
6298
6285
6450
6577
6413
6466
6423
6467
6528
6531
6503
6584
6467
6524
6329
6281
6356
6364
6336
6197
6163
6361
6451
6431
6412
6495
6688
6596
6682
6787
6604
6717
6542
6609
6688
6571
6472
6454
6440
6615
6667
6739
6686
6790
6778
6583
6797
6833
6719
6569
6592
6514
6527
6618
6611
6454
6465
6514
6532
6446
6395
6165
6281
6168
6188
6277
6285
6302
6102
5943
5952
6000
6040
6084
6133
6211
6206
6215
6114
6130
6034
6059
6020
6117
6071
6085
6041
6010
5958
5919
5864
5880
5828
6001
6035
6171
6033
5988
5897
5787
5765
5696
5592
5544
5563
5605
5558
5653
5663
5583
5556
5469
5402
5337
5423
5424
5373
5276
5113
5090
5013
5113
5213
5222
5310
5323
5273
5357
5348
5313
5289
5287
5184
5221
5098
5114
5199
5242
5199
5017
5011
4968
5003
5013
4939
4902
4851
4920
4752
4809
4901
4812
4808
4814
4831
4844
4915
4881
5008
4951
4952
5018
4936
5059
5236
5246
5181
5109
5126
5080
5012
5034
5086
5051
4983
4985
4976
5058
5050
4988
5100
5115
5132
4994
4966
4954
4861
4809
4772
4913
4882
4887
4826
4816
4736
4623
4671
4647
4692
4752
4982
5055
5098
5076
4980
4962
5029
4986
4977
4840
4912
4988
5113
5252
5408
5411
5411
5392
5515
5505
5494
5535
5562
5549
5549
5453
5654
5704
5630
5522
5580
5584
5559
5553
5529
5408
5359
5394
5477
5506
5535
5579
5527
5518
5513
5447
5404
5449
5509
5434
5376
5447
5485
5369
5454
5459
5453
5373
5395
5356
5285
5313
5371
5404
5409
5375
5378
5392
5261
5320
5247
5368
5315
5387
5404
5449
5397
5395
5368
5338
5438
5371
5349
5295
5300
5231
5308
5351
5459
5442
5497
5406
5381
5356
5278
5186
5251
5185
5135
5218
5241
5199
5105
5194
5169
5270
5317
5291
5263
5322
5314
5332
5419
5406
5470
5399
5338
5382
5437
5451
5356
5451
5390
5422
5418
5480
5516
5558
5528
5570
5337
5413
5236
5313
5339
5305
5259
5343
5533
5669
5688
5844
5853
5936
5938
6115
6170
6138
6199
6174
6140
6040
5845
5838
5756
5781
5709
5689
5623
5682
5683
5590
5611
5552
5549
5565
5639
5633
5671
5705
5696
5662
5780
5730
5748
5771
5783
5792
5833
5886
5733
5729
5962
5963
5927
6018
6071
6076
6104
6092
6120
6264
6239
6210
6151
6089
6159
6094
6158
6303
6383
6409
6464
6405
6469
6475
6456
6487
6458
6517
6626
6478
6513
6460
6545
6474
6516
6549
6556
6638
6591
6564
6497
6579
6518
6544
6498
6436
6474
6513
6470
6482
6347
6210
6189
6137
6222
6167
6165
6116
5974
5881
5918
6033
6109
6009
5874
5896
5930
5863
5851
5837
5869
5901
5867
5784
5833
5784
5899
5998
5900
5815
5981
6133
6126
6211
6200
6335
6441
6511
6599
6608
6801
6825
6780
6891
6854
6873
6789
6862
6835
6709
6829
6773
6713
6622
6490
6445
6462
6534
6556
6614
6462
6515
6524
6586
6556
6558
6684
6629
6553
6553
6495
6564
6596
6706
6727
6728
6708
6680
6662
6637
6534
6484
6383
6381
6407
6410
6416
6278
6245
6189
6311
6225
6122
6268
6286
6238
6236
6230
6307
6339
6271
6215
6147
6067
6029
5988
5991
5913
6008
5944
5878
5908
5972
6030
6092
6109
6025
6002
6065
6089
6073
6145
6092
6064
5968
6003
5973
6083
6172
6215
6306
6252
6288
6160
6102
6055
6187
6057
6075
5967
5915
5972
5884
5904
5809
5867
5989
5854
5857
5960
5903
5809
5878
5852
5761
5827
5775
5851
5822
5762
5854
5933
5923
6008
5981
6025
6045
5986
6001
6015
5969
5883
5835
5804
5782
5776
5850
5814
5909
5857
5819
5849
5958
5980
5969
6041
6016
5968
6013
6073
6228
6096
6062
6044
6012
6026
5981
6081
6102
6158
6167
6126
6064
5994
5926
6066
6056
6072
6127
6150
6135
6069
6042
6098
6035
6033
6017
6031
6075
6046
5995
5939
6102
6086
6024
5979
5989
6084
6098
6154
6017
5983
6065
6148
6076
6051
6057
6098
6119
6150
6210
6285
6301
6405
6350
6477
6462
6417
6439
6395
6350
6360
6490
6462
6451
6447
6391
6408
6572
6535
6445
6557
6569
6566
6477
6419
6464
6391
6450
6345
6410
6494
6503
6368
6510
6444
6296
6389
6389
6408
6263
6312
6418
6564
6563
6585
6559
6622
6619
6766
6827
6618
6619
6490
6360
6255
6156
6199
6186
6114
6294
6224
6121
6046
6031
5982
5991
5943
5861
5797
5919
5934
6078
6149
6081
5982
5901
5813
5806
5817
5814
5744
5739
5711
5762
5749
5604
5547
5501
5512
5588
5610
5585
5565
5538
5593
5502
5523
5556
5540
5550
5568
5574
