505000
199287
141003
111639
92784
79593
70122
62789
56774
52046
48133
45023
41758
39331
37395
35437
33615
32005
30675
29389
28308
26974
26180
25381
24362
23536
23035
22467
21722
21367
20714
20298
19826
19080
18978
18373
17772
17550
17213
16688
16382
16052
16079
15961
15825
15536
15213
14928
14670
14453
14368
14113
13912
13692
13476
13232
13108
12879
12761
12604
12678
12544
12433
12186
12205
11923
11889
11833
11867
11646
11438
11210
11207
10944
10724
10652
10627
10581
10485
10436
10195
10101
9954
9816
9755
9706
9760
9565
9419
9271
9207
9062
8855
8890
8768
8863
8649
8719
8640
8580
8558
8525
8426
8363
8273
8133
7976
8015
8034
8136
8163
8086
8028
7960
7696
7709
7604
7702
7607
7600
7642
7524
7572
7397
7448
7524
7361
7230
7275
7114
7044
7021
7112
7096
7079
7019
6897
7077
7069
7045
7058
7023
6942
6922
6978
7077
6941
7030
7084
7068
7018
6986
6956
6919
6932
6950
6888
6784
6875
7007
6997
6943
6939
6742
6674
6506
6594
6340
6371
6400
6426
6381
6429
6512
6595
6583
6705
6586
6592
6539
6495
6554
6569
6533
6504
6435
6312
6454
6411
6403
6547
6580
6566
6548
6557
6601
6541
6461
6355
6353
6285
6196
6102
6028
5942
5975
5842
6070
6100
5871
5768
5729
5741
5756
5750
5723
5692
5692
5805
5734
5765
5772
5696
5790
5773
5786
5664
5599
5599
5558
5384
5465
5437
5349
5336
5408
5528
5439
5496
5557
5468
5356
5469
5432
5417
5512
5568
5655
5542
5544
5547
5461
5409
5431
5345
5506
5463
5349
5323
5333
5427
5356
5415
5313
5336
5284
5286
5334
5333
5358
5285
5267
5331
5364
5399
5329
5264
5325
5362
5398
5380
5390
5350
5282
5306
5166
5135
5227
5298
5266
5170
5170
5058
5068
5087
5148
5178
5225
5164
5043
4991
4921
5047
5040
4979
4992
4878
4969
5032
5123
5040
5216
5192
5080
4990
5036
4976
5025
4890
4948
4916
4929
5092
5164
5138
5178
5171
5069
5149
5058
5112
5094
5110
5192
5197
5262
5173
5296
5375
5314
5338
5337
5396
5453
5502
5479
5364
5421
5374
5402
5449
5360
5372
5427
5385
5448
5557
5396
5352
5319
5409
5461
5535
5515
5628
5731
5720
5767
5739
5633
5566
5557
5558
5560
5591
5599
5542
5521
5559
5625
5618
5553
5546
5484
5412
5383
5355
5426
5531
5643
5607
5526
5518
5562
5540
5519
5477
5551
5603
5679
5700
5597
5622
5600
5766
5767
5803
5777
5682
5664
5651
5756
5701
5783
5826
5923
5802
5747
5755
5709
5657
5771
5772
5805
5822
5896
5889
5984
5912
5870
5804
5767
5762
5834
5707
5814
5708
5856
5810
5754
5733
5704
5790
5858
5756
5834
5737
5832
5795
5781
5770
5775
5819
5790
5715
5634
5613
5547
5627
5520
5385
5390
5364
5339
5202
5232
5154
5094
5136
5176
5128
5234
5237
5197
5328
5265
5296
5208
5118
5183
5089
5127
5289
5324
5350
5318
5429
5417
5447
5459
5478
5633
5736
5681
5729
5739
5742
5725
5687
5702
5639
5671
5647
5676
5564
5467
5521
5543
5503
5499
5484
5528
5444
5525
5522
5510
5539
5557
5409
5430
5365
5356
5361
5268
5221
5097
5242
5248
5207
5085
5263
5230
5342
5430
5400
5428
5498
5543
5557
5701
5647
5726
5654
5554
5566
5769
5789
5711
5690
5727
5791
5871
5805
5807
5826
5648
5644
5435
5463
5502
5547
5606
5639
5708
5750
5770
5694
5721
5672
5635
5682
5674
5662
5573
5607
5579
5624
5593
5548
5579
5458
5322
5152
5179
5230
5253
5234
5214
5150
5248
5260
5289
5256
5303
5250
5290
5339
5275
5299
5312
5315
5332
5319
5417
5295
5298
5347
5364
5185
5148
5099
5060
5114
5111
5057
5192
5271
5397
5381
5353
5349
5276
5341
5379
5359
5356
5391
5297
5339
5434
5385
5293
5313
5393
5424
5537
5482
5506
5485
5511
5524
5422
5425
5339
5415
5495
5433
5333
5384
5441
5374
5242
5350
5213
5132
5215
5257
5365
5410
5287
5328
5362
5319
5240
5154
5202
5484
5480
5511
5389
5345
5298
5109
5045
5155
5067
5097
5207
5186
5100
5185
5193
5248
5267
5262
5149
5173
5198
5209
5220
5254
5236
5263
5353
5271
5149
5146
5081
5161
5075
5157
5120
5082
5075
5003
4959
5067
5073
5152
5108
5156
5088
5085
5055
5069
5129
5100
5084
4999
5113
5052
5120
5234
5261
5289
5178
5073
5117
5169
5212
5319
5315
5386
5382
5502
5514
5544
5732
5800
5804
5926
5965
5902
5991
6023
5998
5958
6049
6104
6040
5906
5876
5835
5750
5665
5732
5661
5608
5527
5464
5441
5531
5585
5480
5436
5328
5395
5391
5387
5386
5419
5429
5443
5411
5355
5281
5358
5374
5373
5408
5360
5387
5202
5131
5208
5246
5214
5255
5359
5271
5329
5340
5380
5444
5460
5544
5554
5620
5596
5705
5595
5680
5735
5830
5799
5766
5715
5728
5738
5872
5862
5890
5878
5816
5877
5937
5941
5941
5845
5842
5816
5708
5645
5704
5730
5719
5844
5968
5973
5946
5906
6094
6110
6204
6189
6065
5953
5970
5941
5935
5795
5942
5829
5781
5739
5823
5879
5805
5873
5903
5956
5894
5851
5823
5855
5861
5973
5971
5965
6029
6112
6117
6033
6105
6096
6043
6020
5991
5917
5943
5878
5847
5903
6019
6044
6019
6049
6014
5992
5982
5904
6031
6044
5979
6075
6034
6004
6107
6149
6163
6166
6136
6147
6008
6191
6246
6385
6347
6343
6613
6559
6494
6554
6645
6598
6662
6747
6770
6819
6732
6764
6639
6498
6452
6344
6456
6506
6522
6462
6528
6391
6416
6344
6369
6431
6334
6192
6166
6157
6218
6201
6170
6138
6211
5978
5997
6012
6092
6125
6166
6114
5976
6006
5966
6052
6219
6285
6326
6392
6347
6315
6293
6367
6364
6317
6211
6202
6201
6244
6220
6174
6186
6214
6220
6138
6045
6135
6063
6057
5983
5977
6018
6142
6168
6165
6146
6238
6245
6222
6291
6202
6152
6025
6074
6107
6139
6048
6041
6072
6078
6038
5880
5994
5967
5936
6012
5984
5801
5806
5716
5691
5650
5635
5638
5734
5680
5718
5782
5811
5861
5879
5837
5802
5629
5636
5652
5650
5663
5760
5815
5828
5933
6066
6090
5919
5924
6105
6087
6022
5910
5823
5863
5890
5883
5781
5727
5788
5774
5845
5853
6005
6084
5974
6051
6005
6016
6055
6072
6133
6057
5992
5908
6003
6005
6015
5935
6044
6038
5975
6022
6117
6074
6054
6012
5966
6122
6085
6118
6016
6133
6174
6234
6196
6077
6118
6067
6143
6034
6087
6112
6017
6002
6042
6111
6126
6143
6088
5999
6039
5922
5862
5973
5979
6133
6234
6346
6291
6205
6239
6264
6238
6291
6284
6288
6383
6388
6471
6329
6433
6509
6443
6497
6348
6229
6044
6020
5940
5946
5989
5976
5833
5929
5970
5953
5912
5961
5825
5857
5855
5750
5780
5831
5787
5778
5768
5662
5642
5699
5612
5651
5714
5707
5685
5756
5805
5821
5867
5903
5895
5873
5912
5893
5913
5917
5991
6005
5961
6068
6100
5887
5904
5989
6014
6005
5923
5914
6054
5994
6022
6003
6064
6091
6088
6212
6233
6285
6246
6074
6048
5983
5898
5863
6033
5990
6005
6048
6169
6179
6167
6092
6144
6238
6318
6243
6184
6121
6112
6029
5862
5911
5926
5888
5859
5773
5736
5680
5721
5661
5600
5640
5593
5567
5638
5665
5605
5681
5577
5623
5591
5598
5764
5731
5604
5652
5571
5540
5546
5360
5255
5228
5227
5364
5348
5379
5350
5453
5473
5421
5435
5536
5638
5786
5756
5693
5565
5791
5765
5864
5879
5842
5808
5773
5740
5766
5747
5853
5943
6000
6115
6186
6092
6057
6131
6181
6198
6307
6238
6348
6390
6421
6349
6258
6297
6416
6369
6335
6379
6323
6244
6291
6253
6359
6374
6306
6249
6304
6443
6406
6393
6418
6383
6522
6545
6307
6445
6613
6715
6575
6644
6694
6551
6663
6534
6387
6479
6337
6288
6204
6270
6101
6184
6219
6196
6228
6252
6205
6222
6180
6067
6127
6153
6039
6074
6057
6107
6064
6083
6109
6020
6064
6207
6173
6244
6237
6167
6288
6274
6349
6312
6195
6159
6045
5996
5929
5894
5865
5830
5838
5779
5830
5653
5784
5838
5717
5697
5677
5535
5501
5584
5622
5578
5619
5636
5590
5612
5519
5571
5675
5757
5813
5813
5781
5661
5600
5640
5670
5543
5579
5521
5406
5322
5338
5278
5168
5178
5135
5095
5154
5254
5274
5263
5253
5297
5280
5274
5169
5160
5174
5158
5149
5065
5008
5051
5082
5013
5038
5010
5073
5068
5079
5142
5146
5255
5198
5238
5303
5263
5336
5345
5340
5381
5315
5311
5270
5392
5448
5348
5321
5257
5279
5294
5327
5339
5337
5476
5432
5422
5457
5338
5330
5342
5312
5242
5197
5231
5203
5191
5239
5257
5315
5351
5161
5223
5250
5202
5185
5146
5211
5193
5213
5065
5051
5088
5032
4997
5016
4997
4972
5012
5087
5080
4985
4994
4994
4946
4940
4930
4892
4925
5036
5098
5052
4959
5034
5167
5200
5299
5266
5273
5393
5358
5325
5463
5410
5356
5275
5345
5463
5418
5386
5392
5368
5547
5488
5383
5327
5361
5403
5358
5383
5230
5171
5231
5358
5387
5419
5394
5373
5382
5368
5499
5532
5524
5586
5512
5414
5445
5437
5539
5559
5559
5520
5418
5558
5597
5562
5565
5530
5477
5465
5496
5429
5525
5475
5351
5372
5268
5236
5224
5265
5243
5241
5105
5145
5169
5257
5235
5229
5204
5326
5313
5361
5413
5358
5272
5276
5321
5338
5313
5282
5375
5214
5312
5311
5380
5401
5339
5351
5477
5534
5517
5515
5629
5759
5790
5848
5839
5957
5789
5861
5776
5807
5917
5868
5884
5788
5774
5841
5776
5803
5692
5764
5741
5696
5757
5829
5844
5832
5764
5790
5719
5861
5867
6021
5938
5995
6000
5882
5773
5761
5772
5749
5753
5756
5818
5788
5861
5862
5898
5934
5880
5841
5692
5746
5739
5665
5662
5605
5560
5600
5665
5471
5552
5531
5531
5502
5545
5527
5585
5667
5617
5632
5677
5739
5801
5712
5621
5724
5734
5815
5789
5681
5837
5971
6037
6156
6122
5973
6054
6086
6137
6173
6001
5994
5860
5719
5700
5735
5684
5617
5638
5560
5558
5426
5533
5551
5718
5612
5606
5680
5720
5838
5820
5855
5873
6006
5904
5970
5929
5958
5952
5938
5906
5813
5685
5768
5736
5692
5736
5710
5840
5898
5957
5918
5832
5938
6017
5997
5963
5901
6005
6110
6041
5914
5896
5897
6048
6114
6141
6160
6027
6111
6041
6043
6015
6011
6091
6061
5948
6038
6100
6216
6130
6190
6272
6240
6253
6286
6159
6148
6210
6305
6253
6178
6182
6186
6093
6094
6087
6017
6181
6118
6242
6223
6194
6139
6111
6041
6229
6168
6191
6124
6083
6001
6073
5950
5944
5901
5829
5812
5767
5827
5814
5630
5725
5677
5729
5720
5799
5711
5694
5745
5678
5709
5568
5576
5404
5269
5209
5234
5210
5243
5058
5044
5054
4965
5107
5081
5062
4999
4976
4946
4843
4808
4828
4946
5008
5023
5037
5250
5131
5222
5263
5191
5219
5154
5229
5328
5355
5335
5313
5378
5447
5496
5426
5390
5391
5428
5501
5572
5684
5658
5594
5628
5506
5444
5436
5373
5358
5326
5395
5417
5484
5435
5265
5237
5322
5457
5517
5512
5549
5522
5546
5567
5515
5474
5511
5458
5481
5268
5228
5247
5398
5326
5262
5306
5216
5125
5156
5244
5136
5039
5068
5020
5020
5066
5108
5058
4953
4886
5045
5090
5095
5148
5108
5037
5064
5069
5020
5164
5149
5149
5234
5145
5143
4991
4969
4913
4941
4889
4842
4826
4802
4814
4884
4871
4898
4808
4862
4755
4764
4745
4724
4644
4684
4595
4696
4725
4670
4611
4554
4588
4539
4530
4540
4534
4481
4566
4479
4515
4666
4740
4789
4758
4731
4701
4740
4687
4692
4685
4739
4828
4929
4947
4956
4933
4880
4917
4993
4989
4780
4824
4866
4889
4872
4965
4869
4886
4875
4896
4826
4951
4963
4947
4977
5036
5027
4923
4774
4676
4710
4780
4898
4842
4781
4741
4685
4711
4797
4825
4902
4883
4877
4771
4769
4809
4910
4855
4832
4824
4962
4987
4931
5072
5228
5135
5116
5108
5122
5138
5088
5164
5174
5149
5168
5004
5019
5019
5119
5060
5002
5103
5144
5220
5298
5341
5323
5335
5452
5373
5303
5355
5289
5311
5373
5308
5296
5371
5459
5453
5359
5357
5396
5396
5338
5259
5317
5414
5428
5357
5274
5196
5382
5314
5415
5465
5395
5378
5320
5311
5319
5217
5102
5197
5214
5219
5226
5250
5173
5126
5306
5263
5244
5107
5080
5027
5025
4969
4963
4791
4831
4736
4680
4654
4688
4777
4690
4695
4800
4764
4693
4629
4680
4813
4944
4928
4998
5014
5016
4982
4985
5024
5012
5057
5111
5224
5316
5378
5367
5321
5322
5429
5406
5351
5393
5398
5395
5329
5344
5360
5468
5504
5538
5609
5664
5630
5666
5592
5687
5654
5606
5575
5498
5485
5305
5371
5422
5381
5295
5164
5069
5066
5072
4962
4907
4925
5013
5176
5230
5118
5125
5138
5284
5344
5267
5186
5228
5248
5211
5203
5168
5150
5156
5145
5241
5282
5311
5407
5449
5409
5453
5522
5541
5660
5709
5673
5667
5598
5534
5463
5453
5340
5410
5477
5448
5388
5414
5369
5371
5321
5302
5339
5246
5181
5159
5222
5343
5515
5521
5546
5701
5896
5979
5928
6042
5923
5978
5999
6090
6139
6036
5883
5838
5809
5817
5719
5757
5678
5532
5609
5554
5629
5683
5650
5748
5751
5956
6067
6151
6212
6094
6021
5986
6065
6129
6153
6235
6312
6148
6193
6226
6126
6155
6254
6196
6204
6278
6270
6330
6506
6493
6508
6391
6467
6455
6487
6337
6347
6415
6547
6427
6450
6396
6345
6255
6202
6254
6258
6237
6333
6285
6324
6371
6304
6324
6379
6488
6524
6510
6517
6423
6158
6193
6141
6266
6240
6206
6207
6230
6209
6254
6274
6338
6333
6186
6148
6167
6300
6258
6317
6265
6130
5966
5877
5984
6010
6049
6040
5979
5909
5976
5975
5898
5671
5572
5537
5564
5611
5576
5617
5607
5514
5529
5593
5574
5503
5523
5658
5609
5558
5649
5818
5903
5839
5964
6013
6068
6090
6145
6326
6296
6226
6229
6119
6060
6234
6286
6123
6197
6203
6238
6241
6210
6172
6230
6224
6226
6154
6137
6102
6113
6171
6261
6376
6289
6284
6263
6277
6292
6167
6170
6231
6310
6351
6166
6127
6073
6001
6012
5953
5973
5924
5968
6071
5948
5978
5942
5891
5738
5756
5794
5722
5741
5651
5606
5548
5572
5478
5507
5578
5633
5633
5560
5677
5566
5616
5593
5609
5658
5675
5588
5497
5469
5487
5409
5317
5205
5183
5205
5148
5246
5265
5277
5228
5285
5306
5276
5369
5236
5205
5179
5078
5175
5146
5033
5107
5126
5223
5269
5165
5246
5262
5179
5246
5233
5242
5340
5355
5353
5285
5185
5241
5159
5321
5370
5256
5339
5391
5530
5443
5274
5225
5194
5272
5164
5239
5210
5192
5219
4999
4827
4855
4771
4665
4671
4777
4771
4804
4801
4807
4810
4796
4802
4930
4899
5096
5168
5109
5126
5038
5010
5004
5089
5095
5138
5027
5063
5138
5192
5197
5278
5131
5206
5247
5249
5213
5227
5414
5537
5485
5414
5551
5531
5622
5585
5595
5636
5716
5781
5928
5989
5827
5926
5974
5895
5912
5834
5823
5827
5914
5928
5971
5942
5860
5768
5669
5701
5725
5646
5661
5610
5620
5617
5522
5360
5274
5203
5222
5305
5349
5408
5462
5274
5366
5333
5452
5415
5258
5266
5272
5284
5227
5200
5043
5093
5176
5089
5159
5124
4957
4952
4969
4976
5020
5074
5146
5186
5097
5270
5159
5126
5236
5218
5157
5169
5268
5176
5288
5267
5076
5187
5225
5288
5268
5170
5315
5389
5436
5408
5327
5308
5274
5253
5295
5340
5346
5178
5162
5176
5199
5278
5203
5192
5067
5198
5192
5258
5311
5286
5293
5295
5259
5252
5266
5340
5211
5167
5131
5112
5163
5168
5200
5102
5216
5263
5277
5355
5382
5307
5163
5219
5128
5033
4961
4907
4767
4758
4707
4753
4809
4863
4931
4893
4921
4903
4960
4897
4708
4750
4821
4853
4778
4867
4892
4956
4946
4949
4938
4943
5007
5051
5121
5089
5194
5248
5331
5263
5357
5527
5659
5721
5675
5697
5837
5842
5874
5818
5786
5764
5706
5590
5533
5446
5387
5428
5446
5389
5455
5492
5421
5306
5323
5272
5268
5257
5266
5263
5360
5284
5252
5369
5348
5382
5394
5435
5401
5408
5383
5332
5302
5337
5331
5294
5265
5313
5164
5250
5373
5280
5245
5261
5250
5272
5148
5173
5284
5291
5306
5267
5237
5282
5422
5380
5301
5331
5375
5455
5530
5483
5519
5504
5501
5303
5324
5290
5433
5524
5513
5469
5446
5476
5447
5532
5669
5554
5476
5502
5649
5766
5686
5665
5757
5704
5570
5559
5585
5588
5555
5657
5698
5619
5588
5438
5356
5448
5436
5371
5281
5281
5245
5256
5259
5344
5261
5214
5217
5309
5485
5495
5439
5528
5443
5328
5354
5473
5419
5424
5388
5291
5204
5137
5104
4997
5042
5010
5039
5072
5052
5067
5151
5242
5188
5188
5137
5102
5150
5219
5330
5334
5311
5191
5259
5346
5368
5266
5222
5291
5320
5253
5279
5142
5050
4903
4761
4857
4858
4887
4947
4963
4985
5001
5145
5136
5144
5154
5206
5298
5233
5349
5486
5539
5440
5576
5412
5426
5470
5506
5430
5336
5185
5257
5305
5233
5281
5318
5298
5324
5254
5344
5320
5410
5298
5225
5199
5316
5349
5326
5338
5355
5235
5167
5184
5263
5263
5287
5299
5399
5499
5381
5459
5371
5296
5287
5261
5296
5285
5207
5267
5259
5370
5325
5302
5231
5279
5298
5354
5414
5411
5414
5507
5462
5579
5594
5501
5439
5439
5509
5456
5548
5661
5807
5767
5818
5809
5814
5934
6036
5942
6007
6121
6093
6016
5936
5923
5791
5699
5687
5655
5490
5534
5414
5429
5522
5562
5611
5544
5545
5523
5512
5511
5538
5726
5695
5676
5730
5705
5696
5661
5671
5573
5534
5579
5670
5681
5663
5600
5557
5481
5396
5376
5424
5460
5568
5514
5419
5322
5355
5288
5347
5370
5340
5332
5308
5389
5428
5442
5433
5388
5402
5471
5386
5301
5265
5281
5318
5232
5261
5237
5186
5267
5285
5230
5153
5118
5128
5188
5259
5223
5377
5419
5471
5440
5389
5473
5558
5600
5680
5610
5569
5609
5537
5557
5605
5586
5354
5315
5293
5376
5380
5397
5381
5407
5459
5551
5514
5362
5381
5508
5589
5668
5635
5688
5599
5552
5528
5429
5461
5380
5398
5409
5408
5443
5506
5577
5502
5608
5627
5801
5770
5777
5822
5777
5880
5799
5789
5896
5943
5936
5898
5890
5901
5903
5896
5842
5780
5749
5732
5671
5744
5730
5628
5601
5581
5488
5529
5430
5535
5444
5405
5387
5525
5552
5551
5661
5771
5817
5788
5825
5740
5733
5717
5703
5669
5614
5567
5569
5442
5461
5487
5562
5625
5610
5565
5524
5469
5495
5471
5518
5496
5562
5587
5533
5436
5345
5362
5296
5310
5383
5472
5588
5586
5517
5557
5650
5602
5571
5581
5666
5698
5713
5738
5605
5673
5686
5780
5856
5701
5608
5619
5614
5739
5819
5814
5790
5951
5916
5907
6010
6053
5941
5933
5890
5903
5798
5701
5637
5737
5846
5772
5822
5700
5559
5455
5442
5346
5365
5331
5440
5378
5321
5245
5407
5510
5475
5434
5391
5295
5194
5205
5187
5121
5030
5046
5146
5131
5225
5275
5351
5258
5194
5245
5097
5127
5078
5076
4953
4991
5033
5042
5144
5289
5287
5277
5427
5373
5350
5330
5295
5287
5289
5188
5168
5128
5091
5043
5125
5089
5136
5315
5297
5295
5357
5355
5331
5344
5278
5241
5276
5278
5245
5346
5345
5266
5445
5405
5400
5401
5408
5485
5623
5659
5655
5757
5831
5802
5824
5800
5940
6124
6034
6066
6118
6076
6122
6153
6065
6108
6054
5973
5979
5958
5916
5922
6045
5952
5864
5864
5930
5943
6019
6064
6173
6000
6027
6059
6016
5912
5794
5829
5794
5907
5817
5846
5954
6065
6090
6105
6095
6165
6028
5965
5931
5827
5947
5866
5846
5904
5970
5837
5788
5873
5852
5799
5760
5673
5710
5728
5647
5648
5668
5575
5538
5567
5543
5490
5498
5304
5307
5348
5428
5482
5383
5351
5302
5329
5161
5089
5000
4993
5004
5022
5018
4995
4982
4990
5093
5144
5126
5009
5152
5173
5155
5211
5263
5326
5321
5431
5424
5394
5402
5358
5149
5135
5145
5070
4943
5001
4959
4912
4902
4953
5098
5085
5067
5230
5179
5230
5241
5189
5172
5298
5229
5095
5152
5193
5258
5176
5154
5033
5067
5113
5079
5160
5341
5318
5355
5381
5396
5327
5297
5244
5207
5318
5333
5344
5377
5296
5329
5261
5222
5225
5258
5214
5182
5246
5332
5307
5433
5398
5415
5339
5344
5466
5470
5486
5478
5429
5394
5459
5494
5508
5532
5470
5592
5549
5683
5702
5721
5686
5642
5726
5736
5833
5787
5826
5917
5958
5930
5917
5910
5830
5872
5896
5924
5854
5811
5946
5825
5629
5655
5802
5782
5820
5943
6051
6065
6089
6184
6188
6228
6170
5982
6030
6074
6118
6252
6250
6213
6171
6079
6198
6166
6236
6279
6234
6298
6290
6164
6249
6203
6084
6139
6114
6069
6163
6126
6031
6017
6112
6025
6165
6222
6188
6103
6101
6177
6134
6194
6243
6276
6201
6239
6103
6135
6202
6259
6271
6170
6156
6043
6089
6070
6046
6074
5901
5951
5906
5880
5860
5825
5803
5698
5721
5685
5707
5583
5587
5646
5670
5772
5710
5786
5663
5681
5748
5711
5864
5893
5833
5877
6009
5886
5953
5933
5967
6003
6093
6023
5897
5785
5876
5743
5782
5722
5687
5743
5878
5817
5854
5988
5933
6059
6065
6001
6042
6051
6113
6112
6152
6112
6010
6018
5979
6033
6127
6182
6186
6002
5970
5855
5745
5633
5596
5648
5631
5697
5666
5611
5438
5471
5522
5520
5635
5659
5711
5646
5563
5607
5689
5660
5660
5671
5532
5649
5612
5601
5633
5749
5786
5819
5834
5950
5820
5741
5722
5637
5491
5499
5539
5544
5514
5358
5348
5279
5393
5246
5260
5248
5418
5454
5589
5694
5730
5753
5769
5771
5745
5692
5550
5551
5474
5487
5464
5499
5402
5446
5481
5577
5559
5514
5463
5530
5609
5681
5560
5732
5682
5709
5610
5544
5661
5711
5814
5866
5961
5909
5861
5793
5755
5642
5717
5758
5746
5753
5676
5845
5840
5791
5839
5706
5716
5732
5834
5792
5715
5702
5768
5696
5720
5825
5886
5755
5698
5754
5849
5811
5727
5816
5763
5643
5796
5731
5767
5781
5838
5824
5892
5940
5952
6116
6054
6043
6006
5994
5983
6033
6153
6116
6112
6016
6032
6065
6181
6153
6210
6169
6169
6152
6280
6344
6292
6199
6139
6178
6171
6146
6198
6225
6331
6266
6324
6236
6101
5998
5905
5905
5830
5796
5912
5875
5861
5875
5814
5787
5734
5804
6010
5950
5862
5969
5929
5970
5896
5872
5750
5846
5800
5784
5695
5677
5709
5741
5739
5757
5817
5743
5615
5656
5626
5592
5537
5435
5360
5468
5448
5482
5490
5442
5500
5448
5435
5440
5404
5413
5337
5278
5149
5071
5119
5113
5081
5106
5138
5127
5064
4913
4893
4939
4910
4738
4618
4655
4548
4569
4528
4538
4574
4559
4583
4534
4500
4575
4568
4540
4667
4671
4616
4677
4679
4727
4737
4756
4727
4681
4779
4901
4914
4952
4945
4945
5010
5056
5237
5218
5130
5112
5068
5023
4967
4967
4984
4894
4992
5027
5002
5124
5080
5052
5142
5236
5291
5137
5200
5157
5179
5198
5149
5111
5051
4939
4916
4911
4984
4970
4845
4906
4832
4729
4727
4763
4769
4799
4912
4840
4675
4725
4655
4541
4633
4721
4641
4647
4683
4649
4711
4668
4745
4572
4661
4597
4532
4542
4520
4515
4513
4618
4594
4650
4664
4639
4647
4590
4466
4460
4486
4403
4394
4444
4479
4502
4420
4373
4359
4259
4268
4180
4325
4314
4339
4372
4423
4416
4391
4317
4309
4264
4335
4358
4515
4502
4431
4507
4528
4464
4412
4536
4604
4624
4524
4539
4536
4509
4519
4579
4422
4416
4427
4463
4399
4414
4394
4410
4527
4454
4480
4352
4256
4185
4226
4198
4178
4149
4169
4230
4166
4077
4220
4390
4538
4499
4481
4538
4532
4623
4586
4418
4461
4410
4455
4497
4471
4426
4503
4487
4439
4389
4317
4333
4279
4277
4282
4267
4373
4358
4219
4103
4204
4138
4127
4239
4321
4263
4283
4196
4246
4356
4306
4342
4292
4250
4257
4161
4198
4253
4183
4229
4240
4207
4309
4305
4264
4205
4227
4163
4265
4227
4429
4425
4633
4582
4664
4805
4889
5050
5034
4990
4991
5030
4995
4970
5021
5130
5054
5186
5207
5227
5276
5269
5303
5321
5372
5385
5407
5531
5478
5431
5539
5599
5410
5407
5341
5356
5319
5343
5334
5259
5213
5380
5301
5268
5266
5348
5284
5208
5198
5178
5197
5197
5219
5185
5194
5118
5113
5026
5011
5193
5130
5135
5267
5375
5340
5294
5286
5233
5243
5332
5409
5525
5435
5423
5470
5453
5443
5213
5431
5352
5388
5282
5337
5247
5103
5116
5162
5108
5212
5245
5255
5220
5209
5219
5300
5297
5298
5238
5281
5252
5290
5187
5138
5097
5134
5299
5157
5236
5333
5465
5541
5535
5372
5363
5460
5450
5485
5394
5444
5509
5487
5663
5601
5598
5545
5632
5691
5620
5486
5483
5501
5609
5661
5594
5600
5606
5666
5742
5693
5660
5591
5413
5434
5262
5295
5243
5310
5307
5291
5261
5192
5137
5256
5294
5229
5275
5130
5137
5168
5168
5133
5070
5237
5270
5217
5250
5194
5320
5468
5547
5529
5406
5354
5304
5353
5408
5392
5276
5343
5188
5235
5123
5151
5086
4926
4930
4957
4926
4945
4937
4936
4911
4982
5085
5133
5225
5317
5346
5384
5488
5574
5711
5731
5689
5779
5819
5880
5867
5851
5818
5786
5776
5733
5622
5568
5551
5570
5508
5567
5542
5527
5570
5655
5760
5854
5980
5966
5947
5982
5962
5903
5985
5996
5964
5972
5983
5960
6055
6138
6119
6083
6202
6199
6222
6324
6374
6317
6195
6106
6186
6234
6307
6244
6367
6297
6310
6259
6227
6148
6177
6324
6308
6250
6127
6110
6228
6216
6125
6022
6109
5953
5992
6053
6109
5964
5861
5929
5985
6074
6272
6065
6208
6201
6126
6156
6189
6060
6015
5926
6049
6033
6111
6041
5899
5791
5791
5803
5781
5814
5803
5781
5767
5750
5914
5841
5765
5740
5749
5928
5896
5882
5832
5925
5744
5619
5557
5462
5459
5479
5532
5359
5452
5548
5489
5361
5323
5232
5218
5186
5160
5205
5231
5286
5293
5210
5307
5382
5295
5404
5431
5410
5405
5214
5349
5381
5415
5338
5275
5389
5371
5307
5229
5143
5000
4926
5023
5051
5117
5137
5033
5075
5103
5080
5012
4961
4875
4763
4742
4792
4853
4934
4984
4993
5035
5017
5056
5100
5131
5137
5250
5307
5367
5380
5261
5239
5221
5045
5146
5219
5182
5108
5080
5117
4993
4948
4888
4812
4974
4878
4966
4942
4958
5071
5012
5113
5172
5266
5230
5113
5201
5213
5215
5164
5064
5080
5186
5124
5233
5232
5099
5131
5041
5013
4978
4967
4979
4927
4900
4830
4745
4737
4630
4678
4723
4744
4636
4599
4539
4490
4409
4515
4510
4480
4560
4546
4550
4658
4631
4824
4926
5010
4963
4827
4848
4810
4814
4835
4877
4933
4967
4847
4761
4933
4954
4949
4925
4896
5109
4961
4896
4787
4662
4606
4500
4503
4487
4495
4560
4609
4655
4776
4733
4855
4818
4889
4929
4872
4941
4853
4895
4875
4870
4813
4877
4836
4954
4980
5072
5071
5166
5159
5225
5100
5018
4971
4926
4857
4896
4951
4931
4893
4958
5088
5026
5062
5105
5213
5304
5318
5336
5382
5381
5311
5328
5365
5285
5313
5342
5310
5305
5331
5325
5256
5186
5135
5062
4882
4889
4905
5011
5012
5095
5091
5071
5031
4971
4862
4839
4826
4848
4748
4829
4791
4815
4841
4847
4837
4879
4931
4798
4808
4784
4879
4717
4825
4931
4895
4900
4968
4952
4970
5006
4944
5046
5091
5096
5134
5168
5082
5077
5096
5048
5121
5143
5213
5241
5086
5059
5084
5111
5134
5101
4947
4902
4976
4848
4714
4726
4739
4654
4745
4678
4682
4636
4647
4781
4784
4718
4760
4841
4848
4750
4791
4728
4808
4853
4852
4777
4754
4785
4904
4964
4951
4807
4791
4778
4883
4910
5016
4945
4968
5026
4975
4999
5086
5172
5183
5134
5105
5061
5005
4973
4955
5139
5136
5211
5258
5216
5112
5121
5161
5068
5015
5130
5196
5155
5170
5214
5387
5329
5382
5300
5272
5344
5272
5390
5382
5355
5337
5319
5201
5249
5323
5374
5411
5395
5340
5388
5415
5384
5408
5558
5660
5663
5652
5705
5734
5743
5733
5726
5752
5710
5711
5661
5660
5607
5629
5618
5550
5599
5542
5620
5625
5616
5578
5615
5669
5722
5663
5647
5734
5703
5762
5697
5627
5719
5606
5577
5503
5344
5279
5210
5237
5159
5122
5179
5136
5121
5199
5181
5143
5193
5187
5285
5195
5194
5178
5157
5096
5068
5209
5241
5256
5197
5085
5206
5212
5285
5206
5159
5041
5134
5184
5316
5266
5202
5185
5179
5156
5085
5058
5115
5124
5219
5201
5212
5114
5214
5084
4992
4957
5134
5167
5118
5128
5294
5279
5299
5180
5052
5049
5042
5113
5107
5119
5326
5346
5310
5186
5121
5175
5224
5313
5388
5477
5449
5551
5534
5495
5529
5400
5338
5204
5110
5114
5147
5144
5131
5072
4987
4961
4928
4877
4937
4814
4758
4639
4721
4765
4776
4645
4732
4691
4638
4718
4840
4887
5018
5008
5022
5053
5035
5030
5040
4935
4979
5045
5022
5026
4977
5138
5168
5056
4937
4889
4748
4745
4797
4917
5032
5046
5003
5043
4931
4968
5130
5079
5097
5246
5370
5447
5585
5826
5768
5806
5783
5818
5792
5620
5621
5505
5552
5593
5460
5436
5389
5433
5398
5422
5403
5581
5681
5583
5546
5608
5751
5803
5861
5731
5590
5661
5750
5741
5753
5791
5801
5904
5920
5877
5945
5992
6009
6011
5949
5978
6020
6005
5964
6034
6147
6209
6129
6112
6182
6194
6134
6232
6213
6346
6391
6255
6389
6342
6248
6235
6250
6291
6338
6300
6380
6275
6388
6308
6265
6234
6280
6218
6242
6205
6011
6001
6056
6143
6202
6158
