505000
199626
141747
111597
92488
79427
69966
62605
56679
51780
48012
44538
41262
39217
37089
35161
33398
31770
30424
29393
27916
26851
26058
25037
24215
23560
22794
22356
21641
20918
20258
19806
19127
18927
18510
18289
17834
17415
17017
16725
16381
15949
15598
15199
14816
14663
14587
14345
14244
14007
13839
13784
13600
13256
13188
13119
12759
12658
12338
12331
12245
12148
12094
11990
11806
11712
11579
11378
11517
11437
11277
11235
11092
10789
10678
10534
10359
10368
10326
10046
9897
9877
9735
9717
9675
9662
9628
9748
9794
9569
9364
9542
9542
9592
9561
9616
9617
9507
9332
9140
9035
8828
8670
8619
8580
8516
8432
8371
8244
8197
8044
8001
7934
8018
8066
7967
7847
7843
7749
7777
7824
7801
7697
7660
7575
7629
7780
7800
7796
7789
7704
7582
7560
7466
7406
7221
7247
7186
7135
7121
7234
7261
7148
7143
6987
6904
6893
6834
6832
6774
6834
6597
6729
6744
6755
6876
6826
6735
6719
6629
6667
6683
6720
6609
6604
6574
6541
6525
6500
6479
6480
6550
6564
6554
6568
6554
6480
6479
6629
6560
6556
6585
6490
6517
6426
6430
6494
6627
6639
6743
6773
6788
6786
6858
6740
6836
6838
6991
6920
6848
6770
6687
6454
6527
6646
6712
6513
6526
6354
6362
6376
6260
6317
6306
6192
6244
6357
6240
6158
5975
6026
6106
6075
6284
6460
6407
6362
6358
6380
6482
6562
6628
6751
6624
6741
6750
6690
6672
6595
6491
6518
6731
6706
6669
6823
6885
6804
6745
6826
6752
6702
6605
6677
6649
6713
6663
6662
6763
6779
6752
6746
6741
6717
6746
6729
6666
6702
6663
6693
6799
6679
6718
6663
6747
6752
6826
6888
6803
6834
6855
6745
6877
6876
6931
6876
6925
6837
6946
6984
7094
7152
6991
6926
6903
6747
6702
6633
6726
6649
6584
6684
6713
6708
6775
6807
6837
6767
6800
6878
6779
6782
6840
6737
6692
6583
6614
6576
6493
6561
6604
6692
6743
6660
6548
6476
6524
6543
6569
6391
6260
6341
6423
6355
6369
6354
6394
6347
6364
6431
6534
6512
6558
6538
6474
6535
6465
6450
6473
6400
6381
6254
6198
6191
6150
6211
6254
6263
6283
6266
6163
6204
6242
6479
6582
6721
6854
6812
6755
6678
6802
6817
6673
6710
6723
6562
6632
6635
6618
6633
6821
6797
6879
6884
6996
6970
6956
7009
6920
7039
6954
7073
7095
7286
7284
7346
7288
7378
7476
7483
7453
7358
7283
7298
7311
7201
7148
6915
6854
6925
6906
6818
6735
6771
6714
6673
6702
6812
6811
6870
6872
6856
6991
7113
7186
7086
7185
7061
6969
6987
7073
7008
7096
7088
7137
7209
7205
7089
7035
7045
7188
7168
7014
6948
7040
7132
7042
7107
7040
7038
7013
6818
6719
6637
6608
6630
6573
6488
6405
6362
6322
6245
6165
6103
6141
6102
6077
6021
6116
6039
6019
5915
5775
5718
5531
5378
5414
5316
5211
5054
5084
5017
5048
5020
4950
4952
4866
4845
4846
4876
4906
5055
5057
5166
5158
5094
5029
5022
4935
4973
4966
4974
5059
5057
5103
5135
5078
5127
5174
5242
5179
5219
5329
5341
5339
5314
5370
5487
5610
5665
5693
5686
5713
5680
5723
5615
5586
5691
5604
5610
5585
5530
5612
5520
5511
5562
5554
5658
5600
5591
5614
5610
5604
5584
5453
5397
5350
5368
5396
5501
5476
5528
5472
5516
5436
5585
5433
5286
5298
5284
5229
5309
5293
5228
5235
5385
5347
5443
5372
5440
5527
5329
5257
5177
5113
5167
5204
5254
5158
5103
5259
5342
5462
5618
5689
5665
5708
5729
5621
5728
5635
5556
5485
5435
5422
5376
5397
5510
5588
5549
5573
5617
5521
5511
5390
5429
5477
5464
5516
5433
5350
5282
5378
5306
5290
5338
5306
5333
5366
5383
5426
5518
5543
5560
5696
5749
5719
5746
5916
5943
6022
6109
6072
6083
5999
6067
6158
6307
6379
6367
6392
6412
6432
6457
6217
6185
5992
5985
6125
6047
5988
5910
5838
5826
5810
5704
5668
5591
5591
5583
5513
5462
5478
5319
5316
5422
5409
5387
5491
5683
5598
5621
5587
5705
5631
5651
5672
5645
5681
5781
5786
5698
5599
5715
5690
5664
5650
5678
5720
5703
5647
5616
5608
5576
5475
5509
5489
5640
5670
5682
5796
5875
5794
5817
5757
5812
5830
5787
5726
5762
5621
5648
5732
5767
5844
5907
5929
6045
6190
6258
6234
6156
6260
6167
6104
6139
6041
6124
5961
5933
5829
5895
5924
5941
5980
6045
6169
6157
6271
6385
6371
6325
6330
6233
6178
6164
6205
6269
6279
6126
6061
6149
6187
6203
6290
6318
6355
6224
6197
6226
6226
6157
6209
6164
6180
6128
6073
6067
6045
5934
5941
5936
5905
5795
5684
5596
5687
5841
5906
5883
5792
5792
5796
5761
5756
5843
5851
5802
5666
5717
5698
5638
5621
5553
5680
5716
5656
5649
5646
5648
5684
5779
5703
5687
5626
5704
5547
5599
5515
5404
5396
5420
5422
5403
5419
5354
5213
5160
5291
5333
5414
5386
5180
5102
5078
5050
5071
5071
5057
5038
5100
5057
4973
5097
5111
5226
5082
5110
5097
5143
5129
5179
5241
5329
5340
5380
5328
5336
5384
5491
5497
5520
5616
5650
5677
5605
5662
5583
5589
5596
5596
5757
5801
5723
5761
5709
5529
5662
5762
5903
5838
5905
5885
5880
5894
5967
5893
6042
6144
6102
6156
6223
6277
6307
6238
6275
6319
6492
6502
6442
6467
6306
6414
6320
6357
6416
6406
6512
6554
6434
6434
6292
6191
6116
6040
6037
5949
5904
6063
6015
6024
6000
6039
6116
6032
6061
6117
5997
5959
6011
6011
5933
6027
6087
6067
6059
6054
6042
6038
5974
6004
6040
5954
5911
5915
5995
5917
5902
5916
5896
5877
5985
6118
6121
6042
6064
5971
6087
5897
5919
5839
5715
5728
5757
5625
5601
5524
5624
5784
5809
5883
5993
6088
6017
6011
5996
6067
6083
6102
6115
6061
6064
6063
6104
6039
5967
6045
6194
6107
6131
6076
6003
6108
5904
6008
5887
5868
5855
5749
5653
5614
5683
5661
5622
5709
5638
5713
5738
5768
5768
5711
5657
5641
5669
5627
5513
5498
5524
5689
5633
5606
5686
5570
5451
5487
5519
5488
5274
5259
5324
5376
5436
5354
5281
5266
5290
5235
5266
5299
5304
5357
5260
5227
5284
5476
5400
5361
5409
5512
5547
5609
5527
5562
5654
5501
5516
5521
5453
5576
5607
5518
5656
5672
5580
5518
5515
5492
5430
5386
5580
5627
5600
5581
5493
5553
5472
5535
5521
5471
5485
5431
5408
5326
5322
5334
5299
5215
5407
5368
5459
5432
5386
5393
5426
5380
5376
5306
5309
5381
5344
5424
5533
5533
5657
5748
5751
5826
5735
5820
5842
5889
5801
5770
5852
5813
5765
5813
5762
5623
5671
5742
5724
5767
5593
5557
5415
5413
5436
5350
5391
5434
5502
5391
5343
5315
5367
5490
5514
5541
5633
5635
5560
5584
5664
5560
5579
5622
5706
5833
5937
5775
5742
5810
5778
5776
5841
5846
5804
5731
5656
5624
5707
5804
5896
5910
5957
5913
5939
6041
6108
6093
6112
6170
6165
6122
6181
6164
6213
6316
6190
6125
6266
6314
6262
6222
6053
6210
6294
6268
6301
6205
6279
6239
6226
6270
6181
6141
6097
6136
6035
6116
6198
6114
6123
5969
5977
6017
5966
6027
5942
6054
6042
6169
6323
6355
6369
6370
6286
6314
6164
6306
6312
6223
5900
5762
5699
5640
5675
5723
5782
5872
5854
5740
5708
5754
5727
5799
5705
5640
5701
5645
5545
5539
5556
5504
5403
5365
5352
5468
5529
5555
5541
5480
5505
5594
5627
5585
5724
5744
5836
5899
5923
5989
6042
5992
5975
5896
5830
5900
5881
5870
5853
5823
6025
6025
5912
5835
5841
5873
5918
5842
5812
5814
5767
5803
5850
5938
5952
5974
6018
6105
6210
6184
6166
6015
5980
5986
5991
6040
5986
5739
5760
5725
5625
5579
5638
5656
5723
5839
5927
5792
5898
6023
6003
6041
6008
6094
6193
6296
6097
6028
6021
6046
5928
5899
5885
5839
5984
5894
5782
5689
5697
5639
5652
5689
5718
5821
5796
5664
5783
5664
5800
5818
5906
5945
5919
5780
5797
5909
5884
5917
5885
5908
5932
6062
6031
6005
5914
5919
5900
5918
5918
5851
5849
5967
5891
6015
5971
6017
6005
6101
6244
6230
6116
6166
6173
6213
6139
6261
6210
6299
6182
6003
5973
5853
5703
5808
5838
5874
5862
5889
5960
5929
5762
5698
5691
5691
5714
5674
5645
5595
5525
5584
5534
5514
5461
5393
5480
5420
5476
5527
5465
5483
5483
5491
5489
5508
5421
5313
5292
5332
5305
5274
5268
5258
5139
5150
5246
5188
5200
5317
5410
5407
5384
5490
5531
5516
5354
5325
5452
5426
5428
5434
5452
5433
5422
5351
5241
5117
5105
5060
5142
5251
5196
5181
5269
5203
5190
5169
5101
5117
5142
5093
5176
5296
5316
5264
5356
5413
5349
5356
5225
5269
5377
5462
5301
5453
5435
5370
5411
5508
5598
5636
5660
5673
5582
5616
5523
5551
5513
5645
5557
5566
5493
5507
5514
5516
5552
5553
5562
5564
5556
5517
5429
5453
5383
5396
5396
5314
5219
5150
5156
5251
5238
5196
5206
5241
5213
5250
5249
5317
5304
5140
5233
5331
5300
5303
5309
5311
5248
5332
5295
5288
5399
5470
5531
5644
5743
5815
5891
5758
5841
5672
5710
5644
5672
5735
5747
5790
5862
5770
5820
5835
5885
5861
5843
5840
5695
5765
5809
5891
5882
5894
5837
5992
5999
5997
6135
6104
6081
6139
6046
5946
5889
5865
5969
5853
5881
5847
5927
5853
5887
5925
5860
5990
5861
5949
6016
6042
6097
6140
6056
6033
6082
6101
5998
6118
6147
6289
6340
6460
6446
6383
6315
6190
6127
6111
6212
6079
6075
5973
6017
5928
5982
5964
5814
5848
5861
5818
5975
5986
5999
5939
5870
5928
5895
5870
5946
6095
6024
6025
5941
5954
5858
5863
5904
6070
5949
5863
5881
5921
5968
6008
5923
5844
5839
5981
5976
5963
5875
5909
5852
5834
5833
5722
5717
5852
5898
5880
5864
5890
5925
5833
5733
5678
5501
5438
5390
5438
5434
5482
5457
5559
5544
5596
5573
5613
5697
5854
5876
5732
5653
5653
5576
5576
5558
5591
5620
5712
5833
5917
5799
5818
5913
5992
5987
6094
6086
6015
6175
6237
6144
6205
6157
6277
6300
6243
6078
6215
6281
6096
6133
6024
6050
5999
6144
6199
6205
6250
6250
6369
6459
6446
6261
6298
6441
6275
6373
6337
6392
6450
6370
6343
6265
6323
6308
6334
6339
6254
6181
6210
6253
6124
6023
5994
5926
6070
6209
6215
6211
6203
6096
6012
5917
6011
6106
6003
5895
5885
5710
5769
5909
5910
5873
5883
5980
6043
6067
6114
6053
5939
6112
6149
6140
6147
5997
5918
5890
5864
5750
5798
5878
5839
5735
5641
5752
5818
5749
5629
5537
5477
5552
5565
5552
5380
5391
5468
5576
5631
5619
5575
5606
5663
5685
5675
5663
5646
5671
5752
5867
5860
5910
5871
5820
5891
5939
6048
6193
6299
6350
6322
6157
6254
6300
6312
6283
6269
6293
6295
6122
6089
6052
6088
5984
6048
6038
6082
6224
6260
6106
5979
5900
5715
5789
5808
5835
5822
5767
5947
6068
6110
6071
6053
6093
6128
6132
6023
5950
5836
5972
6051
5964
5977
6029
5978
5894
6029
5899
5889
5905
6047
5985
6056
5971
6070
6145
6194
6187
6222
6160
6051
6106
6051
6168
6131
6100
5930
5761
5816
5703
5789
6021
6005
5943
5978
5963
5918
6024
6096
6061
6036
5986
6109
6187
6311
6430
6488
6390
6523
6562
6381
6419
6430
6425
6579
6414
6344
6285
6349
6391
6302
6234
6275
6339
6255
6132
6171
6290
6300
6255
6254
6256
6245
6272
6382
6375
6294
6406
6401
6417
6463
6413
6497
6357
6285
6295
6274
6247
6231
6223
6291
6204
6297
6233
6216
6277
6205
6173
6182
6169
6266
6222
6162
6203
6111
6115
6140
6142
6213
6289
6202
6107
6205
6200
6136
6161
5928
5792
5772
5741
5643
5672
5580
5712
5838
5722
5667
5616
5592
5604
5673
5708
5653
5647
5607
5582
5663
5518
5547
5494
5529
5503
5402
5500
5530
5478
5540
5480
5580
5572
5517
5521
5371
5401
5340
5375
5350
5278
5268
5270
5370
5411
5564
5494
5457
5431
5389
5322
5238
5238
5120
5043
5063
5091
5083
5135
5118
5122
5094
5101
5187
5322
5340
5334
5255
5251
5205
5227
5104
4971
5021
4959
4911
4867
4919
5035
5021
4923
4848
4702
4708
4658
4720
4746
4637
4617
4504
4419
4460
4482
4581
4634
4705
4641
4644
4642
4465
4479
4454
4475
4417
4436
4441
4401
4443
4593
4694
4743
4740
4760
4708
4753
4742
4650
4740
4861
4923
4897
4868
4866
4767
4638
4733
4682
4538
4529
4516
4525
4610
4505
4382
4368
4437
4437
4410
4410
4316
4239
4227
4304
4188
4175
4322
4326
4263
4311
4371
4348
4346
4289
4236
4246
4144
4186
4193
4202
4192
4240
4084
4146
4109
4104
4142
4103
4081
4048
4055
3996
4029
4113
4029
3993
4067
4065
4118
4176
4176
4045
3962
3925
3972
3959
3984
4034
4053
4009
4053
4129
4095
4124
4095
4221
4335
4361
4222
4123
4170
4160
4122
4252
4273
4257
4221
4111
4134
4132
4204
4188
4076
4012
4030
4043
3896
3933
4006
4018
4018
3998
4037
4038
3993
3919
3959
4029
4031
4017
4060
4023
4092
4165
4101
4140
4109
4159
4149
4125
3989
4011
3927
4024
4058
3978
3957
4064
4095
3934
3953
4061
3937
3866
3904
3889
3903
3855
3997
4105
4194
4147
4148
4164
4175
4242
4265
4262
4231
4182
4157
4185
4021
4091
4108
4164
4151
4076
4040
3987
3951
3954
3961
4024
3988
4104
4094
4113
4162
4150
4116
4075
4014
3992
3961
3975
3954
4141
4090
4242
4282
4236
4177
4225
4210
4232
4300
4393
4241
4335
4351
4242
4285
4321
4363
4408
4489
4517
4389
4433
4348
4350
4457
4333
4438
4369
4300
4298
4281
4274
4179
4275
4243
4281
4350
4293
4293
4281
4449
4474
4624
4690
4602
4747
4852
4753
4648
4693
4756
4720
4662
4684
4633
4721
4727
4748
4733
4688
4684
4603
4755
4790
4775
4807
4804
4751
4765
4767
4772
4802
4913
4849
4694
4564
4543
4642
4650
4617
4622
4585
4707
4568
4651
4514
4476
4480
4308
4347
4402
4528
4555
4612
4508
4478
4405
4360
4352
4275
4296
4215
4180
4254
4270
4138
4218
4297
4305
4372
4360
4369
4419
4377
4478
4581
4504
4451
4477
4597
4686
4735
4673
4815
4755
4769
4752
4825
4822
4847
4901
4967
4915
4841
4792
4691
4777
4778
4782
4694
4746
4733
4767
4736
4676
4581
4561
4511
4633
4595
4740
4724
4731
4736
4892
4907
4911
4810
4874
4876
4855
4853
4795
4882
4975
5017
4930
4997
4976
4960
4920
4885
5044
4997
5135
5115
5107
5128
5146
5146
5108
5097
5150
5247
5277
5253
5240
5259
5252
5235
5249
5116
5078
5020
5084
5086
5029
5137
5102
5160
5155
5126
5094
4986
4962
4994
5122
5169
5174
5073
5195
5194
5198
5131
5082
5032
5030
4991
5015
5066
5066
5005
4976
4893
4804
4680
4689
4610
4666
4820
4899
4889
4867
4881
4922
4888
4853
4852
4860
4953
4950
4822
4766
4840
4840
4786
4787
4786
4734
4676
4771
4972
4906
5070
5222
5256
5282
5258
5258
5258
5192
5144
5195
5148
5090
5131
5071
5060
5144
5229
5186
5150
5131
5121
5089
5077
5045
4993
5017
4830
4792
4772
4908
5019
5075
5074
5038
5119
5068
5030
4948
4964
4894
4903
4847
4945
4941
5006
4963
4819
4869
4903
4906
5054
5054
5145
5077
4939
4924
5004
4962
4992
5014
5068
5083
4954
4894
4814
4820
4792
4795
4922
4844
4876
4809
4850
4905
5041
5097
5007
5006
4912
4911
4917
4876
4781
4711
4686
4843
4856
4999
4999
4995
4956
5065
5084
5163
5315
5373
5401
5277
5282
5249
5137
5084
5195
5321
5317
5180
5255
5264
5260
5169
5091
5100
5188
5114
5092
5059
4973
4829
4738
4780
4775
4797
4887
4772
4851
5030
5013
5029
4938
4951
5045
5018
5099
4962
5006
5005
4919
4955
5032
4981
5017
5078
5093
5075
5034
5056
5011
5112
5044
5065
5091
5141
5106
5126
5099
5258
5196
5208
5239
5325
5302
5408
5343
5281
5162
5134
5103
5114
5200
5282
5277
5211
5176
5057
5021
4971
4920
4989
4954
4993
4998
4995
4874
4904
4847
4768
4810
4775
4809
4846
4872
4826
4892
4878
4803
4825
4902
4845
4821
4727
4724
4641
4591
4524
4495
4494
4466
4517
4624
4605
4574
4562
4567
4642
4759
4661
4744
4737
4780
4775
4717
4671
4637
4651
4690
4730
4715
4763
4715
4746
4798
4870
4739
4746
4678
4731
4669
4690
4683
4666
4760
4805
4929
5004
5065
5099
5147
5069
5095
5091
5041
5117
5175
5167
5205
5293
5412
5501
5558
5650
5725
5691
5727
5677
5651
5632
5636
5545
5462
5362
5331
5420
5512
5383
5486
5455
5639
5698
5797
5831
5725
5708
5739
5726
5746
5738
5769
5774
5741
5742
5763
5730
5676
5764
5841
5941
5917
5864
5903
5943
5963
5978
5981
6088
5940
5862
5931
5969
5879
5849
5976
5955
5988
5925
5862
5816
5679
5560
5506
5477
5412
5414
5308
5335
5263
5278
5353
5415
5507
5501
5574
5600
5593
5617
5665
5616
5566
5656
5705
5641
5657
5678
5646
5655
5641
5700
5785
5688
5696
5702
5783
5722
5701
5615
5542
5573
5600
5714
5691
5635
5573
5637
5661
5794
5778
5768
5685
5716
5713
5640
5725
5741
5753
5810
5898
6001
6071
6073
6154
6166
6222
6287
6183
6265
6285
6231
6135
6292
6427
6278
6375
6514
6477
6515
6479
6476
6449
6405
6303
6231
6327
6489
6398
6384
6408
6361
6239
6353
6335
6245
6302
6366
6370
6267
6210
6224
6062
6211
6252
6131
6014
6079
6049
6092
6064
5880
5864
5902
5894
5873
5828
5868
5869
5874
5800
5725
5754
5646
5687
5791
5723
5691
5787
5923
5859
5843
5874
5907
6008
5973
5965
5924
5953
5964
6105
6071
5959
5822
5625
5544
5568
5634
5718
5752
5882
5896
5963
5926
5931
6007
5894
5969
6042
5989
6057
6082
5979
6012
6058
6015
6082
6073
6092
5990
5991
5899
5838
5778
5786
5683
5697
5626
5798
5687
5793
5658
5719
5688
5670
5739
5816
5910
6089
6020
5927
6073
6261
6212
6121
6068
5952
5928
5848
5984
5874
6009
6109
6117
6176
6110
6070
6129
6105
6047
6119
6039
6120
6191
6109
6122
6047
6050
5976
5969
5877
5864
5749
5626
5613
5721
5790
5666
5593
5657
5648
5769
5762
5787
5822
5749
5728
5788
5753
5885
5989
6021
5976
5985
6088
6068
5986
5979
5972
5996
6016
6151
6238
6460
6514
6364
6350
6315
6389
6295
6340
6211
6227
6115
6105
5903
5883
5970
6085
6033
6033
5990
5944
5921
6033
6065
6191
6217
6310
6287
6436
6521
6539
6439
6517
6538
6478
6537
6410
6524
6547
6372
6385
6408
6467
6496
6557
6567
6489
6458
6559
6596
6507
6601
6633
6665
6650
6707
6506
6494
6577
6640
6650
6668
6502
6530
6698
6523
6532
6650
6659
6693
6666
6691
6768
6807
6763
6847
6793
6870
6747
6702
6793
6843
6779
6694
6643
6533
6538
6565
6491
6387
6324
6246
6241
6319
6268
6277
6244
6261
6217
6108
6107
6152
6110
6052
6118
6259
6210
6252
6238
6162
5985
6021
6009
6075
5906
5813
5916
6020
5952
5972
6046
6062
6036
6080
5948
5907
5875
5865
5955
5949
6048
6127
6169
6138
6184
6188
6232
6217
6329
6209
6146
6008
5982
5965
5952
5993
6065
6106
6348
6371
6493
6584
6595
6508
6549
6497
6497
6388
6373
6357
6350
6347
6359
6284
6361
6395
6372
6426
6438
6213
6237
6296
6333
6346
6346
6253
6332
6484
6330
6283
6269
6178
6321
6351
6274
6242
6163
6250
6290
6356
6379
6237
6099
5954
5845
5746
5765
5817
5848
5874
5975
5996
5987
5966
5875
5871
5995
5963
5903
5866
6061
6029
6059
6053
6034
5960
6050
6127
6159
6172
6045
6175
6166
6150
6160
6116
6103
6100
6069
6021
6015
6009
6000
6091
6048
5981
5995
5976
5989
5975
5932
5960
5945
5958
5878
5772
5682
5626
5629
5623
5750
5751
5755
5859
5956
5907
5851
5875
5946
5990
6051
6160
6137
6139
6014
5940
5924
5909
5949
5908
5881
5746
5756
5774
5796
5659
5431
5464
5464
5437
5556
5579
5504
5449
5453
5408
5441
5434
5389
5491
5547
5505
5580
5519
5548
5549
5518
5628
5536
5489
5455
5492
5410
5387
5396
5362
5394
5408
5368
5340
5306
5362
5429
5453
5382
5411
5548
5570
5496
5394
5485
5675
5744
5645
5809
5735
5818
5724
5820
5731
5745
5821
5736
5825
5774
5799
5851
5896
6018
5965
5989
5955
6011
6043
6074
6006
6010
6068
6093
6173
6275
6278
6183
6281
6332
6253
6191
6210
6261
6208
6084
5977
6035
6066
5991
5999
6013
6144
6070
6164
6178
6218
6266
6203
6153
6180
6167
6188
6081
5894
5907
5746
5734
5797
5786
5719
5673
5590
5635
5593
5707
5590
5502
5590
5620
5553
5484
5472
5428
5490
5517
5537
5497
5488
5456
5594
5454
5470
5429
5525
5518
5602
5712
5795
5813
5923
5883
5816
5873
5894
5804
5822
5753
5796
5740
5740
5729
5686
5798
5692
5755
5687
5757
5686
5586
5709
5690
5744
5931
6009
5872
5906
5962
6080
6096
6084
6091
6063
6072
5872
5845
5873
5767
5695
5691
5630
5518
5487
5528
5477
5592
5618
5595
5605
5609
5499
5541
5461
5432
5489
5486
5389
5417
5619
5624
5549
5515
5492
5431
5474
5438
5456
5453
5382
5356
5456
5389
5432
5335
5304
5401
5412
5515
5450
5450
5624
5532
5482
5528
5441
5463
5574
5587
5600
5637
5679
5803
5814
5634
5662
5678
5806
5686
5538
5488
5476
5470
5592
5713
5848
5861
5868
5989
5969
5966
6043
6069
6041
6024
6025
5973
5982
6025
5895
5902
5908
5949
5975
6080
6039
6039
6039
5924
5928
5882
6003
6100
6100
6097
6034
5947
5988
6040
5935
5906
5877
5794
5835
5919
5887
5911
5958
5898
6019
6073
6005
6076
6246
6268
6457
6418
6364
6474
6343
6324
6256
6364
6431
6412
6369
6374
6312
6283
6296
6345
6364
6363
6262
6258
6304
6316
6191
6123
6077
6005
6063
6092
6086
6141
6083
6113
5979
5937
5929
6073
6054
6118
6190
6166
5996
5986
6104
6182
6154
6255
6211
6161
6227
6129
6149
6172
6125
6103
6099
5861
5854
5834
5775
5725
5691
5745
5866
5871
5791
5795
5738
5659
5589
5679
5652
5627
5734
5601
5646
5546
5435
5559
5535
5527
5507
5574
5524
5527
5431
5346
5238
5197
5310
5169
5198
5190
5161
5026
4992
4974
5102
5084
5085
5058
5012
5058
5136
5120
5102
5142
5153
5138
5198
5024
5019
5117
5230
5200
5232
5231
5257
5248
5264
5196
5250
5299
5321
5202
5189
5207
5130
4992
4984
5046
5172
5206
5166
5254
5122
5039
4980
5100
5031
4986
4844
4725
4607
4595
4705
4724
4616
4619
4675
4712
4761
4615
4780
4815
4771
4674
4727
4762
4688
4692
4788
4780
4799
4734
4753
4824
4810
4805
4737
4611
4564
4588
4669
4645
4638
4614
4628
4704
4681
4637
4544
4627
4710
4780
4748
4760
4748
4744
4851
4804
4894
4869
4826
4717
4617
4666
4652
4731
4753
4794
4792
4830
4870
4962
4902
4980
4946
4940
4931
4920
4854
4917
4978
4842
4784
4772
4720
4691
4640
4688
4751
4729
4736
4733
4726
4549
4442
4445
4557
4583
4563
4583
4487
4507
4463
4442
4434
4542
4536
4490
4472
4570
4599
4533
4767
4821
4897
4866
4781
4771
4671
4679
4779
4701
4795
4854
4940
4817
4761
4704
4607
4584
4616
4674
4705
4692
4611
4674
4777
5009
5017
5003
5009
4908
4988
4920
4965
5039
4934
4958
5010
5144
5202
5310
5274
5232
5296
5350
5286
5337
5352
5391
5376
5377
5471
5340
5365
5374
5312
5386
5386
5298
5318
5363
5216
5354
5393
5413
5323
5412
5527
5489
5662
5710
5728
5732
5756
5657
5659
5787
5729
5792
5661
5662
5668
5627
5642
5711
5731
5661
5725
5621
5569
5619
5531
5647
5655
5596
5545
5598
5684
5755
5761
5853
5813
5851
5791
5778
5826
5912
6033
6042
5966
5986
6010
6156
6165
6237
6157
6178
6210
6273
6343
6360
6519
6435
6509
6442
6242
6299
6268
6177
6048
6010
6014
5985
5861
5904
5703
5711
5834
5762
5685
5661
5749
5729
5676
5701
5664
5758
5613
5631
5621
5718
5683
5660
5610
5693
5678
5822
5800
5730
5777
5754
5658
5677
5726
5737
5762
5801
5646
5601
5611
5523
5484
5509
5523
5476
5365
5378
5411
5468
5439
5243
5289
5231
5201
5165
5148
5160
5230
5102
5145
5083
5189
5127
5186
5280
5231
5300
5273
5229
5198
5144
5144
5259
5294
5323
5304
5235
5284
5118
5135
5163
5149
5170
5086
5070
5132
5063
4970
5019
5113
5120
5171
5099
5167
5185
5188
5183
5057
4978
5031
4961
5017
4978
4978
4959
5084
5123
5082
5057
5068
5077
5094
5066
5161
5207
5203
5222
5220
5153
5189
5083
5114
5092
5061
5049
5149
5186
5173
5297
5407
5387
5376
5508
5388
5461
5409
5430
5396
5415
5525
5653
5654
5687
5662
5548
5607
5674
5642
5616
5614
5645
5733
5727
5732
5765
5836
5907
5963
5920
5932
5862
5793
5767
5661
5641
5668
5783
5705
5681
5739
5794
5858
5945
6022
5909
5961
5948
6062
5952
6062
5997
6051
6075
6051
5951
5798
5800
5812
5773
5874
5949
5910
5820
5822
5729
5758
5816
5683
5749
5580
5644
5522
5480
5531
5636
5716
5785
5824
5841
5880
5929
5987
6087
5974
5995
6040
5997
6003
6045
6033
6032
6000
5976
5928
6081
5939
5900
5890
5952
5998
6035
6091
6094
6322
6342
6387
6462
6448
6494
6437
6475
6389
6345
6217
6052
6009
6175
6165
6183
6308
6285
6290
6173
6363
6328
6241
6084
5951
5818
5787
5783
5665
5650
5646
5695
5871
5928
5964
5967
5933
5834
5913
6002
5951
5820
5734
5675
5664
5607
5729
5785
5763
5633
5642
5620
5622
5590
5606
5704
5674
5645
5622
5563
5562
5670
5668
5613
5682
5705
5669
5645
5579
5677
5705
5730
5632
5616
5677
5741
5684
5701
5644
5565
5710
5640
5623
5680
5734
5722
5663
5755
5812
5754
5886
5884
5759
5763
5703
5734
5614
5627
5621
5652
5453
5594
5706
5707
5661
5526
5473
5369
5255
5292
5227
5214
5426
5460
5361
5204
5211
5219
5277
5279
5312
5299
5346
5330
5472
5539
5436
5574
5769
5765
5716
5740
5684
5823
5795
5781
5669
5541
5519
5542
5472
5455
5559
5513
5426
5422
5534
5653
5643
5507
5350
5428
5364
5401
5445
5479
5513
5440
5517
5552
5561
5617
5689
5625
5647
5718
5720
5679
5829
5736
5633
5583
5540
5552
5725
5777
5733
5776
5840
6003
6018
5976
5978
5976
5965
5946
5943
5997
6006
5928
6005
6039
6193
6158
6180
6304
6361
6286
6295
6318
6356
6475
6480
6430
6477
6388
6356
6400
6295
6360
6540
6450
6471
6481
6545
6496
6475
6509
6692
6719
6733
6681
6649
6684
6727
6675
6573
6502
6538
6611
6649
6564
6678
6593
6589
6627
6595
6495
6477
6459
6533
6513
6290
6293
6154
6028
6114
6162
6212
6167
6136
6109
6139
6164
6405
6355
6370
6334
6299
6290
6168
6256
6194
6174
6244
6255
6251
6221
6111
6069
6089
6194
6209
6300
6328
6141
6019
6152
6220
6241
6121
6161
6091
6030
6041
6187
6082
6152
6077
6137
6052
6339
6397
6481
6444
6449
6524
6480
6481
6404
6445
6542
6606
6567
6524
6593
6679
6559
6572
6603
6547
6494
6452
6493
6467
6464
6452
6471
6430
6480
6479
6552
6396
6191
6161
6007
5942
5881
5990
6029
6075
6098
6042
6092
6113
6202
6169
6148
5995
6084
5979
5907
5979
5967
5955
6010
6056
6006
6038
6088
6182
6160
6051
6081
6098
5993
6041
6044
6037
6224
6335
6304
6261
6261
6182
6189
6181
6127
6201
6170
6140
6159
6215
6275
6310
6226
6176
6221
6187
6253
6329
6214
6190
6121
6094
6039
6201
6054
6075
6023
6050
6040
5828
5794
5723
5711
5575
5546
5497
5468
5594
5716
5839
5880
5971
6019
5922
5928
5979
6008
5942
5966
5814
5923
5976
6211
6265
6322
6139
6026
6055
5948
5985
6074
6043
5915
5889
5939
5894
5880
5580
5716
5818
5924
5838
5751
5736
5819
5777
5809
5908
5909
6062
5977
5967
5943
5980
5996
6078
6014
5921
5835
5848
5796
5667
5557
5434
5447
5466
5475
5464
5430
5441
5429
5461
5465
5347
5511
5641
5584
5595
5560
5606
5574
5528
5541
5593
5663
5780
5886
5980
6005
5983
6085
6037
6126
5992
6027
6008
5938
6050
6115
6220
6241
6256
6113
5961
5918
5931
5880
5860
6004
5992
6017
6082
6087
6028
5979
5999
5993
5781
5654
5556
5623
5727
5654
5670
5576
5533
5464
5556
5451
5349
5382
5305
5374
5433
5481
5519
5602
5557
5608
5531
5378
5352
5387
5324
5234
5202
5303
5191
5175
5305
5276
5210
5273
5240
5195
5103
5202
5204
5207
5114
5110
5028
5011
4890
4766
4749
4634
4643
4634
4609
4685
4687
4700
4814
4823
4780
4736
4662
4738
4714
4565
4529
4613
4556
4528
4537
4564
4580
4574
4572
4538
4542
4531
4447
4517
4560
4488
4456
4397
4359
4360
4347
4348
4393
4383
4431
4355
4220
4303
4390
4549
4529
4486
4511
4572
4633
4679
4733
4653
4708
4736
4686
4648
4630
4566
4630
4621
4568
4486
4632
4605
4636
4737
4692
4808
4786
4872
4992
4937
4947
4996
5025
5039
4931
4873
4878
4872
4918
5000
4960
5009
5059
5091
5172
5224
5260
5067
5051
5038
4951
4879
4900
4937
4853
4827
4817
4778
4831
4777
4803
4658
4623
4635
4582
4552
4442
4529
4520
4521
4609
4687
4778
4718
4727
4670
4778
4762
4904
4975
5016
5004
4985
5039
5116
5145
5133
5134
4977
5181
5144
5169
5241
5310
5289
5227
5298
5329
5334
5359
5375
5410
5339
5326
5470
5643
5634
5652
5682
5690
5556
5549
5603
5690
5722
5705
5811
5855
5893
5864
5706
5588
5684
5665
5606
5576
5574
5590
5454
5398
5432
5466
5584
5572
5618
5648
5604
5537
5596
5589
5672
5659
