505000
200642
141797
111469
92561
79554
70042
62735
56585
52064
47918
44353
41815
39103
37130
35108
33305
31663
30510
29414
27960
26853
26065
25048
24529
23638
22724
21954
21321
20665
20305
19626
19131
18893
18532
18193
17904
17541
17189
16908
16771
16515
16137
15844
15448
15156
14779
14492
14189
13877
13729
13702
13553
13330
13181
13125
12935
12724
12585
12389
12256
12211
11965
11885
11697
11556
11316
11313
11025
10967
10751
10759
10792
10555
10330
10290
10090
9934
9943
9955
9934
9738
9814
9707
9654
9643
9680
9603
9423
9430
9469
9428
9412
9440
9206
9168
9278
9189
9172
9105
8997
9037
8978
9039
8909
8937
8907
8755
8622
8633
8474
8553
8496
8510
8485
8378
8162
8072
8043
8087
8007
7830
7865
7832
7711
7661
7741
7712
7761
7670
7539
7497
7348
7258
7414
7405
7290
7325
7376
7397
7380
7526
7543
7593
7451
7431
7329
7533
7344
7309
7381
7324
7344
7355
7359
7340
7337
7314
7345
7294
7389
7276
7248
7264
7188
7088
7006
7028
7064
6970
6968
7021
7005
6987
6912
6796
6765
6720
6680
6633
6741
6686
6606
6633
6689
6570
6529
6408
6451
6423
6451
6481
6439
6369
6341
6301
6412
6374
6425
6417
6422
6560
6576
6541
6507
6435
6166
6141
6154
6065
6214
6156
6118
6152
6211
6085
5965
5996
5829
5842
5822
5847
5949
5921
5980
5895
5950
5943
5829
5792
5836
5903
5977
6021
5956
6109
6163
6070
6198
6222
6126
6104
6028
6141
6147
6056
6062
6009
5888
5831
5865
5961
5843
5734
5747
5817
5761
5788
5855
5901
5843
5897
5828
5823
5790
5641
5638
5518
5609
5736
5633
5574
5645
5622
5602
5609
5647
5680
5664
5655
5724
5764
5764
5770
5750
5744
5819
5804
5638
5725
5814
5895
5995
6046
6091
6144
6185
6141
6231
6275
6306
6220
6271
6139
5993
5993
6032
5955
5998
5983
6010
5959
5989
5997
5952
5970
6054
6046
6037
6143
6249
6256
6154
6065
6148
6126
5928
5962
6037
6083
6036
5998
5956
5927
5979
6035
6052
6293
6281
6213
6216
6235
6197
6187
6152
6219
6271
6293
6294
6239
6352
6389
6272
6233
6279
6291
6244
6173
6150
6253
6123
6105
6039
5909
6009
6049
6191
6051
6140
6195
6315
6304
6144
6093
6145
6252
6235
6080
6113
6130
6134
6143
6111
6129
6098
6080
6126
6200
6202
6124
6039
6148
6248
6099
6011
6123
6198
6138
6090
6239
6260
6263
6228
6287
6214
6238
6295
6270
6257
6264
6121
5969
6108
6053
6008
5916
5946
5831
5884
5871
5910
5805
5823
5876
5870
5938
5885
5929
5836
5675
5678
5734
5611
5620
5563
5501
5520
5505
5453
5582
5636
5697
5679
5773
5794
5762
5820
5759
5887
5991
5942
5882
5930
5830
5892
6003
6068
6095
6144
6241
6226
6315
6373
6386
6435
6406
6365
6466
6396
6406
6495
6435
6445
6415
6295
6409
6444
6565
6577
6672
6684
6628
6635
6605
6572
6563
6527
6453
6407
6500
6456
6355
6246
6130
6235
6222
6168
6155
6111
6130
6108
6110
6101
6015
5968
5889
5883
5979
5991
5858
5966
6026
5998
5988
5911
6031
5985
5991
6180
6067
5985
5940
5880
5931
5905
5944
6035
6048
6137
6108
6096
6070
6030
5976
5904
5802
5877
6001
5910
5924
6132
6193
6209
6431
6425
6359
6376
6338
6283
6306
6208
6302
6268
6335
6395
6505
6391
6314
6182
6069
6122
6056
6077
6184
6311
6302
6296
6261
6173
6126
6235
6340
6125
6202
6169
6083
6124
6170
6194
6186
6148
6289
6304
6242
6307
6314
6184
6141
6266
6320
6197
6103
6067
6013
5954
6016
6043
6129
6091
6172
6237
6286
6252
6233
6226
6175
6312
6294
6419
6524
6548
6534
6470
6326
6288
6239
6171
6279
6306
6249
6059
6169
6148
6108
6179
6190
6322
6366
6437
6527
6541
6595
6681
6805
6852
6806
6799
6944
6997
6861
6849
6982
6887
7014
6943
6814
6691
6688
6829
6735
6744
6684
6585
6602
6701
6825
6854
6699
6554
6393
6388
6375
6325
6388
6415
6382
6400
6420
6460
6496
6408
6380
6269
6212
6188
6138
6102
5968
5888
6073
6092
6035
6055
5969
6042
6035
6001
5948
5930
5842
5831
5950
6016
5885
6030
6126
6133
6014
6048
6171
6199
6130
6050
6008
6003
5983
5990
5949
6015
6003
6032
5879
5920
5964
5860
6014
6055
5977
5927
5870
5825
5811
5749
5724
5715
5746
5763
5690
5690
5663
5680
5625
5693
5549
5578
5669
5744
5706
5625
5694
5732
5604
5520
5489
5421
5427
5557
5482
5531
5488
5356
5506
5620
5642
5700
5543
5480
5467
5573
5472
5428
5337
5234
5203
5190
5099
5153
5091
4975
4937
4880
4831
4829
5009
4982
5104
5111
5113
5113
5040
5087
5017
4982
4952
4947
5017
5080
5107
5003
4992
5002
5007
5096
5094
5010
5079
5033
4983
4873
4883
4949
4913
4914
4939
4826
4946
5048
5074
5127
4957
4934
4839
4924
4888
4920
5003
5058
4943
4958
5114
5141
5158
5122
5235
5282
5392
5442
5480
5386
5411
5467
5326
5276
5216
5200
5232
5147
5236
5311
5236
5308
5291
5294
5178
5117
5026
5011
5012
4952
4947
4892
4848
4831
4923
5025
5004
4985
4965
4914
5090
5104
5052
5021
5050
5054
5048
4970
4975
4970
5039
5118
5120
5155
5266
5221
5258
5289
5190
5203
5189
5285
5323
5306
5385
5319
5397
5463
5443
5536
5605
5703
5664
5636
5750
5819
5841
5890
5942
5989
6068
6004
5943
5817
5869
5812
5824
5894
5891
6029
6086
6108
5990
5922
5883
5946
5960
5872
5812
5868
5813
5876
5810
5833
5831
5802
5910
5846
5868
5812
5709
5788
5771
5807
5872
5756
5735
5857
5874
5883
5788
5787
5781
5724
5735
5662
5619
5558
5509
5557
5525
5572
5385
5367
5447
5468
5468
5526
5510
5561
5614
5637
5623
5661
5496
5504
5464
5459
5350
5346
5354
5365
5271
5300
5422
5462
5461
5434
5425
5302
5376
5417
5326
5420
5393
5313
5446
5483
5512
5672
5796
5791
5912
5952
5850
5777
5639
5631
5632
5598
5730
5746
5705
5570
5629
5670
5806
5847
6048
6026
6013
6031
5958
6141
6210
6162
6069
5941
5977
5830
5687
5771
5750
5693
5667
5666
5657
5693
5774
5890
6021
6070
5931
5956
5856
6040
6212
6292
6349
6327
6276
6192
6135
6076
6039
6079
6130
6019
6065
6115
6291
6367
6337
6379
6242
6170
6163
6152
6259
6249
6287
6353
6403
6356
6449
6488
6507
6448
6436
6522
6610
6481
6553
6505
6549
6417
6254
6193
6030
5972
6027
5941
5941
5761
5835
5822
5844
5807
5860
5810
5741
5674
5627
5588
5650
5570
5515
5428
5451
5431
5358
5233
5208
5280
5312
5319
5354
5179
5074
5051
5145
5277
5221
5270
5190
5090
5263
5154
5144
5080
5053
5066
4965
4836
4869
4901
4999
4957
4844
4911
4943
5106
5111
5127
5183
5143
5108
5045
5047
4891
4901
4838
4855
4870
4879
4877
5029
5010
4929
4838
4862
4837
4774
4649
4597
4650
4613
4563
4599
4686
4881
4953
5063
5119
5081
5048
5068
5080
4994
5044
5087
5178
5187
5205
5221
5352
5381
5364
5333
5221
5199
5247
5264
5246
5271
5276
5334
5382
5460
5436
5510
5386
5390
5271
5325
5242
5130
5073
5089
5041
5094
5024
5011
4851
4851
4896
4864
4873
4878
4899
4909
4987
4927
4955
5011
5042
5099
5095
5124
4975
5030
5054
5079
5229
5017
5059
4942
5035
5023
5111
5056
4973
4934
4832
4936
4969
4908
4722
4927
4997
4949
4869
4983
5018
5124
5115
5105
5264
5168
5152
5096
5062
5166
5104
5097
5147
5004
4970
5020
5052
5073
4931
5010
4996
4949
5116
5147
5040
4935
4748
4707
4730
4682
4735
4734
4798
4865
4823
4973
5150
5165
5243
5175
5330
5352
5467
5379
5329
5219
5206
5210
5130
5108
5155
5254
5327
5405
5381
5326
5301
5314
5379
5308
5380
5502
5669
5749
5846
5798
5827
5841
5948
6013
5970
5864
6005
5956
5879
5953
6005
6039
6039
6041
6027
6129
6143
6107
5956
6006
5947
5922
5993
6088
6088
6076
6302
6336
6316
6245
6185
6038
6140
6175
6246
6265
6193
6261
6290
6260
6411
6448
6460
6476
6414
6366
6401
6508
6494
6482
6404
6472
6423
6347
6315
6426
6360
6433
6380
6398
6431
6479
6443
6304
6302
6351
6202
6188
6331
6213
6024
6023
6056
6081
6157
6085
6159
6270
6271
6341
6618
6644
6738
6792
6705
6656
6716
6673
6602
6646
6655
6676
6473
6527
6444
6508
6580
6660
6656
6550
6642
6669
6626
6618
6645
6490
6370
6271
6175
6311
6241
6157
6260
6204
6184
6064
5907
6027
5937
5846
5785
5743
5889
5926
6032
6061
6083
6109
6045
6014
6028
6005
6028
6142
6221
6146
6162
6331
6367
6366
6302
6306
6408
6569
6546
6710
6780
6821
6931
6812
6803
6685
6594
6381
6336
6327
6377
6313
6253
6296
6420
6371
6260
6226
6257
6229
6255
6260
6295
6244
6157
6121
6138
6114
6126
6233
6258
6370
6513
6466
6472
6567
6620
6604
6469
6508
6364
6267
6197
6204
6133
6098
6093
5973
5871
5881
5915
5838
5710
5799
5710
5655
5641
5590
5692
5613
5680
5649
5590
5707
5599
5595
5646
5611
5599
5567
5458
5424
5396
5417
5474
5465
5503
5641
5568
5615
5606
5612
5541
5645
5676
5636
5637
5685
5749
5716
5544
5583
5451
5477
5346
5283
5332
5302
5295
5346
5364
5341
5391
5334
5323
5405
5438
5257
5201
5137
5252
5233
5295
5217
5277
5187
5168
5224
5221
5223
5241
5335
5429
5554
5510
5456
5581
5618
5501
5498
5422
5476
5497
5549
5658
5779
5811
5847
5988
5869
5770
5768
5915
5979
5761
5861
5866
5901
5806
5847
5822
5789
5775
5822
5836
5814
5868
5868
5695
5704
5673
5578
5441
5515
5525
5596
5504
5688
5754
5736
5778
5858
5731
5708
5730
5728
5736
5802
5819
5645
5750
5719
5676
5754
5794
5615
5604
5613
5676
5813
5793
5737
5887
5897
5962
6063
6219
6293
6106
6113
6011
6019
5912
5919
5872
5911
5849
5850
5862
5718
5696
5694
5711
5663
5665
5759
5752
5805
5841
5863
5903
5879
5884
5860
5794
5676
5622
5644
5632
5643
5601
5573
5506
5426
5550
5640
5599
5613
5683
5641
5776
5741
5803
5634
5582
5443
5348
5324
5251
5226
5332
5403
5346
5260
5090
5125
5219
5219
5202
5237
5333
5338
5266
5244
5185
5212
5264
5299
5306
5265
5417
5303
5340
5262
5356
5287
5225
5106
5166
5194
5212
5122
4983
4975
5040
5086
5137
5231
5268
5253
5244
5093
5060
5157
5055
5031
4963
5025
5074
5000
5033
4920
4886
4893
4775
4827
4804
4925
4972
5101
5201
5177
5157
5209
5208
5206
5213
5201
5095
5038
5082
5113
5121
5110
5077
5146
5144
5222
5171
5162
5017
5036
5030
4987
5109
5138
5054
5109
5104
5106
5136
5177
5203
5267
5317
5226
5169
5279
5288
5218
5199
5110
5082
4928
4948
4930
4832
4731
4814
4817
4920
4876
4866
4904
4831
4880
4931
4987
4869
4944
4954
5126
5203
5232
5184
5264
5222
5357
5292
5315
5436
5385
5331
5281
5338
5305
5473
5417
5414
5373
5335
5370
5325
5258
5182
5216
5147
5119
5124
5096
5086
5094
5050
5109
5137
5193
5081
4984
5057
4961
4971
4896
4857
4913
5002
5060
4982
5059
5200
5185
5209
5177
5125
5065
5135
5333
5226
5214
5283
5128
5023
4955
5059
5062
5037
4983
5001
4978
5019
4824
4776
4809
4742
4736
4709
4621
4601
4500
4506
4539
4465
4463
4478
4491
4477
4480
4530
4504
4546
4553
4598
4583
4661
4725
4643
4663
4639
4641
4657
4621
4718
4700
4732
4706
4773
4761
4625
4546
4565
4568
4505
4576
4553
4526
4560
4612
4610
4536
4541
4557
4570
4623
4719
4754
4721
4812
4816
4873
4780
4798
4857
4818
4767
4795
4789
4769
4735
4740
4827
4917
4928
4952
4929
4849
4772
4817
4817
4728
4722
4861
4902
4992
4971
4988
4904
4999
5042
5051
5176
5304
5348
5380
5391
5359
5348
5313
5341
5275
5407
5406
5330
5365
5497
5557
5539
5539
5640
5533
5532
5488
5487
5491
5504
5553
5410
5409
5419
5440
5329
5300
5348
5483
5381
5372
5424
5463
5385
5430
5475
5490
5735
5733
5804
5865
5880
5865
5926
6000
5965
6048
6005
5961
5958
6002
6148
6292
6354
6290
6125
6057
6104
6075
6282
6243
6340
6392
6354
6340
6432
6527
6563
6639
6595
6597
6547
6495
6568
6669
6648
6634
6623
6513
6536
6648
6552
6521
6448
6364
6212
6174
6290
6319
6407
6311
6252
6202
6234
6267
6155
6115
6107
6176
6099
6271
6176
6168
6309
6230
6136
6061
6087
6063
6042
6076
6128
6112
6161
6118
6226
6294
6289
6276
6421
6423
6419
6417
6501
6504
6667
6587
6544
6397
6365
6376
6341
6293
6316
6243
6125
6149
6106
6170
6169
6232
6335
6224
6288
6352
6327
6203
6266
6239
6274
6373
6352
6445
6360
6372
6383
6383
6465
6374
6449
6486
6491
6478
6529
6552
6473
6454
6436
6274
6246
6148
6284
6221
6163
6164
6251
6289
6375
6405
6337
6327
6243
6170
6229
6171
6090
6136
6209
6198
6350
6370
6330
6297
6275
6272
6253
6375
6355
6320
6365
6359
6292
6369
6298
6272
6169
6023
6077
6219
6212
6259
6390
6326
6292
6315
6361
6272
6131
6182
6044
6054
6150
6161
6148
6192
6240
6259
6225
6272
6300
6408
6416
6402
6513
6446
6508
6510
6608
6629
6532
6502
6370
6370
6328
6356
6470
6358
6350
6369
6258
6147
6180
6165
6168
6050
6135
6023
6119
6200
6279
6284
6398
6346
6390
6345
6246
6151
6064
6092
6133
6159
6167
6152
6125
6168
6174
6110
6111
6143
6154
6171
6115
6009
5896
5791
5738
5819
5872
6016
5935
6032
6030
6116
6138
6210
6124
6133
6073
6052
5927
5797
5740
5841
5764
5846
6046
6125
6111
6031
6063
5914
5940
5887
5878
5847
5891
5926
5883
5946
5868
6046
6167
6167
6210
6188
6184
6308
6402
6414
6424
6377
6325
6284
6310
6155
6284
6279
6323
6252
6124
6083
6072
6060
6052
5943
5928
5920
5890
5962
5963
5918
5913
5871
5747
5774
5777
5642
5780
5797
5929
5954
5939
5920
5945
5974
5892
5932
6088
6151
6103
6025
5947
5951
5965
6022
6021
6000
5915
5934
5946
5905
5994
6075
5936
5968
5938
5995
5879
5782
5780
5679
5713
5798
5824
5847
5723
5676
5755
5767
5815
5884
5797
5731
5666
5692
5665
5773
5592
5537
5602
5784
5855
5894
5869
5976
6110
5978
5949
5932
5914
5835
5891
5981
5946
5987
6014
6104
6178
6238
6139
5992
6068
6038
6081
6158
6093
6115
6076
6016
5908
6003
6100
6121
6123
6109
6162
6289
6264
6327
6317
6267
6409
6354
6282
6287
6327
6154
6231
6184
6193
6143
6132
6156
6256
6395
6446
6377
6406
6457
6425
6330
6264
6207
6142
6206
6149
6054
5980
6063
6107
6103
5965
5987
6037
6098
6118
6056
6066
6132
6233
6354
6373
6470
6617
6589
6766
6814
6829
6692
6609
6642
6866
6768
6775
6702
6612
6617
6489
6541
6437
6461
6482
6402
6302
6334
6212
6253
6234
6247
6191
6215
6070
6055
6172
6220
6170
6103
6132
6132
6091
6146
6284
6254
6293
6339
6393
6231
6343
6359
6428
6341
6344
6480
6407
6457
6473
6466
6541
6533
6525
6556
6497
6377
6400
6456
6618
6791
6820
6984
6964
7017
7117
6928
6855
6826
6761
6608
6669
6636
6559
6438
6499
6540
6639
6666
6588
6689
6724
6755
6684
6637
6629
6491
6559
6713
6712
6699
6654
6638
6618
6787
6707
6679
6637
6771
6653
6617
6551
6625
6485
6669
6828
6629
6518
6399
6374
6174
6205
6015
6009
5864
5908
6020
5849
5812
5733
5782
5856
5775
5875
5879
5858
5744
5763
5791
5810
5780
5682
5638
5654
5588
5597
5524
5444
5407
5425
5358
5409
5364
5349
5392
5398
5490
5480
5453
5483
5461
5486
5485
5396
5310
5194
5297
5133
5117
5039
5013
4979
4978
4932
4898
4915
5101
5238
5171
5038
5048
5101
5026
4892
4963
5065
4999
4974
4922
4857
4838
4781
4827
4817
4780
4845
4923
4981
4941
4765
4863
4828
4857
4915
5032
5102
5191
5286
5213
5242
5204
5198
5109
4975
4868
4863
4893
4929
5050
5164
5091
5094
5179
5232
5092
5076
5176
5067
5124
5075
4975
5039
5024
5090
5227
5256
5259
5255
5183
5235
5185
5194
5287
5245
5235
5119
5180
5162
5133
5150
5083
5012
4961
5050
4953
5139
5231
5170
5107
5019
4991
5131
5033
5118
5172
5150
5031
4954
4936
4896
5056
5170
5127
5199
5134
5230
5304
5351
5327
5284
5185
5131
5201
5141
5201
5305
5328
5396
5395
5422
5456
5428
5440
5463
5430
5512
5449
5464
5539
5548
5517
5501
5451
5474
5412
5484
5482
5546
5470
5549
5652
5614
5662
5665
5589
5593
5741
5610
5601
5716
5665
5534
5356
5268
5197
5170
5213
5220
5225
5167
5156
5162
5046
4961
4866
4842
4738
4638
4601
4704
4598
4473
4479
4494
4526
4593
4529
4672
4744
4667
4682
4873
4789
4848
4820
4822
4784
4732
4806
4718
4675
4742
4838
4888
4875
4767
4766
4780
4661
4741
4680
4679
4644
4570
4599
4665
4605
4639
4556
4536
4354
4526
4486
4498
4518
4617
4719
4714
4682
4640
4593
4526
4574
4574
4552
4528
4675
4707
4680
4636
4580
4560
4596
4528
4540
4565
4639
4557
4581
4665
4650
4632
4609
4540
4517
4593
4677
4610
4616
4656
4648
4711
4773
4832
4718
4868
4953
4992
4940
4960
4965
4970
4854
4851
5039
5064
5124
5119
5240
5204
5215
5204
5218
5425
5432
5446
5397
5416
5433
5506
5424
5500
5531
5526
5499
5429
5332
5372
5538
5475
5558
5589
5468
5495
5588
5602
5594
5619
5533
5480
5536
5576
5587
5523
5381
5341
5467
5399
5494
5559
5615
5655
5596
5573
5429
5340
5402
5346
5211
5170
5187
5187
5222
5109
5157
4983
4951
5062
5100
5211
5172
5175
5076
5181
5143
5081
5295
5352
5544
5549
5559
5578
5644
5670
5576
5728
5786
5758
5649
5557
5635
5618
5660
5682
5593
5600
5676
5543
5407
5542
5539
5446
5456
5382
5462
5564
5465
5382
5308
5517
5434
5381
5301
5437
5476
5469
5412
5351
5418
5454
5458
5454
5489
5595
5495
5460
5632
5600
5606
5566
5478
5348
5329
5322
5428
5411
5361
5337
5373
5497
5449
5492
5423
5396
5380
5330
5361
5385
5349
5424
5456
5460
5483
5633
5679
5679
5743
5722
5694
5698
5560
5495
5592
5570
5668
5506
5509
5587
5747
5636
5635
5684
5754
5846
5859
5849
5825
5901
5984
6061
5993
5951
5962
5889
5794
5842
5928
5959
6051
5995
6043
5930
5831
5885
5964
6028
5934
5974
6058
5981
6030
6037
6077
6020
6039
6002
5973
5906
5853
5907
5988
6008
6103
6105
5954
5818
5716
5856
5743
5752
5789
5768
5781
5783
5838
5869
5793
5838
5839
5971
6037
5990
5944
5916
5951
5905
5846
5755
5609
5641
5650
5618
5659
5748
5642
5618
5681
5641
5704
5764
5796
5620
5569
5479
5505
5443
5460
5631
5634
5806
5863
5823
5720
5854
5861
5775
5629
5510
5601
5568
5626
5679
5742
5808
5718
5658
5650
5641
5528
5670
5602
5558
5596
5627
5712
5798
5769
5751
5765
5788
5684
5743
5794
5894
5896
5958
5980
5849
5919
5907
5900
5784
5688
5565
5515
5437
5352
5402
5374
5345
5421
5420
5545
5586
5591
5653
5837
5671
5708
5679
5744
5734
5764
5679
5725
5680
5533
5576
5585
5600
5673
5654
5744
5669
5468
5492
5385
5255
5325
5361
5256
5225
5304
5294
5388
5319
5364
5358
5368
5437
5400
5167
5196
5079
5053
5156
5147
5084
5110
5161
5154
5164
5177
5195
5225
5131
5162
5233
5248
5261
5207
5140
5165
5053
5042
5057
5094
5096
5037
5089
5174
5254
5298
5358
5224
5170
5242
5248
5363
5485
5551
5466
5435
5652
5609
5529
5554
5552
5638
5574
5489
5553
5612
5647
5738
5661
5699
5851
5913
5904
5945
5809
5880
5925
5945
5877
5827
5866
5959
5941
5870
5940
5852
5765
5702
5792
5730
5703
5718
5839
5744
5655
5693
5595
5620
5646
5577
5461
5442
5440
5444
5454
5528
5467
5334
5285
5332
5344
5377
5438
5404
5357
5396
5370
5322
5287
5198
5214
5233
5278
5217
5115
5197
5322
5339
5342
5320
5248
5287
5392
5315
5364
5359
5402
5541
5499
5522
5545
5685
5598
5625
5491
5426
5437
5492
5455
5307
5299
5288
5217
5225
5223
5249
5393
5379
5464
5423
5391
5507
5456
5441
5510
5418
5368
5351
5381
5314
5367
5329
5315
5322
5375
5395
5318
5388
5376
5380
5367
5409
5460
5452
5465
5383
5465
5434
5605
5588
5498
5552
5586
5567
5553
5547
5527
5500
5426
5401
5401
5371
5378
5469
5428
5534
5520
5512
5644
5652
5703
5708
5662
5625
5686
5582
5560
5586
5599
5511
5493
5553
5663
5669
5725
5809
5702
5741
5661
5558
5568
5502
5408
5403
5504
5503
5582
5548
5597
5626
5726
5645
5695
5698
5780
5727
5602
5522
5466
5435
5464
5475
5349
5288
5353
5332
5456
5546
5682
5607
5634
5553
5536
5596
5522
5543
5558
5623
5708
5703
5634
5822
5734
5664
5674
5575
5592
5676
5680
5654
5621
5563
5524
5502
5429
5443
5579
5629
5710
5806
5745
5714
5636
5725
5806
5838
5945
5949
5985
5963
6025
6029
5873
5809
5712
5739
5702
5636
5662
5692
5598
5538
5525
5607
5669
5509
5674
5747
5676
5590
5568
5549
5522
5560
5549
5449
5502
5527
5482
5440
5525
5540
5597
5583
5620
5782
5819
5790
5732
5845
5914
6001
5828
5929
5835
5885
5947
5824
5805
5834
5733
5787
5726
5893
5738
5822
6077
6116
6133
6263
6454
6381
6365
6341
6363
6315
6310
6420
6496
6493
6656
6582
6611
6618
6627
6636
6568
6660
6714
6772
6893
6927
6901
6966
7044
6961
6747
6576
6669
6481
6478
6554
6521
6602
6626
6591
6615
6554
6584
6582
6588
6675
6642
6649
6562
6661
6738
6718
6677
6643
6781
6774
6852
6869
6815
6788
6809
6835
6697
6592
6539
6578
6383
6323
6399
6475
6405
6382
6442
6389
6398
6394
6380
6253
6250
6355
6308
6322
6290
6189
6132
6284
6302
6416
6469
6567
6626
6560
6576
6606
6585
6603
6590
6549
6438
6407
6491
6438
6248
6200
6286
6392
6247
6187
6318
6286
6300
6340
6190
6185
6299
6380
6336
6378
6382
6273
6266
6268
6188
6264
6330
6306
6287
6330
6289
6160
6031
6151
6112
6110
6001
5936
5972
5879
5854
5926
5963
6035
6167
6146
6072
5922
5708
5828
5760
5765
5741
5691
5681
5648
5696
5606
5586
5526
5449
5380
5337
5362
5319
5331
5421
5349
5440
5425
5434
5482
5387
5492
5538
5473
5448
5415
5358
5293
5355
5383
5415
5563
5541
5692
5652
5623
5559
5539
5571
5532
5466
5352
5353
5418
5560
5463
5482
5505
5404
5423
5489
5562
5542
5602
5726
5737
5642
5684
5663
5638
5665
5675
5711
5708
5624
5723
5788
5765
5815
5898
5959
6070
5948
5954
5982
6064
6061
6144
6238
6234
6147
6044
6078
6152
6135
6066
5930
5865
5836
5786
5717
5564
5614
5706
5666
5741
5737
5766
5728
5734
5757
5690
5690
5565
5564
5552
5544
5576
5589
5552
5568
5618
5448
5380
5436
5465
5345
5441
5456
5445
5351
5286
5265
5412
5411
5377
5420
5455
5417
5403
5556
5443
5403
5418
5406
5358
5340
5374
5383
5559
5463
5466
5494
5584
5560
5569
5637
5723
5682
5751
5790
5770
5744
5729
5692
5559
5715
5687
5577
5713
5789
5866
6019
5914
5870
5927
6014
5890
5808
5735
5727
5755
5838
5910
5998
5899
6054
6251
6290
6302
6355
6280
6288
6182
6111
6108
6089
6018
5980
5944
5870
5855
5773
5688
5701
5755
5738
5704
5603
5587
5612
5722
5771
5837
5763
5749
5693
5732
5659
5700
5640
5712
5569
5523
5554
5558
5613
5494
5538
5473
5409
5352
5249
5278
5219
5281
5286
5110
5069
5082
5143
5181
5172
5193
5194
5236
5249
5113
5162
5143
5089
5133
4998
5041
5072
5211
5269
5344
5260
5391
5449
5464
5555
5613
5494
5404
5475
5497
5432
5591
5576
5481
5449
5543
5407
5307
5347
5374
5226
5149
5116
5084
5160
5119
5106
5185
5176
5095
5074
5143
5143
5090
5030
4991
4932
4957
4865
4832
4905
4910
4847
4906
4907
4866
4902
4850
4923
5100
5096
5072
5119
5046
5073
5084
5065
5111
5078
5147
5215
5181
5194
5164
5178
5128
5182
5179
5262
5165
5278
5240
5247
5276
5273
5346
5307
5323
5301
5358
5213
5152
5150
5167
5121
5047
5155
5115
5094
5143
5102
5159
5232
5273
5375
5508
5502
5673
5582
5640
5773
5629
5617
5596
5590
5566
5577
5555
5672
5723
5702
5598
5537
5537
5545
5554
5552
5665
5563
5566
5419
5413
5413
5422
5385
5364
5251
5136
5232
5295
5219
5250
5191
5213
5151
5165
5197
5201
5190
5228
5310
5233
5327
5417
5333
5426
5373
5282
5344
5224
5239
5226
5326
5309
5288
5319
5444
5423
5461
5501
5631
5597
5557
5552
5718
5760
5693
5675
5576
5408
5461
5456
5264
5186
5072
5065
5112
5100
5041
5009
4937
5049
5046
5027
5186
5099
5133
4936
4877
4756
4762
4744
4849
4946
5006
5019
5030
5028
4965
5061
5035
5184
5118
5307
5227
5181
5055
5107
4979
5071
5089
5083
5115
5183
5224
5177
5151
5162
5175
5168
5238
5233
5180
5210
5210
5143
5110
5082
5064
5163
5112
5068
5187
5226
5151
5221
5144
5080
5064
5167
5072
5092
5018
5048
5201
5252
5232
5269
5410
5299
5315
5307
5270
5077
5217
5246
5295
5270
5265
5198
5292
5244
5166
5090
5037
4989
4964
4978
4993
4983
5076
5094
5080
5116
5185
5214
5122
5091
5090
4979
5083
5154
5136
5086
5107
5055
5084
4956
5126
5145
5137
5126
5036
4957
5020
4967
4909
4987
4878
4689
4671
4666
4594
4645
4615
4623
4684
4495
4519
4461
4461
4654
4639
4579
4548
4570
4617
4578
4570
4618
4621
4814
4834
4804
4751
4702
4749
4608
4605
4571
4600
4644
4664
4608
4654
4639
4599
4603
4618
4528
4497
4558
4528
4493
4480
4542
4531
4501
4521
4483
4402
4469
4413
4359
4343
4435
4469
4471
4533
4663
4763
4790
4876
4837
4964
4923
4980
4975
4932
4940
4965
5008
4998
4967
4979
5075
5127
5213
5157
5220
5040
5076
5041
5049
5087
5147
5103
5111
5091
5077
5032
5086
5041
4972
4942
4993
5212
5148
5204
5259
5307
5339
5386
5361
5374
5241
5254
5245
5132
5088
5101
5135
5113
5042
4966
4949
4987
4970
4971
5006
5055
4924
5066
5080
5089
5133
5175
5161
5234
5141
5294
5336
5371
5300
5281
5156
5113
5028
5074
4999
4994
5067
5202
5286
5272
5126
5155
5219
5173
5019
5033
5008
5063
5089
5117
5118
5065
5102
5052
5194
5232
5174
5269
5337
5272
5252
5233
5116
5118
5258
5233
5156
5292
5393
5496
5558
5538
5528
5459
5441
5405
5280
5251
5376
5400
5358
5409
5357
5298
5324
5268
5188
5198
5119
5126
5139
5150
5223
5191
5149
5096
5238
5324
5402
5442
5427
5434
5477
5480
5556
5525
5502
5580
5526
5588
5414
5441
5364
5338
5285
5265
5249
5391
5330
5227
5263
5328
5199
5112
5145
5113
5154
5201
5077
5092
5142
5130
5149
5097
5110
4970
5047
5036
5023
5026
5037
4958
4866
4843
4854
4878
5003
4960
4888
4850
4808
4785
4882
4939
4910
4952
4986
5032
5028
5130
5130
4999
4900
4996
5040
5180
5348
5301
5399
5440
5372
5420
5362
5295
5235
5126
5095
5006
4936
4857
4754
4764
4775
4818
4846
4884
4759
4698
4654
4741
4824
4833
4913
4918
4946
4858
4789
4769
4807
4875
4857
4834
4821
4854
4935
4988
4971
4831
4876
4856
4933
5046
5079
4944
4808
4864
4775
4791
4708
4704
4741
4698
4715
4841
4827
4911
4888
4936
4982
5054
5065
5105
5075
5073
4980
4983
4964
4948
4949
4860
4884
4857
4957
4866
4862
4920
4885
4865
4868
4895
5033
5082
5075
5038
4991
5032
5022
5100
5136
5047
4927
5045
5014
4887
4833
4829
4870
4772
4720
4653
4796
4768
4866
4813
4725
4734
4706
4657
4622
4769
4788
4785
4781
4884
4882
5013
5000
4987
4989
5137
5150
5260
5280
5227
5115
5133
5178
5147
5125
4996
5071
5107
5087
5130
5085
5132
5109
5075
4965
4914
4916
4991
4992
4949
4956
5051
5106
5098
5210
5348
5295
5382
5440
5521
5443
5511
5390
5388
5421
5435
5402
5288
5308
5339
5381
5319
5361
5354
5462
5558
5493
5502
5570
5513
5544
5471
5568
5572
5573
5670
5749
5893
5932
6033
5957
6045
6018
6118
6047
6039
6085
6038
5976
6014
6052
6021
6047
6135
6185
6150
6176
6198
6146
6261
6347
6170
6267
6211
6223
6145
6054
6133
6033
5981
5979
6069
6007
5963
5878
5747
5740
5822
5958
5917
6024
5988
5860
5697
5662
5661
5614
5646
5715
5723
5897
5882
5771
5786
5754
5813
5731
5639
5550
5564
5511
5556
5573
5567
5645
5648
5583
5582
5399
5387
5433
5485
5575
5475
5435
5293
5279
5224
5137
5272
5160
5052
5126
5119
5159
5154
5148
5081
5128
5247
5155
5090
5139
5121
5179
5082
5104
5119
5156
5189
5214
5154
5111
5134
5204
5101
5079
5025
5025
5031
5080
5043
5139
5269
5288
5371
5337
5362
5450
5475
5583
5605
5611
5526
5382
5523
5503
5647
5631
5774
5774
5807
5793
5731
5888
5899
5883
5822
5833
5843
5743
5836
5813
5815
5825
5932
5808
5827
5843
5783
5840
5886
5876
5933
6038
5981
5886
5911
5953
5862
5824
5856
5855
5793
5672
5634
5753
5737
5678
5659
5635
5672
5662
5658
5628
5619
5658
5674
5638
5669
5714
5919
6029
6084
6089
6108
6095
6171
6134
6017
6084
6060
6130
6052
6025
5866
5877
5841
5936
6073
6094
6075
6112
6106
6086
6072
6215
6073
6161
6056
6038
5870
5883
5800
6037
6019
6012
6005
6050
6059
6133
6121
6166
6190
6169
6198
6139
6182
6146
6001
6032
5963
5994
6065
6085
6058
6184
6151
6355
6271
6249
6269
6368
6229
6237
6242
6274
6346
