505000
199257
141921
111897
93125
79533
69828
62247
56618
51616
47681
44269
41612
39022
36823
35002
33237
31646
30040
28847
27681
26677
25616
24984
24224
23586
22676
21902
21307
20854
20497
20080
19691
19032
18382
18059
17828
17558
17291
16953
16502
16118
16065
15741
15462
15435
15360
15086
14864
14793
14436
14143
13739
13698
13409
13207
12961
12797
12706
12637
12581
12331
12375
12141
12187
12012
11872
11729
11436
11309
11193
11240
11094
10993
10603
10527
10567
10497
10343
10268
10046
10096
10155
10235
10150
10059
9980
9869
9718
9722
9516
9457
9675
9484
9496
9415
9385
9328
9097
9125
9148
9117
8998
9028
9022
9033
8892
8846
8715
8607
8459
8493
8569
8667
8544
8573
8440
8325
8180
8356
8369
8302
8209
8312
8309
8255
8239
8317
8267
8238
8193
8164
8239
8054
8047
8097
7901
7814
7848
7777
7739
7572
7440
7388
7453
7415
7436
7362
7399
7345
7340
7264
7184
7193
7085
6987
7013
6944
7049
7054
7080
7076
6981
7033
7143
7042
7044
6934
7086
7161
7239
7135
7144
7013
7006
6937
6801
6671
6728
6513
6463
6267
6161
6178
6251
6317
6332
6207
6321
6443
6285
6112
6117
6091
6018
6013
6060
6054
5929
5874
5924
5947
5857
5900
5902
5871
5823
5825
5751
5662
5605
5589
5584
5539
5493
5421
5549
5505
5441
5467
5541
5372
5442
5380
5295
5232
5187
5217
5231
5202
5172
5042
5008
5136
5050
5029
5021
5002
4972
4941
4986
5081
5124
5184
5238
5172
5024
4918
4854
4884
5020
4980
4985
4993
4882
4909
4970
4954
4962
4887
4924
5006
4901
4916
5012
5121
5009
5045
5080
5150
5066
5134
5139
5118
5150
5154
5211
5097
5035
4924
4868
4855
4893
4957
5005
5020
4996
5017
5107
5237
5247
5259
5381
5394
5299
5346
5413
5479
5502
5448
5445
5535
5536
5474
5454
5580
5435
5407
5360
5426
5239
5361
5366
5422
5458
5344
5358
5298
5444
5432
5401
5516
5507
5547
5451
5471
5446
5361
5435
5424
5533
5471
5449
5420
5342
5400
5332
5503
5552
5597
5691
5786
5813
5880
5805
5810
5824
5785
5740
5693
5711
5724
5681
5605
5666
5708
5674
5636
5667
5702
5758
5773
5737
5766
5628
5678
5779
5633
5705
5721
5650
5718
5419
5504
5428
5308
5305
5270
5329
5260
5228
5237
5176
5175
5185
5041
5033
5069
5268
5247
5408
5560
5630
5537
5435
5496
5539
5516
5487
5437
5507
5502
5458
5481
5436
5462
5428
5424
5441
5403
5427
5437
5380
5468
5442
5379
5444
5581
5685
5681
5601
5665
5721
5690
5731
5669
5677
5665
5655
5673
5586
5558
5570
5540
5622
5610
5598
5577
5678
5577
5455
5509
5511
5443
5413
5446
5533
5435
5444
5442
5517
5617
5599
5579
5623
5494
5356
5318
5188
5195
5173
5139
5155
5129
4999
4983
4898
4929
4835
4908
4893
4932
4911
4914
5018
4993
4983
4927
4888
4969
4875
4980
4962
5021
5052
5068
4957
4818
4882
4844
4798
4745
4592
4604
4620
4626
4655
4660
4577
4602
4533
4602
4707
4725
4866
4851
4819
4795
4913
5081
5101
5156
5241
5202
5233
5200
5141
5151
5128
5231
5247
5272
5327
5258
5293
5481
5671
5718
5592
5641
5745
5594
5572
5494
5485
5548
5597
5603
5679
5749
5746
5873
5886
5957
5998
5922
5820
5827
5838
5858
5796
5881
5924
5901
6035
5966
5939
5961
6023
6024
5976
5876
5805
5817
6000
5979
6089
6070
6044
6097
6128
6135
6192
6254
6302
6346
6336
6316
6291
6352
6273
6162
6211
6179
6270
6278
6179
6265
6284
6292
6270
6228
6163
6064
5988
6121
6054
6124
6212
6199
6232
6236
6276
6368
6370
6304
6316
6152
6110
6021
6132
6087
5982
5929
5907
5710
5593
5591
5541
5413
5443
5455
5506
5586
5650
5612
5581
5597
5693
5785
5860
5863
5895
5947
5855
5930
5951
5852
5796
5726
5867
5857
5955
6031
5986
5937
5881
5876
5814
5739
5734
5711
5602
5574
5461
5435
5453
5432
5411
5394
5395
5426
5335
5362
5374
5506
5635
5590
5535
5410
5452
5474
5530
5487
5400
5463
5321
5308
5266
5328
5363
5304
5219
5127
5147
5137
5157
5085
5188
5110
5033
4960
4987
4899
5037
4913
4879
4885
4838
4811
4770
4696
4615
4720
4769
4718
4781
4766
4735
4612
4762
4692
4632
4705
4742
4749
4676
4653
4663
4705
4633
4736
4769
4707
4643
4594
4569
4669
4539
4488
4443
4416
4463
4445
4438
4372
4385
4369
4335
4360
4401
4383
4387
4201
4232
4273
4281
4272
4362
4259
4290
4429
4368
4325
4280
4415
4359
4333
4260
4289
4324
4331
4287
4333
4186
4193
4311
4378
4385
4507
4589
4607
4676
4758
4789
4865
4894
4900
4722
4786
4842
4841
4771
4770
4772
4765
4910
4846
4884
4812
4698
4677
4711
4737
4800
4841
4908
4976
5030
5054
5095
4990
4987
4950
4796
4887
4950
4930
4953
4865
4966
4970
4918
4964
4937
5053
5020
5061
4884
4866
4822
4823
4841
4715
4754
4728
4799
4855
4814
4799
4746
4726
4699
4708
4707
4755
4829
4781
4801
4880
4978
4928
4932
4922
4965
4920
4955
5008
5073
5071
5040
5049
5004
4953
4866
4872
4775
4853
4904
4854
4887
4988
5132
5204
5203
5220
5106
5108
5080
4996
4954
5098
4986
5005
5002
5048
4993
5187
5164
5262
5306
5368
5385
5280
5200
5213
5254
5305
5317
5239
5229
5253
5125
4979
4900
4804
4893
4957
4956
4956
4845
4892
5085
5016
5089
5051
4917
4904
4905
4871
4886
4880
4921
4993
4896
4813
4615
4650
4759
4681
4558
4597
4557
4585
4691
4757
4800
4823
4902
4907
4813
4736
4592
4675
4711
4756
4703
4648
4721
4715
4693
4690
4736
4789
4947
5033
5147
5144
5097
5209
5196
5223
5222
5260
5221
5200
5193
5183
5206
5036
5053
5112
5188
5153
5206
5195
5092
4979
5001
5051
5241
5250
5283
5237
5207
5240
5133
5214
5219
5080
5085
4909
4921
4875
4834
4828
4837
4876
4923
4962
4954
5044
5081
5190
5171
5237
5274
5194
5158
5222
5315
5261
5235
5266
5278
5183
5354
5410
5379
5303
5242
5249
5173
5195
5110
5154
5089
5086
5068
5034
4987
4924
4992
4980
4918
4950
4838
4966
5094
5158
5143
5118
5190
5114
5069
5136
5161
5107
5117
5175
5203
5408
5433
5499
5400
5398
5478
5444
5461
5432
5442
5529
5473
5565
5452
5368
5350
5257
5325
5436
5487
5480
5422
5497
5624
5595
5635
5558
5612
5615
5580
5501
5447
5362
5412
5372
5506
5431
5393
5378
5261
5311
5356
5314
5259
5373
5477
5541
5576
5455
5412
5403
5462
5386
5484
5564
5555
5446
5321
5395
5477
5501
5591
5667
5579
5476
5463
5455
5407
5373
5457
5499
5441
5458
5546
5620
5545
5521
5508
5619
5564
5581
5597
5543
5502
5595
5449
5394
5358
5299
5246
5157
5199
5220
5193
5240
5314
5391
5531
5581
5503
5559
5620
5586
5609
5689
5616
5647
5626
5581
5501
5569
5559
5563
5714
5750
5775
5718
5655
5559
5626
5657
5722
5658
5675
5736
5758
5762
5747
5696
5721
5769
5722
5596
5541
5514
5292
5415
5339
5340
5376
5425
5371
5485
5445
5452
5519
5627
5648
5658
5657
5612
5505
5319
5333
5435
5448
5324
5368
5298
5350
5209
5123
5088
5016
5010
5052
5056
5177
5253
5155
5044
4989
5084
5148
5164
5256
5219
5230
5228
5087
5102
5187
5160
5196
5114
5074
5010
5023
5048
5005
5036
4972
4978
4872
4963
5078
4979
5110
5321
5292
5303
5337
5292
5255
5336
5315
5316
5288
5438
5323
5362
5381
5328
5261
5435
5414
5515
5417
5347
5294
5360
5360
5421
5427
5398
5476
5555
5587
5560
5687
5702
5699
5685
5692
5645
5637
5663
5675
5650
5590
5609
5560
5533
5435
5575
5532
5580
5576
5484
5453
5427
5458
5289
5263
5209
5352
5211
5257
5149
5194
5253
5297
5414
5418
5522
5473
5409
5347
5356
5323
5224
5419
5446
5552
5469
5453
5579
5540
5541
5497
5600
5613
5617
5583
5675
5605
5719
5722
5793
5731
5815
5876
5889
5865
5727
5834
5902
5954
5916
5912
5770
5732
5608
5629
5609
5603
5507
5513
5559
5573
5630
5633
5590
5611
5736
5680
5725
5687
5709
5522
5556
5534
5451
5461
5543
5598
5572
5585
5607
5575
5661
5699
5759
5763
5838
5800
5746
5722
5870
5816
5803
5641
5794
5865
5951
6044
6045
5931
5981
5990
6067
6077
6057
5996
6033
5891
5907
5854
5891
5737
5738
5713
5685
5673
5620
5729
5613
5756
5898
5811
6007
6047
6049
6052
6093
6106
6027
5985
5994
6002
6065
5951
6038
5964
5944
5835
5819
5863
5763
5705
5633
5580
5667
5625
5685
5641
5576
5747
5644
5676
5715
5735
5678
5621
5652
5677
5677
5631
5701
5631
5565
5601
5579
5564
5560
5487
5440
5397
5466
5433
5370
5439
5376
5291
5304
5276
5165
5089
5276
5427
5519
5582
5612
5525
5594
5633
5810
5755
5656
5719
5727
5620
5524
5547
5489
5396
5539
5512
5569
5657
5739
5822
5793
5860
5914
6013
6075
5981
6080
6117
6008
6172
6053
6142
5981
6064
6227
6252
6202
6198
6159
6101
6078
6055
6079
6036
5923
5996
6121
6163
6243
6126
6197
6138
6149
6247
6267
6371
6310
6366
6451
6471
6485
6405
6330
6408
6332
6302
6297
6295
6379
6307
6286
6238
6306
6204
6144
6108
6196
6173
6155
6157
6082
5921
5915
5979
6009
6037
6102
6172
6111
6174
6232
6241
6250
6221
6117
6013
6083
6114
6040
6185
6250
6352
6262
6198
5989
6079
6102
6200
6261
6175
6067
6016
6047
5954
5929
5902
5791
5688
5784
5841
5712
5882
5747
5781
5735
5637
5660
5672
5663
5597
5673
5624
5497
5550
5449
5388
5385
5302
5264
5262
5344
5303
5415
5431
5459
5455
5463
5374
5381
5376
5316
5285
5452
5418
5517
5436
5461
5381
5539
5562
5468
5422
5365
5254
5258
5299
5323
5440
5380
5385
5281
5209
5242
5262
5312
5406
5432
5477
5466
5398
5566
5598
5452
5382
5464
5404
5394
5328
5222
5208
5217
5343
5390
5377
5427
5400
5446
5428
5348
5369
5335
5239
5326
5451
5521
5564
5418
5400
5477
5558
5528
5566
5679
5734
5745
5726
5834
5766
5787
5741
5641
5690
5762
5751
5876
5871
5931
5956
5855
5768
5850
5901
5877
5870
5929
6094
6001
5912
6007
5888
5870
5957
5885
5843
5866
5892
5955
6044
6098
6065
6295
6456
6548
6475
6687
6772
6820
6822
6828
7037
7106
6977
6738
6731
6818
6785
6704
6644
6611
6585
6613
6654
6523
6487
6526
6650
6816
6857
6877
6828
6825
6867
6777
6796
6863
6921
6950
7106
7110
7196
7264
7102
6967
6944
7000
6960
6903
6994
6817
6722
6690
6653
6657
6756
6636
6779
6739
6605
6587
6494
6474
6475
6478
6638
6604
6593
6641
6666
6514
6531
6436
6597
6486
6335
6288
6195
6227
6329
6405
6464
6510
6565
6588
6601
6570
6549
6485
6453
6461
6563
6667
6652
6668
6580
6756
6773
6714
6720
6725
6644
6666
6789
6766
6690
6636
6595
6707
6842
6719
6739
6711
6845
6721
6694
6739
6829
6777
6878
6873
6827
6951
6978
6942
6940
6873
7018
6866
6736
6790
6744
6804
6715
6750
6728
6668
6598
6563
6581
6678
6788
6903
6952
6970
6975
6919
6766
6637
6654
6605
6443
6492
6484
6389
6483
6429
6294
6354
6453
6372
6290
6127
6121
5933
5875
5872
5921
5877
6028
6179
6269
6223
6223
6172
6195
6256
6281
6336
6463
6529
6497
6429
6343
6403
6415
6450
6464
6429
6587
6477
6535
6511
6420
6452
6431
6433
6257
6166
6213
6227
6213
6386
6231
6286
6161
6262
6091
6072
6036
6223
6266
5998
6044
5962
5943
6024
6039
5990
6039
6052
6085
6099
6129
6065
6048
6103
6192
6127
6199
6221
6072
6174
6300
6378
6302
6257
6364
6331
6329
6234
6145
6282
6222
6128
6012
6060
6033
6032
5997
5936
6097
6004
5982
6003
5862
5913
5864
5746
5650
5593
5753
5731
5609
5669
5693
5725
5750
5586
5557
5544
5591
5533
5614
5659
5688
5633
5606
5561
5664
5733
5773
5837
5733
5750
5795
5812
5807
5782
5630
5675
5801
5789
5817
5785
5785
5839
5734
5729
5720
5848
5637
5716
5691
5642
5767
5850
5855
5829
5934
5836
5777
5784
5782
5698
5822
5812
5883
5828
5797
5592
5680
5821
5918
5863
5907
5946
5962
5951
5926
5986
6004
5872
5900
5812
5869
5981
6060
6028
5929
5959
5977
5946
5878
5949
5821
5888
5878
5751
5784
5803
5864
5813
5809
5632
5617
5616
5707
5626
5693
5646
5754
5736
5638
5698
5676
5749
5712
5850
5914
5882
5902
5966
6039
6087
6070
6254
6228
6295
6298
6323
6352
6441
6479
6449
6561
6611
6637
6674
6689
6825
6836
6974
6934
6863
6711
6761
6753
6732
6702
6725
6763
6769
6700
6769
6792
6853
6880
6867
6852
6855
6849
6755
6648
6893
7011
7099
7151
7104
7010
6882
6797
6653
6583
6579
6504
6677
6608
6683
6653
6581
6674
6683
6639
6530
6585
6621
6573
6644
6602
6525
6434
6471
6536
6556
6624
6764
6880
6838
6816
6666
6605
6700
6761
6759
6710
6732
6639
6587
6701
6622
6599
6690
6633
6678
6756
6720
6553
6414
6322
6201
6164
6059
6071
6230
6183
6315
6262
6381
6418
6371
6445
6326
6396
6451
6513
6578
6490
6596
6584
6674
6653
6596
6547
6587
6670
6675
6655
6668
6586
6559
6607
6599
6584
6580
6634
6631
6515
6601
6621
6613
6669
6610
6765
6802
6877
6939
6884
6859
6979
6932
6895
6865
6884
6800
6819
6969
6773
6706
6710
6738
6782
6854
6848
6769
6653
6602
6649
6554
6449
6529
6438
6310
6288
6387
6308
6233
6225
6221
6245
6259
6265
6334
6172
6168
6188
6303
6220
6169
5958
6117
6145
6150
6184
5988
5984
5927
5734
5702
5581
5515
5501
5418
5298
5226
5264
5232
5131
5127
5115
5092
5096
5057
5142
5129
5214
5168
5198
5073
5069
5010
5024
4995
5019
5088
5134
5077
5065
5070
5109
5091
5137
5097
5122
5094
5128
5151
5180
5284
5287
5258
5259
5266
5337
5275
5231
5214
5271
5363
5421
5460
5376
5436
5383
5416
5354
5319
5347
5418
5324
5229
5296
5209
5294
5397
5390
5387
5365
5412
5394
5415
5319
5377
5408
5345
5550
5493
5550
5479
5579
5599
5576
5607
5687
5558
5702
5622
5644
5740
5770
5917
5944
6053
5945
5796
5798
5660
5624
5657
5626
5651
5662
5640
5780
5682
5626
5548
5582
5573
5603
5590
5734
5724
5734
5595
5554
5487
5485
5595
5588
5568
5515
5423
5345
5343
5310
5322
5281
5276
5110
5140
5239
5258
5345
5287
5387
5430
5441
5395
5502
5580
5569
5470
5451
5502
5541
5614
5674
5666
5687
5655
5664
5649
5624
5642
5573
5481
5474
5458
5603
5528
5535
5548
5576
5474
5553
5491
5554
5498
5556
5516
5568
5587
5502
5611
5677
5765
5708
5793
5759
5673
5741
5726
5842
5847
5788
5666
5789
5766
5977
5924
6011
6114
6075
5988
5962
6049
5889
5900
5800
5743
5853
5842
5901
5752
5594
5580
5504
5392
5422
5367
5356
5384
5446
5406
5499
5451
5478
5427
5381
5358
5451
5513
5519
5493
5518
5551
5594
5487
5626
5734
5829
5825
5741
5789
5753
5811
5825
5798
5736
5817
5746
5798
5705
5643
5617
5606
5544
5524
5564
5517
5458
5358
5402
5380
5372
5328
5212
5230
5182
5305
5351
5326
5336
5283
5284
5297
5444
5374
5403
5409
5523
5548
5473
5527
5540
5535
5543
5499
5549
5507
5510
5567
5655
5600
5623
5668
5523
5430
5309
5336
5332
5375
5251
5295
5332
5329
5344
5272
5235
5192
5223
5135
5248
5215
5224
5255
5174
5145
5101
5092
5117
5165
5071
5063
4977
4790
4852
4891
4869
4914
4920
4821
4830
4880
4929
4914
4867
5005
5027
5087
5112
5101
5135
5159
5162
5081
5065
5111
5099
5187
5112
5126
4991
5058
4924
4940
4874
4847
4875
4842
4966
4963
4912
5020
5016
5003
5026
4867
4919
5040
5147
5026
5031
5027
5110
5125
5266
5236
5208
5300
5275
5357
5445
5417
5401
5478
5429
5500
5511
5475
5491
5610
5580
5624
5553
5531
5584
5536
5617
5768
5833
5872
5775
5886
5943
5862
5705
5646
5629
5652
5635
5622
5594
5570
5667
5690
5759
5856
5783
5721
5697
5649
5660
5633
5647
5646
5562
5553
5570
5509
5506
5493
5411
5453
5468
5596
5501
5559
5344
5342
5297
5298
5288
5279
5270
5205
5255
5138
5024
5100
5074
5050
5071
5119
5026
5036
5056
5055
5189
5242
5317
5353
5266
5467
5388
5386
5488
5611
5630
5547
5563
5532
5473
5530
5547
5500
5492
5573
5623
5685
5609
5515
5556
5586
5459
5416
5419
5429
5395
5372
5490
5591
5610
5551
5468
5520
5555
5397
5543
5515
5454
5356
5304
5266
5374
5300
5349
5371
5495
5573
5478
5405
5489
5469
5616
5596
5667
5664
5614
5602
5596
5604
5680
5738
5726
5759
5760
5790
5764
5770
5885
5978
5988
6013
5939
6012
5934
5938
6076
5963
5853
5860
5847
5897
5678
5765
5803
5825
5816
5782
5775
5788
5798
5844
5802
5761
5817
5789
5886
6005
6006
6142
6216
6217
6265
6297
6255
6270
6195
6233
6170
6272
6247
6061
5880
5885
5947
5927
5767
5712
5544
5490
5499
5646
5638
5559
5612
5543
5586
5569
5500
5467
5478
5451
5412
5467
5391
5371
5408
5437
5375
5411
5407
5495
5603
5575
5657
5648
5693
5613
5557
5550
5650
5561
5660
5764
5672
5640
5648
5653
5636
5618
5682
5717
5690
5840
5828
5892
5782
5755
5967
5921
5985
6004
5985
5951
6040
5920
5830
5772
5907
5946
5949
5928
5854
5922
5806
5783
5898
5779
5885
5880
5847
5911
5945
5829
5823
5829
5788
5808
5817
5908
5774
5674
5540
5496
5384
5455
5436
5447
5422
5488
5545
5500
5448
5452
5237
5379
5384
5335
5334
5311
5272
5231
5288
5320
5367
5405
5382
5401
5413
5379
5397
5310
5380
5425
5503
5476
5481
5566
5536
5393
5420
5360
5325
5451
5462
5533
5388
5367
5432
5460
5434
5469
5581
5473
5544
5391
5261
5426
5356
5372
5397
5457
5436
5432
5445
5409
5232
5273
5364
5371
5337
5353
5352
5484
5577
5589
5519
5464
5512
5416
5425
5294
5165
5134
5188
5183
5250
5253
5253
5260
5146
5175
5222
5315
5352
5369
5378
5298
5364
5425
5397
5338
5336
5377
5351
5316
5318
5313
5309
5285
5322
5276
5243
5226
5279
5186
5125
5122
5083
5072
4988
4945
4986
5046
5168
5076
5138
5168
5061
5070
5059
4901
4921
4885
4977
5065
5131
5080
5139
5210
5319
5272
5306
5288
5254
5334
5306
5250
5230
5138
5167
5177
5287
5357
5338
5301
5283
5332
5414
5436
5424
5490
5484
5522
5531
5440
5339
5331
5300
5360
5276
5251
5294
5287
5395
5403
5449
5557
5507
5634
5788
5814
5936
5930
5794
5894
5882
5997
5848
5694
5689
5764
5643
5523
5537
5600
5641
5720
5779
5884
5729
5702
5671
5718
5829
5719
5758
5725
5729
5754
5819
5770
5704
5771
5695
5716
5765
5699
5633
5638
5556
5494
5535
5599
5711
5730
5777
5682
5567
5535
5588
5655
5760
5631
5543
5533
5663
5710
5765
5745
5792
5773
5783
5835
5745
5807
5925
5833
5927
5996
5984
5889
5859
5819
5857
5853
5832
5738
5738
5674
5681
5667
5748
5702
5682
5753
5810
5874
5803
5840
5899
5874
5842
5851
5835
5776
5730
5746
5770
5770
5733
5765
5850
5908
6034
5941
5899
5916
5875
6004
6017
6117
5900
6008
5928
5872
5935
5972
5972
5960
6008
6040
6013
5956
5818
5901
5876
5768
5693
5664
5566
5626
5704
5583
5696
5621
5625
5649
5845
5791
5868
5891
5854
5836
6009
5978
5761
5757
5609
5676
5740
5698
5554
5475
5555
5689
5590
5519
5515
5397
5484
5570
5620
5605
5540
5487
5525
5457
5484
5458
5388
5323
5280
5293
5277
5170
5083
4949
4916
5040
5132
5073
5077
5062
5135
5137
5100
5139
5141
5322
5538
5445
5434
5506
5545
5637
5691
5676
5771
5718
5721
5629
5470
5352
5299
5331
5207
5165
5235
5341
5497
5538
5598
5629
5746
5731
5836
5784
5840
5834
5782
5730
5615
5455
5500
5465
5506
5540
5540
5605
5526
5404
5348
5295
5318
5379
5369
5445
5445
5478
5491
5412
5494
5593
5649
5719
5713
5806
5722
5752
5704
5743
5756
5844
5807
5904
6022
6015
5892
5914
6084
6154
6028
6108
6052
6073
5854
5833
5770
5761
5768
5814
5850
5903
5902
5903
5726
5810
5851
5736
5743
5688
5617
5620
5578
5593
5453
5471
5451
5480
5602
5581
5565
5637
5570
5677
5849
5862
5816
5856
5855
5811
5793
5842
5779
5790
5713
5722
5681
5609
5608
5538
5599
5637
5783
5804
5705
5601
5533
5570
5669
5679
5745
5613
5661
5720
5705
5651
5723
5707
5730
5588
5618
5482
5342
5397
5320
5273
5305
5363
5268
5243
5211
5322
5352
5247
5349
5439
5367
5380
5332
5292
5336
5348
5391
5456
5459
5527
5554
5435
5407
5495
5464
5411
5315
5170
5037
5051
5060
5142
5100
5071
5143
5129
5223
5271
5338
5267
5311
5400
5422
5358
5301
5301
5268
5157
5213
5283
5388
5497
5489
5412
5308
5271
5269
5289
5337
5274
5209
5274
5354
5285
5253
5197
5189
5266
5409
5405
5399
5310
5354
5357
5473
5462
5451
5549
5503
5569
5590
5679
5640
5644
5708
5785
5777
5881
5813
5852
5855
5836
5872
5829
5961
6022
5969
5887
6071
6088
6033
6130
6195
5958
5879
5805
5917
6067
6148
6137
6108
6252
6152
6218
6306
6236
6200
6284
6251
6173
6169
5993
5898
5840
5756
5689
5649
5486
5436
5441
5469
5389
5412
5447
5453
5536
5604
5687
5621
5744
5752
5690
5720
5736
5737
5727
5588
5616
5667
5737
5717
5676
5620
5607
5465
5600
5631
5771
5773
5697
5747
5712
5663
5675
5816
5737
5675
5677
5636
5562
5594
5618
5638
5654
5557
5380
5382
5381
5270
5348
5147
5219
5263
5293
5366
5369
5259
5220
5258
5275
5263
5216
5227
5231
5325
5405
5413
5387
5405
5296
5231
5324
5340
5429
5355
5458
5578
5559
5584
5640
5579
5563
5555
5410
5446
5501
5623
5711
5501
5559
5543
5503
5518
5515
5515
5572
5629
5685
5631
5687
5579
5560
5497
5591
5543
5661
5569
5580
5510
5499
5593
5551
5556
5606
5519
5594
5646
5627
5656
5595
5488
5588
5606
5616
5652
5603
5610
5517
5500
5572
5622
5676
5691
5741
5740
5719
5646
5613
5611
5663
5588
5465
5359
5318
5411
5389
5319
5207
5258
5163
5065
5075
4960
4828
4845
4848
4881
4812
4827
4794
4786
4760
4780
4845
4836
4877
4827
4841
4823
4770
4868
4916
4803
4799
4840
4900
4898
5021
4897
4860
4865
4809
4777
4666
4741
4726
4740
4813
4829
4797
4942
4849
4844
4914
4904
4904
4788
4919
4868
4882
5024
5062
5079
5198
5174
5209
5218
5198
5308
5337
5364
5302
5327
5226
5199
5176
5066
4888
4863
4886
4826
4743
4768
4671
4683
4734
4888
4878
4904
4829
4713
4823
4679
4750
4782
4828
4707
4662
4619
4618
4604
4609
4620
4528
4575
4594
4662
4611
4740
4716
4741
4686
4648
4624
4604
4499
4580
4677
4706
4673
4822
4739
4756
4813
4778
4814
4743
4836
4855
4841
4877
4920
4893
4952
4834
4715
4737
4799
4720
4700
4750
4807
4865
4782
4769
4855
4800
4957
4965
4982
4965
4881
4977
4988
4950
5037
5006
5147
5300
5256
5225
5228
5066
5054
5021
5040
5280
5257
5241
5021
4940
4904
4940
5029
5060
5161
5123
5031
5096
5141
5165
5170
5132
5154
5109
4988
5074
5080
5112
5123
5230
5201
5156
5207
5086
5123
5080
5019
5065
5097
5172
5154
5057
5078
5099
5109
5037
5050
4920
4966
5054
5062
4981
4992
4995
4996
5031
4979
5043
5171
5097
4955
4973
5039
4924
4843
4738
4790
4781
4810
4739
4673
4609
4528
4484
4563
4525
4532
4542
4603
4648
4656
4626
4608
4695
4702
4808
4886
4973
4996
5004
5079
5101
5205
5188
5211
5238
5298
5299
5273
5298
5437
5417
5437
5358
5540
5490
5383
5369
5541
5514
5619
5595
5649
5771
5779
5869
5853
5662
5723
5747
5720
5698
5746
5862
5862
5896
5888
5928
5837
5766
5845
5833
5783
5892
5914
5934
6071
5927
5874
5808
5853
5847
5808
5705
5600
5719
5779
5806
5845
5996
6091
6162
5968
6079
6045
6012
6028
5968
5838
5889
5864
5981
5925
5922
6093
6043
6107
6034
6139
6224
6242
6301
6343
6347
6457
6416
6388
6402
6525
6607
6655
6598
6661
6626
6566
6550
6565
6566
6562
6395
6452
6341
6341
6417
6417
6331
6240
6360
6305
6392
6430
6352
6420
6397
6320
6280
6126
6164
6382
6366
6300
6409
6434
6248
6224
6178
6073
6147
6182
6098
6055
6014
6002
5986
6205
6129
6207
6131
6181
6174
6196
6138
6287
6360
6232
6287
6345
6227
6301
6307
6349
6547
6592
6557
6430
6438
6610
6465
6492
6378
6286
6422
6434
6495
6494
6526
6492
6497
6438
6553
6446
6510
6500
6515
6473
6403
6366
6403
6247
6315
6404
6412
6446
6376
6428
6480
6522
6548
6473
6504
6342
6475
6448
6512
6440
6477
6529
6467
6501
6521
6306
6351
6331
6486
6467
6423
6559
6490
6420
6380
6337
6384
6441
6359
6424
6448
6310
6223
6239
6234
6161
6198
6193
6227
6171
6237
6328
6436
6515
6515
6434
6331
6306
6270
6128
6098
6099
6129
6118
6195
6071
6098
6016
5938
5864
5848
5817
5769
5818
5792
5854
5853
5828
5766
5821
5878
5878
5840
5866
5927
6038
5971
6029
5868
5902
5983
5898
5916
5887
5947
5947
6070
6011
6001
6045
6005
5916
6042
5971
5868
5814
5659
5716
5697
5658
5727
5805
5825
6025
6165
6322
6316
6345
6366
6271
6230
6430
6327
6300
6263
6362
6361
6457
6452
6555
6394
6297
6403
6484
6422
6370
6334
6239
6193
6369
6438
6443
6324
6410
6341
6304
6340
6361
6353
6351
6459
6380
6321
6329
6255
6333
6435
6461
6397
6403
6438
6412
6325
6446
6464
6589
6418
6294
6231
6248
6172
6180
6332
6275
6234
6320
6229
6234
6272
6217
6178
6046
6070
6175
6080
5920
5837
5929
6034
6056
6033
5985
6053
6137
6219
6261
6292
6292
6310
6319
6258
6166
6153
6126
6216
6292
6347
6288
6315
6323
6334
6303
6311
6273
6344
6487
6432
6232
6344
6299
6198
6309
6233
6082
6115
5965
6038
5997
5839
5806
5777
5862
5833
5843
5804
5761
5865
5821
5813
5804
5817
5848
5864
5964
5884
5995
5951
5982
5945
5795
5820
5808
5937
5968
5964
5896
5879
5839
5889
5965
6006
6115
6121
6232
6150
6133
6085
6003
5948
5837
5844
5800
5876
5910
5990
6043
6182
6322
6263
6183
6164
6126
6124
6150
6272
6275
6253
6265
6248
6339
6423
6318
6370
6488
6526
6557
6511
6462
6510
6462
6701
6707
6609
6521
6497
6447
6508
6347
6447
6488
6346
6348
6373
6380
6371
6344
6296
6367
6331
6420
6407
6400
6382
6463
6384
6304
6472
6472
6466
6486
6600
6522
6510
6415
6470
6517
6490
6617
6595
6455
6482
6419
6400
6379
6373
6258
6308
6192
6248
6193
6156
6067
6112
6105
6178
6153
6223
6183
6141
6215
6145
6113
6101
6167
6073
6087
6073
6176
6129
6093
6141
6231
6231
6192
6247
6185
6109
5974
5963
5947
6010
6091
6017
6089
6102
6036
6168
6092
6171
6119
6134
6226
6235
6141
6234
6211
6257
6242
6287
6300
6263
6260
6318
6240
6291
6175
6330
6226
6271
6144
6130
6069
6178
6133
5991
6061
6006
6024
5929
5918
6093
5998
6014
5971
5786
5748
5674
5677
5706
5723
5698
5757
5749
5801
6033
6076
6136
6163
6109
6055
6043
6076
6219
6290
6311
6273
6265
6148
6006
6144
6024
6073
6029
6032
6055
6150
6165
6266
6278
6407
6448
6465
6442
6510
6595
6588
6681
6508
6426
6278
6367
6414
6551
6595
6624
6561
6553
6496
6529
6582
6558
6394
6438
6417
6497
6564
6620
6661
6607
6593
6443
6382
6403
6422
6376
6364
6327
6363
6278
6293
6193
6118
6051
6041
6021
6147
6027
6193
6140
6116
5990
6023
5860
5857
5806
5702
5688
5599
5662
5745
5757
5820
5816
5828
6026
6073
6079
6158
6106
6068
5920
5966
5951
5978
5843
5799
5671
5606
5513
5392
5513
5557
5503
5507
5506
5558
5620
5686
5641
5682
5614
5624
5498
5543
5513
5578
5544
5518
5615
5510
5469
5623
5521
5477
5501
5344
5451
5420
5363
5484
5510
5549
5512
5496
5499
5448
5488
5481
5373
5422
5558
5554
5560
5598
5589
5741
5684
5772
5807
5781
5780
5848
5766
5756
5751
5837
5833
5826
5813
5848
5879
5749
5701
5734
5676
5717
5710
5701
5600
5640
5534
5534
5526
5720
5699
5737
5755
5744
5738
5783
5722
5643
5606
5696
5532
5521
5416
5277
5196
5242
5158
5108
5143
5161
5099
5161
5142
5154
5223
5218
5285
5343
5335
5546
5546
5503
5442
5503
5571
5653
5592
5564
5596
5584
5502
5605
5642
5645
5455
5397
5388
5333
5214
5255
5281
5211
5298
5253
5298
5215
5209
5237
5284
5227
5250
5112
5125
5113
5104
5055
5138
5183
5166
5205
5121
5114
5153
5062
4926
4956
4934
4773
4693
4658
4677
4759
4805
4748
4780
4801
4653
4682
4658
4686
4805
4877
4953
4913
4960
4923
4999
4993
4953
4913
4806
4768
4762
4725
4848
4766
4783
4750
4810
4878
4867
4857
4650
4625
4565
4542
4556
4536
4624
4624
4746
4694
4749
4814
4927
4879
5010
4890
4864
4897
4922
4965
4989
4949
4938
4965
4978
4948
4933
4819
4826
4874
4911
4859
4866
4809
4889
4852
4900
5080
5192
5243
5203
5203
5176
5231
5281
5199
5327
5378
5392
5242
5313
5237
5213
5234
5200
5183
5047
5043
4994
4878
4908
4949
4980
5010
5067
5081
5258
5224
5204
5251
5179
5079
5108
5189
5136
5118
5199
5127
5087
5085
5181
5168
5158
5068
5128
5217
5259
5325
5442
5517
5392
5425
5354
5364
5365
5394
5332
5373
5468
5543
5553
5423
5455
5486
5431
5474
5432
5388
5248
5382
5450
5514
5533
5580
5557
5503
5546
