505000
200197
141155
111135
92402
79898
70528
63262
57446
52782
48718
45165
41668
38939
37084
34784
33072
31426
30220
29014
28049
26965
25969
24985
24239
23388
22862
22170
21278
20594
19945
19191
18473
18056
17569
17247
16764
16615
16449
16190
15944
15758
15355
15298
14917
14621
14332
14148
13913
13645
13405
13104
12891
12970
12643
12464
12222
12124
12076
11815
11547
11359
11323
11153
10802
10910
10739
10657
10679
10834
10700
10536
10385
10317
10305
10377
10088
10049
9971
9993
10053
10094
10112
10143
10056
9973
9834
9658
9491
9591
9541
9438
9426
9455
9348
9332
9375
9126
9136
9192
9299
9128
9079
8909
8948
8889
8834
8670
8718
8637
8655
8667
8595
8527
8620
8562
8598
8483
8415
8470
8486
8579
8556
8462
8429
8317
8328
8234
8171
8259
8222
8194
8195
7943
7840
7755
7737
7849
7863
7844
7766
7835
7724
7767
7693
7620
7616
7545
7617
7668
7766
7586
7551
7606
7661
7636
7541
7498
7459
7416
7443
7337
7377
7356
7383
7397
7403
7484
7426
7290
7385
7334
7359
7394
7267
7156
7034
7006
7030
7009
6975
6985
7002
6921
6978
6959
6959
7042
7060
7005
6980
6965
7107
6929
6941
6885
6862
6933
6912
7051
7206
7313
7312
7425
7366
7388
7408
7366
7396
7348
7381
7472
7456
7361
7301
7281
7251
7327
7324
7461
7551
7550
7591
7647
7514
7525
7426
7290
7250
7358
7422
7342
7469
7521
7604
7541
7600
7585
7512
7429
7529
7416
7444
7545
7427
7387
7405
7412
7344
7379
7365
7408
7425
7506
7431
7340
7347
7386
7428
7474
7475
7374
7414
7300
7244
7232
7317
7259
7106
7282
7259
7159
7324
7190
7213
7203
7209
7193
7127
7068
6982
6837
6831
6762
6646
6695
6761
6639
6708
6863
6920
6795
6719
6665
6699
6761
6709
6743
6579
6592
6513
6498
6418
6314
6085
6191
6277
6376
6525
6357
6396
6430
6388
6342
6425
6238
6220
6213
6120
6157
6138
6168
6126
6073
6145
6084
6198
6182
6053
5885
5820
5803
5719
5677
5680
5747
5776
5750
5885
5914
6004
5899
5887
5858
5831
5864
5851
5932
5937
5955
5986
6006
6013
6021
5886
5937
5898
5946
6029
5969
5893
5832
5857
5716
5665
5549
5517
5655
5579
5585
5626
5636
5588
5705
5759
5787
5743
5764
5754
5645
5552
5635
5688
5573
5540
5734
5675
5804
5684
5654
5617
5550
5699
5699
5673
5561
5538
5568
5653
5711
5700
5692
5763
5811
5973
5806
5712
5769
5664
5713
5807
5781
5836
5748
5702
5632
5569
5467
5521
5564
5590
5520
5573
5617
5610
5666
5753
5814
5863
5990
5791
5786
6027
6001
5954
5992
5974
5950
6041
6180
6200
6279
6259
6149
5982
5810
5867
5833
5744
5762
5750
5780
5736
5726
5691
5755
5815
5743
5761
5790
5789
5804
5712
5782
5661
5643
5615
5755
5778
5756
5762
5744
5756
5723
5585
5626
5608
5582
5529
5427
5368
5331
5251
5292
5352
5430
5462
5381
5465
5513
5405
5434
5573
5599
5691
5829
5817
5911
5909
5961
5945
5894
5852
5823
5766
5745
5830
5730
5774
5671
5692
5567
5613
5583
5575
5467
5431
5454
5429
5333
5405
5358
5300
5309
5356
5283
5315
5342
5290
5312
5374
5236
5157
5147
5069
4992
4930
4829
4925
4952
5054
5124
5161
5121
5022
4952
4956
4977
5017
4994
5004
5003
4944
4914
4973
5057
5105
5044
5018
4980
4902
4914
5002
5004
4915
4960
5072
5027
5048
5131
5161
5211
5398
5492
5475
5365
5345
5335
5291
5317
5320
5442
5518
5590
5679
5620
5584
5578
5691
5709
5722
5722
5760
5743
5819
5818
5705
5731
5824
5846
5822
5765
5617
5557
5536
5603
5558
5806
5779
5730
5723
5731
5764
5850
5826
5933
5962
5995
6094
6149
6074
6196
6125
6052
5970
5869
5814
5794
5870
5802
5826
5779
5795
5835
5786
5819
5734
5792
5837
5817
5778
5711
5724
5715
5761
5701
5521
5558
5636
5721
5800
5732
5720
5656
5662
5598
5588
5376
5472
5474
5437
5375
5419
5657
5640
5640
5598
5559
5667
5663
5698
5808
5966
5808
5776
5713
5745
5652
5791
5833
5917
5788
5735
5691
5643
5750
5842
5842
5793
5830
5887
5964
5956
5914
6036
6022
5829
5792
5858
5830
5889
5927
5896
5999
6048
6077
6017
5935
5803
5803
5781
5808
5787
5765
5813
5705
5611
5603
5511
5512
5498
5431
5338
5466
5562
5453
5558
5516
5477
5503
5554
5511
5488
5533
5637
5744
5749
5710
5661
5586
5531
5501
5510
5421
5566
5535
5640
5651
5602
5596
5640
5620
5669
5769
5732
5692
5692
5497
5520
5492
5501
5439
5364
5331
5311
5446
5430
5470
5486
5544
5456
5438
5491
5598
5670
5684
5757
5770
5813
5874
5784
5893
5864
5747
5600
5512
5442
5490
5577
5593
5518
5650
5696
5778
5785
5772
5852
5868
5843
5835
5810
5852
5855
5956
5863
5825
5953
5991
5957
6040
6074
6089
6085
6096
6082
5995
6120
5989
6007
6036
5985
5987
6088
6105
6110
6188
6238
6119
6063
6043
6119
6103
6082
6074
6074
6032
6061
6076
6161
6092
5973
5971
6015
5891
5821
5851
5975
5893
5881
5858
5858
5902
5831
5725
5956
5922
5970
5894
5904
5864
5866
5899
5900
5992
6070
6080
6062
6080
6018
6064
5995
6061
6131
6220
6216
6048
5992
5935
6001
5993
5924
5981
5928
5911
5931
5957
5910
5921
5939
5793
5991
6005
5918
6025
5933
5857
5882
5870
5854
5845
5877
5957
6039
6039
6050
6059
5996
5936
5967
5924
5913
5825
5992
6010
6059
5934
5931
5952
6019
5914
6007
5987
5937
5819
5853
5703
5596
5560
5624
5499
5415
5401
5382
5509
5600
5685
5685
5795
5945
5763
5735
5694
5645
5672
5719
5867
5887
5934
5819
5869
5994
5940
5788
5709
5605
5619
5805
5757
5668
5723
5740
5756
5784
5900
5811
5760
5732
5743
5763
5692
5650
5665
5654
5748
5698
5640
5845
5882
5938
5984
5969
5908
5991
6031
6041
6053
6086
6008
5978
5973
5931
5821
5797
5843
5897
5876
5975
6029
6010
5881
5943
6003
5993
5982
5984
5887
5967
6090
6122
6197
6357
6280
6202
6192
6111
6180
6275
6115
5979
5921
5791
5920
5859
5872
5791
5718
5578
5636
5500
5485
5393
5364
5466
5541
5536
5616
5558
5501
5354
5230
5248
5154
5246
5133
5117
5148
5058
4950
4949
5024
5139
5184
5171
5200
5153
5080
5119
5124
5140
5233
5215
5172
5120
5257
5329
5382
5319
5361
5445
5460
5514
5516
5515
5481
5525
5584
5468
5662
5773
5712
5922
5976
5949
5949
6022
6058
5890
5896
5832
5803
5798
5723
5675
5604
5675
5690
5733
5646
5722
5707
5773
5863
5964
5898
5900
5821
6064
5967
6052
6081
5977
5983
6034
5970
5963
5990
5923
5928
6059
5990
6016
5980
6027
6162
6162
6154
5962
6030
6044
6069
6014
5971
5896
5931
5968
5798
5800
5797
5710
5698
5701
5610
5593
5640
5779
5790
5713
5713
5716
5735
5803
5723
5570
5754
5683
5727
5646
5531
5502
5575
5559
5449
5343
5436
5513
5542
5579
5555
5579
5598
5662
5556
5561
5512
5463
5544
5538
5532
5543
5541
5455
5393
5332
5154
5144
5227
5255
5363
5381
5446
5504
5359
5369
5314
5249
5244
5234
5192
5077
5075
5023
5047
5115
5067
5070
5044
5089
5085
5080
5137
5055
5183
5245
5153
5308
5367
5301
5293
5409
5306
5265
5295
5317
5344
5358
5367
5407
5473
5350
5259
5277
5144
5114
5066
4931
4923
4905
4929
4998
5053
5092
5067
4993
4979
4920
4914
4979
5009
5070
5104
5120
5157
5253
5252
5201
5046
4941
4902
4916
5046
5100
5188
5145
5048
5185
5097
5007
5024
5088
5153
5106
4997
4999
4957
4977
5090
5077
5094
5108
5288
5273
5199
5066
5049
5045
5171
5192
5253
5436
5391
5356
5332
5216
5066
5028
5079
5171
5140
5330
5313
5381
5293
5304
5323
5362
5352
5433
5383
5294
5239
5087
5093
5078
5090
5190
5185
5182
5099
5109
5081
5173
5177
5033
5007
4973
4880
4893
4902
4862
4719
4805
4896
4898
4965
4998
4994
4974
4955
4930
4907
4922
4778
4724
4772
4718
4783
4935
4989
4914
4929
4954
4877
4975
4853
4810
4798
4789
4770
4650
4623
4605
4539
4581
4604
4570
4439
4454
4467
4424
4535
4712
4668
4748
4861
4847
4707
4830
4834
4843
4948
4957
5059
5104
5134
5118
5150
5131
5059
5152
5109
5141
5157
5292
5346
5342
5438
5517
5566
5635
5739
5605
5652
5613
5531
5635
5619
5559
5512
5558
5437
5441
5540
5540
5482
5504
5564
5577
5621
5644
5626
5699
5672
5705
5698
5756
5738
5749
5742
5671
5687
5641
5585
5671
5559
5524
5540
5496
5472
5559
5545
5637
5694
5667
5760
5826
5860
5764
5722
5778
5732
5813
5839
5805
5790
5762
5771
5744
5785
5823
5869
5836
5855
5891
5841
5840
5748
5671
5642
5622
5730
5684
5658
5753
5822
5702
5861
5810
5747
5767
5883
5983
5925
5867
6002
5975
5887
5807
5808
5759
5702
5577
5522
5471
5525
5564
5547
5618
5683
5672
5777
5750
5778
5767
5756
5640
5642
5698
5588
5566
5534
5456
5355
5232
5226
5269
5130
5168
5166
5248
5202
5294
5398
5385
5466
5525
5682
5702
5752
5722
5803
5860
5828
5987
5907
5954
5994
6061
6214
6152
6153
6163
6118
6051
6104
6039
5901
5857
5782
5737
5603
5585
5450
5346
5407
5426
5526
5446
5539
5558
5671
5670
5595
5697
5655
5615
5562
5531
5591
5518
5568
5506
5547
5510
5558
5641
5675
5581
5573
5582
5694
5659
5707
5662
5604
5713
5787
5828
5638
5768
5724
5723
5729
5612
5644
5573
5622
5665
5717
5730
5823
5907
5893
5843
5809
5766
5851
5814
5736
5642
5666
5586
5677
5650
5576
5470
5503
5397
5341
5336
5364
5446
5434
5401
5334
5316
5408
5364
5417
5414
5423
5316
5256
5144
5079
4947
5072
5092
5013
4940
5016
5046
5110
5180
5328
5330
5389
5392
5327
5312
5342
5353
5451
5425
5505
5524
5460
5413
5326
5351
5327
5290
5400
5260
5220
5132
5109
5070
5099
4983
4973
4911
4990
4974
4876
4858
4881
4838
4958
4986
5020
5139
5089
5050
5014
4862
4798
4744
4820
4757
4704
4781
4863
4885
4983
4983
4990
4856
4782
4728
4705
4697
4735
4740
4894
4876
4911
4900
4765
4844
4761
4719
4587
4444
4529
4588
4546
4597
4572
4578
4601
4671
4720
4741
4599
4627
4699
4705
4756
4762
4718
4726
4773
4810
4673
4659
4768
4713
4789
4771
4836
4868
4867
4809
4696
4749
4751
4770
4748
4708
4679
4674
4640
4651
4722
4776
4755
4784
4636
4600
4692
4614
4635
4550
4681
4798
4817
4791
4846
4848
4861
4738
4750
4738
4756
4690
4642
4587
4576
4576
4674
4642
4658
4664
4634
4456
4489
4529
4518
4540
4559
4525
4406
4369
4477
4423
4460
4539
4587
4509
4539
4474
4394
4514
4598
4672
4637
4621
4677
4655
4760
4711
4693
4632
4649
4596
4560
4576
4558
4486
4511
4473
4409
4437
4383
4393
4365
4517
4439
4485
4538
4498
4474
4407
4478
4529
4558
4641
4721
4741
4863
4912
5137
5104
5237
5282
5197
5138
5169
5144
5194
5361
5363
5308
5338
5226
5262
5292
5297
5260
5311
5291
5264
5311
5264
5252
5287
5222
5259
5221
5294
5333
5294
5134
5210
5164
5130
5139
5126
5078
5017
5091
5053
5064
5057
5061
5178
5213
5211
5233
5300
5242
5194
5243
5286
5205
5192
5221
5089
5136
5284
5269
5334
5405
5372
5331
5331
5344
5319
5291
5325
5406
5448
5400
5381
5443
5433
5369
5408
5342
5245
5258
5428
5400
5402
5453
5507
5611
5623
5591
5573
5633
5614
5590
5598
5543
5713
5826
5663
5625
5688
5600
5642
5684
5696
5700
5685
5729
5757
5671
5668
5690
5844
5770
5816
5814
5814
5823
5853
5845
5812
5927
5978
5844
5813
5716
5611
5731
5687
5732
5887
5893
5953
5996
6112
6158
5998
5932
6070
6052
6132
6007
6019
6062
6062
6083
6067
6123
6130
6115
6049
6091
6136
6083
6092
6163
6026
5843
5822
5977
5904
5727
5733
5727
5623
5678
5484
5393
5287
5259
5324
5329
5380
5449
5439
5375
5232
5241
5314
5233
5340
5366
5400
5429
5292
5310
5236
5117
5082
5112
4983
5018
5086
5087
5102
5125
5159
5111
5093
5062
5161
5217
5249
5340
5327
5425
5329
5377
5330
5292
5282
5178
5323
5322
5349
5252
5298
5320
5393
5213
5226
5208
5248
5196
5193
5225
5210
5307
5369
5322
5306
5310
5242
5199
5112
5118
5102
4995
5049
5129
5196
5138
5159
5128
5209
5247
5261
5320
5283
5192
5286
5323
5140
5038
5089
5107
5008
4957
5096
5119
5137
5179
5203
5211
5218
5238
5342
5396
5344
5465
5549
5586
5577
5542
5550
5443
5398
5323
5195
5157
5213
5251
5111
5148
5075
5110
5083
5168
5168
5093
5207
5254
5256
5279
5340
5378
5373
5244
5184
5188
5313
5378
5394
5290
5309
5305
5357
5308
5355
5390
5345
5303
5276
5316
5374
5346
5341
5309
5365
5221
5241
5377
5512
5536
5458
5447
5423
5336
5199
5266
5301
5303
5187
5365
5314
5321
5168
5084
5033
5014
5005
4912
5027
4899
4993
5129
5144
5125
5161
5192
5206
5205
5310
5338
5266
5196
5050
5101
5071
4956
4963
4962
4877
4852
4820
4785
4795
4721
4716
4705
4741
4866
4965
5007
4953
4986
5014
5029
5132
5157
5168
5356
5237
5135
5002
5129
5012
5127
5048
5251
5189
5208
5138
5091
5079
5122
5091
5003
4968
4966
4906
4954
5043
4983
4981
5066
5080
5118
5102
5157
5135
5124
5221
5305
5231
5204
5043
5114
5101
5183
5107
5082
5256
5165
5131
5127
5079
5078
5034
5001
5037
5016
5068
5122
5091
5121
5025
5097
5101
5237
5206
5231
5231
5257
5241
5288
5233
5310
5358
5306
5355
5413
5500
5547
5621
5556
5744
5629
5659
5697
5812
5959
6025
6085
5987
5859
5975
6036
6196
6307
6251
6368
6506
6450
6453
6321
6428
6338
6278
6201
6381
6371
6370
6429
6552
6434
6423
6403
6347
6293
6376
6320
6295
6301
6131
6141
5919
5962
5999
6007
6038
5962
5847
5820
5823
5782
5801
5884
5897
5884
5798
5730
5704
5692
5729
5726
5730
5676
5826
5883
5782
5784
5700
5918
5976
5913
5921
5922
5909
5989
5991
6126
6197
6050
6048
6153
6201
6257
6144
6186
6192
6298
6367
6355
6294
6236
6325
6309
6276
6288
6289
6210
6310
6253
6184
6167
6147
6073
6049
5951
5933
5878
6011
5973
5998
5998
6061
6118
6173
6254
6195
6111
6196
6324
6246
6312
6367
6314
6499
6588
6596
6610
6533
6508
6326
6188
6148
6158
6334
6275
6313
6424
6466
6330
6200
6074
6200
6321
6234
6241
6228
6326
6280
6520
6547
6509
6516
6520
6436
6586
6640
6577
6605
6544
6483
6437
6365
6387
6297
6308
6274
6184
6186
6154
6176
6149
6123
6019
6001
6060
6041
5985
5992
6115
6208
6252
6117
6031
6048
6090
6019
5947
5958
5987
6028
6009
5949
6003
6022
5934
5936
5971
5884
5810
5803
5901
5840
5882
5759
5822
5746
5807
5653
5718
5650
5684
5642
5453
5395
5336
5417
5445
5470
5435
5423
5373
5243
5237
5141
5087
5034
5053
5065
4955
5017
4837
4680
4580
4538
4532
4532
4525
4647
4712
4630
4630
4681
4738
4684
4631
4671
4684
4640
4731
4747
4652
4666
4625
4618
4692
4768
4735
4755
4754
4860
5017
5031
5180
5151
4990
4918
5041
5046
4962
4901
5076
5094
5190
5123
5015
5041
5154
5130
5159
5144
5174
5269
5213
5230
5351
5354
5392
5470
5517
5364
5308
5372
5416
5317
5302
5364
5381
5459
5485
5515
5541
5548
5573
5455
5452
5430
5351
5321
5235
5300
5421
5304
5188
5226
5294
5313
5312
5277
5427
5440
5467
5469
5373
5413
5304
5399
5493
5539
5480
5437
5471
5626
5700
5694
5517
5356
5231
5162
5135
5249
5405
5421
5373
5441
5475
5466
5492
5590
5532
5481
5433
5316
5353
5486
5616
5558
5368
5385
5418
5456
5511
5424
5374
5389
5315
5296
5318
5417
5456
5487
5496
5491
5476
5410
5185
5223
5142
5229
5148
5167
5097
5140
5095
5085
5037
4939
5104
5094
5100
5101
5137
5259
5293
5311
5182
5195
5051
5087
5026
4871
4923
4949
5094
5107
5090
5072
5254
5129
5112
5226
5274
5158
5168
5188
5171
5201
5222
5191
5211
5073
5078
5132
5118
5020
5040
5030
5093
5167
5016
5084
4971
4948
4950
5040
5087
5141
5143
5216
5208
5080
5129
5161
5138
5129
5277
5153
5090
5095
5111
5170
5184
5240
5266
5280
5387
5376
5454
5475
5584
5573
5546
5547
5537
5498
5538
5618
5501
5533
5523
5559
5582
5625
5577
5580
5489
5489
5538
5558
5552
5559
5504
5506
5521
5558
5533
5676
5641
5746
5692
5781
5728
5717
5755
5833
5925
5926
5944
5893
5960
5973
5891
5817
5812
5825
5890
5880
5919
5941
5900
5975
6165
6186
6112
6204
6217
6092
6084
6203
6277
6187
6136
6024
5989
5929
5913
5871
5871
5838
5817
5851
5803
5718
5872
5895
5999
6139
6084
6229
6221
6209
6180
6098
6095
6096
6065
6157
6037
6051
5993
6027
6022
6035
6119
6120
5969
6015
5988
5998
5972
6039
5997
6012
6101
6096
6070
6074
6220
6143
6115
5997
5973
5978
5909
5785
5844
5898
5882
5991
5896
5896
5871
5725
5851
5870
5984
6069
6097
6115
6067
5897
6016
6040
5926
6004
6040
6170
6230
6206
6134
6070
6104
6119
6102
6133
6105
6149
6080
6054
5932
5974
5929
5867
5834
5915
5907
6075
6147
6110
6101
6176
6254
6265
6476
6497
6439
6448
6327
6351
6312
6286
6405
6238
6217
6283
6345
6341
6254
6233
6226
6178
6105
5914
5769
5834
5892
5886
5826
5956
5845
5857
5909
5900
5792
5740
5880
6029
6068
6039
5933
5902
5882
5893
5863
5917
5904
5986
6041
5918
5873
5974
6037
5918
6008
6044
6078
6177
6299
6283
6092
6257
6256
6120
6045
6074
6095
6220
6182
6107
6045
6098
6107
6124
6073
6082
6163
6086
6040
6123
6071
6154
6228
6298
6113
5856
5828
5868
5784
5856
5921
5898
5905
6060
6151
6172
6181
6118
6155
6220
6143
6203
6286
6186
6130
6068
6215
6056
6031
6075
6120
6013
5942
5897
5932
6114
5972
6035
6157
6180
6195
6199
6266
6371
6412
6503
6349
6299
6272
6277
6177
6212
6240
6139
6230
6192
6187
6223
6254
6224
6261
6230
6184
6204
6220
6128
5979
5922
5890
6020
6032
6052
6006
6105
6167
6214
6080
6117
6119
6064
6025
6057
6084
6143
6202
6031
6087
6047
6092
6057
6108
6135
6127
6121
6111
5994
6035
6093
6059
6021
6092
6168
6092
6229
6374
6304
6227
6187
6292
6372
6457
6432
6428
6548
6621
6539
6491
6439
6484
6353
6308
6195
6225
6233
6286
6467
6581
6590
6754
6658
6740
6827
6978
6886
6887
6918
6727
6747
6800
6813
6831
6897
7081
6960
7028
6860
6798
6755
6685
6751
6737
6642
6591
6571
6517
6540
6559
6597
6777
6786
6663
6619
6756
6772
6734
6729
6807
6776
6748
6780
6663
6524
6463
6389
6412
6335
6408
6435
6535
6475
6439
6487
6554
6609
6619
6726
6604
6649
6749
6771
6915
6922
6812
6781
6870
6912
6920
6743
6858
6904
6838
6810
6776
6896
6739
6726
6620
6663
6649
6655
6680
6565
6514
6571
6588
6442
6344
6317
6316
6306
6248
6345
6202
6188
6135
6152
6293
6334
6158
6119
6069
5977
5957
5966
5964
5975
5853
5730
5809
5748
5696
5686
5771
5779
5723
5768
5808
5744
5854
5812
5759
5760
5809
5766
5846
5744
5574
5518
5453
5472
5459
5512
5473
5425
5368
5465
5500
5495
5714
5783
5767
5799
5775
5823
5973
5929
5819
5642
5558
5620
5656
5558
5396
5474
5378
5344
5288
5391
5538
5432
5515
5490
5376
5312
5432
5416
5283
5289
5225
5362
5343
5365
5443
5602
5565
5574
5498
5602
5601
5757
5657
5657
5712
5851
5651
5569
5651
5532
5560
5552
5517
5600
5602
5624
5507
5442
5544
5405
5352
5412
5445
5542
5740
5750
5646
5599
5598
5649
5734
5826
5682
5544
5620
5619
5658
5643
5678
5582
5591
5779
5798
5783
5970
5969
6053
6169
6321
6394
6365
6358
6381
6433
6231
6125
6072
6040
6064
6107
6028
5940
5819
5834
5775
5667
5554
5734
5716
5602
5696
5673
5723
5624
5524
5467
5366
5378
5448
5393
5308
5368
5351
5262
5346
5350
5330
5427
5491
5548
5494
5383
5384
5398
5411
5489
5380
5311
5292
5284
5356
5355
5441
5413
5437
5351
5486
5575
5548
5606
5711
5651
5544
5520
5530
5425
5367
5436
5448
5402
5355
5408
5398
5409
5477
5462
5500
5453
5399
5382
5260
5246
5158
5266
5322
5376
5422
5386
5369
5213
5260
5303
5261
5230
5330
5367
5375
5476
5552
5499
5555
5578
5484
5512
5535
5398
5500
5378
5391
5296
5273
5267
5364
5482
5482
5470
5411
5299
5244
5275
5312
5270
5275
5133
5328
5435
5490
5494
5607
5685
5708
5676
5768
6017
6101
6095
6003
6017
5958
5963
5951
6090
6056
6130
6053
6068
6185
6142
6224
6260
6334
6337
6487
6591
6588
6481
6344
6287
6216
6255
6251
6350
6238
6408
6381
6458
6587
6414
6280
6237
6188
6131
6093
6193
6199
6288
6454
6410
6444
6450
6509
6534
6593
6737
6873
6848
6869
6855
6942
6947
7003
7100
6973
6789
6758
6753
6879
6969
7024
6921
6809
6739
6773
6629
6759
6772
6885
6935
6934
6880
6845
6757
6784
6883
7005
7101
7165
7072
7152
7151
7138
7226
7325
7396
7366
7338
7405
7348
7426
7461
7494
7530
7436
7408
7277
7250
7191
7183
7074
7039
7086
7067
7002
6897
6875
6912
6974
6868
6970
6903
6871
6852
6867
6894
6977
7009
6981
6949
6808
6791
6748
6706
6723
6621
6635
6675
6673
6613
6609
6598
6534
6449
6378
6484
6260
6214
6310
6287
6220
6315
6330
6369
6356
6454
6547
6519
6491
6471
6367
6342
6358
6389
6457
6414
6343
6406
6364
6480
6553
6667
6575
6508
6518
6414
6451
6372
6276
6334
6299
6283
6202
6294
6261
6344
6435
6348
6306
6236
6272
6377
6388
6321
6332
6302
6243
6161
6121
6099
6095
6182
6182
6158
6059
5899
5937
5992
6001
6086
6094
6124
6096
6125
6256
6238
6198
6280
6275
6226
6138
6277
6166
6201
6205
6185
6030
5992
5957
6011
5981
6042
6016
6012
6109
6128
6099
5970
6127
6135
6175
6243
6187
6141
6129
6206
6155
6031
5855
5783
5904
6006
6067
6156
6182
6201
6009
6026
6000
5836
5892
5909
5885
5842
5746
5672
5516
5609
5635
5684
5742
5827
5897
5860
5846
5922
5941
5864
5914
5814
5783
5777
5658
5660
5669
5605
5673
5673
5705
5634
5575
5634
5675
5756
5809
5653
5747
5854
5826
5823
5830
5752
5765
5754
5769
5836
5875
5902
5909
5927
5761
5845
5818
5792
5884
5933
5895
5891
5763
6020
6057
5960
5948
6008
6153
6038
6150
6007
6045
5868
5880
5863
5988
5974
5943
5985
5986
6054
6061
5996
5998
5996
6130
6048
6088
5996
6023
6114
6084
5934
5850
5851
5861
5830
5749
5736
5753
5727
5843
5870
5761
5901
5835
5896
5810
5687
5758
5717
5673
5623
5518
5475
5487
5623
5649
5697
5690
5611
5448
5327
5343
5382
5415
5493
5586
5578
5459
5356
5378
5318
5229
5206
5105
5087
5066
4996
5019
5093
5160
5235
5360
5326
5335
5433
5480
5509
5483
5573
5650
5716
5748
5785
5792
5802
5735
5690
5791
5786
5768
5713
5694
5815
5760
5714
5656
5783
5745
5765
5829
5869
5720
5737
5687
5674
5763
5823
5840
5932
6040
5966
5899
5962
5886
5837
5840
5871
5845
5813
5912
5844
5928
5912
5763
5591
5572
5495
5415
5526
5493
5494
5456
5425
5386
5348
5286
5372
5264
5226
5214
5281
5187
5244
5187
5273
5221
5388
5351
5385
5508
5485
5454
5476
5409
5385
5358
5364
5407
5292
5219
5191
5229
5188
5176
5092
5089
5141
5079
5074
4996
5118
5106
5009
5099
5139
5132
5177
5100
5059
4968
5071
5116
5130
5110
5052
4997
4954
5023
5098
5194
5194
5342
5392
5485
5483
5414
5561
5642
5644
5686
5651
5650
5633
5626
5476
5414
5316
5335
5283
5123
5270
5258
5169
5118
5195
5421
5426
5573
5521
5437
5360
5450
5464
5553
5503
5532
5576
5437
5266
5305
5337
5288
5257
5284
5224
5274
5274
5061
5123
5170
5154
5026
4941
4916
4875
4948
4893
4924
4942
4926
4889
4801
4768
4862
4778
4871
4817
4875
4924
5001
4909
4849
4987
4970
5020
5092
5136
5204
5282
5236
5297
5308
5249
5240
5255
5239
5340
5412
5462
5478
5534
5500
5473
5469
5425
5484
5521
5512
5420
5491
5520
5426
5329
5359
5518
5489
5594
5454
5573
5427
5352
5313
5332
5228
5200
5216
5206
5368
5330
5570
5491
5389
5453
5491
5545
5518
5584
5553
5534
5613
5523
5603
5706
5763
5812
5805
5853
5890
5833
5674
5701
5626
5672
5659
5497
5646
5687
5708
5722
5722
5712
5790
5831
5707
5742
5799
5739
5775
5884
5712
5623
5768
5776
5705
5638
5543
5622
5607
5511
5478
5481
5397
5339
5311
5206
5287
5394
5437
5497
5591
5482
5490
5475
5510
5481
5510
5472
5615
5584
5485
5606
5509
5519
5593
5641
5716
5740
5682
5648
5732
5624
5623
5632
5709
5724
5676
5716
5694
5805
5822
5718
5728
5638
5671
5600
5591
5599
5429
5413
5387
5336
5446
5591
5650
5682
5729
5644
5579
5562
5688
5672
5568
5711
5786
5750
5821
5777
5778
5742
5619
5591
5677
5709
5844
5942
5884
5917
5831
5760
5634
5594
5630
5648
5608
5505
5643
5668
5698
5620
5628
5553
5685
5614
5605
5608
5602
5572
5594
5486
5616
5590
5555
5617
5582
5588
5540
5508
5476
5451
5419
5342
5378
5399
5270
5233
5182
5212
5224
5142
5244
5261
5340
5384
5358
5379
5269
5282
5235
5139
5280
5321
5473
5395
5305
5290
5192
5244
5222
5240
5339
5201
5272
5205
5208
5183
5127
5099
5192
5337
5353
5276
5259
5334
5319
5302
5338
5306
5362
5394
5462
5423
5365
5400
5410
5466
5459
5546
5535
5630
5696
5686
5621
5479
5372
5379
5340
5346
5283
5149
5163
5156
5223
5191
5147
5172
5150
5148
5218
5342
5438
5449
5451
5371
5364
5335
5368
5410
5500
5521
5558
5531
5623
5647
5694
5643
5784
5661
5539
5595
5673
5638
5648
5542
5538
5584
5594
5716
5667
5630
5559
5520
5583
5638
5650
5617
5640
5615
5643
5721
5721
5719
5699
5722
5797
5810
5821
5653
5577
5646
5691
5636
5649
5639
5640
5623
5641
5542
5459
5426
5458
5409
5342
5377
5536
5548
5525
5579
5483
5389
5484
5454
5494
5539
5560
5628
5624
5581
5468
5353
5471
5576
5639
5608
5542
5419
5262
5389
5420
5462
5572
5603
5772
5776
5698
5711
5653
5643
5603
5565
5488
5485
5519
5459
5577
5723
5656
5624
5541
5524
5340
5404
5311
5282
5348
5316
5298
5317
5243
5182
5236
5121
5191
5102
5101
5071
5022
4962
4838
4807
4758
4814
4793
4857
4870
5019
4987
4925
4959
5045
5017
4989
5040
5057
5140
5091
5021
4943
5008
5052
5058
4944
5024
5039
4995
4886
4872
4929
4873
5006
4927
4797
4745
4679
4637
4648
4640
4615
4692
4677
4612
4784
4863
4861
4789
4736
4658
4563
4692
4831
4832
4863
4875
4899
5033
5091
5116
5151
5156
5197
5291
5256
5228
5135
5183
5128
5158
5175
5131
5173
5345
5424
5440
5512
5375
5490
5534
5616
5591
5500
5550
5553
5617
5662
5554
5608
5636
5763
5784
5852
5865
5999
5977
6044
6043
5895
5873
5875
5984
6032
6051
6152
6286
6315
6263
6415
6352
6459
6521
6563
6565
6545
6505
6524
6516
6506
6537
6364
6351
6349
6336
6294
6317
6193
6248
6396
6422
6285
6211
6274
6247
6185
6083
6116
6149
6272
6366
6277
6329
6291
6160
6086
6066
6017
6140
6178
6165
6165
6076
6119
6073
6106
6215
6165
6315
6307
6430
6467
6397
6317
6302
6263
6214
6209
6257
6225
6399
6294
6315
6335
6380
6261
6173
6254
6172
6170
6271
6330
6262
6281
6200
6058
6041
6039
5981
5929
5972
6019
6047
5838
5824
5764
5829
5745
5652
5685
5640
5621
5641
5619
5568
5577
5539
5535
5513
5510
5510
5598
5600
5463
5387
5424
5488
5453
5438
5386
5410
5305
5251
5226
5234
5267
5172
5066
5100
5040
5105
5024
5019
5014
4956
5080
5067
5085
4935
5002
5030
5116
5233
5287
5186
5195
5097
5193
5158
5118
5090
5099
5022
5008
4979
5017
4971
4978
5036
5106
4944
4909
4966
4928
4903
4868
4774
4824
4884
4730
4730
4763
4788
4904
4941
4934
4925
4918
4919
5000
4922
4995
5028
5014
4963
5011
5042
5033
5053
5179
5117
5097
5081
5029
4918
4870
4803
4771
4622
4587
4588
4396
4468
4397
4423
4430
4388
4366
4303
4385
4382
4389
4482
4435
4520
4465
4439
4479
4569
4570
4595
4627
4600
4503
4634
4755
4745
4636
4726
4734
4760
4767
4894
4882
4906
5003
4917
4807
4735
4706
4603
4580
4527
4565
4656
4663
4555
4651
4594
4713
4735
4651
4657
4681
4697
4703
4683
4636
4588
4550
4631
4763
4717
4699
4666
4687
4586
4585
4558
4424
4448
4573
4559
4591
4574
4666
4588
4669
4651
4648
4690
4648
4670
4591
4705
4668
4602
4594
4578
4565
4484
4376
4218
4195
4169
4063
3974
3937
4071
4090
3987
3825
3907
3883
3893
3827
3724
3722
3605
3627
3587
3602
3659
3684
3780
3735
3732
3736
3813
3854
3835
3839
3848
3851
3832
3869
3935
3897
3882
4026
4114
4058
4041
3928
3933
3962
4062
4062
4212
4206
4140
4224
4222
4138
4125
4197
4216
4182
4158
4229
4208
4226
4326
4408
4456
4544
4490
4627
4719
4875
4847
4943
4945
4995
4998
5053
4993
5036
5111
5144
5222
5170
5204
5303
5291
5295
5244
5220
5116
5252
5255
5335
5268
5269
5293
5380
5344
5330
5537
5469
5536
5544
5566
5571
5711
5573
5671
5674
5637
5725
5731
5845
5948
5830
5815
5926
5892
5877
6013
5952
5956
6003
6032
5920
5926
5837
5757
5689
5689
