505000
199869
141302
110774
92356
79889
69556
62008
55837
51034
47489
44116
41478
38996
36725
34691
33274
31922
30569
28992
28190
27075
25893
25054
24507
23589
22544
21676
20944
20585
20074
19708
19565
19057
18677
18362
17981
17470
17345
17107
16952
16521
16403
16133
15880
15595
15301
15034
14644
14566
13974
13871
13686
13465
13145
12941
12660
12334
12076
11993
11800
11894
11752
11556
11419
11196
11188
11304
11261
11013
10819
10667
10518
10298
10045
10003
9865
9676
9683
9821
9587
9457
9318
9313
9159
9056
8990
9040
9037
8841
8742
8596
8626
8567
8649
8534
8452
8436
8345
8397
8440
8312
8373
8311
8295
8142
8088
8164
8097
8037
7859
7828
7687
7732
7955
7800
7812
7801
7852
7861
7907
7657
7638
7588
7585
7621
7638
7579
7566
7543
7398
7458
7438
7423
7347
7286
7130
7157
6984
6987
7001
6977
6913
6776
6714
6757
6798
6785
6787
6793
6675
6604
6744
6763
6719
6601
6493
6555
6559
6444
6400
6319
6236
6237
6233
6037
6034
5995
5921
5835
5833
5549
5422
5469
5418
5404
5296
5292
5323
5246
5399
5360
5487
5513
5517
5465
5360
5294
5391
5327
5335
5236
5316
5369
5298
5368
5527
5411
5390
5384
5448
5542
5597
5644
5615
5686
5655
5663
5720
5720
5799
5781
5818
5841
5942
5961
5983
5930
5933
5864
5823
5837
5883
6006
6001
6088
5987
6055
6092
6105
5917
5932
5993
5914
5937
5899
5856
5789
5737
5758
5789
5729
5680
5738
5737
5813
5866
5708
5648
5688
5588
5732
5752
5724
5740
5759
5750
5640
5679
5547
5574
5565
5566
5644
5647
5656
5661
5755
5773
5766
5793
5752
5679
5678
5708
5650
5745
5621
5495
5602
5725
5751
5681
5769
5716
5660
5786
5720
5782
5627
5582
5501
5441
5505
5632
5608
5554
5708
5691
5612
5612
5542
5571
5551
5547
5530
5594
5509
5485
5628
5567
5415
5361
5338
5376
5321
5403
5362
5313
5328
5346
5415
5433
5526
5542
5446
5502
5381
5323
5383
5494
5426
5409
5454
5512
5522
5584
5623
5654
5605
5672
5717
5647
5721
5777
5755
5846
5870
5923
5843
5818
5742
5687
5766
5702
5706
5636
5621
5615
5674
5700
5621
5489
5556
5724
5610
5664
5730
5865
5952
5878
5982
6107
6091
6227
6305
6154
6282
6275
6253
6190
6206
6157
6187
6129
6070
5885
5781
5810
5875
5779
5683
5573
5521
5342
5450
5394
5447
5562
5586
5631
5647
5673
5607
5564
5583
5654
5727
5769
5829
5800
5844
5779
5777
5722
5851
5800
5788
5896
5797
5857
5733
5732
5735
5674
5586
5609
5560
5512
5362
5437
5444
5532
5507
5526
5510
5567
5757
5731
5696
5655
5604
5532
5557
5535
5551
5706
5668
5725
5805
5679
5492
5360
5414
5481
5461
5450
5537
5648
5721
5643
5738
5790
5901
5898
5905
5927
5828
5776
5857
5828
5872
5845
5767
5700
5726
5775
5772
5749
5857
5709
5714
5655
5783
5839
5808
5866
5825
5773
5849
6032
6049
6112
6042
6163
6087
6134
6133
6100
6149
6086
6142
6196
6186
6197
6194
6292
6366
6413
6273
6296
6172
6367
6321
6251
6423
6265
6258
6307
6195
6176
6184
6126
6102
6162
6057
6050
6042
6065
5945
5876
5953
5894
5839
5844
5847
5797
5854
5911
5997
6041
6034
5992
5925
6037
6000
5852
5841
5965
6037
5869
5804
5832
5935
5973
5781
5838
5902
5799
5695
5760
5760
5652
5569
5641
5649
5665
5697
5768
5768
5851
5749
5723
5718
5815
5914
5867
5874
5876
5917
5951
5912
5919
6059
6160
6139
6006
5892
5924
5893
5774
5823
5704
5637
5649
5626
5530
5652
5547
5419
5369
5474
5372
5344
5373
5440
5527
5566
5610
5687
5680
5697
5653
5643
5559
5509
5550
5571
5625
5606
5660
5683
5682
5709
5676
5668
5698
5712
5601
5549
5613
5655
5601
5777
5880
5759
5792
5759
5741
5694
5702
5664
5693
5613
5568
5651
5884
5857
5914
5944
5855
5907
5846
6004
5989
5928
5913
6033
5902
5921
6092
6162
6088
6057
6031
6096
6024
5990
6084
5939
6064
6211
6168
6203
6225
6263
6153
6186
6220
6087
6140
6200
6286
6222
6174
6130
6091
6042
6057
5924
5861
5641
5664
5679
5666
5617
5593
5602
5594
5721
5754
5737
5687
5690
5587
5546
5450
5527
5476
5575
5593
5624
5794
5773
5767
5787
5795
5707
5833
5855
5940
5854
5876
5901
5884
5886
5814
5895
5861
5795
5723
5628
5720
5761
5748
5684
5711
5589
5620
5634
5655
5425
5421
5447
5409
5497
5417
5394
5408
5514
5552
5516
5381
5411
5413
5405
5280
5426
5446
5368
5300
5237
5384
5353
5154
5149
5044
5116
5196
5252
5212
5239
5189
5223
5273
5313
5317
5279
5233
5276
5291
5178
5199
5186
5210
5251
5311
5520
5586
5661
5685
5828
5835
5869
5748
5791
5778
5725
5776
5684
5771
5773
5799
5733
5750
5847
5830
5890
5878
5831
5796
5867
5908
5830
5967
5953
5971
6052
6045
6113
6071
5971
6038
6066
6192
6127
6267
6269
6272
6283
6299
6163
6008
6074
6057
6118
5971
5792
5701
5816
5660
5602
5640
5635
5617
5661
5615
5569
5548
5609
5666
5634
5631
5666
5625
5821
5861
6036
6151
6170
6240
6240
6274
6341
6314
6381
6484
6492
6395
6401
6333
6228
6331
6324
6388
6346
6115
6094
6121
6049
6106
6096
6082
6152
6142
6047
6059
6111
6050
6096
6099
6066
6134
6058
6035
5920
5885
5795
5781
5771
5823
5775
5800
5868
5854
5713
5676
5666
5713
5825
5839
5795
5758
5688
5674
5655
5692
5756
5726
5693
5778
5748
5731
5803
5820
5846
5775
5762
5805
5692
5702
5783
5646
5653
5663
5502
5504
5464
5520
5509
5613
5809
5774
5813
5811
5738
5811
5746
5814
5720
5715
5715
5884
5957
5860
5855
5833
5933
5941
6008
6056
6001
5891
5900
5907
5876
5795
5585
5607
5501
5581
5620
5652
5675
5669
5670
5678
5604
5599
5535
5497
5513
5480
5512
5526
5381
5507
5459
5375
5367
5389
5430
5451
5563
5510
5461
5584
5695
5580
5471
5374
5303
5193
5268
5229
5282
5185
5181
5203
5179
5217
5253
5198
5158
5176
5137
5161
5113
5066
4959
5034
4918
5070
5023
4907
4877
4749
4788
4708
4724
4727
4695
4605
4728
4542
4446
4511
4489
4491
4548
4497
4526
4581
4582
4590
4648
4552
4675
4666
4773
4813
4748
4752
4748
4621
4642
4628
4580
4565
4566
4727
4628
4713
4725
4691
4631
4626
4709
4716
4707
4697
4743
4872
4856
4690
4699
4561
4553
4626
4543
4601
4532
4602
4499
4636
4638
4660
4693
4737
4800
4728
4778
4852
4932
4957
4834
4716
4711
4775
4743
4713
4814
4754
4757
4832
4806
4918
4885
4924
5022
5021
5036
5030
5028
4962
5039
5104
5112
5044
4940
4879
4845
4775
4746
4787
4786
4883
4949
4923
4819
4830
4891
4790
4882
4895
4906
4916
5003
4943
4870
4888
4991
4920
4871
4979
4896
4887
4784
4762
4809
4882
4856
4920
5021
5002
4958
4963
4937
4917
4872
4796
4942
4805
4812
4701
4788
4704
4736
4718
4661
4702
4678
4629
4692
4606
4681
4721
4754
4710
4786
4755
4721
4663
4601
4719
4582
4554
4508
4430
4445
4503
4533
4528
4420
4353
4381
4396
4445
4482
4563
4627
4486
4478
4417
4476
4417
4506
4582
4671
4697
4594
4490
4456
4465
4334
4344
4312
4341
4253
4290
4318
4265
4286
4185
4151
4157
3999
4039
4123
4220
4175
4118
4215
4134
4132
4096
4199
4253
4283
4375
4286
4421
4437
4448
4499
4533
4598
4643
4646
4525
4566
4581
4567
4555
4537
4562
4549
4607
4666
4675
4727
4642
4647
4681
4621
4616
4599
4660
4550
4613
4564
4558
4683
4774
4746
4797
4881
4983
5060
5142
5073
5025
4959
4893
4888
4900
4994
5040
5111
5171
5156
5077
5002
4958
4908
4908
4875
4842
4769
4780
4842
4998
4946
5006
4942
4750
4747
4819
4758
4808
4881
4909
4942
4852
4806
4728
4828
4687
4637
4727
4642
4686
4595
4635
4631
4661
4771
4789
4821
4739
4687
4722
4726
4817
4743
4734
4823
4979
5090
4977
4926
4849
4936
4793
4704
4695
4809
4864
4867
4801
4743
4747
4795
4821
4833
4868
4982
4949
5071
5085
5141
5225
5208
5154
5077
5026
4987
5029
5083
4923
4868
4997
4974
5031
4943
5015
4977
4978
4920
4812
4816
4824
4832
4839
4808
4752
4664
4684
4738
4644
4544
4600
4542
4602
4629
4553
4600
4484
4543
4590
4600
4656
4617
4538
4521
4525
4483
4508
4465
4436
4305
4264
4189
4282
4287
4337
4406
4388
4498
4445
4434
4518
4544
4678
4680
4737
4824
4803
4913
4975
5000
4973
4899
4765
4703
4638
4485
4465
4486
4382
4419
4353
4365
4376
4429
4371
4391
4544
4550
4627
4679
4598
4592
4705
4769
4742
4705
4649
4702
4727
4633
4633
4698
4717
4670
4549
4472
4436
4494
4490
4533
4567
4663
4630
4648
4637
4496
4486
4365
4451
4525
4497
4541
4635
4743
4798
4865
4885
4796
4912
4920
4895
4838
4805
4784
4863
4891
4951
4834
4663
4660
4675
4755
4789
4791
4875
4910
5001
4952
4966
4956
5006
5076
5121
5048
4968
4988
4883
4873
4731
4704
4805
4788
4901
4745
4772
4815
4917
4950
4972
4826
4787
4828
4847
4828
4857
4925
4982
4977
4876
4782
4676
4666
4740
4690
4596
4609
4550
4532
4628
4687
4716
4704
4721
4699
4828
4768
4744
4764
4714
4797
4732
4811
4991
4841
4997
4984
4971
5027
5002
5113
5051
5002
5027
5164
5222
5324
5301
5307
5272
5259
5299
5318
5466
5495
5484
5545
5509
5563
5688
5723
5769
5873
5887
5825
5817
5873
5832
5867
5847
5761
5626
5537
5626
5657
5541
5535
5512
5506
5474
5435
5384
5382
5323
5372
5372
5436
5395
5162
5214
5092
5096
5195
5239
5201
5283
5298
5423
5297
5376
5325
5295
5297
5362
5453
5353
5262
5313
5450
5350
5251
5341
5305
5306
5481
5519
5582
5662
5586
5573
5609
5618
5604
5753
5827
5760
5865
6009
5944
5845
5871
5885
5827
5884
5681
5765
5773
5647
5538
5564
5532
5524
5486
5520
5581
5579
5610
5718
5687
5767
5772
5796
5840
5854
5863
5892
5763
5790
5729
5684
5655
5523
5510
5537
5549
5495
5432
5537
5630
5628
5661
5526
5593
5639
5685
5690
5622
5676
5733
5774
5733
5795
5784
5733
5716
5822
5837
5946
5900
5903
5912
5969
5933
6000
6068
6073
6048
6053
6034
6015
5900
5827
5762
5714
5739
5764
5647
5536
5605
5567
5478
5450
5517
5624
5624
5734
5698
5684
5715
5738
5638
5703
5684
5830
5724
5750
5757
5715
5639
5632
5561
5566
5578
5555
5491
5592
5512
5460
5363
5276
5232
5185
5128
5104
5101
5109
5023
5101
5210
5225
5120
5097
5092
5108
5133
5151
5200
5150
5164
5107
5174
5199
5164
5137
5177
5276
5321
5265
5272
5309
5370
5273
5415
5433
5384
5426
5467
5434
5380
5271
5273
5174
5187
5161
5088
5083
5043
5151
5206
5265
5235
5095
5135
5019
5010
4974
5026
4947
4798
4756
4847
4856
4805
4957
4971
4931
4952
5113
5170
5118
5111
5151
5035
5047
5070
5045
4998
4958
5080
5156
5072
5190
5157
5102
5044
4938
4826
4771
4718
4624
4540
4545
4567
4556
4548
4673
4715
4766
4698
4600
4676
4744
4737
4789
4897
4940
4979
5028
5145
5212
5171
5226
5147
5216
5218
5135
5094
5054
5036
5158
5154
5192
5255
5332
5307
5355
5428
5329
5250
5014
5057
4963
5048
5070
5225
5266
5221
5202
5222
5219
5157
5168
5120
5118
5097
5129
5149
5086
4958
4941
4945
5085
5002
5022
4991
4954
4817
4832
4759
4806
4689
4710
4766
4821
4818
4814
4710
4760
4811
4813
4847
4921
4993
4864
4981
4935
5021
4901
4958
4906
5011
5117
5266
5277
5386
5294
5277
5365
5252
5150
5168
5339
5332
5387
5426
5573
5718
5601
5741
5713
5738
5685
5739
5624
5723
5847
5928
5959
5854
5821
5662
5711
5803
5840
5936
5901
5903
5818
5935
5887
6003
6113
6138
6031
6100
6130
6273
6328
6315
6333
6368
6401
6354
6445
6376
6489
6365
6259
6177
6157
6063
6020
6058
6185
6084
6043
6066
6238
6077
5998
5954
5922
5946
5964
5699
5738
5694
5593
5540
5538
5537
5483
5407
5439
5460
5491
5427
5458
5432
5457
5498
5539
5533
5599
5647
5764
5758
5842
5894
5979
6052
5994
6061
6257
6241
6089
5966
5945
5879
5929
5959
5930
5901
5968
5969
5967
6072
6041
6052
5994
5991
5977
5971
5978
5865
5912
5873
5853
5929
5998
5907
5823
5801
5787
5815
5881
5849
5812
5852
5721
5804
5823
5824
5775
5801
5869
5859
6025
5954
5885
5934
5993
5912
5961
6153
6281
6320
6297
6201
6251
6310
6329
6444
6396
6417
6443
6318
6324
6364
6441
6410
6372
6341
6321
6243
6162
6150
6201
6152
6090
6166
6113
6093
6019
5933
6033
5908
5857
5805
5865
5926
6027
5977
6021
5930
5838
5710
5734
5667
5621
5424
5525
5607
5652
5744
5792
5759
5623
5701
5711
5822
5726
5662
5756
5782
5866
5896
5977
5915
6008
5999
6007
5936
6034
6052
6029
5968
5930
5974
6070
6177
6066
6035
6053
5971
5986
5894
5842
5850
5787
5865
5882
5805
5841
5752
5629
5732
5716
5809
5815
5740
5787
5819
5675
5807
5614
5561
5474
5403
5357
5274
5250
5201
5228
5124
5210
5187
5329
5348
5290
5298
5330
5253
5282
5171
5054
5068
5019
5005
4954
4990
5023
4941
4938
4873
4866
4849
4900
4886
4903
4977
5071
5128
5142
5124
5146
4974
4981
4928
5016
5055
5072
5178
5089
5088
5103
5070
5075
5025
5154
5129
5188
5260
5331
5286
5293
5335
5290
5280
5279
5296
5456
5469
5326
5250
5296
5227
5281
5194
5266
5151
5051
5136
4972
4996
4935
5029
4936
5076
5124
5059
5031
5068
4958
4958
4893
4855
4991
4998
5015
5101
5257
5257
5337
5263
5369
5380
5256
5318
5212
5161
5080
5002
5010
4969
4984
4925
4774
4826
4809
4793
4864
4680
4633
4630
4730
4659
4725
4633
4598
4673
4696
4834
4827
4873
4882
4756
4862
4936
4954
4900
4913
4907
4934
5006
4972
4966
5014
4998
5091
5061
5016
5076
5118
5092
5098
5005
5073
5084
5145
5228
5191
5242
5232
5221
5282
5377
5348
5387
5412
5501
5539
5430
5472
5316
5320
5272
5275
5266
5303
5380
5415
5441
5586
5537
5517
5544
5498
5593
5577
5540
5585
5612
5692
5729
5711
5638
5532
5489
5491
5501
5622
5659
5638
5721
5743
5847
5894
5975
5999
6013
5932
5911
5919
5937
5939
5966
6048
6119
6154
6136
6204
6127
6105
5980
6056
6061
6117
6045
5987
6029
6070
6003
5862
5901
5933
5779
5840
5742
5794
5635
5635
5788
5922
5924
6039
6080
5998
5936
5914
5935
5836
5843
5813
5889
5733
5759
5610
5567
5491
5374
5273
5290
5305
5265
5226
5038
4963
5046
4884
5004
4964
4871
4838
4800
4907
4861
4838
4833
4892
4861
4930
5037
5166
5163
5101
5108
5119
5181
5258
5233
5220
5253
5234
5343
5381
5412
5353
5292
5355
5427
5380
5332
5281
5398
5386
5306
5425
5422
5399
5337
5376
5441
5493
5582
5603
5496
5397
5431
5538
5497
5481
5566
5477
5414
5406
5427
5347
5292
5387
5358
5279
5316
5375
5350
5365
5374
5320
5224
5286
5328
5327
5346
5298
5231
5181
5248
5361
5376
5432
5470
5543
5455
5522
5469
5442
5502
5623
5610
5789
5819
5882
5893
5803
5774
5809
5737
5702
5783
5850
5885
5863
5967
5962
5870
5938
5871
6002
5917
6007
5874
5876
5982
5964
6001
6061
6048
6092
6139
6130
6079
6007
5924
5909
5765
5762
5707
5795
5796
5743
5904
5811
5728
5687
5564
5465
5344
5458
5407
5392
5278
5288
5380
5459
5616
5667
5675
5794
5737
5748
5738
5714
5736
5632
5636
5730
5802
5788
6019
6023
5954
5969
5838
5813
5819
5786
5767
5716
5735
5684
5644
5668
5705
5772
5761
5837
5802
5627
5575
5445
5343
5296
5374
5315
5372
5330
5332
5330
5338
5308
5348
5349
5428
5514
5548
5577
5592
5527
5536
5528
5521
5550
5603
5536
5553
5470
5498
5485
5457
5531
5577
5550
5447
5397
5360
5411
5450
5341
5306
5234
5148
5189
5155
5251
5269
5354
5423
5395
5471
5520
5546
5570
5626
5654
5628
5638
5620
5612
5585
5493
5569
5644
5541
5463
5454
5406
5450
5490
5538
5559
5516
5572
5703
5789
5962
5862
5913
5873
5933
5859
5884
5941
6042
6078
6082
5931
5882
5927
5887
5927
5892
5918
5894
5861
5873
5841
5889
5848
5848
5820
5813
5904
5825
5980
6115
6237
6223
6191
6151
6217
6197
6301
6344
6379
6333
6332
6318
6367
6371
6322
6325
6399
6465
6474
6656
6743
6778
6714
6689
6673
6741
6712
6706
6643
6694
6750
6800
6696
6578
6429
6353
6233
6111
6181
6226
6354
6292
6296
6199
6250
6185
6314
6327
6386
6445
6403
6275
6287
6283
6245
6270
6195
6239
6334
6271
6221
6240
6245
6212
6254
6297
6396
6302
6234
6296
6332
6343
6338
6309
6246
6196
6240
6308
6276
6241
6318
6265
6269
6378
6177
6295
6419
6318
6449
6398
6389
6617
6601
6696
6665
6623
6656
6762
6728
6780
6843
6783
6726
6805
6903
6909
6865
6855
6874
6744
6724
6662
6649
6613
6558
6542
6630
6685
6727
6754
6826
7006
7027
7139
6990
6962
6908
6999
6958
6822
6889
6810
6791
6807
6788
6818
6769
6839
6877
6901
6758
6614
6597
6623
6538
6461
6268
6346
6358
6322
6318
6285
6345
6369
6307
6331
6290
6319
6352
6368
6436
6558
6495
6476
6490
6457
6500
6537
6639
6675
6797
6752
6708
6819
6862
6924
6872
6910
6940
6768
6650
6627
6626
6769
6649
6621
6659
6564
6582
6567
6346
6422
6619
6558
6462
6510
6314
6329
6239
6389
6339
6401
6409
6507
6441
6508
6470
6419
6337
6148
6196
6204
6238
6187
6015
5813
5907
6018
6012
6035
5992
5992
5908
5995
5937
5960
5881
5818
5723
5706
5752
5789
5766
5801
5875
5829
5841
5838
5702
5768
5721
5699
5748
5739
5691
5641
5626
5537
5550
5555
5540
5451
5343
5349
5340
5279
5363
5336
5372
5408
5343
5460
5523
5412
5407
5406
5375
5435
5328
5356
5418
5406
5497
5445
5439
5508
5377
5447
5411
5389
5504
5505
5554
5593
5660
5656
5652
5650
5579
5611
5716
5740
5748
5725
5796
5892
5948
5913
5950
5947
5930
5891
5788
5637
5705
5600
5568
5620
5661
5571
5624
5632
5752
5654
5663
5653
5774
5859
5892
5893
5899
5855
6011
6011
6070
5999
6085
6037
6019
5992
6066
6169
6185
6154
6140
6291
6223
6175
6118
6171
6025
6113
6123
6146
6091
5918
5948
6003
5895
5932
5925
5905
5916
6063
6085
6077
6003
6035
5998
6140
6155
6120
6246
6207
6113
6187
6196
6207
6211
6331
6366
6456
6546
6638
6587
6639
6610
6548
6399
6349
6283
6395
6490
6318
6310
6189
6083
6076
6133
6208
6180
6244
6196
6096
6065
6192
6090
6130
6196
6198
6156
6192
6300
6328
6504
6539
6409
6377
6189
6170
6167
6197
6220
6280
6289
6235
6184
6131
6042
5905
5861
5763
5677
5574
5523
5383
5398
5291
5305
5420
5565
5604
5594
5560
5523
5545
5622
5613
5497
5568
5571
5613
5708
5822
5922
5961
5839
5898
5808
5799
5856
6005
5933
5990
6063
6023
5943
5917
5964
5942
5992
5995
5987
6083
6045
6053
5968
6015
5938
5933
5831
5848
5866
5935
5975
6052
5941
5921
5959
6069
6049
6047
6124
6068
6032
6193
6077
6067
6064
5982
6039
6025
6035
6019
6019
6091
6088
6025
5998
5950
5906
5876
5868
5814
5799
5780
5860
5690
5584
5614
5460
5436
5415
5389
5429
5416
5299
5143
5189
5155
5110
5149
5206
5276
5367
5463
5395
5497
5573
5549
5532
5535
5591
5727
5740
5759
5822
5744
5640
5706
5651
5659
5781
5692
5745
5635
5745
5726
5626
5645
5523
5502
5535
5450
5367
5294
5375
5341
5323
5340
5380
5406
5443
5435
5362
5309
5271
5173
5196
5310
5331
5269
5264
5284
5342
5342
5453
5467
5482
5528
5602
5608
5638
5599
5488
5596
5713
5793
5878
6022
6148
6150
5962
5899
5875
5907
5980
5994
6044
6044
6086
6103
5977
5844
5850
5818
5777
5831
5785
5803
5804
5774
5643
5608
5567
5571
5443
5505
5500
5399
5277
5202
5271
5252
5233
5238
5164
5195
5277
5337
5325
5300
5341
5351
5287
5203
5302
5278
5275
5254
5344
5285
5313
5359
5444
5618
5628
5667
5645
5692
5631
5563
5647
5468
5534
5458
5366
5416
5443
5414
5417
5525
5603
5628
5519
5418
5360
5264
5303
5295
5214
5260
5200
5129
5156
5179
5250
5222
5112
5043
5112
5098
5042
5088
5170
5252
5267
5393
5472
5348
5453
5505
5469
5470
5333
5302
5303
5144
5263
5397
5422
5373
5524
5650
5627
5527
5460
5498
5373
5358
5284
5350
5425
5392
5365
5398
5460
5454
5435
5405
5537
5573
5579
5554
5529
5465
5447
5477
5453
5498
5536
5624
5478
5458
5459
5474
5323
5311
5334
5357
5472
5460
5411
5262
5294
5313
5333
5337
5253
5243
5215
5223
5162
5154
5322
5346
5226
5298
5361
5334
5428
5503
5345
5452
5588
5555
5515
5515
5618
5477
5521
5507
5542
5559
5510
5586
5484
5570
5624
5677
5715
5633
5492
5430
5403
5365
5527
5557
5563
5473
5448
5574
5592
5582
5639
5461
5457
5476
5405
5508
5507
5514
5474
5508
5592
5790
5734
5951
5953
6001
5920
5892
5881
6077
6051
6107
6330
6370
6271
6363
6344
6391
6483
6467
6431
6438
6421
6328
6442
6350
6276
6176
6125
6057
6013
6088
6072
6112
6082
6189
6148
6150
6049
5942
6036
6056
6139
6036
5921
5845
6037
6057
6159
6210
6110
6035
5963
6006
5943
5875
5783
5732
5698
5694
5617
5747
5745
5638
5683
5713
5563
5613
5626
5617
5781
5821
5825
5834
5795
5867
5887
5795
5723
5614
5593
5585
5674
5639
5561
5502
5467
5496
5522
5510
5538
5527
5413
5452
5501
5516
5527
5615
5527
5565
5594
5656
5683
5735
5699
5677
5775
5833
5935
5937
5968
6052
6026
6086
6081
5981
5968
5896
5889
5932
5902
5849
5693
5785
5864
5758
5747
5713
5782
5780
5701
5832
5796
5653
5572
5523
5420
5305
5439
5519
5469
5352
5308
5367
5486
5579
5471
5384
5396
5343
5243
5299
5272
5291
5279
5348
5349
5355
5273
5305
5419
5491
5528
5495
5461
5403
5369
5458
5384
5496
5442
5537
5554
5540
5415
5382
5357
5359
5472
5668
5525
5521
5614
5616
5582
5700
5618
5703
5701
5667
5643
5569
5710
5798
5808
5825
5866
5862
6006
5934
5856
5933
6033
6032
6003
6040
5979
5994
5919
5691
5713
5652
5746
5658
5716
5802
5933
6021
5990
5930
5955
6028
5889
5929
5982
5854
6032
5956
5992
6011
6060
6170
6053
5988
5999
5976
6000
5988
5970
6005
6008
6016
6060
6006
6091
6086
6056
6108
6114
6086
6116
6155
6149
6227
6247
6291
6316
6189
6122
6041
6002
6033
5968
6040
5999
5975
5990
6087
5936
6057
6114
6157
6022
5999
5965
6007
5948
5982
5950
5987
6044
6117
6239
6278
6430
6325
6332
6481
6472
6386
6516
6534
6462
6486
6493
6497
6429
6410
6464
6603
6590
6651
6612
6621
6715
6689
6722
6732
6747
6594
6683
6861
6890
6874
6925
6844
6719
6754
6626
6677
6542
6427
6400
6357
6505
6624
6728
6602
6506
6484
6500
6569
6551
6425
6383
6437
6509
6419
6462
6368
6286
6223
6140
5918
6019
6028
6023
5996
5990
5901
5834
5912
5890
5884
5915
6000
6063
6013
6012
6003
6062
6087
6036
6092
6230
6296
6210
6043
6138
6070
6177
6274
6312
6293
6123
6148
6199
6096
5989
5923
5776
5663
5651
5638
5598
5501
5526
5427
5359
5328
5447
5456
5492
5434
5492
5525
5510
5557
5571
5630
5477
5406
5333
5311
5209
5179
5123
5168
5138
5187
5184
5169
5192
5136
5058
5055
5159
5216
5225
5216
5240
5237
5223
5170
5165
5166
5215
5269
5210
4992
5006
5054
5114
5117
5083
5035
4997
4954
5007
4909
4922
4885
4868
4911
4819
4858
4904
4874
4874
4832
4849
4807
4737
4851
4787
4742
4786
4754
4727
4631
4605
4588
4666
4702
4749
4808
4831
4837
4901
4984
4943
4910
4835
4958
4889
4845
4809
4826
4816
4940
5008
4969
4971
4892
4916
5051
4995
5139
5157
5130
5116
5168
5195
5126
5151
5071
5281
5364
5406
5455
5438
5451
5501
5414
5513
5526
5637
5666
5531
5476
5577
5579
5612
5582
5595
5559
5571
5678
5698
5750
5558
5479
5421
5444
5413
5369
5398
5445
5441
5480
5509
5588
5597
5467
5536
5338
5346
5273
5265
5319
5231
5212
5243
5345
5228
5244
5291
5205
5189
5118
5053
5147
5186
5384
5288
5295
5339
5216
5195
5154
5052
5078
5215
5106
5022
5051
4987
4987
4975
5091
5016
5025
4984
4932
4806
4841
4934
4931
4864
4877
4913
5007
5073
4979
5077
5149
5161
5123
5102
4962
4980
4895
4745
4790
4825
4941
4872
4785
4728
4654
4590
4663
4625
4616
4630
4559
4481
4441
4612
4699
4823
4965
5135
5245
5330
5302
5253
5270
5247
5232
5255
5356
5325
5325
5422
5409
5468
5470
5535
5654
5683
5575
5501
5376
5372
5287
5289
5195
5181
5145
5151
5068
5133
5147
5150
5161
5211
5182
5173
5180
5197
5112
5133
5110
5168
5141
5117
5041
5052
5056
5097
5111
5145
5018
5121
5177
5080
5235
5285
5225
5279
5295
5229
5204
5125
5254
5231
5107
5000
4995
4984
4984
5094
4946
4879
4881
4886
4898
4811
4840
4858
4924
4953
4987
5091
5116
5245
5285
5332
5410
5383
5398
5452
5412
5431
5437
5378
5404
5420
5509
5539
5457
5462
5412
5307
5373
5337
5326
5313
5324
5254
5325
5282
5256
5228
5222
5288
5208
5170
5198
5163
5108
5093
5025
5111
5225
5157
5156
5244
5211
5322
5328
5285
5248
5245
5310
5470
5459
5469
5539
5517
5572
5574
5568
5664
5724
5728
5713
5665
5753
5741
5779
5683
5660
5710
5714
5773
5590
5535
5539
5493
5540
5578
5526
5586
5646
5655
5644
5614
5688
5775
5827
5899
5817
5785
5779
5838
5818
5991
5932
6067
6080
5989
5957
5869
5968
5936
5947
5892
5862
5963
6110
6100
6096
6143
6192
6028
6003
6035
5896
5910
6015
5872
5768
5880
5889
5917
5909
5892
6166
6087
6104
6086
6159
6017
6035
5888
5845
5798
5818
5933
6061
5964
5826
5929
5945
5862
5889
5928
5801
5862
5850
5944
5901
5983
6054
6080
6064
6001
6001
6077
6188
6104
5994
5991
6050
6022
6146
6112
6074
6144
6138
6061
5943
6031
6101
6099
6051
6035
5994
5947
5966
5998
5999
6015
5994
5936
6071
5896
5806
5653
5634
5674
5725
5740
5834
5761
5744
5670
5573
5576
5610
5626
5568
5461
5571
5614
5561
5753
5837
5741
5736
5704
5754
5811
5827
5769
5644
5546
5564
5473
5418
5459
5499
5546
5540
5470
5449
5561
5648
5703
5788
5758
5692
5604
5576
5552
5559
5565
5675
5561
5583
5539
5598
5615
5460
5492
5458
5506
5617
5722
5706
5642
5580
5563
5691
5814
5769
5591
5638
5620
5595
5557
5462
5478
5457
5480
5563
5703
5712
5711
5728
5586
5596
5345
5414
5473
5548
5620
5565
5512
5482
5498
5600
5518
5545
5599
5682
5673
5754
5745
5640
5636
5583
5544
5640
5632
5653
5615
5520
5396
5337
5291
5223
5236
5277
5353
5422
5435
5323
5430
5410
5401
5463
5322
5390
5329
5366
5308
5348
5275
5186
5180
5210
5207
5336
5442
5547
5456
5400
5355
5338
5295
5247
5228
5183
5249
5266
5272
5250
5233
5266
5322
5406
5482
5387
5358
5395
5388
5485
5352
5366
5470
5459
5386
5463
5493
5372
5392
5355
5398
5452
5464
5493
5454
5569
5512
5533
5598
5637
5656
5560
5506
5537
5501
5496
5451
5300
5066
5013
5073
5051
5166
5127
5129
5203
5347
5295
5331
5233
5214
5315
5327
5428
5341
5413
5494
5501
5573
5581
5582
5586
5535
5577
5589
5567
5486
5371
5336
5323
5180
5325
5310
5207
5219
5176
5201
5207
5172
5079
5215
5393
5436
5509
5557
5540
5503
5539
5613
5604
5615
5480
5455
5429
5442
5478
5420
5368
5407
5342
5372
5368
5399
5479
5466
5369
5492
5403
5449
5539
5578
5485
5515
5504
5578
5570
5646
5602
5580
5605
5683
5762
5779
5762
5739
5664
5810
5852
5784
5697
5900
5807
5732
5880
5882
5917
5816
5882
5819
5849
5784
5814
5985
5866
5903
6007
5965
5958
5930
5982
6047
6014
5965
6001
6010
5960
6048
6239
6225
6232
6225
6378
6317
6259
6273
6296
6280
6220
6241
6312
6261
6160
6139
6086
6028
5974
5978
6083
6001
5959
5938
6026
5963
6051
6079
6067
6100
6080
5937
5807
5707
5656
5731
5815
5837
5826
5821
5771
5703
5568
5592
5715
5760
5896
5889
5841
5835
5786
5694
5592
5588
5650
5646
5646
5601
5552
5540
5429
5425
5364
5480
5455
5437
5528
5564
5688
5656
5630
5575
5598
5526
5513
5534
5376
5378
5312
5350
5451
5253
5191
5164
5153
5121
5178
5116
5072
4998
5077
5067
4966
4968
4982
5068
5039
4904
4897
4816
4741
4703
4671
4706
4732
4690
4652
4786
4906
4862
4840
4734
4752
4730
4657
4594
4595
4637
4665
4547
4496
4455
4527
4596
4655
4662
4775
4873
4897
4995
5095
5010
5053
5153
5369
5335
5390
5309
5420
5363
5305
5447
5604
5698
5737
5699
5660
5420
5387
5434
5450
5480
5435
5496
5554
5591
5480
5436
5361
5334
5440
5341
5300
5355
5324
5384
5568
5394
5530
5649
5776
5754
5616
5643
5689
5717
5666
5691
5608
5598
5581
5633
5595
5599
5661
5686
5721
5787
5747
5613
5457
5376
5434
5455
5469
5461
5470
5493
5444
5357
5364
5273
5228
5291
5189
5223
5246
5197
5240
5343
5348
5348
5486
5493
5483
5391
5378
5337
5309
5300
5382
5317
5380
5411
5344
5368
5383
5414
5470
5553
5611
5765
5821
5854
5814
5830
5778
5642
5594
5558
5658
5639
5583
5596
5514
5470
5340
5231
5284
5228
5224
5264
5275
5225
5321
