505000
200264
142149
111687
92550
78811
69393
61903
55779
51220
47197
43978
41264
38793
36593
34853
33485
31889
30628
29420
28092
27002
25868
24658
23834
23210
22701
22019
21402
21116
20811
20354
19572
19149
18511
17919
17557
17030
16881
16567
16234
15800
15488
15265
15101
15011
14831
14556
14396
14211
14183
13916
13597
13442
13347
13087
12879
12619
12478
12333
12191
12195
12008
12058
11795
11828
11749
11672
11467
11341
11216
10861
10842
10554
10531
10446
10580
10547
10372
10394
10435
10510
10387
10432
10293
10151
10187
10334
10446
10228
10246
10109
9952
9783
9657
9620
9430
9404
9397
9304
9398
9218
9058
8911
9152
9061
8899
8928
8885
8969
9088
8914
8845
8756
8837
8713
8784
8704
8776
8724
8688
8620
8622
8592
8651
8515
8495
8412
8593
8588
8504
8448
8463
8566
8402
8363
8433
8371
8422
8384
8356
8237
8213
8133
8085
7919
7887
7989
7931
8074
8070
8193
8133
8218
8055
7985
7936
8018
8148
8175
8161
8010
7824
7618
7553
7531
7369
7445
7468
7421
7244
7401
7368
7281
7217
7219
7261
7198
7117
7194
7167
7171
7145
7190
7190
7298
7294
7258
7297
7195
7240
7261
7358
7423
7400
7404
7408
7545
7622
7723
7658
7384
7306
7310
7233
7033
7061
7146
7072
7264
7247
7263
7236
7128
7037
7044
7009
7024
6973
6936
6970
6916
6924
6863
6760
6833
6799
6727
6763
6860
6892
7018
6938
6872
6908
6730
6531
6461
6377
6338
6312
6234
6242
6261
6279
6279
6376
6294
6346
6368
6360
6302
6236
6206
6239
6044
6071
5873
5936
5929
5983
6094
6022
6032
6027
5996
6046
6204
6172
6108
6049
6004
6003
5992
5911
5964
6160
6163
6143
6082
6255
6277
6273
6301
6307
6235
6234
6205
6303
6297
6321
6371
6353
6517
6415
6422
6482
6521
6600
6492
6646
6767
6694
6585
6576
6510
6476
6337
6419
6371
6361
6347
6443
6324
6253
6194
6084
5998
5958
5988
5996
6090
6101
6186
6093
6049
6021
5996
6010
6008
5951
6039
6266
6318
6237
6378
6348
6292
6339
6387
6388
6366
6413
6454
6438
6403
6436
6483
6726
6803
6816
6853
6969
6897
6876
6815
6689
6810
6711
6636
6594
6616
6597
6618
6592
6526
6573
6554
6611
6719
6622
6558
6497
6470
6388
6255
6319
6452
6458
6584
6582
6624
6612
6563
6584
6470
6513
6582
6543
6509
6352
6236
6442
6446
6479
6416
6522
6473
6494
6344
6410
6432
6270
6267
6396
6543
6601
6757
6763
6775
6722
6660
6814
6955
7154
7306
7157
7083
7048
6905
6946
6912
6947
6869
6768
6838
6602
6737
6702
6810
6588
6538
6496
6513
6395
6386
6260
6492
6541
6458
6366
6532
6428
6331
6404
6341
6393
6379
6298
6179
6131
6088
6049
6044
6111
6207
6212
6081
6110
6077
6029
6027
5959
5908
5982
6015
6112
6143
6166
6191
6253
6273
6288
6360
6437
6482
6552
6533
6543
6532
6527
6409
6343
6355
6240
6140
6066
6046
5956
5833
5812
5741
5761
5778
5859
5750
5815
5825
5951
5973
5885
5980
5937
6089
6184
6177
6219
6173
6157
6116
6045
6023
6118
5956
5688
5713
5777
5632
5479
5460
5607
5684
5684
5741
5640
5676
5542
5496
5488
5469
5591
5820
5780
5819
5811
5828
5880
5864
5726
5651
5697
5655
5711
5750
5870
6011
5949
6029
6129
6193
6160
6076
6186
6155
6113
6221
6392
6507
6511
6563
6642
6647
6632
6548
6577
6602
6455
6483
6219
6172
6175
6155
6103
6133
6097
6157
6169
6003
6055
6081
6124
6156
6087
6066
6096
6167
6154
6053
6124
6085
6105
6133
6133
6150
6230
6231
6168
6203
6197
6216
6245
6390
6328
6234
6214
6171
6265
6127
6282
6367
6321
6257
6196
6138
6140
6162
6149
6044
5887
5897
5941
5854
5846
5898
5800
5701
5683
5738
5721
5790
5890
5863
5892
5950
5938
5870
5851
5960
5895
6087
6019
6033
6022
6025
6045
6047
6134
6144
6184
6149
6208
6149
6180
6178
6094
6136
6095
6168
6206
6249
6126
6006
5990
5975
6036
5910
5801
5793
5873
5821
5885
5879
5924
5830
5886
5949
5944
6164
6100
6032
6037
6003
5992
5960
5936
6004
6087
6140
6117
6093
6216
6221
6223
6250
6270
6263
6379
6347
6246
6281
6396
6498
6521
6544
6519
6515
6601
6467
6359
6438
6462
6373
6353
6352
6396
6370
6399
6385
6575
6377
6363
6344
6319
6322
6218
6304
6242
6178
6092
6057
6073
6139
6262
6184
6140
6230
6086
6225
6093
6048
6087
6213
6230
6136
5992
5980
5853
5810
5732
5699
5862
5856
5974
5947
5825
5823
5902
5993
5981
5985
5880
5834
5717
5655
5599
5621
5532
5572
5743
5718
5656
5627
5686
5713
5707
5818
5801
5750
5850
5945
5949
6014
5967
5955
6000
5968
6072
6024
6100
6105
6070
6099
5994
6018
6170
6207
6143
6206
6251
6209
6230
6257
6085
6063
5961
5880
6025
6080
6003
6047
5964
5986
5892
5846
5806
5768
5653
5599
5614
5533
5481
5483
5557
5478
5534
5518
5530
5505
5510
5429
5306
5350
5494
5554
5545
5522
5410
5446
5469
5494
5364
5434
5372
5378
5454
5579
5625
5611
5597
5551
5518
5456
5492
5617
5620
5638
5609
5640
5586
5675
5558
5514
5623
5559
5529
5415
5488
5379
5409
5298
5334
5248
5285
5220
5178
5232
5195
5306
5241
5236
5307
5226
5361
5430
5540
5593
5575
5624
5625
5572
5567
5674
5688
5755
5862
5752
5884
5944
5898
5893
5823
5828
5889
5912
6018
6014
6048
6058
6065
6048
6056
6142
6007
6015
5973
6042
5981
6128
6050
6069
5949
6004
5926
5887
5774
5762
5610
5632
5787
5876
5891
5871
5918
5908
6010
6004
6061
6014
6027
6089
6007
5954
5963
6003
6030
6104
6258
6362
6261
6206
6199
6205
6153
6198
6283
6323
6321
6250
6169
6200
6177
6172
6165
6165
6182
6228
6196
6094
6156
6200
6174
6232
6199
6348
6265
6304
6165
6123
6194
6195
6182
6041
5868
5683
5664
5620
5611
5597
5544
5686
5670
5756
5794
5836
5970
5939
5921
6015
6115
6208
6231
6245
6249
6303
6179
6022
6199
6041
6046
6069
6120
6183
6116
6212
6160
6203
6230
6245
6159
6230
6131
6321
6082
6124
6024
6075
6139
6151
6294
6416
6289
6190
6190
6172
6255
6232
6211
6144
6207
6195
6288
6258
6094
6271
6305
6415
6363
6481
6388
6356
6475
6354
6308
6312
6243
6158
6077
6070
6025
5934
5778
5757
5922
5838
5830
5750
5733
5727
5799
5855
5780
5724
5728
5789
5801
5741
5623
5635
5727
5728
5655
5558
5538
5615
5596
5722
5703
5663
5615
5675
5671
5483
5404
5379
5335
5360
5357
5325
5283
5217
5225
5266
5351
5358
5386
5366
5319
5355
5388
5425
5431
5374
5297
5343
5264
5315
5319
5244
5411
5417
5296
5200
5165
5129
5130
5226
5317
5226
5267
5334
5531
5439
5399
5277
5426
5451
5545
5462
5497
5560
5578
5655
5736
5792
5671
5676
5778
5767
5950
5894
5857
5813
5746
5715
5835
5902
5927
5977
6083
6219
6223
6292
6273
6288
6220
6262
6281
6275
6285
6151
6105
6006
5894
5869
5877
5990
6165
6115
6115
6166
6148
6092
6068
5956
5865
5954
5934
5893
5807
5845
5927
6125
6166
6189
6143
6273
6342
6206
6185
6065
6210
6238
6179
6144
6029
6088
6148
6096
6008
6001
6055
6203
6032
5934
5959
5995
5860
5795
5739
5899
5898
5804
5951
6014
5934
5999
5865
5872
5857
5854
5880
5890
5830
5936
6004
5927
6018
6014
6073
5998
6014
6018
5889
5772
5864
5721
5581
5541
5370
5396
5411
5330
5277
5186
5096
5239
5245
5334
5373
5380
5421
5356
5356
5493
5587
5602
5649
5659
5628
5648
5596
5487
5391
5367
5516
5574
5495
5525
5590
5619
5599
5679
5628
5474
5512
5585
5600
5587
5639
5616
5697
5919
5726
5642
5636
5713
5691
5641
5639
5689
5655
5699
5717
5694
5745
5719
5650
5588
5579
5572
5589
5639
5734
5787
5836
5786
5611
5731
5796
5934
6043
6064
6144
6174
6269
6262
6274
6366
6300
6285
6300
6234
6368
6504
6562
6657
6601
6472
6401
6474
6518
6463
6503
6429
6480
6554
6642
6483
6548
6635
6617
6653
6500
6422
6411
6207
6307
6337
6280
6168
6143
6097
6089
6078
6079
6216
6122
6178
6124
6068
6115
6174
6079
6152
6223
6388
6418
6405
6302
6418
6410
6270
6233
6255
6331
6360
6332
6399
6402
6267
6287
6264
6319
6510
6527
6464
6665
6619
6696
6657
6746
6697
6690
6707
6776
6664
6728
6640
6709
6733
6809
6825
6831
6875
6902
6926
6812
6810
6791
6796
6747
6817
6576
6678
6605
6624
6667
6601
6421
6364
6405
6415
6485
6400
6413
6317
6144
6220
6270
6148
6101
6128
6041
6085
6268
6333
6235
6377
6357
6399
6468
6479
6394
6301
6255
6126
6075
6074
6098
6088
6072
6031
6099
6094
6100
6127
6081
6119
6037
5956
5913
5866
5952
6035
5965
5923
5940
5965
5886
5813
5887
5861
5879
5781
5877
5891
5926
5912
5820
5784
5823
5884
5947
5978
6089
6111
6085
5938
5837
5985
5966
6041
6000
6138
6084
6026
6090
6105
6180
6096
5990
6043
5980
6128
6077
6045
6065
6063
5949
5925
6043
5995
5987
5957
6034
5986
5931
6001
6156
6224
6340
6279
6278
6310
6307
6495
6463
6428
6385
6385
6358
6353
6511
6403
6350
6351
6439
6486
6481
6443
6505
6516
6437
6509
6467
6437
6386
6288
6212
6330
6334
6312
6392
6444
6398
6349
6405
6440
6406
6551
6580
6555
6411
6517
6520
6526
6564
6620
6631
6639
6638
6744
6725
6510
6433
6446
6424
6457
6449
6257
6152
6194
6209
6219
6181
6067
6169
6178
6081
6127
6124
6099
6136
6050
6112
6157
6181
6223
6180
6149
6153
6068
6090
6098
6046
6075
6130
6165
6142
6144
6024
5781
5753
5730
5655
5595
5597
5701
5680
5681
5674
5628
5758
5875
5866
5741
5817
5848
5833
5956
5845
5693
5733
6043
6193
6099
6094
6299
6233
6098
6076
6054
6062
6027
5916
5775
5756
5808
5682
5613
5506
5442
5381
5290
5344
5398
5430
5433
5545
5549
5570
5599
5681
5692
5726
5766
5753
5784
5803
5866
5913
6029
5930
5901
5857
5899
5830
5832
5779
5731
5632
5577
5531
5488
5519
5398
5332
5371
5327
5363
5388
5490
5573
5606
5641
5610
5610
5491
5569
5509
5585
5581
5492
5452
5385
5465
5527
5540
5538
5554
5452
5383
5353
5233
5169
5279
5341
5424
5351
5407
5397
5412
5376
5421
5405
5415
5532
5527
5658
5760
5752
5757
5753
5706
5688
5599
5611
5625
5593
5594
5630
5616
5600
5525
5446
5334
5346
5343
5503
5380
5422
5312
5384
5378
5410
5366
5386
5358
5331
5441
5403
5346
5403
5403
5402
5319
5314
5459
5567
5588
5682
5640
5603
5598
5672
5611
5536
5520
5528
5492
5438
5555
5459
5335
5557
5635
5645
5766
5789
5775
5785
5685
5704
5665
5702
5722
5666
5806
5662
5613
5554
5534
5433
5393
5388
5409
5465
5364
5372
5341
5298
5378
5428
5497
5596
5630
5666
5624
5591
5497
5376
5349
5361
5222
5191
5243
5087
5139
5016
4969
4885
4838
4743
4800
4691
4594
4526
4607
4586
4497
4464
4611
4624
4658
4685
4664
4780
4719
4737
4785
4976
5008
5068
4931
4988
4888
4833
4944
4977
4944
4979
4878
4918
4882
4799
4863
4841
5069
5117
5124
5121
5101
5258
5347
5268
5161
5374
5349
5207
5157
5233
5191
5080
5053
5143
5275
5156
5193
5185
5127
5163
5217
5115
5232
5166
5087
5061
5177
5203
5178
5250
5257
5213
5332
5269
5307
5303
5296
5336
5254
5316
5434
5475
5415
5361
5301
5329
5215
5159
5148
5138
5025
5036
4917
4893
4966
5025
4933
4974
4849
4879
4872
4864
4910
4908
5008
4953
4961
4954
4967
5050
5112
5009
4982
4994
5017
4895
4925
4927
4832
4803
4737
4796
4789
4714
4657
4717
4741
4817
4952
5063
5075
4963
5014
5129
5211
5186
5290
5382
5396
5433
5428
5485
5540
5560
5578
5647
5590
5580
5522
5679
5680
5641
5542
5533
5645
5561
5540
5653
5680
5645
5630
5595
5650
5601
5522
5540
5543
5493
5590
5559
5630
5748
5702
5660
5612
5666
5635
5667
5533
5600
5734
5684
5839
5853
5856
5821
5826
5845
5804
5801
5781
5664
5654
5614
5609
5710
5653
5651
5558
5508
5558
5737
5845
5761
5560
5422
5396
5492
5549
5565
5417
5451
5461
5424
5517
5424
5391
5286
5318
5209
5274
5267
5352
5366
5202
5195
5214
5119
5111
5207
5217
5163
5203
5252
5244
5291
5254
5186
5279
5326
5368
5280
5286
5213
5239
5364
5382
5465
5406
5387
5518
5513
5597
5533
5479
5530
5519
5436
5296
5386
5425
5467
5422
5478
5452
5437
5426
5493
5513
5559
5658
5596
5656
5595
5631
5607
5591
5587
5561
5458
5471
5344
5331
5260
5402
5473
5452
5461
5417
5427
5348
5375
5514
5565
5640
5652
5646
5632
5629
5652
5691
5807
5743
5717
5703
5725
5674
5658
5590
5542
5620
5615
5584
5612
5572
5583
5567
5614
5623
5692
5751
5807
5712
5808
5775
5811
5742
5705
5721
5778
5825
5736
5727
5753
5762
5769
5655
5669
5659
5665
5705
5662
5727
5698
5695
5697
5807
5755
5755
5637
5585
5574
5531
5499
5499
5508
5541
5586
5556
5618
5503
5568
5556
5492
5519
5481
5451
5439
5570
5731
5837
5755
5918
5873
5818
6014
6097
6051
5929
5984
5986
6112
5945
5907
6025
6109
6213
6165
6168
5977
6033
6052
6131
6156
6291
6204
6231
6188
6293
6280
6259
6294
6182
6142
6124
6182
6123
6097
6030
6101
6152
6270
6225
6292
6292
6286
6304
6432
6378
6488
6320
6293
6184
6040
6136
6186
6069
6039
6124
5997
6023
5958
6011
5893
5880
5823
5692
5772
5787
5815
5710
5667
5577
5612
5535
5505
5566
5565
5609
5566
5601
5711
5707
5774
5786
5637
5577
5539
5449
5509
5513
5650
5620
5537
5667
5878
5913
6004
5948
5886
5808
5687
5697
5745
5721
5793
5892
5904
5820
5655
5651
5618
5686
5838
5844
5843
5753
5751
5692
5579
5536
5457
5590
5670
5642
5736
5730
5733
5637
5574
5638
5718
5759
5741
5813
5891
5740
5662
5605
5518
5462
5417
5413
5588
5725
5696
5638
5635
5596
5580
5609
5620
5549
5583
5668
5795
5708
5602
5731
5649
5636
5694
5538
5606
5717
5714
5720
5756
5834
5830
5730
5618
5637
5618
5605
5456
5367
5291
5243
5356
5359
5369
5309
5416
5470
5492
5378
5401
5450
5408
5264
5248
5231
5280
5318
5252
5123
5080
5071
5125
5170
5155
5152
5176
5099
5124
5166
5130
4957
4948
4961
4962
5000
5049
5186
5152
5065
4965
4944
4823
4834
4914
4923
4921
5020
5022
5051
5072
4970
4921
4889
4765
4795
4792
4806
4765
4731
4782
4723
4730
4718
4918
4826
4773
4823
4794
4865
4820
4852
5018
5032
5032
5025
5099
5072
5062
5147
5093
5227
5288
5320
5363
5327
5484
5432
5523
5623
5547
5599
5620
5537
5484
5554
5723
5824
5845
5838
5747
5708
5790
5775
5732
5646
5579
5583
5654
5618
5704
5754
5722
5847
5896
5899
5941
5824
5891
5848
5943
6005
6020
6140
6263
6313
6342
6440
6439
6535
6525
6542
6383
6350
6234
6174
6153
6234
6265
6225
6133
6190
6114
6183
6079
6046
5941
6054
6047
6043
6113
6007
5867
5845
5824
5786
5699
5751
5826
5818
5809
5790
5794
5882
6079
6117
6008
5933
5957
6023
5951
5972
5881
5844
5883
5903
6016
5934
5906
5957
6062
6115
6071
6209
6282
6233
6326
6315
6277
6465
6430
6416
6279
6270
6091
6105
6241
6202
6063
6122
6196
6308
6433
6372
6394
6341
6505
6565
6652
6668
6720
6782
6613
6648
6668
6640
6721
6650
6758
6836
6783
6817
6818
6755
6685
6655
6736
6706
6666
6694
6703
6672
6548
6449
6433
6318
6204
6264
6237
6273
6223
6156
6169
6098
6131
6061
6204
6130
6045
6034
5954
6107
6174
6105
6098
6104
6100
6075
6057
6050
6039
6016
5982
5946
5943
6041
6013
5983
6005
5959
6013
6069
5942
5873
5828
5696
5547
5541
5436
5458
5496
5440
5390
5531
5489
5525
5519
5528
5642
5681
5699
5723
5645
5855
5953
5916
5909
5986
5999
5846
5806
5874
5815
5886
5947
6010
5979
5909
5981
6013
6014
5930
5834
5762
5772
5798
5915
5874
5891
5929
5892
5946
5894
5968
5833
5763
5861
5842
5889
5907
5825
5886
5826
5915
5935
5957
6044
5982
6051
6106
6151
6143
6221
6252
6275
6238
6156
5968
6023
6069
6047
6103
6100
6119
5960
5989
6040
6047
6176
6097
6049
6023
6075
6085
6061
6079
6284
6245
6321
6310
6260
6321
6291
6215
6379
6412
6366
6300
6232
6167
6153
6005
6010
6163
6293
6152
6043
6065
6095
5981
5980
5957
5965
5947
5772
5696
5608
5523
5565
5661
5600
5581
5638
5592
5616
5498
5436
5384
5388
5470
5481
5426
5359
5495
5555
5568
5454
5466
5493
5459
5392
5442
5486
5516
5604
5643
5629
5725
5734
5702
5772
5790
5830
5747
5631
5459
5577
5666
5736
5824
5912
5835
5916
5948
6073
6224
6258
6183
6105
5968
5945
6074
5940
5929
5898
5725
5673
5638
5629
5663
5482
5464
5573
5513
5508
5457
5542
5554
5443
5491
5453
5473
5517
5359
5423
5428
5441
5416
5464
5440
5335
5436
5546
5479
5516
5541
5462
5451
5320
5374
5527
5558
5588
5494
5674
5692
5789
5832
5933
5894
5892
5670
5593
5515
5469
5466
5437
5387
5422
5348
5190
5250
5078
5204
5172
5225
5232
5268
5144
5278
5266
5231
5242
5249
5287
5389
5453
5430
5449
5492
5284
5199
5358
5187
5238
5273
5238
5234
5258
5219
5132
5183
5197
5202
5133
4939
4900
4990
4931
4791
4915
4821
4836
4898
4988
5073
5129
5226
5177
5066
4970
4966
4994
5045
5017
4995
5147
5100
5126
5348
5346
5265
5419
5436
5486
5521
5444
5626
5647
5595
5658
5602
5543
5397
5267
5430
5338
5370
5280
5336
5244
5198
5252
5282
5385
5456
5534
5524
5456
5391
5505
5450
5456
5407
5480
5469
5382
5334
5329
5423
5404
5471
5479
5463
5407
5439
5447
5315
5329
5299
5352
5339
5387
5536
5455
5491
5394
5364
5443
5415
5287
5323
5442
5499
5451
5393
5312
5236
5151
5145
5125
4881
4866
4838
4858
4795
4831
4832
4770
4777
4870
4909
4926
5039
5042
5045
4873
4869
4968
4980
5033
5148
5180
5092
5097
5165
5217
5209
5198
5234
5147
5051
5131
5048
5117
5115
5144
5204
5233
5263
5296
5279
5291
5239
5290
5337
5270
5390
5328
5249
5251
5114
5186
5096
5128
5060
5064
4966
5120
4995
4966
4877
4954
4920
4801
4822
4797
4843
4879
4995
5058
4975
4981
4991
4919
4789
4843
4958
4799
4810
4757
4791
4834
4908
4993
5075
5012
5023
5032
5091
5088
5051
4893
4945
5016
5126
5186
5228
5239
5351
5351
5305
5335
5333
5384
5320
5248
5222
5245
5300
5283
5235
5240
5246
5272
5200
5133
5174
5250
5229
5008
4851
4894
4746
4757
4837
4860
4821
4915
5016
4990
5089
5150
5183
5250
5296
5266
5296
5214
5230
5201
5051
5087
5102
5082
5048
5134
5117
5016
5094
5115
5097
5226
5292
5162
5169
5217
5255
5186
5195
5275
5267
5325
5446
5422
5411
5303
5382
5371
5430
5467
5429
5485
5453
5334
5415
5347
5362
5393
5313
5350
5570
5569
5561
5607
5655
5762
5773
5885
5740
5759
5678
5779
5841
5783
5853
5901
5942
5803
5756
5824
5927
5965
6099
6050
6100
6017
6048
6049
6039
5926
5872
5820
5794
5870
5855
5919
5854
5823
5896
5794
5716
5678
5581
5642
5687
5685
5647
5565
5610
5580
5368
5326
5208
5170
5162
5081
5119
5157
5110
5177
5017
5123
5021
5081
5194
5118
5184
5137
5165
5164
5069
5002
5042
5003
4987
5089
5119
5150
5151
5103
5153
5057
4913
4930
4918
4922
5024
5029
5102
5203
5116
5065
5154
5104
5153
5197
5168
5281
5222
5194
5143
5111
5229
5191
5042
4948
4862
4839
4914
5006
4887
4882
4834
4842
4949
4986
5053
4946
4977
4975
5036
5124
5006
5019
5059
5083
5049
5220
5159
5154
5226
5176
5468
5418
5494
5548
5614
5596
5583
5596
5486
5618
5672
5665
5651
5717
5737
5716
5746
5927
5750
5867
5891
6018
6081
6167
6208
6254
6240
6097
6122
6183
6226
6180
5990
5931
5990
5995
5968
5907
5853
5842
5872
5973
5776
5821
5736
5752
5726
5746
5913
5923
5887
5924
5974
5900
5807
5928
5925
5982
5958
6043
6059
6136
6168
6183
6201
6121
6188
6247
6387
6326
6233
6280
6314
6275
6249
6213
6311
6291
6369
6411
6360
6328
6238
6202
6272
6214
6210
6247
6230
6395
6418
6433
6458
6475
6519
6560
6654
6623
6720
6607
6525
6591
6439
6500
6482
6470
6465
6540
6545
6579
6408
6588
6570
6614
6592
6520
6597
6547
6479
6426
6395
6582
6553
6598
6612
6498
6556
6556
6451
6353
6309
6237
6160
6240
6444
6406
6422
6427
6300
6238
6158
6137
6160
6164
6112
6018
6133
6148
5936
6016
5949
5900
5976
6097
6123
6002
5875
5901
6022
5950
5882
5913
5977
5976
5991
6058
6085
6086
5984
6014
5910
5958
6049
5964
6000
5824
5876
5900
5798
5892
5643
5770
5787
5675
5601
5541
5585
5578
5622
5629
5667
5693
5652
5593
5659
5651
5596
5699
5797
5767
5744
5862
5773
5734
5830
5783
5845
5838
5777
5788
5834
5775
5636
5654
5647
5729
5762
5788
5930
5948
5878
5849
5760
5693
5753
5855
5826
5801
5804
5858
5755
5803
5801
5772
5583
5552
5526
5493
5607
5580
5528
5463
5546
5607
5701
5674
5559
5593
5621
5627
5529
5470
5556
5666
5749
5753
5731
5721
5630
5555
5619
5702
5699
5664
5704
5595
5466
5421
5370
5252
5339
5316
5282
5243
5322
5315
5364
5339
5156
5119
5251
5357
5388
5329
5309
5348
5223
5230
5372
5335
5333
5537
5406
5529
5517
5405
5439
5405
5293
5326
5435
5411
5547
5463
5455
5408
5420
5348
5516
5485
5383
5329
5283
5239
5235
5201
5231
5237
5204
5166
5201
5168
5188
5212
5247
5406
5435
5469
5447
5508
5544
5500
5454
5464
5449
5488
5445
5445
5513
5562
5498
5511
5440
5452
5458
5555
5593
5682
5563
5587
5446
5432
5466
5441
5453
5536
5532
5674
5675
5612
5633
5678
5630
5732
5832
5709
5669
5756
5601
5559
5660
5681
5667
5537
5566
5480
5523
5483
5587
5647
5593
5594
5616
5619
5694
5811
5879
5959
5915
5896
6021
5955
5863
5839
5872
5839
5671
5660
5662
5614
5402
5540
5441
5413
5552
5604
5474
5477
5455
5542
5486
5468
5450
5509
5557
5671
5594
5626
5599
5586
5604
5617
5566
5491
5562
5452
5439
5447
5339
5307
5294
5342
5238
5152
5151
5121
5227
5239
5243
5248
5324
5306
5326
5272
5232
5243
5202
5380
5403
5454
5642
5659
5692
5692
5607
5753
5718
5726
5661
5642
5507
5487
5480
5527
5428
5488
5569
5659
5618
5782
5752
5688
5690
5695
5703
5754
5757
5770
5763
5743
5848
5820
5751
5750
5817
5824
5857
5890
5869
5777
5772
5746
5817
5862
5696
5776
5770
5770
5856
5898
5722
5785
5783
5686
5720
5701
5726
5870
5979
6062
5984
6033
6153
6233
6281
6303
6220
6076
5951
5909
5935
5866
5943
5871
5748
5726
5680
5672
5636
5698
5654
5716
5667
5794
5794
5648
5523
5454
5430
5484
5545
5394
5252
5317
5288
5366
5336
5359
5231
5249
5304
5306
5362
5439
5474
5469
5474
5432
5373
5358
5342
5376
5432
5454
5389
5333
5383
5389
5409
5438
5253
5187
5088
5136
5128
5234
5407
5304
5327
5405
5431
5468
5510
5587
5496
5458
5525
5563
5444
5352
5314
5351
5395
5301
5279
5407
5348
5402
5350
5372
5514
5445
5425
5471
5342
5480
5482
5391
5290
5231
5379
5420
5443
5529
5521
5604
5631
5588
5588
5708
5787
5842
5761
5697
5765
5902
5837
5861
5895
5819
5913
5851
5911
5859
5712
5723
5719
5672
5712
5787
5867
5801
5813
5854
5947
6003
6002
6002
5950
5947
5842
5999
5891
5858
5869
5923
6032
5970
5970
5932
6025
6030
5943
5859
5777
5844
5766
5832
6001
5968
5970
5940
5757
5695
5670
5662
5748
5763
5777
5758
5849
5802
5827
5721
5757
5741
5711
5785
5753
5661
5648
5643
5662
5495
5558
5418
5465
5435
5511
5403
5417
5442
5476
5326
5233
5126
5129
5219
5234
5034
5194
5345
5458
5515
5422
5353
5364
5459
5526
5489
5476
5439
5350
5340
5395
5458
5354
5367
5399
5480
5528
5290
5292
5324
5428
5392
5371
5393
5376
5383
5292
5312
5323
5281
5472
5588
5693
5698
5729
5589
5511
5446
5433
5476
5550
5650
5573
5535
5467
5486
5532
5536
5481
5549
5592
5660
5701
5773
5747
5811
5878
5713
5705
5588
5578
5446
5433
5413
5356
5312
5105
5024
5128
5134
5128
5159
5224
5246
5342
5256
5323
5367
5380
5509
5386
5344
5440
5430
5362
5378
5365
5381
5474
5391
5413
5294
5299
5242
5127
5142
5229
5211
5197
5053
5109
5054
4979
4905
4957
5023
4973
4931
4872
4901
4874
4702
4749
4876
4951
4803
4711
4603
4657
4654
4716
4884
4904
4952
4858
4835
4839
4847
4859
4904
5061
5061
5113
5109
5094
5062
5004
4997
4960
5041
5128
5273
5364
5255
5320
5239
5354
5324
5294
5327
5370
5305
5299
5304
5358
5309
5374
5514
5518
5478
5533
5546
5571
5515
5400
5431
5360
5421
5573
5538
5582
5553
5496
5587
5573
5468
5556
5645
5756
5588
5406
5472
5506
5474
5497
5435
5438
5384
5290
5252
5192
5195
5109
5177
5175
5206
5167
5302
5299
5235
5202
5204
5097
5022
5064
5067
4949
4887
4943
4910
4869
4805
4834
4803
4831
4712
4683
4848
4805
4873
4946
5040
4947
4926
5055
4929
4915
4914
4924
4972
4935
4961
4994
5065
5183
5158
5178
5215
5322
5475
5552
5433
5303
5303
5266
5198
5306
5256
5354
5425
5363
5532
5561
5551
5582
5552
5655
5572
5566
5533
5626
5628
5582
5599
5546
5500
5427
5393
5377
5469
5479
5540
5586
5553
5636
5580
5517
5485
5466
5388
5455
5414
5371
5409
5384
5421
5438
5390
5453
5548
5581
5557
5528
5387
5386
5373
5466
5382
5407
5401
5295
5462
5457
5562
5527
5521
5371
5342
5399
5533
5587
5579
5633
5726
5735
5805
5806
5802
5848
5753
5788
5832
5759
5760
5877
5834
5856
5851
5920
5694
5653
5692
5707
5761
5777
5745
5659
5679
5668
5687
5737
5654
5701
5817
5866
5923
5970
6001
6053
6051
6066
6068
5913
5935
6076
6027
5955
5841
5951
5970
5919
5996
6088
6018
6001
5942
5943
5998
6133
6191
6182
6116
6287
6219
6184
6254
6317
6168
6216
6145
6101
6124
6129
5985
6088
6063
5986
5916
5823
5956
5902
5889
5985
5969
6030
6089
6128
6185
6140
6185
6109
6217
6081
6065
6112
6218
6286
6290
6319
6315
6295
6192
6180
6245
6144
6102
6068
6056
6094
6096
6114
6030
6036
6002
6101
6110
6091
6073
5987
5893
5913
6003
6004
6055
5999
5886
5890
5798
5897
5914
5967
6040
6022
5926
5913
5986
6066
6075
6084
6063
6127
6167
6211
6172
6146
6028
6101
6066
6054
6034
6074
6067
6139
6197
6065
5882
5812
5821
5901
5868
5764
5803
5843
5934
5945
5865
5931
5941
5896
5858
5740
5717
5798
5772
5836
5843
5764
5798
5891
5952
5867
5912
5933
5942
6028
6020
6071
6086
6034
6030
6070
6016
5910
5744
5764
5659
5657
5590
5738
5593
5728
5717
5821
5907
5836
5850
5846
5886
5871
5813
5888
5796
5820
5834
5813
5829
5643
5690
5676
5590
5668
5705
5618
5581
5494
5254
5262
5203
5248
5192
5258
5297
5289
5291
5364
5464
5441
5441
5544
5521
5556
5579
5676
5646
5710
5781
5749
5705
5638
5651
5719
5728
5642
5657
5772
5860
5851
5836
5917
5926
5892
5955
5869
5922
5887
5997
6065
6002
5965
5969
5978
6030
5963
6032
5992
6112
5965
6037
5918
5885
5881
5763
5839
5887
5923
5978
5884
5775
5871
5858
5740
5759
5686
5694
5694
5669
5748
5852
5891
5965
5908
5931
5841
5764
5771
5675
5711
5808
5868
5767
5750
5739
5791
5768
5691
5752
5774
5705
5719
5807
5835
5875
5787
5745
5781
5725
5689
5834
5881
5975
5942
5866
5914
6024
6120
6069
6091
5972
5931
5901
5867
5791
5756
5757
5811
5815
5800
5871
5900
5738
5766
5698
5650
5716
5678
5629
5642
5624
5731
5845
5910
5941
5849
5883
6028
6132
6226
6166
6245
6275
6118
6092
5953
5783
5837
5893
5781
5831
5725
5705
5707
5815
5800
5808
5797
5888
6113
6032
6075
6094
6079
6077
5922
5997
6016
5850
5786
5782
5847
5975
5939
6071
6065
6161
6092
6253
6279
6078
6053
6162
6177
6168
6162
6060
6023
5962
5974
5915
5985
6043
6095
5891
5786
5735
5724
5797
5798
5680
5755
5712
5652
5609
5603
5590
5522
5712
5738
5627
5662
5647
5678
5688
5700
5726
5653
5716
5700
5653
5801
5871
5857
5932
6052
6045
6047
6001
5954
5920
5797
5848
5874
5958
5979
6098
6113
6086
6164
6177
6215
6331
6338
6273
6365
6449
6408
6245
6234
6275
6348
6143
6084
6032
6122
6139
6079
6207
6181
6303
6287
6338
6282
6374
6296
6350
6425
6515
6397
6370
6322
6332
6267
6299
6317
6319
6305
6267
6233
6334
6317
6345
6348
6418
6463
6483
6397
6461
6390
6427
6387
6428
6414
6407
6403
6412
6342
6297
6357
6351
6233
6316
6224
6202
6160
6134
6003
6042
6023
6041
6041
5895
5791
5755
5730
5624
5635
5706
5756
5822
5922
5936
5846
5707
5624
5633
5585
5658
5645
5661
5781
5792
5704
5680
5706
5623
5488
5528
5486
5494
5552
5552
5560
5501
5417
5553
5613
5584
5620
5536
5688
5773
5817
5877
5971
5866
5778
5688
5688
5679
5707
5713
5678
5769
5721
5777
5830
5913
5842
5697
5584
5636
5685
5830
5767
5885
5719
5588
5472
5552
5644
5696
5597
5559
5484
5594
5711
5816
5838
5755
5843
5732
5652
5620
5702
5677
5712
5725
5635
5571
5469
5456
5545
5448
5439
5384
5424
5457
