505000
200501
142301
111384
92542
79427
69581
62319
56020
51194
47450
44079
41121
38593
36140
34637
32885
31361
29977
28788
27286
26229
25231
24557
23800
23093
22506
22056
21443
20756
20265
19707
19273
18863
18401
18148
18016
17714
17341
16971
16631
16254
16039
15547
15345
15121
14903
14628
14437
14037
13680
13362
13249
13047
12945
12846
12663
12658
12499
12357
12151
12161
11877
11702
11652
11555
11485
11572
11463
11317
11120
11086
11137
11145
10977
11040
10835
10584
10345
10361
10110
10026
9884
9805
9743
9630
9586
9570
9568
9506
9375
9204
9161
9002
8822
8636
8490
8621
8629
8500
8559
8443
8538
8410
8333
8130
8170
8123
8108
8141
8169
8259
8090
7938
8141
8237
8182
8092
8109
7974
7962
7833
7804
7636
7636
7551
7519
7468
7444
7532
7421
7526
7519
7466
7557
7465
7458
7530
7558
7423
7437
7458
7400
7520
7358
7398
7364
7277
7140
7123
6879
6941
6831
6894
6799
6777
6876
6937
7065
7167
7067
7046
6908
7016
6998
6988
7107
7056
7167
7007
6990
6898
6890
6961
6961
6855
6829
6895
6906
6874
6871
6843
6984
6917
6822
6808
6766
6731
6692
6459
6302
6140
6187
6170
6183
6274
6210
6181
6356
6302
6423
6407
6379
6312
6258
6210
6290
6118
6076
6029
6043
6063
5978
6090
6295
6316
6262
6379
6390
6315
6267
6231
6288
6377
6570
6470
6402
6432
6461
6479
6457
6450
6518
6640
6632
6645
6438
6379
6560
6524
6479
6431
6385
6328
6301
6288
6241
6361
6448
6328
6401
6373
6450
6400
6355
6386
6316
6416
6482
6484
6640
6394
6432
6318
6317
6325
6223
6215
6153
6257
6340
6192
6220
6284
6297
6183
6141
6225
6223
6110
5969
6064
6098
6233
6193
6147
6135
6169
6213
6160
6159
6211
6226
6178
6170
6138
6133
6174
6089
6131
6049
5884
5920
6191
6179
6224
6198
6200
6257
6161
6032
6053
6023
6164
6017
5935
5924
5812
5892
6041
5946
5783
5853
5942
5956
5929
5886
5817
5762
5712
5815
5604
5685
5734
5621
5591
5661
5683
5575
5679
5740
5606
5594
5535
5519
5561
5678
5607
5644
5727
5765
5801
5829
5696
5652
5697
5739
5879
5867
5956
5978
5924
5899
5778
5676
5587
5553
5672
5621
5538
5585
5542
5498
5423
5442
5368
5382
5353
5270
5307
5244
5265
5214
5129
5251
5164
5142
5187
5204
5229
5282
5297
5301
5263
5268
5225
5189
5153
5198
5344
5361
5461
5448
5406
5500
5549
5510
5480
5554
5618
5601
5639
5786
5869
5909
5853
5689
5677
5673
5685
5584
5614
5478
5505
5573
5549
5663
5706
5950
5894
5955
5893
5849
5882
5906
5838
5881
5767
5856
5741
5777
5706
5761
5880
5822
5709
5767
5840
5783
5845
5712
5779
5736
5630
5739
5713
5629
5704
5782
5752
5842
5919
6099
5999
5880
5716
5714
5791
5775
5837
5872
5836
5693
5596
5614
5690
5674
5697
5673
5844
5867
5853
5997
6035
6163
6164
6132
6067
6000
6037
6123
6111
6082
6025
5877
5898
5919
5738
5664
5553
5420
5400
5397
5448
5541
5476
5486
5558
5626
5498
5435
5443
5324
5315
5275
5212
5229
5186
5249
5212
5245
5256
5375
5335
5352
5420
5424
5458
5486
5597
5610
5639
5649
5586
5561
5590
5532
5559
5518
5554
5574
5551
5603
5620
5611
5639
5718
5654
5669
5670
5752
5614
5629
5654
5641
5513
5494
5436
5421
5410
5530
5528
5507
5537
5601
5714
5641
5686
5671
5607
5561
5543
5624
5573
5550
5586
5562
5541
5514
5495
5478
5496
5564
5429
5397
5381
5370
5481
5463
5512
5501
5457
5542
5471
5479
5493
5487
5534
5471
5426
5650
5824
5875
5891
5903
5841
5648
5711
5790
5672
5539
5558
5619
5555
5490
5496
5575
5604
5688
5667
5763
5767
5684
5572
5645
5671
5738
5743
5791
5792
5706
5826
5907
5905
5824
5838
5849
5779
5740
5749
5712
5713
5828
5820
5924
5894
5848
5708
5650
5674
5635
5681
5751
5879
5842
5883
5778
5719
5673
5670
5625
5664
5541
5488
5398
5522
5602
5553
5641
5661
5661
5599
5678
5695
5656
5678
5646
5746
5761
5895
5953
5970
6006
5945
5985
5948
5905
5828
5685
5760
5745
5663
5618
5593
5583
5506
5457
5568
5394
5373
5246
5190
5202
5286
5450
5575
5636
5657
5570
5547
5681
5674
5614
5654
5590
5473
5299
5363
5289
5311
5238
5191
5183
5153
5178
5055
5065
5039
5022
5058
4975
4944
5096
5148
5090
5079
5069
5039
5059
5013
5053
5077
5052
4919
4952
4938
4773
4774
4704
4663
4782
4734
4816
4798
4839
4874
4748
4875
4975
5080
5168
5197
5201
5135
5173
5119
5087
5156
5082
5092
5038
4972
5058
4988
4966
4946
4964
4931
4921
4996
5037
4997
5080
5044
5027
5033
5120
5178
5124
5153
5268
5095
5197
5253
5284
5152
5182
5125
5090
5168
5118
5078
5007
5000
4889
4946
4916
4862
4971
4948
4949
4990
5053
4992
5077
5148
5193
5250
5206
5091
4993
4943
4936
4848
4932
4936
4985
4966
4994
4952
5080
5122
5095
5146
5239
5344
5344
5273
5323
5375
5361
5400
5537
5528
5589
5606
5565
5515
5533
5482
5416
5375
5309
5249
5153
5043
4997
4958
4940
4970
4945
4890
4965
4936
4932
4975
4998
4967
4907
5003
5043
4989
5050
5096
5264
5227
5224
5270
5164
5255
5204
5297
5143
5080
4941
4987
5046
5034
5156
5106
5088
5134
5026
4894
4856
4888
4918
4869
4787
4757
4781
4685
4641
4598
4556
4483
4536
4562
4613
4652
4690
4736
4713
4757
4909
4908
4929
4993
4945
5046
5061
5112
5132
5118
5078
5088
5163
5349
5328
5347
5390
5408
5397
5467
5438
5532
5547
5554
5521
5537
5689
5663
5681
5624
5620
5711
5812
5713
5717
5749
5672
5657
5674
5575
5592
5586
5576
5567
5457
5361
5364
5315
5306
5357
5268
5182
5287
5325
5333
5216
5324
5303
5331
5263
5229
5202
5198
5220
5241
5079
5029
5055
5011
5112
5218
5214
5297
5224
5261
5153
5275
5323
5413
5472
5343
5364
5441
5487
5411
5358
5256
5281
5084
5061
5153
5213
5199
5181
5392
5433
5438
5530
5606
5550
5558
5620
5626
5652
5627
5748
5778
5692
5616
5594
5604
5613
5607
5776
5617
5716
5642
5571
5568
5513
5550
5476
5503
5479
5488
5482
5532
5502
5524
5550
5495
5551
5601
5610
5615
5566
5527
5530
5515
5468
5344
5304
5433
5477
5365
5373
5330
5250
5197
5065
5053
4999
5078
4949
5001
4978
4957
4923
4804
4823
4868
4969
4989
4914
4849
4781
4837
4821
4756
4869
4873
4777
4725
4593
4645
4656
4697
4820
4837
4977
5129
5200
5167
5149
5206
5311
5348
5466
5605
5581
5550
5736
5715
5676
5706
5598
5638
5651
5618
5778
5817
5784
5849
5786
5655
5691
5755
5660
5729
5764
5834
5924
5912
5971
6067
6040
6145
6145
6065
6190
6213
6368
6287
6228
6161
6136
6055
6109
6016
6017
5984
5980
5992
5961
5911
5940
6038
6192
6104
6087
6026
5904
5933
5874
5812
5739
5726
5746
5832
5859
5892
5761
5782
5747
5751
5758
5735
5756
5722
5832
5895
5930
5840
5958
5772
5850
5918
5810
5905
5755
5732
5742
5700
5614
5803
5802
5697
5668
5702
5717
5806
5873
5782
5791
5917
5907
5921
5901
5906
6029
6000
5955
5869
5814
5798
5765
5613
5701
5708
5669
5758
5794
5694
5580
5636
5573
5698
5609
5556
5697
5727
5664
5514
5594
5540
5535
5472
5528
5462
5370
5317
5314
5287
5265
5213
5260
5234
5268
5350
5337
5163
5097
5158
5134
5060
5083
4892
4884
4962
4995
4968
5027
5006
4993
5053
5022
5054
5210
5207
5240
5315
5191
5232
5144
5078
5075
5242
5114
5085
5165
5356
5368
5324
5368
5329
5393
5455
5425
5424
5415
5317
5426
5544
5529
5516
5484
5466
5496
5461
5399
5397
5295
5317
5367
5342
5370
5372
5388
5352
5486
5427
5357
5412
5442
5493
5315
5278
5248
5316
5373
5367
5307
5284
5381
5504
5492
5495
5524
5571
5693
5780
5717
5665
5654
5555
5526
5372
5464
5492
5477
5426
5396
5416
5406
5405
5331
5291
5240
5242
5217
5134
5276
5389
5306
5302
5523
5453
5432
5372
5327
5303
5357
5270
5334
5255
5300
5289
5285
5275
5236
5322
5293
5134
5186
5211
5122
5203
5266
5287
5246
5324
5295
5401
5379
5385
5444
5462
5404
5461
5449
5398
5550
5738
5609
5645
5777
5632
5690
5780
5782
5767
5818
5747
5825
5876
5940
6020
5930
6018
6021
6069
6078
6139
6220
6160
6241
6178
6254
6183
6104
6116
6242
6427
6404
6491
6370
6285
6279
6274
6260
6269
6145
6211
6173
6106
6258
6295
6392
6311
6239
6223
6286
6239
6129
6044
6088
6067
6025
5971
6027
6015
6055
6003
6136
6002
5886
5967
6033
6012
6017
6003
6076
5948
5934
6002
5937
5938
5810
5804
5795
5866
5801
5866
5783
5726
5695
5567
5686
5798
5763
5796
5859
5862
5909
5857
5822
5921
6010
6213
6221
6016
5894
5933
5770
5843
5832
5885
5795
5755
5641
5623
5564
5601
5624
5559
5662
5618
5634
5568
5560
5484
5496
5585
5664
5755
5650
5575
5510
5486
5427
5380
5397
5355
5501
5494
5374
5339
5166
5119
5115
5127
5048
5065
5034
5037
4937
4908
5021
5138
5102
5312
5332
5325
5354
5369
5284
5285
5261
5369
5368
5425
5342
5338
5385
5346
5352
5308
5302
5336
5271
5217
5257
5178
5163
5151
5196
5318
5263
5219
5166
5241
5242
5190
5158
5308
5472
5332
5350
5407
5444
5435
5425
5360
5347
5325
5406
5426
5381
5441
5359
5347
5382
5468
5447
5491
5434
5348
5356
5394
5373
5327
5362
5297
5408
5379
5424
5328
5407
5347
5349
5292
5340
5219
5211
5169
5128
5145
5328
5374
5342
5220
5225
5221
5090
5154
5192
5301
5336
5359
5259
5206
5127
5182
5210
5197
5215
5193
5336
5338
5409
5385
5419
5453
5366
5393
5360
5255
5108
5104
5101
5190
5249
5188
5156
5225
5234
5256
5224
5252
5324
5265
5365
5306
5290
5289
5248
5291
5218
5215
5236
5281
5324
5390
5406
5345
5341
5410
5415
5391
5409
5447
5522
5526
5441
5490
5548
5535
5524
5569
5557
5527
5466
5478
5441
5482
5633
5702
5667
5651
5645
5588
5616
5553
5482
5415
5431
5409
5540
5579
5502
5505
5670
5768
5780
5707
5830
5727
5828
5936
6038
5901
5931
5914
5865
5903
5915
5972
5912
5941
5960
5966
5785
5873
5993
5937
5925
5882
5907
5921
5859
5764
5686
5811
5755
5738
5664
5711
5680
5669
5669
5538
5578
5527
5582
5586
5462
5401
5337
5356
5428
5256
5205
5183
5082
5124
5168
5173
5089
5177
5143
5168
5130
5136
5170
5311
5177
5140
5216
5279
5336
5364
5476
5509
5522
5475
5571
5528
5510
5525
5465
5496
5558
5497
5487
5769
5768
5718
5759
5753
5846
5929
5831
5812
5765
5654
5782
5763
5839
5945
5956
5936
5904
5792
5852
5888
5878
5823
5749
5768
5866
5938
5956
5872
5826
5674
5578
5640
5689
5703
5676
5737
5842
5995
5742
5671
5630
5577
5586
5658
5508
5548
5563
5689
5647
5676
5707
5676
5739
5873
5856
5715
5828
5859
5929
6030
6000
5991
6069
6198
6323
6191
6267
6147
6089
6068
6024
6097
6019
6075
6250
6307
6355
6470
6482
6642
6387
6260
6194
6132
6286
6244
6237
6297
6298
6226
6210
6201
6283
6395
6311
6312
6396
6470
6549
6492
6544
6580
6606
6599
6574
6459
6486
6461
6564
6476
6627
6564
6526
6435
6288
6235
6220
6357
6312
6243
6129
6180
6256
6304
6149
6149
6272
6192
6155
6136
6187
6117
6201
6046
6123
6227
6263
6134
6198
6069
6093
6078
5937
5922
6026
6134
6100
6221
6226
6121
6029
5994
5934
5972
5929
5844
5835
5895
5995
6144
6212
6189
6256
6157
6195
6221
6312
6268
6224
6259
6312
6298
6263
6195
6327
6319
6215
6294
6279
6233
6164
6194
6083
6087
6056
6070
6068
6064
6166
6239
6399
6511
6566
6532
6581
6561
6564
6456
6421
6319
6331
6423
6459
6556
6433
6456
6434
6454
6356
6316
6233
6073
6125
6187
6182
6148
6181
6220
6159
6050
6120
6128
6160
6098
6038
6061
5988
6080
6036
5963
5885
5935
6049
6075
5951
6009
5972
5901
5813
5797
5615
5663
5621
5704
5714
5632
5772
5713
5575
5519
5423
5446
5412
5264
5315
5359
5391
5431
5432
5406
5277
5441
5305
5368
5355
5437
5546
5495
5426
5410
5362
5490
5520
5506
5521
5468
5584
5584
5633
5610
5670
5766
5902
5884
5971
5996
5918
5866
5799
5811
5804
5783
5834
5869
5745
5814
5858
5804
5813
5746
5795
5763
5684
5577
5658
5776
5911
5903
5814
5685
5546
5553
5520
5513
5611
5670
5612
5581
5626
5538
5451
5485
5564
5534
5643
5709
5713
5528
5503
5542
5572
5543
5529
5436
5357
5324
5278
5313
5249
5214
5089
5111
5120
5229
5207
5108
5073
5000
5130
5089
5091
5173
5096
5142
5301
5414
5448
5426
5517
5538
5643
5710
5717
5714
5561
5626
5514
5403
5263
5066
4997
5031
4984
4946
5021
4986
4928
4930
4914
4941
4935
4894
4893
4772
4868
4909
4814
5029
5084
5111
5170
5161
5160
5099
5045
5070
5049
4980
4960
5027
5113
5191
5174
5289
5225
5100
5195
5155
5094
5126
5170
5286
5336
5351
5353
5331
5346
5295
5317
5317
5349
5288
5333
5411
5432
5420
5413
5480
5490
5520
5629
5712
5748
5811
5847
5646
5660
5714
5709
5659
5630
5411
5491
5633
5786
5740
5771
5877
5838
5839
5851
5848
5824
5925
5832
5732
5694
5744
5664
5687
5775
5866
5962
5889
5816
5802
5868
5960
5988
5917
5929
5947
5851
5825
5856
5848
5890
5780
5696
5646
5634
5729
5602
5547
5588
5656
5597
5522
5561
5655
5580
5562
5570
5541
5447
5522
5530
5530
5544
5441
5321
5372
5524
5470
5438
5534
5445
5411
5494
5515
5483
5440
5555
5597
5537
5579
5582
5621
5625
5654
5731
5677
5693
5754
5822
5770
5858
5743
5788
5813
5877
6033
6111
6261
6311
6333
6321
6302
6471
6524
6561
6566
6542
6511
6464
6439
6478
6444
6311
6170
6113
5999
5934
5991
5916
6055
6115
6124
6257
6144
6262
6284
6312
6273
6154
6290
6437
6351
6355
6404
6289
6348
6517
6535
6638
6641
6588
6594
6521
6623
6603
6517
6566
6503
6453
6515
6514
6413
6321
6309
6304
6349
6403
6310
6274
6203
6114
6204
6148
6150
6305
6333
6269
6380
6547
6605
6751
6623
6595
6661
6642
6643
6624
6520
6606
6520
6418
6422
6270
6334
6303
6382
6313
6306
6233
6231
6243
6218
6246
6203
5956
6152
6102
5967
5975
6104
6064
6037
6025
6003
5949
5893
6001
5937
5874
5899
5865
5771
5686
5801
5767
5733
5783
5728
5681
5727
5746
5858
5751
5824
6034
6110
6100
6059
6072
6136
6235
6250
6137
6103
6140
6212
6088
5845
5667
5551
5561
5601
5593
5485
5421
5388
5324
5304
5305
5364
5313
5133
5087
5099
5052
5073
5234
5234
5198
5131
5108
5199
5295
5317
5266
5271
5291
5237
5179
5296
5453
5516
5481
5570
5603
5617
5674
5621
5521
5486
5584
5746
5607
5537
5576
5598
5648
5820
5792
5788
5706
5643
5523
5540
5501
5527
5484
5571
5555
5461
5557
5565
5603
5512
5405
5378
5519
5331
5224
5159
5044
5061
5229
5229
5307
5430
5535
5600
5688
5657
5525
5674
5630
5613
5626
5624
5646
5664
5721
5684
5557
5527
5467
5492
5570
5575
5589
5718
5843
5641
5597
5654
5588
5658
5617
5513
5555
5607
5502
5390
5476
5399
5511
5410
5461
5456
5554
5643
5635
5624
5619
5704
5714
5755
5776
5843
5783
5705
5695
5837
5567
5542
5611
5622
5583
5482
5378
5278
5331
5391
5363
5379
5373
5270
5243
5127
5155
5021
5121
5195
5242
5283
5265
5200
5158
5239
5041
5044
5072
5212
5110
5004
5187
5188
5222
5210
5296
5337
5395
5484
5575
5777
5804
5939
5960
5944
5960
6119
6020
6071
6086
6112
6152
6111
6053
6018
6141
6080
6125
6117
6177
6159
6162
6190
5963
5937
5887
5873
5896
5880
5989
5981
5974
5920
5959
5989
6072
5974
6007
6151
6156
6193
6250
6241
6300
6297
6297
6357
6328
6321
6262
6230
6281
6289
6258
6404
6537
6505
6507
6440
6381
6314
6299
6364
6279
6241
6078
5946
5938
6009
6073
6038
6038
6044
6078
6008
6029
6153
6271
6328
6275
6232
6061
6150
6209
6304
6258
6222
6043
6020
6060
6031
6010
6022
6019
6058
6101
5948
6008
6009
5971
5937
5919
5807
5744
5752
5801
5804
5694
5671
5669
5754
5760
5708
5581
5652
5549
5706
5770
5617
5509
5523
5544
5532
5590
5625
5624
5501
5615
5654
5609
5535
5413
5445
5516
5656
5661
5690
5624
5625
5591
5655
5701
5733
5756
5642
5823
5760
5822
5825
5763
5691
5697
5810
5941
6041
6195
6236
6145
6214
6283
6178
6168
6303
6386
6516
6537
6513
6629
6755
6725
6764
6836
6871
6767
6650
6707
6678
6485
6340
6307
6341
6295
6397
6324
6326
6432
6403
6372
6354
6319
6211
6175
6130
6167
6046
6160
6358
6360
6356
6198
6237
6307
6401
6378
6255
6226
6224
6044
6146
6195
6214
6191
6235
6315
6141
6015
5955
5886
6055
5978
5994
6023
5986
6026
6089
6227
6205
6188
6269
6350
6342
6450
6412
6316
6427
6534
6509
6474
6421
6473
6538
6497
6556
6460
6481
6497
6449
6471
6456
6467
6634
6665
6554
6611
6524
6463
6385
6339
6394
6354
6417
6346
6487
6405
6427
6404
6494
6590
6716
6615
6425
6332
6283
6256
6257
6253
6303
6204
6153
6254
6324
6334
6260
6233
6238
6223
6166
6230
6268
6175
6080
6120
6161
6120
6102
6043
5942
5960
5872
6030
6087
6130
6207
6122
6113
6069
5907
5954
5910
5951
5865
5869
5951
6068
6135
6119
6279
6270
6163
6171
6141
6230
6097
6157
6215
6154
6145
6080
6163
6222
6251
6168
6203
6024
5983
6060
6086
6205
6188
6190
6155
6218
6239
6195
6249
6316
6441
6542
6571
6396
6449
6503
6388
6193
6116
6071
6036
6077
6161
6170
6178
6364
6373
6455
6460
6517
6663
6572
6457
6414
6382
6357
6197
6074
6111
5999
5842
5815
5696
5639
5618
5609
5558
5616
5618
5601
5517
5590
5661
5553
5606
5583
5607
5707
5726
5721
5746
5648
5663
5513
5471
5442
5470
5360
5523
5457
5335
5361
5411
5466
5477
5563
5640
5919
5847
5749
5851
5837
5813
5857
5841
5908
5893
5834
5864
5759
5757
5576
5632
5653
5779
5656
5603
5597
5565
5515
5606
5557
5592
5481
5557
5601
5611
5508
5479
5448
5479
5487
5457
5351
5271
5239
5299
5296
5326
5239
5249
5258
5337
5320
5445
5441
5429
5333
5306
5366
5531
5503
5394
5335
5260
5299
5283
5251
5271
5345
5356
5320
5329
5399
5354
5227
5066
5102
5201
5293
5341
5421
5447
5392
5343
5255
5224
5200
5156
5134
5080
5231
5247
5114
5165
5108
4919
4939
5049
5144
5248
5395
5379
5355
5424
5503
5605
5561
5591
5552
5598
5608
5658
5590
5587
5614
5585
5545
5595
5623
5613
5594
5717
5568
5620
5522
5349
5425
5428
5461
5467
5556
5467
5511
5503
5568
5638
5694
5650
5765
5700
5674
5585
5469
5401
5556
5561
5583
5527
5536
5581
5639
5685
5601
5601
5664
5585
5510
5434
5436
5422
5585
5672
5702
5822
5720
5761
5783
5945
5984
6084
6011
6023
6083
6192
6210
6404
6428
6348
6435
6362
6254
6090
6075
6065
6131
6183
6001
6091
6071
6087
6108
5969
5953
5938
5826
5745
5679
5741
5725
5819
5837
5890
5912
6044
6112
6139
6014
5914
6031
5950
5998
5898
5895
5850
5909
5771
5905
5766
5897
6020
5939
6092
6149
6145
6228
6372
6283
6233
6247
6414
6255
6315
6261
6171
6161
6156
6178
6265
6238
6331
6394
6386
6251
6160
6146
6318
6293
6151
6161
6163
6115
6237
6229
6214
6188
6275
6122
6141
6100
6146
6082
6108
6195
6243
6232
6038
5877
5721
5698
5739
5744
5810
5781
5751
5671
5624
5545
5468
5405
5379
5252
5175
5064
5249
5143
5123
5207
5220
5270
5345
5297
5207
5285
5299
5427
5430
5445
5351
5378
5389
5352
5428
5355
5409
5396
5465
5378
5301
5354
5337
5291
5353
5299
5352
5252
5151
5184
5257
5148
5201
5288
5353
5391
5454
5529
5570
5712
5682
5621
5604
5672
5749
5679
5637
5875
5959
5975
6050
6111
6149
6105
6075
6076
6014
5980
6104
6143
6200
6265
6222
6209
6218
6067
5925
5860
5855
5786
5882
5812
5871
5979
6007
6056
6123
6101
6053
6144
6189
6101
6146
6099
6103
6171
6138
6047
5939
5933
6003
5960
6013
6043
5938
5920
5916
5881
5732
5736
5662
5744
5799
5800
5693
5898
5922
5862
5657
5543
5427
5417
5290
5269
5160
5199
5350
5291
5301
5411
5282
5227
5192
5326
5274
5337
5348
5331
5361
5423
5386
5439
5334
5262
5301
5312
5335
5401
5349
5365
5314
5313
5251
5256
5178
5305
5477
5445
5264
5310
5162
5189
5147
5125
5171
5128
5190
5187
5314
5320
5402
5347
5330
5319
5389
5451
5409
5385
5524
5437
5525
5490
5441
5410
5508
5557
5321
5246
5337
5390
5324
5364
5371
5518
5558
5609
5650
5686
5646
5521
5385
5510
5582
5460
5491
5318
5258
5306
5335
5455
5528
5469
5485
5470
5489
5520
5561
5566
5556
5536
5494
5462
5516
5494
5553
5573
5534
5548
5501
5465
5583
5696
5583
5585
5652
5592
5686
5718
5728
5804
5817
5842
5838
6006
6190
6092
6201
6247
6275
6239
6327
6233
6181
6236
6113
6207
6183
6111
6016
5976
5981
5984
5970
6040
6069
6187
6055
6016
6004
6058
6028
5998
5838
5717
5705
5975
5921
5983
5924
5868
5992
6005
5833
5868
5893
5892
5928
6053
6225
6259
6177
6188
6131
6068
6105
6095
6160
6141
6101
6211
6133
6115
6149
6055
6019
5924
5792
5777
5740
5740
5699
5847
5857
5861
5869
5917
5919
5969
5990
6117
6203
6151
6097
6202
6191
6250
6257
6278
6292
6278
6353
6309
6405
6409
6483
6461
6351
6414
6394
6463
6471
6570
6664
6573
6505
6557
6506
6360
6392
6495
6425
6408
6295
6320
6387
6349
6299
6347
6283
6201
5994
5953
5997
6066
5888
5953
5942
5936
5934
5948
5972
6032
5985
5977
5850
5855
5846
5818
5857
5808
5710
5735
5807
5764
5838
5855
5769
5791
5747
5930
5949
5998
6148
6251
6143
6119
6005
5961
5958
5811
5790
5828
5913
5962
5949
5958
5929
6002
6089
6027
5894
5856
5777
5673
5565
5575
5621
5523
5478
5467
5320
5390
5426
5330
5401
5314
5327
5284
5225
5194
5204
5217
5293
5352
5312
5322
5368
5458
5442
5518
5495
5517
5466
5524
5302
5264
5271
5394
5533
5513
5589
5587
5494
5418
5537
5388
5298
5359
5415
5380
5359
5390
5439
5403
5360
5452
5446
5421
5478
5477
5443
5313
5355
5367
5463
5487
5519
5639
5613
5585
5438
5490
5452
5423
5467
5393
5467
5395
5384
5418
5335
5414
5486
5554
5557
5624
5693
5619
5644
5678
5763
5867
5803
5754
5779
5800
5863
5981
6092
6060
6139
6061
6129
6232
6269
6287
6323
6293
6336
6252
6167
6147
6137
6079
5942
5869
5726
5636
5692
5804
5810
5799
5733
5613
5595
5542
5564
5558
5496
5488
5516
5457
5512
5416
5414
5475
5499
5447
5638
5704
5492
5441
5403
5312
5282
5238
5239
5201
5272
5232
5200
5261
5276
5271
5358
5426
5356
5333
5293
5320
5431
5426
5364
5295
5345
5334
5457
5475
5491
5484
5399
5376
5355
5380
5426
5452
5425
5409
5539
5477
5515
5469
5414
5261
5245
5282
5457
5496
5345
5379
5528
5556
5569
5518
5589
5546
5583
5398
5304
5370
5402
5394
5488
5422
5565
5556
5545
5573
5519
5551
5565
5466
5471
5440
5398
5386
5546
5603
5625
5622
5575
5613
5659
5580
5590
5572
5660
5666
5775
5718
5605
5566
5467
5425
5546
5539
5550
5568
5591
5612
5681
5713
5708
5618
5776
5705
5652
5585
5635
5538
5617
5564
5757
5726
5654
5559
5541
5565
5626
5485
5614
5565
5461
5491
5535
5653
5656
5710
5772
5853
5921
5934
5889
5867
5861
5802
5696
5719
5632
5621
5425
5541
5588
5645
5692
5666
5758
5723
5689
5697
5661
5658
5694
5665
5548
5644
5689
5757
5912
5943
5905
5910
5845
5782
5729
5824
5723
5744
5598
5414
5393
5498
5472
5500
5476
5341
5378
5312
5247
5077
5007
5178
5194
5138
5086
4972
4876
4838
4792
4706
4609
4654
4688
4691
4598
4570
4692
4718
4658
4662
4784
4889
4910
5030
5230
5441
5339
5303
5402
5508
5607
5568
5449
5458
5474
5428
5557
5547
5476
5439
5507
5414
5461
5459
5328
5319
5363
5309
5197
5254
5352
5374
5354
5329
5230
5176
5198
5135
5085
4962
4905
4912
4868
4815
4833
4815
4931
5028
5088
4975
5044
5001
4881
4936
4946
4886
4852
4780
4748
4778
4819
4637
4615
4687
4619
4766
4795
4914
4968
5005
4941
5022
4997
4949
4898
4856
4803
4780
4706
4634
4613
4608
4660
4639
4552
4597
4620
4572
4659
4658
4726
4739
4921
4868
4903
5038
5035
5021
4998
5046
5103
5181
5089
5066
4989
4919
4897
4804
4751
4761
4790
4788
4831
4805
4761
4755
4757
4733
4833
4810
4872
4764
4657
4648
4748
4878
4914
4915
4868
4855
4824
4780
4800
4751
4808
4803
4805
4898
4858
4853
4782
4822
4763
4813
4745
4770
4891
4899
4875
4836
4960
4951
5074
5031
5084
5027
5141
5190
5152
5177
5259
5302
5373
5360
5336
5371
5354
5282
5316
5216
5156
5189
5129
5085
5070
4994
4996
4873
4901
4813
4816
4803
4722
4735
4828
4792
4848
4771
4831
4871
4846
4832
4853
4950
5039
5006
4957
4998
4943
4986
4945
4832
4846
4954
4925
5019
4967
4991
4950
5037
5084
5159
5250
5296
5265
5315
5440
5550
5523
5618
5582
5567
5469
5426
5391
5459
5595
5652
5672
5744
5748
5696
5831
5740
5807
5838
5843
5741
5778
5927
5951
5949
6006
6095
6161
6109
6162
6101
6186
6177
6256
6257
6371
6358
6273
6440
6423
6433
6410
6530
6690
6787
6799
6695
6613
6547
6508
6430
6322
6453
6493
6414
6371
6290
6238
6216
6189
6169
6161
6120
6114
6091
6080
6085
6026
6062
6161
6014
6030
5975
6111
6009
6066
6126
6211
6151
6280
6217
6176
6108
6131
6126
6068
6012
5980
5986
5994
6013
6067
6080
6037
6136
6183
6050
5944
5718
5715
5682
5598
5614
5570
5454
5407
5474
5459
5383
5353
5403
5444
5394
5473
5504
5505
5401
5404
5329
5320
5345
5298
5335
5454
5498
5613
5609
5759
5940
5901
5784
5778
5689
5738
5896
5813
5894
5902
6140
6135
6214
6258
6230
6169
6130
6191
6162
6256
6344
6288
6246
6294
6322
6325
6294
6242
6229
6281
6364
6424
6538
6487
6522
6473
6419
6541
6514
6566
6673
6675
6641
6615
6633
6500
6422
6406
6465
6431
6476
6450
6338
6337
6431
6435
6412
6356
6321
6439
6400
6545
6716
6760
6792
6690
6671
6583
6537
6575
6576
6630
6728
6608
6632
6677
6686
6662
6673
6760
6797
6680
6688
6624
6652
6741
6821
6807
6795
6839
6770
6746
6643
6792
6723
6710
6753
6619
6678
6593
6549
6741
6808
6877
6784
6739
6742
6678
6594
6407
6294
6244
6229
6049
6042
6188
6194
6149
6256
6402
6315
6377
6369
6348
6374
6475
6458
6409
6413
6400
6342
6316
6252
6150
6173
6191
6097
6147
6080
6054
6058
5985
6081
6072
6104
6082
6045
5944
5919
5886
5851
5853
5811
5876
5959
5913
5961
5948
6034
6067
6045
6024
5966
6073
6160
6302
6325
6256
6267
6290
6239
6194
6145
5957
6024
5966
6148
6109
6053
6131
6017
5969
5913
5926
5892
5864
5907
5922
5807
5828
5729
5806
5852
5904
5878
5747
5689
5704
5724
5660
5547
5382
5337
5457
5450
5490
5391
5406
5462
5516
5490
5514
5437
5448
5493
5467
5539
5703
5757
5634
5617
5447
5433
5431
5358
5414
5387
5331
5260
5134
5121
5018
5057
5088
5164
5239
5168
5280
5305
5317
5323
5421
5384
5245
5211
5191
5186
5082
5124
5042
5018
5041
5046
5020
5016
5037
5008
5016
5025
5107
5095
5124
5146
5148
5099
5280
5311
5250
5255
5189
5125
5146
5104
5169
5082
5194
5233
5304
5244
5363
5300
5303
5392
5416
5329
5345
5246
5209
5100
5082
5018
4928
4946
5008
4991
4923
4885
4825
4903
4919
5020
5006
4991
5046
4994
4979
4964
4988
4976
4933
4955
4941
5038
5116
5055
5124
5092
5040
5063
5122
5263
5174
5172
5204
5203
5172
5149
5153
5060
4960
4963
4999
4936
4933
4969
4995
5026
5065
5012
4938
5083
5251
5248
5215
5148
5195
5124
5173
5306
5283
5268
5287
5380
5433
5406
5470
5546
5529
5535
5533
5461
5502
5571
5436
5343
5368
5403
5358
5438
5341
5489
5560
5444
5501
5443
5516
5514
5528
5513
5657
5708
5887
5836
5901
5802
5816
5775
5625
5709
5750
5662
5570
5638
5607
5594
5537
5468
5479
5439
5345
5335
5304
5209
5245
5398
5460
5472
5392
5359
5437
5519
5426
5538
5516
5555
5532
5699
5854
5921
6025
5931
5848
5909
5869
5911
5936
5828
5780
5887
5928
5842
5820
5868
5967
5863
5826
5858
5829
5884
5770
5714
5751
5643
5606
5585
5629
5640
5701
5628
5677
5706
5753
5677
5593
5564
5420
5414
5484
5434
5452
5589
5572
5623
5603
5527
5504
5601
5658
5589
5550
5556
5517
5479
5573
5439
5352
5259
5319
5355
5353
5384
5237
5261
5173
5155
5282
5253
5252
5235
5393
5400
5373
5390
5368
5302
5396
5384
5533
5618
5464
5566
5656
5630
5692
5751
5740
5762
5674
5652
5519
5636
5578
5631
5681
5689
5601
5640
5700
5768
5622
5535
5658
5491
5517
5660
5731
5724
5726
5742
5725
5691
5574
5588
5673
5662
5725
5792
5802
5878
5805
5716
5683
5596
5594
5599
5665
5690
5555
5536
5562
5605
5576
5589
5513
5496
5366
5575
5519
5487
5518
5508
5436
5373
5386
5442
5401
5486
5414
5350
5354
5409
5446
5488
5466
5390
5442
5354
5259
5410
5570
5668
5636
5632
5668
5588
5522
