505000
199819
141816
111840
93223
79933
70167
62565
56337
51614
47547
44123
41248
38695
36146
34429
32856
31384
30256
29030
28068
26946
26029
25268
24454
23573
22878
22175
21575
20944
20741
20206
19653
18935
18432
18004
17420
17217
16926
16627
16229
15964
15507
15219
14899
14704
14449
14384
14122
14031
13653
13377
13189
12952
12856
12709
12650
12683
12599
12484
12336
12124
12023
11947
11960
11739
11522
11529
11373
11330
11151
11040
10917
10954
10845
10738
10579
10529
10448
10374
10257
10130
9920
9822
9677
9810
9733
9616
9540
9565
9493
9244
9136
9103
9158
8985
8952
8978
9002
8874
8833
8860
8772
8733
8830
8905
8795
8607
8676
8700
8736
8699
8594
8604
8491
8425
8419
8365
8414
8461
8346
8394
8272
8191
8144
8096
8137
8004
8029
7925
7793
7632
7429
7388
7476
7414
7454
7313
7330
7277
7343
7387
7376
7362
7329
7353
7343
7385
7381
7368
7213
7089
7073
7118
7009
6905
6858
6984
7056
7067
7089
7124
7143
7191
7038
7009
6849
6797
6683
6750
6747
6733
6653
6627
6478
6430
6381
6444
6445
6523
6729
6575
6578
6514
6566
6606
6553
6420
6473
6495
6476
6517
6459
6423
6529
6586
6572
6527
6549
6631
6783
6787
6837
6663
6739
6667
6474
6482
6542
6547
6491
6497
6552
6482
6474
6612
6593
6628
6741
6747
6629
6681
6702
6724
6682
6671
6603
6570
6499
6421
6499
6548
6494
6514
6476
6558
6563
6632
6818
6830
6799
6856
6684
6660
6572
6572
6714
6711
6674
6598
6551
6565
6570
6509
6585
6499
6518
6567
6662
6673
6548
6658
6784
6700
6733
6752
6843
6771
6661
6623
6580
6599
6759
6718
6637
6724
6675
6695
6598
6640
6586
6474
6521
6559
6435
6497
6301
6113
6023
6048
6024
6092
6188
6165
6061
5913
5963
5841
5823
5828
5878
5865
5888
5806
5848
5787
5761
5736
5791
5898
5917
5991
6045
6047
6121
6098
6031
5967
5992
5986
5958
5954
6020
6029
6119
6133
6118
6258
6263
6185
6155
6117
6041
6024
6025
5911
5892
5978
6012
5955
5987
5777
5734
5670
5639
5551
5451
5400
5483
5432
5380
5252
5191
5282
5150
5176
5223
5323
5308
5359
5262
5203
5181
5279
5370
5226
5143
5127
5152
5216
5156
5096
5186
5133
5174
5061
5078
4992
5011
4930
4939
4827
4853
4821
4858
4836
4897
4770
4689
4734
4725
4773
4900
4823
4756
4778
4818
4805
4730
4733
4684
4688
4752
4810
4853
5045
5071
5188
5240
5239
5079
5251
5195
5296
5219
5354
5480
5514
5621
5557
5542
5490
5502
5350
5361
5500
5727
5624
5720
5791
5826
5824
5871
5978
6040
6038
6094
5997
5940
5871
5914
5932
5893
5832
5872
5814
5783
5789
5687
5728
5707
5674
5646
5515
5570
5589
5629
5478
5515
5733
5884
5727
5597
5580
5629
5614
5596
5743
5748
5675
5708
5651
5590
5619
5674
5673
5623
5737
5692
5794
5871
5892
5979
6014
6100
5999
5974
5824
5878
5968
6070
6027
6045
6219
6158
6164
6176
6162
6347
6421
6375
6444
6458
6479
6344
6379
6452
6291
6261
6271
6249
6316
6330
6398
6333
6409
6423
6307
6382
6313
6189
6098
6097
6173
6133
6110
6088
6226
6136
6078
6057
6112
5957
5961
6178
6216
6071
6271
6357
6297
6229
6273
6261
6310
6343
6366
6331
6352
6188
6184
6232
6117
6088
6244
6323
6359
6379
6400
6401
6258
6176
6154
6110
6093
6119
6071
6000
5996
6094
6004
5929
6081
6151
6142
6165
6249
6069
6066
6134
6334
6304
6288
6251
6091
6098
6143
6119
6236
6282
6207
6106
6125
5862
6004
5990
5875
5879
5801
5880
5910
5827
5779
5813
5865
5876
5790
5754
5760
5782
5802
5726
5786
5717
5706
5742
5606
5496
5578
5683
5622
5532
5548
5460
5525
5623
5631
5744
5733
5692
5770
5747
5799
5899
5811
5887
5907
5997
6146
6278
6160
5992
6016
6007
6082
5971
5899
5922
5857
5755
5717
5675
5757
5677
5725
5605
5560
5453
5330
5376
5288
5359
5270
5405
5413
5367
5388
5292
5330
5344
5325
5306
5260
5307
5418
5434
5433
5427
5381
5257
5175
5289
5299
5320
5234
5089
5072
5012
5178
5334
5417
5278
5346
5247
5351
5381
5405
5357
5459
5498
5480
5536
5575
5528
5483
5399
5331
5403
5437
5478
5613
5577
5554
5503
5374
5408
5380
5239
5347
5421
5552
5472
5386
5458
5432
5320
5262
5234
5268
5223
5310
5286
5175
5147
5204
5173
5154
5150
5092
5137
5058
5116
5126
5028
4973
4958
4997
4955
4970
5017
5107
5279
5261
5203
5187
5209
5196
5199
5195
5243
5242
5326
5356
5367
5410
5325
5316
5222
5110
5119
5086
5078
5071
5076
5140
5040
5001
5023
5050
4960
4977
4925
4725
4743
4674
4736
4811
4831
4791
4776
4941
4880
4969
5030
4980
4973
5000
4859
4920
4974
4911
5031
4957
4961
5011
5026
5213
5363
5308
5387
5486
5581
5631
5512
5481
5496
5484
5416
5432
5421
5398
5415
5445
5597
5568
5487
5600
5603
5614
5807
5810
5845
5811
5795
5790
5775
5904
6040
6054
5932
5966
5901
5815
5686
5694
5640
5634
5601
5638
5613
5633
5589
5528
5447
5415
5418
5361
5371
5267
5300
5393
5491
5529
5544
5596
5635
5611
5647
5656
5718
5661
5668
5603
5576
5628
5552
5549
5471
5452
5403
5439
5438
5473
5404
5291
5380
5389
5335
5343
5360
5358
5391
5330
5257
5281
5295
5332
5410
5424
5479
5536
5623
5678
5753
5839
5747
5813
5891
5891
5773
5789
5724
5712
5709
5817
5837
5719
5783
5737
5732
5762
5769
5810
5963
5846
5802
5812
5699
5773
5777
5882
5781
5709
5674
5649
5747
5682
5628
5606
5522
5492
5532
5572
5488
5581
5598
5632
5607
5543
5510
5403
5362
5306
5465
5571
5521
5619
5552
5482
5372
5291
5238
5228
5049
5121
5208
5220
5264
5318
5277
5206
5278
5295
5330
5393
5486
5477
5584
5418
5282
5355
5308
5331
5504
5482
5554
5467
5308
5290
5371
5314
5159
5118
5172
5132
5093
5055
5073
4978
4892
4921
5099
5071
4911
5019
5008
4991
5043
5124
5047
5126
5129
5134
5100
5159
5155
5168
5041
5142
5032
5020
5146
5139
5138
5073
5075
5109
5007
5043
5055
5189
5037
5103
5081
5076
4899
4863
4969
4952
5006
4992
5069
5251
5395
5353
5347
5363
5465
5430
5407
5511
5475
5462
5515
5562
5534
5429
5263
5254
5295
5264
5282
5188
5205
5237
5220
5389
5534
5457
5369
5350
5408
5385
5493
5526
5557
5687
5659
5685
5571
5602
5580
5532
5522
5470
5522
5523
5481
5441
5412
5443
5591
5705
5708
5618
5674
5591
5613
5607
5511
5523
5516
5503
5438
5562
5461
5577
5633
5619
5734
5867
5806
5798
5677
5732
5703
5652
5475
5428
5301
5317
5278
5186
5138
5255
5362
5360
5528
5545
5447
5383
5460
5550
5634
5571
5525
5644
5694
5769
5735
5727
5634
5690
5738
5751
5723
5639
5679
5657
5742
5656
5668
5689
5754
5720
5694
5567
5594
5449
5464
5327
5272
5311
5275
5402
5362
5285
5215
5260
5231
5386
5393
5412
5409
5337
5332
5398
5457
5544
5496
5530
5722
5753
5709
5680
5597
5630
5690
5612
5540
5554
5456
5425
5324
5393
5588
5602
5477
5587
5441
5431
5391
5405
5323
5263
5198
5259
5348
5415
5432
5491
5543
5527
5546
5546
5487
5437
5321
5354
5387
5435
5487
5361
5314
5379
5426
5440
5329
5353
5422
5436
5325
5349
5386
5564
5543
5668
5781
5868
5894
5957
6063
6051
5921
5784
5785
5643
5642
5693
5667
5614
5622
5614
5561
5501
5526
5519
5596
5684
5743
5683
5634
5545
5646
5646
5726
5726
5573
5605
5662
5554
5765
5581
5803
5933
6003
5893
5695
5770
5823
5884
6013
6049
6064
6102
6020
6040
6099
6108
6115
6177
6384
6390
6458
6404
6404
6392
6350
6195
6242
6156
6138
6135
6305
6294
6153
6090
6065
6137
6118
6104
6062
6159
6270
6244
6357
6231
6112
6132
6094
5978
5908
5943
5989
6029
5950
5999
5912
5973
5985
6063
6099
5949
5970
5782
5749
5653
5553
5646
5497
5446
5570
5587
5607
5710
5645
5645
5663
5774
5732
5639
5603
5589
5500
5491
5543
5568
5657
5730
5767
5877
5860
5744
5762
5830
5772
5820
5658
5685
5704
5758
5722
5677
5749
5715
5739
5818
5942
5956
6102
6130
6229
6159
6192
6218
6201
6078
6138
6125
6172
6181
6221
6181
6096
6240
6164
6100
6097
5989
5942
5875
6006
6042
5987
6015
6016
6246
6234
6117
6148
6182
6106
6023
6177
6163
6225
6251
6063
6270
6213
6255
6285
6188
6173
6185
6197
6116
6017
6093
6033
5967
5895
5983
5873
5871
5861
5787
5808
5884
5898
5939
5897
5882
5732
5680
5808
5673
5708
5832
5716
5711
5821
5754
5820
5771
5686
5728
5764
5678
5620
5663
5764
5762
5683
5617
5589
5530
5483
5280
5267
5268
5390
5473
5521
5514
5612
5689
5734
5610
5627
5633
5739
5852
5764
5799
5858
5915
5963
5939
6059
6116
6108
6140
6069
6131
6181
6190
6254
6215
6200
6215
6223
6103
6145
6039
5960
6160
6167
6120
6019
6017
6114
6114
6132
6186
6137
6080
6151
6079
6092
6174
6126
6213
6208
6156
6166
5976
5870
5864
5924
5923
5929
5871
5846
5873
5957
5998
6143
6063
6047
5916
5924
5973
5898
6077
5945
5930
5916
5899
5930
5872
5754
5809
5694
5594
5576
5509
5512
5482
5343
5275
5339
5368
5342
5366
5401
5457
5443
5359
5332
5304
5254
5221
5099
5141
5216
5106
5065
4972
5051
4918
4955
5010
5031
4963
5075
5020
5018
5060
5073
5105
5140
5213
5346
5348
5205
5281
5177
5083
5001
4924
4949
4958
4985
4991
5015
5022
5042
5029
4976
4998
5119
5097
5155
5182
5195
5187
5244
5268
5207
5222
5364
5211
5298
5233
5247
5263
5407
5478
5462
5577
5546
5463
5405
5422
5371
5455
5421
5346
5225
5225
5182
5207
5189
5067
5128
5151
5063
5125
5250
5156
5018
4948
5021
4949
4912
4903
4901
4907
4985
5072
5090
5069
5044
5056
5130
5198
5284
5270
5269
5149
5222
5169
5074
5069
5083
4955
5007
4864
4946
4904
4817
4939
5035
4995
4956
4958
4947
4947
4903
4789
4669
4624
4624
4487
4503
4454
4480
4527
4547
4507
4496
4464
4592
4590
4624
4733
4631
4502
4605
4574
4615
4537
4614
4661
4739
4722
4746
4655
4603
4758
4817
4724
4890
4908
4861
4958
4942
4984
5168
5166
5229
5207
5260
5391
5472
5321
5253
5372
5456
5515
5472
5397
5418
5350
5325
5266
5227
5216
5277
5328
5401
5472
5425
5601
5547
5382
5388
5390
5364
5433
5457
5439
5447
5365
5485
5497
5636
5701
5707
5747
5729
5776
5709
5756
5721
5770
5812
5932
5895
5910
5929
5926
5875
5820
5768
5759
5711
5739
5786
5776
5881
5863
5873
6011
6078
5996
6047
5916
6040
6003
5966
5903
5894
5847
5774
5864
5841
5929
5820
5715
5801
5677
5734
5740
5788
5810
5723
5615
5695
5776
5968
5964
5989
6025
6078
5982
6022
6051
6161
6138
6097
6045
6091
5984
5958
6034
6019
5983
6056
6118
6031
6060
5875
5816
5739
5592
5575
5513
5475
5613
5568
5724
5657
5692
5599
5581
5599
5635
5731
5683
5738
5848
5895
6000
6035
5966
5912
5998
6070
5980
5968
5939
6011
5973
5816
5726
5648
5641
5578
5543
5622
5631
5707
5671
5678
5628
5515
5488
5338
5364
5538
5559
5635
5632
5690
5658
5618
5637
5478
5490
5454
5419
5424
5336
5373
5301
5264
5250
5281
5199
5096
5084
5166
5280
5332
5412
5462
5398
5476
5594
5595
5543
5531
5533
5635
5627
5739
5659
5768
5784
5739
5744
5821
5770
5858
5856
5772
5733
5826
5810
5757
5800
5876
5844
5922
5866
5772
5887
5758
5710
5809
5803
5750
5752
5794
5809
5816
5795
5696
5740
5776
5630
5531
5674
5691
5651
5547
5497
5519
5539
5434
5322
5335
5305
5277
5238
5252
5202
5319
5370
5242
5440
5265
5237
5143
5139
5105
5074
4944
5000
4929
4911
4971
5034
5080
5286
5211
5151
5241
5328
5320
5344
5333
5291
5229
5204
5191
5277
5267
5321
5502
5500
5537
5560
5610
5720
5649
5727
5679
5626
5608
5725
5755
5715
5566
5639
5653
5745
5737
5690
5559
5604
5579
5520
5494
5423
5507
5448
5499
5568
5650
5632
5580
5675
5723
5564
5548
5538
5415
5481
5402
5278
5063
5084
5131
5222
5274
5343
5294
5313
5437
5412
5432
5551
5771
5783
5855
5833
5777
5797
5757
5697
5746
5854
5871
5864
5950
5922
5892
5916
5857
5650
5614
5552
5581
5572
5624
5597
5640
5677
5699
5560
5467
5437
5320
5307
5185
5255
5388
5404
5312
5387
5399
5338
5224
5421
5271
5180
5434
5388
5409
5328
5200
5177
5290
5292
5320
5415
5560
5504
5438
5506
5419
5436
5494
5375
5364
5366
5235
5332
5290
5331
5357
5398
5358
5517
5579
5579
5518
5483
5386
5452
5418
5450
5473
5433
5359
5294
5326
5447
5528
5577
5673
5594
5629
5672
5738
5743
5832
5810
5904
5917
6123
6065
6177
6084
6053
5879
5818
5964
5887
5895
5829
5830
5761
5780
5949
5987
6026
5868
5763
5724
5592
5759
5796
5940
5932
5927
5971
5899
5953
5914
5853
5864
5909
5970
5916
5939
5867
5844
5842
5652
5628
5578
5565
5616
5585
5692
5693
5734
5687
5649
5637
5689
5534
5525
5509
5543
5666
5579
5606
5611
5663
5754
5868
5806
5717
5772
5778
5681
5759
5790
5898
5757
5833
5891
5721
5731
5725
5651
5615
5642
5585
5587
5536
5694
5760
5911
5769
5826
5869
5964
5924
6062
6079
6037
5958
5788
5793
5741
5723
5807
5815
5915
5921
5897
5793
5873
5878
5917
5875
5943
6031
5993
5958
5999
5966
6057
5960
5898
5947
5978
6043
6004
6072
6025
6001
6078
6050
6070
6042
6144
6203
6157
6185
6192
6172
6096
6145
6073
6191
6284
6369
6374
6413
6271
6215
6121
5993
5870
5797
5898
5816
5896
5888
5841
5858
5951
6042
6130
6052
5964
5903
5981
6024
5990
6018
6076
6063
5993
5983
6096
6140
6097
6122
5995
6059
5998
5853
5761
5864
6008
6027
6067
6044
6026
5994
5994
5961
5998
5999
5936
5939
5984
6028
5958
5938
5866
5808
5712
5692
5760
5824
5823
5799
5702
5645
5673
5697
5648
5703
5692
5614
5626
5587
5644
5681
5620
5648
5671
5619
5695
5630
5667
5647
5745
5724
5718
5562
5629
5683
5539
5529
5455
5554
5532
5596
5545
5656
5717
5620
5701
5694
5651
5523
5392
5398
5383
5368
5416
5258
5246
5298
5299
5260
5334
5408
5531
5532
5640
5864
5711
5715
5525
5658
5664
5633
5606
5560
5704
5737
5885
5901
5953
6050
5913
5948
5926
5976
6099
6162
6088
6032
5912
5953
5872
5884
5955
6030
5950
6019
5854
6006
6021
6032
6069
6047
6110
6096
5995
6062
6058
6124
6106
6082
5995
6001
6019
6130
5984
6031
6048
6099
6013
6051
6013
5980
6089
5968
5944
6021
6080
6078
6142
6095
6000
5981
5977
6007
5965
5963
5883
5829
5762
5704
5683
5697
5759
5781
5674
5684
5748
5743
5778
5834
5873
5885
5772
5787
5721
5928
6002
6035
5961
5900
5969
6032
5923
5735
5793
5843
5813
5732
5822
5880
5845
5856
5920
5899
5885
5819
5777
5839
5889
5841
5820
5819
5844
5841
5710
5635
5578
5571
5538
5585
5626
5683
5542
5526
5471
5508
5600
5628
5617
5575
5619
5595
5458
5463
5443
5484
5431
5532
5486
5410
5381
5460
5413
5426
5553
5507
5587
5664
5648
5660
5666
5724
5735
5861
5901
5898
5865
5850
5869
5956
5890
5938
5771
5806
5760
5785
5710
5739
5796
5821
5907
6118
6299
6313
6476
6575
6528
6548
6493
6470
6482
6371
6432
6384
6429
6387
6344
6273
6306
6297
6182
6237
6066
5961
5862
5767
5670
5835
5878
5774
5900
5931
6029
5970
6032
6073
5950
6054
6091
6252
6266
6296
6435
6413
6378
6370
6340
6510
6536
6514
6528
6549
6557
6523
6611
6609
6591
6727
6804
6945
6960
6921
6818
6917
6788
6837
6794
6835
6951
6927
6824
6849
7009
7001
7021
7049
7050
7087
7094
7177
7120
7272
7273
7207
7171
7180
7156
7182
7169
7197
7155
7243
7174
7069
7203
7176
7095
7041
7043
7095
7077
7012
6980
7013
7111
6971
7036
7146
7033
6972
6877
6901
6813
6705
6609
6709
6703
6581
6529
6516
6352
6292
6205
6160
6016
5903
5856
5730
5603
5585
5470
5540
5628
5628
5689
5635
5605
5661
5803
5937
5796
5757
5808
5809
5944
5828
5789
5852
5905
5908
5925
6032
6104
6168
6232
6161
6108
6097
6279
6154
6211
6333
6258
6328
6329
6335
6235
6281
6254
6324
6345
6367
6413
6446
6395
6552
6679
6655
6613
6698
6735
6560
6552
6450
6540
6549
6447
6524
6498
6576
6470
6357
6526
6685
6681
6669
6720
6607
6596
6693
6575
6638
6597
6613
6568
6475
6536
6435
6434
6525
6362
6481
6476
6442
6403
6447
6490
6460
6381
6243
6301
6288
6329
6392
6353
6342
6321
6295
6147
6147
6197
6216
6155
6169
6046
5942
5927
5901
6041
5867
5876
5878
5810
5928
6062
6247
6293
6285
6230
6052
5928
5943
6051
6091
6041
6054
6027
6040
6107
6114
6254
6364
6298
6109
6131
5902
5991
6007
6141
6023
6040
5992
5907
5825
5880
5753
5675
5622
5559
5511
5535
5610
5552
5468
5513
5538
5442
5646
5491
5440
5471
5476
5386
5328
5242
5225
5205
5029
5132
5201
5147
5127
4874
4892
4799
4710
4686
4678
4672
4719
4851
4889
4941
4803
4848
4803
4795
4954
4997
5022
5028
4986
4910
4913
5089
5016
5120
5230
5186
5197
5199
5126
5147
5145
5198
5188
5210
5196
5263
5463
5404
5387
5395
5378
5470
5519
5482
5346
5336
5460
5461
5490
5593
5556
5591
5431
5505
5457
5498
5366
5319
5393
5294
5273
5249
5327
5346
5346
5403
5533
5572
5512
5569
5615
5687
5731
5742
5642
5764
5919
5893
5891
5923
5869
5967
5846
5847
5752
5841
5789
5667
5523
5395
5415
5556
5578
5633
5575
5618
5721
5883
5948
5885
5894
5892
5890
5946
5971
5951
5814
5860
5883
5789
5712
5652
5635
5623
5689
5755
5799
5750
5812
5710
5628
5714
5871
5959
5906
5785
5819
5810
5977
5951
5898
5948
5936
5984
5969
6037
6068
5994
5940
6000
6032
6031
5986
5951
5881
5872
5794
5824
6039
5887
5847
5807
5887
5747
5636
5591
5555
5426
5334
5327
5408
5367
5357
5342
5389
5465
5543
5607
5689
5639
5600
5540
5534
5488
5538
5456
5482
5655
5713
5792
5741
5751
5726
5742
5837
5844
5809
5814
5873
5995
5918
5764
5779
5771
5627
5599
5554
5569
5565
5564
5605
5537
5544
5641
5681
5646
5603
5433
5506
5599
5598
5499
5515
5465
5492
5495
5534
5653
5695
5730
5744
5835
5852
5853
5889
5951
6139
6222
6249
6350
6361
6234
6355
6351
6397
6423
6456
6424
6501
6587
6611
6718
6924
6914
6867
6782
6732
6757
6804
6818
6811
6775
6662
6573
6594
6680
6661
6706
6604
6577
6567
6493
6545
6499
6526
6532
6561
6500
6464
6452
6547
6514
6467
6280
6141
6127
6090
6073
6092
6044
6117
6187
6268
6181
6438
6523
6657
6596
6645
6645
6738
6707
6838
6679
6781
6635
6634
6551
6604
6506
6646
6580
6690
6609
6656
6634
6577
6601
6591
6561
6607
6574
6621
6619
6542
6640
6535
6443
6410
6311
6302
6218
6155
6077
6059
6094
6073
6073
6083
5997
5920
6019
6096
6120
6131
6091
6130
6130
6122
6159
6144
6144
6158
6196
6160
6145
6055
6091
6114
6226
6160
6082
6084
6047
5938
5960
5948
5857
5793
5817
5691
5679
5738
5804
5630
5712
5704
5549
5562
5670
5846
5868
5855
5595
5673
5850
5866
6021
5961
6036
6133
6095
6107
5961
5942
6070
5995
5931
5972
6081
6111
6049
5941
5969
5989
5824
5895
5887
6088
6065
6079
6044
6106
6150
6136
6150
6183
6250
6305
6479
6469
6610
6700
6685
6662
6656
6631
6638
6568
6474
6364
6436
6554
6485
6404
6350
6127
6014
5839
5811
5810
5786
5802
5808
5753
5681
5665
5705
5758
5807
5934
6040
5994
6099
5957
5952
5883
5842
5862
5904
5907
5846
5851
5940
5945
6087
6137
6179
6291
6233
6166
6310
6345
6405
6439
6494
6417
6424
6368
6503
6473
6408
6314
6331
6313
6446
6509
6576
6477
6485
6481
6431
6427
6298
6296
6349
6451
6363
6358
6386
6257
6300
6178
6154
6141
6194
6268
6289
6204
6264
6198
6095
6043
6070
6048
6146
6082
6009
6063
6118
6026
5906
5982
5907
5752
5763
5772
5874
5881
5831
5803
5704
5743
5763
5741
5755
5826
5804
5815
5781
5752
5770
5663
5704
5745
5741
5854
5852
5793
5788
5740
5640
5539
5496
5389
5432
5291
5313
5290
5290
5275
5337
5473
5414
5334
5310
5385
5271
5308
5332
5356
5312
5377
5375
5343
5373
5431
5570
5597
5515
5561
5578
5659
5613
5741
5793
5787
5779
5687
5573
5600
5633
5625
5553
5686
5533
5547
5491
5568
5603
5519
5549
5475
5556
5427
5437
5414
5377
5378
5492
5530
5556
5403
5381
5322
5269
5195
5174
5217
5286
5300
5306
5350
5445
5411
5313
5374
5317
5205
5295
5346
5242
5246
5284
5307
5244
5244
5214
5123
5128
5214
5291
5382
5299
5280
5317
5350
5337
5357
5381
5430
5396
5198
5187
5234
5228
5237
5198
5205
5058
5039
5059
5034
5117
5123
5127
5211
5207
5263
5370
5344
5392
5368
5329
5412
5386
5350
5340
5402
5253
5264
5137
5207
5218
5227
5191
5202
5162
5223
5316
5390
5459
5392
5413
5468
5442
5505
5583
5579
5536
5448
5605
5511
5551
5572
5583
5790
5757
5844
5871
5899
5884
5770
5842
5956
5827
5787
5859
5974
6067
5999
5917
5969
6020
5866
5986
5971
5901
5906
5917
5732
5576
5726
5667
5581
5589
5570
5536
5489
5471
5417
5413
5441
5447
5551
5525
5601
5721
5749
5825
5979
5820
5725
5792
5725
5866
5781
5755
5813
5764
5798
5867
5782
5755
5796
5674
5713
5807
5779
5741
5746
5628
5541
5485
5556
5390
5463
5443
5434
5480
5461
5505
5672
5683
5600
5555
5680
5606
5587
5500
5402
5471
5489
5522
5474
5379
5340
5252
5412
5422
5278
5291
5353
5441
5653
5804
5778
5714
5811
5759
5705
5794
5810
5988
5989
5934
5829
5664
5827
5839
5784
5698
5828
5745
5771
5928
5991
5941
5936
5878
5940
5851
5931
5842
5778
5856
5839
5858
5732
5787
5814
5780
5702
5639
5548
5482
5441
5509
5497
5515
5308
5244
5248
5279
5294
5423
5512
5464
5452
5475
5518
5335
5220
5098
5169
5170
5269
5377
5365
5431
5484
5430
5533
5499
5519
5502
5544
5661
5571
5599
5438
5479
5481
5486
5565
5460
5531
5631
5684
5777
5742
5690
5575
5579
5575
5767
5760
5822
5926
5958
6026
6042
6094
6067
6030
6036
5935
6069
6157
6125
6101
6114
6049
6089
6023
6098
6052
6047
6081
5990
5965
5985
5954
5938
5871
5972
5961
6027
5958
5877
5896
6109
6258
6255
6339
6291
6316
6347
6191
6144
6277
6204
6249
6203
6140
6219
6179
6251
6388
6378
6387
6353
6361
6335
6338
6192
6292
6240
6125
6135
6211
6156
6190
6192
6178
6052
6107
6133
6191
6155
6092
6041
6041
6078
6088
6104
6095
6055
6135
5989
5899
5779
5737
5694
5633
5504
5452
5437
5390
5357
5346
5329
5247
5183
5266
5313
5245
5346
5253
5194
5180
5244
5171
5120
5184
5286
5345
5350
5383
5343
5422
5340
5323
5343
5312
5231
5171
5266
5360
5327
5386
5441
5545
5605
5530
5501
5503
5486
5452
5475
5375
5431
5486
5425
5493
5542
5721
5874
5778
5644
5622
5568
5475
5374
5317
5319
5313
5406
5409
5397
5380
5470
5571
5612
5682
5637
5574
5536
5563
5552
5586
5475
5421
5368
5390
5474
5451
5406
5421
5341
5306
5285
5221
5325
5425
5527
5676
5679
5767
5630
5628
5734
5697
5787
5871
5829
5779
5759
5818
5916
5925
5931
5934
5922
6003
6131
6201
6291
6319
6291
6392
6367
6404
6200
6165
6272
6256
6148
6229
6182
6275
6207
6319
6298
6277
6289
6560
6551
6583
6586
6547
6486
6590
6707
6776
6665
6758
6817
6839
6937
6948
7109
7042
7144
7170
7001
7035
7043
6993
6946
6884
6973
6931
7014
6988
6948
6787
6922
6887
6916
6902
6774
6748
6639
6648
6737
6828
6834
6714
6654
6641
6753
6625
6585
6581
6478
6483
6334
6319
6423
6296
6259
6357
6234
6310
6144
6059
6036
6070
5920
5727
5715
5721
5787
5665
5761
5844
5857
5790
5667
5671
5678
5791
5698
5648
5760
5758
5681
5569
5481
5568
5516
5383
5261
5253
5266
5246
5269
5263
5180
5265
5256
5288
5310
5334
5377
5346
5246
5366
5408
5555
5663
5588
5547
5541
5443
5420
5511
5573
5592
5566
5566
5613
5632
5732
5719
5658
5590
5627
5572
5550
5406
5529
5582
5509
5378
5380
5360
5405
5386
5275
5311
5374
5421
5429
5360
5383
5416
5455
5538
5610
5519
5407
5456
5419
5454
5436
5390
5420
5402
5339
5361
5329
5274
5156
5286
5253
5198
5225
5264
5387
5448
5547
5651
5605
5590
5505
5585
5742
5767
5764
5741
5705
5704
5744
5643
5596
5584
5502
5466
5501
5591
5368
5349
5386
5437
5492
5428
5446
5456
5473
5550
5464
5496
5583
5679
5779
5625
5602
5605
5610
5532
5719
5650
5505
5429
5443
5395
5411
5378
5486
5434
5445
5429
5384
5250
5351
5258
5242
5277
5268
5287
5313
5400
5430
5292
5347
5373
5406
5388
5382
5309
5431
5486
5466
5328
5352
5246
5494
5379
5431
5333
5212
5194
4999
5042
5079
4957
4791
4956
4957
5013
5016
5051
4992
5062
5089
5136
5222
5248
5218
5255
5147
5148
5027
5065
5140
5125
5239
5377
5473
5414
5414
5364
5393
5438
5418
5330
5335
5360
5356
5449
5296
5244
5257
5163
5240
5169
5257
5175
5163
5147
5220
5264
5212
5443
5446
5358
5211
5201
5104
5113
5116
4994
4950
4893
5015
4861
4969
4943
4908
4843
4903
4926
5034
4961
4898
4953
5012
5049
5065
5034
5025
5165
5243
5391
5456
5389
5503
5346
5397
5392
5397
5458
5385
5362
5388
5440
5498
5539
5468
5460
5478
5513
5482
5535
5480
5587
5561
5528
5531
5604
5644
5721
5896
5957
5866
5834
5837
5811
5743
5758
5665
5714
5685
5670
5580
5557
5477
5450
5455
5463
5469
5379
5479
5441
5505
5569
5394
5467
5512
5451
5503
5440
5468
5465
5371
5363
5304
5258
5319
5450
5345
5327
5312
5309
5265
5226
5160
5098
5069
5129
4967
4997
5047
4906
4887
4845
4832
4919
4728
4752
4823
4775
4717
4697
4547
4601
4608
4673
4602
4610
4564
4635
4682
4779
4893
4866
4883
4944
5036
4909
5013
5112
5161
5156
5183
5108
5008
4966
5114
5193
5137
5133
5181
5192
5099
5096
5196
5144
5017
4970
5060
5123
5072
4981
4996
4984
5085
5116
5014
4971
4906
5012
5009
5083
5068
5043
5124
5115
5095
5031
4925
4953
4941
5112
5186
5293
5363
5278
5319
5374
5284
5305
5254
5294
5249
5217
5183
5270
5373
5455
5524
5391
5346
5337
5328
5315
5386
5341
5263
5147
5034
5062
5133
5156
5292
5197
5273
5285
5217
5219
5414
5369
5264
5162
5293
5383
5462
5399
5510
5602
5581
5578
5568
5477
5557
5553
5626
5613
5613
5549
5454
5359
5455
5543
5546
5551
5565
5571
5538
5486
5552
5519
5493
5631
5623
5632
5765
5927
6029
5971
6046
6070
6016
6091
6068
5930
5726
5705
5667
5699
5775
5785
5693
5801
5860
5842
5813
5695
5759
5890
5850
5834
5790
5809
5849
5824
5791
5867
5893
5875
5751
5874
5756
5752
5685
5551
5566
5554
5637
5611
5571
5536
5515
5577
5697
5737
5720
5775
5743
5859
5837
6006
5964
5955
5818
5897
5936
6005
6081
6089
6119
6191
6158
6193
6176
6094
6045
5981
5873
5813
5724
5809
5825
5781
5855
5913
5863
5967
5969
5932
5952
6015
5966
5945
5972
5970
6014
6104
6011
6037
6156
6172
6072
6030
5803
5880
5876
5809
5774
5718
5682
5661
5656
5701
5715
5691
5627
5683
5630
5717
5727
5748
5570
5632
5613
5763
5843
5943
5929
5968
5890
5864
5911
5742
5740
5712
5719
5685
5708
5710
5699
5651
5669
5588
5644
5561
5603
5621
5539
5568
5640
5790
5719
5778
5920
6086
6077
6191
6275
6237
6160
6062
6004
6024
5936
5964
6077
6087
5968
6047
6177
6127
6159
6187
6146
6052
5976
6007
6014
6135
6067
5963
5896
5936
5835
5846
5822
5804
5873
5769
5753
5683
5618
5785
5924
5887
5877
5875
5852
5868
5773
5757
5730
5754
5668
5688
5733
5740
5747
5728
5698
5789
5805
5705
5828
5834
5869
5748
5763
5824
5753
5621
5618
5770
5738
5735
5763
5788
5752
5799
5779
5773
5690
5781
5728
5671
5533
5511
5451
5376
5285
5215
5225
5191
5183
5167
5151
5140
5209
5174
5041
5032
5046
5061
5002
5027
5100
5085
4962
5014
4969
4910
4940
4970
5050
5012
5009
5148
5178
5118
5276
5386
5408
5413
5270
5326
5200
5291
5154
4966
5036
5052
4920
4906
4829
4807
4808
4798
4777
4780
4895
4931
5165
5089
5024
5074
5169
5113
5057
5019
5017
5036
4910
4892
4853
4806
4725
4665
4731
4759
4842
4892
4851
4851
4972
4868
4765
4797
4740
4694
4769
4776
4771
4706
4742
4753
4872
4919
4869
4772
4877
4929
4899
4902
4931
4913
4981
4834
4823
4837
4900
4838
4811
4892
4941
5024
5002
4953
5064
5093
5118
5104
5212
5200
5104
5116
5292
5252
5253
5217
5303
5213
5236
5093
5054
5135
5060
5020
4947
4913
5021
5149
5124
5093
5157
5058
5181
5228
5272
5423
5512
5394
5404
5335
5278
5165
5232
5293
5197
5281
5261
5274
5226
5233
5212
5197
5305
5173
5223
5108
5129
4982
5012
4873
4847
4840
4838
4762
4805
4794
4765
4714
4774
4756
4844
4843
4835
4978
4938
5034
4920
4809
4805
4780
4828
4795
4689
4836
4851
4930
4842
4781
4784
4693
4764
4738
4826
4817
4917
5042
5039
5095
5185
5079
5068
5062
5026
5002
4964
5040
5016
