505000
199381
141754
111168
92334
79354
69843
62065
56540
51724
47434
43726
40500
38059
35882
34132
32348
30916
29757
28883
27581
26620
25512
24583
23813
23150
22397
21788
21523
20842
20383
19860
19470
18928
18326
18160
17489
17103
16991
16585
16380
16102
16029
15810
15604
15334
15027
14810
14533
14439
14008
13828
13533
13486
13268
13172
13047
12874
12649
12501
12412
12293
12255
12119
12126
11872
11739
11883
11717
11707
11699
11548
11435
11272
10994
10830
10855
10715
10635
10604
10697
10633
10511
10336
10329
10309
10216
10109
10049
9964
9871
9814
9834
9749
9599
9472
9376
9309
9270
9274
9527
9490
9545
9620
9504
9417
9388
9279
9143
9131
9108
9027
8995
8744
8740
8770
8819
8761
8631
8541
8527
8467
8372
8282
8312
8245
8196
8134
8098
8161
7973
8058
8195
8194
8197
8165
8222
8234
8259
8185
8247
8176
8169
7984
7947
7758
7759
7826
7718
7840
7787
7682
7647
7705
7715
7723
7676
7815
7815
7855
7857
7917
7768
7738
7660
7662
7679
7645
7665
7604
7629
7488
7553
7625
7641
7648
7667
7592
7565
7558
7537
7521
7444
7401
7442
7299
7187
7334
7342
7328
7380
7316
7260
7165
7190
7284
7354
7244
7183
7233
7041
6743
6632
6593
6597
6547
6649
6573
6621
6772
6693
6827
6842
6728
6749
6697
6767
6664
6622
6469
6485
6530
6415
6456
6474
6445
6493
6397
6515
6523
6501
6556
6502
6486
6417
6457
6471
6423
6399
6356
6308
6287
6215
6186
6066
6114
6112
6154
6160
6123
6319
6245
6112
6085
6031
6087
6100
6150
6100
5931
5848
5776
5763
5700
5721
5736
5775
5767
5758
5802
6005
6018
5974
5913
6030
5968
6028
5982
5915
5863
5905
5882
5928
5859
5780
5832
5871
5982
5977
5979
6062
5966
5926
5947
5897
5854
5953
5900
5843
5800
5845
5906
5756
5612
5643
5705
5712
5655
5598
5592
5568
5506
5483
5524
5398
5458
5472
5432
5429
5552
5660
5635
5479
5538
5472
5503
5651
5687
5722
5834
5861
5859
5878
5845
5853
5881
5923
5814
5758
5788
5803
5866
5799
5876
5826
5743
5887
5852
5875
5892
5818
5825
5823
5740
5753
5692
5632
5614
5531
5497
5527
5697
5623
5688
5674
5752
5670
5704
5682
5795
5677
5703
5575
5510
5451
5472
5483
5509
5547
5625
5618
5588
5734
5646
5600
5677
5780
5687
5747
5805
5964
6054
6016
5868
5866
5905
5923
6053
6040
6141
6158
6168
6101
6039
5894
5857
5835
5827
5877
5851
5992
5939
5939
5960
5862
5871
5859
5905
5869
5816
5858
5767
5661
5600
5671
5650
5533
5584
5503
5610
5669
5649
5631
5542
5536
5532
5493
5565
5702
5698
5634
5668
5665
5623
5622
5695
5778
5819
5751
5714
5621
5700
5783
5700
5630
5648
5663
5637
5538
5547
5481
5473
5482
5570
5542
5474
5550
5553
5662
5554
5591
5676
5631
5550
5572
5614
5659
5518
5510
5433
5324
5299
5289
5356
5280
5396
5384
5334
5317
5370
5416
5389
5382
5399
5461
5533
5488
5432
5480
5567
5553
5521
5449
5416
5476
5513
5496
5513
5423
5400
5410
5429
5373
5360
5180
5296
5454
5352
5266
5363
5392
5237
5194
5266
5327
5226
5255
5413
5450
5459
5445
5391
5454
5320
5381
5406
5414
5341
5344
5291
5290
5250
5289
5252
5223
5208
5250
5341
5253
5290
5174
5173
5218
5190
5111
5111
5179
5304
5293
5328
5271
5326
5268
5295
5257
5359
5449
5447
5526
5573
5608
5615
5554
5625
5678
5609
5619
5452
5514
5457
5495
5551
5494
5579
5426
5387
5463
5509
5521
5545
5476
5531
5572
5656
5599
5615
5522
5500
5500
5379
5515
5630
5551
5565
5562
5525
5471
5367
5311
5277
5133
5079
5180
5216
5170
5224
5261
5286
5354
5359
5334
5326
5343
5359
5259
5354
5244
5316
5542
5495
5578
5651
5678
5604
5614
5534
5585
5513
5611
5732
5637
5523
5675
5598
5675
5681
5759
5688
5663
5732
5686
5760
5880
6014
5961
6000
5924
5977
5969
5999
5989
5902
5973
5994
5983
6029
6051
6074
6158
6086
6173
6109
6166
6115
6005
5997
5934
5985
6001
5905
5811
5947
5781
5787
5697
5614
5684
5721
5764
5869
5880
5862
5903
5906
5798
5719
5820
5886
5814
5775
5758
5787
5737
5576
5596
5500
5464
5600
5697
5745
5764
5893
5945
5876
5936
6042
6019
6047
6004
6176
6082
6192
6197
6179
6218
6186
6113
6283
6278
6321
6401
6511
6379
6448
6376
6413
6355
6262
6220
6130
6023
5917
5922
5887
5971
6053
6019
5995
5774
5948
6048
6006
5975
5921
5979
5969
5970
5848
6086
6095
6071
6164
6160
6216
6179
6109
6108
6094
6250
6412
6361
6435
6349
6409
6308
6228
6148
6115
6133
6049
6180
6270
6272
6371
6451
6467
6477
6436
6532
6375
6268
6334
6450
6496
6413
6341
6367
6264
6286
6272
6497
6379
6473
6389
6395
6601
6539
6550
6560
6492
6362
6439
6338
6151
6162
6278
6177
6206
6287
6330
6309
6517
6589
6654
6556
6501
6343
6285
6238
6312
6255
6334
6278
6356
6448
6467
6404
6453
6537
6551
6533
6547
6561
6611
6510
6415
6428
6435
6290
6424
6445
6459
6662
6721
6739
6878
6851
6862
6861
6852
6998
7056
7166
7240
7287
7268
7352
7269
7325
7346
7165
6958
6909
6912
6903
6790
6727
6659
6725
6804
6871
6906
6894
7008
6990
6968
7024
7000
7110
7070
7089
7245
7162
7090
6998
6946
7102
7044
7148
7184
7199
7190
7258
7234
7070
7056
7154
7126
7073
7016
7072
6963
6945
6888
6941
7016
7016
7027
7074
6935
7061
7170
7135
7179
7282
7321
7143
7107
7267
7168
6989
6896
6918
6835
6671
6630
6575
6559
6585
6503
6484
6544
6572
6514
6409
6394
6277
6204
6245
6235
6280
6318
6287
6304
6137
6036
5998
6142
6104
6079
5954
5884
5917
5896
6025
5994
6096
6061
6116
6038
6208
6211
6208
6198
6254
6321
6432
6491
6434
6406
6397
6283
6247
6092
6035
6022
6054
5981
5928
5891
5918
5957
5915
5755
5595
5716
5619
5643
5642
5712
5740
5909
5911
5836
5849
5801
5709
5600
5677
5718
5686
5727
5668
5682
5671
5532
5520
5448
5474
5553
5517
5485
5483
5505
5500
5487
5598
5586
5525
5533
5596
5647
5674
5804
5854
5693
5635
5542
5528
5398
5376
5354
5408
5262
5156
5183
5261
5135
5193
5209
5233
5198
5053
5011
5031
5129
5117
5035
5011
4933
4844
4900
4809
4854
4950
4924
4831
4889
4883
4902
4916
4946
5011
5005
4970
4940
4910
4838
4928
4917
4861
4869
4931
4925
4915
4946
4924
4919
4847
4894
4967
5044
4978
4908
4938
5047
5078
5024
4955
4840
4773
4794
4874
4875
4841
4859
4966
4975
4955
4956
5018
5150
5194
5274
5312
5423
5470
5511
5503
5495
5501
5560
5685
5713
5611
5710
5750
5679
5602
5757
5813
5821
5870
5893
5910
5986
5998
6043
6013
5954
5975
5861
5926
5863
5877
5824
5883
5867
5934
6113
6076
6214
6272
6256
6245
6201
6257
6240
6302
6276
6323
6203
6242
6371
6374
6367
6382
6304
6368
6320
6265
6247
6235
6302
6428
6491
6527
6464
6438
6417
6410
6470
6483
6594
6622
6577
6731
6776
6829
6858
6822
6797
6782
6744
6967
6965
7024
7166
7247
7127
7194
7173
7112
6944
6941
7106
7111
7129
7150
7215
7327
7318
7212
7177
7048
7149
7177
7287
7355
7156
7210
7260
7084
7152
7298
7176
7153
7227
7167
7053
7165
7360
7311
7212
7063
6924
6910
7102
7069
7160
7230
7260
7339
7298
7143
7197
7262
7353
7346
7376
7549
7634
7543
7534
7546
7497
7349
7384
7515
7587
7572
7544
7691
7716
7754
7721
7820
7640
7528
7446
7504
7518
7674
7627
7562
7544
7537
7516
7396
7376
7346
7334
7382
7286
7226
7194
7263
7246
7181
7024
6788
6844
6902
6867
6756
6717
6661
6642
6602
6541
6591
6590
6731
6790
6828
6899
6865
6718
6687
6712
6622
6617
6483
6388
6401
6505
6486
6431
6333
6256
6205
6192
6162
6101
6196
6242
6157
6176
6189
6226
6155
6241
6122
6084
6120
6111
6119
6284
6212
6206
6198
6271
6222
6343
6432
6518
6534
6523
6471
6577
6487
6386
6336
6384
6244
6223
6393
6350
6403
6510
6535
6460
6473
6391
6289
6266
6438
6351
6249
6418
6488
6287
6309
6277
6332
6496
6561
6485
6341
6373
6363
6379
6331
6392
6465
6484
6501
6419
6453
6400
6304
6068
5961
5939
5977
5936
5863
5958
6067
6107
6197
6181
6093
6136
6147
6015
6078
6185
6093
5983
5878
5827
5751
5766
5719
5700
5606
5752
5751
5752
5746
5751
5804
5791
5784
5804
5742
5792
5759
5715
5746
5788
5840
5720
5619
5599
5486
5461
5454
5518
5589
5532
5483
5511
5339
5245
5357
5289
5276
5329
5433
5579
5731
5694
5570
5496
5638
5608
5786
5918
5925
5918
5870
5899
5980
5905
5955
5956
5849
5764
5752
5790
5748
5652
5654
5674
5645
5608
5522
5581
5558
5662
5713
5793
5719
5657
5633
5681
5642
5707
5778
5796
5811
5734
5727
5584
5568
5591
5513
5503
5533
5458
5475
5569
5480
5411
5330
5286
5343
5433
5371
5381
5450
5480
5414
5468
5549
5555
5620
5622
5612
5723
5828
5714
5736
5649
5558
5564
5641
5684
5607
5719
5705
5656
5688
5741
5704
5672
5645
5702
5728
5817
5811
5715
5758
5761
5759
5793
5790
5809
5715
5659
5772
5822
5921
5980
6071
6090
6175
6056
5985
5961
5945
5934
5908
5905
5906
6011
5932
6032
6095
6033
5941
5902
5797
5739
5799
5720
5662
5742
5858
5988
5914
5910
5869
5747
5806
5789
5656
5680
5753
5750
5690
5684
5900
6066
6167
6235
6228
6308
6326
6303
6353
6364
6186
6172
6136
6305
6270
6222
6138
6194
6203
6204
6134
6142
6088
6041
5949
6093
6148
6127
6188
6219
6187
6095
6067
6027
6082
6069
6054
6048
6113
6133
6147
6043
6068
6022
5858
5899
5870
5909
5834
5820
5918
5875
5848
5914
5917
5897
5857
5790
5693
5618
5649
5657
5601
5494
5456
5632
5735
5743
5796
5886
5901
5791
5666
5774
5843
5980
5892
5864
5954
6065
6152
6164
6230
6196
6269
6276
6315
6316
6272
6321
6351
6294
6193
6367
6206
6195
6218
6190
6223
6087
6181
6031
6135
6101
6242
6162
6177
6231
6133
6138
5983
5876
5812
5773
5790
5766
5740
5884
5821
5957
5991
5985
6139
6122
6118
5973
5985
5907
5924
6010
6052
5928
5900
5854
5736
5642
5616
5716
5784
5693
5610
5481
5401
5360
5355
5461
5420
5462
5314
5336
5356
5483
5482
5428
5462
5633
5569
5643
5624
5604
5618
5626
5615
5566
5577
5602
5493
5455
5293
5336
5432
5573
5462
5345
5395
5345
5394
5379
5421
5500
5441
5389
5415
5523
5525
5643
5676
5778
5924
6100
6111
6170
6101
6104
6047
6044
5997
6047
5976
6017
6020
6034
5870
5811
5805
5851
5916
5835
5793
5768
5749
5727
5773
5856
5860
5702
5602
5602
5657
5710
5633
5535
5491
5450
5488
5448
5431
5429
5287
5264
5246
5294
5324
5162
5075
5014
4980
5039
5112
5106
5067
5034
5067
5257
5268
5208
5305
5319
5168
5107
5071
5086
5055
5027
5067
4967
4988
5066
5057
5119
5234
5342
5322
5363
5300
5322
5309
5344
5477
5518
5561
5470
5520
5463
5546
5517
5500
5509
5676
5569
5657
5749
5865
6000
5993
5836
5850
5792
5873
5811
5775
5842
5787
5646
5673
5771
5713
5636
5558
5495
5544
5594
5588
5596
5660
5572
5562
5403
5421
5375
5412
5461
5577
5547
5480
5440
5419
5476
5360
5385
5341
5408
5405
5309
5435
5514
5584
5555
5560
5673
5704
5691
5751
5670
5609
5542
5714
5571
5549
5628
5656
5604
5570
5477
5438
5434
5424
5398
5298
5276
5260
5415
5490
5352
5298
5398
5532
5604
5649
5550
5512
5583
5624
5547
5495
5545
5547
5489
5553
5522
5644
5706
5588
5583
5628
5696
5731
5668
5667
5566
5556
5531
5536
5475
5431
5413
5409
5385
5415
5366
5347
5320
5308
5320
5351
5369
5402
5505
5551
5493
5505
5463
5517
5522
5549
5629
5718
5672
5698
5637
5728
5730
5762
5833
5871
5849
5769
5852
5886
6016
5974
6185
6196
6143
6311
6234
6131
6129
6155
6160
6305
6315
6367
6370
6455
6439
6494
6579
6591
6608
6672
6732
6752
6711
6734
6865
6976
7006
7018
7082
6944
6931
6918
6805
6715
6737
6884
6905
6869
6955
7022
7056
7009
6943
6860
6857
6902
6851
6705
6634
6591
6612
6425
6447
6442
6390
6531
6711
6660
6563
6586
6613
6526
6496
6576
6543
6422
6310
6261
6213
6225
6238
6269
6293
6117
5984
5889
5827
5792
6043
5973
5969
5886
5881
5923
5957
5897
5908
5836
5928
5928
6053
6159
6114
6127
6173
6088
6181
6159
6202
6280
6191
6052
6028
6057
5950
5861
5833
5853
5937
5876
5788
5846
5803
5741
5683
5690
5760
5645
5621
5622
5576
5553
5592
5557
5558
5589
5588
5505
5595
5680
5675
5588
5587
5529
5587
5537
5549
5473
5548
5611
5602
5601
5461
5547
5545
5617
5527
5587
5643
5790
5807
5777
5715
5608
5646
5623
5679
5548
5569
5615
5564
5585
5726
5854
5923
5872
5919
5922
5823
5723
5636
5607
5663
5746
5646
5572
5524
5528
5610
5512
5456
5462
5543
5466
5612
5747
5676
5720
5714
5716
5717
5649
5748
5724
5769
5875
5760
5749
5696
5752
5874
5845
5854
5874
5942
5981
5997
5894
5925
5874
5812
5740
5784
5877
5872
5909
5872
5828
5810
5953
5892
5949
6017
6060
5937
6004
5866
5912
5802
5757
5885
5858
5981
6036
6122
6157
6178
6266
6321
6270
6223
6190
6117
6143
6085
6073
5975
5922
5958
5907
5840
5879
5856
5900
5902
5978
5990
5885
5924
5933
5992
5996
6063
6041
6037
6022
5995
6005
6050
6053
6131
6254
6197
6223
6077
6188
6212
6271
6231
6259
6271
6237
6250
6297
6420
6360
6440
6490
6267
6291
6394
6521
6383
6338
6355
6492
6508
6461
6516
6491
6557
6485
6360
6489
6517
6465
6596
6586
6692
6693
6772
6808
6714
6876
6882
6770
6723
6742
6784
6797
6891
6914
6880
6790
6769
6836
6849
6864
6814
6786
6752
6790
6873
6775
6885
6833
6846
6838
6729
6654
6584
6693
6679
6684
6710
6648
6596
6716
6701
6679
6794
6754
6920
6869
6830
6847
6892
6874
6813
6918
6880
6895
6888
6976
7042
6970
6918
6874
6942
7080
7160
7242
7281
7290
7214
7237
7411
7458
7299
7198
7207
7105
7078
6949
7000
7053
7064
7123
6994
6963
6991
6982
6890
6840
6796
6904
6806
6796
6895
6913
6827
6791
6732
6572
6462
6462
6523
6559
6548
6532
6532
6497
6362
6263
6208
6152
6247
6136
6156
6280
6364
6281
6375
6484
6426
6436
6414
6459
6337
6303
6251
6294
6298
6326
6294
6270
6353
6306
6306
6300
6410
6457
6427
6355
6375
6415
6527
6527
6498
6339
6302
6228
6135
6147
6023
6070
6042
6001
6002
5957
5928
5940
6112
6180
5991
5968
5970
5879
5815
5737
5636
5521
5582
5581
5543
5673
5683
5655
5752
5785
5687
5718
5727
5726
5854
5935
6096
6171
6198
6199
6212
6395
6299
6230
6133
6141
6101
6068
6153
6198
6171
6302
6166
6065
6224
6178
6259
6309
6355
6403
6267
6265
6323
6326
6378
6193
6097
6183
6185
6095
6275
6167
6309
6318
6237
6190
6159
6209
6156
6103
6097
6118
6134
6137
6111
6177
6198
6183
6206
6188
6167
6089
6052
5901
5858
5889
5870
5805
5867
6020
5990
5946
6068
6030
6027
5980
5968
5938
5866
5905
5881
5989
6073
6151
6092
6123
6140
6042
6006
6204
6165
6183
6160
6054
5978
5992
5967
5933
6110
6052
5901
6018
6039
6086
6234
6338
6317
6104
5950
6135
6152
6085
6090
6142
6206
6197
6072
6224
6196
6176
6171
6295
6162
6247
6204
6149
6177
6099
5988
6017
6027
5969
5897
5827
5724
5784
5645
5637
5592
5518
5572
5617
5621
5633
5624
5550
5554
5622
5643
5725
5881
5960
5985
6013
5952
5888
5795
5854
5873
5912
5923
5937
5729
5693
5719
5560
5492
5638
5683
5721
5635
5512
5456
5406
5407
5433
5497
5365
5283
5352
5335
5419
5485
5463
5357
5282
5205
5283
5276
5268
5247
5289
5274
5281
5212
5206
5087
5073
5000
4982
4916
4869
4823
4859
4896
4957
4964
4952
4998
5019
5037
4918
4934
4890
4993
5103
5089
5055
5103
5273
5194
5226
5214
5173
5078
5016
5043
5157
5198
5163
5209
5230
5317
5191
5105
5154
5156
5183
5194
5244
5269
5271
5343
5349
5274
5358
5360
5371
5445
5489
5511
5652
5717
5633
5671
5685
5556
5626
5528
5298
5164
5096
4986
4865
4755
4803
4784
4831
4849
4863
4886
4927
4923
4876
4868
4857
4837
4711
4731
4615
4643
4581
4534
4548
4590
4600
4593
4602
4554
4541
4637
4636
4742
4775
4787
4712
4776
4694
4759
4825
4798
4661
4662
4680
4664
4600
4674
4670
4699
4750
4844
4745
4730
4783
4812
4825
4812
4749
4887
4868
4777
4765
4882
4973
4954
4918
4969
4982
4964
5009
4967
4967
4895
4717
4726
4843
4835
4871
4916
4967
4961
4954
5108
5134
4986
5058
5145
5133
5148
5100
5126
5176
5114
5205
5166
5199
5146
5239
5116
5167
5231
5327
5236
5217
5262
5147
4945
5024
4946
4841
4946
4986
5042
5044
5074
5032
4994
5014
5089
5067
5226
5173
5181
5223
5194
5137
5102
5111
5221
5278
5415
5433
5449
5399
5377
5488
5462
5519
5468
5329
5231
5280
5148
5211
5269
5170
5186
5081
4958
4929
4917
4907
4924
5004
4970
5020
5089
5170
5152
5065
5023
5219
5229
5386
5429
5558
5575
5570
5658
5662
5649
5510
5591
5743
5752
5923
5901
5875
5874
5907
5960
5791
5884
5913
5920
5929
6024
6036
6040
6186
6216
6219
6128
6220
6241
6175
6059
5949
6136
6215
6205
6218
6256
6331
6231
6143
6227
6179
6301
6267
6270
6256
6245
6344
6408
6382
6437
6417
6466
6436
6439
6533
6539
6577
6656
6617
6490
6489
6426
6388
6212
6220
6215
6169
6249
6159
6276
6280
6204
6256
6202
6282
6266
6317
6360
6238
6333
6235
6248
6182
6226
6244
6195
6310
6172
6211
6151
6097
6107
6260
6351
6416
6419
6301
6281
6280
6211
6149
5976
6073
6081
6175
6179
6017
6097
6059
6061
6135
6191
6067
5958
6044
6025
6098
6075
6026
5945
5967
5771
5743
5834
5828
5678
5696
5738
5695
5806
5828
5686
5686
5606
5598
5620
5610
5606
5570
5609
5629
5501
5620
5595
5638
5543
5511
5445
5450
5491
5530
5492
5563
5598
5578
5467
5512
5438
5430
5458
5443
5507
5443
5534
5612
5630
5699
5645
5678
5730
5883
5960
5999
5968
6039
6103
5938
5961
5898
5902
5964
5960
5979
5905
5788
5902
5980
5963
5978
6008
5974
5995
6025
5988
6027
6061
6021
5991
5957
5986
5966
6032
6032
6030
6167
6144
6178
6163
6289
6323
6299
6348
6477
6460
6447
6409
6355
6505
6412
6420
6349
6276
6371
6300
6154
6306
6308
6483
6499
6627
6715
6726
6682
6555
6494
6507
6500
6589
6457
6332
6292
6289
6349
6317
6142
6109
6205
6167
6113
6137
6160
6140
6110
6177
6140
6194
6309
6297
6171
6246
6338
6235
6193
6226
6195
6253
6237
6128
6006
6008
5982
5968
5910
5992
5928
5867
5791
5717
5871
5837
5830
5879
5836
5945
5944
5888
5852
5731
5481
5526
5409
5399
5474
5394
5421
5372
5405
5548
5570
5620
5700
5558
5544
5562
5470
5430
5473
5465
5384
5460
5389
5283
5180
5138
5120
5089
5154
5175
5046
4964
5028
5108
5014
4958
4971
4935
4983
4956
4938
4910
4839
4877
4929
4934
4890
4868
5046
5181
5087
5049
5059
5048
4904
4998
4866
5022
5050
5019
4999
4990
5029
4974
4956
4929
5013
5104
5232
5106
5145
5144
5213
5185
5400
5352
5261
5360
5470
5344
5349
5483
5509
5408
5404
5379
5361
5388
5336
5423
5367
5376
5353
5251
5235
5226
5262
5277
5184
5073
4941
5037
4988
5028
5194
5122
5142
5175
5156
5112
5182
5203
5051
5079
4978
4974
5050
4949
4921
5021
4953
4902
4833
4803
4792
4874
4910
4902
4931
4856
4959
4912
4901
4906
4825
4878
4960
5058
4997
4964
4999
5100
5136
5118
5163
5227
5258
5184
5032
5127
5040
4957
5072
5055
5025
4968
4963
4917
4903
4908
4920
4989
5016
4969
4985
5044
4972
5031
5034
5059
5112
5090
5055
5048
4957
5011
4971
4972
4965
4978
4972
5014
5022
4951
5130
5130
5172
5159
5256
5232
5191
5191
5142
5170
5126
5104
5064
5028
5051
4952
4952
5061
5113
5225
5319
5291
5354
5421
5369
5398
5461
5478
5490
5483
5434
5503
5421
5446
5432
5573
5693
5714
5537
5611
5600
5528
5553
5511
5580
5587
5621
5635
5588
5498
5387
5375
5504
5636
5735
5660
5603
5654
5753
5755
5729
5733
5663
5735
5649
5606
5756
5739
5722
5772
5767
5829
6052
5995
6070
6004
5903
5866
5838
6001
5963
6004
5901
5888
6022
5961
5936
5802
5591
5642
5643
5585
5719
5835
5863
5832
5722
5684
5609
5549
5553
5580
5599
5644
5756
5738
5770
5777
5650
5701
5704
5625
5618
5636
5724
5797
5802
5735
5705
5732
5780
5798
5748
5884
5884
5935
5910
5927
5788
5727
5716
5777
5690
5687
5681
5583
5656
5691
5621
5609
5577
5649
5619
5720
5815
5839
5883
5853
5985
5943
6004
6108
6126
6267
6289
6372
6377
6236
6093
6017
5915
5863
6006
5883
5914
5961
6000
5996
6074
6049
6056
6113
6140
6158
6128
6148
6100
6190
6230
6334
6178
6162
6160
5954
5897
6175
6218
6236
6205
6185
6183
6195
6133
6138
6153
6087
6214
6303
6490
6500
6343
6235
6220
6239
6226
6163
6202
6041
6012
6019
6200
6111
6195
6176
6199
6150
6043
6122
6068
6076
5943
5820
5798
5726
5705
5803
5734
5887
5927
5821
5992
6097
6068
5937
5937
5896
5966
6001
5974
5882
5850
5945
6042
6030
6108
6261
6326
6344
6482
6427
6402
6565
6425
6443
6554
6580
6605
6676
6638
6577
6487
6571
6531
6413
6496
6425
6402
6288
6313
6299
6269
6258
6274
6288
6158
6127
6199
6194
6148
6022
6054
6178
6134
6105
6141
6132
6121
6235
6215
6137
6138
6335
6333
6279
6249
6326
6426
6491
6519
6532
6489
6497
6340
6328
6353
6347
6402
6376
6350
6438
6456
6472
6369
6385
6398
6417
6410
6525
6436
6445
6437
6297
6296
6196
6181
6061
5991
5873
5798
5727
5734
5746
5735
5717
5595
5660
5586
5617
5706
5584
5629
5554
5509
5578
5619
5463
5445
5520
5532
5470
5507
5532
5606
5645
5714
5667
5647
5596
5460
5499
5595
5607
5401
5293
5192
5126
5146
5135
5266
5349
5468
5540
5532
5545
5567
5528
5532
5543
5515
5533
5511
5495
5487
5497
5440
5489
5433
5399
5424
5410
5307
5311
5189
5258
5207
5181
5293
5260
5352
5302
5253
5257
5167
5203
5206
5242
5223
5289
5322
5354
5364
5434
5408
5515
5536
5406
5483
5558
5550
5459
5446
5422
5469
5484
5539
5533
5376
5323
5357
5474
5406
5430
5417
5466
5386
5323
5235
5300
5148
5230
5130
4981
5009
5083
5051
5108
5004
5050
5042
5148
5132
5212
5263
5286
5157
5101
5088
5283
5147
5085
5020
5002
5057
5142
5145
5039
4989
5078
5109
5191
5261
5307
5343
5253
5395
5446
5409
5357
5241
5270
5419
5399
5332
5389
5460
5409
5304
5313
5276
5314
5461
5386
5410
5410
5373
5354
5384
5412
5419
5394
5396
5535
5545
5566
5571
5428
5370
5352
5268
5345
5443
5451
5385
5443
5428
5476
5444
5414
5368
5424
5338
5334
5276
5201
5337
5275
5276
5251
5338
5462
5562
5608
5620
5500
5510
5524
5657
5541
5646
5648
5634
5668
5592
5643
5731
5705
5684
5713
5655
5690
5721
5790
5765
5818
5758
5697
5717
5842
5786
5736
5794
5780
5816
5704
5820
5845
5750
5596
5600
5608
5621
5663
5661
5681
5777
5821
5815
5920
5882
5966
5953
5975
5854
5899
5875
5805
5792
5705
5754
5673
5560
5652
5520
5405
5412
5499
5502
5434
5401
5530
5592
5521
5527
5469
5469
5290
5357
5416
5453
5491
5606
5706
5663
5695
5621
5674
5651
5649
5824
5704
5773
5591
5689
5644
5517
5491
5518
5600
5526
5627
5611
5544
5527
5515
5581
5588
5715
5695
5616
5580
5608
5551
5554
5557
5466
5397
5317
5225
5362
5403
5338
5371
5391
5385
5322
5300
5299
5153
5331
5395
5405
5434
5419
5464
5482
5414
5448
5492
5460
5447
5436
5464
5546
5530
5570
5672
5758
5716
5532
5490
5508
5478
5475
5539
5534
5543
5519
5559
5603
5415
5456
5495
5544
5559
5612
5756
5905
5785
5886
5854
5808
5799
5759
5813
5866
5999
5951
5960
6034
6078
5999
6052
6001
6065
5980
6050
6123
6200
6258
6316
6312
6247
6153
6104
6197
6223
6206
6286
6233
6288
6276
6265
6374
6473
6447
6468
6553
6522
6628
6576
6487
6415
6411
6284
6174
6170
6337
6380
6277
6393
6352
6332
6291
6291
6302
6160
6128
6219
6190
6133
6072
6119
6087
5954
5939
5927
6006
6031
6115
6143
6046
5905
5996
6030
6068
6150
6132
6108
6103
5990
6020
6120
6046
6255
6358
6235
6307
6340
6459
6545
6392
6425
6471
6458
6382
6350
6299
6341
6283
6234
6028
6021
5911
5866
5925
5953
5934
5909
5890
5958
5843
5878
5931
5906
5912
5898
5786
5805
5759
5692
5858
5897
5890
5890
5862
5864
5869
5825
6031
5906
5957
5852
5755
5749
5819
5781
5712
5716
5736
5784
5804
5799
5670
5749
5692
5742
5730
5602
5577
5693
5638
5466
5501
5471
5448
5555
5645
5613
5632
5603
5682
5734
5818
5900
5971
5882
5804
5840
5887
5866
5841
5930
6077
6057
6139
6064
5979
6077
6086
5944
5905
5997
5987
5944
5922
5885
6036
6047
6104
5952
5983
6059
6065
6023
5994
6110
5944
6004
6010
5938
6024
6099
6252
6147
6240
6193
6222
6263
6280
6333
6371
6345
6289
6311
6232
6119
6174
6068
6050
6014
6183
6286
6143
6033
6121
6137
6191
6301
6308
6463
6463
6260
6212
6135
6229
6249
6250
6215
6188
6244
6171
6139
5988
6031
6023
6012
5948
5797
5928
5913
5827
5807
5818
5860
5804
5760
5852
5908
5759
5735
5698
5708
5698
5801
5822
5776
5727
5751
5700
5734
5784
5892
5943
5951
6005
5917
5915
5995
6014
5941
5922
5873
5868
5999
6005
6080
5989
6198
6339
6217
6261
6316
6269
6171
6151
6154
6048
6102
6154
6090
6104
6113
6064
6033
6046
6228
6103
6236
6204
6245
6255
6258
6247
6344
6312
6172
6163
6010
6232
6363
6387
6352
6475
6364
6521
6414
6504
6417
6498
6590
6600
6642
6636
6642
6720
6773
6820
6764
6904
6834
6846
6839
6812
6824
6810
6777
6777
6849
6878
6804
6885
7049
7044
7068
7151
7273
7337
7371
7228
7193
7279
7055
6997
6962
6879
6976
7060
7031
7064
7085
7167
7220
7250
7174
7078
7109
7070
6966
7035
6923
6986
6875
6984
6789
6897
6870
6673
6621
6510
6471
6438
6322
6460
6391
6389
6259
6121
6005
5976
6054
5895
6021
6021
5953
5860
5867
5929
5995
6007
5995
5913
5903
5917
5839
5896
5996
6012
5931
5961
5996
5881
5929
5946
6043
6113
6034
5945
6071
6109
6145
6153
5960
6012
6117
6109
6137
6048
5937
5924
5913
5803
5796
5891
5762
5788
5973
5903
6001
6006
6125
6084
6059
6052
5982
6067
5983
5981
5962
5876
5803
5852
5857
5796
5809
5739
5790
5789
5862
5783
5830
5801
5843
5890
5950
5893
5783
5750
5839
5909
5909
6113
6118
6081
6158
6196
6236
6142
6220
6366
6313
6228
6257
6216
6078
6073
6060
6199
6186
6256
6381
6515
6554
6586
6547
6585
6550
6617
6574
6609
6686
6772
6694
6680
6783
6791
6815
6894
6966
6899
6870
6836
6927
6900
6874
6794
6766
6694
6797
6742
6735
6665
6595
6588
6486
6515
6562
6482
6439
6337
6369
6307
6347
6329
6368
6440
6434
6457
6292
6257
6361
6347
6304
6315
6180
6254
6218
6179
6254
6198
6156
6215
6135
6148
6067
6026
5961
5966
6009
6011
5910
5909
5960
6012
5900
5843
5866
5830
5824
5927
6051
5976
6004
5958
6004
5916
5943
6027
5996
5955
6165
6134
6135
6102
6076
6013
6064
6047
5917
5697
5665
5695
5655
5558
5617
5657
5702
5757
5762
5778
5707
5695
5707
5762
5722
5838
5946
5861
5838
5713
5735
5600
5611
5764
5833
5866
5841
5907
5865
5916
5822
5729
5653
5746
5626
5602
5541
5435
5482
5529
5385
5405
5398
5592
5683
5632
5581
5544
5423
5482
5385
5382
5509
5435
5486
5512
5529
5691
5690
5586
5590
5568
5575
5593
5595
5589
5748
5627
5581
5610
5624
5657
5770
5658
5669
5707
5691
5595
5580
5663
5667
5620
5532
5580
5611
5501
5631
5679
5588
5634
5551
5631
5545
5572
5507
5640
5636
5763
5712
5724
5667
5582
5619
5543
5593
5576
5546
5591
5668
5770
5825
5745
5825
5699
5658
5721
5815
5837
5749
5758
5780
5761
5743
5768
5745
5639
5653
5614
5644
5658
5664
5519
5510
5520
5605
5651
5548
5486
5550
5674
5585
5666
5736
5678
5781
5683
5809
5749
5705
5725
5596
5649
5594
5632
5509
5558
5494
5452
5528
5576
5539
5499
5706
5631
5567
5561
5595
5609
5559
5603
5666
5702
5718
5579
5538
5509
5493
5447
5405
5339
5432
5408
5366
5446
5505
5349
5325
5334
5390
5444
5328
5347
5341
5299
5304
5294
5221
5196
5197
5174
5168
5206
5272
5173
5164
5367
5395
5493
5454
5378
5409
5493
5502
5377
5324
5251
5250
5131
5094
5081
5117
5102
5132
5122
5169
5090
5079
5070
4952
4948
4909
4923
4893
4797
4819
4998
4993
4974
5030
5010
5009
4935
5054
5063
5202
5266
5192
5206
5271
5408
5649
5542
5520
5542
5578
5486
5456
5502
5500
5471
5479
5610
5525
5405
5429
5464
5529
5590
5518
5474
5379
5345
5368
5358
5235
5333
5296
5339
5324
5393
5266
5263
5346
5343
5450
5470
5489
5557
5414
5437
5438
5544
5578
5556
5571
5533
5599
5628
5468
5503
5462
5635
5566
5602
5638
5631
5649
5597
