505000
200013
141987
111645
93069
80065
69791
62638
56727
52030
47929
44192
41411
38863
36408
34072
32467
30999
29766
28486
27494
26533
25467
24871
23727
22737
22126
21505
21055
20394
19856
19463
18989
18556
18182
17706
17443
17099
16864
16408
16051
15764
15570
15292
15034
14806
14363
14101
13938
13799
13477
13148
13098
12856
12648
12512
12378
12170
12079
12144
12016
11996
11851
11857
11702
11518
11420
11224
11077
11029
10687
10381
10263
10113
9896
9892
9731
9540
9524
9400
9389
9176
9132
9146
9002
8997
8773
8687
8570
8444
8343
8221
8038
8032
8073
8032
7880
7859
7813
7900
7885
7860
7802
7859
7864
7978
8054
8166
8241
8212
8227
8164
8121
8157
8126
7955
7849
7842
7925
7739
7593
7680
7701
7686
7784
7819
7609
7608
7609
7497
7460
7433
7455
7585
7535
7429
7487
7410
7364
7345
7332
7280
7138
7124
7080
7030
6968
7212
7088
7030
6941
6906
6960
7013
6910
7007
6840
6851
6727
6835
6879
6892
6766
6784
6957
7107
6975
6956
7102
7130
7278
7295
7322
7287
7155
7089
6968
6860
7027
7084
7053
7054
7190
7168
7102
7025
7044
6996
6806
6902
6763
6788
6825
6855
6811
6762
6816
6688
6891
6878
6979
7005
6966
6909
7009
6890
6834
6657
6748
6695
6571
6498
6412
6434
6435
6525
6610
6782
6767
6731
6625
6654
6776
6709
6617
6653
6625
6550
6557
6622
6500
6636
6582
6733
6768
6758
6621
6547
6526
6457
6383
6488
6450
6304
6447
6310
6383
6480
6570
6451
6449
6508
6428
6453
6518
6472
6346
6480
6593
6563
6509
6552
6512
6471
6475
6460
6415
6607
6635
6551
6532
6453
6345
6453
6416
6276
6145
6132
5946
5860
6015
6087
6091
6200
6140
6110
6125
6081
5997
5942
5953
6015
6037
6051
6118
6000
5930
5931
5945
5992
5970
5995
6088
5962
5980
5970
5961
6006
6073
6114
6119
6216
6339
6215
6126
6115
6110
6158
6003
6020
6082
5984
5921
6027
6020
5917
5820
5676
5735
5781
5762
5648
5718
5719
5726
5762
5835
5852
6042
6008
5984
6004
5955
5950
6021
6117
5898
5894
5948
6040
6155
6156
6290
6153
6098
6033
5982
5895
5863
5732
5680
5699
5756
5705
5643
5665
5732
5805
5755
5727
5866
5860
5853
5841
5838
5984
5745
5764
5846
5848
5976
6027
5924
6144
6226
6206
6111
6097
6077
6143
6158
6356
6273
6155
6211
6110
6124
6251
6210
6045
6100
6002
5993
5971
5998
6008
6149
6214
6178
6268
6225
6237
6231
6249
6283
6239
6416
6403
6447
6518
6513
6541
6727
6811
6784
6754
6762
6831
6923
6952
6996
7004
7004
6904
6780
6690
6616
6747
6672
6674
6680
6567
6500
6589
6651
6626
6690
6652
6555
6525
6608
6632
6599
6653
6619
6548
6636
6556
6486
6483
6405
6497
6472
6378
6415
6523
6438
6338
6451
6483
6387
6480
6496
6550
6491
6523
6489
6483
6506
6611
6599
6697
6798
6781
6719
6710
6882
6816
6804
6832
6707
6696
6767
6739
6741
6591
6682
6762
6812
6747
6851
6725
6754
6832
6896
6720
6631
6552
6584
6681
6547
6487
6431
6255
6330
6366
6429
6487
6270
6303
6326
6200
6265
6301
6357
6462
6383
6294
6227
6099
6137
6162
6035
6004
5968
6033
6093
6086
6131
6153
6066
6112
6212
6311
6136
6168
6070
6016
5970
5887
5894
5906
5882
5948
5975
6005
6081
6062
5982
5953
6022
6049
6118
6149
6233
6255
6307
6224
6219
6182
6146
6129
6118
6248
6111
6067
6033
6180
6215
6164
6124
5991
6014
6003
5979
5823
5839
5756
5719
5787
5863
5956
6012
5967
6094
6153
6149
6134
6229
6213
6162
6146
6057
6041
6136
6145
6171
6193
6306
6216
6254
6365
6380
6435
6387
6274
6303
6342
6434
6256
6135
6223
6216
6305
6286
6422
6263
6320
6321
6399
6398
6433
6457
6561
6492
6554
6587
6468
6467
6548
6390
6319
6346
6340
6373
6292
6321
6347
6313
6211
6230
6231
6342
6276
6189
6246
6252
6139
6120
6177
6063
6110
6087
6051
6003
6004
6175
6113
5997
6053
6014
5916
5860
5890
5834
5901
5990
5934
5923
5897
5861
5820
5842
5728
5653
5658
5684
5694
5608
5593
5634
5637
5661
5525
5472
5406
5334
5458
5294
5248
5262
5205
5294
5335
5283
5243
5237
5165
5093
5127
5149
5243
5125
4961
4936
4878
4904
4845
4873
4797
4746
4659
4590
4652
4653
4448
4434
4453
4402
4252
4209
4072
4149
4070
4107
4126
4010
4121
4080
3997
3889
3947
3994
4011
4059
4043
3953
3977
3984
3889
3998
4055
4074
4100
4242
4288
4185
4123
4096
4071
4120
4083
4102
4135
4146
4146
4184
4148
4224
4199
4242
4259
4183
4147
4028
4017
4063
4045
4073
4117
4039
3978
4080
4150
4292
4403
4368
4270
4227
4292
4416
4604
4535
4646
4611
4573
4583
4610
4665
4713
4664
4791
4951
4870
4830
4842
4763
4807
4856
4784
4763
4753
4735
4805
4840
4794
4816
4935
5028
5076
5002
5037
4947
4894
4927
5065
5051
4974
4988
4930
4913
4904
4893
4798
4815
4909
4949
4984
5006
5066
5082
4930
4837
4801
4698
4689
4741
4735
4713
4719
4628
4603
4581
4464
4446
4528
4643
4699
4751
4799
4717
4746
4801
4885
4826
4816
4779
4798
4890
4915
5071
5052
5010
5062
5135
5167
5187
5160
5151
5174
5150
5181
5077
5279
5187
5210
5246
5137
5142
5180
5103
5143
5150
5127
5220
5142
5059
5027
5113
5113
5091
5187
5198
5155
5120
5199
5134
4998
4905
4842
4883
4903
4862
4823
4807
4790
4790
4802
4849
4828
4858
4892
5043
4953
4901
4753
4708
4792
4841
4844
4854
4862
4875
4841
4864
4890
5005
5164
5210
5151
5266
5224
5278
5327
5389
5358
5336
5263
5162
5092
5218
5171
5147
5216
5203
5129
5070
5171
5164
4997
5058
4976
4962
4948
4963
5075
5090
5073
5144
5119
5171
5240
5197
5195
5085
5103
5044
5138
5113
5238
5250
5216
5105
5166
5147
5199
5185
5165
5155
5032
4949
4949
4907
4961
5045
5161
5149
5170
5107
5220
5282
5224
5265
5266
5192
5197
5157
5012
5047
5045
4862
4922
5032
5299
5327
5418
5391
5378
5291
5373
5323
5366
5325
5451
5475
5398
5469
5400
5313
5378
5255
5304
5270
5207
5245
5219
5521
5514
5616
5695
5628
5508
5537
5480
5480
5554
5538
5529
5664
5680
5727
5882
6011
6082
6103
6023
5904
5863
5833
5892
5936
5941
5942
5908
5882
5863
5996
5906
5844
5725
5830
5788
5723
5816
5744
5633
5603
5510
5455
5499
5531
5503
5434
5484
5502
5534
5500
5548
5561
5614
5601
5612
5632
5552
5540
5431
5415
5269
5421
5331
5252
5379
5266
5213
5256
5301
5385
5427
5430
5447
5431
5431
5362
5313
5368
5359
5460
5488
5636
5728
5781
5894
5751
5685
5640
5709
5600
5618
5666
5618
5687
5722
5781
5787
5780
5714
5671
5571
5517
5592
5536
5440
5373
5376
5220
5179
5267
5317
5230
5206
5144
5089
4989
5042
4961
5026
4986
5058
5127
5212
5223
5262
5283
5364
5430
5463
5479
5540
5497
5444
5423
5488
5481
5421
5488
5731
5666
5734
5734
5786
5801
5774
5840
5805
5928
5920
5876
5909
5805
5897
5822
5871
5807
5716
5625
5612
5706
5779
5706
5714
5719
5632
5707
5675
5572
5542
5524
5634
5537
5488
5498
5531
5612
5603
5599
5578
5613
5556
5620
5660
5654
5592
5645
5532
5588
5492
5623
5534
5578
5581
5635
5552
5513
5511
5607
5576
5605
5706
5552
5699
5757
5803
5762
5674
5677
5723
5773
5730
5714
5827
5883
5807
5842
5738
5833
5899
5899
5875
5935
5940
5942
5989
6007
5941
5914
6048
6014
6004
6021
6065
5920
6120
6125
6097
6024
5977
5915
5810
5761
5810
5750
5922
5752
5735
5732
5648
5553
5470
5422
5387
5225
5271
5302
5203
5303
5508
5587
5450
5329
5287
5285
5109
5001
5188
5230
5277
5210
5107
5110
5131
5114
5042
4940
5121
5251
5309
5412
5345
5450
5512
5383
5298
5293
5357
5254
5240
5284
5324
5338
5393
5313
5422
5471
5406
5456
5423
5350
5407
5517
5468
5505
5395
5496
5377
5329
5262
5384
5417
5419
5525
5566
5582
5335
5448
5514
5491
5516
5649
5532
5497
5498
5605
5562
5610
5610
5690
5707
5659
5566
5525
5406
5394
5378
5328
5222
5122
5209
5188
5187
5243
5174
5083
5089
5187
5183
5121
5062
5101
5087
5057
5107
5076
5133
5099
5193
5235
5192
5230
5232
5250
5208
5154
5227
5167
5222
5252
5421
5391
5426
5339
5313
5283
5322
5216
5182
5136
5107
5138
5145
5079
5123
5095
5017
5045
5309
5212
5180
5007
4899
4938
4933
4961
4897
4849
4932
4982
5101
5059
5007
4898
4997
5100
5085
5038
5104
5076
5126
5134
5224
5335
5361
5514
5580
5666
5734
5724
5804
5816
5841
5965
6035
5980
6137
6086
6160
6191
6270
6302
6396
6304
6348
6317
6349
6361
6361
6323
6488
6477
6411
6504
6528
6479
6451
6405
6466
6391
6411
6406
6363
6409
6373
6422
6482
6464
6497
6423
6299
6279
6451
6515
6511
6450
6268
6313
6269
6235
6197
6164
6203
6239
6156
6130
6067
6025
6027
6199
6198
6218
6137
6134
6131
6318
6415
6361
6446
6381
6448
6432
6513
6440
6463
6463
6427
6532
6682
6641
6686
6666
6634
6617
6662
6520
6419
6424
6510
6424
6494
6358
6390
6440
6531
6511
6431
6485
6437
6441
6464
6445
6445
6418
6306
6241
6200
6107
6188
6128
6256
6336
6422
6471
6382
6345
6396
6277
6263
6282
6103
6115
5989
5865
5769
5830
5802
5952
5928
5878
5931
5912
5914
5886
5862
5879
5948
5933
5941
5961
5883
6013
6026
6138
6213
6234
6166
6100
6120
6171
6253
6289
6211
6171
6038
6059
6178
6106
5958
5900
5821
5813
5717
5780
5751
5644
5756
5775
5746
5774
5925
5841
5779
5742
5789
5780
5778
5786
5805
5786
5913
5748
5779
5863
5877
5886
5868
5792
5891
5872
5857
5819
5955
5854
5835
5882
5872
5780
5854
5905
5946
6001
5881
5869
5920
5826
5869
5808
5774
5672
5649
5696
5581
5515
5472
5625
5525
5478
5506
5419
5490
5501
5520
5410
5451
5522
5506
5372
5349
5240
5152
5061
5014
4955
4839
4803
4856
4997
5051
5022
5062
4975
5068
5192
5220
5122
5043
5137
5058
5083
5088
5049
5053
5074
5126
5089
5025
4945
4896
4914
5025
5227
5229
5361
5536
5475
5486
5491
5496
5657
5709
5547
5616
5558
5473
5456
5566
5530
5466
5558
5557
5667
5689
5622
5626
5785
5805
5903
5877
5829
5801
5756
5803
5868
5933
6040
5834
5768
5589
5467
5528
5647
5689
5645
5448
5367
5424
5499
5547
5452
5420
5400
5476
5550
5419
5435
5323
5266
5394
5253
5288
5317
5214
5157
5125
5203
5261
5062
4881
4923
4912
4854
4896
4955
5072
5129
5166
5051
5069
5293
5317
5408
5437
5487
5460
5597
5640
5606
5553
5476
5474
5508
5344
5299
5275
5279
5259
5263
5342
5388
5384
5288
5319
5275
5244
5260
5198
5287
5364
5484
5379
5366
5361
5344
5390
5413
5275
5217
5405
5429
5406
5467
5488
5472
5505
5475
5404
5336
5334
5389
5521
5579
5506
5458
5491
5441
5478
5560
5510
5408
5420
5344
5342
5406
5517
5527
5437
5496
5490
5469
5528
5476
5513
5346
5309
5255
5386
5447
5627
5680
5722
5717
5838
5742
5689
5706
5669
5824
5772
5713
5644
5488
5315
5457
5402
5342
5284
5252
5289
5417
5398
5386
5494
5420
5485
5390
5372
5385
5240
5197
5247
5199
5186
5203
5231
5235
5217
5229
5242
5321
5337
5215
5270
5283
5151
5196
5244
5247
5251
5203
5249
5368
5470
5451
5404
5484
5559
5577
5395
5400
5488
5519
5471
5531
5523
5732
5682
5567
5519
5486
5549
5606
5560
5537
5515
5445
5391
5491
5422
5235
5143
5199
5083
5076
5121
5232
5333
5254
5235
5299
5380
5357
5286
5267
5163
5252
5229
5226
5191
5201
5159
5260
5123
5225
5252
5261
5325
5330
5430
5496
5462
5515
5432
5401
5504
5452
5590
5592
5760
5738
5759
5708
5758
5759
5787
5807
5877
5953
5931
5875
5795
5792
5716
5629
5680
5638
5628
5662
5823
5777
5812
5910
5935
5801
5697
5687
5691
5706
5729
5807
5630
5695
5638
5687
5611
5614
5496
5422
5466
5433
5406
5491
5479
5440
5485
5582
5596
5545
5594
5669
5602
5461
5413
5333
5348
5274
5231
5289
5331
5450
5323
5319
5280
5348
5255
5257
5304
5252
5249
5226
5183
5064
5057
5007
4896
4839
4905
4888
4875
4964
4889
4736
4771
4703
4785
4803
4837
4873
4830
4857
4951
5050
5084
5084
5126
5203
5186
5041
5021
4993
4943
4956
4926
4986
5099
5033
5106
5097
5093
5102
5123
5076
5087
5084
5047
4960
5009
5044
5037
5126
5129
5160
5230
5311
5263
5177
5172
5119
4960
4951
5020
4968
4960
4987
4905
4901
4916
4952
4895
4984
4967
4961
4918
5055
5112
5059
5159
5181
5210
5192
5266
5303
5239
5242
5168
5124
5076
4996
4934
4962
4992
5083
5062
5134
5249
5324
5356
5414
5337
5345
5258
5264
5326
5388
5307
5405
5340
5243
5117
5217
5226
5321
5371
5377
5279
5189
5115
5064
5109
5181
5189
5138
5267
5379
5329
5249
5232
5288
5404
5321
5325
5300
5402
5336
5304
5305
5256
5341
5355
5411
5425
5466
5459
5562
5503
5547
5533
5520
5478
5491
5463
5479
5593
5669
5640
5501
5561
5386
5350
5256
5349
5428
5327
5384
5379
5411
5375
5251
5202
5324
5340
5364
5495
5488
5549
5443
5389
5379
5504
5557
5594
5687
5557
5605
5603
5556
5680
5691
5693
5769
5775
5538
5607
5448
5526
5565
5510
5483
5552
5539
5619
5636
5540
5548
5497
5648
5578
5673
5680
5575
5625
5630
5703
5663
5631
5619
5481
5433
5393
5294
5274
5243
5215
5225
5265
5269
5167
5196
5260
5229
5188
5260
5267
5261
5342
5328
5339
5399
5443
5518
5673
5652
5618
5670
5570
5639
5536
5464
5512
5500
5526
5471
5429
5349
5347
5366
5418
5412
5376
5402
5466
5551
5656
5717
5793
5804
5751
5690
5597
5661
5751
5800
5789
5837
5801
5857
5756
5671
5606
5603
5622
5644
5611
5632
5724
5651
5685
5743
5717
5742
5848
5775
5767
5704
5684
5687
5557
5690
5717
5748
5745
5819
5783
5688
5685
5604
5540
5529
5537
5509
5478
5541
5428
5389
5388
5314
5289
5338
5408
5478
5268
5301
5357
5498
5514
5458
5425
5451
5437
5432
5395
5545
5565
5562
5624
5594
5642
5528
5521
5528
5461
5371
5298
5304
5423
5405
5439
5453
5446
5430
5431
5432
5478
5511
5660
5741
5824
5788
5746
5926
5995
5966
5914
5860
5834
5891
5990
6184
6218
6328
6347
6160
6121
6164
6163
6249
6261
6184
6234
6276
6287
6410
6408
6426
6273
6381
6342
6278
6218
6026
5950
5963
5831
5858
5792
5784
5680
5698
5772
5788
5729
5807
5761
5654
5513
5531
5558
5497
5451
5361
5527
5480
5423
5327
5318
5384
5363
5282
5311
5385
5337
5337
5291
5252
5191
5239
5241
5321
5269
5281
5217
5217
5121
5024
5097
5028
5094
5143
5232
5298
5302
5190
5231
5227
5169
5239
5242
5233
5326
5379
5274
5232
5180
5216
5204
5014
4877
4852
4885
4917
4928
4943
5081
4860
4867
4899
4901
4852
4944
4969
4917
4958
4984
4899
4960
5008
5099
5012
4947
5065
5115
5258
5353
5397
5345
5333
5271
5338
5344
5429
5535
5441
5382
5256
5221
5197
5233
5194
5205
5213
5191
5166
5175
5051
5100
5150
5168
5193
5324
5386
5462
5482
5445
5362
5501
5367
5391
5442
5505
5523
5581
5558
5544
5509
5620
5575
5564
5606
5625
5630
5665
5638
5629
5613
5637
5655
5753
5776
5672
5707
5757
5768
5748
5694
5635
5621
5615
5664
5592
5607
5690
5762
5773
5682
5632
5826
5885
5839
5745
5806
5833
5811
5720
5834
5897
5780
5780
5704
5801
5771
5750
5706
5741
5831
5849
5843
5930
5773
5787
5743
5683
5658
5611
5519
5529
5410
5552
5640
5688
5722
5714
5613
5653
5691
5722
5748
5749
5682
5699
5751
5693
5616
5669
5728
5821
5784
5851
5888
5765
5740
5726
5664
5597
5628
5692
5662
5640
5635
5482
5570
5596
5595
5814
5864
5837
5871
5907
6037
6037
6092
6225
6198
6283
6241
6130
6094
6026
6123
6107
6042
6121
6186
6196
5974
6021
6057
5965
5935
5821
5879
6025
6055
6128
6215
6201
6299
6366
6292
6355
6420
6480
6591
6668
6519
6622
6675
6471
6493
6534
6542
6554
6552
6540
6543
6507
6367
6298
6281
6251
6099
6130
6172
6295
6293
6265
6289
6215
6261
6137
6068
6113
6198
6284
6174
6236
6265
6437
6429
6320
6307
6197
6253
6197
6129
6186
6228
6202
6259
6099
6083
6107
6150
6321
6288
6191
6277
6228
6325
6474
6515
6618
6663
6615
6664
6740
6824
6821
6821
6935
6879
6843
6846
6916
6889
6876
6833
6803
6663
6620
6466
6528
6493
6523
6615
6517
6504
6477
6505
6548
6588
6514
6572
6566
6694
6580
6500
6454
6414
6429
6448
6452
6416
6392
6218
6158
6195
6098
6166
6205
6430
6302
6208
6296
6301
6259
6271
6223
6147
6088
6147
6104
6145
6159
6285
6238
6294
6456
6414
6446
6406
6409
6399
6512
6548
6472
6447
6349
6237
6165
6231
6208
6276
6252
6258
6317
6388
6295
6390
6271
6329
6302
6286
6245
6344
6253
6370
6347
6323
6212
6174
6246
6346
6292
6369
6338
6404
6427
6364
6201
6143
6123
6122
6062
6077
6139
6252
6269
6219
6242
6307
6326
6352
6371
6253
6297
6388
6484
6465
6578
6595
6592
6446
6452
6486
6591
6733
6702
6781
6787
7018
6979
6887
6911
6996
7042
6938
6877
6699
6578
6511
6382
6346
6243
6232
6212
6222
6352
6313
6235
6195
6211
6089
6201
6198
6172
6309
6337
6362
6299
6392
6343
6355
6218
6170
6076
6214
6214
6180
6169
6171
6121
6144
6139
6092
6155
6162
6190
6200
6105
5920
6034
6042
6126
6095
6023
6051
6014
6093
6026
6043
5807
5645
5695
5817
5895
5885
5954
5851
5806
5871
5817
5777
5859
5874
5862
5811
5861
5865
5968
5963
5968
5922
5829
5786
5747
5892
5862
5885
5962
6102
5981
5883
5957
6012
5908
5880
5916
5853
5819
5863
6001
5922
5952
5936
5876
5857
5873
5813
5847
5799
5898
5895
5983
5869
5961
5973
5895
5901
5910
5810
5833
5791
5943
5929
6004
6015
5883
5942
5992
6017
6036
5941
6082
5960
5799
5858
5950
6021
6002
5994
5911
5803
5699
5531
5523
5519
5480
5393
5297
5330
5249
5205
5204
5323
5233
5203
5137
5014
5021
5120
5045
5015
4935
5002
4977
5027
5136
5171
5185
5193
5170
5227
5226
5201
5137
5083
5092
5120
5231
5193
5129
5174
5161
5194
5195
5111
4998
5091
5051
5089
5060
5121
5085
5124
5306
5331
5387
5456
5550
5487
5481
5411
5358
5503
5507
5566
5487
5501
5486
5514
5444
5424
5475
5408
5491
5372
5407
5447
5551
5488
5539
5499
5520
5462
5329
5285
5253
5207
5207
5197
5114
5091
5147
5108
5094
5178
5152
5150
5082
5215
5100
5132
5243
5174
5085
5132
5275
5311
5384
5275
5283
5411
5390
5395
5280
5301
5444
5424
5377
5277
5372
5290
5215
5242
5209
5040
5070
5054
4953
4967
4863
4819
4790
4928
4806
4896
4861
4922
5056
5060
5015
5172
5180
5195
5187
5073
5151
5154
5048
5048
5112
5168
5224
5227
5363
5402
5242
5351
5366
5438
5361
5277
5209
5317
5341
5338
5307
5288
5416
5344
5370
5348
5419
5518
5596
5635
5531
5607
5507
5559
5625
5633
5771
5899
6022
6019
6088
5996
5887
5995
5894
5916
5745
5704
5779
5865
5891
5931
5940
5982
5939
5931
5988
6055
6020
5952
6079
6175
6219
6384
6370
6389
6459
6625
6700
6762
6670
6719
6717
6641
6633
6536
6477
6379
6302
6326
6490
6465
6461
6355
6368
6415
6430
6404
6475
6508
6470
6554
6590
6753
6865
6843
6892
6935
6939
6888
6785
6658
6691
6608
6644
6605
6553
6449
6482
6550
6534
6537
6617
6661
6610
6563
6521
6416
6501
6581
6421
6394
6445
6352
6294
6200
6181
6186
6225
6307
6341
6444
6268
6247
6273
6298
6469
6383
6523
6591
6527
6722
6760
6771
6668
6756
6703
6614
6422
6408
6309
6296
6210
6065
6081
6008
5981
5940
5952
5977
6065
6112
6151
6122
6138
6140
6202
6188
6028
5973
6068
6002
6024
5899
6085
6180
6302
6354
6165
6216
6339
6336
6293
6266
6221
6377
6397
6350
6325
6456
6455
6379
6391
6331
6419
6426
6355
6394
6492
6558
6446
6457
6509
6485
6553
6512
6425
6463
6383
6359
6454
6496
6497
6515
6512
6362
6331
6336
6317
6414
6329
6356
6256
6124
6073
6065
6082
6074
6270
6441
6350
6434
6337
6386
6378
6353
6456
6452
6459
6291
6351
6334
6322
6432
6279
6263
6197
6266
6288
6229
6228
6134
6210
6221
6165
6143
6128
6062
5990
6067
6144
6115
6057
6071
5982
5875
5872
5896
6010
5795
5763
5825
5785
5807
5758
5889
5896
5855
5882
5833
5958
6022
5965
6051
6074
5999
6063
6089
6299
6295
6182
6002
6051
6006
6030
5944
6013
5920
6030
5998
5850
5818
5938
5924
5790
5768
5694
5638
5672
5718
5773
5680
5643
5641
5578
5486
5497
5570
5585
5470
5414
5269
5249
5375
5481
5441
5350
5298
5271
5174
5358
5379
5335
5334
5340
5278
5254
5421
5363
5539
5447
5527
5519
5565
5547
5512
5560
5532
5512
5437
5439
5443
5501
5516
5603
5583
5555
5636
5638
5553
5695
5719
5692
5627
5751
5768
5800
5894
5923
5859
5944
6055
5998
5999
5922
5932
5933
5968
6033
6069
6077
6093
6178
6042
6074
6068
6117
6095
6145
6207
6218
6178
6255
6172
6175
6145
6182
6171
6135
6131
6122
6046
5984
5928
6012
5955
5969
6017
6149
6112
6094
6102
5948
5939
6008
5885
5793
5801
5771
5787
5925
6099
6127
5972
5845
5792
5878
5784
5722
5775
5774
5729
5699
5633
5658
5608
5624
5624
5567
5547
5534
5741
5796
5830
5876
5763
5794
5893
5983
5976
6078
6086
6183
6138
6042
6033
5978
5999
5972
5949
5881
5908
5896
5963
5955
5931
5998
6064
6108
6126
6077
6065
5913
5994
5879
5880
5778
5792
5779
5853
5922
5910
5870
5781
5849
5798
5983
6108
6059
6130
6074
5970
5991
6022
5983
6057
6082
6123
6128
6101
6223
6272
6296
6307
6184
5994
5991
6007
6002
5856
5831
5798
5785
5718
5647
5670
5589
5505
5494
5443
5450
5457
5462
5587
5675
5548
5615
5447
5377
5346
5421
5383
5445
5449
5429
5468
5493
5455
5502
5426
5504
5416
5395
5343
5328
5327
5350
5367
5433
5412
5482
5546
5479
5321
5366
5419
5609
5689
5716
5820
5903
5908
6004
6001
5894
5826
5761
5723
5779
5735
5696
5593
5516
5515
5461
5511
5605
5513
5630
5746
5824
5658
5720
5559
5567
5531
5557
5498
5605
5630
5560
5542
5545
5558
5669
5699
5730
5660
5553
5586
5518
5474
5498
5493
5520
5607
5536
5411
5535
5499
5503
5370
5401
5422
5537
5555
5444
5292
5341
5503
5602
5579
5658
5686
5720
5659
5525
5501
5585
5574
5544
5645
5731
5769
5732
5777
5799
5765
5815
5878
5922
5932
5963
6054
6031
5978
6042
6094
6052
6044
6078
6129
6125
5984
5958
5911
5946
6017
6077
6148
6152
6144
6213
6294
6196
6176
6025
6029
5954
5878
5791
5784
5799
5747
5525
5657
5667
5628
5644
5831
6010
5946
5829
5918
5933
6177
6209
6281
6442
6316
6293
6287
6141
6099
6018
5918
5720
5708
5809
5721
5689
5903
5930
5923
6034
6047
6127
6166
6043
5997
5947
5916
5872
5827
5907
5942
6014
6087
6097
6175
6244
6405
6543
6490
6454
6472
6432
6437
6454
6558
6547
6752
6787
6665
6688
6740
6716
6527
6430
6252
6348
6314
6355
6333
6494
6412
6350
6471
6523
6480
6462
6314
6275
6269
6393
6326
6277
6260
5996
5980
5921
5903
5887
5943
5810
5978
6003
6042
5990
5876
5854
5886
5862
5964
5912
5748
5664
5650
5627
5618
5556
5555
5486
5640
5712
5621
5562
5563
5488
5327
5314
5382
5348
5314
5312
5403
5374
5466
5582
5562
5562
5585
5565
5520
5630
5597
5751
5756
5794
5757
5681
5677
5556
5539
5481
5497
5555
5602
5723
5744
5716
5595
5623
5653
5849
5878
5917
5837
5875
5787
5643
5706
5826
5894
5938
5846
5893
5940
5885
5865
5882
5865
5915
5816
5705
5735
5754
5579
5653
5615
5613
5626
5593
5539
5540
5555
5537
5557
5558
5526
5443
5399
5302
5252
5308
5391
5479
5472
5451
5461
5559
5639
5664
5720
5808
5831
5949
5971
5954
6042
5897
5788
5705
5590
5580
5466
5328
5490
5494
5477
5642
5641
5571
5650
5667
5691
5561
5671
5679
5713
5699
5886
5846
5591
5582
5558
5557
5557
5340
5184
5230
5239
5278
5316
5336
5309
5242
5193
5190
5144
5215
5324
5242
5344
5473
5467
5502
5577
5542
5548
5474
5450
5380
5395
5324
5166
5217
5036
5128
5240
5165
5215
5216
5081
4973
4954
4973
4918
4912
4916
5080
4988
4826
4898
4901
4825
4850
4812
4757
4769
4725
4749
4663
4716
4790
4934
4833
4868
4803
4812
4850
4863
4868
4838
4846
4807
4806
4713
4708
4673
4725
4807
4793
4813
4929
5085
5032
4987
4982
4854
4709
4662
4535
4613
4570
4648
4659
4694
4697
4781
4877
4883
4899
4854
4811
4900
5011
4970
5033
5175
5276
5462
5395
5512
5607
5555
5506
5589
5457
5451
5369
5344
5262
5379
5357
5419
5461
5348
5346
5326
5357
5337
5339
5282
5170
5166
5183
5108
5111
5061
5090
4966
4926
4782
4805
4832
4861
4855
4805
4781
4776
4750
4802
4887
4930
4845
4805
4832
4705
4691
4611
4509
4548
4603
4648
4635
4708
4804
4936
4983
4971
4961
5018
5042
5011
4929
4928
5155
5030
5098
5122
5038
4928
4953
5040
5103
4947
4813
4844
4866
4841
4772
4750
4697
4708
4672
4673
4632
4660
4829
4956
4980
4999
4883
4822
4775
4921
4804
4765
4841
4768
4770
4784
4702
4787
4755
4732
4769
4916
4979
4893
4876
4906
4955
4981
5045
4998
5049
5009
4992
5056
5112
5052
4983
5027
5106
5012
5077
5078
5147
5171
5216
5105
5127
5107
5074
5111
5146
5121
5107
5123
5085
5050
5070
5053
5025
5058
5143
5132
5083
5141
5054
5244
5271
5325
5296
5337
5348
5339
5290
5335
5237
5211
5168
5018
5081
5089
5047
5070
5110
5216
5229
5309
5414
5343
5472
5460
5505
5370
5287
5274
5472
5496
5431
5437
5492
5398
5493
5458
5507
5456
5307
5212
5393
5432
5441
5504
5571
5548
5611
5457
5489
5476
5400
5401
5569
5508
5622
5563
5510
5584
5700
5608
5630
5548
5634
5677
5674
5626
5787
5709
5719
5700
5772
5704
5836
5834
5892
5911
5898
5773
5708
5663
5641
5626
5594
5565
5594
5578
5593
5726
5751
5680
5633
5608
5602
5572
5554
5464
5317
5362
5460
5504
5510
5492
5500
5531
5457
5431
5397
5448
5318
5275
5225
5283
5308
5169
5221
5144
5174
5162
5168
5244
5297
5351
5243
5274
5264
5324
5287
5203
5227
5240
5274
5252
5359
5291
5323
5464
5390
5446
5517
5581
5580
5533
5521
5576
5573
5528
5525
5579
5695
5637
5730
5710
5724
5813
5876
5915
5899
5906
5936
5830
5808
5826
5819
5865
5839
5794
5757
5738
5724
5752
5674
5574
5469
5416
5412
5511
5465
5545
5572
5583
5725
5647
5579
5621
5506
5629
5598
5640
5663
5582
5567
5565
5485
5546
5472
5423
5449
5563
5549
5522
5704
5708
5795
5768
5711
5649
5616
5653
5747
5663
5624
5635
5649
5742
5779
5687
5661
5546
5558
5532
5536
5495
5532
5570
5541
5552
5647
5660
5579
5596
5577
5567
5465
5566
5435
5443
5546
5595
5645
5569
5580
5545
5528
5431
5312
5363
5373
5319
5446
5332
5284
5255
5266
5153
5169
5174
5217
5241
5241
5210
5173
5076
4960
4923
5023
4934
5003
4981
4912
4851
4801
4818
4687
4824
4839
4879
4864
4880
4909
4962
5074
5041
5037
5084
5003
5060
5138
5142
5122
5014
4968
4908
4833
4744
4688
4674
4732
4702
4774
4889
4930
4889
4924
4818
4720
4762
4840
5001
5002
4924
4922
4931
4959
4876
4852
5057
5137
5146
5130
5148
5143
5049
5049
5161
5147
5152
5245
5214
5185
5215
5380
5229
5237
5134
5095
5127
5142
5034
5126
5191
5197
5163
5238
5253
5270
5289
5259
5331
5313
5388
5299
5367
5342
5239
5327
5360
5539
5463
5403
5357
5366
5342
5337
5275
5193
5029
5170
5183
5175
5200
5185
5042
5152
5187
5137
5138
5308
5373
5270
5310
5277
5204
5363
5347
5322
5264
5237
5140
5098
5235
5293
5353
5510
5561
5492
5525
5432
5485
5419
5551
5496
5567
5596
5560
5684
5587
5617
5616
5569
5526
5496
5598
5612
5692
5723
5838
5857
5823
5830
5892
5862
5891
5795
5764
5818
5836
5952
5977
5980
6006
6038
6070
6116
6047
5937
5947
6044
6105
6254
6269
6264
6345
6423
6415
6255
6302
6166
6238
6168
6164
6248
6114
6156
6244
6127
5991
5771
5709
5738
5733
5771
5704
5638
5550
5716
5732
5718
5779
5793
5792
5746
5714
5732
5785
6050
6071
5994
6139
6191
6198
6216
6154
6193
6153
6053
5996
5986
6033
5922
5940
5922
5869
5891
5826
5951
6075
6044
6149
6077
6073
5987
5992
5912
5725
5760
5905
5889
5742
5586
5543
5546
5459
5523
5483
5496
5472
5453
5385
5382
5265
5250
5154
5205
5208
5206
5265
5289
5270
5288
5409
5513
5580
5584
5601
5727
5617
5593
5689
5766
5746
5784
5798
5820
5811
5722
5702
5635
5649
5543
5593
5501
5565
5576
5538
5518
5470
5416
5534
5416
5385
5366
5433
5480
5491
5519
5453
5422
5346
5389
5454
5378
5420
5460
5495
5500
5555
5653
5552
5609
5527
5491
5470
5420
5516
5620
5528
5509
5453
5394
5275
5308
5207
5204
5091
5087
5154
5072
5123
4989
5000
5096
5130
5188
5170
5387
5445
5632
5723
5614
5624
5569
5635
5603
5685
5751
5668
5730
5690
5511
5509
5491
5360
5494
5412
5386
5291
