505000
200258
142097
111662
93152
79784
70112
62647
56674
51475
47704
44276
41295
38913
36754
35196
33208
31948
30548
29308
28301
27345
26368
25049
24087
23413
22714
22309
21634
21011
20376
19838
19153
18893
18285
17764
17429
16941
16693
16570
16325
16079
15791
15451
15439
15196
14743
14415
14346
14317
14118
13830
13820
13682
13577
13536
13278
13075
13178
13096
12709
12344
11852
11766
11600
11593
11653
11623
11554
11411
11309
11176
11076
10799
10636
10542
10580
10358
10051
9848
9676
9664
9667
9554
9546
9580
9494
9540
9722
9589
9383
9445
9372
9255
9239
9103
9211
9246
9101
9083
8905
8917
9037
9005
8939
8796
8901
8719
8634
8716
8653
8659
8576
8642
8554
8559
8528
8546
8394
8494
8591
8724
8733
8706
8446
8331
8379
8427
8452
8520
8459
8469
8299
8136
8085
8011
8138
7856
7932
7909
7997
7923
7983
8065
8138
8087
8017
7843
7867
7796
7696
7636
7708
7720
7776
7665
7658
7561
7541
7477
7422
7385
7199
7163
7143
7127
7060
6972
7027
7091
7080
7053
7032
7134
6975
7016
7160
7137
7176
7105
7098
7224
7375
7288
7196
7149
7062
7004
7199
7023
7051
6863
6859
6891
6935
6767
6644
6464
6445
6368
6432
6446
6469
6416
6611
6753
6663
6651
6604
6657
6638
6577
6422
6369
6184
6141
6186
6156
6256
6346
6399
6392
6394
6264
6219
6197
6301
6271
6254
6199
6247
6445
6466
6385
6285
6321
6346
6387
6392
6386
6359
6223
6240
6266
6231
6136
5989
5946
5878
5874
5722
5741
5749
5671
5822
5878
5957
5933
5927
5999
5900
5925
5777
5780
5738
5891
5720
5616
5800
5806
5857
5698
5663
5673
5666
5733
5853
5868
5882
5901
5823
5777
5811
5789
5766
5780
5785
5726
5637
5607
5617
5649
5649
5778
5730
5713
5654
5785
5798
5744
5716
5753
5810
5939
5936
5896
5965
5905
5824
5797
5796
5851
5809
5712
5814
5832
5955
6014
6018
6056
6093
6020
6046
6000
6044
6117
6103
6029
6075
5955
5970
5964
6010
5967
6068
6007
6009
5933
6027
6084
6028
5969
6091
6082
6054
6050
5975
6101
6119
6114
6230
6341
6324
6351
6315
6298
6203
6147
6229
6221
6153
6243
6294
6260
6278
6279
6200
6144
6156
6052
5982
5860
5845
5983
5924
6038
5966
5918
5944
5849
5875
5935
5882
5808
5768
5692
5794
5736
5749
5794
5808
5801
5700
5756
5751
5683
5786
5778
5716
5706
5654
5621
5719
5878
5941
6002
5938
5869
5881
5799
5899
5910
6038
6032
6039
5913
5915
5964
5963
5928
5909
5874
5910
5787
5771
5813
5911
5950
5858
5883
5959
6021
6054
6268
6289
6131
6168
6088
6027
6194
6205
6145
6088
6191
6246
6322
6306
6240
6256
6225
6208
6154
6135
6149
6188
6220
6318
6358
6421
6438
6505
6413
6396
6552
6554
6521
6426
6366
6369
6583
6435
6384
6310
6288
6236
6192
6211
6095
6119
6202
6084
6074
6137
6099
6073
5987
5945
5988
5942
5955
5885
5950
5959
6165
6157
6161
6144
6191
6234
6455
6463
6426
6494
6442
6587
6625
6598
6589
6615
6556
6529
6473
6371
6392
6384
6302
6202
6206
6278
6180
6168
6116
6083
6012
6048
6049
6097
6170
6244
6260
6325
6366
6318
6401
6519
6681
6775
6748
6753
6690
6624
6738
6758
6857
6935
6811
6825
6949
7009
7013
6949
6852
6967
7092
7246
7242
7256
7153
7169
7264
7179
7307
7319
7245
7162
7088
7016
7038
7122
7052
7045
7022
6968
6743
6715
6666
6598
6665
6582
6541
6521
6560
6657
6630
6508
6385
6233
6199
6190
6239
6257
6220
6278
6235
6237
6230
6292
6148
6216
6218
6323
6180
6306
6263
6309
6311
6327
6275
6279
6366
6435
6452
6316
6151
6216
6355
6498
6525
6382
6466
6466
6460
6478
6445
6487
6404
6198
6101
6019
6040
6021
5968
5880
5908
6021
6051
5922
5819
5832
5797
5915
5927
5957
5940
5911
5849
5852
5866
5862
5811
5756
5913
5881
5820
5914
5768
5820
5808
5947
5990
6023
5845
5821
5727
5708
5769
5730
5676
5653
5704
5783
5783
5837
5948
6005
5952
6045
6043
5978
5911
5999
6017
6046
6073
6092
6099
6049
5934
5987
5899
5891
5781
5780
5872
5811
5883
5838
5820
5668
5743
5879
5962
5968
6041
6225
6153
6199
6112
6193
6287
6310
6267
6198
6135
6120
6081
6029
6038
5948
5850
5837
5822
5797
5793
5786
5840
5760
5689
5627
5594
5616
5529
5450
5360
5204
5391
5382
5345
5287
5248
5391
5535
5533
5474
5511
5463
5451
5441
5420
5455
5490
5614
5706
5735
5713
5735
5726
5842
5949
6028
6028
5933
5938
5793
5887
5869
5776
5724
5767
5803
5807
5881
5875
6027
6045
5947
6069
6003
5958
5826
5773
5853
5820
5986
6040
6154
6111
6161
6227
6285
6366
6178
6188
6092
5975
5972
5871
5846
5856
5879
5857
5954
6027
6018
6101
5991
5952
5910
6008
5937
5954
5921
5830
5810
5877
5869
5947
5972
5890
5779
5671
5627
5622
5593
5685
5729
5711
5697
5617
5568
5613
5618
5699
5751
5671
5582
5541
5516
5544
5524
5603
5487
5436
5456
5448
5452
5454
5447
5430
5319
5310
5315
5338
5339
5434
5358
5419
5506
5484
5691
5560
5550
5505
5371
5403
5397
5386
5293
5225
5211
5119
5226
5256
5177
5182
5187
5272
5244
5316
5274
5315
5273
5289
5227
5133
5138
5000
4927
4946
4959
5125
5128
5148
5158
5150
5245
5290
5387
5416
5555
5532
5539
5650
5717
5891
5948
6013
6058
5951
5791
5782
5919
5919
5966
5973
5989
6032
5994
6072
6250
6248
6280
6137
6174
6068
5988
6033
5984
5936
6042
6089
6132
6206
6185
6190
6171
6200
6269
6180
6271
6187
6101
6124
6217
6285
6375
6415
6441
6491
6456
6464
6518
6473
6383
6400
6432
6300
6319
6445
6503
6592
6625
6515
6572
6605
6495
6571
6528
6412
6394
6419
6308
6199
6234
6358
6447
6491
6392
6422
6485
6464
6547
6594
6585
6414
6472
6413
6359
6359
6318
6403
6577
6534
6301
6339
6283
6254
6230
6193
6205
6153
6211
6164
6147
6155
6250
6285
6408
6351
6277
6247
6289
6155
6101
6069
6110
6057
6027
6052
6004
6043
6045
6018
5977
6012
5996
6007
5904
5987
5809
5938
5911
5961
5987
5801
5795
5754
5783
5879
5786
5910
5922
5848
5846
5712
5699
5692
5608
5663
5544
5461
5364
5239
5260
5231
5206
5098
5038
5155
5129
5151
5146
5166
5205
5179
5321
5428
5390
5487
5465
5447
5519
5530
5520
5367
5352
5229
5166
5131
5161
5204
5219
5292
5339
5410
5378
5414
5465
5537
5573
5734
5866
5785
5697
5762
5707
5737
5714
5687
5605
5406
5401
5508
5411
5469
5517
5451
5343
5471
5321
5377
5335
5331
5214
5248
5336
5393
5443
5369
5284
5318
5307
5401
5480
5443
5562
5565
5541
5616
5696
5639
5808
5746
5807
5824
5683
5615
5708
5682
5775
5887
5835
5853
5827
5795
5766
5908
5966
5915
5908
5837
5913
6083
6252
6258
6334
6333
6305
6225
6167
6280
6257
6338
6417
6476
6390
6386
6478
6456
6659
6712
6695
6769
6717
6654
6517
6577
6462
6531
6480
6516
6593
6572
6434
6443
6473
6399
6344
6603
6635
6675
6756
6683
6553
6707
6652
6644
6693
6696
6759
6774
6903
6898
6918
6758
6594
6596
6666
6609
6620
6583
6577
6630
6659
6716
6795
6637
6677
6749
6742
6708
6563
6636
6622
6647
6654
6478
6493
6412
6302
6321
6373
6314
6406
6389
6283
6314
6210
6345
6437
6441
6418
6409
6435
6503
6528
6511
6587
6565
6566
6583
6603
6449
6352
6518
6366
6451
6455
6573
6629
6633
6736
6644
6653
6498
6455
6479
6420
6434
6420
6568
6631
6731
6851
6790
6852
6795
6698
6604
6626
6695
6612
6650
6546
6605
6478
6422
6201
6202
6283
6262
6359
6377
6406
6572
6505
6541
6483
6461
6576
6515
6541
6540
6453
6472
6367
6323
6318
6311
6318
6279
6088
6104
6143
6243
6252
6307
6417
6435
6438
6483
6489
6542
6358
6278
6207
6121
6159
6195
6223
6351
6286
6255
6213
6183
6122
6035
6088
6023
6074
6178
6152
6220
6290
6202
6143
6234
6301
6266
6338
6318
6361
6313
6403
6426
6451
6383
6405
6324
6375
6376
6389
6540
6649
6698
6663
6579
6654
6642
6577
6515
6442
6447
6476
6517
6440
6452
6373
6364
6359
6380
6395
6267
6241
6156
6012
6057
6111
6054
6023
5969
5997
6050
5980
5990
6038
6018
5925
5886
5973
5982
5932
5987
6000
6104
6047
6117
6034
5950
6005
5897
5926
5930
5824
5862
5855
5921
6030
6001
5871
5841
5924
6008
5982
5969
6051
6027
6055
5979
6007
5995
5903
5952
5963
5824
5877
5943
5974
5903
5789
5823
5836
5851
5938
5948
5907
5915
5969
6022
6144
6022
6015
6057
6121
6035
6073
6015
6016
5994
6077
6093
6033
6040
6079
6096
6041
6117
6127
6132
6165
6166
6081
6220
6398
6428
6306
6189
6337
6329
6267
6231
6366
6235
6247
6217
5996
6194
6213
6227
6360
6444
6519
6449
6387
6337
6357
6421
6358
6208
6148
6159
6132
6044
6072
6030
6053
5964
5929
5933
5896
5857
5882
5966
6029
6048
6110
6086
5997
6037
6166
6160
6172
6167
6058
6200
6168
6089
6023
6032
6078
6111
6161
6317
6218
6242
6234
6140
6156
6229
6270
6335
6245
6246
6171
6258
6295
6275
6351
6329
6256
6259
6225
6148
6124
6116
6072
6202
6279
6244
6241
6421
6497
6559
6556
6476
6323
6250
6273
6241
6035
5910
5925
6016
6070
6110
6163
6120
6243
6194
6233
6158
6088
6129
6148
6152
6010
6026
6044
6103
5982
5957
5984
5979
6037
5983
6076
6134
6015
5970
6059
6090
6004
6082
6170
6068
5942
6040
6030
5974
6124
6179
6097
6159
6158
6085
6160
6051
5991
5925
5884
6008
5974
5904
5852
5827
5752
5623
5620
5753
5762
5815
5757
5732
5726
5677
5666
5579
5447
5444
5311
5345
5430
5398
5466
5504
5412
5470
5394
5399
5422
5419
5477
5448
5377
5501
5530
5720
5802
5700
5685
5683
5700
5724
5742
5690
5832
5765
5702
5759
5749
5719
5859
5949
5872
5902
5893
5815
5846
5758
5828
5988
5994
6042
6007
5995
6081
6088
5994
6106
6063
5990
5958
5885
5836
5798
5883
5700
5690
5785
5846
5897
6022
6144
6184
6181
6389
6502
6427
6465
6490
6481
6565
6503
6522
6601
6658
6641
6624
6685
6594
6517
6529
6526
6456
6462
6477
6513
6550
6657
6600
6541
6540
6518
6584
6551
6580
6662
6612
6651
6617
6716
6761
6756
6832
6975
6921
6964
7052
7010
7027
6877
6766
6556
6456
6265
6332
6466
6399
6444
6445
6366
6305
6225
6221
6115
6149
6107
6065
6053
5875
5783
5721
5827
5917
5913
5961
5963
6044
6036
6030
6117
6022
5960
5994
5891
5935
5934
5885
5921
5919
6010
5928
5914
5958
6037
6143
6206
6224
6415
6342
6283
6177
6151
6102
6238
6260
6405
6319
6264
6263
6207
6175
6151
6159
6163
6269
6355
6324
6175
6213
6105
6115
6120
6220
6298
6280
6281
6329
6274
6301
6259
6308
6311
6328
6203
6182
6191
6309
6190
6229
6198
6127
6174
6164
6116
6128
6147
6126
6185
6085
6166
6231
6350
6257
6210
6189
6286
6344
6350
6441
6440
6366
6304
6247
6129
6257
6152
6221
6214
6270
6201
6245
6287
6212
6196
6250
6258
6135
6083
6113
6037
5921
5890
5895
5988
5900
5775
5756
5847
5877
5888
6053
6071
6150
6173
6143
6104
6142
6134
6181
6297
6219
6217
6155
6131
6194
6184
6084
6109
6079
5962
6055
5977
6024
6201
6142
6199
6290
6382
6264
6341
6334
6350
6373
6275
6208
6255
6478
6487
6370
6493
6341
6458
6577
6551
6567
6609
6470
6350
6347
6435
6497
6474
6434
6566
6676
6556
6590
6698
6569
6452
6404
6298
6324
6253
6167
6229
6172
6123
6164
6113
6187
6213
6304
6350
6370
6415
6505
6468
6316
6302
6390
6427
6325
6526
6325
6321
6391
6493
6521
6541
6491
6327
6369
6485
6528
6518
6610
6532
6647
6726
6834
6799
6876
6800
6975
7123
7140
7054
7061
7083
6970
6832
7004
7089
7021
6980
6816
6987
7231
7261
7111
7137
7092
7060
7028
6871
7007
6952
6863
6858
6775
6715
6751
6764
6765
6763
6798
6791
6662
6732
6788
6803
6784
6862
7000
6909
6943
6794
6813
6883
6843
6682
6675
6652
6645
6625
6770
6734
6753
6743
6730
6732
6792
6838
6810
6750
6672
6633
6645
6674
6659
6583
6557
6659
6685
6688
6680
6684
6724
6627
6628
6615
6630
6625
6752
6741
6743
6710
6714
6729
6631
6669
6531
6559
6489
6530
6532
6512
6561
6594
6555
6591
6586
6479
6571
6564
6662
6644
6515
6633
6494
6677
6611
6827
6846
6800
6747
6892
6928
6943
6896
6898
7098
7068
7053
7096
7088
7023
6965
7092
7121
7263
7274
7179
7263
7438
7388
7411
7320
7235
7280
7201
7017
7055
7161
7220
7341
7286
7262
7276
7254
7205
7210
7086
7150
6972
6934
7052
7034
7066
7161
7091
7024
6919
7023
7017
7005
6943
6949
6916
6936
6754
6737
6692
6614
6713
6640
6661
6636
6552
6592
6573
6541
6487
6461
6467
6458
6508
6439
6444
6452
6507
6635
6492
6495
6410
6475
6408
6364
6237
6262
6067
6200
6243
6322
6296
6345
6323
6309
6238
6276
6213
6173
6132
6158
6173
6099
6066
6072
6237
6159
6176
6226
6191
6268
6251
6258
6237
6256
6044
6303
6192
6149
6064
6105
6110
6190
6267
6257
6227
6198
6170
6115
6066
6086
6083
5954
5940
5918
5873
5866
5758
5885
5866
5793
5747
5917
5859
5917
5964
5958
5903
5977
5937
6025
5898
5802
5789
5795
5586
5602
5644
5744
5713
5809
5947
5980
5964
6073
6012
6118
6139
6251
6197
6117
6096
6206
6291
6294
6233
6175
6272
6333
6253
6339
6329
6410
6417
6277
6238
6151
6143
6057
5993
5952
5920
5929
5948
5997
5937
5973
5990
5845
5755
5826
5769
5855
5819
5857
5848
5998
6073
6212
6227
6235
6133
6143
6157
6153
6072
5901
5940
5834
5878
5753
5789
5737
5786
5722
5833
5840
5822
5853
5856
5813
5731
5641
5687
5658
5774
5762
5667
5679
5554
5641
5631
5726
5674
5668
5709
5762
5671
5588
5520
5590
5557
5495
5623
5682
5608
5577
5540
5644
5657
5500
5383
5250
5278
5334
5395
5377
5221
5249
5213
5155
5184
5242
5245
5331
5164
5119
5170
5133
5153
5173
5135
5176
5230
5392
5329
5312
5125
5118
5189
5268
5215
5289
5349
5500
5345
5371
5377
5349
5219
5190
5164
5131
5162
5136
5016
5010
4954
4920
4818
4894
4828
4894
4866
4800
4792
4719
4723
4842
4878
4871
4864
4849
4928
5003
5116
5102
5111
5222
5226
5190
5198
5129
5133
5238
5341
5287
5363
5440
5443
5429
5462
5499
5537
5592
5591
5634
5578
5612
5706
5607
5578
5553
5627
5627
5626
5642
5750
5616
5425
5588
5525
5409
5511
5522
5486
5536
5562
5601
5558
5676
5911
5799
5870
5805
5734
5756
5701
5612
5625
5626
5826
5812
5963
5966
5973
5998
5916
5926
5870
5993
6063
6029
5983
6109
6148
6278
6312
6429
6345
6289
6167
6211
6245
6211
6201
6051
5983
6076
5961
5855
5896
5918
5945
5859
5773
5870
5940
5934
5957
5742
5829
5802
5892
5842
5922
5923
5817
5766
5684
5694
5635
5493
5457
5524
5630
5619
5625
5620
5700
5702
5665
5718
5687
5791
5717
5811
5843
5881
5763
5875
5839
5818
5967
5917
5866
5807
5951
5910
5839
5806
5846
5730
5885
5917
6004
6070
6008
6050
6113
6105
5999
5934
5952
5858
5785
5730
5732
5763
5755
5737
5793
5719
5649
5722
5628
5617
5600
5483
5392
5360
5338
5280
5143
5025
5040
5032
5195
5212
5162
5179
5228
5264
5260
5276
5458
5490
5438
5353
5293
5178
5225
5299
5434
5372
5442
5604
5742
5675
5828
5903
5868
5888
5802
5636
5473
5370
5267
5222
5266
5234
5149
5147
5096
4966
4915
4955
4913
4939
4934
4869
4978
4945
4889
4812
4859
4945
4967
5031
5088
5099
5207
5379
5324
5319
5286
5295
5359
5358
5253
5309
5224
5211
5195
5322
5357
5281
5254
5232
5198
5256
5098
5169
5144
5088
5124
5112
5189
5191
5046
5156
5083
5146
5221
5198
5139
5150
5159
5153
5006
5158
5113
5092
5103
4974
4941
5012
5104
5012
5027
5049
5146
5083
5050
4947
4916
4751
4746
4753
4698
4706
4619
4574
4578
4647
4716
4839
4815
4905
4929
4923
4990
4992
4866
4909
4879
4883
4945
4901
4999
5096
5129
5051
4845
4770
4892
4819
4780
4823
4855
4923
5015
5053
5026
4977
4997
5001
4975
4996
4923
4950
5001
5014
5023
5070
5029
4966
4959
5025
5040
5066
4958
4992
4913
4896
4942
4958
4990
4925
4932
4990
4980
4975
4937
4958
4939
4962
4859
4767
4732
4663
4745
4719
4774
4786
4835
4793
4758
4765
4743
4656
4644
4688
4628
4660
4717
4781
4887
4889
4948
5069
4948
4957
5020
4951
4873
4932
4981
5007
5080
5025
5006
5132
5116
4993
5037
5095
5047
5035
5024
5034
5048
5082
5070
5042
5037
5098
5010
5169
5081
5084
5138
5136
5224
5198
5247
5252
5158
5138
5159
5113
5163
5143
5078
5145
5105
5040
5042
4988
4914
4800
4854
4879
5013
5056
5219
5202
5230
5207
5165
5162
5207
5254
5283
5288
5269
5193
5096
5127
5180
5220
5200
5150
5179
5115
5077
5099
4939
4919
4754
4715
4757
4706
4747
4719
4765
4614
4588
4533
4486
4568
4476
4518
4466
4437
4478
4516
4728
4689
4775
4971
4993
4950
4985
5108
5124
5175
5107
5074
5099
5155
5207
5191
5212
5201
5185
5258
5246
5252
5303
5301
5248
5411
5450
5401
5334
5299
5292
5400
5336
5282
5330
5333
5285
5293
5230
5172
5096
5236
5246
5226
5240
5198
5127
5136
5165
5170
5135
5207
5268
5172
5175
5170
5169
5233
5207
5213
5183
5114
4987
4995
4910
4923
4948
4878
4982
5088
5093
5145
5145
5052
5026
5136
5251
5176
5211
5204
5090
5119
5086
5068
5128
5117
5179
5201
5210
5181
5048
4993
5018
5093
5202
5259
5375
5502
5441
5532
5510
5390
5405
5401
5329
5409
5477
5365
5456
5633
5654
5729
5677
5731
5759
5670
5611
5608
5612
5542
5558
5763
5654
5723
5658
5782
5762
5744
5770
5735
5622
5608
5676
5745
5761
5788
5751
5709
5659
5747
5821
5911
5919
5914
5934
5933
5970
5866
5853
5967
6039
6099
6074
6043
5899
5878
5915
5814
5852
5807
5784
5878
5929
5976
5869
5949
5998
6069
6129
5977
5867
5821
5774
5780
5899
5967
5912
5942
5950
5997
5957
5916
5898
5891
5888
6005
5940
6078
6110
6146
6112
6117
6042
5932
5818
5925
6006
5976
5984
5963
5930
5929
5936
5901
5978
5897
5923
6035
6018
6059
5992
6016
6041
6018
5952
5987
5939
6029
6042
6166
6147
6171
6153
6149
5962
5871
5749
5675
5710
5730
5711
5794
5660
5765
5657
5610
5653
5695
5698
5613
5600
5620
5634
5795
5919
6017
5943
5917
5849
5762
5857
5786
5860
5822
5668
5689
5705
5616
5568
5521
5519
5514
5457
5510
5540
5537
5549
5540
5505
5563
5553
5503
5527
5628
5646
5692
5783
5836
5851
5885
5865
5927
5848
5928
5904
5876
5842
5811
5903
5847
5723
5630
5512
5561
5616
5629
5585
5537
5413
5368
5316
5311
5355
5299
5263
5313
5314
5264
5215
5293
5330
5395
5402
5419
5377
5439
5393
5452
5315
5376
5463
5398
5408
5325
5373
5394
5403
5400
5508
5578
5503
5541
5430
5394
5371
5403
5391
5385
5358
5458
5513
5589
5590
5631
5768
5583
5547
5493
5607
5519
5569
5707
5664
5787
5721
5678
5634
5695
5708
5661
5606
5536
5570
5569
5490
5351
5337
5396
5407
5578
5468
5479
5515
5450
5476
5502
5535
5620
5697
5873
5784
5905
5890
6003
5898
5817
5758
5785
5828
5761
5769
5754
5736
5706
5692
5641
5640
5614
5596
5596
5686
5655
5561
5588
5514
5583
5583
5569
5533
5534
5427
5484
5491
5554
5625
5578
5631
5618
5659
5557
5455
5525
5500
5536
5572
5581
5646
5590
5533
5556
5599
5601
5552
5561
5611
5540
5573
5529
5580
5617
5666
5743
5816
5836
5720
5671
5727
5826
5907
5899
5854
5889
6076
6023
5972
5935
5930
5811
5884
5973
5722
5624
5554
5541
5556
5639
5729
5813
5903
5762
5799
5664
5684
5755
5745
5909
5942
6026
6016
5997
5926
5866
5813
5861
5851
5898
5905
5979
5972
5956
5877
6016
6140
6249
6351
6301
6297
6200
6217
6284
6243
6271
6223
6278
6198
6148
6182
6129
6014
6006
5973
6091
6092
5983
6134
6109
6055
6166
6134
6161
6273
6216
6315
6390
6428
6338
6263
6355
6278
6175
6148
5992
6062
6107
6007
6114
6169
6146
6116
6071
6004
6010
6026
5999
6153
6226
6428
6269
6321
6323
6309
6284
6329
6270
6351
6469
6445
6382
6424
6440
6458
6393
6224
6249
6306
6508
6553
6525
6540
6508
6512
6457
6453
6357
6353
6306
6439
6636
6649
6673
6658
6559
6462
6436
6566
6512
6437
6472
6298
6305
6193
6108
6001
6075
6106
6132
6121
6029
6043
6004
6072
6135
5911
5890
5876
6023
6000
5930
5805
5708
5713
5657
5566
5519
5508
5446
5471
5438
5474
5488
5479
5508
5395
5400
5348
5271
5292
5421
5512
5484
5473
5466
5449
5462
5354
5260
5286
5294
5257
5234
5242
5241
5354
5340
5499
5581
5495
5577
5574
5630
5724
5841
5811
5810
5814
5725
5849
5894
5907
5928
6043
6051
6015
5949
5818
5682
5724
5705
5786
5723
5699
5607
5601
5483
5505
5578
5533
5550
5462
5313
5255
5203
5151
5130
5108
5079
5010
4924
4848
4912
4945
4982
4946
4847
4879
4733
4683
4693
4599
4721
4726
4699
4713
4770
4712
4732
4732
4725
4585
4646
4620
4566
4639
4738
4792
4809
4912
4920
4939
4785
4756
4718
4788
4851
4833
4833
4819
4752
4724
4755
4849
4790
4842
4825
4821
4814
5004
5028
5078
5079
5113
5121
5190
5212
5276
5211
5182
5128
5184
5237
5262
5176
5210
5006
5071
5076
5181
5215
5269
5264
5435
5398
5448
5427
5406
5411
5265
5353
5295
5217
5350
5321
5324
5262
5347
5291
5332
5360
5292
5293
5215
5156
5133
5182
5138
5228
5290
5316
5237
5262
5323
5356
5368
5344
5362
5419
5512
5576
5505
5406
5350
5333
5359
5254
5267
5227
5144
5077
5025
5084
5114
5227
5124
5170
5103
5208
5234
5203
5220
5217
5275
5230
5250
5251
5202
5318
5297
5390
5282
5187
5134
5165
5164
5129
5205
5314
5448
5429
5502
5530
5605
5719
5749
5772
5674
5733
5743
5736
5616
5631
5665
5749
5677
5614
5489
5561
5604
5664
5695
5662
5696
5669
5685
5702
5651
5678
5647
5521
5712
5741
5785
5809
5794
5827
5834
5804
5858
5889
5964
6041
5931
5858
5861
5902
5843
5875
5775
5697
5709
5817
5633
5593
5477
5437
5398
5434
5520
5510
5475
5508
5612
5636
5676
5653
5576
5529
5534
5586
5674
5841
5824
6003
5930
6034
6049
6022
5878
5955
5985
5909
5839
5822
5864
6006
6091
6054
6122
6026
6048
5977
6001
5938
5845
5905
5713
5766
5883
5887
5924
5965
5940
6012
6085
6134
6020
6044
6125
6075
6099
6111
6059
5929
5912
5900
5851
5758
5821
5811
5898
5943
5986
5949
5902
6036
5984
5948
5972
5924
6060
6066
5872
5837
5921
5954
5929
5936
5977
5868
5758
5803
5944
5827
5768
5735
5792
5930
5925
5958
5959
6050
6000
5954
5937
5976
6032
5997
5952
6031
6053
6024
5926
5969
5978
5850
5797
5838
5737
5852
5905
5927
5951
5925
5903
5874
5817
5940
5822
5932
5990
5843
5733
5589
5451
5413
5487
5499
5445
5485
5369
5231
5145
5048
4997
4953
4988
5026
4892
4915
4957
4987
4910
4949
4898
4943
4988
4828
4798
4802
4571
4569
4572
4594
4677
4672
4635
4645
4606
4643
4654
4675
4571
4670
4675
4680
4625
4639
4547
4576
4650
4672
4733
4799
4761
4761
4834
4934
4919
4966
5028
5196
5144
5001
4975
5005
5008
4986
5153
5190
5157
5096
5204
5311
5285
5300
5411
5371
5268
5228
5162
5178
5079
4996
5012
4970
4997
5003
5065
5086
5075
5155
5197
5255
5176
5219
5334
5176
5282
5281
5390
5423
5458
5486
5571
5552
5561
5506
5498
5498
5634
5571
5544
5619
5512
5542
5616
5700
5567
5588
5613
5521
5512
5558
5427
5389
5395
5297
5273
5140
5105
5143
5178
5109
5157
5250
5266
5274
5307
5341
5414
5483
5475
5386
5391
5407
5324
5285
5145
5268
5300
5281
5367
5373
5447
5429
5403
5467
5490
5359
5369
5336
5361
5313
5303
5254
5255
5355
5193
5319
5356
5515
5514
5431
5385
5372
5344
5388
5290
5346
5407
5200
5347
5355
5280
5319
5340
5312
5344
5343
5330
5293
5278
5297
5314
5365
5385
5364
5476
5476
5447
5457
5391
5520
5508
5615
5667
5711
5802
5708
5810
5761
5728
5784
5726
5786
5724
5743
5755
5743
5748
5912
5860
5758
5703
5677
5774
5732
5634
5646
5651
5623
5667
5654
5674
5650
5584
5491
5605
5538
5577
5407
5373
5455
5291
5230
5348
5313
5314
5218
5248
5247
5274
5348
5285
5234
5295
5242
5129
5125
5117
5091
5079
5168
5284
5186
5100
5129
5166
5167
5231
5224
5208
5196
5163
5109
5139
5174
5132
5053
5080
5057
5088
5070
5060
5261
5069
4995
5067
5134
5063
5044
5081
5193
5091
5078
5030
5042
4886
4897
4932
4933
4929
5025
5065
5121
5183
5284
5366
5307
5122
5159
5235
5216
5305
5266
5315
5249
5327
5375
5384
5319
5351
5192
5193
5108
5123
5092
5206
5140
5241
5165
5244
5279
5260
5262
5252
5318
5346
5340
5354
5445
5412
5359
5285
5170
5052
4947
4943
4914
4855
4780
4884
4779
4705
4657
4771
4836
4837
4787
4736
4789
4710
4664
4663
4624
4672
4772
4732
4832
4859
4808
4838
4891
4909
4987
5079
5013
4983
4989
4990
4852
4800
4788
4775
4736
4782
4849
4964
4866
4879
4789
4850
4899
4772
4789
4843
4858
4850
4867
4860
4887
4900
4879
4938
4993
4905
4955
4925
5010
5070
5067
5158
5155
5175
5166
5094
5221
5234
5334
5399
5517
5458
5516
5496
5406
5347
5350
5388
5238
5244
5205
5263
5465
5532
5587
5496
5467
5529
5410
5503
5660
5596
5669
5564
5471
5441
5283
5203
5219
5323
5236
5253
5258
5205
5156
5134
5114
4965
4899
4890
4951
5089
5108
5100
5108
5165
5171
5126
5056
4951
4920
4967
4900
4913
4767
4774
4698
4728
4807
4790
4738
4734
4705
4593
4620
4653
4513
4426
4381
4449
4466
4406
4338
4333
4298
4301
4325
4352
4343
4344
4309
4381
4372
4319
4205
4216
4154
4128
4160
4143
4179
4109
4065
4100
4145
4237
4273
4420
4426
4407
4425
4418
4421
4358
4417
4500
4569
4467
4553
4572
4466
4642
4588
4651
4593
4607
4668
4564
4653
4583
4618
4617
4669
4672
4704
4613
4751
4927
4879
4851
4724
4611
4608
4704
4682
4643
4562
4521
4539
4466
4572
4676
4669
4578
4613
4624
4590
4574
4674
4675
4677
4727
4765
4855
4835
4819
4761
4944
4870
4862
4756
4751
4784
4757
4764
4886
4893
4953
4894
4850
4814
4820
4777
4662
4736
4623
4724
4697
4737
4703
4663
4666
4724
4667
4722
4583
4526
4555
4628
4553
4631
4667
4806
4850
4892
5017
5053
5135
5009
5033
5074
5048
5049
4998
4955
4992
5098
5099
4963
4907
4964
4802
4843
4828
4900
4872
4923
4819
4815
4798
4763
4806
4807
4862
4900
4786
4862
4959
4923
4796
4727
4714
4647
4720
4743
4782
4763
4801
4746
4720
4685
4738
4730
4581
4704
4650
4582
4590
4642
4656
4721
4704
4732
4718
4690
4668
4689
4775
4713
4647
4583
4617
4701
4710
4784
4786
4758
4731
4726
4784
4846
4777
4763
4704
4866
4895
4837
4835
4825
4837
4759
4788
4832
4933
4965
5017
5052
5008
4990
5051
5062
4998
5184
5158
5165
5018
4997
4853
4840
4864
4898
4914
4872
4946
4893
5043
5016
4894
4865
4811
4840
4716
4836
4783
4771
4735
4727
4757
4710
4655
4663
4666
4677
4727
4797
4811
4879
4945
4928
5020
5000
5071
5076
5231
5170
5221
5240
5140
5326
5220
5223
5315
5242
5306
5244
5242
5158
5131
5066
5043
5019
4928
4878
4936
4912
4964
4986
5141
5285
5235
5195
5220
5145
5221
5224
5294
5402
5400
5449
5503
5495
5516
5474
5470
5459
5572
5453
5442
5489
5394
5555
5655
5542
5560
5633
5714
5791
5727
5657
5577
5581
5543
5674
5625
5590
5518
5592
5543
5579
5545
5508
5461
5400
5372
5424
5479
5441
5425
5494
5471
5520
5455
5507
5448
5446
5430
5287
5220
5223
5147
5212
5133
5097
5103
5006
5002
4881
4893
4831
4887
4894
4941
4904
4979
4958
4917
4985
4955
5036
4985
5023
5018
5087
5245
5199
5072
5169
5243
5302
5236
5097
5110
5132
5208
5224
5185
5259
5261
5273
5227
5331
5167
5079
5228
5265
5286
5326
5309
5344
5368
5332
5432
5436
5325
5261
5415
5330
5431
5370
5473
5532
5610
5651
5676
5661
5595
5581
5568
5559
5642
5602
5628
5619
5649
5766
5813
5771
5749
5748
5675
5702
5586
5556
5692
5767
5780
5694
5570
5534
5564
5551
5591
5606
5567
5599
5663
5707
5628
5593
5743
5789
5917
6035
6035
6004
6126
6058
6079
6040
6068
6018
6031
5917
5926
5800
5851
5925
6141
6158
6252
6200
6210
6277
6133
6078
6163
6173
6140
6154
6130
6221
6139
6138
6118
6253
6278
6271
6245
6201
6181
6303
6297
6205
6358
6375
6344
6309
6309
6376
6323
6416
6452
6428
6461
6427
6458
6527
6459
6351
6205
6154
6042
6030
6077
6137
6140
6175
6072
6038
6077
6129
6032
6058
5919
5907
5915
5796
5887
5883
5953
5810
5798
5930
5937
5839
5939
5947
6074
6027
6034
6165
6164
6005
5917
5888
5846
5760
5876
5786
5834
5834
5878
5899
5830
5868
5769
5781
5853
5906
5908
5899
5872
5797
5757
5730
5867
5765
5677
5619
5580
5461
5424
5410
5377
5357
5330
5299
5220
5251
5208
5187
5299
5374
5413
5335
5251
5117
5175
5246
5106
