505000
200365
141648
111538
92393
79522
69657
62294
56510
51921
48113
44890
41940
39219
36727
34781
33005
31539
30236
28993
28078
27151
26215
25268
24498
23960
23134
22709
21763
21203
20846
20369
19830
19516
19167
18955
18444
18066
17530
17101
16730
16307
15981
15808
15649
15405
15197
15003
14725
14552
14547
14597
14319
14076
13901
13791
13552
13337
13298
13369
13228
13091
12875
12710
12532
12519
12400
12134
12177
12096
11971
11759
11443
11151
11125
11053
11106
10967
10947
10935
10962
11070
11080
11012
10845
10689
10693
10322
10284
10227
10136
10107
9875
9813
9923
9994
9931
9857
9896
9760
9725
9714
9840
9782
9692
9672
9606
9430
9555
9549
9521
9474
9214
9231
9023
9084
8951
8872
8616
8539
8499
8302
8322
8246
8113
8142
8027
7962
8013
8081
8056
8017
7836
7767
7898
7850
7951
8011
7967
7885
7888
7967
7910
7842
7733
7583
7430
7437
7396
7498
7476
7484
7337
7329
7437
7473
7433
7449
7374
7379
7179
7139
7087
7155
7153
7183
7280
7247
7065
7115
7106
7121
7086
6943
6962
6963
6935
6948
7035
6989
6935
6983
6875
6852
6895
6776
6758
6762
6790
6690
6535
6563
6599
6537
6590
6587
6720
6671
6756
6767
6846
6809
6812
6798
6824
6827
6747
6842
6828
6788
6841
6794
6714
6749
6806
6708
6539
6584
6598
6399
6412
6274
6234
6223
6089
6045
5998
5892
5908
5938
6054
6040
6027
6094
5953
5956
5974
5958
5976
5941
5985
6024
5935
6020
6090
6136
6184
6393
6421
6384
6332
6360
6167
6244
6235
6299
6300
6258
6269
6387
6334
6395
6445
6489
6621
6595
6477
6661
6567
6461
6411
6427
6279
6299
6351
6490
6435
6423
6513
6396
6437
6430
6385
6391
6442
6555
6542
6383
6416
6234
6133
6098
6076
6012
6057
5938
5997
6038
5898
5926
5997
6201
6227
6280
6315
6367
6345
6416
6295
6331
6382
6399
6356
6303
6223
6199
6197
6251
6390
6337
6461
6368
6307
6263
6354
6366
6341
6418
6544
6542
6511
6481
6442
6408
6408
6382
6313
6232
6168
6089
6108
6046
5929
5940
5907
5874
5825
5922
5961
5847
5834
5820
5838
5761
5641
5764
5772
5809
5829
5656
5615
5629
5622
5786
5714
5730
5664
5574
5591
5717
5662
5594
5425
5354
5347
5304
5259
5262
5268
5249
5301
5384
5508
5442
5380
5294
5185
5308
5214
5275
5412
5335
5305
5251
5352
5298
5224
5192
5141
5198
5222
5285
5388
5315
5264
5250
5212
5226
5145
5155
5210
5178
5118
5198
5185
5193
5248
5261
5325
5382
5252
5144
5191
5094
5191
5286
5343
5292
5353
5326
5324
5418
5414
5330
5296
5231
5299
5276
5183
5285
5236
5335
5436
5426
5478
5524
5412
5522
5539
5552
5521
5564
5599
5654
5701
5660
5678
5704
5748
5750
5726
5806
5815
5847
5829
5758
5790
5886
5726
5662
5795
5874
5950
5939
5971
5985
6001
6062
5997
6096
6052
6030
5980
5890
6064
6082
6010
5907
5831
5873
5844
5745
5794
5703
5601
5604
5661
5563
5597
5627
5539
5537
5558
5592
5640
5767
5713
5629
5644
5649
5679
5567
5416
5440
5387
5467
5411
5446
5590
5582
5516
5574
5512
5599
5583
5494
5507
5588
5603
5453
5436
5519
5510
5602
5631
5620
5540
5478
5536
5373
5407
5456
5432
5417
5298
5193
5232
5002
5103
5064
5154
5138
5166
5192
5117
5250
5278
5265
5393
5401
5515
5547
5551
5631
5622
5611
5559
5689
5643
5821
5836
5852
5812
5654
5666
5649
5679
5759
5908
5958
5984
5932
5920
5987
6004
6110
5988
5869
5771
5733
5718
5826
5903
6079
5976
5940
5808
5861
5876
5860
5810
5690
5741
5867
5821
5836
5954
5970
5856
5895
5809
5841
5790
5848
5859
5854
5818
5943
6036
6209
6029
6035
6012
6028
6019
5937
5943
6000
5949
5940
5950
6016
5987
5864
5742
5607
5649
5682
5770
5636
5614
5635
5557
5627
5553
5641
5709
5774
5797
5958
5888
5902
5768
5905
5800
5742
5785
5798
5891
5830
5921
6049
5915
5925
5895
6049
6128
6172
6156
6068
6036
5947
5824
5783
5902
5900
5867
5779
5726
5791
5834
5845
5916
5910
5983
5994
6004
5992
5960
5978
5954
5995
5813
5833
5785
5744
5694
5640
5734
5878
6007
5977
6158
6241
6157
6065
6149
6164
6154
6007
5949
5984
5994
5921
6023
6194
6204
6084
6030
6201
6122
6090
6101
6142
6148
6141
6069
6139
6026
6020
5977
5922
5907
5923
5868
5964
6055
6011
5937
6023
5966
5991
5992
6044
6165
6142
6105
6146
6216
6054
6005
5934
5904
5901
5819
5861
5775
5703
5565
5622
5640
5702
5660
5492
5571
5490
5599
5729
5935
5964
5857
5898
5822
5847
5907
5907
6007
6059
6095
6086
5935
6001
6083
5970
5882
5755
5701
5721
5770
5681
5767
5765
5845
5842
5958
5873
5888
5686
5727
5777
5744
5630
5662
5643
5641
5782
5697
5688
5740
5691
5664
5759
5600
5601
5619
5627
5628
5769
5895
5971
5972
5961
5890
5960
5921
5972
5864
5819
5663
5689
5820
5979
6030
6067
6126
6166
6241
6188
6086
5971
6075
5964
5936
5992
6049
6013
5951
6028
6036
5892
5917
5858
5933
5876
5978
5884
5830
5709
5628
5554
5669
5640
5610
5722
5830
5745
5709
5754
5642
5666
5602
5573
5451
5505
5540
5496
5513
5595
5585
5490
5483
5430
5450
5487
5504
5587
5665
5737
5717
5759
5642
5703
5803
5683
5579
5609
5700
5707
5660
5647
5751
5702
5707
5719
5637
5596
5560
5464
5467
5422
5448
5353
5246
5277
5298
5418
5539
5740
5788
5824
5853
5877
5957
5933
5843
5924
5926
5854
5833
5959
5974
5903
5960
5871
5873
5953
5961
5894
5869
5906
5910
5907
5859
5866
5794
5793
5752
5650
5624
5605
5667
5551
5454
5562
5525
5571
5495
5549
5561
5497
5472
5485
5412
5418
5449
5408
5304
5385
5281
5254
5264
5151
5202
5269
5327
5353
5567
5644
5692
5661
5633
5624
5640
5663
5672
5680
5577
5558
5564
5529
5501
5389
5505
5519
5506
5524
5508
5437
5467
5504
5555
5498
5469
5533
5491
5535
5499
5421
5457
5446
5443
5454
5440
5548
5496
5463
5490
5499
5507
5600
5614
5582
5540
5515
5592
5594
5444
5268
5380
5306
5417
5340
5307
5402
5425
5348
5410
5406
5430
5383
5516
5601
5599
5639
5772
5807
5731
5806
5789
5828
5848
5839
5821
5897
5820
5786
5804
5872
5984
6101
5945
5941
5855
5990
5880
5757
5835
5759
5663
5683
5787
5773
5709
5651
5701
5590
5572
5581
5457
5330
5287
5301
5358
5367
5334
5295
5331
5404
5505
5546
5583
5698
5847
5813
5878
5745
5685
5723
5675
5730
5643
5617
5694
5589
5662
5589
5672
5756
5794
5750
5886
5940
5784
5792
5853
5786
5822
5764
5732
5763
5841
5756
5765
5758
5736
5763
5774
5683
5808
5797
5715
5613
5613
5611
5589
5496
5407
5443
5423
5470
5335
5375
5400
5474
5506
5318
5352
5292
5464
5534
5553
5516
5522
5603
5657
5492
5389
5552
5582
5533
5529
5620
5606
5595
5607
5545
5609
5583
5555
5497
5481
5495
5425
5431
5415
5471
5479
5480
5541
5539
5614
5734
5797
5854
5714
5646
5633
5657
5651
5572
5662
5476
5532
5632
5568
5662
5554
5391
5338
5347
5333
5329
5401
5324
5369
5400
5292
5082
4994
4954
4900
4989
5108
4965
5041
4955
4920
4832
4796
4796
4800
4852
4886
4988
5015
5027
5087
5065
5076
5001
4944
5037
4996
5084
5018
5088
5036
5146
5026
5029
5109
5130
5030
5132
5254
5187
5182
5257
5208
5175
5246
5238
5288
5162
5229
5158
5148
5119
5131
5069
5017
4924
4846
4813
4893
4960
5017
5154
5253
5287
5451
5406
5547
5516
5622
5583
5566
5568
5570
5418
5259
5214
5258
5295
5353
5411
5443
5485
5486
5416
5436
5460
5574
5573
5592
5704
5809
5901
5904
5874
5804
5828
5844
5827
5714
5733
5727
5703
5661
5718
5658
5575
5476
5465
5410
5398
5344
5345
5384
5381
5320
5403
5306
5365
5426
5318
5343
5400
5447
5430
5368
5530
5413
5406
5262
5260
5309
5397
5437
5406
5369
5297
5254
5148
5043
4970
5058
5046
5117
5106
5068
5178
5090
5143
5210
5252
5292
5189
5148
5128
5264
5248
5306
5357
5321
5156
5073
5108
5025
5084
5104
5051
5055
5140
5304
5190
5150
5234
5233
5314
5387
5366
5321
5429
5522
5538
5622
5595
5641
5578
5767
5825
5755
5770
5700
5774
5803
5929
5952
5978
5960
5914
5992
6083
5965
6067
6083
6002
6137
6085
6109
6123
6132
6268
6330
6334
6218
6166
6177
6058
6074
5937
5972
5816
5766
5787
5691
5881
5933
5807
5999
5935
5822
5746
5686
5569
5656
5537
5647
5668
5675
5625
5565
5592
5671
5659
5936
5971
6024
6100
6067
6026
6242
6145
6236
6232
6232
6257
6198
6136
5981
5994
6112
6146
6084
6121
6129
6118
6051
6129
6006
5958
5931
6082
6094
6182
6190
6167
6154
6121
6112
5952
5912
5937
5818
5738
5746
5804
5874
6001
5928
5899
5831
5808
5929
5852
5823
5950
5910
5917
5897
5745
5629
5553
5526
5537
5603
5671
5596
5608
5700
5734
5702
5809
5796
5876
5799
5810
5904
5947
5931
5955
6009
6015
5938
6038
6030
5980
5928
5876
5870
5835
5791
5873
5899
5707
5790
5802
5814
5873
5932
5930
5828
5874
5751
5722
5753
5812
5848
5870
5918
5916
5879
5983
6046
6017
6090
6157
6080
6063
6059
5993
5966
5847
5759
5807
5672
5655
5682
5669
5607
5640
5663
5625
5564
5539
5591
5571
5564
5570
5526
5670
5703
5673
5707
5723
5897
5949
5961
5940
5822
5758
5895
5764
5638
5728
5799
5885
5955
5873
5923
5867
5740
5731
5594
5694
5781
5817
5869
5863
5820
5853
5897
5956
5983
5847
5979
5927
5836
5954
5905
5805
5873
5890
5813
5730
5709
5688
5769
5774
5722
5756
5603
5494
5472
5441
5505
5472
5588
5417
5291
5364
5246
5366
5338
5206
5259
5165
5214
5228
5224
5293
5320
5284
5257
5144
5277
5250
5140
5046
4886
4825
4905
4976
4950
4897
4829
4890
4878
4977
4885
4885
4977
4890
4874
5015
4985
4953
4954
4932
5042
4977
5024
4978
5030
5138
5059
5084
5078
4852
5003
5066
5055
5080
5138
5105
5066
5006
5081
5162
5124
5086
4922
4827
4937
5089
5146
5160
5115
5176
5193
5209
5203
5135
5176
5173
5089
5151
5223
5081
4922
5012
4955
4943
4933
4941
5054
5054
5057
5175
5243
5225
5328
5277
5310
5418
5465
5346
5304
5283
5230
5162
5129
5219
5197
5169
5085
5103
5166
5279
5400
5384
5428
5383
5412
5590
5621
5695
5714
5748
5921
5885
5879
5788
5610
5767
5808
5860
5793
5676
5689
5667
5617
5605
5591
5622
5638
5658
5663
5813
5902
5922
5839
5663
5837
5678
5720
5693
5660
5678
5733
5884
5960
5938
5929
5933
5806
5947
5919
5839
5891
5860
5918
5932
5738
5683
5625
5559
5688
5694
5746
5757
5681
5729
5773
5846
5836
5786
5889
6030
6025
5984
5968
5845
5862
5901
6102
6105
6075
6147
6177
6210
6119
6252
6324
6267
6387
6276
6340
6358
6415
6440
6352
6256
6317
6386
6451
6512
6586
6607
6620
6580
6528
6463
6468
6443
6393
6466
6462
6441
6279
6391
6339
6309
6150
6127
6103
6067
6130
6165
6064
5891
5793
5803
5764
5620
5610
5561
5607
5695
5595
5667
5589
5581
5685
5750
5691
5654
5591
5528
5438
5391
5389
5388
5251
5194
5216
5220
5238
5299
5257
5294
5302
5367
5343
5324
5390
5472
5650
5660
5505
5508
5393
5486
5388
5507
5302
5342
5291
5328
5283
5312
5319
5270
5312
5350
5388
5422
5459
5475
5439
5496
5499
5482
5530
5623
5541
5661
5680
5609
5633
5606
5726
5776
5734
5781
5705
5687
5615
5662
5605
5671
5674
5693
5654
5580
5548
5431
5348
5244
5288
5243
5269
5290
5234
5099
5023
5066
4940
5002
4943
5000
4966
5108
5168
5276
5355
5358
5299
5348
5403
5265
5393
5426
5390
5411
5484
5344
5275
5311
5396
5320
5495
5649
5596
5656
5606
5671
5831
5738
5588
5592
5505
5503
5574
5577
5731
5774
5720
5868
5846
5784
5862
5698
5775
5740
5560
5565
5450
5417
5571
5580
5609
5667
5641
5779
5724
5710
5714
5726
5823
5644
5654
5575
5572
5587
5585
5554
5562
5604
5577
5614
5547
5460
5487
5522
5506
5691
5735
5806
5859
5731
5757
5831
5945
5879
5777
5809
5783
5682
5772
5701
5628
5596
5786
5759
5756
5703
5824
5890
5860
5883
5810
5802
5879
5993
6110
6235
6324
6312
6267
6165
6143
6152
6112
5964
5993
5993
5980
5755
5659
5679
5476
5499
5462
5435
5487
5400
5433
5538
5504
5524
5460
5337
5397
5412
5411
5558
5598
5650
5674
5591
5597
5713
5734
5867
5839
5769
5700
5772
5738
5641
5489
5551
5520
5538
5505
5550
5564
5538
5468
5608
5543
5536
5569
5628
5525
5496
5536
5498
5413
5380
5439
5475
5472
5376
5219
5287
5260
5318
5242
5182
5326
5370
5438
5473
5358
5315
5369
5283
5244
5143
5093
5064
4994
4860
4923
4865
4841
4820
4851
4880
5013
5083
5087
5156
5053
5020
5065
5127
5157
5219
5162
5224
5312
5385
5427
5434
5505
5499
5518
5462
5331
5250
5268
5257
5265
5222
5327
5217
5221
5297
5331
5285
5431
5318
5296
5346
5327
5301
5280
5237
5143
5186
5299
5369
5507
5445
5501
5550
5529
5582
5506
5667
5611
5474
5561
5603
5557
5489
5583
5587
5433
5559
5509
5388
5342
5301
5325
5359
5350
5295
5330
5250
5285
5216
5229
5356
5484
5495
5412
5421
5516
5753
5945
5869
5876
5810
5838
5765
5799
5905
5898
5882
5749
5761
5770
5878
5796
5730
5859
5904
5843
5897
5908
5897
5963
5994
5912
5867
5839
5914
5803
5835
5828
5827
5797
5908
6081
6273
6213
6106
6050
6027
5970
5877
5913
5913
5934
5909
5968
6004
6106
5947
5859
5785
5802
5753
5674
5622
5607
5589
5541
5542
5424
5290
5339
5354
5359
5264
5279
5318
5299
5261
5166
5192
5171
5126
5208
5182
5226
5304
5270
5195
5121
5141
5098
5049
4992
4956
4945
4999
4969
4952
4887
4942
4837
4762
4782
4874
5001
5116
5049
5008
5089
4983
5045
5028
5086
5048
5023
5087
5070
5075
5153
5145
5074
5044
5040
5191
5171
5126
5185
5190
5220
5136
5177
5199
5342
5273
5330
5306
5239
5209
5178
5181
5229
5141
5189
5223
5235
5289
5230
5216
5185
5200
5067
5186
5047
5010
4991
5018
5081
5129
5079
5026
5074
5083
5096
5102
5014
5003
5006
4917
4979
5072
5071
5095
5037
5038
5021
4990
4884
4745
4714
4660
4675
4660
4680
4767
4745
4824
4890
5003
5065
5110
5207
5144
5216
5294
5280
5289
5405
5422
5456
5420
5567
5521
5450
5381
5361
5343
5324
5219
5259
5214
5434
5294
5349
5380
5306
5393
5560
5752
5756
5773
5829
5775
5716
5759
5768
5788
5812
5780
5814
5839
5837
5805
5772
5775
5677
5747
5857
5877
5844
5864
5955
5890
5716
5700
5662
5625
5603
5564
5547
5454
5500
5543
5498
5380
5528
5470
5537
5525
5515
5518
5575
5449
5347
5443
5502
5525
5470
5367
5367
5449
5529
5547
5424
5443
5365
5404
5446
5367
5395
5344
5254
5187
5220
5143
5059
4992
5059
5240
5194
5137
5275
5195
5184
5222
5196
5270
5221
5191
5355
5299
5256
5314
5306
5381
5283
5392
5307
5327
5328
5381
5444
5420
5491
5420
5531
5597
5548
5787
5700
5830
6013
5973
5890
5780
5802
5733
5749
5837
5753
5626
5727
5853
5832
5800
5723
5677
5748
5828
5906
5795
5777
5652
5726
5690
5587
5546
5567
5525
5459
5472
5488
5543
5697
5707
5558
5557
5520
5456
5477
5391
5519
5530
5641
5652
5623
5662
5476
5488
5390
5464
5436
5496
5561
5577
5588
5565
5541
5696
5662
5694
5584
5552
5578
5677
5683
5676
5683
5618
5647
5600
5598
5611
5439
5457
5362
5406
5415
5423
5339
5355
5307
5298
5369
5252
5254
5157
5290
5333
5368
5425
5336
5384
5332
5334
5295
5319
5480
5511
5687
5745
5662
5812
5965
6033
5845
5942
6093
6001
6101
6128
6177
6239
6210
6256
6363
6372
6458
6547
6468
6437
6534
6514
6417
6517
6510
6602
6641
6600
6482
6466
6496
6480
6622
6534
6427
6421
6416
6464
6496
6416
6493
6457
6483
6442
6390
6136
6178
6232
6203
6230
6242
6149
6186
6045
6006
6071
6163
6078
6006
6040
6117
6160
6273
6317
6299
6264
6286
6278
6371
6514
6471
6493
6483
6431
6422
6463
6500
6441
6389
6423
6490
6429
6342
6358
6189
6295
6346
6391
6316
6416
6397
6336
6331
6329
6377
6454
6480
6562
6632
6621
6672
6718
6727
6679
6697
6726
6609
6540
6453
6447
6354
6418
6392
6372
6383
6280
6229
6228
6283
6224
6237
6252
6321
6331
6172
6117
6130
6135
6136
6205
6315
6477
6413
6420
6398
6330
6306
6467
6450
6525
6490
6469
6421
6375
6445
6466
6408
6301
6415
6415
6324
6327
6364
6433
6483
6505
6458
6571
6440
6320
6338
6318
6450
6304
6109
5990
5976
6079
5898
5860
5884
5924
5849
5761
5765
5887
5741
5747
5705
5732
5816
5921
5827
5921
5966
5949
5993
5985
5939
5902
5892
5951
5840
5700
5721
5539
5453
5421
5493
5547
5433
5448
5476
5493
5450
5466
5406
5541
5515
5452
5512
5525
5385
5417
5459
5584
5572
5619
5565
5541
5498
5429
5461
5534
5331
5250
5190
5161
5174
5224
5246
5220
5258
5245
5312
5169
5221
5143
5227
5239
5227
5243
5116
5230
5200
5275
5297
5332
5383
5370
5477
5468
5393
5491
5367
5403
5328
5364
5463
5396
5292
5287
5320
5402
5363
5287
5159
5140
5099
5152
5140
5067
5109
5176
5114
5092
5158
5127
5172
5161
5187
5231
5198
5328
5458
5476
5413
5359
5351
5315
5359
5510
5448
5394
5371
5361
5307
5315
5249
5201
5181
5189
5131
5134
5009
4889
4802
4787
4820
4850
4916
4921
4868
4844
4989
5080
5066
5012
5013
4903
4898
4946
5029
5073
5145
5089
5067
4994
5046
5066
4916
4806
4853
4909
4821
4935
5002
4967
4881
4958
4971
4952
4859
4826
4935
4969
4975
4983
4915
4943
4907
4929
4876
4922
4913
4879
4814
4750
4797
4765
4844
4800
4899
4940
4998
4979
4987
5039
5088
4936
5039
5001
5003
5006
5132
5109
5182
5223
5291
5317
5336
5391
5455
5523
5637
5705
5669
5527
5662
5668
5737
5866
5963
6080
6027
5982
5995
6060
6045
6020
6089
6118
6102
6088
6359
6447
6385
6377
6372
6384
6307
6277
6158
6184
6249
6309
6392
6371
6478
6408
6517
6524
6484
6630
6582
6550
6450
6381
6341
6370
6215
6168
5979
5876
5756
5878
5974
5919
5974
5860
5886
5974
5936
5919
5814
5840
5904
5900
5889
5807
5926
5945
5977
5954
5927
5828
5741
5782
5577
5683
5722
5714
5736
5776
5765
6006
6000
5854
5926
5835
5993
5908
5923
6052
5935
5855
5769
5723
5712
5688
5797
5792
5663
5762
5684
5637
5588
5503
5355
5244
5235
5157
5078
5034
5115
5116
5097
5197
5212
5208
5197
5181
5088
5067
5173
5147
5087
5049
5059
5065
5013
5018
5020
4931
5100
5108
4988
5066
5075
5120
5166
5179
5167
5105
5163
5174
5147
5164
5173
5155
5205
5245
5196
5309
5360
5400
5325
5391
5409
5405
5430
5537
5523
5432
5463
5453
5453
5502
5438
5419
5511
5575
5688
5824
5792
5809
5786
5828
5828
5967
5879
6002
6058
6035
6067
6064
5995
6109
6106
6002
6044
5978
5864
5774
5775
5884
5864
5937
5784
5746
5755
5739
5690
5614
5639
5713
5654
5593
5654
5552
5714
5712
5589
5493
5470
5439
5634
5615
5582
5593
5464
5515
5556
5513
5451
5354
5367
5409
5391
5378
5321
5358
5388
5314
5401
5351
5399
5509
5550
5639
5646
5710
5743
5611
5759
5807
5781
5734
5719
5812
5766
5818
5718
5742
5793
5835
5772
5707
5620
5696
5582
5554
5500
5475
5345
5231
5114
5157
5283
5174
5313
5313
5319
5240
5193
5207
5340
5338
5196
5180
5125
5100
5087
5145
5203
5214
5266
5260
5239
5294
5424
5423
5582
5634
5594
5573
5628
5588
5378
5266
5304
5281
5323
5339
5319
5263
5170
5205
5184
5185
5160
5158
5249
5263
5375
5421
5450
5406
5513
5454
5386
5358
5374
5251
5165
5097
5149
5071
5160
5018
5085
5121
5236
5264
5300
5315
5259
5310
5311
5473
5395
5350
5358
5427
5448
5463
5513
5481
5530
5631
5692
5688
5595
5568
5477
5451
5418
5507
5651
5592
5469
5496
5602
5632
5558
5659
5700
5720
5705
5745
5750
5772
5725
5760
5667
5567
5685
5719
5673
5839
6028
6121
5948
5919
5889
5825
5732
5701
5696
5654
5687
5668
5659
5604
5569
5705
5735
5674
5861
5949
5994
5889
5872
5869
6028
5931
5897
5825
5782
5772
5694
5779
5820
5824
5740
5694
5754
5713
5688
5802
5812
5979
5951
6050
6074
6106
6114
6131
6087
5981
5920
5939
6057
6080
6086
6193
6153
6289
6250
6208
6467
6418
6277
6313
6281
6318
6272
6285
6245
6241
6263
6220
6285
6301
6201
6228
6281
6336
6415
6288
6401
6407
6409
6398
6347
6403
6311
6240
6190
6140
6251
6241
6390
6339
6368
6296
6418
6377
6391
6339
6452
6546
6539
6421
6445
6327
6410
6430
6524
6620
6572
6497
6509
6530
6417
6273
6248
6252
6291
6239
6169
6219
6199
6100
6099
6091
5941
5939
5847
5890
5851
5915
5870
5808
5684
5815
5677
5548
5514
5499
5476
5579
5655
5643
5544
5510
5455
5620
5578
5613
5560
5500
5543
5584
5503
5425
5285
5206
5228
5330
5366
5334
5292
5337
5340
5230
5269
5361
5304
5222
5376
5368
5531
5533
5452
5482
5379
5297
5211
5287
5217
5190
5250
5194
5308
5311
5448
5362
5351
5310
5310
5328
5347
5426
5350
5301
5312
5333
5411
5487
5450
5364
5285
5260
5331
5358
5519
5439
5401
5432
5405
5319
5317
5340
5360
5421
5320
5269
5126
5178
5302
5376
5360
5415
5350
5370
5393
5315
5491
5463
5444
5330
5491
5583
5663
5550
5457
5378
5323
5312
5283
5303
5361
5433
5520
5521
5424
5420
5389
5494
5506
5525
5628
5589
5580
5436
5346
5318
5381
5519
5463
5476
5610
5578
5516
5536
5569
5434
5417
5361
5444
5365
5382
5398
5390
5386
5493
5408
5268
5292
5390
5323
5369
5314
5455
5580
5627
5657
5617
5698
5694
5773
5691
5653
5603
5563
5488
5529
5628
5561
5503
5434
5509
5533
5613
5502
5427
5292
5348
5379
5239
5142
5130
5072
5107
5068
5055
5111
5186
5184
5217
5286
5138
5295
5337
5356
5405
5409
5353
5300
5289
5287
5297
5251
5154
5199
5328
5329
5368
5285
5249
5207
5465
5462
5444
5495
5603
5605
5516
5560
5601
5680
5734
5586
5623
5650
5684
5697
5663
5644
5599
5605
5631
5670
5733
5855
5864
5858
5750
5846
5943
5849
5902
5950
6160
6160
6115
6123
6090
6029
6081
6071
6027
5994
5982
5936
5886
5849
5858
5869
5768
5832
5791
5637
5641
5584
5513
5536
5413
5361
5295
5333
5357
5347
5270
5255
5419
5506
5525
5429
5395
5472
5532
5612
5570
5528
5638
5532
5507
5385
5352
5374
5382
5377
5344
5361
5403
5402
5310
5413
5419
5321
5307
5258
5217
5224
5334
5316
5377
5248
5248
5183
5189
5259
5275
5282
5291
5309
5210
5109
5094
5117
5235
5187
5146
5154
5183
5132
5082
5083
5018
4845
4770
4826
4849
4910
4927
4918
4911
4913
5028
5009
5103
5105
5029
5120
5164
5263
5280
5291
5346
5384
5345
5363
5419
5383
5382
5235
5324
5209
5204
5195
5290
5325
5273
5185
5069
5076
5120
5186
5357
5351
5406
5483
5454
5498
5356
5435
5405
5357
5427
5429
5450
5463
5481
5424
5415
5378
5414
5400
5337
5230
5109
5055
5057
5074
4983
4893
4753
4818
4772
4814
4782
4771
4774
4717
4793
4795
4734
4683
4688
4631
4603
4655
4705
4716
4705
4713
4646
4735
4799
4737
4809
4704
4775
4622
4639
4619
4684
4693
4713
4667
4672
4688
4758
4665
4547
4570
4559
4611
4610
4625
4602
4610
4616
4527
4620
4582
4665
4658
4709
4720
4801
4735
4662
4726
4676
4652
4515
4575
4604
4629
4743
4750
4851
4851
4993
5115
5096
5118
5045
5101
5206
5382
5391
5379
5407
5469
5505
5552
5433
5418
5395
5371
5250
5285
5362
5345
5173
5105
5089
5055
5075
5076
5015
5109
5147
5260
5340
5443
5408
5403
5273
5249
5170
5089
5035
5008
4990
4911
4882
4927
4967
5034
5012
4915
4881
4856
4859
4890
4962
5001
5084
5105
5092
5054
5005
5047
5089
5070
4931
5024
4954
4985
5002
5089
4960
4992
5033
5067
5076
5028
5081
5078
5065
5055
5060
5121
5104
5256
5236
5248
5172
5195
5117
5045
5092
5190
5148
5074
5133
5088
5050
4998
4993
4922
4811
4940
4975
4999
4976
4931
4914
4947
5062
5020
4970
4948
4931
5034
5146
5117
5171
5248
5118
5112
5163
5236
5264
5239
5219
5290
5196
5079
5027
5132
5148
5158
5218
5118
5145
5185
5099
5092
5027
5155
5119
4998
4927
4791
4847
4930
5056
5095
5080
5135
5093
5067
5159
5188
5187
5284
5316
5233
5267
5227
5189
5233
5240
5181
5218
5152
5139
5214
5199
5209
5201
5191
5239
5214
5266
5184
5167
5313
5400
5508
5562
5475
5510
5515
5486
5580
5515
5559
5499
5534
5526
5473
5532
5444
5389
5437
5215
5188
5303
5293
5349
5359
5353
5395
5446
5384
5305
5227
5077
5096
5155
5035
5094
5132
5251
5293
5353
5493
5577
5551
5497
5445
5545
5687
5723
5816
5878
5838
5934
5971
5961
5927
5830
5818
5825
5776
5810
5764
5677
5784
5757
5755
5832
5904
5810
5836
5792
5883
5955
5979
5958
5838
5752
5841
5793
5777
5890
5888
5799
5619
5638
5629
5595
5574
5643
5625
5589
5653
5682
5738
5707
5742
5781
5761
5820
5838
5835
5746
5662
5660
5747
5678
5693
5635
5680
5721
5648
5699
5722
5725
5788
5585
5534
5656
5539
5605
5759
5631
5574
5511
5490
5414
5426
5481
5494
5519
5528
5499
5378
5391
5449
5412
5234
5328
5413
5611
5595
5496
5546
5571
5472
5463
5424
5370
5473
5419
5376
5454
5511
5530
5568
5653
5606
5477
5531
5530
5549
5609
5599
5700
5578
5741
5688
5716
5624
5697
5787
5901
5893
5822
5834
5796
5745
5813
5904
5829
5891
6010
5911
6009
6046
6129
5996
6042
5964
6013
6001
5980
5932
5930
5974
5840
5881
5793
5762
5734
5681
5710
5517
5484
5533
5555
5549
5441
5479
5435
5428
5404
5383
5403
5416
5478
5497
5451
5455
5458
5530
5493
5550
5443
5430
5377
5403
5530
5394
5380
5510
5616
5750
5739
5587
5451
5534
5581
5635
5639
5569
5466
5348
5366
5505
5536
5681
5603
5477
5433
5421
5312
5405
5530
5632
5592
5595
5634
5634
5599
5605
5692
5708
5621
5653
5628
5722
5700
5794
5848
5823
5764
5824
5754
5873
5910
5877
5941
5975
5911
5907
5951
6024
6152
6184
6297
6219
6127
6051
5949
5873
5941
5904
5983
6010
6073
6230
6284
6332
6293
6267
6302
6196
6148
6301
6248
6115
6133
6202
6176
6176
6152
6189
6068
6177
6267
6147
6148
6158
6130
6211
6203
6193
6290
6316
6286
6188
6197
6295
6338
6333
6457
6459
6258
6316
6247
6158
6204
6256
6414
6332
6203
6166
6331
6330
6358
6389
6525
6469
6398
6368
6278
6294
6274
6274
6177
6156
6038
6089
5974
6046
6029
6106
6128
6176
6125
6142
5994
5988
5951
5962
5963
5946
6054
6012
6046
5937
5755
5848
5709
5711
5702
5628
5638
5720
5670
5690
5631
5628
5702
5746
5636
5773
5810
5826
5778
5758
5643
5724
5695
5581
5494
5514
5604
5536
5416
5408
5438
5378
5331
5388
5360
5527
5533
5551
5598
5668
5707
5682
5614
5642
5620
5658
5655
5654
5564
5529
5617
5791
5649
5647
5634
5721
5672
5781
5914
5769
5769
5705
5829
5806
5833
5897
5982
5965
5972
5936
6041
6192
6303
6358
6517
6496
6503
6368
6163
6200
6156
6196
6122
6204
6156
6008
5967
5951
5928
5920
5934
5957
6130
6066
6047
6059
6086
6052
6098
6127
6178
6213
6288
6224
6255
6101
6058
5951
5871
6020
5989
5900
5921
5887
6008
5905
5923
5962
5800
5757
5848
5944
5853
5988
5894
5821
5917
5995
6103
6082
6045
5974
5958
6028
5943
5810
5855
5910
5901
5856
5879
5907
5993
5899
5889
5922
5925
6047
6063
6046
5935
5914
5993
6056
5974
5896
5964
5914
5916
5865
5978
5941
6029
6016
5990
5955
5843
5971
5843
5780
5826
5823
5786
5876
5864
5753
5648
5625
5640
5657
5631
5674
5733
5670
5791
5945
5911
5986
5888
6098
6088
6091
6024
6155
6134
6094
6048
6159
6286
6388
6407
6464
6479
6447
6490
6423
6465
6417
6393
6377
6393
6527
6465
6441
6323
6281
6235
6111
6189
6231
6269
6234
6270
6444
6556
6525
6502
6383
6433
6360
6419
6484
6549
6439
6565
6460
6488
6617
6501
6512
6568
6564
6599
6606
6461
6255
6161
6196
6316
6291
6097
6102
6153
6098
6066
5849
5800
5733
5882
5909
5770
5804
5859
5970
6022
6121
6068
5928
6054
5997
6023
6143
6059
6187
6142
6144
6116
6118
6020
5976
6000
5979
5859
5874
5871
5879
5890
5886
5901
5908
5908
5938
5930
5951
5895
5939
5884
5898
5733
5705
5715
5669
5661
5560
5526
5524
5601
5639
5630
5684
5691
5649
5765
5837
5896
5927
5859
5854
5935
6028
5940
6024
6047
6114
6010
6111
6027
5901
5865
5796
5686
5629
5633
5666
5655
5608
5667
5736
5744
5637
5569
5616
5708
5776
5846
5768
5768
5808
5793
5611
5644
5636
5687
5750
5848
5969
5883
5946
5926
5949
6017
5949
5950
5931
5884
5817
5756
5674
5589
5477
5499
5527
5428
5376
5541
5390
5510
5556
5664
5666
5474
5443
5349
5322
5470
5371
5317
5287
5228
5266
5129
5115
5116
4968
5019
4946
5024
5098
4956
4997
5089
5181
5121
5156
5227
5256
5291
5194
5248
5279
5108
5126
5214
5190
5174
5237
5356
5402
5251
5359
5412
5512
5352
5360
5390
5512
