505000
199765
142030
111240
92569
79070
69495
62232
56352
51754
47803
44395
41209
38840
36984
34792
32970
31486
30061
28894
27695
26570
25429
24760
23980
23467
22841
22335
21840
21197
20806
20438
19686
19356
19243
18778
18275
17850
17367
17016
16853
16827
16526
16146
15834
15412
15106
14905
14792
14609
14398
14086
13908
13560
13391
13176
12857
12533
12585
12624
12363
12214
12247
12083
11884
11735
11585
11517
11632
11458
11421
11425
11257
11073
11095
10983
10898
10927
10865
10907
10797
10783
10624
10626
10604
10416
10351
10232
10184
10251
10146
10192
10197
10108
9966
9796
9750
9711
9592
9706
9612
9486
9373
9346
9310
9266
9164
9051
9017
9039
8993
8919
8913
8958
9040
8902
8877
8825
8775
8794
8652
8675
8736
8781
8776
8604
8658
8753
8606
8806
8749
8518
8463
8523
8444
8472
8470
8381
8384
8560
8554
8487
8459
8488
8409
8305
8213
8200
8050
7997
7856
7862
7705
7772
7791
7735
7536
7493
7462
7397
7381
7369
7367
7282
7178
7229
7298
7271
7306
7381
7460
7360
7507
7603
7530
7612
7526
7360
7268
7237
7095
7108
6993
6967
6945
6893
6900
6934
6877
6746
6690
6573
6600
6507
6563
6733
6789
6800
6700
6761
6705
6591
6532
6448
6431
6515
6552
6515
6475
6497
6336
6385
6355
6367
6303
6185
6192
6114
6136
6070
6073
6011
6006
6066
5941
5996
6023
6167
6156
6083
6090
6085
6016
6062
6033
6042
5990
6116
6215
6227
6161
6079
6063
6071
6143
6241
6128
6144
6068
6072
6219
6200
6284
6343
6415
6405
6177
6326
6363
6412
6434
6447
6355
6399
6325
6286
6173
6218
6193
6287
6303
6348
6362
6412
6426
6485
6504
6514
6488
6517
6552
6491
6557
6440
6380
6287
6244
6208
6110
6052
6056
5970
5888
5847
5743
5705
5854
5979
5880
5897
5775
5672
5652
5652
5607
5591
5594
5560
5620
5656
5772
5740
5933
5864
5853
5953
5937
5754
5808
5847
5942
5963
5901
6062
6071
6028
6218
6233
6122
6046
6071
6087
6139
6013
5937
5967
5833
5661
5711
5813
5819
5813
5783
5814
5746
5725
5531
5363
5358
5367
5427
5316
5377
5433
5532
5531
5569
5609
5530
5617
5630
5542
5487
5430
5500
5476
5411
5493
5476
5497
5393
5460
5429
5541
5690
5591
5560
5325
5304
5232
5366
5244
5155
5284
5384
5418
5385
5496
5519
5475
5496
5524
5553
5438
5469
5348
5372
5357
5314
5415
5512
5516
5412
5417
5400
5324
5433
5353
5207
5318
5288
5224
5298
5193
5203
5237
5199
5376
5273
5225
5313
5286
5241
5271
5359
5438
5301
5336
5333
5392
5392
5442
5431
5459
5447
5370
5341
5320
5349
5330
5164
5199
5232
5217
5269
5209
5193
5291
5423
5390
5334
5217
5081
5048
5033
5109
5083
5026
5123
5071
5034
5126
5231
5167
5136
5055
5043
5124
5173
5221
5273
5326
5318
5283
5258
5336
5368
5329
5350
5270
5264
5137
5210
5282
5205
5235
5413
5365
5474
5505
5520
5571
5415
5239
5098
5180
5163
5190
5159
5059
5038
5076
5212
5128
5163
5136
5137
5083
5064
5023
5107
5059
5092
5083
5089
5027
4988
4927
4940
4979
4982
4989
4921
4982
5059
5064
5138
5082
5058
4973
4890
4959
4929
4947
4774
4727
4739
4678
4671
4572
4674
4704
4691
4775
4781
4840
4687
4613
4621
4676
4569
4609
4549
4592
4623
4619
4592
4539
4708
4651
4539
4622
4614
4641
4754
4839
4929
4882
4964
4894
4814
4845
4845
4775
4789
4810
4916
4891
4873
4878
4815
4749
4637
4602
4615
4667
4659
4810
4757
4742
4699
4630
4618
4733
4785
4864
4912
4952
4943
4945
4997
5003
5040
4971
4950
4981
5063
5104
5223
5142
5179
5207
5234
5187
5119
5108
5211
5358
5325
5365
5457
5581
5474
5597
5522
5525
5534
5483
5564
5520
5462
5383
5278
5376
5437
5553
5588
5621
5623
5690
5774
5863
5790
5811
5811
5874
5755
5820
5938
5870
5920
5934
5945
5890
5748
5640
5647
5652
5553
5689
5663
5579
5606
5602
5616
5689
5612
5606
5568
5507
5397
5338
5251
5427
5411
5462
5397
5414
5501
5560
5533
5555
5506
5409
5378
5249
5201
5143
5147
5258
5315
5331
5263
5175
5203
5154
5171
5230
5165
5138
5209
5214
5140
5129
5208
5176
5193
5235
5261
5272
5249
5193
5263
5334
5377
5343
5335
5345
5327
5352
5292
5414
5487
5527
5584
5507
5443
5478
5418
5537
5692
5694
5834
5758
5633
5612
5668
5838
5814
5819
5804
5823
5738
5838
5884
5914
5934
5884
5902
5898
5926
6018
6135
6081
6096
6018
6016
6059
6130
6194
6263
6204
6226
6116
6125
6108
6023
6030
5909
6037
5941
5976
6010
6004
5886
6012
5898
5837
5780
5721
5777
5739
5817
5718
5763
5652
5602
5680
5687
5813
5908
5798
5818
5864
5800
5892
5896
5965
6010
5870
5719
5686
5689
5699
5577
5512
5494
5428
5564
5549
5565
5564
5592
5624
5615
5585
5753
5605
5653
5618
5682
5647
5654
5648
5590
5621
5660
5613
5582
5604
5567
5599
5597
5633
5696
5743
5675
5609
5748
5598
5608
5570
5676
5886
5856
5821
5696
5724
5798
5719
5680
5636
5702
5722
5797
5782
5726
5744
5781
5821
5730
5768
5754
5871
5752
5937
5880
5914
5883
5953
5863
5828
5782
5758
5811
5698
5646
5657
5634
5508
5508
5488
5515
5608
5563
5483
5391
5430
5419
5541
5646
5726
5730
5767
5744
5720
5576
5645
5546
5507
5621
5531
5551
5461
5432
5407
5483
5471
5650
5629
5734
5814
5817
5791
5694
5693
5726
5680
5657
5737
5762
5693
5659
5493
5498
5591
5645
5632
5778
5759
5752
5822
5931
5869
5848
5770
5658
5548
5592
5597
5522
5531
5623
5609
5614
5752
5783
5824
5850
5811
5679
5553
5472
5579
5444
5348
5455
5479
5405
5374
5382
5415
5533
5449
5419
5507
5410
5375
5368
5368
5372
5294
5272
5252
5088
4987
4955
5045
5043
5078
5018
5085
5082
5029
5087
5016
4989
4970
4954
4925
4857
4911
4890
4859
4849
4846
4882
4882
4859
4758
4790
4787
4768
4788
4797
4666
4787
4818
4857
4913
4908
4955
4982
4880
4858
4873
4813
4775
4757
4794
4841
4870
4926
4904
4794
4787
4791
4848
4852
4794
4847
5008
5006
5058
5012
5092
5199
5257
5213
5111
5178
5115
5169
5201
5278
5193
5148
5239
5157
5097
5123
5185
5248
5217
5205
5154
5153
5085
5079
4943
5009
5081
5091
5078
5053
5090
5032
5100
5083
5063
5014
4901
5021
5026
5084
5178
5141
5275
5276
5195
5194
5124
4999
4985
4914
4900
4827
4816
4869
4948
5018
5065
5034
4985
4985
5118
5252
5236
5298
5263
5261
5322
5320
5280
5251
5247
5272
5279
5342
5540
5618
5555
5522
5556
5415
5436
5353
5327
5314
5299
5396
5478
5560
5589
5491
5494
5427
5377
5368
5411
5393
5380
5374
5304
5232
5341
5298
5270
5228
5208
5204
5175
5097
5137
5112
5154
5263
5305
5305
5322
5532
5534
5513
5501
5559
5538
5571
5677
5624
5436
5440
5321
5288
5379
5519
5489
5537
5368
5399
5461
5570
5599
5561
5621
5832
5938
5868
5789
5720
5803
5870
5782
5877
5820
5823
5802
5862
5858
5870
5801
5759
5790
5789
5931
5952
5879
5931
6012
6074
5934
5912
5755
5888
5948
5896
5983
6044
6120
6143
6003
5955
6032
6074
5992
6094
6051
6084
6207
6064
5987
6051
5932
5872
5805
5723
5723
5892
5961
5779
5642
5694
5544
5520
5601
5576
5651
5730
5629
5677
5602
5563
5562
5507
5485
5521
5521
5537
5619
5758
5763
5855
5870
5906
5936
5867
5941
5862
5918
5987
5946
5787
5925
5888
5817
5745
5740
5664
5690
5759
5566
5435
5370
5467
5396
5356
5387
5366
5455
5505
5442
5460
5613
5587
5569
5629
5498
5508
5669
5693
5687
5686
5742
5711
5629
5638
5750
5701
5710
5690
5765
5669
5610
5584
5572
5591
5653
5567
5444
5415
5388
5368
5470
5418
5493
5562
5557
5482
5473
5489
5489
5440
5372
5364
5428
5420
5346
5402
5307
5371
5420
5425
5489
5664
5710
5701
5644
5606
5641
5519
5437
5521
5507
5481
5585
5551
5490
5475
5444
5479
5372
5464
5558
5590
5628
5658
5522
5616
5553
5600
5595
5519
5456
5477
5388
5256
5246
5247
5224
5105
5121
5187
5322
5329
5337
5281
5291
5190
5236
5357
5415
5406
5317
5341
5418
5387
5324
5384
5281
5330
5295
5277
5223
5280
5339
5406
5458
5489
5548
5521
5711
5692
5511
5506
5513
5520
5537
5429
5335
5415
5500
5493
5469
5468
5423
5440
5535
5475
5565
5559
5614
5592
5670
5776
5843
5866
5912
5947
6014
6028
6130
6054
6046
6030
5978
5961
6011
6027
6009
5996
5883
5824
5748
5752
5670
5672
5724
5636
5617
5544
5556
5430
5374
5464
5448
5489
5426
5510
5587
5624
5689
5626
5720
5839
5720
5697
5645
5572
5663
5650
5648
5451
5487
5565
5607
5505
5442
5416
5414
5503
5444
5390
5440
5486
5558
5503
5666
5638
5546
5687
5558
5553
5662
5711
5662
5556
5525
5487
5481
5452
5297
5367
5350
5286
5286
5231
5187
5184
5194
5308
5380
5407
5520
5537
5527
5547
5541
5494
5649
5565
5526
5616
5465
5331
5407
5467
5529
5547
5706
5716
5521
5625
5706
5692
5650
5719
5666
5666
5513
5435
5364
5297
5231
5235
5314
5245
5256
5262
5272
5357
5400
5419
5453
5426
5308
5361
5290
5377
5463
5454
5310
5366
5379
5421
5331
5352
5241
5324
5264
5295
5302
5414
5409
5437
5399
5277
5334
5417
5443
5303
5267
5320
5281
5203
5219
5173
5163
5336
5252
5220
5257
5277
5245
5200
5329
5386
5230
5226
5269
5274
5314
5402
5457
5542
5532
5393
5355
5337
5402
5443
5335
5374
5266
5270
5340
5335
5363
5355
5425
5449
5440
5467
5460
5546
5475
5420
5466
5381
5413
5517
5577
5618
5758
5794
5784
5808
5793
5766
5827
5801
5724
5746
5806
5788
5772
5894
5899
5994
5962
5959
6079
6005
5943
5805
5847
5900
5955
5903
6054
5951
5977
6007
6051
5994
5951
5850
5830
5730
5711
5706
5631
5630
5786
5707
5687
5695
5528
5503
5494
5454
5571
5596
5482
5601
5661
5707
5778
5756
5865
5801
5760
5661
5540
5510
5524
5455
5425
5487
5500
5539
5582
5543
5543
5546
5442
5337
5410
5488
5357
5385
5502
5546
5355
5191
5238
5242
5253
5350
5350
5289
5346
5348
5394
5518
5450
5404
5342
5284
5246
5116
5053
4959
4923
4942
4893
4924
4830
4797
4730
4834
4925
4867
4670
4738
4826
4807
4855
4875
4944
4899
4926
4932
4954
4878
4798
4947
4883
4835
4860
4891
4917
4896
4872
4824
4759
4802
4795
4682
4684
4680
4618
4424
4447
4333
4401
4425
4381
4370
4454
4562
4541
4584
4579
4575
4586
4570
4565
4396
4439
4375
4311
4355
4229
4307
4220
4283
4248
4395
4357
4378
4531
4537
4555
4552
4634
4540
4475
4441
4500
4533
4605
4564
4562
4555
4542
4576
4544
4540
4596
4641
4632
4610
4611
4604
4611
4653
4554
4507
4584
4639
4633
4572
4556
4502
4525
4625
4727
4821
4810
4853
4827
4906
4889
4934
5069
5070
5107
4997
4990
4911
4803
4832
4892
4870
4934
4965
4891
4895
4966
5044
5072
5126
5057
5100
5160
5071
5039
5062
5128
5203
5092
5036
4970
4951
5019
5142
5142
5143
5116
5109
5116
5027
5005
4919
4879
4864
4821
4865
4742
4858
4978
4934
4896
4863
4977
4994
5049
5143
5194
5113
5132
5007
4962
4873
4806
4914
4885
4900
5088
5069
5152
5040
5133
5199
5252
5205
5203
5283
5393
5453
5417
5317
5350
5309
5311
5191
5157
5229
5083
5209
5184
5125
5253
5276
5200
5158
5129
5181
5196
5322
5409
5389
5322
5361
5337
5369
5437
5385
5399
5419
5453
5484
5364
5421
5475
5466
5508
5529
5457
5431
5337
5210
5211
5201
5254
5377
5272
5353
5372
5457
5500
5405
5446
5492
5456
5478
5470
5491
5550
5395
5328
5213
5235
5343
5355
5395
5351
5307
5292
5323
5327
5267
5280
5357
5383
5429
5444
5455
5470
5469
5506
5514
5464
5522
5369
5324
5466
5633
5592
5726
5705
5610
5644
5774
5795
5886
5836
5784
5778
5807
5980
5938
5931
5910
6033
6200
6156
6104
6060
6128
6028
5877
5810
5876
5974
5914
6014
5995
5981
6030
5904
5993
5908
5864
5886
5898
5939
5887
5847
5804
5892
5821
5728
5604
5572
5669
5739
5632
5561
5522
5656
5626
5590
5567
5432
5467
5601
5461
5545
5507
5463
5390
5348
5400
5453
5409
5442
5512
5500
5508
5482
5349
5431
5525
5596
5816
5764
5705
5698
5734
5664
5667
5687
5735
5629
5597
5560
5468
5559
5721
5770
5866
5882
5939
6004
6046
5969
5984
5914
5981
6014
6068
5937
5975
5970
5888
5839
5823
5770
5786
5778
5800
5807
5843
5659
5688
5698
5791
5637
5594
5552
5678
5698
5784
5744
5711
5667
5753
5852
5751
5722
5832
5809
5848
5837
5853
5850
5847
5763
5734
5733
5773
5835
5837
5767
5893
5828
5931
6022
6016
6043
6048
6058
6040
6075
6225
6200
6141
6175
6066
6179
6282
6305
6282
6302
6257
6171
6147
6196
6209
6236
6281
6409
6248
6240
6233
6197
6320
6374
6369
6329
6410
6381
6443
6458
6409
6469
6540
6603
6537
6553
6611
6676
6697
6768
6819
6773
6772
6664
6666
6661
6764
6628
6638
6763
6604
6525
6662
6738
6697
6748
6765
6628
6571
6531
6575
6709
6671
6640
6742
6657
6630
6581
6592
6695
6808
6782
6700
6630
6656
6641
6651
6555
6486
6431
6391
6372
6416
6477
6300
6251
6229
6234
6219
6269
6136
6062
6075
6045
5933
5846
5903
5947
5991
6063
6225
6302
6326
6367
6410
6433
6452
6448
6468
6499
6410
6267
6321
6370
6266
6326
6333
6318
6396
6559
6605
6701
6789
6717
6673
6584
6527
6488
6574
6588
6419
6420
6447
6442
6391
6435
6505
6530
6492
6334
6426
6342
6156
6325
6203
6244
6110
6176
6144
6120
6145
6173
6204
6155
6080
6048
6117
6163
6162
5970
5975
5757
5801
5686
5649
5659
5619
5558
5566
5480
5534
5563
5548
5548
5586
5729
5807
5887
5895
5856
5860
5780
5741
5926
6064
6086
6067
6196
6264
6432
6302
6395
6374
6470
6460
6433
6466
6600
6520
6503
6629
6584
6618
6702
6626
6707
6815
6759
6739
6813
6689
6889
6848
6810
6895
6856
7015
7049
6881
6797
6732
6772
6737
6683
6680
6617
6564
6424
6436
6333
6466
6339
6394
6325
6338
6354
6273
6338
6337
6320
6320
6237
6219
6226
6245
6150
6101
6049
6056
6174
6250
6136
6148
6041
6119
6093
6047
5969
6012
5934
5887
5852
5831
5871
5898
6010
5930
6079
6128
6261
6128
6202
6165
6137
6128
6109
6182
6074
6020
6069
5993
5906
5923
5928
6001
6074
6032
5985
5995
5991
5926
5870
5865
5898
5876
5780
5706
5594
5466
5477
5430
5392
5473
5572
5645
5728
5773
5833
5766
5760
5705
5672
5735
5790
5757
5783
5863
5916
6029
6029
6138
6023
6097
5972
5931
5975
5865
5801
5864
5969
6137
6188
6092
6027
6204
6284
6153
6251
6265
6322
6373
6298
6300
6381
6319
6249
6081
5921
5981
6132
6116
6235
6167
6234
6306
6325
6257
6253
6271
6443
6560
6627
6673
6758
6581
6598
6696
6713
6804
6908
6887
6790
6901
6816
6772
6872
7019
7044
6958
6945
6927
6962
6984
6966
6891
7016
6944
6915
7093
7075
7118
7123
7121
7053
6998
7013
6969
6865
6856
6838
6868
6891
6839
6770
6712
6744
6516
6491
6432
6464
6277
6277
6336
6388
6470
6473
6500
6555
6668
6642
6525
6361
6405
6288
6266
6303
6391
6386
6396
6441
6270
6279
6214
6205
6332
6225
6117
6127
6018
5947
5903
5833
5867
5779
5761
5777
5733
5864
5795
5750
5767
5981
5989
5976
5927
5979
6097
5980
5859
5812
5849
5847
5741
5922
5980
5930
5992
5992
6105
6180
6115
6131
6169
6135
6095
6140
6212
6267
6354
6417
6424
6277
6376
6364
6238
6341
6304
6290
6241
6148
6114
6122
6084
6182
6057
6156
6189
6234
6258
6337
6176
6265
6224
6288
6300
6248
6362
6306
6386
6353
6463
6390
6383
6381
6453
6460
6350
6290
6227
6131
6180
6076
6086
6162
6245
6207
6339
6291
6101
6077
6013
5931
5826
5805
5755
5715
5701
5739
5816
5772
5765
5743
5667
5715
5836
5768
5736
5781
5652
5593
5568
5629
5659
5665
5553
5486
5437
5517
5600
5628
5626
5573
5559
5697
5722
5748
5778
5685
5720
5793
5775
5788
5732
5600
5684
5590
5515
5440
5566
5497
5371
5466
5660
5444
5457
5473
5548
5499
5422
5362
5270
5312
5284
5357
5232
5301
5215
5353
5281
5141
5223
5073
5052
5053
5135
5217
5172
5085
5011
5098
5180
5227
5205
5254
5253
5312
5182
5062
5121
5165
5058
5072
5072
5058
5101
5077
5021
5034
4973
4982
4987
5050
5195
5332
5313
5355
5361
5356
5377
5228
5141
5188
5243
5418
5491
5556
5467
5607
5595
5555
5547
5552
5581
5625
5596
5758
5666
5750
5872
5861
5829
5798
5787
5816
5821
5755
5679
5830
5850
5899
5923
5861
5742
5821
5873
5891
5928
5887
5918
5889
5895
5857
5887
5971
6027
6046
6145
6220
6245
6131
6220
6280
6335
6408
6312
6389
6512
6474
6585
6544
6544
6456
6512
6401
6375
6288
6417
6356
6368
6274
6297
6274
6398
6550
6462
6508
6447
6470
6328
6256
6255
6229
6297
6057
6043
6050
6049
5999
6003
5925
6018
6106
6176
6296
6411
6432
6575
6611
6508
6570
6655
6581
6446
6375
6298
6348
6330
6359
6381
6463
6360
6467
6565
6666
6602
6681
6615
6645
6567
6759
6746
6738
6742
6656
6547
6543
6516
6497
6499
6450
6326
6272
6377
6464
6598
6515
6574
6614
6667
6573
6648
6581
6697
6700
6614
6594
6604
6614
6643
6704
6712
6620
6752
6688
6666
6605
6521
6476
6632
6671
6700
6636
6669
6549
6608
6739
6752
6670
6615
6567
6598
6652
6532
6493
6511
6478
6244
6157
6143
6237
6409
6388
6423
6518
6504
6521
6641
6719
6869
6980
7067
7111
7089
7167
7193
7170
7100
7092
7128
7098
7049
6919
6911
6891
6768
6833
6754
6696
6844
6724
6665
6575
6562
6466
6511
6547
6572
6404
6367
6501
6416
6325
6330
6395
6437
6429
6502
6677
6598
6623
6441
6483
6479
6295
6280
6344
6487
6574
6644
6642
6580
6615
6598
6563
6556
6568
6624
6635
6666
6686
6827
6857
6951
6875
6980
6854
6928
6800
6738
6750
6704
6794
6670
6615
6494
6466
6488
6464
6371
6447
6331
6427
6537
6449
6469
6594
6727
6732
6732
6726
6768
6704
6627
6576
6690
6655
6635
6687
6710
6842
6673
6620
6573
6568
6555
6604
6586
6625
6638
6550
6558
6523
6460
6401
6480
6508
6488
6526
6460
6364
6348
6286
6216
6197
6178
6307
6356
6430
6470
6469
6362
6320
6413
6394
6425
6272
6263
6339
6414
6403
6558
6552
6524
6466
6456
6616
6614
6523
6657
6665
6685
6687
6595
6650
6623
6683
6772
6820
6675
6807
6771
6826
6752
6751
6734
6778
6853
6884
6824
6696
6542
6477
6373
6417
6346
6393
6240
6272
6280
6252
6205
6150
6147
6135
6113
6058
5936
5930
5807
5781
5801
5931
5847
6016
6028
6046
5998
6065
6140
6141
6132
6125
6159
6115
6209
6210
6265
6343
6380
6407
6336
6350
6419
6355
6267
6339
6422
6443
6450
6409
6403
6344
6371
6465
6419
6413
6490
6474
6567
6516
6472
6459
6551
6478
6425
6388
6532
6507
6570
6487
6464
6446
6473
6474
6518
6518
6547
6353
6369
6382
6395
6310
6284
6228
6212
6109
6063
6070
5994
6119
6143
6137
6169
6198
6279
6227
6209
6150
6089
6067
6161
6246
6212
6241
6252
6138
6279
6315
6339
6426
6475
6578
6607
6645
6607
6456
6374
6414
6373
6433
6394
6303
6143
6151
6154
6200
6316
6309
6161
5983
5907
5678
5597
5531
5473
5577
5580
5678
5628
5573
5654
5604
5619
5702
5643
5674
5763
5732
5754
5663
5614
5720
5591
5524
5429
5422
5396
5386
5421
5506
5519
5534
5552
5534
5572
5590
5574
5612
5667
5786
5749
5792
5906
6010
6018
6181
6261
6225
6284
6340
6284
6338
6461
6509
6583
6597
6543
6601
6518
6446
6331
6311
6270
6176
6311
6292
6288
6153
6107
6058
6060
6103
6180
6164
6100
6130
6070
5842
5800
5783
5888
5904
5727
5672
5725
5692
5656
5712
5787
5672
5627
5614
5614
5660
5606
5660
5510
5497
5448
5426
5306
5286
5310
5340
5399
5382
5376
5384
5438
5465
5478
5496
5465
5391
5498
5404
5463
5413
5408
5369
5402
5328
5471
5454
5540
5524
5579
5600
5569
5497
5459
5605
5586
5547
5616
5549
5577
5592
5530
5465
5460
5498
5494
5397
5429
5334
5361
5377
5491
5587
5575
5539
5434
5350
5408
5354
5362
5368
5386
5369
5542
5506
5532
5512
5541
5421
5473
5459
5408
5417
5546
5558
5608
5652
5621
5640
5870
5843
5788
5648
5648
5707
5706
5821
5772
5800
5817
5800
5755
5800
5891
5791
5807
5830
5800
5774
5807
5709
5686
5513
5364
5331
5278
5313
5266
5376
5257
5216
5365
5255
5338
5347
5368
5377
5335
5356
5395
5336
5454
5392
5464
5498
5499
5428
5605
5570
5707
5730
5749
5713
5627
5667
5590
5562
5506
5461
5502
5578
5617
5614
5653
5577
5645
5601
5609
5630
5616
5685
5771
5550
5581
5579
5558
5456
5471
5444
5433
5412
5486
5601
5626
5534
5575
5610
5536
5532
5536
5593
5646
5648
5760
5692
5740
5815
5834
5889
5896
5878
5780
5627
5592
5655
5772
5638
5653
5643
5695
5800
5794
5870
5892
5854
5886
5796
5741
5817
5629
5437
5466
5487
5447
5384
5418
5429
5328
5366
5450
5461
5373
5263
5201
5190
5250
5357
5328
5422
5431
5288
5302
5516
5631
5606
5564
5485
5459
5448
5333
5392
5289
5268
5325
5191
5171
5182
5329
5357
5299
5251
5290
5403
5516
5554
5569
5547
5578
5698
5834
5737
5913
5846
5827
5830
5827
5864
5906
5723
5751
5570
5502
5521
5547
5447
5422
5475
5563
5566
5459
5524
5598
5611
5669
5850
5798
5818
5898
5861
5877
5971
5992
5895
5924
5814
5839
5752
5800
5717
5679
5762
5760
5753
5785
5844
5865
5741
5799
5867
6009
6044
6130
6082
6191
6344
6249
6223
6200
6112
6165
6297
6275
6301
6256
6307
6226
6293
6214
6237
6143
6061
6043
6167
6260
6253
6164
6181
6154
6229
6156
6206
6112
6002
5859
5846
5931
6004
6048
6135
6117
5977
5901
5883
5976
5797
5774
5776
5846
5989
5909
5954
5861
5874
5961
6046
6083
6152
6238
6106
6089
6056
5968
5999
5957
5892
5811
5750
5791
5806
5815
5872
5916
5903
5965
5880
5767
5808
5762
5901
5858
5895
5784
5651
5577
5502
5626
5598
5641
5596
5637
5718
5655
5514
5395
5418
5441
5384
5347
5234
5268
5251
5214
5209
5219
5101
5074
5045
5069
4985
4949
4964
4805
4807
4816
4746
4765
4791
4910
4990
5026
5066
5020
5123
5190
5226
5286
5360
5356
5398
5270
5392
5366
5281
5264
5264
5275
5301
5379
5372
5384
5307
5416
5361
5491
5589
5485
5638
5517
5380
5377
5455
5461
5543
5684
5669
5643
5685
5701
5761
5744
5729
5682
5736
5714
5766
5802
5715
5829
5896
5767
5777
5823
5944
6052
5957
5907
5858
5897
5869
5807
5824
5797
5861
5768
5714
5730
5679
5572
5595
5519
5456
5461
5498
5440
5448
5481
5567
5642
5738
5744
5849
5821
5970
5982
5970
6134
6197
6223
6218
6314
6159
6208
6143
6076
6060
6077
6045
6138
6156
6129
6128
6093
6149
6127
6022
6116
6265
6492
6383
6199
6180
6226
6266
6182
6157
6061
5964
5973
5903
5976
5810
5883
5951
5982
6066
5938
5916
5837
5912
5986
5860
5872
5745
5876
5807
5911
5917
5878
5804
5767
5693
5741
5767
5673
5802
5830
5895
5878
5878
5908
6027
6044
6058
5975
6087
6145
6037
5886
5740
5774
5916
6012
5939
5972
6012
6076
6111
6044
6129
6173
6125
6166
6152
6213
6129
6185
6177
6269
6261
6472
6534
6625
6565
6655
6687
6795
6784
6828
6792
6722
6671
6488
6652
6596
6645
6618
6552
6663
6559
6586
6742
6851
6692
6810
6723
6598
6563
6632
6527
6548
6650
6610
6600
6704
6684
6761
6767
6871
6774
6814
6757
6763
6692
6639
6611
6715
6589
6536
6411
6371
6327
6246
6433
6428
6364
6364
6371
6358
6349
6258
6150
6013
6013
6056
6194
6237
6215
6218
6107
6094
6086
6112
6112
6149
6149
6173
6144
6156
6295
6219
6167
6330
6192
6240
6190
6206
6147
6103
6048
6197
6132
6135
6193
6153
6192
6086
6096
6154
6052
6077
6067
6052
6121
6032
6045
6301
6321
6461
6433
6294
6388
6350
6551
6329
6300
6399
6380
6452
6500
6544
6492
6369
6386
6258
6167
6113
6031
6137
6095
6047
6064
6021
6085
6234
6331
6369
6407
6255
6211
6217
6094
6155
6175
6142
6125
6063
5898
5862
5967
6007
6126
6082
6111
6218
6315
6303
6346
6399
6213
6313
6218
6193
6210
6205
6314
6190
6303
6324
6334
6292
6285
6381
6448
6505
6520
6547
6508
6573
6617
6621
6563
6564
6485
6340
6362
6504
6501
6540
6486
6332
6405
6402
6459
6459
6465
6356
6389
6356
6367
6403
6384
6346
6384
6414
6386
6392
6360
6288
6375
6368
6437
6433
6285
6370
6439
6551
6613
6679
6752
6735
6646
6532
6470
6491
6444
6317
6178
6033
6129
6146
6206
6105
6160
6133
6105
6048
5964
5989
5892
5883
5814
5905
5981
6103
6169
6323
6264
6273
6242
6115
6082
6150
6103
6103
6136
6095
6081
6155
6140
6132
6134
6063
6166
6366
6334
6429
6554
6674
6571
6608
6603
6536
6514
6412
6311
6227
6211
6201
6175
6199
6173
6080
6118
6258
6293
6263
6243
6214
6221
6350
6336
6355
6283
6255
6149
6096
6103
6108
6050
6096
6046
6006
6146
6103
6034
5887
5862
5880
5939
5983
6134
6252
6238
6177
6112
6105
6095
5957
6005
5999
5963
5921
5899
5839
5801
5665
5579
5537
5540
5473
5522
5534
5599
5484
5558
5603
5480
5409
5466
5435
5299
5232
5208
5287
5313
5257
5332
5358
5387
5321
5307
5276
5373
5358
5399
5394
5305
5294
5413
5400
5373
5461
5456
5518
5487
5534
5521
5612
5667
5732
5634
5598
5595
5594
5555
5578
5670
5697
5701
5799
5708
5720
5621
5687
5733
5712
5761
5778
5756
5781
5777
5809
5778
5652
5490
5498
5595
5531
5566
5561
5498
5471
5448
5548
5478
5507
5570
5504
5470
5321
5380
5461
5306
5315
5324
5309
5352
5474
5507
5530
5502
5573
5637
5623
5696
5695
5671
5704
5773
5744
5675
5682
5806
5717
5635
5706
5700
5763
5715
5627
5624
5639
5759
5571
5658
5567
5503
5498
5552
5606
5642
5483
5580
5589
5596
5662
5644
5686
5566
5548
5583
5444
5552
5590
5547
5554
5614
5599
5772
5702
5609
5511
5429
5370
5323
5286
5305
5331
5305
5342
5212
5266
5239
5195
5129
5141
5078
5105
5075
5031
5114
5023
4929
4926
4937
4924
4887
4784
4727
4696
4791
4743
4664
4637
4692
4620
4680
4596
4590
4585
4580
4654
4610
4661
4662
4637
4663
4766
4732
4778
4697
4740
4753
4688
4679
4790
4767
4628
4682
4688
4697
4649
4733
4787
4901
4871
4842
4838
4937
4915
4870
4770
4741
4734
4671
4562
4667
4765
4786
4831
4786
4791
4744
4789
4910
4940
4981
4826
4814
4801
4804
4840
4833
4688
4649
4596
4616
4611
4676
4488
4481
4410
4436
4489
4619
4630
4685
4661
4666
4803
4745
4863
4774
4839
4767
4800
4769
4778
4804
4695
4733
4683
4663
4624
4639
4663
4726
4704
4808
4795
4851
4794
4824
4806
4857
4742
4663
4643
4608
4826
4788
4704
4709
4717
4732
4777
4702
4628
4669
4779
4745
4820
4576
4518
4513
4544
4475
4522
4419
4468
4500
4551
4580
4589
4518
4469
4378
4306
4329
4368
4276
4325
4311
4379
4377
4380
4432
4382
4346
4424
4356
4369
4420
4409
4535
4525
4580
4624
4646
4659
4603
4696
4691
4721
4655
4556
4414
4311
4222
4281
4224
4190
4164
4164
4119
4146
4245
4193
4217
4159
4219
4229
4258
4312
4345
4440
4450
4468
4420
4485
4498
4468
4544
4557
4421
4465
4474
4449
4438
4424
4422
4496
4588
4462
4417
4378
4403
4375
4326
4254
4315
4327
4363
4282
4269
4173
4147
4150
4256
4210
4169
4278
4158
4199
4224
4268
4302
4334
4373
4290
4347
4314
4329
4372
4467
4478
4551
4564
4575
4614
4713
4715
4697
4633
4752
4776
4753
4797
4731
4868
4923
4860
5001
5051
5004
5080
5199
5160
5014
5024
4985
5028
5222
5320
5339
5266
5150
5177
5154
5116
5207
5210
5212
5340
5440
5504
5480
5403
5510
5448
5450
5456
5486
5406
5408
5412
5487
5397
5391
5388
5358
5396
5445
5449
5507
5489
5550
5588
5658
5697
5707
5646
5689
5810
5820
5732
5696
5526
5612
5634
5758
5792
5733
5707
5516
5598
5665
5692
5676
5826
5841
5807
5699
5740
5707
5599
5661
5536
5457
5331
5261
5236
5193
5283
5379
5473
5391
5367
5380
5445
5479
5377
5337
5313
5321
5338
5337
5345
5286
5289
5403
5613
5677
5635
5602
5730
5637
5582
5521
5470
5441
5490
5444
5383
5241
5248
5279
5219
5240
5374
5289
5212
5200
5298
5328
5265
5374
5335
5311
5361
5394
5397
5496
5403
5401
5413
5452
5454
5452
5385
5486
5427
5261
5353
5321
5165
5140
5167
5237
5267
5230
5182
5203
5203
5281
5332
5328
5379
5326
5225
5041
5074
5012
5074
5048
5015
5035
5087
5018
5145
5231
5130
5069
5187
5308
5192
5222
5342
5266
5250
5339
5361
5319
5228
5319
5250
5210
5321
5302
5383
5504
5512
5555
5642
5692
5662
5501
5441
5486
5597
5615
5643
5628
5601
5575
5581
5550
5590
5583
5601
5632
5543
5625
5644
5579
5566
5542
5417
5498
5437
5465
5423
5377
5283
5258
5138
5198
5144
5123
5157
5219
5304
5313
5356
5305
5365
5336
5165
5146
5170
5171
5185
5169
5118
5000
5049
5112
5062
5003
4888
4908
4876
4970
4960
4947
4881
4874
4934
4905
4994
