505000
199797
141463
111631
92307
79371
69436
62335
55997
50816
46829
43305
40565
38024
36114
34038
32253
30726
29390
27974
26756
25977
24975
24185
23311
22868
21979
21458
20552
19964
19293
18792
18433
18279
17813
17599
17278
16882
16797
16519
16394
16027
15859
15728
15605
15285
15020
14903
14813
14861
14333
14231
13964
13719
13396
13201
13137
13028
12875
12729
12730
12700
12604
12535
12516
12449
12130
12029
11857
11574
11575
11474
11130
11071
10924
10830
10714
10444
10537
10504
10281
10222
10253
10222
10143
10229
10095
9926
9976
9849
9707
9588
9444
9371
9293
9141
9069
9098
8852
8825
8846
8613
8522
8375
8448
8396
8342
8394
8304
8242
8323
8377
8134
8091
8129
8127
8079
7984
7895
7692
7580
7599
7548
7498
7370
7348
7291
7330
7463
7486
7548
7445
7458
7397
7365
7399
7489
7356
7397
7377
7221
7171
7233
7292
7275
7294
7309
7221
7313
7178
7189
7147
7262
7366
7262
7397
7462
7478
7481
7312
7442
7602
7568
7587
7687
7531
7405
7516
7484
7593
7588
7555
7517
7632
7602
7606
7473
7688
7672
7520
7538
7536
7478
7544
7528
7491
7477
7415
7230
7130
7188
7215
7117
7075
7111
7098
7070
7053
7173
7212
7208
7230
7039
7094
7029
7054
6911
6889
6815
6893
6802
6816
6879
6997
6942
6883
6830
6747
6732
6736
6733
6724
6735
6876
6940
6892
6858
6928
6913
6750
6782
6753
6810
6829
6780
6777
6590
6546
6543
6514
6603
6618
6596
6806
6799
6773
6681
6859
6904
6862
6859
6898
6877
6711
6657
6591
6599
6536
6505
6482
6427
6468
6518
6453
6582
6498
6410
6291
6329
6246
6207
6159
6125
6096
6032
6067
5992
5997
5911
5782
5736
5687
5700
5769
5714
5816
5752
5859
5871
5792
5784
5676
5622
5646
5624
5754
5743
5828
5874
5889
5767
5765
5716
5517
5465
5374
5385
5561
5583
5592
5595
5608
5580
5530
5480
5452
5408
5449
5352
5316
5266
5182
5111
5091
5033
4943
4844
4845
4832
4799
4801
4838
4860
4848
4895
4967
4866
5044
5045
5030
5010
5102
5156
5197
5146
5297
5401
5366
5328
5207
5215
5320
5251
5345
5214
5244
5275
5343
5385
5423
5500
5560
5605
5887
6050
6099
6061
5986
5901
5815
5814
5730
5876
5966
6095
6179
6199
6067
5938
5996
6033
6116
6212
6254
6253
6255
6351
6235
6280
6247
6215
6304
6331
6427
6411
6397
6340
6250
6250
6213
6265
6298
6404
6354
6325
6289
6387
6183
6380
6316
6289
6313
6296
6317
6144
6296
6356
6231
6273
6391
6312
6342
6401
6363
6239
6218
6201
6167
6131
6266
6269
6224
6142
6140
6117
6134
6144
6266
6441
6459
6447
6538
6647
6754
6669
6757
6783
6730
6756
6973
6846
6774
6733
6758
6741
6735
6785
6844
6801
6733
6721
6773
6607
6643
6509
6530
6485
6335
6385
6348
6334
6354
6458
6418
6532
6471
6427
6372
6480
6713
6773
6686
6545
6668
6660
6574
6546
6634
6600
6659
6669
6691
6718
6698
6635
6698
6807
6698
6437
6495
6631
6677
6692
6718
6735
6677
6643
6638
6462
6362
6348
6577
6406
6439
6357
6371
6366
6367
6251
6339
6343
6293
6323
6323
6288
6266
6283
6232
6324
6351
6232
6190
6181
6194
6291
6180
6198
6234
6311
6376
6317
6273
6287
6289
6179
6242
6348
6375
6276
6258
6201
6225
6295
6378
6263
6392
6398
6352
6227
6160
6132
6297
6356
6307
6418
6277
6400
6471
6510
6520
6563
6485
6432
6421
6322
6358
6356
6237
6162
6076
6079
5925
5982
5953
6023
6095
6118
6248
6276
6346
6376
6286
6324
6375
6489
6479
6463
6482
6541
6400
6420
6464
6490
6696
6721
6509
6406
6340
6371
6455
6411
6331
6308
6327
6409
6291
6245
6221
6132
6106
6166
5960
5993
6030
6089
6005
5965
6014
6059
5934
5960
5981
5942
5873
5967
5940
6000
6027
5948
5953
5986
5970
5936
5955
5889
6055
5968
5998
5867
5694
5830
5838
5897
5841
5839
5911
5896
5928
6016
5984
6125
6146
6219
6070
5983
5878
5759
5811
5996
5930
5961
5956
5979
6118
6051
6056
6090
6054
6119
6158
6119
6273
6336
6284
6368
6432
6518
6536
6405
6355
6314
6380
6341
6441
6372
6378
6429
6428
6570
6657
6677
6682
6672
6608
6636
6724
6605
6549
6707
6643
6572
6523
6688
6669
6791
6753
6722
6819
6908
6961
6913
6792
6697
6665
6718
6800
6841
6820
6667
6645
6524
6464
6499
6472
6542
6443
6593
6543
6358
6373
6380
6382
6209
6234
6252
6209
6251
6352
6337
6178
6027
6060
6028
6220
6300
6379
6218
6181
6163
6111
6015
5995
6071
6042
5998
5952
5957
5970
6118
6144
6334
6312
6282
6227
6135
6077
5952
5880
5909
5903
5993
5999
5938
5952
6029
5999
5972
5925
6013
5826
5850
5828
5859
5816
5927
5877
5835
5999
6020
5987
5861
5787
5783
5714
5690
5755
5756
5832
5867
5961
5975
5849
5800
5885
5814
5807
5793
5772
5795
5749
5825
5900
5728
5694
5647
5682
5735
5853
5839
5882
5909
5926
6015
6083
6026
6072
6090
5947
5960
6031
5991
5964
6002
5999
5910
5880
5837
5810
5793
5770
5740
5761
5889
5830
5663
5576
5624
5702
5719
5595
5572
5552
5606
5520
5366
5335
5375
5248
5164
5260
5256
5194
5154
5120
5203
5190
5034
4939
4988
4953
4838
4700
4698
4735
4795
4831
4901
4862
4889
4795
4761
4820
4904
4881
4846
4916
4806
4877
4834
4923
4939
4965
5015
4908
4913
4986
4972
5079
5069
5107
5042
5005
5019
5155
5147
5144
5073
5074
5151
5170
5284
5324
5385
5440
5325
5216
5368
5239
5313
5261
5204
5109
5084
5056
5247
5226
5127
5125
5084
5075
5037
5105
5109
5057
5028
5022
5056
5128
5119
5137
5131
5152
5139
5138
5192
5226
5279
5326
5410
5457
5333
5378
5479
5421
5424
5447
5374
5406
5521
5549
5641
5657
5598
5544
5526
5523
5583
5565
5711
5609
5643
5637
5573
5704
5596
5461
5565
5513
5604
5566
5392
5492
5425
5364
5485
5552
5587
5546
5574
5618
5613
5577
5465
5472
5450
5437
5355
5256
5184
5319
5438
5446
5444
5510
5469
5403
5333
5385
5325
5293
5343
5258
5263
5269
5229
5457
5551
5578
5536
5485
5499
5474
5374
5382
5389
5350
5353
5363
5354
5277
5233
5197
5230
5242
5172
5049
5042
5194
5216
5183
5182
5150
5175
5146
5016
4920
4979
4951
4924
4914
4890
4970
4914
5015
5020
4988
4998
5004
5137
5170
5166
5152
5159
5364
5425
5387
5318
5384
5381
5380
5381
5393
5466
5452
5434
5462
5527
5690
5831
5920
5982
6046
6013
6019
5999
5983
5925
5836
6021
6102
6157
6201
6257
6234
6027
6053
6136
6167
6345
6302
6212
6135
6105
6267
6305
6318
6328
6239
6364
6406
6340
6311
6294
6227
6163
6118
6184
6148
6099
6093
6133
6028
5957
5988
5950
5965
5904
5983
6032
6039
6083
5943
5936
6064
6181
6198
5948
6016
5939
5929
5951
5873
5873
5871
5709
5780
5816
5700
5595
5559
5583
5591
5606
5679
5675
5546
5504
5525
5523
5541
5420
5361
5501
5488
5501
5536
5426
5493
5388
5459
5479
5482
5466
5397
5379
5430
5376
5474
5515
5537
5683
5780
5880
5860
5835
5887
5767
5801
5753
5811
5877
5903
5937
5968
5934
5978
6137
6046
6127
6007
5757
5755
5718
5718
5623
5484
5405
5347
5350
5381
5416
5429
5426
5335
5390
5394
5370
5380
5279
5308
5287
5370
5359
5435
5456
5510
5464
5439
5533
5598
5617
5736
5768
5767
5874
5887
6037
5953
5765
5748
5761
5827
5855
5896
5806
5773
5812
5818
5798
5745
5795
5843
5809
5825
5883
5869
5873
5787
5857
5871
5852
5759
5722
5723
5793
5662
5734
5777
5778
5744
5744
5806
5751
5800
5734
5621
5527
5567
5591
5612
5649
5783
5802
5815
5850
5767
5849
5777
5697
5686
5675
5704
5605
5611
5633
5612
5590
5485
5539
5382
5385
5437
5334
5262
5234
5287
5150
5055
5038
4982
4955
4868
4947
4991
4967
5037
5036
4999
5067
4887
4914
4873
4802
4721
4749
4775
4792
4770
4753
4735
4780
4716
4592
4593
4539
4614
4615
4578
4610
4748
4797
4706
4688
4835
4809
4815
4937
4979
5004
5006
4892
4931
4821
4930
4885
5069
5132
5238
5213
5160
5011
5000
5023
5018
5018
4985
4911
4878
4920
4952
4879
5002
5062
5165
5289
5279
5208
5196
5158
5331
5386
5308
5286
5231
5348
5304
5297
5300
5269
5137
5218
5171
5153
5171
5278
5229
5260
5309
5301
5236
5231
5215
5218
5235
5213
5350
5438
5336
5302
5244
5042
5103
5101
5053
5137
5145
5173
5113
5179
5140
5275
5248
5366
5391
5384
5389
5475
5552
5491
5530
5547
5630
5568
5571
5564
5444
5487
5426
5450
5409
5385
5336
5371
5475
5589
5572
5593
5465
5333
5359
5291
5323
5399
5408
5458
5412
5388
5490
5496
5574
5639
5693
5652
5750
5778
5712
5709
5740
5783
5753
5756
5683
5702
5773
5776
5759
5629
5634
5655
5676
5622
5657
5690
5676
5694
5800
5820
5779
5930
6055
5900
5853
5971
5990
6023
6149
6226
6071
6191
6177
6131
6162
6062
6114
6108
6235
6263
6387
6406
6294
6266
6298
6077
6065
6025
6006
5959
5938
5930
5823
5809
5806
5691
5687
5731
5584
5657
5720
5681
5766
5797
5779
5712
5779
5718
5597
5672
5682
5688
5722
5631
5648
5591
5573
5420
5455
5576
5702
5626
5821
5793
5948
5989
5897
5801
5788
5696
5635
5487
5531
5411
5315
5352
5291
5298
5303
5361
5331
5167
5167
5039
5020
4930
4853
4791
4831
4904
4822
4949
4927
4974
4883
4845
4932
4923
4945
4923
4944
4940
4866
4861
4817
4927
4981
5080
5155
5091
5134
5234
5270
5308
5399
5290
5363
5210
5147
5183
5194
5207
5355
5383
5308
5408
5435
5497
5497
5601
5695
5689
5870
5889
5839
5923
5786
5664
5682
5596
5647
5661
5700
5729
5681
5768
5783
5776
5862
6001
6047
5872
5807
5776
5674
5615
5578
5706
5621
5649
5621
5734
5644
5575
5487
5473
5374
5341
5355
5375
5499
5583
5663
5634
5521
5641
5616
5694
5741
5636
5673
5787
5749
5710
5744
5801
5833
5892
5708
5783
5647
5538
5665
5797
5893
5855
5861
5855
5809
5880
5926
6006
5930
6100
6139
5984
6057
6145
6122
6043
6183
6241
6168
6169
6177
6311
6304
6312
6428
6354
6444
6501
6398
6295
6372
6478
6353
6362
6317
6213
6176
6220
6036
5994
5955
5969
5916
5920
5910
5804
5944
5927
5984
6044
6055
6154
6182
6086
6048
6124
6103
6105
6051
5990
5938
5878
5880
6012
5927
5876
5827
5704
5727
5721
5781
5803
5830
5822
5911
5868
5806
5715
5554
5571
5510
5360
5443
5458
5510
5402
5518
5536
5665
5609
5618
5712
5823
5699
5489
5365
5337
5338
5238
5315
5306
5337
5359
5352
5283
5275
5200
5106
5042
5076
5058
5080
5107
5155
5099
5093
5159
5047
5128
5210
5203
5257
5285
5280
5299
5312
5446
5490
5447
5353
5432
5419
5319
5426
5312
5407
5466
5413
5494
5611
5652
5544
5648
5595
5805
5794
5831
5885
5966
5946
5968
5947
5914
5926
5936
5949
5879
5972
6096
6127
6160
6129
6053
6195
6182
6254
6306
6144
6106
6034
6078
6085
5942
5966
5987
5943
5952
5909
5919
5907
5936
6023
5960
5983
5967
5961
5912
5977
5972
5937
5889
5871
5920
5761
5804
5874
5818
5828
5829
5822
5822
5828
5703
5602
5574
5584
5586
5572
5578
5624
5563
5634
5621
5602
5666
5651
5593
5553
5625
5703
5837
5844
5836
5876
5898
5777
5765
5834
5845
5937
5921
5977
6033
5979
5940
5837
5918
5955
6106
5987
6130
5987
6139
6056
5810
5854
5839
5717
5651
5542
5488
5289
5283
5260
5178
5038
4996
5171
5099
5043
5059
5068
5032
5020
5013
5031
4911
4809
4829
4825
4974
5030
5005
4967
4974
5018
4966
4969
4909
4954
4931
4950
4976
5043
5057
5041
5013
5083
5103
5130
5206
5102
5103
5005
5007
4985
4980
5130
5262
5223
5180
5142
5066
5123
5101
5089
5093
5158
5014
5027
5025
5070
5232
5272
5230
5255
5170
5148
5195
5141
5048
5168
5138
5259
5347
5304
5308
5341
5225
5251
5273
5335
5325
5206
5287
5308
5252
5227
5291
5248
5352
5340
5325
5338
5331
5319
5419
5669
5585
5695
5716
5630
5485
5466
5474
5457
5417
5394
5462
5379
5480
5398
5386
5474
5478
5430
5436
5415
5455
5414
5334
5360
5303
5437
5321
5384
5400
5458
5425
5413
5476
5551
5601
5642
5815
5811
5788
5801
5822
5747
5772
5726
5766
5749
5746
5681
5633
5563
5314
5324
5238
5271
5312
5317
5336
5444
5399
5538
5424
5383
5317
5408
5523
5500
5606
5661
5698
5710
5760
5658
5452
5443
5424
5482
5409
5446
5384
5497
5413
5328
5382
5354
5313
5374
5424
5404
5552
5523
5724
5624
5741
5743
5789
5936
5813
5746
5660
5746
5702
5691
5657
5639
5766
5842
5846
5779
5763
5627
5691
5642
5634
5669
5779
5740
5716
5704
5756
5776
5714
5741
5714
5879
5901
6008
5968
5811
5864
5922
5921
6007
6053
6049
5999
6077
5956
5951
6014
6183
6194
6099
6071
5951
5900
6000
6034
6009
5917
6023
6013
6009
6056
6025
5977
5980
6042
6126
6116
6076
5994
5830
5802
5790
5878
5870
5836
5871
5974
5867
5915
5861
5891
5708
5709
5703
5613
5663
5557
5574
5511
5413
5571
5529
5521
5458
5438
5538
5512
5574
5603
5604
5697
5830
5799
5727
5719
5637
5613
5661
5635
5613
5627
5527
5410
5438
5527
5603
5549
5420
5318
5293
5371
5367
5355
5443
5501
5485
5482
5590
5503
5548
5660
5643
5624
5635
5768
5518
5614
5781
5729
5747
5680
5710
5736
5742
5660
5547
5405
5415
5314
5190
5070
5113
5182
5111
5079
5109
5117
5066
5064
5127
5218
5218
5147
5216
5233
5229
5273
5261
5254
5230
5239
5156
5040
5080
5010
4968
5011
4942
4948
5115
5094
5110
5206
5136
5175
5326
5319
5456
5475
5580
5567
5640
5525
5555
5589
5822
5846
5786
5700
5754
5749
5696
5639
5569
5591
5462
5588
5658
5584
5668
5759
5760
5674
5630
5668
5542
5575
5547
5523
5426
5491
5627
5534
5505
5515
5572
5577
5457
5374
5389
5356
5305
5402
5431
5449
5339
5417
5418
5453
5415
5390
5488
5464
5507
5472
5504
5605
5556
5624
5721
5669
5702
5656
5588
5480
5401
5472
5432
5492
5410
5484
5443
5479
5551
5516
5545
5523
5410
5502
5505
5554
5603
5724
5779
5852
5702
5701
5818
5837
5878
5812
5650
5672
5695
5590
5507
5533
5561
5664
5625
5647
5512
5603
5545
5484
5417
5348
5271
5337
5254
5234
5202
5138
5242
5234
5219
5200
5102
5165
5216
5302
5367
5239
5279
5393
5446
5353
5333
5286
5228
5261
5276
5262
5351
5343
5348
5331
5428
5507
5747
5696
5746
5722
5671
5611
5711
5841
5857
5883
5934
5889
5848
5860
5861
5913
5925
5908
5790
5708
5713
5731
5798
5777
5745
5733
5704
5786
5833
5843
5800
5824
5783
5648
5622
5583
5693
5563
5511
5539
5438
5399
5404
5427
5471
5486
5472
5438
5346
5324
5375
5372
5399
5336
5320
5210
5231
5390
5397
5271
5126
5135
5192
5214
5366
5424
5460
5568
5525
5450
5399
5336
5358
5277
5312
5251
5234
5209
5082
5041
5101
5106
5201
5222
5302
5472
5465
5482
5467
5663
5529
5427
5261
5151
5149
5234
5278
5374
5488
5525
5561
5537
5514
5485
5556
5608
5618
5581
5742
5739
5834
5819
5857
6096
6003
6128
6008
5867
5958
5970
5925
5913
5963
6065
6060
5943
5997
6010
5955
5893
5913
5987
5993
5862
5817
5823
5818
5783
5868
5940
5960
5981
6030
6056
6059
6061
6079
6270
6340
6309
6353
6319
6252
6330
6281
6311
6368
6325
6239
6301
6298
6303
6293
6376
6478
6408
6323
6445
6416
6371
6421
6378
6493
6560
6466
6539
6560
6604
6742
6719
6581
6434
6416
6364
6388
6522
6495
6559
6523
6401
6487
6502
6429
6386
6333
6378
6417
6556
6481
6577
6524
6552
6445
6323
6334
6434
6355
6435
6495
6448
6452
6441
6432
6460
6299
6231
6214
6226
6120
6107
6097
5977
6027
6000
6002
5947
5891
5871
5844
5976
5995
5979
5978
6017
6163
6066
6010
6090
6048
6091
6116
6097
5993
6001
6063
6070
6005
5985
5872
5842
5795
5896
5799
5892
5921
6005
5983
5990
5884
5851
5893
5837
5783
5678
5594
5559
5464
5505
5449
5435
5452
5508
5481
5513
5420
5367
5466
5395
5479
5547
5330
5327
5423
5510
5636
5594
5591
5656
5730
5785
5739
5793
5662
5612
5616
5614
5664
5759
5811
5828
5763
5793
5815
5829
5748
5654
5755
5672
5640
5754
5752
5875
5875
5759
5759
5829
5826
5864
5863
5942
5869
5907
5787
5573
5482
5560
5582
5577
5537
5472
5408
5363
5375
5407
5378
5380
5435
5423
5379
5376
5442
5537
5560
5494
5642
5751
5785
5642
5621
5628
5579
5453
5594
5527
5719
5615
5749
5661
5624
5402
5253
5231
5217
5362
5271
5299
5230
5196
5200
5362
5296
5358
5361
5361
5362
5401
5494
5521
5423
5304
5215
5232
5259
5186
5233
5171
5151
5272
5313
5296
5178
5320
5368
5425
5442
5529
5518
5561
5535
5509
5439
5571
5520
5609
5503
5553
5516
5539
5524
5511
5464
5519
5578
5612
5667
5604
5532
5564
5579
5537
5602
5614
5708
5628
5521
5572
5587
5729
5889
5946
6050
6079
6145
6092
6020
6029
5992
6076
6099
5965
5882
5777
5811
5733
5835
5700
5675
5759
5714
5610
5746
5806
5627
5630
5670
5596
5567
5539
5622
5605
5617
5726
5641
5579
5593
5652
5543
5669
5633
5508
5551
5585
5629
5628
5593
5571
5582
5549
5545
5485
5463
5513
5418
5534
5583
5422
5290
5424
5520
5584
5569
5719
5709
5738
5745
5779
5775
5765
5823
5764
5763
5855
5945
6060
6056
5928
6064
6051
5917
5856
5909
5782
5879
5884
5702
5725
5740
5778
5734
5889
5997
5995
5989
6007
5963
5816
5770
5755
5686
5607
5588
5579
5569
5708
5738
5823
5741
5771
5832
5782
5670
5594
5635
5650
5750
5698
5614
5606
5636
5663
5635
5670
5761
5816
5652
5798
5750
5675
5653
5595
5594
5638
5618
5622
5691
5684
5564
5745
5828
5833
5959
5982
5921
5924
5790
5792
5800
5950
5903
5844
5905
5933
5913
5905
6074
6143
6214
6243
6068
6106
6164
6286
6213
6209
6204
6399
6281
6235
6304
6412
6380
6271
6278
6276
6380
6444
6396
6356
6385
6332
6352
6259
6221
6210
6243
6375
6508
6449
6483
6525
6315
6219
6054
5998
6075
6112
6070
6116
6023
6024
6047
5937
5793
5711
5687
5753
5796
5791
5778
5759
5778
5797
5820
5761
5723
5655
5749
5696
5573
5496
5581
5408
5353
5242
5323
5114
5129
5073
5142
5011
5026
4944
4831
4787
4806
4784
4805
4810
4944
4957
4872
4954
5012
5045
4988
4999
5054
5059
5149
5187
5224
5179
5223
5175
5122
4999
5079
5073
5069
4958
5049
5111
5289
5342
5443
5520
5537
5499
5524
5571
5562
5658
5590
5627
5702
5728
5736
5719
5680
5725
5703
5623
5616
5559
5527
5519
5415
5449
5496
5416
5346
5423
5452
5424
5412
5385
5341
5330
5340
5431
5365
5247
5138
5189
5309
5289
5220
5213
5196
5297
5302
5253
5350
5378
5338
5292
5208
5210
5183
5242
5231
5110
5085
5098
5069
5042
5135
5062
5078
5096
5011
4944
5000
5105
5130
5044
5094
5073
5013
5111
5080
5109
5050
5088
5045
5047
4995
4998
4933
5028
5054
5155
5116
5154
5128
5200
5292
5366
5398
5325
5425
5371
5268
5256
5229
5283
5233
5292
5290
5286
5337
5348
5353
5391
5361
5343
5309
5327
5262
5176
5110
5206
5295
5162
5209
5302
5333
5299
5337
5280
5333
5378
5258
5188
5316
5333
5302
5276
5288
5207
5216
5164
5176
5179
5113
5064
5080
5059
5030
5066
5086
5089
5238
5283
5218
5127
5266
5324
5270
5278
5285
5349
5427
5382
5399
5284
5366
5294
5366
5394
5394
5440
5321
5356
5404
5397
5505
5484
5468
5382
5362
5348
5256
5174
5166
5242
5353
5371
5479
5437
5423
5404
5481
5472
5561
5541
5571
5592
5573
5489
5467
5560
5607
5480
5497
5530
5624
5675
5485
5390
5443
5321
5289
5346
5395
5473
5542
5499
5637
5601
5632
5710
5662
5600
5586
5580
5546
5597
5600
5642
5630
5648
5658
5528
5537
5503
5484
5442
5449
5355
5409
5373
5316
5382
5315
5207
5178
5177
5106
5158
5181
5066
5140
5245
5244
5295
5313
5313
5377
5380
5373
5330
5306
5360
5281
5269
5353
5436
5379
5274
5381
5455
5362
5388
5340
5327
5394
5437
5471
5421
5415
5403
5406
5337
5313
5311
5056
5112
4988
4994
4999
5099
5153
5077
5199
5192
5233
5250
5260
5303
5189
5192
5130
5144
5154
5223
5339
5362
5240
5255
5172
5248
5244
5288
5372
5404
5429
5270
5105
5020
5046
5036
4948
4972
4955
4960
5041
5095
5004
4943
4917
4899
4974
4921
4906
5050
5165
5236
5162
5103
5125
4998
4955
4887
5001
5009
5050
5020
5041
5125
5229
5277
5240
5261
5240
5236
5159
5156
5040
5101
5102
5217
5279
5214
5279
5358
5339
5298
5477
5426
5541
5504
5516
5547
5611
5627
5683
5712
5678
5759
5791
5907
5787
5882
5764
5822
5724
5835
5845
6021
5981
5956
5926
5875
5983
6029
5923
5897
6062
6068
6038
6141
6120
6039
6113
6180
6142
6108
6018
5928
5941
6022
6041
6205
6048
6042
6001
5920
5877
5884
5798
5798
5742
5738
5771
5693
5625
5731
5666
5733
5769
5743
5597
5540
5599
5753
5759
5702
5768
5825
5860
5737
5783
5651
5602
5555
5525
5536
5524
5492
5555
5673
5726
5724
5631
5542
5560
5595
5506
5687
5654
5706
5744
5747
5739
5713
5763
5628
5666
5732
5657
5663
5657
5613
5644
5669
5732
5762
5741
5730
5660
5575
5640
5658
5660
5814
5850
5702
5673
5641
5685
5633
5510
5420
5357
5246
5280
5318
5280
5326
5213
5190
5300
5302
5454
5443
5525
5450
5474
5499
5564
5461
5583
5513
5509
5540
5571
5665
5614
5616
5574
5620
5592
5676
5576
5621
5619
5556
5491
5610
5594
5414
5381
5364
5319
5335
5306
5251
5351
5280
5216
5204
5356
5307
5243
5301
5293
5260
5263
5487
5558
5609
5631
5721
5640
5608
5566
5532
5507
5532
5569
5725
5746
5699
5771
5640
5620
5594
5783
5847
5916
5976
5873
5797
5791
5814
5775
5695
5677
5665
5684
5638
5477
5373
5538
5489
5408
5423
5335
5417
5519
5523
5542
5636
5714
5716
5795
5699
5782
5743
5678
5755
5732
5687
5674
5662
5668
5657
5694
5653
5670
5565
5616
5620
5674
5701
5793
5810
5842
5792
5796
5753
5705
5677
5744
5645
5715
5670
5657
5660
5738
5667
5723
5733
5676
5769
5830
6068
5982
5854
5758
5748
5821
5703
5677
5629
5584
5634
5724
5816
5956
6001
5918
6033
5979
6071
6271
6325
6282
6230
6043
6081
6024
5988
5984
6056
6052
5815
5946
5994
6017
5888
5893
5810
5790
5768
5751
5729
5768
5917
5981
5973
6003
6037
6129
6183
6030
6090
6261
6309
6326
6378
6403
6424
6444
6578
6492
6477
6450
6531
6445
6348
6263
6180
6170
6173
6249
6271
6253
6167
6172
6285
6194
6194
6202
6246
6192
6108
5988
5873
5779
5757
5725
5669
5532
5623
5612
5676
5583
5654
5694
5654
5589
5658
5681
5636
5647
5628
5621
5529
5546
5488
5456
5597
5592
5781
5839
5751
5896
5891
5880
5807
5721
5653
5436
5558
5519
5526
5512
5530
5439
5494
5363
5172
5246
5225
5239
5285
5343
5297
5206
5156
5163
5288
5378
5298
5273
5379
5321
5238
5206
5419
5318
5316
5208
5256
5292
5253
5162
5255
5340
5237
5191
5178
5246
5183
5117
5095
5132
5142
5069
4922
4968
4926
4991
4969
4900
4939
4999
5013
5100
5164
5231
5290
5092
5194
5210
5165
5208
5227
5225
5276
5244
5333
5298
5269
5239
5282
5331
5420
5429
5355
5206
5122
5150
5226
5282
5316
5190
5096
5017
4849
4889
4907
4901
4844
4827
4743
4722
4738
4747
4910
4949
5139
5151
5065
5093
5029
5033
5162
5063
5243
5264
5283
5372
5484
5354
5341
5322
5245
5251
5197
5141
5152
5215
5275
5334
5339
5370
5406
5392
5459
5550
5537
5555
5521
5664
5643
5547
5534
5511
5445
5648
5769
5723
5687
5730
5716
5723
5730
5784
5937
5970
6096
6116
6065
6066
6029
6072
6036
6175
6261
6272
6381
6312
6337
6276
6384
6365
6376
6373
6329
6227
6352
6508
6592
6730
6688
6637
6766
6678
6562
6461
6498
6635
6715
6693
6773
6824
6778
6788
6889
6929
6849
6913
6985
6864
7040
6876
6597
6639
6663
6772
6846
6914
6943
6963
7059
7083
7073
7041
7038
7023
7019
6958
6989
6957
6952
7039
6993
6910
6870
7010
6941
6908
6789
6696
6819
6789
6786
6834
6837
6829
6879
6856
6848
6734
6595
6668
6547
6394
6376
6333
6438
6414
6360
6368
6421
6337
6242
6339
6482
6441
6594
6616
6511
6434
6304
6241
6306
6277
6371
6332
6307
6285
6281
6095
6028
6024
6154
6171
6058
6029
5783
5747
5819
5776
5649
5695
5588
5662
5629
5700
5741
5735
5763
5771
5768
5853
5760
5757
5688
5663
5564
5498
5541
5347
5419
5345
5403
5545
5529
5597
5726
5744
5772
5783
5855
5884
5839
5895
5974
5949
5965
5987
5939
5946
6055
6090
6199
6364
6433
6533
6612
6543
6539
6524
6517
6514
6536
6543
6705
6722
6759
6733
6757
6725
6769
6782
6762
6612
6533
6530
6586
6457
6497
6451
6380
6376
6195
6007
6055
6023
6173
6061
5955
5966
5977
6018
5946
5927
6019
5874
5936
5894
5830
5847
5899
5849
5893
5906
5890
5925
5861
5836
5871
5960
5852
6029
5887
5779
5750
5867
5987
6067
6150
6101
5902
5908
5957
6063
5993
6039
5953
6026
6014
5952
6010
6118
6106
6121
6015
5934
5853
5824
5815
5720
5689
5738
5601
5580
5541
5467
5406
5400
5438
5390
5378
5459
5520
5503
5653
5595
5574
5548
5662
5650
5634
5587
5635
5563
5616
5502
5404
5391
5321
5327
5278
5312
5320
5308
5335
5238
5313
5338
5345
5317
5289
5288
5211
5147
5085
5088
5161
5151
5013
5000
4980
5001
4939
4968
4898
4952
4959
4963
5025
5160
5096
5083
5166
5242
5249
5243
5114
5072
5095
5102
5134
5143
5171
5226
5236
5286
5283
5374
5428
5457
5505
5531
5480
5462
5509
5624
5599
5661
5574
5483
5510
5489
5482
5518
5621
5649
5627
5736
5622
5633
5723
5666
5586
5557
5637
5770
5825
5966
5910
5927
5902
5870
5939
5882
5951
5907
5909
5917
5882
5621
5625
5644
5607
5453
5418
5473
5450
5447
5457
5509
5467
5410
5465
5390
5395
5510
5524
5431
5285
5244
5266
5184
5088
5099
5090
5065
4952
4995
5038
4984
4968
4886
4882
4997
4983
5047
4982
5150
5175
5257
5318
5304
5263
5258
5349
5334
5403
5465
5384
5312
5266
5195
5151
5169
5226
5285
5406
5457
5515
5479
5439
5510
5578
5707
5665
5739
5736
5766
5780
5876
5929
6030
6126
6168
6177
6181
6161
6180
6301
6317
6284
6322
6390
6270
6236
6124
6066
6056
6194
6192
6098
6008
5881
5946
5772
5683
5592
5580
5616
5565
5523
5528
5504
5444
5417
5416
5426
5421
5521
5506
5654
5615
5668
5651
5716
5671
5806
5744
5820
5769
5914
5952
6049
6093
6047
5919
6049
6012
5890
5937
5975
5992
5963
5956
5864
5789
5745
5786
5848
5863
5881
5917
5950
5874
5931
6026
6126
6053
6103
6227
6197
6223
6330
6177
6099
6073
5971
6001
5998
5996
5992
5967
6037
6176
6117
6175
6122
6144
6133
6179
6236
6231
6114
6040
5871
5880
5837
5820
5839
5852
5830
5794
5764
5857
5875
5874
5879
5903
5847
5772
5710
5698
5838
5726
5724
5593
5559
5496
5440
5455
5486
5483
5530
5498
5463
5336
5344
5346
5436
5438
5442
5487
5557
5591
5608
5605
5531
5483
5606
5493
5412
5423
5602
5688
5717
5800
5828
5871
5786
5720
5682
5793
5683
5646
5706
5830
5906
5937
5847
5942
5959
6029
6078
6072
6035
5957
5946
5868
5923
5851
5925
5808
5842
5858
5852
5750
5640
5735
5850
5836
5985
6011
6067
5962
5933
5975
5979
5912
5901
5862
5802
5694
5537
5532
5519
5468
5461
5348
5445
5466
5379
5331
5341
5333
5359
5410
5390
5408
5299
5228
5310
5299
5341
5266
5201
5263
5241
5310
5449
5458
5511
5490
5486
5546
5585
5524
5608
5628
5649
5667
5593
5557
5638
5591
5575
5589
5637
5499
5444
5332
5212
5228
5136
5149
5100
5154
5129
5128
5199
5283
5368
5363
5568
5713
5678
5848
6010
5772
5727
5626
5624
5538
5560
5404
5402
5432
5457
5566
5420
5485
5581
5602
5622
5630
5614
5766
5694
5778
5817
5843
5933
5945
5950
5950
5989
5882
5977
5972
5909
5995
5929
6006
5998
6078
6063
5956
5870
5973
5987
5915
5873
5864
5833
5782
5688
5579
5684
5688
5571
5515
5524
5521
5597
5488
5589
5501
5687
5668
5675
5717
5866
5836
5817
5905
6026
6178
6108
6167
6050
5962
5959
5983
6000
5974
5969
6036
6105
5957
5922
5923
6009
6000
6032
6099
6064
6010
6118
6033
5938
6087
6131
6074
6134
6077
6142
6083
6050
6013
5974
6015
6053
6184
6255
6211
6288
6315
6396
6606
6629
6649
6743
6696
6704
6718
6802
6750
6898
6862
6782
6746
6784
6834
6759
6703
6634
6466
6482
6464
6456
6678
6605
6568
6566
6466
6493
6616
6596
6485
6442
6402
6429
6410
6458
6356
6329
6414
6438
6308
6488
6453
6385
6439
6447
6254
6171
6101
6146
6061
6156
6226
6305
6310
6311
6300
6307
6369
6460
6397
6440
6572
6555
6603
6553
6405
6452
6397
6535
6528
6368
6289
6226
6279
6284
6242
6271
6282
6360
6300
6113
6092
6098
6161
6095
6075
6018
6064
6146
6159
6057
6048
6062
6106
6168
6174
6015
6137
6193
6206
6397
6318
6311
6312
6338
6421
6608
6588
6532
6431
6208
6208
6014
5992
5977
6062
6015
6034
5997
6011
5925
5973
5897
5929
5981
6065
