505000
199950
141498
111210
92818
79696
70118
62664
56731
51755
47862
44403
41776
38899
36741
34778
32895
31302
30015
28952
27851
26667
26068
25206
24502
23587
22645
22009
21384
20587
20127
19773
19166
18759
18411
18134
17893
17573
17185
16818
16480
15999
15532
15265
15022
15027
14684
14645
14503
14279
14033
13849
13543
13208
13018
12872
12632
12388
12197
11996
11775
11702
11741
11368
11069
10816
10644
10670
10671
10675
10683
10390
10328
10028
9966
9996
9748
9646
9637
9512
9345
9250
9134
9126
9232
9169
8948
8902
9055
8979
8942
8858
8766
8760
8762
8724
8656
8654
8488
8522
8558
8617
8600
8529
8365
8194
8293
8088
8029
8019
8107
8107
8044
7958
7922
7879
7976
7942
7901
7828
7791
7627
7665
7602
7570
7490
7546
7430
7304
7379
7324
7265
7355
7277
7285
7212
7200
7064
7125
7059
7023
7051
7030
6909
7082
7120
7010
7120
7181
7215
7133
7096
7075
7075
6808
6677
6625
6553
6367
6289
6292
6327
6328
6197
6142
6202
6100
6228
6304
6252
6316
6350
6391
6273
6376
6344
6198
6216
6325
6243
6219
6129
6016
6059
5874
5836
5847
5913
5810
5832
5851
5979
5966
5852
5803
5726
5511
5467
5438
5453
5501
5468
5490
5557
5583
5616
5529
5627
5519
5529
5567
5636
5536
5698
5696
5667
5654
5621
5593
5615
5675
5725
5741
5814
5762
5880
5894
5818
5949
5919
5969
5841
5865
5898
5752
5756
5728
5885
5920
5947
6034
6129
6080
6127
6071
6100
6033
6002
5983
5929
5840
5791
5780
5817
5723
5724
5675
5572
5670
5795
5821
5762
5797
5756
5754
5650
5713
5762
5882
5853
5889
5977
6090
5958
5894
5963
5838
5846
5850
5914
5879
5938
5863
5898
5896
5872
5911
5944
5972
5886
5932
6075
6044
6149
6215
6344
6343
6394
6616
6662
6625
6614
6559
6432
6441
6422
6450
6447
6282
6260
6127
6242
6177
6172
6138
6187
6176
6161
6159
6215
6212
6300
6241
6268
6358
6356
6448
6412
6357
6365
6535
6485
6551
6521
6441
6453
6351
6355
6391
6556
6561
6447
6356
6357
6331
6301
6350
6255
6252
6242
6209
6279
6327
6212
6149
6063
6057
6041
6065
6084
6105
6076
6169
6116
6093
6096
6132
6100
6053
6218
6279
6257
6448
6472
6455
6362
6357
6378
6364
6347
6305
6216
6293
6335
6388
6280
6264
6276
6189
6127
6166
6044
6039
5946
5925
5982
6020
5974
5925
6015
6027
6150
6172
6169
6206
6149
6082
6032
5888
5847
5767
5785
5814
5795
5784
5801
5754
5728
5664
5642
5625
5621
5583
5461
5497
5451
5480
5630
5723
5670
5579
5601
5594
5633
5630
5676
5674
5794
5722
5667
5726
5754
5857
5874
5832
5785
5814
5780
5984
5879
6025
6043
5962
5869
5937
5908
5960
5935
6062
6040
5975
6065
6029
6041
6031
6102
6164
6122
6025
6010
5943
6128
6086
6052
6025
6010
5940
5753
5818
5769
5789
5691
5613
5661
5870
5882
5901
5872
5932
5986
6082
6094
6199
6180
6174
6123
6104
6239
6206
6183
6158
6232
6127
6045
5978
6001
6072
6106
6072
6123
6269
6243
6155
6199
6059
6092
5981
6072
6087
6102
6205
6140
6218
6069
6066
6129
6041
6057
6083
6175
6195
6300
6390
6279
6234
6249
6194
6217
6355
6399
6421
6337
6334
6320
6298
6286
6297
6269
6191
6156
6086
6057
6046
5929
5888
5704
5523
5530
5532
5577
5558
5525
5532
5472
5528
5533
5425
5501
5511
5521
5468
5453
5490
5504
5523
5545
5579
5617
5593
5507
5586
5621
5712
5763
5776
5667
5669
5686
5793
5902
5900
5851
5812
5910
5856
5710
5640
5742
5704
5783
5844
6023
6063
6008
6000
6028
5977
5740
5684
5664
5752
5814
5732
5777
5781
5874
6117
6138
6255
6173
6085
6160
6305
6306
6257
6386
6420
6448
6285
6207
6237
6334
6329
6274
6337
6230
6272
6183
6179
6067
5978
5954
5993
5888
5921
5858
5921
5919
5906
5971
6056
6158
6136
6218
6210
6191
6305
6318
6360
6373
6351
6363
6163
6050
6082
5964
5891
5827
5918
5761
5766
5705
5755
5711
5635
5724
5671
5698
5759
5749
5789
5896
5953
5940
5995
5926
5809
5906
5896
5913
5812
5780
5745
5771
5586
5539
5706
5657
5630
5680
5786
5751
5777
5804
5760
5740
5776
5820
5864
5899
5857
5988
6109
6145
6102
6174
6123
6040
6037
6024
6014
5938
5943
5810
5749
5684
5686
5659
5671
5581
5542
5474
5437
5548
5427
5444
5366
5379
5399
5389
5373
5310
5330
5300
5226
5233
5371
5377
5431
5438
5425
5507
5707
5697
5610
5611
5560
5503
5612
5560
5728
5804
5819
5908
5890
5793
5702
5718
5665
5646
5627
5547
5482
5356
5276
5424
5358
5262
5332
5415
5397
5577
5749
5866
5811
5734
5637
5560
5376
5460
5557
5542
5501
5395
5544
5612
5624
5680
5605
5705
5835
5786
5724
5767
5832
5924
5914
5957
5915
5843
5885
5863
6036
6149
6155
6369
6299
6234
6213
6219
6269
6211
6282
6385
6345
6269
6191
6216
6122
6280
6231
6158
6092
6139
6107
6096
6238
6150
6051
6063
5939
5797
5746
5731
5739
5993
6022
6096
6054
6014
6005
5987
5890
5948
6077
6163
6137
6012
6000
5998
6011
5952
5907
5906
5918
5986
6053
5925
5961
5935
5978
6091
6103
6151
6111
6079
6161
6166
6154
6218
6115
6203
6276
6273
6299
6223
6169
6116
6233
6251
6355
6246
6200
6221
6080
6129
6380
6478
6597
6610
6752
6846
6864
6731
6784
6729
6734
6778
6816
6879
6889
6831
6815
6860
6836
6837
6708
6748
6797
6763
6700
6682
6771
6676
6579
6644
6537
6438
6314
6376
6215
6058
5870
5792
5764
5719
5831
5832
5832
5710
5755
5698
5620
5654
5752
5712
5734
5919
5784
5740
5642
5637
5776
5766
5810
5728
5691
5761
5708
5702
5633
5492
5588
5652
5689
5723
5611
5631
5573
5586
5590
5659
5659
5779
5762
5797
5741
5587
5622
5562
5718
5734
5764
5731
5737
5668
5730
5779
5828
5902
5880
5829
5679
5690
5671
5578
5667
5716
5776
5878
5827
5867
5885
5906
5785
5770
5663
5630
5579
5783
5855
5827
5760
5800
5871
5860
5933
5988
5858
5839
5936
5882
6044
6175
6209
6225
6252
6277
6444
6455
6555
6535
6480
6561
6464
6433
6298
6452
6308
6270
6292
6268
6050
6031
5948
5982
6144
6127
6159
6049
6206
6249
6154
6069
6020
6034
5962
5913
5806
5814
5671
5664
5568
5580
5613
5527
5443
5397
5327
5325
5345
5402
5423
5362
5355
5439
5486
5587
5640
5577
5360
5350
5213
5247
5277
5411
5397
5436
5482
5461
5548
5590
5605
5534
5619
5614
5426
5508
5406
5436
5494
5464
5545
5565
5485
5513
5506
5551
5519
5583
5719
5673
5534
5626
5657
5475
5449
5456
5450
5354
5384
5293
5323
5316
5357
5457
5414
5445
5443
5430
5491
5650
5632
5742
5665
5710
5672
5734
5772
5646
5591
5559
5531
5627
5638
5660
5709
5817
5788
5746
5652
5784
5813
5668
5727
5620
5617
5558
5776
5719
5627
5592
5635
5605
5465
5481
5558
5556
5573
5542
5693
5663
5532
5366
5400
5375
5313
5159
5107
5228
5247
5370
5433
5448
5405
5334
5342
5420
5532
5649
5661
5760
5863
5933
5945
5961
5992
5952
5923
5836
5788
5785
5656
5579
5762
5843
5709
5732
5620
5671
5508
5446
5513
5589
5629
5707
5691
5873
5905
5858
5750
5736
5804
5919
5808
5927
5908
5891
5800
5731
5807
5791
5941
6054
5960
5925
5904
5932
5925
6043
6056
6042
5993
6014
6054
5980
6006
5999
6093
5970
5933
5840
6025
6010
5833
5671
5678
5744
5777
5711
5714
5685
5641
5746
5895
5936
5999
5995
5954
5937
5977
5997
6015
5966
5899
5888
5801
5815
5777
5743
5906
5998
6069
6153
6123
6233
6225
6207
6126
6079
6071
5995
6019
6044
6112
6216
6162
6027
6039
6170
6135
6109
6040
6097
6149
6039
6111
6140
6216
6176
6285
6251
6295
6200
6368
6381
6216
6204
6203
5997
6076
6148
6165
6108
6095
6090
6000
6051
6047
6100
6134
6194
6184
6242
6205
6134
6131
6172
6128
6117
6177
6142
6297
6470
6406
6337
6359
6289
6228
6281
6307
6282
6277
6158
6216
6212
6245
6235
6223
6153
6250
6213
6110
6154
6023
6112
6225
6190
6199
6216
6325
6188
6202
6314
6317
6197
6209
6211
6136
6189
6154
6256
6299
6348
6283
6284
6354
6319
6450
6528
6468
6507
6410
6524
6564
6489
6611
6593
6643
6646
6567
6509
6451
6436
6325
6251
6053
5974
5888
5927
5972
6102
6156
6070
6071
6129
6016
6068
6148
6148
6179
6144
6188
6100
6035
6060
5971
6065
6089
6070
6141
6125
6069
5891
5990
6060
6106
6126
6053
6059
6108
6189
6279
6243
6201
6304
6206
6246
6303
6323
6339
6316
6425
6452
6427
6501
6395
6245
6242
6209
6063
6039
6044
5977
5992
6081
6048
5985
6110
6136
6045
5949
5806
5752
5646
5688
5687
5599
5563
5653
5608
5551
5474
5448
5373
5462
5472
5510
5566
5581
5584
5568
5687
5807
5732
5723
5631
5761
5632
5534
5513
5444
5463
5548
5522
5413
5486
5577
5643
5651
5686
5627
5607
5562
5587
5606
5628
5625
5633
5578
5581
5597
5551
5684
5725
5721
5684
5568
5635
5536
5453
5432
5312
5257
5252
5251
5293
5276
5176
5217
5247
5263
5313
5356
5337
5289
5336
5278
5191
5237
5147
5271
5347
5382
5331
5405
5391
5378
5430
5431
5343
5331
5360
5402
5441
5531
5376
5318
5339
5311
5204
5135
5155
5084
5165
5110
5183
5173
5221
5170
5310
5177
5211
5255
5291
5265
5289
5264
5256
5356
5411
5470
5401
5499
5475
5321
5281
5245
5374
5299
5389
5305
5290
5328
5270
5212
5174
5244
5231
5161
5176
5099
4993
5039
5085
5126
5226
5238
5332
5283
5272
5143
5138
5174
5164
5174
5212
5189
5180
5158
5097
5109
5144
5192
5287
5326
5247
5459
5503
5506
5508
5537
5641
5689
5696
5667
5607
5622
5666
5717
5574
5487
5586
5610
5538
5576
5767
5645
5585
5553
5616
5729
5857
5773
5774
5731
5611
5700
5685
5791
5687
5689
5686
5666
5734
5725
5706
5753
5840
5818
5748
5766
5769
5865
5747
5880
5945
5988
5949
6103
6024
5965
5917
5909
5868
5862
5918
5935
5889
5880
5759
5793
5813
5720
5690
5551
5498
5523
5544
5635
5635
5599
5554
5592
5795
5952
5981
6003
5852
5962
5893
5883
6022
6017
6028
5938
6005
6082
6133
6202
6168
6154
6078
6154
6073
6035
6011
6055
5978
5975
5892
5897
5830
5623
5536
5579
5631
5629
5790
5901
5971
5801
5815
5689
5587
5554
5437
5474
5354
5406
5434
5463
5406
5347
5247
5214
5326
5375
5374
5433
5438
5503
5558
5458
5557
5428
5435
5350
5298
5213
5422
5491
5443
5446
5491
5428
5396
5429
5417
5489
5507
5560
5587
5600
5506
5367
5264
5269
5194
5260
5345
5426
5401
5430
5401
5293
5353
5416
5315
5380
5372
5428
5344
5355
5308
5275
5287
5291
5373
5443
5537
5614
5733
5616
5620
5717
5786
5663
5691
5628
5676
5758
5772
5786
5815
5823
5765
5866
5847
5847
5691
5810
5818
5736
5789
5892
5914
5803
5791
5770
5757
5913
5826
5923
5948
6022
5976
6029
6081
6125
6084
6099
6058
6105
6138
6168
6227
6195
6082
5993
5921
5874
5865
5871
5882
5911
5915
5856
5818
5714
5719
5785
5640
5779
5823
5757
5849
5895
5990
6163
6132
6286
6224
6211
6271
6181
6182
6065
6086
6032
5955
5902
5891
5760
5816
5783
5676
5704
5737
5763
5698
5713
5772
5748
5715
5728
5601
5643
5687
5794
5793
5845
5680
5667
5632
5654
5696
5633
5644
5638
5690
5815
5809
5995
6088
6024
6044
5944
6008
6081
6064
6172
6156
6032
6043
6122
6220
6235
6312
6291
6137
6266
6246
6262
6217
6175
6143
6178
6200
6053
6007
5824
5799
5762
5854
5988
6112
6134
6133
6246
6257
6123
6057
5895
6012
6166
6108
6123
6183
6164
5971
6046
6058
6105
6153
6113
6126
6050
6111
6113
6051
5975
6011
6173
6051
6019
6249
6185
6270
6286
6200
6285
6178
6144
6152
6159
6189
6156
6116
6159
6030
5960
6086
5900
5779
5758
5660
5656
5574
5526
5589
5496
5529
5677
5712
5637
5636
5624
5605
5708
5845
5748
5636
5630
5497
5477
5485
5455
5443
5438
5557
5371
5441
5387
5385
5356
5331
5256
5205
5223
5298
5365
5400
5398
5380
5489
5587
5635
5775
5833
5792
5672
5670
5728
5696
5733
5592
5530
5609
5667
5706
5601
5619
5609
5600
5620
5547
5721
5720
5609
5642
5694
5724
5814
5903
5812
5804
5803
5777
5648
5498
5471
5514
5504
5602
5525
5507
5624
5720
5637
5649
5641
5708
5679
5516
5593
5573
5579
5513
5546
5470
5435
5490
5540
5639
5722
5732
5814
5778
5689
5684
5767
5690
5740
5703
5705
5706
5767
5756
5699
5683
5650
5653
5558
5552
5545
5637
5666
5593
5588
5629
5638
5670
5616
5709
5602
5693
5517
5465
5491
5490
5403
5406
5287
5298
5334
5212
5230
5247
5199
5292
5247
5371
5426
5407
5445
5439
5413
5485
5234
5307
5369
5375
5512
5592
5683
5771
5755
5754
5796
5797
5805
5719
5709
5694
5810
5909
5997
5931
5896
5926
5845
5750
5786
5804
5735
5821
5703
5585
5583
5562
5568
5464
5431
5440
5341
5343
5382
5307
5338
5316
5281
5272
5341
5323
5476
5612
5679
5639
5544
5600
5658
5688
5731
5772
5778
5674
5680
5688
5791
5782
5931
5998
6043
5953
6042
6100
6097
6003
5995
5754
5795
5836
5714
5660
5561
5475
5527
5455
5403
5321
5334
5332
5343
5343
5536
5627
5702
5702
5758
5766
5771
5667
5647
5776
5865
5871
5788
5806
5742
5736
5710
5903
5833
5829
5773
5810
5860
5981
6007
6010
5877
5984
5912
5877
5843
5846
5900
5930
5832
5763
5787
5813
5888
5936
5909
5894
5872
5774
5818
5700
5695
5765
5656
5697
5718
5692
5716
5672
5782
5767
5811
5901
5978
6083
6098
6116
6101
6062
6041
6104
6112
6162
6193
6121
6033
6110
6127
6107
6109
6100
6118
6006
6009
5917
6087
6138
6123
6136
6198
6196
6208
6211
6171
6162
6066
5955
6039
5979
6010
5917
5946
5965
6015
5918
5866
5876
6013
6054
5958
5972
5967
5955
5934
5962
5936
5877
6003
5960
5988
6093
6120
6122
6159
6203
6070
6134
6149
6150
6180
6168
6095
6006
5961
5963
6008
5924
5967
5951
5927
5927
5938
5957
5955
5964
5862
5838
5840
5854
5824
5760
5878
5875
5923
5792
5868
5945
5938
5836
5849
6004
6027
6025
6016
5939
5871
5808
5770
5854
5676
5611
5573
5563
5530
5424
5381
5377
5467
5525
5426
5430
5414
5417
5468
5412
5454
5460
5566
5486
5516
5520
5410
5311
5281
5392
5556
5696
5736
5739
5678
5577
5505
5534
5443
5342
5372
5423
5328
5217
5172
5087
5088
5018
5036
5186
5191
5159
5092
5063
5019
5168
5256
5239
5337
5448
5506
5480
5563
5452
5419
5401
5449
5532
5604
5593
5550
5611
5645
5680
5639
5740
5623
5661
5622
5689
5668
5596
5569
5517
5505
5521
5588
5739
5564
5521
5462
5347
5460
5395
5416
5320
5268
5325
5306
5177
5240
5156
5173
5123
5304
5368
5324
5334
5355
5319
5400
5512
5473
5439
5379
5414
5409
5459
5448
5486
5503
5524
5449
5463
5429
5419
5410
5469
5527
5387
5398
5343
5253
5421
5346
5329
5406
5485
5495
5589
5587
5549
5478
5474
5418
5437
5325
5414
5454
5514
5588
5650
5672
5709
5716
5825
5749
5715
5754
5717
5787
5806
5755
5705
5772
5780
5784
5778
5665
5652
5832
5807
5803
5759
5823
5936
5861
5880
5999
6002
6083
6047
5920
6010
5875
5848
5929
5941
6093
6079
6094
6156
6158
6177
6097
6128
6245
6331
6144
6226
6331
6342
6259
6187
6285
6199
6245
6243
6149
6254
6267
6265
6173
6126
6082
6070
5982
6095
6133
6217
6221
6121
6128
6109
6157
6104
6256
6181
6142
6124
6015
5858
5732
5903
5939
5973
5954
5975
6017
5901
5941
5951
5954
5908
5983
6089
5994
5962
5860
5752
5759
5638
5632
5534
5498
5382
5150
5267
5280
5222
5166
5182
5119
5142
5012
5111
5061
5027
4997
4918
5023
4969
4902
4978
5060
4954
4940
4961
4982
4906
4927
4966
4949
5013
4933
4931
4948
4987
5107
5007
5028
4947
4722
4744
4665
4571
4499
4438
4361
4345
4372
4443
4483
4380
4343
4344
4359
4305
4419
4287
4146
4160
4116
4135
4043
3977
4049
4016
3970
3970
3869
3932
3931
3857
3944
3950
3911
3948
4027
4108
4135
4119
4167
4220
4319
4366
4381
4316
4387
4498
4584
4474
4554
4466
4517
4423
4350
4390
4467
4595
4626
4668
4607
4630
4749
4783
4790
4733
4742
4695
4756
4794
4758
4862
4803
4787
4875
4895
4854
4729
4757
4774
4757
4769
4689
4736
4688
4768
4797
4825
4787
4765
4738
4735
4626
4618
4631
4713
4746
4758
4607
4578
4610
4465
4364
4477
4501
4503
4587
4574
4562
4636
4635
4618
4569
4568
4564
4548
4442
4431
4470
4457
4430
4398
4413
4491
4590
4676
4639
4666
4612
4530
4497
4495
4475
4393
4340
4391
4395
4487
4650
4712
4695
4684
4657
4674
4752
4705
4753
4667
4620
4734
4688
4715
4641
4574
4457
4549
4602
4647
4728
4664
4588
4595
4559
4510
4494
4494
4582
4602
4500
4391
4379
4373
4462
4444
4434
4407
4375
4349
4388
4460
4439
4429
4510
4527
4529
4552
4607
4775
4806
4817
4820
4741
4743
4666
4714
4753
4864
4894
4906
4916
5040
5149
5149
5121
5048
5088
5142
5163
5069
4995
5128
5106
5081
4996
5098
5083
5142
5136
5054
5247
5185
5320
5317
5352
5297
5419
5453
5448
5470
5505
5542
5551
5532
5553
5626
5561
5495
5513
5516
5487
5499
5567
5574
5560
5512
5494
5488
5668
5787
5822
5806
5836
5813
5842
5800
5869
5869
5865
5986
5972
5968
5928
5925
5971
5927
6017
6080
6252
6259
6438
6436
6428
6385
6464
6454
6569
6627
6590
6531
6583
6472
6498
6460
6437
6280
6164
6201
6240
6317
6237
6254
6205
6225
6169
6247
6269
6164
6224
6172
6237
6248
6104
6133
6199
6236
6190
6364
6439
6605
6561
6635
6673
6720
6636
6538
6673
6620
6645
6611
6648
6641
6678
6577
6413
6510
6426
6359
6372
6332
6377
6371
6501
6419
6444
6396
6536
6575
6444
6569
6703
6628
6548
6689
6667
6725
6812
6883
6741
6703
6551
6619
6547
6422
6474
6494
6499
6497
6438
6335
6341
6281
6255
6277
6307
6463
6478
6513
6439
6458
6511
6515
6565
6465
6548
6506
6553
6515
6586
6655
6449
6239
6242
6349
6424
6471
6438
6508
6475
6483
6397
6427
6276
6293
6154
6072
6041
6162
6155
6130
6063
6040
6135
6114
6016
6006
6065
5975
5997
6026
5912
6121
6115
6205
6205
6273
6415
6380
6344
6454
6450
6557
6504
6710
6667
6700
6757
6650
6688
6788
6831
6850
6817
6734
6710
6746
6744
6721
6613
6485
6582
6622
6538
6426
6389
6369
6338
6336
6273
6242
6339
6388
6390
6307
6278
6320
6245
6257
6106
6073
6194
6215
6107
6093
6058
6043
6050
6045
6114
6200
6054
6032
5943
6033
6120
6135
6033
6019
5974
5987
5885
5996
5958
6017
6066
6022
6062
6011
6001
6019
6040
6046
6125
6049
6082
5976
6072
6138
6166
6219
6086
6071
5907
5831
5838
5843
5832
5878
5933
6034
5977
6108
6155
6068
6067
6103
6127
6061
6144
6226
6356
6288
6322
6393
6408
6441
6605
6657
6632
6443
6298
6284
6324
6519
6502
6457
6355
6406
6490
6421
6441
6550
6557
6628
6690
6704
6733
6724
6746
6699
6477
6459
6388
6419
6499
6442
6470
6335
6387
6291
6210
6329
6297
6411
6367
6300
6333
6290
6215
6236
6293
6218
6123
6097
6140
6008
5879
5964
6061
6165
6105
6126
5990
6002
5904
5911
5967
5940
5908
5949
6083
6085
6051
6124
6173
6169
6085
6100
6029
6121
5991
5964
5954
5989
5841
5736
5631
5514
5576
5615
5502
5476
5565
5641
5610
5460
5455
5331
5352
5302
5355
5340
5288
5152
5100
5135
5225
5171
5081
5102
5119
5124
5062
5102
5077
5099
5141
4936
4919
4887
4797
4886
4871
4936
4838
4877
4934
5024
4978
4886
4868
4940
4943
5068
5124
5103
5100
5120
5076
5017
5052
5025
5100
5113
5129
5120
5215
5148
5134
5147
5172
5193
5087
5154
5303
5386
5480
5392
5388
5448
5462
5494
5416
5352
5284
5380
5245
5293
5242
5210
5086
5213
5342
5406
5319
5504
5503
5378
5469
5538
5487
5479
5554
5575
5637
5709
5723
5637
5546
5453
5440
5545
5682
5747
5744
5671
5645
5721
5893
5935
5907
5904
5972
5861
5808
5780
5780
5798
5907
5962
5988
6024
5993
6155
6258
6369
6422
6439
6517
6391
6337
6192
6170
6151
6135
6091
6180
6204
6140
6115
6132
6126
6298
6202
6186
6257
6321
6285
6280
6264
6225
6170
6065
6125
6085
6033
6001
6017
6100
6110
6013
5974
5920
5957
5853
5805
5844
5915
5935
5926
5757
5766
5645
5620
5717
5754
5905
5910
5881
5912
5785
5650
5626
5550
5536
5557
5548
5463
5559
5680
5744
5637
5583
5558
5528
5576
5667
5666
5544
5335
5315
5424
5452
5532
5532
5560
5624
5667
5808
5873
5875
5867
5863
5760
5792
5749
5669
5637
5635
5628
5639
5620
5652
5737
5680
5535
5502
5449
5451
5565
5629
5750
5723
5777
5801
5726
5686
5629
5608
5552
5575
5531
5566
5574
5508
5421
5390
5425
5588
5758
5846
5756
5815
5687
5681
5552
5469
5441
5339
5469
5514
5580
5561
5605
5572
5706
5774
5808
5825
5800
5839
5859
6043
6126
6002
5943
5961
5934
5932
5969
5947
6055
6092
6073
6054
6123
6174
6343
6380
6451
6484
6329
6296
6271
6443
6365
6362
6273
6348
6294
6293
6283
6263
6347
6325
6214
6116
6120
6131
6131
6183
6192
6287
6122
6092
6066
6135
6008
5926
5934
5949
6055
6017
6009
5999
6045
6060
6056
6110
6117
6124
6091
6095
6097
6187
6074
6176
6164
6055
6002
5960
6000
6020
5964
5981
5923
5933
5920
5975
5995
6014
5950
5815
5765
5730
5722
5820
5744
5811
5784
5893
5814
5762
5765
5776
5804
5732
5662
5737
5743
5628
5622
5599
5640
5643
5532
5515
5588
5557
5580
5582
5473
5394
5531
5506
5333
5316
5245
5220
5230
5339
5316
5354
5392
5432
5533
5561
5647
5740
5754
5807
5620
5659
5621
5704
5650
5681
5570
5578
5654
5488
5470
5298
5258
5232
5290
5241
5209
5300
5379
5537
5562
5565
5591
5600
5539
5383
5417
5488
5446
5626
5548
5454
5508
5608
5657
5578
5521
5568
5533
5555
5460
5542
5481
5497
5595
5652
5508
5473
5424
5327
5343
5320
5304
5341
5438
5479
5432
5446
5288
5338
5373
5434
5443
5525
5518
5463
5425
5507
5511
5481
5421
5450
5451
5423
5498
5479
5610
5554
5606
5730
5707
5666
5625
5524
5564
5542
5679
5621
5575
5560
5585
5664
5731
5746
5733
5772
5658
5795
5759
5768
5710
5715
5652
5687
5598
5508
5556
5542
5478
5407
5287
5333
5282
5359
5348
5330
5373
5305
5326
5288
5347
5454
5527
5620
5628
5648
5642
5683
5695
5718
5679
5667
5637
5668
5675
5654
5727
5924
5947
5847
5884
5832
5939
5976
6128
6149
6270
6290
6299
6211
6209
6207
6099
6145
6120
5933
5941
5889
5933
5891
5938
6039
6109
6175
6210
6365
6329
6290
6259
6319
6314
6225
6164
6296
6251
6381
6275
6255
6294
6235
6174
6073
5924
5984
5967
5926
5840
5731
5731
5680
5677
5625
5823
5723
5664
5746
5689
5566
5690
5534
5632
5736
5633
5521
5591
5662
5721
5660
5628
5673
5735
5635
5731
5879
5967
5958
5977
5878
5903
5815
5751
5908
5911
5910
5934
5938
5831
5717
5656
5666
5713
5739
5839
5924
5893
5817
5777
5913
5942
6014
6030
5965
5985
6000
5943
5947
6036
5886
5948
5956
5973
5845
5941
5922
5827
5845
5709
5704
5640
5628
5593
5594
5520
5594
5475
5554
5594
5553
5534
5668
5648
5628
5654
5650
5611
5632
5769
5762
5756
5841
5922
5993
5966
5948
6030
6060
6090
6044
5975
5975
6013
5935
5983
6013
6013
6109
6049
6007
5948
5937
5881
5884
5841
5845
5662
5721
5898
5862
5822
5788
5711
5853
5751
5730
5642
5617
5590
5524
5550
5486
5444
5379
5224
5165
5266
5072
5146
5172
5038
5045
4881
4957
4972
5026
4880
4948
4913
4898
4885
4900
4923
4978
5129
5205
5164
5160
5159
5142
5143
5118
5208
5226
5247
5205
5290
5285
5325
5283
5176
5329
5312
5285
5280
5277
5252
5196
5244
5317
5394
5477
5424
5487
5514
5580
5609
5466
5537
5502
5601
5558
5459
5571
5646
5635
5597
5572
5568
5422
5396
5419
5322
5279
5370
5300
5233
5251
5167
5135
5090
5049
5135
5207
5176
5266
5295
5345
5271
5293
5329
5442
5529
5481
5375
5293
5343
5327
5258
5290
5145
5140
5172
5168
5229
5270
5303
5128
5118
5037
4986
4900
4900
5021
4931
5058
5053
5138
5196
5339
5299
5221
5253
5297
5237
5191
5096
5133
5255
5287
5379
5331
5381
5365
5522
5616
5767
5723
5794
5884
5690
5546
5507
5453
5449
5509
5519
5549
5524
5560
5718
5708
5774
5725
5744
5813
5825
5726
5632
5792
5835
5818
5746
5721
5796
5887
5923
5943
6010
5874
5819
5686
5780
5737
5790
5846
5794
5850
5818
5818
5789
5676
5644
5775
5718
5848
5860
5754
5804
5819
5762
5836
5995
5975
5930
5944
5921
5986
6080
6110
6087
6255
6281
6210
6226
6300
6267
6303
6345
6181
6069
6073
6127
6017
6068
6095
6008
5971
5862
5803
5873
5875
5893
6022
6081
5925
5930
5868
5885
5846
5818
5794
5848
5880
5736
5730
5692
5720
5707
5792
5634
5510
5559
5693
5788
5747
5740
5890
5775
5825
5952
5911
5918
5930
5955
6046
6195
6151
6068
6184
6086
6088
6080
6067
6171
6221
6318
6444
6489
6422
6488
6591
6511
6365
6258
6150
6035
5879
5910
5919
5977
6054
5995
6023
6057
5996
6063
5930
5886
5931
5967
5965
5934
5875
5830
5705
5751
5736
5767
5854
5939
5987
6043
6099
6065
6064
6026
6054
6110
6181
6041
6151
6158
6161
6069
6140
6140
6065
5973
6008
6000
5947
5990
5970
6085
6035
6131
6217
6148
6207
6146
6131
5967
6093
6129
6090
6018
6083
5997
6020
6039
6001
5875
5982
5903
5830
5781
5854
5811
5783
5728
5758
5757
5644
5528
5519
5625
5527
5477
5513
5480
5443
5527
5481
5442
5412
5529
5575
5614
5644
5616
5603
5513
5544
5521
5472
5454
5587
5790
5704
5701
5746
5708
5928
5946
5638
5652
5651
5668
5595
5575
5585
5523
5462
5562
5546
5396
5392
5324
5408
5546
5516
5485
5416
5370
5412
5323
5466
5482
5587
5666
5593
5612
5647
5709
5718
5767
5790
5761
5741
5739
5661
5814
5867
5973
5996
6077
5953
5816
5800
5767
5626
5645
5665
5501
5463
5543
5411
5336
5340
5315
5257
5160
5165
5243
5192
5211
5248
5324
5421
5386
5301
5245
5210
5177
5133
5103
5097
5182
5061
5068
5031
5051
4970
5058
5047
5033
5086
4992
5023
4999
4992
5009
4984
4945
4892
4845
4981
4915
5031
5113
5107
5149
5095
5131
5179
5183
5182
5059
5057
5006
4976
4818
4833
4811
4846
4826
4722
4677
4757
4879
4854
4817
4867
4965
4925
4866
4934
4951
5006
4976
5055
5061
5310
5400
5445
5470
5471
5600
5642
5686
5822
5719
5770
5759
5587
5645
5766
5762
5923
5985
5979
6027
6018
5952
5964
5904
5864
5845
5854
5832
5740
5833
5950
5923
5940
5994
5932
5963
5899
6020
6003
6043
6104
6061
5974
5956
5987
5981
5904
5917
5976
6026
6005
5944
6013
6069
6064
6039
6108
6143
6127
6046
5904
5862
5757
5793
5852
5900
5931
5953
5929
5779
5757
5510
5567
5546
5553
5610
5575
5446
5408
5518
5625
5580
5516
5782
5827
5761
5795
5825
5766
5779
5631
5596
5665
5755
5819
5766
5833
5802
5812
5814
5806
5767
5749
5832
5865
5864
5910
5932
5920
5956
6046
6132
6161
6129
6196
6206
6179
6152
6262
6280
6313
6288
6370
6418
6517
6566
6563
6629
6542
6481
6424
6491
6493
6526
6520
6560
6536
6529
6480
6472
6471
6516
6534
6566
6513
6407
6444
6389
6479
6331
6441
6522
6533
6597
6587
6554
6443
6319
6289
6348
6312
6219
6282
6194
6209
6274
6190
6157
6210
6209
6238
6324
6313
6228
6276
6148
6193
6237
6134
6108
6082
6072
6179
6179
6141
6169
6092
6097
5929
5892
5921
5813
5729
5843
5970
5975
5911
5939
5906
6027
6075
6024
6086
6096
6136
6230
6245
6320
6361
6514
6533
6451
6534
6549
6544
6640
6571
6497
6411
6467
6556
6455
6501
6490
6546
6581
6616
6549
6559
6699
6693
6778
6613
6628
6509
6489
6662
6694
6704
6661
6654
6677
6676
6721
6803
6841
6809
6785
6695
6747
6737
6747
6673
6626
6470
6554
6465
6629
6622
6555
6575
6506
6490
6444
6347
6523
6606
6621
6643
6646
6596
6630
6683
6626
6746
6653
6693
6624
6411
6462
6447
6451
6420
6382
6386
6548
6579
6668
6734
6748
6603
6495
6474
6425
6569
6620
6766
6712
6740
6725
6784
6715
6646
6700
6780
6822
6768
6570
6474
6512
6442
6436
6416
6327
6408
6447
6481
6537
6529
6566
6510
6518
6570
6591
6578
6540
6553
6560
6704
6709
6645
6672
6733
6624
6529
6475
6480
6488
6472
6455
6417
6597
6548
6606
6601
6645
6585
6565
6687
6641
6632
6747
6765
6713
6610
6544
6580
6492
6310
6364
6415
6511
6474
6538
6677
6849
6880
6787
6631
6496
6572
6639
6546
6443
6445
6521
6610
6629
6610
6490
6484
6528
6615
6564
6544
6501
6622
6588
6603
6530
6481
6327
6326
6425
6480
6339
6369
6462
6532
6593
6617
6584
6534
6480
6364
6470
6418
6259
6317
6331
6272
6290
6261
6326
6354
6304
6244
6321
6282
6368
6379
6311
6318
6238
6328
6263
6196
6091
6190
6237
6255
6141
6261
6232
6034
6075
6060
6067
6114
6033
6049
6012
6037
6036
6057
6100
6186
6259
6240
6232
6235
6134
6027
