505000
200852
142118
111482
92477
78947
69410
62169
56210
51448
47430
44298
41314
38595
36478
34409
32458
31249
29716
28304
27165
25893
24712
24265
23434
22673
21639
20899
20297
19944
19666
19368
18838
18606
18232
18093
17959
17551
17220
16839
16634
16348
15891
15618
15231
15143
14908
14355
14117
13831
13606
13403
13159
13006
12572
12270
12313
12267
12003
11799
11723
11690
11504
11448
11421
11251
11149
10907
10929
10874
10897
10713
10886
10705
10520
10413
10441
10348
10140
9996
9732
9564
9473
9480
9387
9270
9074
8970
8854
8753
8509
8431
8381
8376
8276
8268
8305
8400
8398
8340
8388
8313
8458
8526
8456
8376
8313
8208
8237
8034
8194
8140
8206
8183
8157
8192
8117
7977
7882
7895
7898
8026
7906
7967
7837
7724
7551
7547
7452
7528
7547
7454
7438
7521
7474
7521
7427
7401
7617
7457
7463
7472
7430
7471
7669
7647
7771
7750
7747
7749
7789
7791
7936
8052
8054
7998
7889
7762
7812
7809
7801
7846
7776
7900
7879
7797
7711
7704
7649
7651
7607
7620
7584
7582
7612
7526
7568
7587
7776
7602
7514
7411
7506
7547
7473
7484
7506
7482
7515
7442
7372
7391
7295
7291
7443
7437
7467
7238
7286
7270
7428
7482
7414
7370
7273
7337
7372
7388
7271
7330
7313
7109
7161
7252
7213
7020
6992
7010
6970
6921
6852
6791
6770
6911
6856
6847
6751
6669
6622
6664
6615
6680
6680
6773
6840
6712
6850
6869
6874
6807
6845
6723
6876
6995
7089
6961
7016
7003
6943
7033
6984
6842
6735
6658
6673
6644
6535
6582
6510
6491
6461
6496
6512
6659
6559
6508
6414
6366
6399
6427
6456
6672
6712
6744
6836
6809
6861
6848
6684
6619
6639
6575
6596
6477
6413
6258
6271
6124
5924
5920
5900
6056
6116
6007
5968
5980
5985
5980
6056
6051
5967
6003
6063
6129
6078
6028
6081
5989
5868
5926
6016
5892
5895
5936
5885
5916
6078
6139
6179
6166
6182
6320
6405
6380
6225
6239
6173
6090
6105
6087
6110
6144
6307
6337
6317
6317
6315
6377
6354
6333
6345
6439
6547
6497
6571
6479
6631
6507
6422
6286
6161
6089
6121
6035
6035
6120
6084
6100
6034
6132
6180
6330
6324
6330
6422
6377
6412
6427
6373
6375
6392
6375
6356
6392
6425
6390
6492
6507
6566
6686
6718
6762
6733
6741
6818
6772
6801
6725
6694
6558
6556
6558
6731
6716
6649
6576
6662
6739
6786
6780
6777
6714
6856
6887
6846
6746
6795
6663
6732
6786
6861
6824
6828
6808
6705
6613
6522
6444
6411
6227
6236
6331
6320
6311
6344
6318
6234
6082
6096
6380
6334
6270
6404
6453
6546
6407
6441
6438
6489
6384
6271
6162
6127
6007
5990
5940
5868
5921
6058
6066
5982
6151
6183
6180
6239
6290
6358
6611
6650
6523
6575
6556
6515
6414
6204
6279
6352
6420
6481
6458
6559
6518
6400
6440
6385
6426
6412
6429
6440
6617
6600
6535
6469
6416
6472
6552
6378
6461
6379
6219
6086
6117
6063
5959
6101
6124
6145
6143
6090
6113
6155
6132
6195
6227
6389
6358
6524
6600
6597
6633
6576
6463
6432
6405
6561
6546
6650
6778
6765
6652
6609
6628
6712
6684
6621
6586
6762
6846
6871
6821
6861
6839
6858
6893
7037
7109
7116
7164
7214
7294
7260
7240
7432
7401
7431
7360
7290
7325
7346
7387
7468
7439
7532
7474
7636
7702
7704
7654
7545
7550
7650
7634
7467
7387
7360
7253
7240
7257
7188
7144
7120
7173
7247
7323
7335
7257
7446
7356
7317
7197
7235
7254
7195
7220
7325
7475
7570
7553
7430
7513
7593
7480
7443
7372
7447
7390
7306
7345
7244
7375
7284
7247
7295
7313
7301
7323
7179
7180
6940
6881
7034
6971
6955
6902
6873
6768
6746
6745
6739
6739
6801
6734
6873
6955
7036
7007
7084
7215
7330
7313
7226
7163
7175
7094
7219
7233
7306
7207
7287
7329
7253
7292
7347
7361
7238
7121
6996
7088
7152
7203
7345
7318
7252
7087
7260
7151
7171
7108
7213
7233
7307
7326
7315
7372
7349
7159
7204
7338
7366
7362
7445
7578
7513
7537
7539
7566
7489
7417
7441
7399
7305
7223
7207
7307
7340
7235
7130
7062
7129
7038
6958
6939
6970
6932
6932
7007
7006
7006
6999
7047
7030
7003
6953
6973
6937
6926
6854
6729
6712
6743
6757
6701
6747
6884
6999
6928
6793
6840
6742
6818
6868
6835
6773
6762
6683
6857
6830
6807
6840
6859
6797
6804
6800
6800
6770
6837
6885
6946
6998
7017
6956
6944
6940
6913
6956
6854
6962
6989
7010
6974
6945
7050
7239
7241
7210
7045
6991
6954
6834
6839
6988
6997
7096
7101
7081
7051
7038
6930
6929
6780
6700
6802
6833
6877
6925
6959
7028
7064
7077
6921
6812
6824
6994
6946
7070
7066
6982
6897
6688
6445
6461
6421
6459
6426
6582
6389
6528
6504
6403
6379
6210
6241
6231
6147
6143
6080
6009
5953
5922
6035
5811
5753
5811
5790
5717
5755
5725
5677
5617
5431
5405
5253
5328
5418
5403
5392
5411
5501
5538
5446
5418
5578
5612
5632
5621
5641
5656
5692
5783
5933
5991
6087
6178
6168
6160
6190
6239
6151
6150
6163
6124
6257
6286
6384
6449
6470
6543
6467
6390
6421
6424
6405
6421
6482
6528
6389
6346
6177
6205
6187
6257
6266
6372
6341
6276
6265
6331
6295
6417
6485
6429
6455
6599
6608
6511
6670
6735
6748
6861
6795
6659
6733
6590
6559
6461
6482
6470
6513
6419
6476
6487
6484
6489
6512
6631
6563
6554
6555
6452
6491
6484
6341
6190
6104
6108
6066
5975
5881
6013
5926
5964
6052
6012
6053
6122
6095
6067
6216
6202
6307
6288
6230
6343
6380
6393
6261
6211
6170
6229
6250
6062
6051
5936
6106
6170
6221
6176
6167
6307
6268
6228
6096
6143
6286
6382
6416
6443
6456
6514
6572
6641
6598
6713
6782
6829
6931
6915
7030
7100
7108
7114
6999
6986
6965
7050
6985
6975
7048
6999
7126
7016
7007
7086
7097
7291
7324
7215
7144
7007
6993
6910
6943
6896
6936
7043
6892
6999
7202
7252
7320
7220
7296
7302
7245
7230
7309
7224
7096
7077
7147
7251
7245
7194
7227
7188
7240
7118
7233
7323
7359
7200
7249
7322
7367
7199
7257
7179
7274
7280
7319
7434
7363
7498
7414
7479
7482
7522
7382
7496
7509
7336
7312
7307
7315
7202
7198
7287
7079
7032
7025
7060
7144
7285
7357
7291
7335
7282
7276
7246
7278
7190
7234
7154
7153
7165
7230
7366
7329
7260
7205
7236
7130
7001
7004
6945
6934
7002
6983
7002
7076
7060
7027
6986
6854
6885
6778
6725
6644
6542
6572
6541
6538
6434
6322
6304
6222
6133
6020
5996
5959
5959
6013
5850
5867
5788
5835
5772
5840
5809
5852
5746
5806
5854
5821
5828
5899
5948
5964
5988
5961
6028
6099
6000
6092
6161
6050
6010
6140
6097
6035
5962
5997
5849
5837
5749
5828
5925
5823
5761
5719
5714
5760
5754
5766
5879
5865
5764
5753
5722
5668
5620
5536
5673
5635
5793
5679
5601
5566
5575
5585
5613
5551
5521
5641
5557
5598
5604
5590
5614
5690
5720
5651
5433
5363
5296
5298
5252
5284
5374
5232
5251
5257
5288
5295
5438
5466
5510
5458
5499
5414
5468
5532
5431
5507
5585
5472
5499
5603
5591
5586
5608
5665
5592
5443
5463
5480
5498
5437
5374
5362
5373
5229
5098
5134
5192
5172
5135
5065
5260
5281
5260
5315
5248
5264
5253
5291
5288
5304
5341
5453
5427
5419
5267
5244
5201
5119
5300
5343
5311
5368
5299
5291
5304
5342
5339
5236
5211
5153
5142
5255
5419
5515
5544
5555
5482
5468
5470
5413
5452
5516
5449
5523
5617
5685
5768
5651
5600
5605
5576
5708
5706
5861
5900
5787
5837
5821
5779
5784
5841
5823
5695
5568
5516
5480
5385
5340
5372
5376
5376
5308
5336
5442
5517
5491
5537
5518
5393
5361
5382
5415
5542
5501
5436
5548
5531
5451
5472
5522
5634
5657
5405
5398
5419
5337
5194
5294
5216
5303
5187
5240
5267
5368
5441
5554
5526
5632
5592
5447
5389
5331
5415
5288
5337
5316
5463
5304
5216
5112
5074
5124
5219
5192
5206
5044
5127
5079
5114
5157
5164
5065
5011
4915
4926
5003
4995
5024
5066
5109
5112
5070
5081
5164
5230
5121
5029
4986
4999
5058
5254
5052
5000
5036
5054
5027
5048
5112
5238
5255
5171
5156
5089
5049
5192
5025
5077
5174
5258
5158
5168
5219
5191
5231
5138
5009
4910
5006
4920
4864
4774
4902
4810
4721
4692
4728
4770
4745
4745
4822
4774
4807
4814
4857
4816
4812
4781
4809
4726
4718
4728
4621
4661
4597
4516
4541
4465
4508
4490
4452
4389
4254
4280
4302
4274
4268
4315
4422
4528
4565
4642
4577
4585
4557
4510
4559
4579
4685
4616
4538
4623
4600
4651
4650
4652
4681
4617
4610
4671
4612
4703
4739
4778
4629
4693
4735
4758
4808
4841
4916
4881
4917
4821
4731
4835
4895
4865
4941
4974
5084
5119
5080
5015
4984
5054
5033
5001
4906
4840
4830
4844
4819
4748
4786
4800
4826
4854
4829
4932
4897
4850
4919
4861
4961
4910
4914
5055
5090
5059
5176
5273
5263
5306
5272
5253
5169
5073
4991
5054
5032
5015
4940
4930
4969
4978
4958
4971
4985
4855
4986
4932
4994
4899
4882
4916
4935
4852
4839
4828
4879
4812
4745
4756
4790
4878
4930
4953
4907
4832
4883
4680
4614
4664
4563
4568
4528
4584
4453
4589
4734
4654
4628
4683
4660
4762
4789
4720
4717
4694
4742
4886
4842
4937
4952
4941
4890
4834
4973
4931
4957
4917
4963
5019
5001
5037
4972
4853
4878
4933
4929
5009
5024
5069
4942
4968
5000
5066
4922
4861
4814
4758
4791
4870
4998
4906
4955
4949
5004
5053
5014
5016
5014
5123
5042
5070
5196
5245
5308
5218
5350
5333
5407
5412
5340
5436
5541
5521
5460
5442
5362
5334
5398
5365
5419
5382
5347
5264
5229
5017
4975
4911
4960
4951
4872
4897
4871
4804
4783
4831
4693
4659
4727
4736
4768
4659
4697
4711
4676
4755
4641
4702
4772
4778
4712
4621
4661
4719
4802
4745
4828
4962
4914
4933
4893
4820
4742
4751
4799
4820
4826
4860
4802
4717
4675
4761
4800
4844
4911
4924
5025
4975
5029
5011
4983
5016
5069
4932
4860
4897
4898
4925
4872
4775
4830
4785
4875
4934
4980
4963
4818
4789
4797
4831
4855
4954
5099
5087
5067
5226
5175
5176
5097
5131
5318
5280
5252
5354
5357
5345
5407
5238
5273
5277
5348
5456
5496
5485
5479
5478
5433
5390
5453
5468
5367
5414
5418
5344
5233
5105
4931
4862
4950
4945
4953
4776
4698
4701
4751
4834
4917
4902
4945
4965
4941
4808
5000
5036
5010
5060
5000
5147
5099
4976
5036
5048
5182
5227
5089
5056
5135
5284
5294
5264
5301
5257
5298
5319
5397
5390
5451
5490
5492
5534
5646
5732
5900
5832
5713
5756
5620
5486
5456
5358
5438
5382
5269
5198
5215
5239
5122
5192
5293
5401
5501
5453
5413
5272
5412
5376
5428
5622
5631
5672
5598
5622
5587
5522
5646
5788
5834
5823
5937
6070
6002
5933
5947
5881
5795
5761
5753
5765
5795
5875
5969
5926
5851
5773
5737
5834
5898
5962
5875
5890
5838
5919
5957
6086
6006
5972
5890
5945
5876
5905
5675
5679
5691
5725
5660
5634
5670
5609
5599
5584
5619
5746
5750
5671
5914
5807
5773
5877
5873
5727
5814
5740
5789
5772
5587
5498
5425
5350
5358
5420
5396
5474
5401
5412
5414
5482
5569
5523
5524
5506
5435
5420
5397
5332
5363
5260
5303
5204
5245
5265
5322
5294
5202
5291
5268
5271
5170
5055
5028
5076
5128
5073
5151
4993
5137
5108
5162
5056
5090
5173
5207
5188
5224
5230
5212
5229
5185
5273
5397
5317
5401
5387
5385
5467
5460
5468
5527
5627
5554
5578
5533
5617
5559
5555
5538
5468
5489
5585
5592
5563
5399
5435
5407
5224
5329
5336
5363
5334
5325
5358
5321
5369
5326
5362
5383
5397
5393
5334
5308
5329
5429
5376
5177
5294
5174
5275
5367
5360
5427
5446
5493
5495
5515
5535
5491
5676
5766
5702
5634
5674
5627
5493
5684
5721
5792
5897
5813
5805
5762
5775
5750
5717
5706
5620
5660
5607
5639
5552
5508
5604
5641
5701
5918
5897
6048
6170
6141
6177
6159
6255
6341
6292
6399
6394
6403
6345
6333
6207
6153
6098
5998
6042
6016
5961
5985
5906
5860
5850
5770
5820
5659
5641
5607
5609
5580
5633
5535
5410
5430
5375
5368
5411
5361
5382
5242
5309
5350
5351
5413
5454
5524
5523
5548
5625
5642
5734
5782
5845
5694
5645
5667
5675
5699
5829
5788
5819
5918
6056
5987
5843
5753
5929
5854
5817
5803
5774
5854
5841
5764
5741
5741
5834
5903
5738
5705
5616
5606
5758
5702
5824
5843
5801
5807
5796
5758
5849
5927
5999
6016
6101
6079
6107
6116
6034
6053
6018
5918
5972
6015
6082
6170
6088
6082
6047
6010
6059
6038
6057
6054
6055
6022
5941
5867
5790
5825
5810
5889
5880
5728
5822
5840
5906
5981
5901
5977
6105
6101
6110
6179
6099
6203
6146
6041
6118
6145
6147
6149
6203
6329
6518
6435
6412
6363
6557
6344
6322
6213
6148
6167
6177
6332
6383
6301
6356
6442
6342
6221
6329
6335
6261
6294
6161
6278
6169
6177
6114
6078
6113
6054
6001
5995
6063
6106
6090
6083
6141
5972
5968
5922
6043
6024
6142
6191
6224
6227
6268
6444
6420
6566
6548
6497
6470
6416
6397
6415
6477
6596
6622
6690
6650
6618
6728
6778
6763
6903
6898
6829
6748
6783
6841
6757
6772
6691
6669
6664
6779
6890
6749
6638
6802
6763
6770
6856
6762
6829
6917
6844
6750
6869
6995
7035
7135
7053
6997
7114
7119
7136
7276
7372
7258
7333
7332
7381
7454
7474
7468
7319
7285
7287
7324
7273
7132
7214
7278
7248
7196
7167
7094
7135
7213
7164
7175
7189
7220
7047
6940
6755
6770
6789
6839
6764
6859
6777
6697
6710
6753
6777
6651
6587
6587
6561
6502
6522
6430
6387
6469
6388
6419
6418
6525
6569
6494
6502
6597
6511
6311
6286
6210
6141
6224
6266
6193
6038
5965
5928
5831
5887
5932
5837
5818
5911
6025
6093
6106
6151
6098
5920
5814
5669
5706
5752
5785
5758
5872
5982
5956
5921
5865
5804
5876
5935
5993
6096
6070
6213
6120
6044
5939
6040
6170
6027
5956
5978
6052
6092
6068
6154
5971
5879
5868
5947
5993
6000
6023
6133
6140
6138
6261
6374
6431
6515
6541
6496
6417
6421
6655
6743
6796
6727
6906
7067
7063
6991
7050
7117
7128
7059
6952
6939
6981
6903
6985
6874
6857
6928
6907
6841
6850
6817
6828
6745
6753
6779
6809
6709
6724
6783
6789
6722
6558
6555
6697
6743
6725
6624
6579
6648
6634
6680
6652
6659
6528
6548
6569
6531
6460
6530
6454
6478
6587
6663
6649
6753
6612
6497
6443
6449
6518
6607
6571
6576
6612
6544
6601
6657
6668
6539
6569
6729
6726
6771
6594
6614
6616
6607
6492
6408
6393
6389
6329
6356
6359
6334
6286
6265
6352
6449
6441
6458
6398
6310
6326
6405
6472
6448
6460
6427
6420
6279
6344
6267
6288
6302
6208
6212
6207
6191
6158
6141
6106
6055
5983
5939
6007
6110
6029
5862
5976
5950
5994
5936
5969
6068
5954
5959
5947
5827
5906
5860
5914
5856
5894
5840
5972
5856
5840
5881
5821
5869
5872
5899
5778
5841
5900
5820
5869
5771
5769
5795
5723
5813
5843
5820
5648
5686
5657
5637
5603
5598
5706
5661
5562
5627
5552
5496
5567
5609
5735
5648
5754
5833
5867
5850
5869
5860
5787
5788
5710
5690
5734
5781
5837
5840
5843
5865
5844
5869
5879
5922
5934
5930
5954
5976
6039
5994
5958
5913
5826
5770
5857
5759
5757
5702
5719
5651
5691
5644
5891
5869
5800
5761
5657
5717
5602
5644
5677
5740
5717
5723
5713
5805
5803
5698
5744
5782
5860
5872
5806
5842
5943
5910
5969
6029
6182
6192
6194
6069
6077
6091
6160
6134
6136
6302
6307
6230
6273
6239
6138
6130
6053
6100
6009
6068
6227
6241
6327
6174
6059
6036
5997
6030
5952
5848
5790
5885
5969
5898
5961
5883
6156
6223
6204
6191
6173
6143
6215
6118
6112
6175
6151
6081
6169
6212
6087
6255
6117
6145
6065
6069
6153
6106
6093
6124
6190
6079
5930
5958
6077
6077
6069
6066
6120
6099
6118
6137
6148
6180
6061
5987
5806
5849
5843
5777
5840
5804
5819
5791
5874
5898
5916
5915
5968
5908
5804
5788
5791
5864
5767
5801
5790
5882
5732
5655
5767
5771
5667
5639
5646
5726
5664
5603
5591
5653
5706
5692
5684
5782
5734
5712
5636
5560
5452
5385
5236
5277
5366
5394
5426
5458
5492
5475
5495
5501
5386
5427
5453
5509
5562
5731
5615
5599
5684
5810
5866
5936
5943
5828
5825
5980
5924
5986
6013
6082
6041
5993
6008
6172
6347
6313
6258
6368
6310
6355
6270
6261
6261
6305
6266
6301
6275
6289
6300
6306
6336
6310
6362
6393
6491
6574
6601
6472
6584
6687
6727
6692
6613
6749
6773
6735
6900
7029
6982
6959
6947
6937
6887
6705
6667
6623
6514
6458
6455
6381
6391
6525
6469
6567
6664
6670
6697
6718
6674
6701
6638
6654
6639
6679
6748
6666
6582
6484
6541
6465
6334
6307
6198
6085
6097
6082
6116
6232
6271
6296
6304
6290
6370
6339
6238
6287
6196
6077
6163
6090
6004
6005
5919
6002
6085
6017
5907
5835
5895
5913
5809
5781
5775
5872
5831
5694
5636
5578
5596
5666
5738
5677
5819
5824
5686
5704
5709
5789
5600
5520
5596
5635
5617
5659
5694
5693
5764
5775
5892
5891
5913
5933
5844
5781
5968
5941
6072
6158
6183
6114
6104
6134
6193
6229
6107
6049
6116
6023
6012
6124
5991
5954
5896
5799
5886
5972
5972
5948
5837
5946
5973
6087
6047
5887
6020
6006
6037
6150
6195
6182
6114
6131
6118
6104
6039
6134
6006
5892
5888
5858
5744
5630
5578
5608
5614
5631
5520
5581
5697
5411
5353
5397
5540
5499
5581
5588
5631
5750
5737
5813
5714
5755
5793
5845
5844
5821
5870
5817
5847
5940
5822
5821
5884
5820
5856
5766
5658
5721
5691
5787
5798
5739
5727
5599
5656
5710
5713
5581
5744
5878
5817
5914
5938
5924
6001
5837
5923
5879
5831
5737
5700
5630
5619
5586
5416
5478
5477
5493
5445
5378
5353
5281
5227
5201
5255
5251
5210
5218
5316
5417
5429
5419
5615
5633
5575
5546
5505
5588
5698
5584
5556
5569
5610
5567
5625
5561
5676
5661
5652
5580
5712
5743
5909
5850
5798
5771
5793
5778
5830
5897
5912
5866
5872
5793
5819
5851
5777
5876
5952
5840
5823
5887
5953
5885
5983
5953
5877
5896
5941
5964
5734
5894
5873
5919
5912
5976
5872
5930
5954
5969
5985
6003
6004
6061
5975
6080
6007
6013
5982
6076
6111
6328
6324
6320
6353
6381
6369
6402
6287
6288
6350
6317
6148
6218
6144
6224
6301
6442
6451
6443
6427
6476
6581
6604
6509
6416
6354
6287
6307
6284
6292
6250
6378
6510
6474
6662
6775
6839
6922
7057
7178
7227
7241
7206
7302
7460
7341
7288
7285
7329
7261
7251
7219
7353
7266
7292
7027
6948
6898
6929
6939
6954
7000
7014
6930
7025
7070
7043
6909
6856
6817
6895
6803
6753
6815
6762
6620
6718
6706
6802
6917
6961
6901
6812
6753
6774
6547
6600
6631
6707
6627
6685
6680
6652
6659
6712
6727
6661
6718
6751
6859
6895
6914
6915
6817
6795
6885
6748
6742
6820
6760
6727
6745
6720
6678
6787
6708
6575
6594
6520
6482
6425
6587
6581
6530
6464
6546
6461
6445
6406
6431
6380
6407
6294
6314
6290
6345
6251
6183
6276
6427
6372
6479
6407
6340
6294
6242
6271
6351
6334
6294
6405
6350
6409
6298
6200
6376
6448
6198
6203
6186
6211
6173
6217
6236
6258
6287
6406
6341
6363
6345
6212
6182
6203
6316
6391
6311
6389
6367
6318
6183
6306
6279
6201
6100
6001
5948
5871
5816
5848
5920
5809
5842
5999
5954
6024
5975
5908
6037
6075
6042
5869
5963
6081
5875
5818
5835
5811
5928
5887
6030
5965
5878
5803
5740
5630
5603
5615
5667
5608
5620
5674
5795
5721
5692
5717
5618
5678
5597
5633
5672
5646
5643
5693
5642
5686
5789
5855
5844
5726
5718
5873
5956
5880
5983
5984
5937
5889
5882
5867
5769
5835
5757
5731
5684
5618
5661
5750
5700
5741
5725
5621
5519
5478
5399
5322
5343
5427
5409
5358
5264
5233
5194
5222
5349
5379
5321
5399
5501
5506
5658
5738
5804
5682
5629
5736
5641
5709
5769
5844
5806
5751
5884
5916
5997
5909
5951
5980
6012
6034
5933
6071
6223
6232
6141
6232
6285
6341
6460
6439
6494
6512
6661
6750
6722
6757
6744
6742
6688
6735
6702
6577
6499
6503
6495
6488
6393
6430
6493
6647
6437
6336
6383
6476
6535
6538
6533
6562
6494
6433
6503
6549
6486
6539
6646
6619
6577
6643
6633
6506
6405
6519
6516
6537
6544
6421
6350
6311
6376
6408
6370
6362
6281
6174
6235
6142
6122
6094
6024
5985
6041
6117
5935
5912
5997
6032
6064
6209
6176
6173
5978
6117
5986
6015
6050
5995
6007
6023
6102
6037
6085
5941
5869
5855
5765
5740
5616
5586
5582
5554
5667
5663
5763
5835
5885
5857
5912
5905
5908
5836
5866
5823
5836
5768
5765
5755
5713
5772
5839
5844
5761
5757
5686
5712
5824
5864
5868
5852
5898
5842
5879
5787
5672
5752
5637
5644
5587
5605
5683
5543
5577
5631
5764
5764
5800
5774
5829
5774
5876
5751
5672
5766
5826
5761
5709
5835
5799
5921
6023
6036
6106
6194
6272
6247
6214
6239
6329
6263
6403
6502
6381
6434
6375
6406
6414
6395
6362
6393
6472
6447
6401
6307
6235
6306
6079
6131
6165
6094
6063
6102
6138
6174
6146
6022
6054
6006
6154
6139
6155
6053
6062
6087
6094
6116
6187
6242
6173
6201
6300
6390
6437
6395
6422
6421
6268
6254
6155
6139
6176
6241
6245
6200
6247
6379
6410
6287
6322
6210
6237
6410
6362
6324
6287
6136
6071
6058
6007
6060
6041
6032
6048
5967
5930
5830
5944
5946
5843
5732
5759
5818
5822
5936
5928
5928
6123
5970
5885
5908
5867
5863
5901
5811
5799
5758
5828
5900
5870
5920
5901
5904
5934
5855
6026
6113
6189
6028
5989
6085
6087
6113
6207
6217
6235
6104
6206
6260
6263
6267
6335
6245
6271
6231
6251
6247
6263
6273
6229
6174
6118
6198
6158
5986
5999
5966
5861
5925
6012
6069
6158
6335
6207
6076
5912
5816
5775
5801
5844
5946
5953
5965
5961
5908
6076
6157
6130
6091
6068
6178
6184
6136
6163
6052
6086
6057
6015
6019
6092
5967
5956
5758
5745
5840
5818
5897
5775
5864
5932
6041
6041
6022
5999
6058
6057
6130
6122
6114
6084
6192
6358
6259
6296
6183
6086
5939
5917
5902
5838
5867
5871
5819
5763
5888
5817
5911
5863
5865
5989
6081
6293
6360
6394
6376
6267
6449
6506
6449
6372
6343
6534
6482
6561
6613
6493
6460
6549
6520
6495
6282
6110
6112
6076
6129
6038
5957
5950
5899
5884
5833
5773
5735
5771
5583
5604
5490
5623
5647
5530
5564
5631
5571
5614
5449
5358
5212
5325
5360
5273
5190
5199
5288
5336
5331
5341
5426
5453
5340
5249
5162
5184
5195
5206
5196
5225
5217
5242
5162
5201
5169
5089
5137
5237
5198
5199
5071
5129
5150
5129
5142
5130
5070
5103
5201
5291
5165
5196
5238
5198
5242
5270
5340
5360
5319
5191
5171
5262
5315
5268
5212
5305
5322
5295
5190
5037
5207
5167
5264
5240
5289
5375
5337
5398
5450
5552
5484
5540
5625
5617
5613
5654
5575
5483
5386
5347
5333
5364
5398
5446
5428
5403
5375
5454
5380
5491
5507
5592
5461
5398
5283
5155
5189
5150
5183
5317
5398
5455
5456
5408
5412
5389
5467
5417
5395
5348
5511
5574
5688
5606
5552
5534
5460
5444
5483
5548
5470
5448
5476
5459
5554
5493
5483
5433
5395
5389
5369
5416
5494
5447
5533
5479
5391
5330
5300
5314
5351
5502
5426
5552
5346
5418
5389
5311
5339
5413
5404
5371
5309
5210
5098
4996
4994
4856
4921
4935
4961
4834
4687
4647
4704
4702
4659
4618
4590
4598
4545
4471
4417
4437
4341
4277
4356
4359
4250
4162
4179
4210
4146
4141
4212
4209
4278
4182
4162
4220
4181
4227
4269
4373
4387
4313
4214
4157
4248
4245
4288
4260
4307
4255
4303
4344
4313
4348
4267
4291
4374
4346
4395
4433
4399
4339
4476
4404
4420
4457
4578
4469
4443
4521
4608
4608
4544
4597
4659
4714
4758
4784
4760
4783
4782
4814
4925
4892
5048
5227
5298
5261
5207
5200
5165
5226
5421
5414
5368
5442
5474
5485
5466
5388
5336
5270
5266
5222
5198
5231
5225
5193
5140
5137
5231
5251
5245
5280
5194
5194
5242
5251
5187
5139
5237
5371
5347
5422
5458
5439
5611
5669
5490
5554
5594
5669
5604
5586
5661
5727
5726
5814
5748
5810
5797
5785
5692
5810
5849
5965
6014
5931
5994
6089
6091
6229
6406
6391
6482
6515
6512
6340
6506
6501
6530
6483
6494
6636
6604
6407
6474
6292
6306
6301
6258
6307
6205
6372
6365
6347
6396
6432
6472
6411
6354
6328
6274
6209
5918
5941
6035
5911
6030
6029
6049
6076
6115
6091
6104
6170
6286
6267
6401
6314
6241
6168
6195
6014
5926
5959
5881
5977
5974
5847
5816
5908
5959
5843
5762
5708
5577
5677
5728
5726
5764
5807
5797
5756
5706
5687
5612
5546
5557
5707
5594
5580
5594
5624
5756
5700
5770
5854
5815
5749
5734
5758
5648
5622
5540
5476
5585
5556
5538
5636
5615
5669
5753
5812
5753
5661
5546
5554
5635
5585
5648
5513
5634
5657
5680
5673
5630
5596
5598
5588
5636
5626
5679
5523
5616
5626
5671
5693
5639
5662
5773
5882
5728
5835
5688
5734
5716
5894
5939
5993
5810
5812
5763
5714
5669
5588
5631
5566
5535
5444
5501
5505
5448
5479
5511
5456
5529
5576
5481
5579
5621
5627
5680
5644
5606
5557
5673
5564
5543
5498
5626
5485
5472
5350
5423
5401
5386
5301
5349
5364
5364
5427
5464
5509
5478
5475
5468
5387
5416
5347
5442
5316
5340
5416
5469
5454
5339
5386
5370
5329
5294
5271
5261
5305
5213
5157
5180
5108
5082
5161
5125
5159
5129
5216
5245
5240
5306
5326
5333
5336
5351
5381
5276
5206
5236
5249
5098
5149
5207
5253
5322
5266
5296
5187
5253
5349
5393
5400
5459
5522
5569
5650
5712
5681
5662
5694
5671
5636
5615
5583
5668
5647
5639
5552
5548
5431
5281
5305
5265
5235
5404
5395
5372
5417
5447
5313
5336
5384
5400
5442
5437
5394
5351
5564
5624
5602
5745
5790
5778
5893
5855
5769
5610
5747
5687
5539
5457
5387
5367
5372
5474
5464
5414
5411
5338
5322
5254
5078
5087
5103
5166
5142
5106
5173
5152
5098
4974
5023
5168
5081
5108
5252
5323
5364
5410
5366
5357
5435
5451
5247
5106
5136
5190
5212
5172
5236
5094
5069
5046
5123
5193
5209
5177
5043
5137
5193
5119
5126
5115
5149
5238
5233
5257
5231
5308
5441
5466
5226
5200
5199
5189
5184
5304
5268
5302
5284
5451
5484
5428
5493
5399
5465
5397
5302
5293
5334
5300
5281
5314
5279
5182
5123
5072
5064
5175
5128
5211
5279
5319
5326
5399
5403
5340
5560
5558
5581
5493
5489
5510
5568
5551
5571
5667
5575
5641
5758
5630
5689
5730
5844
5643
5608
5663
5509
5559
5577
5650
5597
5658
5572
5595
5492
5430
5327
5173
5209
5080
4966
4860
4830
4939
5007
5076
5086
5159
5180
5188
5269
5265
5220
5136
5211
5257
5315
5308
5275
5329
5451
5517
5483
5519
5460
5483
5442
5396
5317
5259
5407
5347
5430
5556
5586
5417
5459
5441
5361
5303
5326
5385
5392
5410
5477
5574
5525
5404
5412
5525
5330
5420
5443
5354
5515
5548
5621
5586
5646
5626
5543
5572
5545
5630
5599
5569
5466
5378
5421
5414
5355
5308
5249
5217
5245
5193
5304
5282
5362
5315
5300
5287
5321
5396
5542
5557
5555
5566
5578
5633
5636
5758
5806
5901
5916
5907
5856
5879
5867
5765
5595
5530
5506
5555
5610
5730
5776
5838
5883
5936
5828
5700
5716
5706
5728
5768
5773
5759
5682
5718
5687
5733
5706
5545
5548
5532
5513
5409
5403
5237
5304
5267
5149
5121
5138
5022
5027
5058
5032
5085
5178
5240
5115
5091
5067
5085
5154
5230
5307
5268
5276
5275
5322
5325
5307
5203
5302
5331
5315
5230
5118
5013
5009
5004
4997
5001
4894
4838
4789
4933
4853
4817
4847
4965
5012
5127
5238
5263
5254
5258
5268
5225
5203
5288
5238
5212
5195
5056
5052
5067
5264
5261
5211
5180
5153
5137
5077
5025
4935
4983
5098
5204
5186
5117
5087
5126
5105
5204
5165
5131
5168
5258
5307
5234
5279
5263
5282
5243
5225
5244
5230
5204
5323
5228
5265
5325
5347
5354
5362
5406
5344
5422
5351
5411
5471
5555
5499
5421
5524
5510
5424
5469
5462
5529
5556
5620
5641
5539
5526
5515
5477
5528
5515
5392
5400
5348
5332
5387
5402
5442
5317
5360
5408
5462
5394
5278
5336
5390
5441
5464
5492
5673
5821
5970
5989
6012
6000
5969
5906
5860
5804
5814
5736
5834
5877
5899
5884
5851
5888
5892
5990
6064
6094
6084
6043
6171
6173
6278
6181
6073
6061
5986
6079
6013
6063
5947
5961
5957
5978
5884
5888
5827
6015
5978
6072
5998
5946
5877
5958
5988
5988
6014
6074
6045
6111
6202
6154
6209
6152
6213
6276
6163
6184
6215
6313
6313
6244
6265
6161
6036
5977
5867
5833
5879
6028
6117
6294
6208
6235
6273
6172
6042
6051
6067
6133
6165
6248
6210
6203
6303
6372
6460
6489
6593
6567
6480
6429
6443
6501
6487
6496
6448
6279
6204
6177
6125
6105
6010
5949
5874
5759
5767
5692
5793
5685
5634
5549
5543
5435
5427
5434
5350
5379
5410
5265
5322
5252
5157
5021
4999
4891
4955
4976
5019
5116
5178
5124
5094
5033
5018
5120
4990
5021
5082
5274
5338
5327
5397
5393
5428
5516
5559
5484
5397
5267
5267
5286
5401
5513
5646
5778
5767
5672
5624
5574
5566
5661
5670
5725
5746
5698
5585
5534
