505000
200412
141957
111204
92517
79348
69758
62611
56585
51149
47750
44770
42017
39619
37597
35405
33724
32250
30538
29348
28196
27107
25949
25149
24204
23602
22995
22606
21865
21660
20987
20235
19669
19297
19157
18854
18518
18326
18212
17660
17332
17138
16701
16426
16187
15884
15456
15126
15026
14666
14368
14139
13994
13983
13714
13470
13254
13329
13035
12987
12849
12762
12481
12097
11935
11837
11721
11534
11642
11441
11267
11164
11164
10833
10867
10821
10835
10797
10609
10579
10541
10541
10522
10447
10469
10211
10175
10053
9935
10022
9949
9743
9752
9615
9678
9679
9681
9546
9369
9451
9372
9286
9199
9089
9147
9179
9102
9020
8946
8891
8733
8528
8549
8397
8355
8389
8198
8219
8135
8283
8234
8204
8194
7991
8011
7946
7912
8001
7944
8032
8044
8057
8013
7990
7998
7910
8027
7980
8086
8073
7995
7928
7760
7753
7458
7408
7514
7627
7521
7502
7512
7578
7533
7500
7559
7439
7319
7348
7394
7395
7311
7194
7287
7268
7384
7354
7453
7352
7339
7294
7213
7212
7117
7104
7047
7035
6918
6917
6949
6921
6926
6942
6915
6938
6945
7038
6971
6972
6885
6921
6934
6916
6925
6917
6899
6928
6942
7020
7081
7124
7185
7106
7033
6988
6956
6872
6882
7044
7062
7189
7207
7158
7363
7385
7457
7574
7487
7628
7694
7722
7806
7794
7753
7561
7591
7441
7380
7331
7208
7152
7173
7180
7269
7203
7229
7225
7298
7323
7218
7248
7193
7188
7116
7046
7036
6829
6809
6935
7118
7057
6994
6845
6798
6723
6647
6661
6754
6800
6847
6885
6894
6945
6807
6831
6735
6802
6856
6912
7015
7027
7077
7005
7089
7149
7059
6994
7023
7093
7141
7309
7360
7377
7272
7276
7286
7295
7132
7119
6975
6912
6863
6799
6743
6631
6549
6632
6635
6634
6516
6388
6268
6137
6017
5996
6043
6101
6056
5958
5938
5880
5918
6088
6139
6039
6204
6296
6063
6231
6220
6232
6284
6378
6276
6387
6477
6308
6285
6303
6241
6305
6218
6188
6178
6141
6252
6211
6205
6213
6269
6189
6134
6157
6229
6102
6084
6083
6090
6154
6170
6096
6009
5949
5855
5731
5809
5862
5889
5875
5789
5799
5853
5865
5862
5848
5881
5949
5962
6040
6010
6056
5977
6051
6033
5920
5840
5686
5654
5550
5526
5437
5490
5434
5346
5510
5581
5516
5644
5692
5758
5832
5765
5844
5980
6024
6093
6175
6147
6055
5981
5938
6020
6032
6150
6099
6086
5988
5913
5881
5856
5990
6015
6042
6065
6128
6089
6043
6021
5974
5999
6076
6037
5880
5826
5762
5743
5724
5767
5836
5744
5675
5610
5603
5564
5545
5557
5562
5538
5544
5611
5736
5656
5686
5760
5675
5768
5785
5821
5874
5895
5956
5896
5865
5821
5834
5832
5882
5925
5931
5872
5884
5766
5699
5708
5722
5758
5705
5677
5733
5593
5595
5499
5617
5696
5480
5487
5509
5444
5399
5527
5507
5451
5653
5800
5803
5779
5755
5707
5692
5789
5788
5807
5884
5907
5864
5773
5828
5823
5816
5894
5765
5745
5805
5741
5765
5703
5806
5700
5664
5717
5743
5779
5729
5796
5719
5726
5812
5838
5726
5720
5595
5501
5575
5658
5637
5611
5525
5721
5673
5614
5612
5587
5473
5429
5448
5431
5383
5425
5398
5573
5542
5581
5514
5417
5295
5333
5303
5348
5275
5241
5261
5233
5073
5027
4921
4894
4999
5034
5035
5022
5036
4940
5005
5018
5000
4949
4961
4972
4978
5023
4969
4868
4907
4794
4889
4785
4806
4877
4726
4738
4727
4747
4728
4745
4697
4864
4845
4944
5107
5206
5333
5373
5451
5405
5442
5497
5484
5521
5394
5428
5393
5377
5296
5244
5425
5407
5387
5443
5455
5347
5348
5310
5389
5370
5253
5137
5052
5085
5064
5255
5351
5431
5344
5250
5245
5175
5157
5162
5167
5153
5010
5000
5028
5043
5035
5072
5083
5126
5090
5123
5055
5032
5063
5076
5072
5087
5102
5080
5065
5062
5154
5145
5277
5371
5381
5404
5494
5500
5569
5448
5421
5436
5474
5473
5538
5531
5408
5388
5284
5303
5235
5345
5384
5405
5293
5210
5124
5155
5090
5074
5044
4909
4908
4835
4844
4902
4892
4976
4957
4949
5125
5174
5119
5226
5266
5256
5172
5286
5255
5217
5166
5196
5224
5248
5340
5359
5324
5328
5276
5239
5245
5396
5277
5316
5244
5337
5320
5393
5387
5365
5370
5337
5483
5494
5514
5443
5468
5387
5357
5410
5363
5424
5575
5564
5637
5701
5802
5802
5625
5574
5597
5706
5760
5792
5847
5929
5976
6020
6038
6081
6029
5991
5903
5791
5846
5801
5804
5761
5700
5692
5759
5677
5744
5828
5699
5650
5663
5777
5844
5920
5788
5727
5681
5549
5577
5476
5371
5494
5468
5463
5509
5586
5631
5616
5639
5626
5720
5537
5506
5490
5475
5527
5581
5518
5595
5498
5524
5567
5390
5458
5439
5417
5417
5450
5416
5509
5538
5484
5384
5264
5266
5279
5326
5323
5220
5313
5226
5337
5461
5502
5481
5529
5514
5447
5534
5515
5630
5618
5682
5743
5731
5651
5532
5613
5611
5683
5739
5704
5684
5827
5749
5767
5724
5783
5800
5771
5808
5766
5739
5865
5771
5807
5799
5858
5883
5704
5700
5695
5565
5502
5664
5781
5750
5758
5867
5852
5845
5860
5794
5787
5756
5863
5903
5932
5887
5864
5839
5857
5815
5837
5933
5988
5958
6014
6065
6197
6188
6075
6134
6214
6318
6425
6375
6371
6394
6505
6534
6475
6294
6224
6145
6103
6208
6116
6115
6210
6034
5938
5928
5940
5965
6084
6099
6009
6041
5997
6037
6111
5949
6128
6190
6078
6049
6022
6097
6028
6006
6037
6003
5996
5963
5979
5905
5946
5968
6016
5902
5854
5885
6032
5971
6084
6057
6001
6075
6038
6062
6034
6006
6039
5931
5989
5896
5883
6030
6017
6010
5935
5845
5907
6064
6054
6119
6102
5995
6117
6120
6168
6112
6149
6187
6180
6236
6197
6158
6234
6302
6323
6454
6440
6316
6417
6415
6365
6374
6358
6437
6386
6507
6426
6488
6391
6377
6429
6331
6155
6262
6201
6086
6092
6218
6230
6370
6170
6171
6155
6172
6166
6174
6213
6166
6165
6155
6217
6121
6210
6190
6146
6054
6066
6104
6110
6131
6163
6261
6299
6270
6349
6422
6352
6341
6410
6468
6371
6322
6249
6222
6103
6021
5923
5935
6010
5983
5987
6008
6115
6034
5883
5840
5807
5770
5878
5721
5811
5732
5688
5610
5619
5633
5728
5969
5963
5861
5819
5824
5866
5897
5901
5849
5879
5798
5719
5760
5818
5908
5867
5849
5919
5878
5751
5769
5795
5708
5649
5808
5843
5838
5788
5819
5822
5855
5736
5694
5621
5675
5739
5760
5818
6008
6053
5942
5824
5722
5801
5847
5901
5925
5880
5930
5920
5761
5846
5734
5684
5690
5716
5703
5759
5831
5751
5762
5795
5805
5814
5812
5734
5600
5723
5569
5575
5464
5534
5517
5619
5684
5608
5705
5668
5712
5520
5438
5459
5401
5324
5247
5199
5243
5276
5243
5282
5322
5449
5420
5363
5387
5491
5439
5534
5589
5584
5494
5529
5438
5427
5324
5353
5362
5516
5528
5585
5576
5599
5585
5464
5423
5415
5461
5462
5464
5494
5531
5483
5371
5506
5429
5493
5466
5444
5461
5567
5503
5556
5632
5686
5694
5598
5548
5508
5578
5508
5529
5570
5536
5446
5408
5295
5308
5520
5458
5412
5335
5433
5365
5346
5441
5395
5258
5239
5230
5363
5273
5317
5338
5279
5352
5267
5241
5247
5218
5250
5398
5309
5168
5188
5170
5287
5351
5208
5190
5210
5097
5080
5017
4985
4954
4977
4955
5025
5058
5020
4953
4857
4880
4825
4952
5043
5036
4818
4775
4672
4764
4818
4985
4993
4992
5020
5005
5163
5136
5259
5194
5134
5145
5030
5042
5004
5012
4980
5018
4982
4953
5038
5113
5056
4890
4809
4941
4944
4878
4892
4885
4886
4894
4862
4881
4926
4914
4890
4853
4857
4936
4912
4857
4910
4808
4778
4837
4880
4827
4887
4829
4710
4746
4667
4684
4669
4691
4689
4665
4579
4624
4785
4833
4823
4740
4789
4844
4869
4834
4819
4788
4779
4774
4727
4721
4735
4768
4699
4741
4733
4850
4780
4795
4878
4900
4984
5000
4950
4890
4820
4906
4918
4971
4940
4945
4932
4896
4786
4759
4836
4861
4895
4919
5019
4906
4888
4873
4931
4948
4989
5073
5064
5103
5071
5042
5045
5032
5031
5058
5112
5165
5160
5243
5221
5291
5267
5346
5286
5328
5415
5487
5356
5331
5331
5378
5376
5330
5339
5380
5495
5435
5509
5540
5602
5625
5597
5654
5722
5687
5594
5674
5697
5741
5753
5850
5891
5913
5825
5811
5687
5629
5546
5636
5703
5776
5966
5962
5909
5880
5949
5969
6064
6038
6011
6004
5993
5971
5954
5953
6003
5915
5791
5744
5679
5666
5506
5422
5523
5436
5321
5249
5184
5106
5158
5042
5110
4933
4936
4871
4859
4811
4910
4919
4963
4886
4957
5007
4981
5111
5041
4952
4906
4928
4896
4915
4999
4981
4954
4943
4857
4841
4898
4949
4850
4821
4880
4868
4908
5085
5129
5049
5062
5069
5053
4964
5005
5005
4997
4960
4922
4921
4926
4922
4959
4811
4893
4848
4864
4745
4814
4847
4672
4734
4734
4695
4732
4751
4766
4932
4861
4762
4799
4742
4768
4666
4738
4769
4836
4881
4935
4969
4985
4975
5105
5147
5166
5113
4985
5011
4891
4863
4808
4744
4776
4819
4832
4785
4670
4763
4711
4569
4486
4357
4340
4337
4332
4313
4285
4390
4318
4293
4228
4264
4153
4150
4054
4097
4190
4251
4275
4282
4180
4218
4213
4236
4131
4200
4108
4204
4218
4217
4369
4398
4325
4418
4507
4434
4365
4356
4283
4326
4428
4503
4456
4496
4502
4518
4649
4607
4686
4656
4573
4522
4580
4600
4630
4736
4798
4819
4752
4793
4796
4765
4780
4813
4623
4598
4576
4647
4698
4702
4681
4601
4606
4655
4697
4740
4656
4690
4874
4872
4804
4831
4908
4986
5023
5124
5136
5077
5048
4834
4881
4805
4794
4634
4699
4721
4761
4777
4840
4864
4949
4987
4927
4904
4880
4838
4759
4793
4811
4767
4938
4982
5069
5160
5147
5026
5015
5066
5137
5071
5062
5154
5067
5072
5004
5040
5073
5127
5144
5256
5196
5120
5150
5138
5067
5013
4993
5176
5096
5078
5152
5276
5274
5269
5319
5368
5328
5373
5368
5439
5504
5513
5575
5589
5614
5675
5639
5607
5523
5582
5479
5429
5458
5653
5594
5486
5446
5284
5311
5259
5216
5274
5337
5392
5231
5284
5237
5216
5296
5289
5231
5264
5238
5217
5122
5158
5156
5098
5051
5175
5171
5193
5085
5166
5224
5254
5334
5252
5264
5245
5246
5289
5303
5352
5298
5260
5347
5344
5403
5520
5523
5567
5539
5432
5336
5355
5449
5418
5442
5549
5619
5746
5848
5952
6009
5927
6059
6060
6003
6124
6105
6075
6221
6241
6111
6156
6120
6210
6313
6330
6337
6319
6301
6422
6342
6357
6361
6370
6403
6491
6412
6506
6478
6491
6380
6275
6305
6302
6301
6305
6328
6324
6176
6210
6168
6263
6144
6134
6269
6200
6090
6053
6024
5846
5658
5673
5665
5625
5615
5600
5557
5701
5679
5697
5796
5819
5666
5594
5643
5649
5756
5712
5760
5644
5662
5704
5717
5743
5742
5749
5820
5960
5899
5947
5910
5830
5882
5886
5804
5718
5685
5617
5524
5605
5556
5588
5518
5553
5537
5511
5501
5472
5444
5572
5504
5511
5434
5478
5606
5522
5542
5567
5668
5781
5869
6033
5951
5897
5726
5695
5672
5734
5587
5511
5610
5607
5636
5623
5692
5715
5815
5790
5913
5911
5901
5794
5849
5955
5816
5695
5734
5733
5813
5934
5910
5976
6062
6038
6060
5955
5930
5839
5800
5835
5909
5867
5907
5829
5737
5714
5637
5730
5787
5793
5642
5664
5713
5748
5801
5787
5796
5732
5740
5683
5648
5779
5809
5844
5777
5680
5657
5773
5773
5718
5801
5823
5770
5660
5816
5760
5747
5749
5780
5682
5682
5681
5692
5777
5697
5559
5466
5481
5489
5574
5767
5718
5683
5648
5714
5666
5580
5707
5718
5744
5629
5753
5781
5745
5783
5773
5801
5787
5823
5824
5801
5885
5993
6078
5923
5897
5940
6034
6013
6044
6152
6119
6016
6011
5784
5678
5728
5810
5826
5767
5731
5666
5720
5809
5953
5855
5687
5768
5729
5754
5810
5820
5823
5916
5843
5862
5966
5833
5876
5897
5871
5880
6002
5834
5910
5934
6128
6277
6273
6189
6073
6138
6065
6107
6104
6078
6201
6253
6254
6261
6295
6303
6301
6272
6355
6304
6191
6282
6324
6351
6398
6371
6352
6134
6114
6284
6214
6224
6241
6226
6339
6214
6108
6141
6318
6353
6227
6216
6135
6232
6289
6168
6353
6240
6150
6154
6174
6141
6171
6229
6142
6114
6057
6161
6211
6174
6236
6223
6269
6202
6231
6318
6259
6340
6376
6199
6241
6301
6179
6098
5915
6079
6115
6213
6146
6160
5932
6027
6041
6069
6107
6062
6050
6108
6152
6124
6172
6180
6263
6189
6115
6147
6321
6267
6333
6334
6276
6190
6204
6275
6347
6277
6363
6190
6152
6249
6235
6314
6248
6164
6215
6177
6137
6229
6163
6119
6148
6149
6164
6013
6010
6076
5894
5851
5750
5804
5720
5657
5549
5533
5559
5496
5338
5286
5271
5313
5287
5323
5271
5316
5346
5237
5217
5228
5327
5298
5245
5233
5215
5276
5334
5275
5292
5241
5299
5233
5028
5094
5125
5150
5121
5174
5226
5093
5186
5018
5098
5082
4979
5083
5088
5151
5218
5258
5177
5329
5322
5290
5406
5449
5278
5354
5280
5295
5317
5353
5348
5366
5457
5558
5562
5617
5545
5524
5511
5473
5405
5385
5410
5387
5376
5472
5473
5446
5502
5533
5482
5494
5467
5385
5402
5626
5618
5596
5522
5381
5402
5464
5371
5382
5256
5274
5256
5273
5318
5358
5396
5324
5241
5285
5255
5210
5219
5277
5255
5272
5190
5097
4916
5029
5015
4929
4932
4926
4849
4924
4905
4847
4863
4806
4784
4851
4848
4878
4763
4749
4780
4818
4857
4950
4896
4813
4731
4809
4771
4828
4940
4988
4941
4838
4883
4962
4985
5002
4934
4918
4941
4924
4870
4842
4766
4778
4760
4663
4638
4518
4531
4589
4582
4703
4776
4786
4882
4946
5073
5011
4974
4985
4950
4883
4812
4815
4877
4787
4649
4760
4855
4811
4767
4727
4808
4785
4852
4816
4848
4802
4804
4788
4821
4813
4755
4624
4482
4652
4776
4871
4860
4872
4861
4889
4884
4842
4891
4873
4913
4861
4910
4869
4924
4945
4958
4964
4928
4920
4910
4850
4929
5024
5006
4926
4902
4845
4932
4892
4907
4980
5023
5054
5013
5021
5061
5090
5067
5152
5076
5179
5125
5106
5174
5097
4968
4885
4859
4819
4743
4653
4664
4676
4685
4720
4801
4834
4711
4818
4795
4810
4899
4842
4896
5017
5086
5068
5285
5288
5339
5299
5244
5216
5213
5152
5031
5081
5061
4946
4967
4954
4987
4990
4967
5015
5078
5102
5167
5075
5090
5134
5126
5043
5035
5036
5158
5252
5326
5239
5086
5174
5172
5251
5262
5211
5260
5295
5285
5277
5270
5291
5302
5269
5310
5187
5091
5165
5112
5090
5187
5209
5179
5244
5383
5221
5260
5272
5313
5386
5414
5494
5358
5243
5301
5208
5213
5339
5385
5432
5428
5403
5243
5107
5141
5203
5237
5243
5248
5243
5282
5287
5284
5254
5221
5179
5208
5238
5251
5278
5279
5225
5302
5303
5355
5431
5479
5399
5295
5279
5288
5270
5330
5310
5300
5460
5365
5478
5511
5458
5511
5684
5805
5810
5786
5786
5846
5877
5828
5835
5836
5788
5838
5859
5807
5799
5706
5707
5602
5444
5370
5345
5327
5153
5085
5113
5097
5063
5063
5027
5214
5272
5215
5167
5111
5086
5000
5017
5152
5253
5290
5205
5202
5245
5329
5223
5286
5218
5162
5140
5123
5110
5071
5030
5118
5121
5180
5109
5128
5065
5074
5150
5199
5252
5314
5310
5347
5382
5531
5472
5490
5565
5529
5495
5520
5615
5735
5550
5557
5632
5696
5655
5648
5603
5591
5557
5812
5760
5927
5817
5901
5841
5881
5864
5905
5787
5695
5609
5600
5597
5657
5588
5613
5735
5797
5939
5904
5855
5942
5947
5894
5686
5694
5700
5702
5622
5590
5384
5418
5339
5418
5520
5380
5433
5385
5372
5325
5208
5311
5306
5162
5196
5175
5134
5271
5320
5313
5266
5210
5090
5087
4934
4850
4845
5075
5127
5105
5055
5033
5126
5191
5088
5116
5287
5368
5506
5515
5489
5619
5591
5596
5614
5438
5451
5354
5281
5303
5281
5274
5263
5224
5352
5411
5493
5442
5501
5508
5514
5566
5623
5639
5564
5536
5504
5535
5413
5544
5641
5661
5708
5702
5734
5743
5750
5775
5708
5739
5822
5799
5775
5759
5667
5542
5590
5747
5649
5799
5717
5760
5598
5560
5509
5488
5510
5487
5493
5646
5584
5559
5587
5674
5497
5559
5641
5826
5895
5912
5919
5859
5850
5844
5889
5957
5878
5910
5919
5809
5969
5917
5805
5725
5786
5875
5928
5982
5893
5837
5788
5858
5866
5830
5790
5746
5761
5660
5722
5702
5616
5639
5627
5590
5524
5482
5362
5383
5368
5339
5393
5434
5363
5450
5503
5594
5641
5645
5624
5570
5621
5485
5519
5458
5485
5367
5363
5429
5504
5647
5553
5541
5601
5473
5544
5595
5535
5560
5477
5458
5362
5455
5403
5383
5445
5448
5516
5548
5628
5584
5591
5511
5542
5538
5497
5572
5611
5818
5788
5832
5926
5983
6098
6173
6230
6129
6300
6304
6274
6342
6293
6240
6090
6134
6160
6182
6239
6263
6287
6142
6173
6275
6224
6285
6210
6233
6209
6240
6181
6076
6147
6170
6250
6322
6300
6279
6388
6463
6506
6347
6430
6362
6388
6398
6484
6540
6589
6573
6526
6430
6617
6578
6538
6478
6359
6291
6216
6270
6114
6085
5932
6084
5899
5965
5955
5914
6102
5987
5891
5903
5856
5853
5858
5927
6004
5986
5982
5933
6022
6032
6008
6046
5961
5825
5777
5770
5714
5650
5673
5636
5685
5631
5435
5568
5542
5671
5620
5595
5625
5665
5672
5610
5526
5479
5507
5433
5410
5348
5385
5482
5586
5444
5431
5544
5480
5520
5596
5601
5545
5487
5394
5452
5479
5423
5383
5341
5252
5288
5337
5413
5514
5535
5639
5618
5537
5487
5604
5623
5517
5621
5568
5538
5432
5618
5529
5666
5665
5627
5584
5667
5687
5613
5528
5619
5705
5597
5547
5406
5591
5650
5641
5714
5746
5757
5636
5706
5697
5730
5748
5729
5767
5765
5754
5731
5733
5685
5647
5747
5829
5888
5957
6005
6009
5994
5937
5957
6071
6008
5985
5999
6114
6179
6251
6286
6130
6243
6249
6168
6246
6213
6242
6254
6163
6155
6242
6164
6275
6343
6295
6346
6377
6385
6299
6259
6250
6317
6287
6285
6437
6287
6267
6165
5984
5914
5867
5907
5946
5958
6007
6009
5894
5957
5983
5996
6086
6013
6041
6034
6074
6079
6099
6179
6149
6193
6137
6116
6020
6021
5982
6016
5924
5874
5903
5941
5962
5980
5965
6003
6055
6019
6073
6211
6250
6254
6225
6086
6171
6136
6271
6433
6458
6376
6458
6588
6521
6436
6378
6537
6516
6552
6578
6677
6778
6788
6872
6952
6881
6806
6869
7032
7004
6947
6982
6890
6774
6854
6874
6855
6790
6762
6877
6703
6800
6767
6852
6766
6757
6635
6567
6593
6713
6648
6596
6519
6465
6214
6306
6282
6310
6343
6301
6176
6109
6053
6160
5986
6024
5941
6123
6049
6134
6077
5927
5926
5716
5747
5778
5692
5571
5600
5493
5723
5622
5528
5477
5448
5492
5503
5398
5300
5301
5184
5116
5210
5329
5370
5443
5430
5324
5271
5250
5327
5327
5307
5301
5136
5194
5313
5320
5257
5279
5266
5295
5340
5322
5303
5359
5387
5393
5416
5495
5534
5532
5487
5390
5430
5576
5516
5608
5521
5562
5572
5622
5556
5606
5634
5677
5748
5732
5703
5708
5751
5780
5905
5908
5922
5798
5715
5672
5585
5689
5575
5533
5594
5584
5635
5573
5553
5612
5590
5616
5650
5636
5619
5485
5369
5375
5541
5548
5528
5512
5317
5299
5261
5383
5360
5294
5392
5356
5251
5256
5209
5152
5243
5178
5217
5263
5239
5342
5323
5387
5279
5226
5315
5348
5445
5424
5506
5391
5440
5435
5323
5350
5396
5428
5608
5546
5426
5394
5545
5523
5508
5594
5536
5491
5475
5541
5525
5568
5533
5620
5717
5691
5703
5762
5762
5714
5686
5707
5659
5704
5748
5795
5778
5840
5967
5936
5932
6060
6022
6031
5973
6009
6056
6028
6063
6059
6054
6157
6192
6022
6032
5988
5942
5926
5846
5788
5811
5877
5864
5852
5789
5862
5845
5767
5831
5762
5640
5698
5648
5718
5670
5782
5758
5750
5696
5711
5724
5722
5736
5768
5660
5744
5801
5977
6017
5960
6010
5951
6032
5969
5922
5988
5880
5875
5869
5998
6084
6066
5926
5926
5962
5863
5750
5815
5862
5782
5791
5828
5930
6104
6077
6021
6014
5996
5868
5796
5759
5718
5753
5696
5748
5729
5720
5715
5690
5710
5671
5576
5633
5653
5583
5697
5665
5629
5711
5768
5771
5667
5666
5687
5692
5607
5647
5688
5638
5839
5889
5875
5769
5733
5587
5601
5535
5579
5660
5634
5626
5592
5612
5612
5653
5719
5722
5672
5700
5697
5652
5601
5596
5675
5601
5443
5345
5395
5393
5561
5584
5579
5598
5746
5703
5714
5610
5478
5454
5602
5529
5621
5620
5630
5625
5574
5435
5575
5595
5602
5633
5651
5796
5778
5754
5896
5960
6039
5944
5895
5939
5891
5846
6077
6099
6116
6177
6241
6174
6175
6238
6246
6171
6051
5919
5986
6040
5901
6023
6007
6006
6045
5848
5835
5733
5707
5827
5860
5941
5972
6028
6189
6206
6132
6173
6037
6102
6087
6042
6016
6059
6074
5985
6105
6085
6143
5982
6048
6028
6035
5941
5908
5874
5871
5921
5905
5826
5672
5612
5647
5553
5679
5711
5712
5786
5823
5845
5972
6056
6144
6082
5960
6014
5973
6024
6193
6163
6243
6113
6018
5965
5972
6050
6018
5855
5837
5761
5730
5650
5676
5682
5614
5563
5680
5707
5745
5721
5607
5644
5707
5712
5685
5711
5732
5692
5589
5486
5601
5652
5627
5592
5555
5467
5278
5223
5120
5243
5306
5392
5396
5385
5428
5390
5353
5405
5363
5375
5369
5369
5316
5159
5185
5118
5153
5035
5040
5110
5193
5129
5068
5021
5070
5167
5259
5282
5250
5251
5151
5189
5220
5318
5199
5298
5237
5268
5296
5203
5167
5178
5078
5189
5178
5140
5257
5217
5199
5074
5153
5138
5153
5071
5116
5041
5105
5079
5130
5169
5086
5257
5183
5146
5252
5290
5225
5179
5165
5123
5091
5134
5131
5206
5354
5401
5384
5261
5305
5240
5241
5331
5282
5335
5417
5512
5618
5615
5638
5689
5770
5799
5825
5814
5750
5731
5573
5657
5656
5681
5574
5578
5532
5559
5548
5601
5576
5599
5556
5671
5692
5624
5671
5578
5600
5649
5609
5718
5826
5826
5765
5805
5785
5939
6021
5889
5896
5790
5784
5683
5698
5655
5709
5677
5631
5612
5620
5517
5513
5494
5477
5450
5500
5475
5470
5379
5410
5362
5344
5303
5330
5387
5374
5434
5439
5376
5396
5346
5371
5338
5300
5304
5290
5334
5256
5230
5187
5149
5200
5222
5363
5574
5653
5773
5871
5895
5843
5825
5874
5913
5823
5826
5747
5819
5938
5986
6047
6107
6209
6228
6106
6160
6165
6313
6255
6271
6196
6079
6021
5943
5956
5940
6031
6100
6201
6111
6196
6122
6128
6080
6160
6322
6337
6356
6470
6500
6487
6435
6392
6370
6313
6367
6311
6268
6219
6122
6228
6116
6000
6054
6088
6089
6137
6228
6248
6184
6252
6240
6253
6361
6245
6168
6232
6328
6228
6236
6160
6188
6186
6230
6205
6341
6248
6151
6168
6110
6047
6009
5965
5986
6068
6022
5831
5681
5567
5483
5451
5481
5541
5652
5748
5725
5634
5600
5682
5633
5446
5482
5400
5277
5287
5367
5246
5290
5363
5509
5568
5689
5617
5676
5810
5773
5727
5575
5605
5527
5589
5652
5647
5621
5553
5564
5508
5495
5188
5146
5170
5146
5281
5198
5080
5023
4941
4990
5024
4916
4982
4926
4810
4928
4987
4924
4894
4978
4974
5057
5135
5067
5065
4962
4996
4996
4906
5045
4985
5003
5104
5109
5073
5184
5202
5262
5231
5343
5334
5204
5155
5239
5290
5254
5263
5177
5185
5190
5170
5174
5206
5249
5277
5323
5179
5186
5142
5135
4968
4988
4982
5020
4971
5034
5049
5080
5235
5219
5247
5236
5167
5180
5159
5128
5020
5003
4928
4953
4876
4827
4938
4999
4959
4982
4960
4880
4923
4880
4906
4932
4847
4828
4745
4774
4826
4892
4938
4952
4983
4985
4904
4919
4978
4947
4905
4964
4988
4971
4892
4790
4802
4652
4625
4520
4608
4630
4668
4774
4720
4702
4573
4595
4607
4583
4560
4581
4514
4461
4553
4582
4585
4592
4510
4646
4702
4665
4579
4573
4528
4501
4611
4669
4620
4501
4517
4485
4485
4369
4330
4350
4356
4279
4388
4372
4338
4364
4358
4400
4458
4473
4379
4504
4554
4588
4702
4702
4628
4623
4503
4388
4452
4472
4384
4382
4416
4399
4389
4325
4334
4258
4293
4138
4198
4161
4093
4159
4249
4230
4284
4250
4203
4214
4236
4243
4158
4169
4189
4199
4256
4281
4332
4327
4362
4348
4323
4237
4352
4531
4574
4655
4663
4620
4607
4550
4576
4578
4641
4594
4654
4579
4587
4664
4768
4761
4690
4798
4926
4968
4978
5003
5053
5107
5102
5078
5001
5030
5004
5036
5104
5065
5004
4916
5054
5165
5180
5234
5283
5248
5172
5108
5062
5132
5277
5362
5345
5244
5188
5208
5184
5193
5130
5176
4959
5053
4999
5196
5314
5275
5295
5309
5380
5434
5306
5207
5124
5153
5246
5305
5346
5219
5318
5472
5526
5539
5615
5693
5703
5693
5779
5684
5661
5719
5610
5492
5541
5474
5578
5566
5472
5429
5508
5467
5446
5451
5499
5559
5599
5634
5526
5527
5501
5435
5382
5279
5177
5133
5123
5146
5143
5129
5193
5144
5121
5125
5251
5326
5322
5314
5388
5508
5583
5623
5702
5772
5827
5609
5661
5518
5665
5632
5521
5409
5490
5440
5313
5286
5256
5262
5233
5182
5114
4933
4910
4858
4956
5028
5139
5101
5161
5246
5218
5173
5171
5068
5091
5145
5332
5368
5284
5317
5351
5321
5368
5454
5429
5278
5215
5295
5349
5272
5334
5269
5234
5304
5275
5265
5179
5226
5168
5280
5471
5471
5377
5441
5392
5449
5481
5459
5527
5533
5611
5656
5535
5641
5654
5722
5786
5688
5738
5843
5863
5807
5748
5804
5778
5814
5873
6004
6112
6160
6130
6036
5940
5873
5774
5929
5677
5755
5854
5934
5969
6081
6070
6083
6048
5998
6094
6090
6124
6159
6043
6153
6170
6132
6027
5984
5933
5950
5915
5942
5926
6003
5989
6130
6050
6113
6197
6257
6279
6298
6280
6042
5971
5870
5888
5923
5990
5965
6047
6013
5912
5893
6025
5973
5958
5875
5941
5957
6003
6017
5961
5942
5927
5989
6001
5960
6004
6071
5957
5986
6067
6095
6064
6048
6070
5983
5948
5949
5976
6165
6156
6078
6162
6140
6152
6162
6081
6246
6209
6235
6279
6294
6211
6191
6149
6180
6182
6197
6202
6168
6274
6308
6310
6316
6237
6287
6273
6385
6434
6580
6575
6689
6730
6660
6658
6644
6621
6585
6411
6244
6282
6350
6301
6190
6232
6096
6248
6319
6247
6288
6219
6219
6201
6161
6196
6129
6158
6168
6045
6022
6078
6064
6171
6236
6216
6203
6211
6129
6253
6176
6238
6094
6119
6165
6277
6271
6280
6355
6376
6442
6495
6456
6699
6591
6534
6453
6398
6397
6357
6286
6106
6069
6022
5910
5790
5863
5953
5900
5777
5843
6033
5918
5785
5742
5686
5670
5619
5655
5686
5682
5576
5519
5366
5516
5427
5288
5155
5144
5111
5235
5194
5179
5050
5052
5023
5004
5069
5098
5187
5262
5230
5343
5306
5417
5358
5476
5523
5498
5537
5477
5708
5642
5545
5507
5576
5433
5626
5655
5737
5791
5722
5662
5675
5468
5486
5574
5655
5590
5662
5615
5697
5807
5697
5711
5829
5741
5736
5628
5551
5643
5682
5662
5647
5662
5662
5642
5698
5628
5530
5600
5553
5670
5608
5716
5754
5892
5927
5903
5873
5920
5971
5975
5974
6104
5989
6032
6053
5989
5836
6007
6075
6143
6023
5934
5825
5809
5810
5981
6004
6065
6061
6146
6062
6068
5967
5873
5893
5829
5843
5850
5728
5728
5822
5794
5742
5891
5987
5993
5855
5848
5773
5753
5898
5932
6033
5967
5913
6040
6072
6109
6210
6231
6066
6031
5992
5888
5774
5740
5651
5668
5655
5678
5600
5671
5757
5813
5834
5806
5839
5832
5954
5889
5915
5781
5752
5735
5592
5770
5784
5770
5791
5851
5922
5805
5779
5892
5911
5910
5686
5656
5745
5596
5545
5463
5444
5479
5376
5454
5392
5282
5451
5518
5401
5437
5421
5339
5431
5573
5520
5377
5282
5347
5457
5436
5553
5542
5568
5381
5370
5490
5532
5555
5502
5383
5306
5241
5287
5361
5331
5289
5307
5341
5400
5350
5464
5399
5421
5456
5433
5448
5450
5518
5698
5672
5649
5647
5715
5700
5554
5538
5538
5600
5687
5676
5698
5703
5794
5739
5710
5561
5500
5552
5640
5818
5950
5938
5785
5894
5802
5959
5900
5860
5908
5928
5875
5772
5803
5788
5747
5741
5860
5820
5705
5771
5835
6039
6061
6191
6252
6392
6321
6389
6300
6236
6273
6383
6428
6493
6524
6436
6349
6382
6302
6327
6225
6224
6397
6397
6147
6091
6137
6141
6184
6158
6233
6196
6145
6127
6231
6245
6295
6302
6246
6248
6288
6330
6318
6363
6295
6302
6257
6257
6155
6022
5952
5921
5906
5933
5942
5938
5945
5970
6059
6155
6089
5935
5922
5873
5838
5879
6027
6129
6154
6114
6130
6222
6155
6075
6094
5998
5979
5982
6046
6066
6020
6048
6081
6086
5959
5971
6067
6077
6058
5972
5950
6057
6082
6077
6224
6172
6225
6211
6104
6046
6068
5996
5919
5847
5855
5804
5673
5605
5614
5658
5683
5722
5701
5654
5667
5674
5629
5690
5699
5734
5791
5834
5828
5910
5861
5823
5975
5920
5791
5917
5965
5876
5872
5903
5891
5898
5927
5826
5803
5760
5749
5742
5735
5729
5770
5800
5842
5852
5753
5917
5803
5743
5712
5703
5557
5559
5578
5559
5533
5605
5662
5708
5721
5761
5711
5725
5792
5719
5746
5767
5804
5878
