505000
199691
141350
111743
92752
79521
70378
62996
56834
51824
47759
44116
41029
38630
36395
34369
32899
31862
30833
29261
27988
27084
25950
24954
24252
23478
22641
22034
21378
20774
20256
19766
19236
18738
18353
17912
17579
17103
16760
16339
16201
15822
15636
15166
14992
14943
14767
14579
14328
14174
14162
14000
13757
13389
13467
13401
13305
12910
12463
12426
12281
12183
12102
12070
11830
11807
11798
11578
11378
11111
11033
10876
10688
10616
10294
10105
9872
9751
9649
9672
9728
9752
9774
9662
9705
9579
9563
9563
9523
9505
9275
9244
9322
9294
9208
9005
9012
9033
9021
8913
8944
8747
8920
8772
8598
8675
8690
8616
8559
8547
8453
8094
8073
7998
7922
7972
7906
7784
7654
7843
7849
7719
7629
7491
7445
7310
7392
7348
7277
7236
7415
7489
7530
7455
7228
7178
7029
7097
7063
7083
7053
6969
7064
6943
6973
6971
7015
7085
7130
7194
7087
7050
6994
6853
6932
6880
6817
6718
6616
6640
6710
6554
6484
6475
6625
6549
6526
6547
6570
6687
6628
6618
6631
6582
6560
6618
6505
6505
6583
6590
6480
6454
6575
6617
6605
6739
6768
6656
6635
6531
6571
6608
6599
6582
6653
6907
6939
6899
6909
6757
6700
6544
6479
6445
6366
6361
6379
6304
6253
6260
6305
6243
6262
6399
6286
6227
6247
6315
6282
6184
6150
6188
6145
6173
6135
6094
6043
6066
6075
5945
5824
5825
5757
5709
5666
5750
5758
5803
5828
5829
5854
5867
5816
5774
5796
5813
5657
5623
5558
5525
5528
5502
5534
5463
5385
5444
5529
5576
5592
5534
5574
5560
5636
5664
5536
5434
5403
5394
5469
5375
5351
5376
5435
5439
5408
5416
5384
5314
5318
5354
5407
5410
5391
5282
5368
5347
5332
5268
5387
5446
5508
5464
5433
5388
5368
5389
5297
5273
5348
5330
5431
5450
5445
5474
5304
5338
5289
5332
5404
5452
5411
5288
5371
5311
5283
5265
5255
5275
5348
5334
5333
5376
5418
5329
5274
5240
5193
5141
5249
5345
5319
5344
5317
5270
5327
5322
5355
5505
5485
5506
5404
5441
5443
5451
5407
5407
5556
5478
5552
5603
5481
5501
5430
5438
5498
5466
5575
5568
5501
5535
5558
5528
5470
5469
5440
5409
5488
5393
5421
5403
5363
5458
5356
5373
5350
5439
5394
5279
5328
5175
5150
5156
5241
5139
5161
5164
5053
5096
4988
5087
5170
5238
5290
5290
5315
5260
5171
5192
5232
5368
5289
5179
5225
5242
5115
5079
5020
5120
5191
5131
5143
5200
5225
5264
5294
5457
5375
5256
5255
5244
5107
5183
5111
5021
5066
5086
5176
5170
5148
5169
5074
5052
5222
5154
5091
5082
5060
4974
5051
5046
5152
5009
5102
5222
5228
5282
5364
5379
5513
5552
5586
5606
5534
5548
5346
5177
5196
5118
5078
5058
5022
5148
5234
5326
5416
5477
5490
5570
5477
5518
5704
5663
5685
5686
5810
5918
5907
5893
5759
5777
5660
5614
5611
5561
5485
5502
5508
5494
5471
5523
5456
5509
5483
5468
5599
5595
5530
5559
5647
5699
5708
5699
5747
5662
5702
5659
5589
5612
5619
5621
5718
5737
5654
5597
5580
5631
5717
5699
5690
5669
5687
5662
5613
5664
5700
5662
5677
5680
5652
5849
5824
5862
5935
5828
5897
5866
5826
5820
5756
5789
5679
5720
5813
5969
5894
5862
5925
5910
5874
5794
5822
5818
5671
5585
5577
5634
5715
5671
5620
5691
5632
5638
5756
5806
5850
6005
5958
5849
5867
5755
5631
5507
5624
5558
5593
5656
5556
5631
5657
5740
5713
5628
5643
5679
5748
5767
5612
5566
5676
5672
5830
5870
5820
5741
5670
5764
5837
5915
5810
5854
5859
5885
5782
5888
5843
5999
6165
6158
6115
6113
6068
6140
6097
5994
5991
6076
6027
5965
6109
6083
6051
5948
5891
5803
5767
5725
5648
5664
5662
5641
5767
5840
5771
5702
5770
5715
5707
5747
5775
5644
5653
5652
5605
5525
5450
5488
5473
5476
5459
5432
5418
5466
5318
5248
5300
5335
5156
5253
5295
5253
5281
5385
5488
5583
5586
5483
5541
5598
5643
5583
5561
5512
5615
5533
5573
5500
5482
5461
5561
5501
5506
5499
5510
5671
5579
5524
5557
5503
5483
5504
5503
5400
5333
5351
5445
5500
5501
5547
5422
5392
5402
5398
5511
5735
5719
5714
5738
5706
5795
5884
5974
5996
5884
5904
5866
5942
5796
5741
5749
5886
5851
6014
6109
6238
6282
6290
6375
6299
6357
6413
6409
6376
6362
6295
6218
6191
6230
6237
6109
6071
6037
6005
5999
6002
5969
6010
6072
5967
5922
5988
5970
5999
6002
5947
5931
5950
6040
6085
6164
6234
6215
6293
6288
6468
6602
6564
6598
6591
6572
6603
6609
6529
6564
6576
6617
6452
6428
6506
6449
6477
6378
6371
6431
6370
6370
6262
6311
6162
6201
6141
6140
6190
6154
6198
6230
6109
6131
5988
6028
6013
5948
5939
6107
6039
6144
6131
6186
6177
6168
6105
5975
6086
6251
6324
6332
6220
6204
6229
6303
6479
6517
6646
6712
6653
6675
6709
6716
6652
6687
6787
6694
6501
6376
6330
6402
6443
6399
6514
6463
6595
6581
6552
6628
6472
6385
6467
6290
6261
6313
6320
6238
6241
6178
6177
6132
6143
6073
6090
6099
6094
6124
6137
6057
5954
5771
5767
5789
5662
5743
5850
5823
5752
5705
5651
5633
5719
5873
5818
5833
5815
5781
5854
5889
5945
5943
5927
5961
5955
5867
5937
5947
6021
5962
5834
5793
5719
5684
5705
5694
5818
5832
5804
5907
5917
5928
5891
5844
5898
5866
5822
5728
5629
5787
5834
5750
5741
5770
5698
5831
5815
5769
5767
5903
5975
5944
6027
5946
5839
5902
5996
6096
6169
6146
6132
6130
6172
6174
5952
5950
5908
5928
5818
5869
5762
5754
5808
5798
5802
5845
5887
5828
5884
5729
5782
5758
5840
5842
5815
5684
5653
5680
5703
5655
5556
5573
5647
5648
5626
5554
5570
5687
5685
5800
5848
5856
5920
5923
5978
5927
6046
6128
6182
6105
6070
6045
6093
5979
5993
6073
6023
6075
6022
5923
6075
6028
6029
5945
5845
5729
5832
5852
5994
5945
5978
5996
5845
5786
5731
5610
5555
5410
5406
5268
5294
5308
5275
5211
5203
5150
5071
5133
5074
5089
5128
5165
5218
5324
5351
5405
5330
5351
5309
5243
5352
5284
5442
5584
5639
5582
5653
5576
5770
5838
5858
5814
5786
5726
5786
5776
5726
5682
5613
5512
5603
5619
5654
5626
5599
5637
5659
5643
5610
5568
5508
5599
5675
5863
5827
5829
5878
5886
5970
5909
5821
5850
5822
5711
5768
5829
5832
5762
5800
5826
5822
5723
5672
5747
5547
5570
5653
5620
5474
5494
5514
5411
5373
5206
5194
5121
5084
5054
5089
5041
5022
5005
5009
5017
4964
5070
5051
5111
5281
5437
5476
5560
5616
5627
5617
5607
5684
5607
5627
5697
5716
5822
5831
5715
5752
5680
5627
5526
5548
5513
5558
5571
5564
5439
5443
5293
5309
5211
5303
5294
5235
5200
5146
5170
5180
5250
5292
5303
5211
5156
5186
5225
5367
5329
5453
5414
5447
5560
5668
5765
5733
5707
5763
5827
5729
5755
5777
5835
5893
5934
5957
5926
6060
6077
6073
6103
6065
6037
5954
5963
5912
5635
5534
5536
5481
5666
5667
5707
5696
5725
5691
5763
5799
5926
5847
5755
5811
5817
5697
5761
5707
5598
5548
5639
5597
5601
5624
5594
5696
5649
5590
5555
5506
5400
5394
5395
5421
5566
5668
5665
5639
5558
5467
5609
5682
5762
5578
5581
5484
5509
5505
5477
5433
5489
5534
5557
5509
5433
5326
5361
5441
5330
5430
5451
5334
5154
5084
5139
5142
5129
5269
5203
5156
5189
5174
5146
5088
5058
5038
5061
5034
5048
4997
4923
4904
4904
4863
4866
4851
4952
4906
4829
4850
4839
4859
4885
4945
5002
5021
5087
5008
5089
4995
5021
5079
5184
5120
5062
5027
5012
4987
5024
5184
5210
5182
5267
5320
5320
5328
5435
5616
5541
5613
5677
5577
5587
5670
5657
5697
5683
5559
5615
5712
5725
5710
5799
5699
5674
5641
5684
5756
5703
5617
5559
5654
5680
5730
5655
5555
5533
5446
5424
5392
5460
5480
5487
5438
5459
5457
5462
5454
5478
5430
5446
5393
5396
5540
5529
5550
5426
5407
5445
5393
5374
5375
5354
5411
5507
5437
5400
5397
5336
5379
5373
5326
5262
5309
5324
5296
5273
5339
5405
5422
5364
5305
5372
5205
5162
5182
5271
5433
5459
5382
5443
5433
5343
5332
5405
5446
5397
5388
5291
5338
5279
5315
5466
5350
5353
5404
5333
5312
5257
5291
5339
5349
5360
5339
5288
5135
5174
5111
5141
5201
5137
5133
5134
5072
5068
5047
4978
5044
5199
5202
5289
5338
5328
5325
5230
5277
5215
5177
5315
5436
5532
5501
5484
5622
5475
5490
5491
5507
5617
5596
5762
5650
5557
5486
5467
5476
5358
5372
5392
5429
5340
5430
5529
5539
5557
5492
5439
5339
5255
5276
5282
5290
5389
5449
5470
5370
5393
5400
5535
5500
5529
5454
5375
5381
5328
5419
5544
5511
5514
5503
5471
5475
5446
5539
5558
5641
5701
5780
5644
5711
5816
5912
5969
5945
6006
5894
5873
5746
5682
5537
5538
5581
5633
5659
5582
5582
5648
5607
5558
5639
5667
5667
5697
5835
5827
5850
5829
5877
5929
5890
5906
5950
5940
6036
5945
5882
5928
6092
6134
6012
5921
5989
6023
6067
6138
6220
6229
6145
6258
6089
6235
6317
6338
6285
6376
6378
6432
6346
6325
6241
6252
6313
6155
6105
6135
6196
6268
6220
6201
6377
6339
6380
6411
6299
6279
6266
6139
6163
6017
5945
5977
5994
6019
6035
6092
6084
6058
6049
6017
5815
5789
5861
5859
5839
5971
6020
6141
6227
6171
6038
5960
5757
5797
5786
5728
5732
5732
5802
5943
5991
6047
6008
5925
5917
5907
5927
5991
6035
5968
5945
5985
6026
6041
6026
5990
6011
5971
6186
6332
6309
6304
6302
6169
6155
6164
6200
6170
6195
6207
6114
6129
6199
6294
6333
6356
6429
6319
6312
6303
6364
6423
6466
6438
6482
6509
6486
6556
6522
6576
6352
6279
6294
6416
6589
6593
6684
6758
6683
6713
6741
6663
6758
6730
6623
6569
6604
6592
6621
6522
6554
6624
6614
6622
6517
6395
6342
6396
6370
6329
6323
6386
6449
6461
6495
6517
6415
6436
6504
6522
6634
6621
6610
6550
6666
6704
6627
6659
6658
6530
6519
6551
6626
6708
6760
6830
6754
6685
6625
6580
6476
6301
6501
6574
6522
6545
6549
6612
6560
6616
6590
6503
6546
6486
6435
6549
6531
6608
6753
6834
6723
6797
6795
6800
6764
6849
6865
6926
6947
6898
6901
6911
6889
6853
6745
6755
6730
6705
6665
6608
6469
6401
6344
6437
6448
6244
6224
6153
6148
6007
6006
6056
6142
6141
6072
6157
6207
6255
6164
6194
6175
6124
6130
6042
6059
6028
6007
6034
6116
6060
6134
6165
6134
6118
6194
6161
6139
6156
6253
6220
6311
6354
6254
6129
6160
6253
6350
6219
6128
6102
6178
6083
6128
6093
6155
6005
5903
5897
5757
5745
5798
5761
5713
5701
5668
5598
5627
5514
5586
5703
5841
5855
5886
5904
5829
5997
6027
6013
6097
6083
6131
6016
5858
5737
5868
5841
5772
5783
5685
5677
5638
5738
5716
5867
5808
5765
5770
5751
5726
5816
5726
5687
5614
5624
5610
5538
5575
5537
5493
5485
5556
5490
5454
5489
5510
5518
5502
5461
5429
5268
5243
5393
5435
5605
5658
5700
5656
5674
5576
5530
5454
5466
5534
5548
5597
5506
5620
5602
5589
5533
5620
5651
5644
5624
5748
5808
5813
5897
5804
5944
6053
6125
6163
6233
6262
6329
6389
6395
6189
6267
6206
6166
6258
6311
6284
6122
6213
6283
6349
6481
6484
6376
6371
6382
6235
6178
6155
6226
6200
6322
6489
6363
6236
6201
6115
6200
6191
6178
6217
6120
6116
6141
6165
6103
6201
6307
6345
6414
6501
6546
6482
6570
6729
6775
6933
6831
6898
6963
7090
7009
6954
6982
6956
6907
6576
6617
6594
6680
6678
6519
6502
6415
6430
6392
6550
6658
6617
6795
6814
6876
6825
6848
6917
6908
6803
6787
6816
6799
6715
6646
6652
6593
6605
6424
6452
6345
6474
6549
6595
6495
6315
6283
6246
6161
6103
6137
6172
6088
6036
5936
6052
6181
6115
6149
6057
6084
6019
6113
6119
6226
6258
6349
6420
6363
6506
6492
6373
6246
6366
6390
6391
6499
6455
6489
6542
6433
6351
6305
6235
6164
6165
6196
6162
6059
5929
5964
5955
5975
5996
6090
5968
5945
6023
6006
5946
6048
6077
6054
5972
6039
5970
5974
6009
6004
6021
6095
6018
6034
6167
6253
6169
6076
6214
6219
6118
6132
6188
6144
6068
5990
5981
5871
5759
5794
5877
5691
5784
5904
5912
5814
5933
5928
5820
5822
5737
5683
5743
5770
5825
5801
5743
5725
5770
5869
5961
5768
5793
5822
5894
5906
5917
5887
5863
5955
6021
6124
6156
6197
6160
6014
6035
6051
6080
6115
6111
6123
6148
6187
6264
6189
6186
6096
6059
6024
6162
6169
6196
6086
6054
6132
6201
6042
5986
6002
6118
6084
6062
6134
6267
6177
6091
6110
6106
6171
6135
6273
6324
6414
6342
6383
6354
6260
6333
6426
6382
6437
6450
6475
6372
6371
6554
6508
6507
6657
6684
6477
6605
6500
6466
6445
6486
6457
6360
6337
6314
6200
6130
6094
6055
6066
6010
5940
6010
6147
6075
6079
6048
6036
6096
6021
6021
6022
6142
6138
6160
6097
6057
5958
5907
5968
5951
5873
5954
5830
5885
5765
5807
5874
5667
5630
5500
5439
5513
5651
5485
5560
5610
5646
5745
5768
5817
5778
5783
5924
5821
5863
5843
5904
5994
5930
5811
5900
5954
5941
5895
5866
5894
5933
5798
5723
5681
5842
5993
5995
6063
6079
6184
6253
6282
6348
6405
6479
6379
6431
6446
6355
6274
6310
6222
6269
6403
6470
6482
6569
6466
6516
6408
6370
6308
6272
6257
6227
6070
6121
5998
6100
6116
6046
6008
6083
6054
6038
6133
6208
6314
6331
6280
6286
6242
6178
6169
6200
6293
6255
6213
6220
6212
5982
6004
5850
5773
5753
5661
5671
5557
5601
5572
5597
5704
5643
5720
5631
5631
5727
5709
5844
5904
5937
6018
6115
5946
6068
5990
5859
5728
5791
5870
5906
5865
5891
5892
5825
5930
6038
6108
6086
6179
6135
6279
6288
6390
6341
6394
6383
6425
6518
6403
6245
6181
6109
6076
6023
5885
5813
5800
5723
5658
5555
5567
5556
5594
5723
5656
5715
5704
5813
5886
5834
5725
5826
5952
5961
5849
5916
5994
5987
5991
5990
6063
6082
6073
6073
6122
6002
6209
6065
6118
6044
6097
6124
6178
6246
6305
6254
6192
6210
6215
6211
6143
6072
5977
6150
6116
6105
6185
6045
6100
6175
6306
6175
6300
6286
6323
6239
6201
6150
6187
6229
6302
6283
6218
6204
6165
6296
6300
6443
6497
6518
6464
6493
6373
6315
6326
6387
6444
6476
6507
6491
6553
6485
6442
6464
6502
6470
6488
6491
6453
6438
6423
6283
6434
6355
6341
6253
6182
6239
6257
6045
5997
5870
5804
5674
5590
5555
5577
5625
5817
5822
5767
5802
5844
5797
5887
5835
5903
5956
5993
6070
6076
6073
6078
6087
6021
6023
6032
6053
6041
5913
5834
5895
5937
5961
5942
5969
5976
5982
6013
5992
5863
5895
5900
5859
5890
5929
5831
5752
5697
5687
5654
5782
5826
5702
5697
5776
5840
5740
5719
5721
5781
5800
5735
5753
5703
5715
5840
5829
5763
5718
5659
5516
5539
5560
5483
5408
5465
5382
5430
5366
5409
5492
5424
5485
5399
5354
5332
5372
5477
5514
5471
5600
5582
5551
5413
5315
5345
5309
5338
5389
5382
5315
5295
5322
5258
5374
5317
5380
5366
5260
5273
5248
5326
5411
5363
5399
5379
5376
5469
5402
5473
5523
5548
5513
5427
5318
5262
5254
5462
5524
5458
5407
5493
5463
5502
5434
5434
5294
5363
5380
5297
5356
5374
5319
5357
5476
5533
5612
5554
5526
5547
5522
5702
5571
5521
5606
5537
5564
5639
5682
5680
5607
5624
5609
5588
5782
5771
5735
5921
5963
5811
5810
5926
5920
6007
6035
5871
5950
5947
6044
6000
5958
5927
5905
6054
6094
6066
6325
6418
6326
6356
6416
6379
6467
6503
6478
6353
6315
6252
6280
6204
6232
6211
6402
6522
6436
6370
6407
6368
6263
6281
6340
6380
6406
6353
6383
6359
6250
6374
6450
6395
6361
6288
6264
6346
6324
6466
6486
6584
6660
6636
6483
6452
6357
6476
6488
6474
6530
6488
6465
6534
6430
6373
6524
6580
6585
6457
6431
6252
6297
6385
6487
6390
6421
6399
6342
6327
6203
6243
6313
6312
6483
6579
6504
6362
6311
6231
6300
6435
6559
6611
6653
6626
6627
6496
6421
6409
6437
6409
6447
6412
6281
6369
6421
6457
6656
6743
6832
6777
6845
6860
6789
6841
6897
6863
6948
6957
6900
6834
6834
6788
6713
6683
6698
6818
6773
6868
6953
6875
7049
7008
7099
7095
7002
6947
7017
6858
6956
6980
6912
7101
7127
7162
7087
7015
6920
6872
6918
6848
6760
6722
6644
6648
6564
6511
6623
6584
6639
6553
6517
6410
6314
6434
6411
6404
6486
6410
6412
6465
6351
6454
6562
6505
6463
6442
6412
6523
6547
6506
6555
6534
6605
6558
6565
6472
6493
6754
6601
6584
6627
6449
6298
6323
6307
6134
6258
6258
6238
6314
6232
6171
6071
6062
6192
6204
6301
6329
6251
6276
6396
6585
6614
6487
6427
6281
6289
6388
6412
6365
6294
6154
6074
6078
6178
6027
6011
5976
6070
6034
5927
5818
5782
5920
5895
5862
5897
5989
6144
6098
6091
6137
6026
6156
6173
5944
6070
6047
5903
5900
5981
6107
6195
6211
6192
6192
6215
6244
6287
6311
6129
6219
6209
6289
6191
6158
6126
6111
6188
6137
6116
5854
5869
5918
5917
5973
6061
6079
6050
5990
6072
6131
6125
6145
6164
6110
6045
6150
6153
6096
6066
6057
6096
6058
5930
5982
5946
5956
5935
5847
5801
5869
5872
5930
5937
5946
6107
6039
6065
6002
6034
6014
6021
5980
6051
6210
6174
6210
6103
6272
6252
6232
6217
6249
6224
6189
6170
6156
6153
6063
6040
5957
5991
6039
6072
5965
5904
5864
5863
5837
5873
5902
5987
5947
5947
5982
6046
6040
6023
6149
6173
6083
6041
6119
6199
6142
6120
6180
6140
6125
5940
5927
6065
6052
6120
6027
6040
6110
5990
5986
5947
5868
5802
5823
5809
5836
5714
5704
5716
5713
5752
5710
5721
5618
5668
5790
5706
5746
5576
5606
5716
5647
5722
5772
5719
5658
5725
5766
5753
5810
5891
5833
5810
5751
5829
5778
5745
5866
5845
5770
5804
5813
5601
5612
5583
5539
5521
5482
5493
5556
5445
5513
5424
5502
5608
5520
5541
5536
5514
5446
5464
5386
5283
5300
5287
5243
5122
5149
5140
5105
5224
5277
5288
5207
5184
5083
5260
5286
5251
5301
5357
5387
5466
5451
5230
5237
5294
5344
5264
5372
5390
5458
5498
5478
5481
5541
5580
5639
5611
5570
5580
5692
5767
5787
5617
5571
5609
5623
5658
5684
5617
5685
5504
5455
5505
5596
5579
5608
5690
5661
5650
5691
5793
5762
5814
5760
5816
5934
5903
6017
6028
6006
6080
6078
5996
5921
5853
5793
5798
5858
5818
5989
5915
5880
5744
5730
5544
5525
5554
5386
5364
5432
5527
5583
5695
5686
5757
5773
5776
5750
5810
5885
5890
5838
5859
5969
6078
6028
5978
6017
6026
5993
6019
5978
6006
6040
6085
6058
6060
6036
6174
6058
6119
6075
5992
6107
6235
6334
6323
6255
6170
6198
6241
6388
6417
6432
6312
6303
6468
6413
6297
6293
6301
6321
6387
6335
6379
6392
6400
6436
6415
6405
6418
6441
6406
6458
6408
6460
6418
6443
6337
6283
6362
6380
6415
6377
6312
6456
6396
6382
6360
6438
6400
6425
6555
6475
6423
6239
6282
6188
6276
6295
6240
6185
6158
6205
6078
6101
6056
6071
6261
6296
6287
6265
6385
6275
6301
6409
6452
6510
6477
6481
6457
6434
6392
6329
6307
6395
6457
6431
6460
6415
6266
6305
6235
6400
6324
6259
6259
6256
6206
6310
6291
6427
6402
6365
6307
6330
6314
6316
6246
6220
6215
6202
6336
6384
6265
6379
6427
6509
6481
6370
6363
6391
6576
6634
6581
6709
6627
6495
6507
6492
6240
6247
6246
6341
6350
6149
6139
6121
6044
5952
5852
5925
5932
5889
5942
5966
5934
5959
5994
5880
5888
5888
5828
5885
5880
5791
5694
5776
5906
5860
5862
5812
5872
6130
6176
6190
6306
6314
6408
6385
6324
6448
6531
6477
6427
6246
6200
6218
6077
6114
6166
6103
6081
6162
6259
6265
6226
6325
6448
6385
6380
6404
6387
6428
6499
6562
6537
6481
6405
6436
6319
6298
6298
6275
6321
6292
6356
6306
6105
6037
6052
6068
6052
5967
6024
5987
6141
6308
6360
6300
6275
6272
6213
6172
6239
6302
6324
6343
6492
6437
6561
6448
6403
6314
6235
6192
6263
6243
6218
6236
6303
6282
6242
6153
6220
6206
6225
6347
6257
6204
6239
6196
6061
5983
5747
5834
5741
5793
5865
5851
5908
5842
5942
5886
5920
5848
5746
5837
5980
5996
5942
5896
5901
5858
5790
5805
5700
5695
5689
5913
5979
6092
6179
6216
6316
6256
6240
6256
6204
6161
6252
6225
6257
6297
6352
6310
6280
6269
6298
6308
6152
6208
6120
6165
6189
6169
6213
6091
6102
6151
6105
6007
5990
6085
6090
5982
6098
6190
6148
6147
6101
6098
6131
6126
6202
6090
6053
6047
6033
5929
6052
6076
6025
6031
6048
5982
5978
5925
5865
5865
5835
5792
5778
5802
5739
5696
5671
5719
5738
5654
5597
5670
5629
5783
5734
5743
5629
5533
5558
5472
5575
5345
5410
5464
5514
5639
5552
5632
5678
5653
5599
5609
5621
5627
5749
5736
5744
5796
5834
5938
5890
5896
5872
5861
5883
5874
5887
5874
5912
5891
5744
5686
5732
5750
5803
5813
5776
5777
5821
5795
5716
5850
5869
5693
5689
5716
5730
5786
5763
5647
5673
5671
5630
5669
5628
5636
5673
5728
5737
5716
5736
5654
5607
5654
5634
5570
5540
5509
5358
5294
5303
5252
5114
5164
5153
5189
5275
5461
5413
5457
5495
5454
5364
5413
5443
5445
5463
5526
5584
5636
5533
5446
5456
5549
5470
5435
5415
5400
5378
5412
5361
5501
5448
5522
5575
5723
5682
5686
5718
5789
5798
5877
5772
5829
5887
5995
6047
6060
5977
5945
5926
5997
5954
5848
6004
6034
6037
6058
6168
6045
6032
5857
5765
5812
5762
5672
5703
5757
5816
5701
5691
5663
5739
5769
5796
5767
5807
5807
5794
5573
5545
5484
5421
5347
5384
5393
5281
5349
5420
5402
5452
5331
5375
5322
5284
5255
5288
5453
5324
5431
5361
5286
5265
5232
5355
5376
5271
5299
5270
5258
5205
5167
5142
5062
5064
5117
5103
5185
5147
5244
5201
5141
5183
5094
5013
5027
5080
5174
5167
4956
4935
4900
4929
4846
4884
4854
4926
4861
4759
4773
4740
4787
4793
4678
4583
4538
4620
4587
4628
4672
4708
4712
4745
4885
4929
4846
4894
4848
4879
4788
4694
4635
4559
4562
4607
4633
4724
4713
4667
4484
4417
4306
4307
4380
4531
4572
4596
4649
4696
4772
4780
4790
4856
4862
4839
4804
4709
4827
4744
4755
4749
4581
4616
4682
4664
4734
4673
4780
4706
4726
4860
4905
4969
4965
5021
5040
5144
5173
5231
5365
5426
5560
5513
5490
5589
5623
5538
5537
5655
5703
5660
5482
5601
5549
5643
5658
5647
5663
5705
5677
5853
5889
5952
6000
5886
5890
5895
5839
5825
5763
5619
5516
5560
5504
5475
5554
5461
5210
5189
5257
5225
5334
5311
5327
5363
5337
5426
5686
5581
5564
5682
5806
5703
5627
5511
5478
5479
5565
5586
5581
5582
5653
5767
5906
5895
6000
6015
5941
5906
5872
5951
6060
6143
6249
6232
6284
6211
6136
6122
6033
6022
5968
6034
6134
6192
6136
6084
6177
6108
5950
5960
5924
5801
5881
5940
5794
5742
5720
5761
5851
5811
5793
5698
5729
5745
5728
5752
5755
5677
5708
5743
5797
5728
5853
5885
5964
5975
5823
5688
5697
5742
5767
5714
5825
5769
5763
5820
5943
5957
5932
6092
6087
6116
5956
5936
5810
5753
5807
5803
5762
5752
5722
5738
5792
5896
5829
5765
5818
5890
5903
5852
5875
5815
5826
5820
5804
5815
5684
5800
5771
5721
5745
5676
5743
5822
5829
6006
6079
6219
6219
6172
6156
6014
6066
6046
6030
6113
6075
5948
5984
6107
6125
6002
6020
5879
5849
5862
5908
5925
5944
5902
5746
5714
5789
5755
5824
5935
6030
5940
5841
5917
5882
5925
5891
5848
5771
5742
5724
5623
5730
5738
5804
5904
5965
6093
5925
5784
5868
5927
6218
6237
6132
6133
6140
6182
6324
6301
6318
6264
6172
6144
6361
6352
6408
6286
6349
6437
6416
6472
6471
6432
6397
6326
6294
6225
6183
6212
6218
6206
6202
6217
6145
6115
5962
5911
5926
5975
5930
5777
5704
5605
5652
5616
5606
5578
5587
5596
5695
5540
5524
5423
5454
5320
5367
5453
5425
5492
5427
5346
5394
5430
5379
5479
5566
5506
5427
5512
5521
5497
5401
5361
5459
5378
5272
5217
5167
5173
5260
5216
5191
5130
5151
5074
5149
5206
5251
5303
5161
5240
5199
5171
5225
5238
5307
5311
5412
5455
5477
5563
5600
5516
5514
5515
5587
5659
5467
5482
5647
5590
5610
5579
5554
5498
5516
5475
5531
5395
5441
5480
5545
5536
5488
5443
5462
5319
5326
5244
5285
5231
5161
5153
5188
5135
5153
5257
5210
5163
5012
4968
5080
4948
5009
4955
5077
5025
4972
5009
5069
5022
5196
5081
5180
5191
5179
5316
5331
5343
5353
5354
5343
5276
5328
5317
5386
5315
5252
5376
5539
5387
5472
5561
5492
5616
5658
5683
5460
5439
5577
5610
5538
5482
5480
5497
5575
5525
5690
5696
5686
5566
5518
5670
5569
5588
5521
5515
5619
5634
5594
5545
5514
5558
5652
5716
5748
5777
5690
5706
5718
5779
5729
5747
5690
5784
5901
5777
5786
5834
5945
5932
6077
6095
6147
6162
6203
6146
6150
6158
6119
6022
6233
6149
6173
6105
6159
6108
6081
6121
6109
6294
6248
6211
6162
6168
6218
6255
6278
6390
6400
6444
6422
6348
6397
6573
6692
6743
6671
6691
6565
6601
6698
6740
6664
6670
6916
6772
6776
6838
6895
6887
6823
6710
6687
6711
6651
6659
6618
6518
6394
6384
6340
6307
6385
6331
6291
6370
6417
6481
6420
6409
6229
6287
6324
6235
6221
6135
6198
6368
6335
6306
6207
6130
6041
6039
6033
5942
6057
6150
6020
6063
6111
6107
6037
6033
5938
5919
5875
5971
5785
5858
6028
5830
5890
5975
5953
6041
6011
5952
5964
6023
5906
5843
5801
5735
5815
5868
5899
5904
5987
6001
6121
6054
6138
6165
5998
6053
5938
5958
5954
5896
5902
5715
5764
5897
5874
5801
5767
5820
5834
5849
5861
5996
5916
5986
5946
5953
6042
5897
5778
5799
5956
5812
5954
5961
5992
6037
6047
6095
6102
6276
6249
6257
6289
6421
6332
6458
6278
6177
6183
6100
6093
6016
5959
5955
5931
5822
5770
5769
5599
5470
5514
5577
5574
5533
5523
5514
5535
5642
5785
5767
5662
5531
5730
5636
5657
5675
5562
5565
5605
5521
5531
5533
5604
5556
5565
5635
5655
5725
5752
5690
5701
5663
5670
5650
5641
5616
5604
5666
5515
5564
5495
5536
5574
5667
5660
5571
5636
5714
5709
5825
5861
5817
5728
5780
5887
5870
5865
5950
5942
5934
5929
5875
5899
5897
5860
5726
5725
5709
5716
5732
5767
5761
5873
5919
5847
5842
5863
6053
6086
6034
6116
6180
6125
6138
6196
6216
6362
6292
6388
6372
6447
6487
6451
6366
6322
6372
6384
6333
6351
6251
6244
6189
6286
6452
6559
6608
6630
6548
6631
6671
6722
6876
6875
6829
6792
6745
6724
6733
6640
6567
6541
6526
6629
6709
6815
6831
6725
6758
6721
6632
6505
6370
6402
6469
6392
6472
6405
6490
6321
6335
6440
6365
6348
6405
6435
6549
6522
6508
6519
6622
6604
6499
6523
6479
6414
6296
6289
6146
6054
6099
6126
6097
6086
6092
6035
5962
5969
6033
5999
6054
6136
6217
6264
6245
6285
6225
6157
6291
6222
6126
6197
6209
6154
6287
6280
6279
6334
6351
6367
6319
6324
6313
6228
6126
6121
6194
5994
5983
5962
6083
5965
5905
5831
5688
5651
5636
5669
5753
5819
5886
5872
5928
5840
5768
5876
6004
5824
5855
5905
5927
5865
5860
5704
5695
5656
5612
5603
5546
5532
5534
5619
5654
5729
5757
5638
5658
5611
5590
5568
5511
5522
5662
5682
5662
5681
5570
5606
5716
5805
5619
5591
5491
5368
5371
5266
5327
5337
5273
5342
5171
5151
5136
5108
5113
5251
5297
5354
5440
5409
5483
5448
5319
5380
5493
5501
5516
5548
5645
5693
5638
5734
5710
5564
5607
5660
5507
5427
5414
5401
5520
5458
5447
5457
5410
5419
5432
5441
5469
5428
5328
5414
5397
5506
5511
5435
5471
5384
5359
5355
5481
5500
5572
5489
5477
5407
5455
5479
5583
5597
5716
5668
5719
5746
5788
5824
5948
5884
5826
5812
5907
5990
5951
6002
5989
5923
6020
6102
5951
5895
5932
5898
5878
5925
6006
6027
6009
6013
6121
6208
6342
6278
6232
6172
6252
6206
6199
6182
6188
6163
6241
6153
6260
6294
6196
6362
6444
6393
6247
6339
6416
6441
6383
6465
6588
6591
6715
6626
6616
6751
6690
6689
6481
6486
6430
6310
6220
6051
6063
6072
6016
6033
6060
6062
6053
5920
5974
6013
5951
5990
6109
6021
6156
6041
6002
5934
5745
5775
5670
5788
5806
5853
5660
5696
5676
5566
5497
5599
5531
5658
5642
5598
5492
5409
5472
5311
5339
5288
5330
5430
5408
5410
5433
5470
5397
5376
5363
5418
5470
5570
5521
5414
5406
5387
5299
5304
5301
5291
5278
5311
5235
5165
5223
5257
5218
5333
5363
5331
5366
5452
5386
5449
5476
5574
5431
5516
5484
5497
5564
5528
5652
5865
5841
5767
5727
5785
5922
6065
6096
6159
6128
6088
5989
6090
6152
5970
5906
5859
5873
5837
5986
6161
6303
6264
6219
6298
6265
6381
6518
6503
6613
6680
6667
6552
6523
6551
6506
6399
6305
6366
6284
6202
6216
6230
6181
6159
6067
5968
5933
5954
6033
6014
6088
6098
6242
6131
6091
6120
6113
6180
6279
6407
6452
6338
6352
6297
6238
6228
6151
