505000
200552
141522
112055
93338
80579
70661
63099
56808
52305
48347
45468
42261
39783
37282
35114
33443
32022
30559
29153
28162
27293
26184
25191
24364
23627
22636
21884
21279
20623
19756
19294
18790
18413
17939
17709
17378
16990
16466
16003
15913
15738
15498
14971
14881
14619
14526
14224
14015
13846
13721
13704
13696
13358
13033
12877
12732
12511
12281
12257
12142
11953
11783
11789
11552
11416
11337
11223
11175
11090
11024
10856
10907
10810
10574
10340
10217
10181
10065
10110
9925
9922
9760
9698
9534
9493
9401
9081
9021
8984
9003
8873
8681
8638
8748
8866
8693
8587
8474
8491
8471
8375
8375
8314
8250
8307
8429
8431
8125
8256
8134
8133
8028
7880
7865
7680
7746
7811
7782
7745
7711
7777
7542
7442
7475
7383
7405
7475
7331
7257
7284
7358
7323
7254
7361
7197
7281
7289
7250
7186
7072
6984
6977
6942
6836
6909
6918
6818
6980
6977
7011
6874
6898
6872
6616
6495
6419
6363
6292
6209
6145
6244
6150
6208
6240
6309
6342
6301
6287
6205
6274
6250
6249
6391
6153
6126
6259
6112
6098
6151
6093
5970
6097
6143
6148
6178
6209
6218
6198
5979
5960
5949
5992
5870
6000
6098
6098
6012
5956
6025
6125
6055
6110
6117
6169
6199
6235
6220
6156
6031
6012
6015
6087
6095
6177
6044
6013
5993
6019
6057
6061
6081
6063
6130
6056
6070
6048
6146
6126
6249
6192
6170
6124
6106
6081
6029
6135
6170
6058
5971
6026
6123
6019
5945
5997
6064
6086
6114
6219
6315
6305
6309
6347
6287
6315
6217
6140
6141
6260
6226
6264
6329
6325
6579
6582
6532
6639
6570
6632
6551
6415
6475
6279
6151
6147
6135
6189
6174
6126
6037
6144
6282
6227
6350
6350
6472
6432
6387
6280
6313
6096
6099
6107
6123
6189
6165
6163
6255
6120
6162
6208
6281
6236
6145
6149
6088
6162
6316
6426
6337
6124
6066
6073
5952
5952
5912
5889
5925
5839
5852
5862
5689
5831
5719
5743
5780
5925
5926
6038
6195
6197
6280
6101
6049
6069
5955
6092
6036
6120
6073
5997
6028
5921
6014
5892
5742
5638
5705
5805
5910
5814
5744
5828
5738
5610
5530
5585
5560
5636
5653
5723
5758
5848
5959
5838
5850
5910
5955
6041
6015
6039
5928
5906
5930
5957
6067
6038
5943
6016
6009
6066
6091
6147
6125
6046
6000
5889
5844
5877
5860
5820
5836
5744
5783
5676
5595
5436
5457
5516
5569
5560
5541
5635
5587
5627
5681
5774
5760
5655
5663
5694
5814
5754
5770
5739
5874
5778
5822
5879
5929
5950
6042
5985
6044
5906
5935
5767
5688
5577
5513
5475
5390
5334
5284
5287
5204
5142
5231
5303
5382
5404
5463
5577
5514
5428
5425
5421
5436
5484
5484
5509
5440
5440
5287
5377
5460
5406
5460
5386
5536
5471
5595
5582
5643
5597
5754
5820
5950
5969
5979
6030
5853
5903
5804
5925
5897
5806
5812
5938
5970
5904
5962
6078
6050
6091
6033
5980
6003
6109
6129
6083
6096
6068
6227
6202
6286
6349
6357
6332
6398
6347
6312
6261
6260
6337
6283
6207
6125
6076
6093
6116
6128
6139
6035
6019
6003
5893
5898
5816
5839
5703
5718
5741
5658
5719
5660
5689
5648
5636
5706
5668
5679
5654
5545
5561
5545
5618
5679
5774
5846
5823
5933
5825
5849
5837
5823
5842
5903
5874
5817
5782
5815
5801
5832
5741
5810
5912
5966
6019
5941
5932
6008
5813
5823
5889
5996
5927
5845
5874
5959
5947
5954
5947
6059
6029
6187
6117
6055
5902
5907
5860
5796
5788
5832
5885
6001
6056
6050
6020
5951
5860
5868
5857
5828
5832
5894
5911
5894
5868
5880
5845
5743
5659
5728
5649
5558
5583
5659
5634
5589
5645
5519
5459
5456
5459
5511
5457
5514
5566
5597
5522
5489
5477
5480
5666
5696
5698
5639
5601
5591
5521
5442
5496
5603
5514
5563
5638
5588
5574
5578
5706
5637
5526
5492
5383
5363
5356
5433
5547
5488
5489
5334
5355
5411
5564
5534
5630
5516
5576
5686
5695
5721
5701
5662
5668
5601
5565
5499
5535
5524
5467
5562
5566
5569
5554
5560
5574
5561
5651
5547
5466
5548
5601
5705
5587
5783
5874
5918
5898
5913
5910
5819
5933
5957
5978
5862
5926
5933
5921
5998
6081
6079
5931
5899
5865
5942
5951
5972
6056
6073
6048
6058
5882
5982
5993
6016
6005
6019
6025
6024
6021
5920
5955
5906
5890
5824
5944
5975
5930
5946
5836
5814
5781
5896
5941
5904
6004
6071
6017
5945
5879
5815
5854
5893
5774
5854
5831
5914
5894
5905
5910
5941
5876
5798
5808
5772
5679
5727
5656
5678
5640
5489
5435
5471
5401
5503
5403
5309
5404
5527
5555
5513
5463
5399
5357
5354
5391
5309
5338
5371
5333
5355
5313
5244
5343
5311
5355
5528
5594
5601
5529
5636
5547
5510
5504
5602
5579
5510
5596
5613
5759
5751
5627
5619
5734
5763
5824
5799
5874
5889
5925
5913
5792
5796
5827
5802
5792
5767
5819
5757
5721
5698
5587
5553
5440
5364
5443
5465
5386
5323
5387
5353
5383
5402
5453
5374
5404
5348
5241
5383
5569
5698
5793
5842
5992
6006
5952
5928
6001
6061
5979
5923
5984
5989
6078
6076
6105
5955
5977
6178
6236
6174
6257
6317
6304
6298
6343
6241
6165
6153
6161
6104
6139
6019
6059
6246
6225
6361
6357
6483
6508
6563
6571
6590
6434
6447
6388
6363
6340
6205
6385
6457
6375
6359
6354
6280
6305
6136
6135
6152
6177
6128
6146
6182
6099
6160
6222
6139
6138
6112
6132
6123
6102
6175
6312
6299
6410
6275
6401
6329
6386
6360
6301
6270
6328
6295
6306
6276
6222
6251
6190
6246
6263
6423
6447
6264
6152
6128
6003
5948
6021
6083
6084
6009
6030
6165
6245
6218
6302
6379
6246
6277
6255
6138
6205
6191
6085
6106
5992
5996
5986
6025
6128
6283
6266
6210
6274
6344
6431
6568
6617
6590
6422
6212
6312
6238
6258
6277
6184
6261
6198
6270
6337
6421
6483
6518
6454
6429
6467
6451
6470
6517
6710
6506
6484
6580
6580
6612
6711
6765
6539
6550
6398
6378
6352
6436
6338
6311
6509
6544
6521
6541
6540
6593
6559
6530
6374
6499
6402
6395
6380
6342
6385
6386
6413
6323
6227
6091
6164
6197
6181
6211
6257
6320
6320
6297
6283
6251
6240
6223
6279
6380
6380
6278
6301
6273
6302
6259
6213
6244
6306
6249
6147
6043
6026
5981
6149
6183
6073
6099
6121
6153
6180
6167
6203
6130
6106
6039
6044
6118
6282
6302
6103
6209
6085
5921
5924
5924
5915
5982
5941
5999
5830
5815
5828
5908
5951
5871
5896
5842
5893
5970
5886
5795
5674
5568
5590
5626
5562
5538
5620
5673
5726
5731
5827
5852
5801
5935
5990
5902
5990
5981
5942
5958
5967
5956
6121
6273
6236
6159
6096
6104
6096
6006
5984
5974
5925
5884
5780
5826
5818
5852
5839
5796
5878
5915
5861
5909
5839
5844
5882
5982
5938
5992
6098
6142
6237
6374
6316
6339
6301
6216
6276
6245
6208
6196
6199
6208
6208
6201
6183
6173
6059
6035
6030
6106
6110
6054
6025
5872
5865
5859
5834
5922
5886
5975
6009
5984
6103
6113
6059
6109
6059
6169
6250
6238
6184
6136
6272
6233
6173
6212
6141
6077
6077
6141
5982
5832
5823
5873
5819
5800
5871
5725
5670
5564
5478
5481
5405
5376
5502
5463
5486
5387
5272
5172
5128
5102
5059
5122
5073
5036
5077
5043
4947
4984
4984
5046
5025
4937
4902
4887
4903
4930
4964
5073
5065
5113
5208
5286
5260
5273
5306
5381
5472
5384
5358
5325
5433
5318
5360
5451
5484
5531
5606
5633
5671
5609
5503
5394
5347
5422
5465
5573
5669
5593
5693
5666
5704
5652
5542
5661
5799
5822
5697
5713
5688
5623
5629
5618
5696
5706
5620
5758
5705
5808
5607
5761
5763
5755
5783
5828
6009
6030
6068
6009
6135
6157
6136
6079
6059
5996
6036
5989
5984
6031
6008
6021
6070
6102
5967
5978
5955
5919
5881
5791
5850
5794
5745
5797
5653
5555
5483
5501
5433
5498
5428
5545
5497
5539
5519
5463
5421
5358
5448
5506
5492
5434
5499
5609
5613
5723
5783
5756
5742
5641
5661
5568
5571
5515
5420
5361
5334
5363
5441
5453
5537
5533
5533
5483
5412
5305
5328
5305
5332
5277
5120
5096
5091
5090
5236
5357
5238
5173
5064
5127
5086
5074
5179
5137
5251
5216
5138
5136
5098
5090
5135
5039
5039
5064
5101
5134
5193
5162
5149
5086
5254
5279
5216
5231
5241
5269
5220
5256
5281
5160
5129
5102
5011
5080
5130
5016
4979
4912
5033
4971
4999
4981
4921
4900
4937
5071
5058
5143
5141
5101
5089
5081
5043
5031
4989
4949
4913
4843
4882
4845
4865
4705
4797
4697
4665
4608
4628
4646
4615
4746
4677
4716
4737
4754
4686
4674
4713
4763
4792
4845
4937
4889
4866
4945
5075
5001
5056
5077
5188
5137
5267
5267
5314
5378
5344
5465
5498
5473
5517
5479
5460
5441
5485
5514
5484
5353
5342
5431
5420
5276
5190
5182
5227
5168
5174
5304
5233
5186
5296
5263
5424
5388
5408
5386
5492
5463
5579
5559
5616
5636
5451
5341
5389
5391
5261
5255
5287
5262
5163
4966
4932
4820
4839
4870
5012
4979
4907
5017
5002
5030
5040
5043
5019
4887
4942
4923
5000
4957
4979
4898
4942
4981
5026
4968
5056
4997
5009
5007
4936
4843
4875
4952
5028
4994
5130
5080
5223
5329
5286
5306
5195
5162
5169
5163
5280
5194
5230
5184
5184
5214
5359
5423
5456
5460
5536
5502
5586
5481
5536
5477
5471
5433
5439
5531
5459
5412
5562
5531
5556
5519
5423
5523
5496
5417
5398
5452
5362
5378
5443
5520
5684
5622
5649
5646
5683
5687
5678
5765
5752
5653
5680
5629
5666
5587
5475
5583
5575
5709
5782
5765
5740
5779
5874
5874
5716
5698
5555
5571
5556
5509
5525
5495
5508
5476
5463
5512
5540
5452
5453
5520
5572
5594
5509
5623
5589
5658
5767
5746
5712
5685
5697
5652
5589
5653
5599
5521
5477
5492
5468
5569
5594
5462
5566
5555
5572
5555
5606
5656
5685
5592
5429
5386
5428
5351
5150
5248
5314
5279
5285
5348
5344
5285
5397
5378
5281
5228
5234
5260
5301
5271
5297
5353
5259
5211
5145
5077
5173
5223
5167
5136
5223
5294
5320
5330
5494
5521
5571
5530
5541
5603
5594
5612
5557
5540
5486
5427
5435
5473
5614
5602
5663
5680
5685
5575
5452
5556
5463
5544
5640
5522
5566
5556
5587
5718
5739
5614
5528
5408
5419
5490
5537
5378
5297
5228
5173
5158
5056
4911
4982
5180
5225
5244
5067
5173
5126
5144
5058
5034
5075
5031
5026
4959
5042
4980
5023
4923
4997
5002
4976
4985
4935
4753
4856
5024
5028
5046
5040
5041
4947
4954
4958
5049
5316
5367
5349
5353
5345
5395
5434
5403
5364
5395
5286
5259
5334
5292
5232
5268
5157
5329
5395
5404
5448
5420
5382
5249
5227
5377
5221
5306
5256
5221
5177
5181
5358
5434
5452
5472
5364
5401
5317
5326
5304
5351
5371
5269
5352
5369
5349
5256
5275
5291
5216
5208
5145
5163
5237
5239
5303
5248
5167
5106
5164
5148
5205
5288
5132
5133
5068
5176
5215
5321
5314
5291
5253
5172
5210
5197
5325
5298
5395
5379
5421
5412
5310
5414
5309
5247
5229
5249
5217
5262
5329
5223
5230
5124
5043
4966
5114
5091
5046
4929
5005
4889
5013
5022
5106
4966
4927
4921
5118
5138
5188
5168
5140
4978
5023
4948
4993
4974
4935
4964
5024
5002
4982
4999
5027
4961
4997
4997
4858
4897
4864
4816
4934
4864
4885
4838
4875
4938
4884
4821
4771
4700
4693
4608
4635
4575
4621
4638
4578
4651
4715
4743
4765
4834
4793
4666
4675
4664
4680
4795
4802
4737
4675
4594
4570
4607
4647
4662
4651
4721
4795
4805
4837
4895
4770
4841
4887
4756
4690
4705
4722
4717
4736
4663
4647
4637
4657
4694
4743
4646
4671
4784
4833
4872
4992
5130
5151
5159
5191
5168
5072
5018
4967
4906
5007
4940
4835
4891
4946
4914
5029
5026
4998
5040
5074
5086
4946
4978
5021
5154
5122
5250
5205
5171
5096
4915
4930
4966
4980
4919
4723
4687
4697
4681
4668
4672
4642
4699
4662
4658
4698
4789
4756
4737
4720
4706
4715
4683
4717
4704
4760
4748
4638
4617
4638
4581
4596
4604
4497
4567
4621
4646
4629
4439
4425
4482
4447
4390
4400
4317
4418
4409
4294
4279
4264
4230
4256
4261
4299
4365
4350
4371
4340
4284
4315
4371
4471
4440
4516
4512
4516
4610
4599
4574
4495
4558
4617
4811
4879
4790
4845
4723
4624
4639
4573
4596
4691
4589
4739
4830
4867
4902
4913
4905
4830
4838
4930
4926
4880
4812
4938
4983
5130
5119
5108
5068
5140
5157
5209
5167
5092
5004
4964
5076
5173
5099
5117
5172
5177
5162
5107
5041
5010
5103
5150
5209
5252
5258
5259
5227
5314
5354
5351
5390
5308
5417
5411
5463
5506
5534
5442
5464
5298
5247
5271
5208
5349
5304
5320
5313
5196
5299
5427
5529
5459
5485
5470
5496
5461
5434
5513
5438
5512
5535
5488
5612
5636
5552
5550
5607
5564
5549
5695
5906
5978
5816
5856
5875
5747
5761
5772
5773
5782
5725
5767
5696
5756
5787
5849
5816
5797
5982
5912
5967
5925
5995
5993
5777
5751
5714
5761
5662
5533
5539
5667
5615
5758
5785
5860
5964
6047
5998
5937
5843
5813
5765
5731
5712
5626
5782
5817
5663
5658
5722
5574
5507
5647
5594
5521
5460
5484
5490
5492
5525
5520
5446
5396
5307
5283
5216
5112
5114
5098
5194
5118
5084
5000
4913
4801
4673
4695
4725
4751
4695
4611
4568
4595
4532
4598
4778
4817
4701
4729
4839
4788
4948
5021
5098
5209
5135
5164
5182
5208
5229
5265
5326
5357
5345
5388
5384
5351
5378
5290
5345
5297
5286
5331
5508
5483
5370
5347
5323
5298
5066
5208
5361
5380
5303
5427
5274
5227
5000
5131
5154
5112
5001
4893
4834
4847
4808
4787
4853
4950
4842
4908
4949
4983
5000
5035
4987
4999
4999
4936
4918
4940
4988
5067
5095
5030
5156
5081
5130
5036
4983
4963
4892
4831
4766
4840
4812
4963
4963
5023
5069
5011
5029
4912
4896
4968
4887
4993
5128
5076
5058
5085
5059
5123
5053
5038
5084
5167
5135
5026
4998
5056
5089
5101
5053
5102
5163
5189
5220
5225
5112
5251
5351
5399
5370
5390
5478
5450
5441
5488
5536
5633
5698
5739
5746
5726
5759
5616
5510
5518
5648
5683
5622
5717
5712
5752
5790
5692
5652
5524
5496
5393
5402
5370
5436
5502
5507
5626
5552
5546
5441
5361
5319
5388
5399
5308
5343
5341
5338
5287
5213
5168
5129
5083
5079
5064
5201
5249
5247
5173
5312
5331
5234
5265
5255
5217
5242
5137
5134
5189
5158
5129
5153
5217
5266
5211
5079
5075
5041
4947
4888
4829
4751
4731
4814
4743
4803
4831
4874
4902
5008
4997
5038
5049
4926
4879
4858
4938
4904
4946
4990
4859
4832
4851
4838
4744
4727
4700
4712
4700
4676
4706
4599
4577
4539
4619
4639
4640
4726
4707
4725
4675
4706
4727
4835
4849
4788
4828
4817
4834
4839
4802
4891
4799
4738
4858
4918
4969
4854
4840
4764
4776
4791
4907
4852
4945
5052
5166
5180
5228
5236
5185
5279
5364
5240
5269
5423
5355
5304
5248
5187
5271
5328
5157
5172
5160
5197
5180
5101
5150
5214
5096
5106
5068
5009
4999
4931
4879
4831
4737
4670
4715
4794
4820
4905
4945
5018
5094
5032
5020
5018
5006
5039
4920
4976
4987
5068
4993
5034
5055
5142
5210
5177
5111
5195
5199
5049
5041
5018
4977
4965
5025
5086
5132
5112
5146
5164
5153
5007
4902
4901
4977
4945
4956
4940
4853
4856
4783
4972
4932
4842
4898
4784
4835
4733
4805
4880
4972
4807
4738
4747
4741
4729
4812
4883
4967
5216
5365
5388
5458
5378
5368
5383
5388
5390
5449
5529
5568
5597
5617
5633
5550
5504
5624
5681
5690
5740
5856
5767
5732
5739
5710
5604
5730
5831
5763
5775
5801
5877
5785
5694
5664
5671
5609
5631
5628
5562
5652
5622
5694
5488
5452
5408
5463
5558
5576
5559
5670
5655
5626
5586
5683
5620
5555
5699
5640
5480
5394
5440
5356
5437
5515
5433
5388
5376
5426
5416
5434
5389
5325
5410
5419
5479
5420
5437
5452
5453
5410
5411
5365
5240
5301
5318
5395
5383
5360
5316
5517
5516
5490
5509
5508
5414
5566
5613
5717
5756
5796
5707
5790
5967
5886
5933
5823
5736
5808
5813
5942
5977
5901
5895
5874
5938
5975
5912
5887
5783
5875
6005
6090
6140
6180
6108
5915
5793
5641
5689
5560
5534
5522
5529
5522
5477
5542
5455
5470
5501
5543
5466
5420
5364
5397
5323
5407
5326
5398
5375
5430
5366
5432
5273
5289
5290
5321
5347
5385
5433
5396
5365
5352
5382
5262
5264
5359
5402
5342
5338
5334
5444
5385
5496
5588
5647
5603
5552
5557
5439
5534
5482
5434
5392
5404
5430
5399
5394
5370
5307
5289
5238
5169
5218
5221
5239
5134
5022
4973
5035
5019
5040
5065
5153
5055
5073
5131
5134
5037
4969
4927
4938
5028
5030
4911
4855
4943
4820
4769
4875
4779
4748
4702
4674
4710
4852
4874
4829
4777
4818
4771
4750
4834
4883
4842
4793
4856
4876
4783
4818
4772
4717
4760
4729
4777
4760
4703
4693
4732
4733
4785
4772
4693
4665
4646
4711
4729
4722
4700
4771
4767
4728
4665
4654
4652
4705
4571
4625
4561
4615
4650
4568
4671
4600
4648
4700
4735
4760
4727
4671
4744
4697
4656
4645
4632
4735
4700
4684
4817
4793
4843
4731
4838
4816
4859
4870
4873
4907
4828
4754
4798
4887
4932
5021
5105
5102
5111
5096
5179
5134
5153
5269
5363
5326
5360
5369
5315
5367
5332
5338
5510
5458
5612
5542
5613
5704
5751
5739
5698
5762
5755
5876
5967
5904
5826
5857
5861
5861
5859
5718
5665
5706
5706
5532
5588
5647
5586
5507
5545
5463
5357
5335
5242
5240
5277
5298
5371
5328
5339
5302
5366
5435
5422
5441
5231
5157
5263
5327
5310
5327
5389
5481
5547
5486
5568
5617
5668
5797
5769
5860
5991
6045
6028
6051
6082
6192
6138
6107
6086
6042
6050
5994
6095
6084
6019
6146
6081
6006
6084
5827
5699
5817
5688
5701
5706
5701
5640
5676
5760
5650
5687
5652
5637
5515
5530
5463
5413
5575
5599
5515
5576
5587
5431
5533
5612
5670
5632
5757
5706
5707
5567
5605
5700
5618
5717
5823
5890
5876
5960
5851
5949
5989
5924
5901
5918
5964
5983
6004
6048
5995
5926
6002
6041
6035
6093
6219
5989
5885
5882
5886
5863
5837
5737
5851
5816
5970
5978
5976
5948
6032
6032
6027
5888
5890
5839
5758
5711
5713
5723
5860
5828
5795
5880
5971
5992
6096
6115
6168
6165
6221
6267
6241
6257
6310
6397
6451
6423
6404
6415
6483
6547
6672
6440
6416
6487
6523
6620
6725
6778
6834
6876
6943
6925
7074
7072
6966
6937
6924
6989
6928
6868
6814
6833
7001
7097
7053
6922
6965
6803
6813
6660
6696
6860
6903
6973
6950
6773
6803
6776
6708
6793
6844
6822
6870
6875
6813
6676
6767
6776
6663
6572
6589
6583
6437
6428
6442
6469
6414
6362
6545
6577
6552
6668
6782
6721
6698
6716
6787
6591
6481
6644
6546
6529
6570
6465
6317
6236
6319
6341
6224
6138
6100
6152
6270
6121
6099
6129
6052
5988
6075
6084
6049
5959
6018
5965
5921
5842
5803
5801
5862
5955
5887
5970
5983
5941
5984
5969
6024
5988
5904
6005
6104
6141
6178
6245
6216
6130
6126
6128
6082
6010
6055
6070
6013
6017
6075
6008
5951
5877
5864
5856
5760
5814
5924
5976
5889
5823
5776
5743
5997
5866
5788
5904
5813
5679
5720
5689
5762
5648
5656
5592
5632
5705
5642
5696
5826
5925
5812
5773
5709
5672
5725
5734
5832
5969
6029
6032
6048
6035
5995
6124
6048
6033
5946
5956
6129
6133
5993
6000
5934
5880
5819
5740
5723
5626
5671
5660
5620
5599
5469
5410
5390
5411
5392
5402
5277
5285
5289
5272
5349
5231
5266
5187
5088
5203
5210
5209
5118
5236
5197
5135
5132
5200
5202
5124
5106
5157
5043
4999
5089
5189
5112
5091
5089
4962
5044
5010
5131
5103
5007
5029
5041
5043
5069
5193
5215
5282
5322
5548
5674
5692
5731
5763
5757
5864
5999
5996
5949
5959
6119
6159
6098
6092
6105
6089
6179
6136
6109
6152
6172
6201
6321
6259
6255
6245
6255
6157
6130
6137
6206
6179
6143
6098
6167
6150
6164
6094
6152
6185
6044
6010
6120
6167
6156
6198
6081
6123
6042
5991
6019
5882
5838
5769
5798
5781
5943
5909
5855
5836
5915
5789
5823
5835
5794
5720
5768
5753
5717
5800
5933
5842
5783
5937
5916
5956
5891
5972
6071
6027
5879
5779
5808
5642
5546
5529
5450
5545
5450
5423
5491
5412
5370
5566
5583
5668
5680
5663
5727
5747
5734
5680
5795
5873
5923
5834
5792
5809
5774
5747
5610
5613
5509
5432
5274
5263
5256
5151
5117
5157
5339
5369
5337
5372
5385
5372
5357
5475
5584
5587
5592
5618
5747
5911
6099
6061
6089
6120
6086
6127
6307
6365
6472
6407
6582
6594
6648
6559
6519
6433
6509
6511
6463
6584
6570
6677
6648
6554
6358
6321
6268
6312
6355
6266
6299
6309
6322
6414
6359
6429
6365
6513
6628
6590
6524
6512
6457
6667
6750
6877
6755
6739
6628
6612
6559
6550
6571
6601
6614
6621
6664
6652
6657
6647
6654
6610
6601
6608
6652
6817
6754
6654
6790
6801
6818
6774
6873
6954
6988
6938
7122
7238
7237
7299
7278
7186
7110
7151
7119
7177
7051
7046
7206
7237
7027
6991
6837
6921
6989
7035
7072
7099
7186
7057
7078
7014
7068
6978
6913
6835
6824
6712
6522
6502
6499
6480
6489
6428
6437
6506
6610
6631
6509
6464
6486
6513
6474
6459
6436
6625
6536
6460
6524
6583
6490
6557
6438
6397
6308
6255
6344
6357
6133
6127
6329
6331
6380
6457
6299
6317
6290
6258
6132
6164
6362
6283
6258
6207
6114
5999
5949
5969
5947
5891
6007
6001
6067
6121
6199
6206
6269
6245
6210
6206
6189
6097
6163
6288
6235
6266
6210
6088
6145
5953
6028
5971
5948
5933
5904
5964
5937
5985
5849
5766
5930
5951
6024
5880
5933
5929
5958
5824
5662
5654
5647
5662
5626
5706
5786
5812
5872
5786
5882
5979
6039
6072
6128
6154
6173
6140
6137
6106
6072
6039
5996
6091
6012
5995
5941
5901
6013
6050
6112
6048
5919
5663
5664
5623
5705
5747
5700
5611
5645
5625
5645
5550
5437
5505
5517
5475
5538
5579
5530
5558
5507
5438
5449
5444
5405
5422
5388
5360
5457
5484
5508
5578
5575
5672
5566
5641
5546
5543
5596
5600
5767
5616
5518
5538
5535
5603
5556
5561
5546
5456
5343
5434
5581
5602
5666
5732
5705
5678
5547
5620
5583
5554
5374
5425
5427
5383
5326
5326
5386
5330
5407
5519
5564
5516
5525
5492
5552
5494
5460
5469
5525
5413
5527
5556
5637
5662
5604
5631
5545
5616
5616
5735
5662
5652
5618
5638
5649
5785
5864
5843
5989
6024
6060
6064
6195
6161
6075
6024
5969
5889
5981
5985
5939
5920
5968
5919
5896
6005
5924
5807
5730
5764
5858
6036
6026
6048
5980
6081
6092
6126
6044
6032
5914
5949
5952
5857
5971
6076
6099
5964
5929
5931
5874
5866
5903
5919
5898
5937
5808
5787
5735
5673
5662
5690
5676
5653
5557
5597
5647
5656
5568
5537
5603
5737
5753
5708
5587
5575
5559
5576
5616
5542
5632
5491
5558
5658
5713
5759
5697
5641
5569
5547
5567
5667
5660
5670
5639
5871
5876
5843
5913
5996
5988
5898
5887
5796
5795
5851
5914
5837
5890
5965
6077
6137
6083
5979
6081
6055
6087
6197
6108
5927
6064
6072
6120
6211
6180
6122
5988
5861
5838
5833
5816
5776
5860
5917
5915
5953
5805
5837
5899
5878
5911
5815
5797
5825
5810
5873
5972
5795
5753
5969
5972
6004
6064
5972
6067
6113
6106
6117
6284
6266
6282
6180
6198
6181
6227
6280
6088
5963
6045
5987
5992
5990
6105
6187
6210
6296
6403
6427
6281
6324
6262
6207
6350
6442
6483
6525
6571
6492
6408
6436
6403
6258
6215
6182
6253
6262
6146
6087
6187
6219
6231
6267
6326
6282
6363
6512
6554
6530
6591
6576
6502
6341
6409
6389
6439
6534
6574
6487
6476
6529
6417
6312
6356
6335
6262
6257
6180
6219
6196
6270
6236
6251
6190
6070
6063
6043
6057
6147
6227
6130
6272
6355
6414
6385
6268
6294
6348
6290
6275
6155
6217
6260
6179
6075
6085
6256
6240
6254
6238
6129
6121
6058
5977
5900
5871
5716
5680
5685
5578
5603
5509
5507
5422
5368
5454
5288
5319
5321
5337
5352
5423
5373
5349
5430
5505
5411
5508
5558
5530
5675
5722
5738
5765
5678
5632
5748
5723
5771
5867
5875
5824
5950
5786
5604
5627
5576
5465
5500
5495
5503
5492
5649
5648
5545
5587
5463
5485
5463
5434
5483
5472
5552
5424
5517
5452
5455
5436
5424
5510
5547
5565
5349
5432
5257
5271
5233
5362
5312
5271
5184
5136
5120
5134
5093
5188
5129
5194
5174
5092
5033
4991
5061
4980
5075
5022
5132
5188
5100
5104
5026
5064
5008
4976
4908
4807
4775
4762
4874
5063
5101
5118
5175
5191
5220
5137
5104
5144
5151
5187
5160
5155
5222
5237
5208
5233
5269
5324
5400
5537
5512
5568
5504
5511
5498
5498
5426
5515
5397
5389
5399
5403
5439
5447
5444
5474
5376
5517
5451
5346
5361
5324
5389
5375
5373
5420
5403
5445
5571
5713
5691
5580
5554
5590
5677
5761
5722
5719
5760
5821
5705
5642
5732
5646
5554
5463
5444
5446
5605
5611
5528
5517
5491
5486
5534
5522
5555
5540
5474
5460
5350
5205
5173
5237
5155
5164
5216
5225
5225
5086
5064
5138
5169
5124
5018
4980
5023
4956
4957
5017
5012
5035
5074
4959
4911
5021
4971
4986
4926
4879
4813
4848
4928
4993
5057
4977
5021
5111
5018
5059
4960
5009
5100
5154
5239
5193
5091
5168
5134
5150
5153
5157
5174
5145
5116
5058
5007
4949
4917
4993
4980
4985
4925
4908
4892
4873
4847
4788
4867
4878
4783
4799
4828
4755
4671
4754
4731
4673
4727
4718
4613
4735
4719
4724
4746
4699
4725
4593
4596
4635
4685
4605
4719
4744
4873
4819
4755
4789
4885
4923
4869
4909
4818
4823
4738
4544
4557
4519
4567
4683
4690
4579
4555
4600
4637
4612
4645
4609
4533
4534
4601
4514
4508
4518
4561
4565
4483
4483
4388
4567
4703
4776
4939
4969
4973
5002
5109
5106
5184
5130
5090
5172
5243
5190
5244
5277
5200
5237
5221
5108
5057
5103
5058
5178
5116
5017
5036
5061
5061
5057
5034
5066
5092
5045
4995
5059
5048
5119
5047
4999
4968
4954
4893
4970
4855
4877
4891
4864
4831
4815
4793
4785
4932
4873
4884
4905
4934
4881
4932
4932
4934
4849
4847
4964
4922
5038
4941
4939
4915
4930
4982
5048
5095
5076
5093
5272
5157
5156
5206
5164
5224
5298
5174
5307
5261
5244
5336
5366
5361
5373
5319
5253
5303
5331
5377
5446
5503
5455
5453
5420
5470
5474
5543
5430
5496
5502
5351
5389
5352
5385
5524
5499
5489
5522
5524
5575
5545
5559
5546
5573
5545
5508
5468
5382
5391
5365
5504
5545
5554
5575
5612
5511
5507
5548
5603
5557
5656
5590
5610
5621
5632
5595
5565
5388
5490
5558
5693
5493
5579
5554
5703
5627
5574
5694
5676
5780
5692
5661
5776
5795
5889
5849
5887
5822
5798
5883
5860
5769
5710
5705
5736
5619
5702
5708
5729
5686
5725
5670
5753
5723
5790
5715
5808
5735
5770
5702
5784
5793
5737
5854
5910
5930
5928
5890
5838
5838
5962
6128
6097
6003
5964
5999
5905
5909
5839
5892
5926
5940
5898
5843
5830
5802
5772
5884
5874
5864
5857
5975
5873
5848
5852
5890
5897
5782
6000
5966
5845
5915
5977
6015
6067
5949
6004
5967
5982
6069
6110
5994
6015
6012
6117
6137
6221
6258
6312
6399
6306
6134
6060
6067
6156
6217
6292
6252
6376
6398
6329
6297
6194
6126
5988
5880
5848
5681
5761
5711
5625
5498
5485
5459
5440
5504
5571
5545
5526
5648
5490
5463
5507
5502
5599
5744
5862
5917
6033
5988
6006
5959
6009
5956
5938
5966
5940
5949
5965
5850
5803
5925
5850
5775
5687
5752
5728
5723
5764
5724
5775
5814
5852
5944
5965
6017
6011
6017
5955
6011
5824
5627
5601
5691
5674
5502
5583
5557
5555
5483
5476
5521
5464
5432
5477
5525
5512
5560
5543
5452
5438
5596
5707
5669
5594
5476
5334
5258
5141
5038
5128
5123
5096
4942
5040
5038
5103
5194
5321
5408
5336
5353
5436
5552
5540
5582
5656
5669
5508
5526
5519
5567
5548
5673
5622
5566
5532
5512
5701
5812
5730
5668
5464
5349
5263
5220
5230
5228
5279
5240
5214
5165
5187
5268
5184
5112
5023
5069
5045
5065
4904
4873
4790
4886
4819
4819
4816
4799
4826
4841
4836
4777
4789
4880
4912
4895
4910
4930
4936
4976
5064
5121
5136
5176
5226
5256
5303
5327
5409
5407
5434
5386
5456
5440
5545
5582
5512
5521
5570
5554
5541
5523
5697
5682
5629
5635
5632
5593
5626
5714
5659
5721
5731
5818
5695
5776
5839
5860
5839
5761
5664
5704
5784
5718
5764
5754
5627
5692
5773
5735
5706
5709
5672
5686
5523
5477
5526
5509
5517
5443
5497
5312
5208
5230
5270
5353
5239
5369
5363
5352
5385
5355
5449
5413
5297
5347
5342
5366
5424
5434
5445
5565
5534
5522
5521
5557
5608
5632
5696
5670
5650
5607
5538
5572
5549
5505
5492
5424
5319
5332
5441
5444
5418
5419
5414
5450
5504
5600
5695
5826
5816
5826
5866
5845
5874
5878
6059
5857
5908
5982
5919
5912
5938
5883
5862
5757
5702
5589
5593
5598
5554
5591
5561
5524
5528
5594
5508
5539
5593
5611
5720
5726
5810
5766
5813
5882
5824
5793
5783
5853
5891
5840
5801
5868
5948
6018
5995
6116
6041
6023
6094
6069
6096
6094
6051
6046
6130
6165
6232
6125
6272
6262
6236
6203
6271
6322
6355
6336
6329
6331
6453
6522
6571
6600
6642
6525
6465
6504
6412
6442
6573
6313
6388
