505000
199485
141582
111462
92147
78983
69780
62297
56284
51619
47670
44271
41612
39223
37274
35535
33963
32047
30715
29484
28259
27351
26503
25592
24715
23963
23253
22493
21974
21256
20551
20247
19805
19292
19002
18774
18462
18090
17779
17443
17096
16698
16645
16325
16223
15964
15735
15431
15108
14736
14629
14518
14317
14058
13749
13496
13274
12999
12709
12596
12552
12416
12385
12102
11854
11542
11478
11305
11201
11331
11241
11011
10914
10879
10840
10854
10593
10403
10301
10083
9927
9815
9822
9669
9741
9648
9490
9461
9358
9189
9320
9260
9175
9012
8982
8853
8786
8834
8793
8791
8752
8561
8364
8300
8123
8160
8042
7936
7915
7841
7694
7648
7618
7635
7712
7741
7586
7562
7535
7387
7372
7243
7212
7161
7129
7303
7374
7344
7417
7286
7235
7284
7087
7254
7239
7340
7426
7462
7454
7515
7430
7389
7455
7399
7355
7324
7295
7179
7018
6879
6965
6872
6653
6568
6680
6689
6678
6719
6671
6695
6753
6747
6847
6771
6624
6618
6628
6577
6499
6594
6630
6575
6571
6461
6404
6411
6367
6439
6374
6578
6583
6685
6531
6535
6702
6684
6674
6596
6428
6618
6630
6723
6787
6898
6800
6592
6574
6507
6574
6401
6491
6561
6575
6424
6290
6450
6439
6461
6434
6472
6339
6218
6268
6263
6430
6531
6564
6500
6634
6750
6657
6593
6560
6586
6543
6642
6560
6535
6466
6365
6356
6411
6348
6402
6464
6508
6597
6584
6387
6367
6423
6430
6520
6648
6694
6596
6591
6643
6631
6750
6673
6662
6626
6733
6680
6811
6800
6863
6971
6933
6908
6803
6952
7060
7019
6908
6860
6900
6814
6842
6928
6837
6641
6701
6724
6708
6765
6778
6754
6756
6689
6610
6600
6606
6528
6559
6478
6555
6533
6510
6496
6627
6592
6555
6451
6526
6646
6680
6643
6586
6491
6588
6628
6577
6639
6610
6770
6709
6749
6934
7018
7032
7117
7032
6980
6920
6972
7044
6929
6995
6959
7062
7046
7118
7047
7020
6897
6812
6833
6792
6660
6614
6577
6451
6473
6552
6524
6606
6552
6567
6546
6480
6509
6489
6513
6380
6244
6294
6246
6387
6475
6645
6599
6613
6413
6263
6314
6250
6363
6414
6384
6240
6283
6381
6314
6339
6391
6451
6410
6365
6356
6278
6200
6197
6221
6112
6298
6252
6161
6080
6025
6138
6253
6285
6329
6262
6273
6179
6280
6430
6433
6418
6369
6379
6570
6566
6492
6339
6407
6495
6584
6555
6609
6607
6609
6487
6463
6383
6381
6302
6279
6440
6391
6394
6359
6333
6485
6526
6487
6391
6276
6180
6126
6227
6103
6142
5948
5926
6123
6092
6018
5991
5880
5934
5866
5811
5784
5841
5800
5780
5896
5952
5822
5825
5840
5752
5908
5973
5944
5884
5898
5947
6009
5883
5766
5767
5761
5829
5846
5883
5931
5999
5981
5928
6023
6049
6017
6124
6231
6305
6345
6319
6343
6237
6372
6373
6397
6316
6238
6307
6188
6113
6081
6138
5993
5946
5852
5781
5915
5971
5807
5911
5772
5579
5569
5493
5646
5623
5516
5498
5482
5374
5308
5348
5431
5470
5539
5483
5501
5470
5525
5512
5540
5462
5331
5449
5454
5420
5506
5439
5560
5592
5696
5640
5644
5609
5582
5606
5582
5539
5477
5527
5560
5498
5551
5581
5725
5727
5716
5703
5685
5641
5731
5771
5724
5642
5738
5817
5845
5757
5627
5723
5646
5576
5663
5639
5633
5579
5557
5604
5631
5603
5703
5705
5697
5752
5840
5864
5833
5878
5832
5919
5926
5875
5948
5863
5799
5658
5691
5696
5784
5856
5995
5870
5940
5920
6055
5870
5858
5799
5845
5853
5944
5949
6077
5966
6094
6111
5917
5939
5930
5882
5901
5863
5797
5778
5877
5857
5933
5798
5852
5827
5882
5767
5828
5768
5815
5703
5708
5603
5748
5801
5779
5685
5677
5732
5771
5794
5786
5817
5805
5855
5971
6032
6025
5995
6004
5931
5790
5641
5632
5739
5783
5876
5944
6018
6022
5997
5774
5764
5719
5688
5620
5614
5541
5496
5519
5639
5645
5722
5842
5892
5861
5768
5882
5917
5891
5842
5897
6023
5959
6049
6061
6099
6140
6229
6239
6311
6308
6306
6221
6166
6088
6008
5988
6138
6105
6100
6185
6214
6426
6471
6477
6484
6497
6575
6537
6635
6559
6544
6595
6565
6545
6680
6652
6755
6709
6647
6588
6730
6726
6720
6751
6651
6570
6644
6749
6837
6842
6691
6812
6884
6905
6849
6812
6849
6741
6639
6611
6780
6729
6641
6757
6814
6938
6911
6962
6955
6926
6954
6923
6924
7015
7114
7123
7165
7021
6952
6966
6971
7050
7256
7266
7175
7181
7079
7055
7074
7168
7042
7201
7117
7129
7175
7079
6962
6882
6951
6881
6905
6812
7004
6977
6942
6923
6858
6915
6935
7048
6939
6904
6895
6822
6797
6849
6840
6888
6998
7030
6940
7000
6912
6959
6836
6750
6760
6798
6655
6646
6601
6626
6668
6665
6815
6833
7043
6939
6899
6910
6989
6793
6835
6675
6677
6626
6716
6668
6516
6491
6511
6527
6539
6459
6402
6439
6521
6487
6664
6646
6532
6603
6512
6592
6597
6551
6432
6421
6307
6320
6251
6143
6125
6089
6096
6109
6186
6204
6202
6218
6273
6261
6182
6343
6324
6242
6225
6380
6380
6399
6521
6484
6352
6368
6425
6432
6415
6353
6396
6531
6443
6396
6396
6405
6290
6281
6178
6157
6038
5988
5978
6031
5988
6052
6206
6127
6118
6126
6009
6045
5958
5885
5829
5740
5836
5912
5807
5779
5734
5735
5628
5557
5509
5512
5558
5644
5592
5604
5610
5674
5657
5572
5385
5387
5547
5555
5477
5391
5418
5545
5611
5595
5496
5573
5581
5572
5623
5641
5837
5880
5829
5804
5818
5816
5849
5885
5813
5889
5843
5767
5803
5755
5778
5842
5944
5894
5862
5955
5928
6069
6042
5879
5891
6006
6109
6074
6108
6100
5938
6028
5884
5724
5722
5622
5694
5683
5728
5893
5800
5979
5846
5789
5785
5791
5841
5729
5666
5766
5789
5773
5808
5889
5835
5993
5997
5854
5840
5832
5711
5820
5723
5698
5741
5857
5862
5916
5942
5882
5969
6070
6151
6101
5975
6069
6098
5976
5968
5943
5999
5949
5853
5913
5951
6042
6108
6117
5999
6069
5970
5982
6003
6052
5957
5839
5686
5563
5483
5519
5606
5525
5808
5880
5910
5875
6088
6075
6043
6109
6094
6000
6082
6085
6106
6041
6128
6208
6189
6140
6071
6094
6191
6244
6255
6222
6182
6262
6270
6363
6434
6349
6388
6398
6447
6504
6423
6448
6421
6445
6516
6560
6506
6469
6269
6286
6232
6194
6099
6034
5980
6042
6074
6008
5978
6009
5975
5924
6040
6009
6096
6041
5901
5925
6023
5936
6101
6043
6002
5985
6073
6001
5903
5908
5938
5921
5844
5819
5942
5921
5929
6022
6045
6018
6074
6125
6165
6134
6090
6011
6069
5953
5808
5799
5826
5824
5791
5691
5660
5686
5666
5639
5676
5575
5424
5454
5416
5377
5519
5510
5561
5698
5674
5662
5614
5645
5503
5437
5484
5634
5680
5531
5605
5666
5769
5883
5837
5844
5841
5896
5805
5845
5881
5777
5799
5776
5841
5845
5871
5868
6011
6020
6170
6134
6059
6022
6113
6142
6003
5912
5880
5890
5864
5818
5891
5869
5793
5852
5897
5925
5994
6015
5877
5843
5853
5872
5838
5836
5829
5768
5675
5698
5772
5853
5866
5919
6071
6109
6000
5961
6015
5921
5919
5976
6096
6116
6131
6234
6225
6235
6241
6293
6331
6375
6342
6286
6332
6248
6237
6144
5980
5909
5851
5867
5887
5930
6075
6088
6061
6047
6058
6120
6245
6161
6170
6120
6011
6092
6163
6114
6063
6109
6114
5942
6124
6026
6102
6029
6097
6059
6012
5976
5892
5904
5937
5891
5897
5763
5873
5915
5887
5960
5929
5871
5940
5862
5925
5898
5952
5944
6020
6108
6087
6165
6215
6156
6143
6168
6150
6187
6178
6100
6126
6179
6090
6063
6000
5974
5941
5879
5895
5915
5958
5924
5917
5860
5846
5832
5799
5867
6020
5993
5951
5856
5868
5849
5914
5865
5886
5893
5922
5908
5883
5866
5909
5843
5884
5832
5851
5841
5870
5882
5958
5795
5708
5737
5774
5771
5764
5779
5760
5685
5739
5788
5829
5926
5709
5745
5711
5613
5752
5657
5708
5706
5537
5496
5510
5447
5398
5376
5367
5303
5213
5140
5189
5251
5174
5087
5135
5194
5223
5264
5198
5290
5336
5344
5356
5454
5595
5503
5548
5491
5450
5435
5487
5476
5396
5606
5602
5619
5583
5548
5589
5750
5829
5953
5875
5877
5807
5762
5832
5798
5687
5701
5621
5624
5559
5641
5610
5624
5601
5648
5749
5740
5765
5705
5783
5871
5919
5972
5945
5884
5953
5911
6011
5950
6072
6130
6192
6353
6418
6442
6514
6516
6386
6377
6417
6325
6330
6457
6362
6375
6484
6575
6496
6453
6305
6352
6417
6470
6448
6386
6314
6244
6171
6249
6155
6202
6329
6344
6418
6425
6450
6354
6342
6402
6456
6432
6458
6464
6467
6476
6419
6261
6370
6402
6372
6295
6325
6250
6245
6231
6223
6048
6187
6198
6243
6234
6191
6217
6202
6050
6005
6079
6146
6118
6221
6187
6131
6339
6278
6271
6323
6324
6265
6156
6068
6098
6022
5995
6117
6000
5918
5843
5946
6049
6020
6019
5963
5984
5958
5981
5895
5778
5806
5873
5776
5815
5812
5818
5840
5715
5594
5555
5459
5438
5431
5378
5314
5363
5343
5345
5365
5366
5375
5482
5601
5581
5609
5669
5771
5746
5673
5676
5823
5731
5858
5818
5838
5779
5850
5806
5796
5951
6059
6007
6080
6163
5977
5874
5919
5855
5918
6012
6079
6210
6309
6239
6286
6317
6242
6174
6083
6031
5963
6037
5983
6115
6156
6056
5938
5965
5938
5920
5835
5817
5807
5757
5846
5924
6080
6038
6009
5973
5957
5950
5812
5872
5882
5932
5959
6102
6164
6175
6112
6237
6095
6238
6242
6336
6398
6383
6330
6263
6255
6233
6364
6403
6437
6449
6420
6366
6319
6286
6348
6302
6359
6432
6462
6512
6643
6769
6642
6559
6543
6504
6722
6753
6747
6652
6543
6456
6389
6374
6367
6327
6367
6399
6468
6428
6336
6406
6457
6477
6426
6351
6202
6183
6125
6182
6245
6297
6498
6384
6542
6531
6494
6470
6526
6612
6549
6455
6412
6294
6357
6383
6350
6290
6461
6377
6417
6364
6358
6389
6383
6411
6423
6407
6344
6323
6214
6046
6014
6074
6061
5890
5898
5860
5891
5937
5857
5923
5890
5874
5857
5830
5797
5751
5739
5797
5699
5687
5676
5730
5828
5786
5811
5702
5737
5628
5642
5667
5675
5630
5739
5685
5541
5548
5461
5453
5387
5487
5466
5602
5578
5609
5617
5758
5729
5661
5639
5683
5669
5613
5759
5815
5901
5906
5959
5848
5920
5877
5918
5807
5845
5866
5833
5902
5784
5947
5966
5868
5946
5946
5963
6052
6136
6122
6193
6249
6283
6293
6293
6364
6410
6371
6450
6442
6449
6381
6326
6376
6483
6422
6380
6294
6302
6337
6464
6471
6428
6422
6373
6380
6406
6463
6448
6412
6226
6304
6339
6309
6310
6359
6348
6189
5980
6158
6046
5976
5924
5979
5919
5856
5897
5773
5907
5824
5794
5772
5691
5590
5743
5887
5821
5834
5801
5785
5760
5854
5813
5916
5835
5770
5887
5848
5885
6033
6050
5931
5896
5843
5738
5738
5929
6016
6125
6060
6066
6102
6090
5962
5926
5864
5878
5904
5873
5814
5878
5854
5892
5895
5916
5893
6005
6019
5843
5794
5765
5833
5860
5789
5755
5789
5806
5787
5668
5847
5731
5749
5946
5996
5838
5794
5851
5959
5934
5976
5893
5993
5940
6133
6111
6020
5970
5983
5915
6004
6034
6037
5990
5859
5817
5807
5735
5903
5792
5769
5808
5677
5598
5557
5597
5602
5712
5752
5638
5644
5680
5763
5770
5781
5902
5943
5896
5867
5878
5892
5830
5676
5641
5609
5510
5509
5630
5655
5625
5531
5648
5714
5784
5719
5795
5779
5665
5732
5783
5901
5799
5779
5785
5926
5946
5786
5836
5885
5848
5798
5850
5866
5865
5830
5738
5725
5683
5734
5848
5767
5999
6083
6131
6123
6046
6091
6108
6103
6095
6082
5970
5924
5822
5841
5769
5753
5689
5722
5779
5889
5813
5849
5924
5923
5968
6027
6022
6021
6095
5925
5887
5868
5886
5910
5892
5894
5820
5688
5784
5800
5873
5957
6112
6137
6136
6091
6069
5978
6093
6065
6032
6095
6249
6362
6489
6525
6567
6381
6378
6323
6345
6207
6231
6142
6283
6194
6322
6311
6283
6170
6164
6141
6197
6294
6321
6370
6457
6515
6529
6410
6468
6512
6479
6583
6606
6578
6445
6358
6445
6293
6307
6264
6267
6230
6269
6247
6181
5986
5975
5998
6056
6056
6044
6047
6076
6013
6011
5928
5997
6098
6179
6181
6287
6397
6495
6396
6256
6168
6208
6282
6124
6197
6224
6313
6198
6197
6204
6049
6093
6112
6158
6271
6311
6242
6385
6424
6219
6221
6256
6309
6258
6274
6283
6336
6403
6352
6367
6295
6220
6187
6065
6140
6182
6141
6029
6194
6336
6369
6393
6395
6421
6508
6572
6667
6726
6724
6692
6691
6766
6827
6708
6741
6727
6755
6637
6608
6753
6804
6903
6967
7035
6936
7124
7049
6963
7052
6930
6938
7000
7127
6995
7033
7100
7035
6943
7007
7000
6886
6848
6903
6840
6805
6702
6674
6614
6734
6622
6600
6701
6797
6816
6720
6821
6682
6695
6678
6632
6600
6576
6561
6451
6383
6402
6443
6478
6373
6322
6290
6299
6280
6237
6218
6281
6369
6499
6382
6516
6461
6461
6431
6473
6447
6405
6501
6484
6598
6670
6531
6572
6503
6497
6672
6711
6624
6657
6784
6747
6970
6884
6947
6925
6956
6936
6910
6795
6750
6649
6625
6453
6255
6316
6323
6322
6312
6358
6386
6409
6316
6380
6357
6197
6169
6111
6095
6153
6140
6194
6211
6244
6194
6344
6504
6400
6439
6331
6343
6371
6227
6202
6215
6255
6375
6359
6316
6337
6308
6361
6335
6346
6472
6447
6448
6390
6345
6352
6424
6382
6464
6588
6628
6585
6616
6558
6586
6507
6449
6504
6490
6486
6552
6476
6400
6385
6339
6352
6366
6316
6417
6368
6394
6409
6371
6344
6411
6423
6338
6342
6341
6286
6233
6191
6246
6135
6038
6015
6032
5979
6035
6124
6102
6133
6159
6119
5954
5947
5854
5879
5937
5876
5793
5767
5803
5731
5570
5556
5571
5496
5514
5587
5533
5631
5586
5544
5444
5442
5507
5531
5494
5723
5678
5765
5860
5828
5816
5806
5792
5741
5693
5537
5618
5636
5607
5529
5658
5699
5693
5681
5762
5791
5705
5536
5551
5609
5707
5711
5672
5663
5698
5668
5572
5440
5366
5370
5368
5378
5362
5415
5404
5411
5385
5344
5375
5496
5479
5503
5505
5333
5201
5140
5209
5164
5085
5146
5180
5005
4946
4981
5016
5053
5100
5121
5049
4965
4898
4841
4786
4756
4943
4895
4888
5003
5050
4967
4931
5046
4996
4945
4966
4902
4876
4778
4884
4900
4828
4935
4853
4893
4897
4983
4831
4972
4879
4891
4807
4705
4775
4678
4734
4771
4859
4853
4857
4857
4729
4748
4766
4692
4639
4606
4572
4470
4472
4435
4411
4331
4275
4204
4159
4285
4343
4304
4289
4258
4276
4331
4340
4372
4308
4420
4383
4280
4338
4409
4569
4580
4494
4493
4468
4503
4521
4455
4371
4424
4463
4618
4706
4724
4798
4813
4820
4920
4906
4962
5002
5008
5046
4985
5108
5014
5007
4997
5077
5115
5130
4978
4985
4890
5066
5059
4966
4826
4869
4784
4806
4704
4582
4647
4727
4762
4691
4677
4581
4600
4689
4610
4590
4608
4617
4648
4593
4579
4446
4492
4363
4389
4480
4592
4563
4705
4767
4814
4781
4741
4684
4691
4623
4599
4552
4591
4610
4552
4494
4565
4665
4664
4715
4696
4808
4769
4824
4928
4947
4949
4801
4861
4964
4919
4899
4838
4860
4849
4981
4950
4899
4870
4972
5036
5055
5088
5157
5169
5083
5172
5331
5190
5209
5121
5157
5174
5184
5242
5192
5238
5294
5335
5379
5422
5283
5299
5374
5509
5348
5398
5291
5378
5365
5314
5395
5386
5399
5382
5383
5395
5380
5416
5422
5454
5495
5544
5530
5535
5535
5682
5750
5789
5868
5731
5746
5679
5690
5571
5515
5493
5502
5527
5491
5471
5443
5466
5576
5585
5557
5564
5671
5563
5511
5561
5609
5603
5617
5601
5464
5565
5449
5400
5400
5366
5241
5253
5258
5341
5309
5241
5136
5238
5309
5226
5333
5357
5330
5279
5420
5556
5602
5503
5471
5399
5494
5493
5474
5584
5709
5706
5696
5687
5597
5552
5584
5607
5565
5618
5648
5738
5732
5678
5658
5663
5478
5460
5539
5523
5515
5503
5435
5299
5253
5290
5172
5138
5054
5074
5105
5019
5069
5010
5168
5148
5073
5264
5359
5310
5264
5214
5270
5328
5394
5354
5433
5404
5524
5561
5579
5645
5614
5516
5613
5555
5672
5671
5610
5761
5824
5866
5876
5751
5743
5715
5764
5828
5749
5808
5719
5619
5661
5739
5724
5755
5740
5711
5584
5518
5793
5684
5662
5719
5801
5784
5663
5685
5701
5724
5774
5829
5998
6084
6208
6234
6321
6348
6342
6326
6221
6200
6089
6085
6004
5919
5906
5948
5826
5792
5785
5739
5765
5730
5683
5780
5676
5592
5594
5584
5632
5605
5606
5607
5689
5641
5691
5703
5714
5792
5837
5812
5853
5750
5668
5761
5626
5685
5541
5621
5712
5749
5713
5758
5710
5646
5786
5794
5842
5942
5874
5937
5985
6063
6009
6017
6060
6103
6080
6030
6057
6020
6076
5937
5963
5900
5856
5673
5631
5687
5731
5670
5731
5695
5625
5659
5468
5467
5512
5564
5597
5581
5588
5559
5567
5576
5533
5508
5548
5619
5629
5709
5741
5701
5855
5834
5860
5812
5805
5778
5663
5551
5446
5426
5482
5458
5525
5423
5471
5446
5311
5397
5511
5469
5615
5599
5567
5443
5398
5468
5441
5467
5527
5465
5506
5426
5500
5621
5684
5676
5617
5645
5747
5768
5678
5635
5519
5590
5660
5684
5544
5564
5473
5540
5439
5380
5276
5296
5284
5262
5169
5276
5384
5425
5510
5420
5396
5161
5128
5165
5159
5130
5273
5295
5300
5308
5266
5180
5205
5096
5094
5140
5123
5066
4942
4941
4954
4841
4810
4822
4876
4932
5014
5078
5150
5294
5215
5338
5398
5381
5458
5579
5622
5607
5708
5631
5699
5662
5656
5566
5656
5592
5488
5358
5306
5264
5359
5447
5477
5500
5524
5529
5612
5665
5556
5485
5401
5350
5383
5372
5418
5557
5484
5443
5525
5625
5588
5692
5692
5702
5657
5752
5700
5609
5616
5623
5569
5501
5538
5647
5759
5869
5940
5836
5935
5988
6023
6052
6052
6059
6057
6122
6069
6016
6007
6141
6267
6237
6365
6449
6405
6319
6273
6174
6227
6488
6491
6463
6458
6478
6410
6259
6222
6148
6079
6141
6301
6336
6242
6266
6306
6341
6369
6304
6177
6174
6190
6286
6134
6143
6223
6089
6096
6188
6210
6174
6217
6228
6269
6274
6256
6259
6291
6302
6371
6329
6286
6303
6207
6247
6318
6264
6183
6039
6089
6090
6012
5962
5925
5997
5987
5978
5951
5924
5927
5834
5820
5944
5947
5912
5981
6147
6162
6248
6178
6241
6389
6411
6440
6420
6457
6558
6501
6569
6438
6443
6451
6551
6500
6547
6639
6712
6831
6738
6720
6620
6620
6693
6697
6605
6578
6626
6547
6578
6569
6658
6537
6577
6498
6428
6519
6330
6378
6381
6439
6558
6515
6486
6634
6596
6543
6567
6520
6602
6644
6581
6716
6771
6590
6716
6740
6764
6819
6909
6953
6931
6820
6803
6885
6864
6909
7070
7214
7133
7116
7089
7107
7011
6929
6918
6959
6879
6885
6839
6913
6847
6665
6753
6795
6797
6853
6851
6742
6731
6735
6710
6641
6683
6549
6511
6418
6447
6502
6446
6384
6342
6262
6249
6263
6224
6161
6106
6088
5946
5865
5924
5927
5887
5902
5964
5966
5989
6015
5988
5998
5942
6006
6012
6161
6174
6256
6225
6208
6209
6070
6043
6039
6092
6057
5897
5941
5872
5929
5967
5872
5836
5917
6007
5898
5872
5948
5846
5869
5778
5696
5693
5697
5602
5633
5705
5844
5755
5766
5719
5747
5788
5751
5752
5709
5758
5794
5687
5714
5695
5528
5598
5665
5608
5526
5503
5490
5437
5425
5455
5375
5415
5293
5217
5189
5252
5285
5182
5101
5253
5197
5230
5255
5334
5342
5331
5267
5268
5362
5447
5574
5625
5573
5490
5376
5446
5479
5361
5206
5221
5261
5220
5118
5122
5144
5113
5186
5105
5144
5310
5267
5176
5186
5174
5197
5157
5059
5146
5162
5209
5260
5257
5215
5347
5289
5399
5373
5369
5280
5300
5397
5399
5438
5463
5514
5387
5400
5430
5311
5254
5246
5292
5342
5384
5384
5262
5244
5303
5227
5323
5414
5457
5374
5558
5590
5633
5630
5652
5473
5375
5405
5351
5306
5294
5242
5121
5040
5000
4840
4869
4837
4730
4697
4820
4754
4791
4750
4642
4723
4811
4858
4879
4978
4929
4905
4831
4831
4885
4816
4762
4850
4791
4739
4762
4813
4698
4689
4760
4631
4715
4651
4617
4601
4671
4638
4620
4706
4738
4775
4824
4803
4814
4740
4757
4628
4481
4555
4477
4466
4489
4560
4584
4575
4576
4594
4499
4514
4435
4443
4421
4435
4436
4320
4424
4641
4717
4678
4790
4796
4725
4757
4753
4830
4816
4810
4832
4887
4828
4774
4824
4762
4728
4784
4806
4836
4798
4825
4976
4986
4864
4918
5004
4958
4853
4917
4919
4950
5023
4974
4995
4922
4960
4974
5086
5073
5182
5186
5170
5124
5232
5194
5241
5206
5199
5372
5365
5412
5398
5319
5358
5353
5404
5324
5348
5263
5136
5215
5167
5291
5313
5391
5401
5480
5470
5571
5650
5668
5577
5567
5518
5581
5545
5535
5381
5357
5394
5493
5592
5521
5521
5627
5593
5682
5708
5655
5587
5542
5675
5691
5599
5636
5638
5572
5658
5623
5468
5375
5440
5311
5291
5148
5141
5102
5126
5203
5266
5310
5369
5392
5334
5319
5333
5308
5348
5262
5381
5267
5268
5296
5212
5265
5156
5161
5111
5114
5137
5156
5247
5237
5294
5195
5115
5148
5214
5215
5151
5062
4929
4922
4987
5119
5064
5106
4942
4889
4808
4761
4724
4811
4729
4728
4670
4669
4661
4589
4567
4563
4505
4590
4578
4567
4638
4538
4317
4389
4350
4233
4163
4071
4059
4111
4155
4066
4010
3973
4018
4049
4028
4039
4099
4188
4159
4157
4127
3981
4046
4022
3991
3975
3965
3883
3930
3844
3928
3979
3867
3962
3995
4058
3984
4059
4167
4179
4146
4247
4250
4395
4378
4271
4309
4423
4401
4343
4287
4280
4246
4162
4167
4260
4309
4320
4345
4315
4526
4472
4446
4358
4312
4216
4197
4086
4159
4185
4226
4305
4334
4357
4333
4331
4197
4149
4275
4346
4391
4423
4463
4448
4437
4494
4470
4577
4506
4484
4493
4597
4593
4687
4718
4668
4614
4663
4572
4622
4625
4608
4582
4562
4610
4583
4559
4444
4554
4618
4595
4521
4694
4581
4655
4658
4530
4612
4628
4612
4616
4645
4769
4766
4746
4832
4720
4756
4933
4974
5135
5121
4992
5009
4990
4965
4966
5001
5010
5098
5154
5195
5202
5177
5227
5311
5238
5267
5382
5335
5455
5343
5262
5168
5145
5179
5178
5099
5031
5101
5050
5201
5310
5252
5353
5274
5196
5177
5217
5150
5134
5128
5112
5154
5162
4995
5007
5080
5188
5227
5308
5266
5274
5287
5404
5468
5631
5500
5441
5466
5397
5429
5357
5496
5502
5378
5397
5378
5432
5423
5496
5549
5416
5328
5253
5409
5453
5440
5374
5314
5238
5244
5268
5334
5281
5353
5223
5201
5299
5354
5326
5356
5387
5408
5444
5473
5587
5465
5270
5300
5417
5453
5364
5288
5196
5232
5274
5266
5265
5175
5133
5087
5093
5152
5114
5117
5092
5081
5066
5012
5012
5015
4979
5009
5050
5137
5145
5243
5274
5369
5318
5290
5325
5279
5351
5358
5334
5286
5162
5171
5187
5197
5285
5248
5141
5139
5111
5165
5188
5229
5334
5409
5405
5376
5444
5424
5496
5490
5406
5503
5545
5503
5466
5447
5507
5554
5572
5486
5548
5467
5543
5578
5609
5714
5647
5665
5522
5516
5564
5572
5488
5482
5592
5625
5650
5571
5622
5754
5853
5979
5957
5909
6085
5941
5928
5859
5781
5769
5756
5781
5681
5552
5591
5651
5630
5586
5642
5680
5713
5656
5643
5675
5742
5767
5749
5845
5850
5836
5809
5791
5754
5805
5816
5923
6005
5970
6030
6093
6079
6100
6120
6103
6187
6206
6209
6210
6023
6033
6073
6040
6118
6129
6128
6148
6318
6286
6215
6236
6155
6164
6031
6034
6063
6170
6043
6078
5986
5952
5934
5974
5923
5935
5900
5971
6095
6120
6090
6064
6052
5988
6024
6112
6220
6248
6235
6246
6250
6205
6274
6233
6121
6192
6122
6141
6088
6083
6056
5997
5987
6132
5932
5911
5880
5979
5894
5832
5777
5819
5868
5820
5916
5879
5907
5983
5943
5915
5799
5810
5959
5944
5895
5830
5741
5734
5714
5620
5590
5645
5617
5616
5670
5732
5744
5754
5731
5735
5801
5651
5645
5685
5761
5810
5765
5741
5697
5597
5714
5741
5711
5627
5773
5808
5780
5783
5809
5856
5780
5742
5658
5683
5555
5494
5499
5477
5601
5616
5608
5680
5644
5713
5677
5818
5974
5856
5866
5925
5876
5840
5815
5722
5812
5856
5905
5831
5940
6012
6076
6041
6096
6175
6154
6126
6127
6094
6027
6075
6106
6095
5973
5995
6090
6014
5951
6045
6190
6170
6217
6285
6376
6343
6386
6386
6212
6251
6205
6103
6048
6068
6118
6362
6334
6363
6430
6363
6332
6202
6119
6018
6116
6129
6009
6072
6132
6047
5891
5980
5779
5833
5624
5552
5585
5742
5799
5896
5949
5887
5868
5957
5997
5916
5954
5905
5836
5910
5870
5822
5735
5713
5758
5802
5804
5746
5786
5796
5782
5689
5549
5405
5515
5531
5547
5483
5388
5391
5400
5405
5480
5417
5377
5437
5407
5377
5336
5395
5298
5187
5102
5053
5041
4957
5011
5136
5085
5219
5229
5157
5016
5044
5095
5170
5165
5093
5028
4927
5066
4985
4942
4906
5080
5032
5006
5043
5071
5068
5074
5090
5188
5342
5402
5323
5327
5371
5393
5369
5444
5387
5459
5390
5299
5315
5383
5513
5494
5450
5493
5451
5413
5443
5441
5411
5407
5386
5446
5446
5534
5510
5647
5719
5593
5624
5742
5837
5906
5885
5857
6015
5952
5913
5961
5848
5890
5852
5954
6064
6018
6118
6083
5974
5905
5939
5854
5859
5812
5878
5916
5919
6012
6064
6051
5985
6095
6013
5997
5915
5840
5886
6043
6056
6080
6065
6008
5911
5928
6008
5939
5977
6014
6067
6008
6056
6052
6023
6098
6040
6016
5982
5989
5926
6039
6008
6077
6083
6165
6106
6087
5946
6021
6034
5984
5975
5946
5915
5896
6019
6076
6057
6105
5924
6009
5904
5967
5979
5896
5823
5735
5863
5959
5986
5890
5953
5872
5861
5846
5906
6047
6085
6024
6053
6119
6112
6067
5974
5956
5869
5908
5931
5863
5810
5846
5823
5750
5803
5887
5898
5899
5878
5849
5934
5878
5919
5946
6035
6022
6041
6052
5972
5981
5955
5922
5930
5937
5855
5796
5832
5802
5782
5789
5937
5865
5866
5831
5807
5656
5630
5682
5585
5471
5459
5486
5442
5394
5381
5333
5368
5248
5173
5233
5186
5115
5168
5203
5167
5221
5335
5381
5368
5367
5184
5074
5104
5093
5072
4936
4881
4851
4905
5012
5115
5111
5104
5022
4999
5036
5062
4995
5079
5042
5130
5147
5209
5170
5270
5372
5435
5459
5499
5538
5532
5540
5613
5616
5638
5596
5633
5484
5545
5522
5484
5540
5623
5581
5495
5368
5492
5523
5514
5472
5484
5488
5621
5651
5685
5682
5692
5619
5638
5612
5597
5601
5592
5564
5438
5501
5595
5628
5567
5508
5568
5500
5495
5409
5388
5341
5360
5547
5576
5391
5464
5484
5377
5524
5540
5467
5613
5473
5519
5432
5371
5405
5318
5244
5310
5266
5240
5238
5280
5288
5347
5354
5244
5224
5252
5393
5417
5282
5269
5190
5170
5182
5113
5095
5248
5186
5188
5144
5082
5007
5100
5012
5035
5027
5130
5196
5316
5380
5405
5466
5564
5624
5594
5724
5661
5662
5468
5467
5627
5678
5660
5451
5337
5350
5461
5444
5457
5464
5398
5385
5342
5297
5265
5217
5170
5098
5059
4937
5014
5084
5135
4990
4959
4889
4852
4920
4871
4789
4781
4671
4766
4728
4669
4745
4766
4862
4979
4894
4913
4933
4978
4928
4867
4977
4950
4925
4900
4939
4921
4875
4990
5046
4982
4942
4855
4958
4925
4855
4686
4734
4797
4710
4789
4659
4806
4938
4871
4846
4910
4860
4928
4887
4789
4848
4906
4877
4877
4846
4771
4723
4710
4628
4697
4609
4582
4545
4561
4499
4488
4585
4629
4589
4632
4700
4698
4651
4700
4621
4552
4492
4521
4563
4436
4457
4398
4457
4502
4441
4479
4563
4553
4549
4575
4718
4703
4673
4613
4783
4911
4794
4840
4811
4966
5004
4986
4946
4876
4878
4845
4842
4907
4928
4936
4926
4999
5102
5071
5020
4965
5007
5120
5092
4994
5035
5012
4992
4989
4981
4876
4935
4831
4858
4927
4930
4912
4857
4944
5010
4986
5024
5070
5061
4956
4930
4907
4847
4816
4883
4916
4881
4901
4878
4830
4822
4898
4810
4798
4757
4795
4764
4797
4812
4735
4635
4800
4777
4771
4760
4858
4894
4939
4952
4928
4959
4968
5158
5095
5092
4960
4931
4943
4979
4939
4865
4870
4967
4977
5025
4956
4952
4964
4978
4946
4974
5061
5225
5238
5233
5290
5435
5349
5354
5309
5294
5377
5354
5349
5346
5290
5276
5199
5228
5122
5105
4980
5027
5063
5260
5206
5090
5190
5153
5107
5124
5160
5179
5070
4974
4841
4920
4945
5001
5006
4973
5028
5041
5009
4954
4899
5009
5156
5212
5140
5171
5070
5033
5033
4992
5075
5163
5135
5280
5324
5428
5520
5537
5519
5458
5442
5488
5531
5423
5482
5432
5513
5446
5391
5425
5313
5414
5565
5572
5601
5726
5725
5658
5604
5522
5531
5507
5582
5566
5719
5651
5634
5639
5784
5785
5843
5913
5997
6244
6158
6125
6033
6025
5987
5985
6049
6225
6320
6281
6302
6302
6310
6285
6199
6247
6350
6375
6336
6267
6253
6233
6062
6053
5864
5956
6038
6110
6206
6152
6318
6166
6026
5905
5966
6073
5954
5901
6034
6048
6016
5941
6054
6001
6120
6188
6205
6151
6083
6091
6147
6075
5986
5921
5836
5824
5877
5980
5964
