505000
199482
141197
110804
91752
78872
69073
61874
56020
51502
47619
44432
41551
39301
37171
35206
33722
31723
30100
28637
27468
26476
25737
25019
24054
23385
22717
21962
21367
20623
20234
19839
19544
19295
18965
18695
18480
17918
17725
17080
16599
16233
15895
15643
15452
15090
15026
14927
14656
14484
14210
13942
13618
13276
13064
12921
12699
12459
12258
12009
11858
11629
11357
11190
11090
10999
10694
10531
10297
10482
10366
10344
10119
9946
9916
9932
9808
9699
9808
9775
9608
9575
9567
9618
9462
9408
9297
9257
9227
9381
9338
9299
9403
9450
9262
9087
9013
9186
9002
8971
8902
8736
8591
8523
8426
8355
8350
8330
8163
8013
8080
8042
8081
8116
8167
8131
8212
8259
8224
8108
8039
7867
7808
7821
7788
7732
7619
7442
7463
7360
7337
7320
7318
7180
7147
6877
6772
6776
6623
6682
6701
6567
6488
6316
6366
6439
6384
6339
6365
6398
6355
6460
6534
6680
6677
6736
6650
6767
6741
6815
6757
6846
6808
6828
6746
6703
6615
6642
6654
6633
6606
6715
6661
6748
6713
6738
6650
6514
6501
6348
6247
6378
6458
6388
6346
6236
6237
6272
6255
6180
6209
6161
6200
6051
6017
6126
6190
6022
5992
5927
5906
5833
5837
5829
6027
6107
6073
6003
5942
6064
6118
6130
6092
6058
6080
6143
6128
6151
6083
6139
6230
6274
6274
6309
6281
6410
6416
6490
6413
6369
6389
6315
6379
6583
6462
6349
6353
6398
6351
6341
6312
6313
6328
6290
6348
6308
6320
6436
6514
6545
6489
6490
6420
6480
6491
6551
6528
6528
6531
6501
6544
6539
6335
6362
6402
6335
6373
6516
6560
6716
6866
6769
6927
6837
6980
7074
6949
6922
6891
6955
6845
7088
7159
7127
7207
7146
7201
7242
7414
7453
7425
7363
7316
7308
7318
7163
7127
7127
7003
7061
7056
7255
7222
7201
7266
7218
7207
7445
7396
7364
7374
7471
7338
7307
7135
7123
7053
7124
7033
7038
7093
7107
7096
6976
6962
6851
6839
6789
6626
6648
6555
6527
6592
6657
6882
6986
6935
7053
7066
6933
6988
7059
7111
7176
7321
7146
7160
7174
7135
7162
7107
7052
7043
7001
7112
7257
7242
7154
7017
7174
7157
6975
7010
6997
6819
6836
6842
6899
6819
6816
6806
6847
6584
6554
6530
6629
6727
6645
6500
6418
6262
6281
6089
6008
5951
6104
6128
6115
6036
6130
6113
6071
6115
6081
6113
6182
6198
6303
6261
6276
6173
6114
6033
6114
6135
6335
6396
6310
6333
6484
6451
6589
6555
6401
6305
6170
6168
6205
6150
6247
6319
6264
6368
6402
6509
6620
6688
6714
6766
6934
6866
6759
6726
6764
6938
6830
6821
6925
6989
7010
6873
6841
6897
6846
6840
6684
6663
6634
6751
6631
6521
6581
6560
6438
6398
6265
6241
6148
6212
6185
6221
6103
6276
6366
6311
6238
6179
6248
6321
6405
6351
6446
6378
6470
6481
6494
6484
6568
6378
6314
6157
6096
6057
6077
5948
5923
5846
5954
6004
5994
6061
6053
6075
6162
6153
6155
6151
6176
6122
6097
6148
6133
6157
6120
6202
6217
6076
6131
6038
6032
6084
6239
6324
6263
6168
6177
6188
6201
6141
6212
6241
6240
6150
6246
6217
6172
6162
6022
5972
5955
5858
5809
5763
5702
5712
5612
5517
5428
5573
5641
5663
5763
5854
5737
5726
5673
5673
5656
5699
5661
5579
5662
5699
5722
5655
5544
5613
5632
5862
5793
5759
5766
5972
5898
5831
5857
5858
5817
5809
5853
5899
5846
5849
5769
5792
5963
5992
6039
5962
5988
5935
6037
5942
5896
5892
5828
5844
5944
5928
5871
5685
5555
5505
5540
5501
5624
5657
5538
5673
5678
5590
5595
5622
5682
5796
5837
5851
5845
5932
5913
5922
5967
5990
5976
6119
6037
6037
6077
6081
6102
6077
6131
6017
5899
5874
5903
5849
5695
5762
5888
5816
5797
5901
6027
6108
6077
6096
6071
6094
6274
6446
6427
6436
6504
6503
6514
6423
6415
6490
6480
6518
6508
6500
6601
6567
6567
6548
6550
6656
6521
6492
6485
6416
6373
6417
6396
6446
6429
6362
6312
6314
6424
6241
6287
6229
6228
6164
6206
6267
6157
6233
6212
6334
6337
6364
6463
6509
6505
6442
6351
6331
6326
6272
6164
6281
6377
6291
6382
6380
6487
6325
6378
6361
6334
6313
6441
6498
6581
6494
6483
6463
6510
6475
6483
6413
6233
6168
6156
6115
6277
6227
6124
6130
6183
6163
6230
6309
6316
6206
6157
6158
6126
6139
6176
6258
6222
6195
6254
6311
6335
6398
6263
6172
6272
6123
6133
6167
6144
6202
6231
6187
6268
6418
6246
6222
6192
6182
6191
6219
6193
6156
6160
6198
6437
6503
6477
6436
6336
6301
6351
6160
6087
6033
6007
6112
6086
6076
6099
6111
6087
6099
6116
6145
6122
6181
6227
6298
6275
6395
6391
6412
6490
6540
6493
6474
6437
6541
6414
6403
6354
6364
6421
6368
6329
6363
6403
6475
6537
6520
6557
6564
6584
6529
6536
6500
6489
6346
6397
6248
6241
6232
6250
6320
6302
6321
6389
6313
6317
6262
6183
6211
6142
6172
6269
6334
6487
6531
6286
6377
6453
6288
6313
6278
6304
6405
6329
6250
6139
6242
6249
6211
6324
6374
6418
6459
6490
6410
6358
6343
6355
6467
6480
6433
6465
6483
6505
6324
6149
6123
6101
6155
6079
6204
6118
6220
6380
6428
6425
6400
6456
6438
6518
6627
6593
6669
6752
6672
6574
6521
6552
6638
6607
6533
6470
6429
6521
6548
6403
6455
6486
6575
6613
6707
6623
6517
6567
6530
6551
6505
6615
6627
6586
6530
6609
6642
6581
6490
6391
6400
6351
6360
6329
6368
6379
6416
6383
6382
6319
6292
6236
6258
6148
6040
5897
6003
5960
5910
6029
5989
6034
6140
6121
6108
5991
6018
6072
6033
6050
6051
6012
6032
5970
5957
5860
5882
5816
5688
5683
5748
5731
5720
5765
5683
5681
5685
5614
5624
5796
5861
5878
5836
5848
5765
5785
5815
5669
5590
5612
5693
5705
5794
5784
5764
5735
5836
5782
5762
5772
5736
5618
5677
5834
5804
5858
5887
5967
5999
6077
6107
6061
5986
5917
5922
5906
5809
5703
5576
5666
5690
5692
5621
5580
5564
5572
5542
5590
5501
5519
5411
5453
5451
5354
5345
5361
5574
5535
5546
5386
5427
5434
5375
5230
5251
5284
5438
5418
5492
5418
5489
5742
5739
5725
5746
5766
5828
5735
5738
5629
5604
5486
5567
5521
5520
5502
5541
5606
5502
5571
5577
5498
5543
5583
5565
5547
5589
5448
5489
5485
5467
5561
5572
5580
5734
5832
5888
5924
5913
5906
5917
5904
5893
5938
5925
5953
5947
5934
5972
5918
5856
5721
5718
5820
5767
5801
5879
5906
5894
5928
6000
5969
5926
5962
5908
5857
5763
5814
5854
5864
5730
5758
5845
5827
5825
5785
5784
5739
5950
5976
6053
6021
5956
5979
6077
6081
5983
6027
5908
5955
6115
6096
6087
5945
5841
5834
5866
5747
5731
5717
5662
5698
5566
5658
5537
5563
5589
5583
5625
5662
5759
5691
5701
5545
5347
5405
5402
5214
5275
5187
5046
5097
5083
5183
5121
5138
5162
5123
5126
5106
5220
5260
5169
5136
5186
5196
5278
5325
5401
5470
5500
5531
5475
5394
5353
5164
5166
5215
5230
5313
5365
5430
5331
5410
5418
5438
5486
5447
5473
5459
5378
5356
5419
5545
5513
5522
5403
5247
5336
5416
5437
5451
5439
5317
5178
5142
5153
5068
5065
5000
5023
5107
5049
5146
5191
5171
5154
5196
5228
5215
5211
5230
5236
5202
5311
5273
5192
5132
5071
5027
5055
4989
4975
5048
5063
5087
5110
5211
5244
5271
5272
5332
5274
5275
5224
5227
5273
5425
5362
5372
5431
5443
5351
5494
5573
5556
5541
5623
5643
5500
5477
5473
5411
5292
5262
5357
5329
5234
5211
5108
5130
5188
5268
5261
5337
5416
5428
5391
5292
5232
5210
5262
5335
5369
5284
5415
5376
5411
5502
5531
5495
5455
5436
5409
5305
5149
5136
5159
5142
4873
4925
4928
4945
4938
4932
5028
4995
5073
5212
5139
5018
5065
5006
4993
4997
4984
4981
5062
5161
5226
5105
5086
5152
5107
5008
5058
5068
4971
5000
5021
5059
5024
5030
5060
5023
5132
5128
5147
5212
5232
5292
5236
5251
5248
5342
5314
5283
5256
5217
5318
5434
5371
5399
5273
5255
5274
5331
5293
5268
5132
5059
4926
5116
5230
5162
5153
5214
5294
5306
5375
5426
5356
5318
5384
5368
5315
5279
5236
5403
5460
5535
5536
5627
5650
5629
5676
5881
5717
5719
5672
5700
5682
5622
5610
5592
5637
5714
5792
5744
5712
5847
5900
5916
5913
5872
5864
5857
5817
5655
5771
5736
5803
5790
5838
5711
5693
5663
5565
5634
5736
5785
5736
5711
5772
5760
5823
5852
5832
5797
5862
5963
5913
5919
5874
5910
5886
5854
5731
5725
5826
5868
5859
5795
5714
5792
5644
5716
5737
5736
5771
5885
5889
5972
5902
5965
5966
5984
5954
5860
5888
5861
5857
5888
5952
5951
6016
6032
5899
5873
5900
5914
5877
5879
5908
5846
5868
5878
5893
5773
5576
5560
5645
5701
5681
5711
5726
5713
5697
5804
5762
5702
5793
5649
5694
5643
5537
5589
5602
5667
5619
5567
5485
5574
5605
5606
5593
5567
5549
5513
5457
5463
5415
5389
5367
5483
5521
5518
5578
5536
5647
5636
5692
5751
5616
5628
5809
5875
5852
5849
5956
5903
5992
5917
5864
5941
5951
5899
5926
5826
5851
5869
5831
5783
5739
5704
5682
5812
5858
6006
5931
5906
5893
5823
5848
5986
6084
6106
6178
6166
6110
6116
6038
6049
6041
6019
6135
6135
6167
6074
6081
5895
5983
6058
5942
5921
5951
6043
6015
6115
5956
5976
5985
5959
5972
5983
5894
5848
5761
5757
5622
5546
5617
5600
5450
5375
5341
5348
5402
5426
5449
5435
5395
5415
5359
5361
5373
5286
5235
5240
5221
5034
4987
4909
4910
4877
4868
4876
4910
4958
4931
4942
4896
4795
4738
4757
4771
4832
4885
4838
4856
4796
4828
4664
4690
4700
4600
4631
4833
4852
4856
4814
4811
4896
4868
4891
4884
4863
4950
5041
5030
5075
5137
5107
5189
5079
5047
5100
5198
5148
5163
5068
5000
4935
4784
4715
4796
4790
4652
4659
4632
4700
4664
4577
4615
4582
4520
4587
4421
4429
4498
4439
4501
4391
4379
4429
4477
4568
4582
4589
4672
4694
4670
4616
4695
4688
4719
4784
4834
4967
5043
5091
5054
5137
5152
5198
5127
5130
5265
5332
5269
5256
5271
5279
5286
5233
5350
5472
5565
5661
5651
5646
5701
5626
5662
5764
5667
5809
5831
5875
5968
5985
5942
5813
5854
5948
5897
5752
5781
5847
5748
5712
5685
5685
5714
5735
5823
5882
5861
5950
5883
5921
6017
6037
6143
6176
6058
5965
5947
5937
5940
5880
5885
5770
5726
5691
5729
5776
5724
5782
5833
5728
5839
5936
5997
5988
5910
5806
5832
5745
5758
5853
5924
5969
6028
5974
5999
6065
6006
6039
6116
6118
6149
6161
6245
6307
6420
6517
6450
6361
6348
6312
6389
6371
6386
6399
6272
6205
6235
6467
6428
6399
6480
6582
6718
6656
6796
6782
6894
6874
6731
6807
6987
6759
6815
6793
6862
6792
6901
6834
6816
6909
6907
7021
6953
6948
6975
7091
6986
7064
7130
7086
7107
7147
6960
6888
6885
6921
6869
6864
7055
7091
6903
6808
6654
6634
6568
6610
6522
6411
6329
6117
6092
6107
6076
6151
6089
5918
6060
6063
6088
6016
5998
5987
5807
5775
5767
5877
5819
5846
5957
5939
6055
5916
5990
5980
5861
5746
5642
5673
5641
5748
5808
5824
5884
5931
5810
5715
5709
5805
5941
5955
5779
5890
5967
6016
5861
5925
5960
5894
5985
6034
6066
6199
6153
6244
6271
6260
6247
6334
6433
6542
6498
6582
6495
6338
6341
6205
6299
6261
6314
6217
6128
5951
5926
5909
5890
5918
5922
5909
5981
6010
5948
6058
5915
5884
5781
5767
5741
5884
5863
5724
5777
5875
5987
5883
5819
5769
5638
5608
5630
5620
5626
5548
5609
5622
5639
5533
5425
5498
5624
5617
5510
5359
5283
5196
5148
5247
5234
5210
5166
5119
5037
5132
5123
5058
5052
4913
5072
5127
5177
5249
5277
5256
5149
5130
5083
5221
5244
5311
5199
5273
5172
5080
5078
4849
4858
4839
4790
4681
4620
4568
4672
4628
4550
4510
4534
4648
4536
4564
4541
4418
4569
4531
4615
4579
4566
4520
4425
4362
4346
4358
4397
4361
4383
4445
4362
4369
4391
4407
4318
4255
4247
4290
4216
4255
4229
4226
4316
4325
4309
4362
4426
4475
4390
4433
4459
4467
4473
4481
4523
4647
4723
4620
4705
4586
4466
4551
4689
4652
4778
4845
4794
4822
4921
5038
5028
4948
4913
5005
4984
4883
5031
4946
4996
4937
5120
5087
5243
5327
5327
5301
5340
5245
5253
5270
5380
5445
5440
5583
5607
5502
5536
5445
5356
5320
5281
5308
5419
5522
5510
5463
5510
5394
5341
5434
5439
5434
5368
5427
5479
5498
5532
5651
5670
5611
5635
5636
5736
5667
5699
5674
5726
5792
5835
5935
5970
5903
5842
5800
5827
5737
5802
5747
5755
5648
5533
5503
5520
5616
5586
5571
5562
5724
5743
5765
5726
5775
5710
5805
5808
5728
5675
5826
5829
5896
5809
5731
5701
5696
5614
5696
5762
5615
5684
5759
5839
5888
5855
5785
5640
5560
5533
5453
5373
5390
5478
5499
5541
5499
5559
5513
5486
5549
5611
5624
5678
5737
5707
5760
5659
5598
5495
5484
5466
5446
5381
5377
5389
5259
5272
5320
5458
5516
5520
5564
5491
5585
5449
5369
5243
5210
5099
5085
5082
4968
4895
4870
4937
4891
4763
4635
4803
4838
4893
4942
4866
4857
4836
4858
4788
4711
4603
4600
4717
4623
4585
4631
4612
4499
4482
4386
4323
4381
4460
4476
4503
4453
4463
4405
4395
4442
4409
4465
4437
4443
4570
4548
4532
4473
4565
4497
4534
4606
4531
4642
4745
4863
4914
4981
5032
5006
4908
4837
4856
4836
4807
4912
4813
4736
4696
4682
4655
4636
4645
4588
4502
4471
4415
4505
4576
4659
4588
4528
4493
4406
4559
4692
4672
4807
4922
5004
4947
5040
4957
4927
5006
4925
4833
4746
4712
4727
4642
4595
4685
4803
4694
4696
4740
4816
4853
4861
4770
4903
4839
4883
4799
4766
4807
4777
4831
4957
4931
4867
4857
4872
4818
4749
4614
4638
4650
4620
4647
4684
4694
4758
4820
4819
4807
4828
4831
4750
4759
4827
4870
4924
4973
5001
5013
4975
4997
5112
5165
5175
5194
5171
5184
5182
5035
5046
4977
5083
5177
5273
5267
5138
5222
5263
5152
5077
5019
5057
5088
5138
5186
5218
5291
5185
5158
5059
5028
5083
5132
5212
5136
5202
5192
5168
5156
5154
5103
4974
4908
4820
4991
4947
4925
5095
5036
5164
5297
5423
5406
5461
5417
5470
5522
5526
5456
5412
5428
5385
5405
5476
5365
5391
5315
5367
5354
5372
5324
5311
5267
5209
5165
5181
5219
5159
5164
5177
5151
5168
5081
5064
5039
4998
5060
5065
5203
5259
5362
5382
5461
5473
5442
5437
5503
5501
5517
5526
5566
5742
5801
5907
5861
5837
5872
5896
5939
5893
5783
5733
5859
5744
5789
5731
5775
5828
5836
5802
5823
5751
5795
5852
6009
6009
5995
5953
5947
6004
5949
5914
5795
5875
5890
5960
5904
5872
5839
5859
5751
5715
5756
5730
5649
5663
5685
5516
5433
5295
5409
5385
5495
5509
5545
5645
5609
5617
5517
5512
5521
5509
5551
5561
5454
5549
5568
5673
5693
5739
5779
5765
5776
5667
5725
5587
5567
5651
5645
5576
5487
5486
5513
5471
5469
5453
5495
5520
5665
5637
5639
5640
5652
5678
5460
5380
5508
5389
5333
5304
5336
5222
5358
5251
5187
5253
5231
5315
5278
5293
5259
5139
5186
5229
5108
5106
5095
5054
5155
5257
5295
5378
5375
5345
5383
5432
5586
5607
5576
5544
5635
5756
5721
5810
5940
5927
5974
6084
6097
5946
5886
6004
5895
5778
5782
5639
5744
5745
5746
5607
5674
5787
5793
5728
5749
5723
5636
5720
5835
5830
5882
5921
5745
5675
5618
5561
5459
5585
5562
5579
5507
5455
5442
5497
5516
5479
5494
5387
5439
5371
5424
5486
5460
5391
5406
5419
5416
5338
5368
5362
5225
5208
5337
5335
5351
5355
5414
5449
5535
5547
5661
5610
5618
5752
5716
5673
5682
5695
5642
5741
5784
5783
5863
5850
5779
5687
5779
5809
5668
5674
5749
5814
5712
5673
5604
5492
5430
5350
5307
5244
5327
5516
5555
5602
5548
5601
5567
5686
5628
5514
5563
5498
5501
5480
5397
5534
5659
5725
5712
5761
5701
5682
5754
5761
5718
5798
5803
5845
5935
5932
6014
5939
5943
5882
5783
5778
5824
5661
5787
5886
5916
5949
5908
5876
5972
5938
5831
5871
5924
6041
6055
5914
5882
5769
5702
5778
5650
5750
5746
5807
5881
5848
5729
5789
5761
5782
5759
5732
5726
5799
5731
5612
5515
5460
5507
5391
5317
5294
5240
5356
5208
5219
5219
5095
5043
5087
5214
5216
5085
5135
5031
4908
4924
4977
4919
4971
5015
5076
5165
5276
5374
5312
5325
5396
5338
5351
5367
5383
5456
5414
5456
5452
5480
5549
5736
5636
5635
5531
5359
5338
5301
5333
5313
5368
5378
5443
5554
5588
5468
5442
5479
5450
5479
5530
5485
5401
5401
5491
5489
5481
5451
5445
5472
5489
5575
5525
5561
5679
5645
5729
5763
5833
5790
5924
5892
5894
5874
5956
5894
5939
5869
5813
5809
5875
5828
5775
5823
5825
5835
5716
5738
5769
5738
5733
5708
5645
5480
5444
5484
5462
5489
5432
5379
5188
5218
5322
5338
5258
5167
5029
5082
5026
5192
5123
5219
5256
5265
5315
5209
5160
5253
5263
5322
5265
5334
5364
5413
5324
5370
5372
5364
5392
5388
5447
5427
5478
5485
5457
5476
5474
5489
5534
5448
5454
5442
5461
5466
5452
5439
5374
5399
5490
5557
5465
5454
5483
5488
5572
5551
5460
5445
5380
5468
5495
5536
5692
5657
5695
5671
5654
5736
5811
5667
5795
5677
5713
5786
5775
5912
5806
5805
5864
5816
5760
5788
5866
5895
5864
5813
5819
5877
5885
5940
5887
5859
5822
5861
5872
5826
5799
5882
5761
5732
5670
5671
5705
5754
5715
5743
5875
5891
5957
5918
5907
5959
6071
6060
6044
6028
6076
6214
6187
6164
6199
6192
6143
6055
5968
6059
6041
5902
5823
5767
5653
5760
5681
5731
5826
5841
5895
5909
5858
5983
6023
5978
6075
6119
6008
6116
6276
6262
6310
6198
6249
6151
6155
6192
6251
6278
6342
6480
6480
6561
6413
6476
6389
6416
6455
6287
6362
6353
6325
6404
6370
6311
6361
6427
6511
6515
6441
6309
6231
6169
6142
6043
6053
6012
6121
6178
6198
6203
6149
6064
6093
6088
6066
6081
6066
6043
6145
6054
6039
6082
6000
6128
6067
6191
6247
6240
6159
6193
6227
6233
6044
5987
6020
6194
6154
6052
5997
6013
5977
5979
6029
5953
5950
5740
5883
5924
5882
5781
5778
5668
5581
5644
5578
5513
5471
5489
5430
5395
5404
5462
5641
5691
5734
5706
5759
5839
5689
5706
5713
5761
5706
5641
5635
5562
5513
5515
5485
5559
5593
5620
5520
5481
5488
5419
5524
5550
5630
5516
5528
5469
5462
5389
5387
5407
5364
5423
5378
5335
5398
5331
5325
5320
5360
5400
5410
5444
5248
5199
5251
5262
5266
5231
5241
5085
5040
5044
4964
4991
5065
5140
5151
5144
5061
5058
5144
5214
5247
5190
5201
5239
5125
5107
5017
4978
5071
5063
4999
5003
5083
4984
4989
4972
5005
5036
4981
5049
5116
4954
4931
5009
4970
5084
5204
5132
5054
4983
5011
4979
4988
5118
5127
5225
5352
5315
5320
5309
5272
5355
5358
5379
5442
5486
5603
5530
5505
5615
5577
5609
5603
5548
5587
5742
5667
5660
5637
5653
5618
5639
5597
5488
5638
5533
5450
5410
5390
5347
5278
5344
5322
5382
5494
5639
5794
5851
5924
5951
5849
5736
5680
5650
5669
5571
5402
5452
5451
5424
5574
5549
5480
5460
5347
5375
5270
5298
5257
5141
5155
5178
5271
5229
5304
5316
5249
5228
5277
5335
5276
5203
5197
5307
5244
5321
5302
5226
5328
5340
5436
5428
5301
5279
5223
5187
5297
5362
5392
5379
5500
5435
5526
5617
5511
5711
5580
5672
5771
5863
5770
5851
5874
5804
5852
5810
5873
5971
6037
6055
5983
5834
5785
5751
5764
5849
5782
5789
5739
5761
5768
5770
5877
5852
5877
5872
5905
5945
5949
5961
5921
5859
5836
5797
5811
5815
5855
5909
6040
6045
5977
5915
6056
5959
5913
5827
5758
5679
5752
5832
5827
5817
5754
5736
5637
5612
5490
5542
5485
5409
5451
5439
5582
5557
5544
5469
5481
5557
5659
5723
5767
5674
5701
5746
5890
5947
5859
5866
5904
5895
5974
5966
5980
5964
5885
5887
5944
5903
5937
5844
5922
5858
5773
5665
5741
5775
5729
5765
5797
5716
5878
5904
6004
5996
5945
5844
5759
5709
5566
5501
5460
5634
5586
5726
5636
5592
5525
5482
5490
5493
5562
5582
5527
5631
5547
5526
5470
5441
5491
5566
5431
5391
5512
5623
5493
5481
5532
5643
5557
5483
5443
5561
5562
5473
5449
5330
5349
5305
5247
5327
5257
5300
5361
5358
5414
5343
5487
5452
5483
5406
5406
5358
5331
5434
5404
5489
5325
5182
5237
5227
5215
5212
5329
5358
5352
5413
5508
5515
5395
5542
5432
5386
5535
5566
5660
5620
5703
5624
5760
5700
5644
5527
5541
5430
5439
5477
5331
5369
5308
5337
5343
5487
5517
5451
5490
5524
5475
5397
5397
5374
5375
5464
5388
5410
5365
5317
5281
5315
5281
5293
5166
5071
5101
5152
5205
5179
5372
5383
5355
5298
5198
5115
5295
5278
5186
5153
5156
5155
5056
5049
4958
4975
5077
5146
5144
5189
5161
5039
5147
4992
5039
5030
4928
4884
4822
4823
4835
4822
4678
4615
4694
4640
4629
4648
4688
4595
4546
4575
4556
4616
4617
4466
4519
4431
4576
4666
4594
4518
4597
4446
4469
4547
4638
4672
4682
4737
4762
4846
4959
4991
4983
4957
4992
4982
4906
4830
4917
4835
4679
4711
4671
4701
4719
4735
4725
4756
4638
4649
4705
4710
4801
4965
5042
5036
5120
4982
5102
5250
5198
5219
5252
5302
5303
5316
5421
5392
5399
5450
5415
5400
5512
5632
5638
5716
5613
5614
5529
5545
5470
5348
5563
5585
5590
5699
5727
5499
5540
5658
5632
5650
5604
5635
5591
5497
5486
5564
5525
5526
5547
5550
5419
5471
5543
5478
5376
5339
5423
5533
5600
5490
5463
5468
5390
5378
5358
5341
5405
5404
5462
5451
5440
5457
5456
5471
5479
5470
5553
5595
5639
5603
5754
5805
5803
5789
5901
5870
5747
5778
5719
5694
5734
5729
5826
5802
5789
5819
5758
5836
5785
5770
5670
5618
5579
5494
5425
5510
5490
5563
5587
5681
5661
5634
5585
5301
5287
5237
5261
5261
5183
5102
5093
5120
5125
5366
5375
5496
5490
5521
5541
5531
5629
5621
5664
5695
5655
5683
5692
5732
5564
5542
5582
5505
5411
5330
5292
5224
5162
5141
5147
5139
5150
5183
5203
5210
5139
5157
5137
5111
5155
5093
5167
5189
5155
5246
5260
5271
5307
5250
5191
5220
5335
5348
5393
5516
5545
5557
5618
5666
5823
5916
5958
5875
6048
5884
6051
6073
6069
6067
6103
5995
6145
6152
6149
6186
6159
6232
6296
6282
6374
6369
6224
6246
6203
6238
6184
6300
6394
6428
6361
6349
6256
6276
6438
6389
6427
6413
6479
6491
6428
6432
6430
6481
6407
6518
6452
6442
6461
6615
6588
6596
6509
6452
6346
6435
6364
6403
6366
6377
6490
6590
6577
6557
6463
6330
6373
6246
6169
6155
6131
6008
5955
6025
6056
5976
6015
5957
5903
5795
5911
5949
5960
6029
6076
6099
6010
5918
5857
5904
5803
5819
5866
6002
5853
5931
5907
5982
5894
5773
5853
5696
5625
5576
5695
5685
5782
5814
5782
5866
5961
5890
5866
5914
5955
5825
5786
5894
5895
5898
6033
6007
5988
5982
5974
6013
6047
6081
5924
5911
5883
5824
5878
5982
6022
6107
6024
5983
5953
5869
5898
6031
6030
6124
6092
6145
6248
6248
6146
6087
5994
5995
5944
6051
6076
6106
5907
5897
5929
5949
5768
5717
5753
5758
5859
5829
5840
5811
5762
5833
5927
5842
5655
5764
5840
5853
5876
5998
5996
6125
6167
6256
6247
6181
6180
6226
6135
6104
6152
6274
6347
6261
6163
6128
6138
6077
6160
6233
6289
6315
6268
6240
6238
6357
6295
6199
6306
6257
6296
6369
6414
6389
6331
6233
6139
5959
5982
5965
5833
5912
6000
5977
6054
6108
5980
5970
6022
5993
5947
5815
5816
5818
5783
5733
5872
5796
5849
5908
5912
5808
5863
6012
5954
6022
5965
5935
5866
5896
5865
5878
5858
5869
5774
5743
5752
5574
5437
5501
5430
5257
5312
5270
5201
5168
5058
5093
4965
4987
4957
5084
5063
5057
5048
4976
5068
5052
4967
5009
4882
4780
4740
4709
4658
4560
4627
4553
4685
4717
4712
4601
4594
4553
4567
4550
4535
4523
4637
4575
4609
4592
4643
4747
4692
4685
4762
4669
4548
4543
4505
4531
4573
4591
4624
4600
4631
4595
4623
4690
4746
4888
4917
4899
4917
4909
4867
4880
4927
4931
5010
4991
5044
5007
4956
4953
4979
5045
5142
5159
5183
5272
5304
5294
5353
5368
5309
5343
5372
5293
5215
5158
5238
5100
5217
5253
5208
5290
5307
5316
5377
5313
5434
5415
5457
5487
5611
5492
5432
5439
5501
5509
5515
5410
5452
5354
5423
5387
5305
5116
5127
5008
5011
4988
4866
4954
4911
4855
4890
4777
4726
4793
4775
4590
4691
4780
4876
4796
4853
4851
4888
4974
4967
4980
4945
4960
4960
5042
5061
5117
5077
5024
4944
4916
4926
5000
5084
5145
5140
5119
5000
5130
5114
5196
5200
5139
5168
5121
5034
5144
5156
5233
5154
5069
5020
5036
5049
5056
5128
5271
5359
5304
5285
5240
5178
5285
5170
5103
5097
4998
4976
4880
4849
4826
4823
4788
4900
4924
4947
4977
4982
4990
4983
5000
4921
4795
4742
4755
4687
4699
4613
4665
4688
4832
4839
4879
4915
5081
5039
4982
5011
4936
4988
4936
4943
4880
4811
4903
4924
4941
5062
5052
5189
5199
5220
5192
5110
5157
5178
5285
5289
5281
5456
5357
5406
5494
5524
5530
5606
5759
5745
5814
5909
5779
5670
5725
5728
5796
5844
5876
5866
5803
5675
5777
5837
5793
5840
5816
5956
6073
6018
6044
6078
6113
5996
6057
6055
6178
6207
6251
6261
6238
6179
6164
6119
6026
6036
6086
6035
5987
5983
6021
5913
5898
6034
6136
6113
6022
6041
6032
5993
5949
5974
5885
5892
5853
5751
5656
5695
5670
5873
5952
5798
5735
5687
5600
5628
5543
5588
5579
5581
5498
5530
5483
5524
5503
5445
5503
5424
5415
5446
5592
5652
5702
5729
5656
5680
5744
5785
5882
5809
5996
6033
6100
6132
6116
6070
6074
6074
5916
5767
5731
5715
5831
5785
5832
5793
5710
5681
5527
5501
5510
5449
5502
5575
5557
5664
5715
5824
5870
5915
5897
5858
5782
5859
5892
5940
5945
5918
5894
5860
5836
5786
5792
5764
5831
5761
5720
5759
5804
5784
5722
5772
5663
5607
5644
5651
5475
5518
5624
5753
5793
5842
5929
5978
6278
6153
6044
5847
5926
6003
5925
5985
6105
6106
5966
5997
5871
5980
5961
5904
5913
5877
5949
5990
5882
5968
5990
5991
5924
5880
5758
5648
5672
5787
5783
5889
6012
5997
5924
6021
5939
5968
6070
6096
6044
6026
6063
6120
6078
5941
5955
5966
5990
5771
5724
5785
5869
5812
5796
5726
5618
5600
5479
5419
5432
5374
5303
5292
5306
5328
5299
5336
5415
5428
5369
5431
5374
5344
5273
5101
5075
5150
5044
5140
5102
5024
5128
5128
5240
5220
5209
5206
5321
5388
5442
5468
5502
5549
5551
5546
5639
5629
5578
5401
5413
5437
5493
5407
5404
5319
5247
5073
5080
5060
5097
5178
5231
5341
5413
5393
5396
5342
5513
5678
5639
5684
5729
5727
5828
5908
5951
6005
5936
6118
6198
6130
6046
6088
6177
6113
6146
6132
6179
6073
6077
6049
6138
6099
6213
6231
6155
6106
6034
6050
5999
6036
6042
6081
6034
6004
6046
6045
6044
6118
6142
6187
6254
6363
6260
6175
6209
6185
6176
6232
6133
6149
5958
5880
5837
5784
5714
5707
5798
5659
5613
5678
5699
5693
5778
5825
5825
5758
5746
5874
5883
5830
5782
5791
5866
5818
5817
5684
5664
5611
5780
5763
5735
5757
5775
5772
5803
5835
5829
5881
5887
5866
5853
5817
5678
5733
5752
5670
5677
5688
5702
5539
5550
5573
5584
5537
5491
5355
5424
5481
5501
5568
5601
5684
5794
5807
5715
5774
5747
5765
5807
5873
5855
5887
5979
6114
6064
6117
6171
6175
6099
6281
6424
6487
6425
6443
6465
6610
6701
6641
6589
6608
6546
6441
6423
6532
6586
6625
6590
6673
6654
6730
6640
6654
6700
6814
6726
6775
6814
6873
6934
6931
6850
6742
6742
6776
6829
6831
7012
7060
7090
7035
7016
7010
6637
6652
6539
6643
6559
6578
6526
6500
6568
6573
6614
6593
6552
6646
6742
6739
6825
6779
6759
6756
6941
6938
6892
6917
6863
6835
7011
7016
7014
7149
7157
6961
6947
6821
6706
6784
6723
6638
6714
6644
6630
6589
6499
6441
6497
6568
6571
6508
6556
6626
6517
6522
6358
6261
6189
6123
6132
6194
6231
6311
6286
6357
6314
6363
6381
6396
6275
6291
6305
6259
6284
6297
6146
6240
6248
6109
6158
6235
6279
6318
6242
6261
6356
6620
6518
6440
6548
6621
6612
6601
6604
6675
6596
6472
6493
6524
6388
6298
6247
6312
6417
6422
6392
6402
6502
6406
6397
6394
6287
6239
6352
6408
6442
6419
6415
6269
6257
6305
6317
6213
6184
6143
6110
6200
6255
6350
6273
6428
6395
6444
6455
6453
6503
6546
6653
6763
6964
6987
6951
6984
7062
7143
7045
7128
7193
7110
7153
7178
7145
6985
6895
6915
6946
6818
6922
7024
6830
6653
6500
6420
6402
6403
6288
6247
6238
6287
6222
6322
6393
6438
6462
6457
6268
6329
6297
6339
6390
6538
6524
6520
6501
6391
6582
6663
6889
6744
6854
6884
6773
6657
6813
6846
6933
6951
6909
6937
6836
6890
6747
6672
6532
6532
6678
6738
6623
6520
6567
6495
6302
6209
6112
6022
5903
5940
5891
5873
5869
5742
5676
5660
