505000
199535
141196
111372
92544
79226
69692
61860
55884
51147
47187
43965
41202
38642
36598
34788
33024
31596
30295
29063
28202
27210
26579
25817
25068
24409
23616
22719
22009
21380
21132
20731
20020
19412
18919
18791
18466
17918
17384
17089
16794
16485
16228
15787
15380
15013
14822
14543
14259
13912
13792
13262
13260
13117
13023
12821
12644
12428
12317
12175
11919
11787
11790
11772
11775
11707
11645
11676
11656
11556
11403
11196
11032
10922
10846
10681
10755
10539
10373
10302
10212
10257
10240
10238
10229
10159
9990
9949
9950
9888
9786
9532
9565
9555
9677
9732
9749
9735
9636
9557
9587
9507
9411
9476
9308
9253
9216
9142
9158
9150
9139
9089
8893
8842
8610
8574
8619
8509
8525
8526
8406
8548
8409
8347
8222
8136
8064
8078
8106
7980
7954
7974
7969
8054
7982
7938
8055
7924
7855
7947
7826
7722
7571
7411
7460
7540
7442
7456
7503
7331
7267
7151
7064
6961
6944
6954
6954
6955
6989
6933
7006
7000
6972
7058
7086
6994
6936
6998
6951
6901
6921
6909
7031
6918
6835
6963
6991
6903
6845
6695
6652
6770
6754
6712
6706
6605
6619
6551
6648
6751
6652
6702
6692
6774
6773
6668
6596
6505
6641
6596
6564
6509
6460
6463
6605
6607
6489
6468
6546
6552
6582
6614
6660
6459
6406
6234
6293
6384
6297
6215
6102
6132
6150
6222
6137
6138
6147
6083
6133
6009
6058
6137
6180
6197
6168
6174
6137
6248
6297
6337
6255
6214
6111
6080
6029
5984
6098
5972
5972
6057
6093
6184
6230
6220
6195
6234
6141
6046
6035
6096
6131
6171
6239
6268
6364
6278
6220
6213
6161
6157
6126
6092
6098
6207
6127
6101
6213
6061
6069
6117
6035
6011
6050
5954
5914
5823
5878
5833
5822
5751
5736
5722
5789
5743
5741
5676
5593
5750
5702
5724
5821
5849
5850
5930
6045
6110
6057
6152
6105
6067
6112
6193
6003
6000
5960
5967
6040
6108
6028
6122
6112
6053
6064
6123
6177
6240
6227
6120
6118
6135
6125
6066
6139
6118
6146
5960
6038
6137
6175
6150
6224
6157
6136
6114
6069
6091
6090
5963
5849
5724
5833
5815
5604
5651
5608
5500
5544
5621
5547
5502
5413
5448
5432
5443
5472
5443
5510
5493
5568
5388
5442
5519
5635
5566
5569
5532
5607
5615
5612
5607
5564
5340
5288
5348
5293
5241
5281
5333
5146
5205
5299
5284
5467
5450
5551
5520
5631
5713
5773
5797
5821
5951
5940
5881
5778
5817
5788
5859
5901
5956
5960
5952
5842
5661
5685
5725
5830
5869
5855
5819
5723
5720
5752
5644
5621
5666
5722
5737
5690
5533
5553
5512
5485
5431
5303
5234
5116
5105
5161
5193
5205
5112
5210
5208
5297
5285
5291
5424
5499
5389
5313
5218
5216
5275
5235
5159
5275
5233
5261
5258
5216
5256
5478
5439
5505
5496
5559
5578
5485
5569
5585
5600
5648
5554
5597
5631
5691
5707
5851
5877
5827
5820
5862
5848
5816
5883
5830
5785
5792
5770
5924
5939
5881
5950
6012
6018
5977
5987
5958
5980
5954
6026
6014
5941
5955
5983
5861
5876
5624
5612
5705
5587
5634
5606
5670
5571
5545
5542
5471
5443
5298
5291
5270
5274
5230
5165
5077
4976
4866
4919
4864
4806
4813
4834
4820
4783
4657
4577
4535
4603
4587
4522
4483
4548
4587
4622
4631
4722
4672
4634
4682
4660
4800
4841
4804
4768
4652
4663
4708
4688
4717
4817
4779
4781
4685
4791
4814
4802
4696
4741
4795
4720
4732
4700
4665
4692
4740
4722
4699
4743
4739
4833
4805
4821
4783
4794
4804
4713
4726
4693
4831
4908
4826
4895
4945
5063
5081
5083
5139
5103
5082
4964
4861
4864
4917
4979
4952
4947
4951
5063
5138
5003
4996
5037
5089
5068
5099
4986
4915
4902
5064
5096
5199
5069
5094
5132
5120
4937
4965
4864
4817
4847
4748
4786
4754
4777
4733
4814
4752
4847
4853
4795
4750
4581
4590
4547
4600
4703
4682
4678
4696
4840
4927
4976
4988
5018
5085
5082
5277
5353
5306
5254
5178
5185
5115
4844
4790
4756
4801
4803
4897
4782
4861
4899
4824
4809
4751
4699
4681
4609
4667
4720
4765
4780
4735
4777
4780
4782
4696
4722
4759
4746
4757
4704
4798
4739
4809
4836
4916
4915
4931
4923
5005
5015
4961
4979
5077
5095
5140
5192
5366
5433
5472
5462
5473
5465
5415
5381
5260
5270
5231
5234
5201
5314
5226
5331
5138
5082
5026
5051
5170
5280
5281
5220
5269
5281
5367
5382
5477
5533
5510
5543
5613
5698
5626
5625
5602
5472
5496
5423
5308
5300
5222
5086
5110
5179
5274
5293
5155
5249
5246
5204
5281
5298
5221
5263
5199
5063
5158
5128
5002
5049
4923
4959
4953
4953
4960
5026
4959
4902
4835
4787
4742
4790
4787
4753
4944
4879
4931
4936
4839
4879
4991
5047
5099
5106
5158
5171
5239
5191
5125
5216
5194
5266
5285
5379
5186
5131
5177
5259
5262
5376
5283
5268
5297
5347
5330
5323
5233
5269
5206
5212
5354
5314
5279
5189
5278
5303
5196
5264
5303
5253
5268
5213
5279
5238
5176
5119
5114
5059
5119
5169
5130
5079
5140
5094
5083
5138
5223
5199
5214
5149
5062
5031
5073
4993
4910
4955
4909
5019
5097
5197
5244
5244
5243
5331
5284
5278
5150
5183
5206
5200
5314
5262
5265
5232
5391
5476
5502
5546
5555
5643
5681
5774
5701
5627
5740
5710
5796
5819
5900
5925
6037
5978
6078
6156
6037
6055
5993
6014
5979
6045
6073
6123
6181
6298
6226
6298
6429
6382
6436
6422
6404
6414
6520
6431
6509
6427
6362
6238
6340
6220
6139
6164
6179
6304
6391
6460
6524
6550
6413
6390
6346
6195
6205
6352
6243
6021
6090
6232
6310
6442
6410
6364
6463
6535
6481
6427
6492
6512
6558
6550
6521
6645
6554
6664
6719
6734
6708
6663
6571
6587
6573
6533
6411
6369
6382
6340
6296
6204
6063
5937
5989
5889
5923
5926
5835
5887
5828
5764
5707
5677
5636
5694
5587
5646
5589
5578
5685
5745
5666
5795
5855
5857
5836
5739
5766
5831
5646
5642
5614
5533
5511
5473
5542
5519
5412
5464
5365
5321
5448
5473
5610
5509
5557
5543
5426
5443
5523
5494
5351
5395
5276
5327
5425
5315
5270
5328
5260
5238
5323
5376
5374
5430
5537
5434
5458
5454
5437
5336
5299
5226
5355
5347
5500
5471
5389
5388
5445
5488
5450
5379
5345
5403
5380
5463
5486
5397
5408
5522
5510
5506
5578
5577
5624
5665
5727
5658
5620
5581
5663
5666
5720
5765
5696
5687
5704
5629
5717
5727
5764
5862
5882
5652
5712
5755
5846
5806
5755
5783
5639
5670
5681
5657
5621
5404
5496
5550
5529
5387
5409
5400
5537
5486
5379
5306
5316
5202
5251
5180
5085
5015
5026
4997
4915
4849
4998
4889
4865
4795
4786
4883
5013
4969
4939
5001
4888
4776
4747
4663
4702
4688
4782
4749
4773
4844
4733
4567
4498
4459
4407
4474
4475
4521
4688
4665
4663
4720
4678
4710
4617
4617
4702
4633
4605
4595
4711
4743
4787
4839
4751
4750
4693
4682
4653
4631
4677
4712
4750
4864
4918
5017
4926
5020
4931
4855
4923
4873
4888
4931
4971
5019
4996
4997
4946
4924
4960
5036
5060
5053
4974
4910
4842
4935
4840
4662
4706
4691
4614
4614
4611
4689
4774
4737
4718
4712
4648
4624
4659
4784
4772
4819
4840
4947
4929
4971
5073
5125
5171
5214
5262
5265
5282
5263
5253
5213
5222
5238
5188
5246
5323
5390
5355
5470
5443
5449
5416
5548
5581
5512
5455
5454
5454
5638
5578
5775
5861
5982
5962
5977
5974
6058
6117
6014
6069
6119
6200
6197
6247
6157
6044
6049
6096
6146
6214
6169
6126
6176
6162
6108
6120
6199
6275
6226
6095
6151
6117
6213
6336
6374
6465
6500
6589
6472
6372
6171
6106
6199
6284
6365
6468
6575
6520
6536
6626
6618
6812
6742
6837
6655
6598
6472
6483
6356
6426
6571
6485
6398
6205
6081
6054
6163
6099
6146
6159
6089
5862
5821
5924
5914
5937
5910
5885
5958
5828
5791
5705
5611
5607
5617
5648
5603
5581
5479
5607
5692
5801
5789
5804
5789
5781
5694
5780
5761
5837
5749
5657
5664
5709
5598
5707
5610
5577
5690
5580
5574
5576
5546
5500
5550
5640
5692
5656
5616
5649
5714
5749
5737
5658
5557
5613
5453
5526
5543
5670
5639
5813
5718
5863
5894
5894
5825
5765
5743
5833
5740
5844
5805
5871
5774
5820
5820
5855
5820
5745
5701
5648
5708
5705
5688
5663
5526
5473
5372
5408
5372
5355
5292
5436
5426
5336
5410
5521
5464
5483
5394
5476
5463
5418
5408
5366
5311
5442
5548
5536
5536
5478
5488
5480
5428
5532
5629
5509
5454
5501
5546
5511
5488
5535
5573
5503
5382
5367
5420
5399
5309
5318
5382
5414
5373
5304
5223
5171
5181
5257
5154
5147
5118
5002
4961
4994
4926
4986
4925
4939
4983
4980
5044
5001
5112
5217
5213
5223
5271
5212
5197
5212
5343
5418
5435
5418
5312
5367
5413
5355
5394
5461
5541
5636
5515
5588
5622
5678
5690
5587
5709
5737
5728
5759
5791
5744
5752
5695
5641
5622
5614
5622
5572
5533
5619
5611
5621
5741
5690
5756
5789
5861
5785
5877
5955
5909
5960
6069
6058
5938
5918
5870
5846
6011
6124
6184
6160
6222
6258
6146
6206
6091
6084
6071
6010
5814
5799
5720
5699
5689
5610
5605
5576
5499
5540
5527
5368
5550
5542
5600
5571
5541
5664
5592
5554
5519
5420
5451
5520
5526
5532
5651
5640
5566
5459
5439
5413
5378
5383
5231
5126
5104
4986
5047
5040
4959
4893
5002
4927
5014
4885
4964
4983
5059
5093
5016
4985
4924
5020
5005
5003
4962
5048
5154
5196
5146
5069
5191
5181
5096
5169
5270
5323
5337
5354
5227
5371
5556
5627
5483
5423
5290
5292
5217
5140
5060
5009
5156
5218
5330
5385
5464
5350
5254
5297
5240
5159
5140
5175
5117
5227
5253
5142
5134
4996
4951
4847
4829
4717
4672
4715
4762
4886
5018
5047
5008
5110
5147
5255
5216
5207
5298
5363
5389
5384
5441
5399
5452
5471
5518
5579
5609
5639
5741
5630
5684
5658
5666
5750
5745
5651
5535
5608
5629
5732
5634
5779
5973
5912
5859
5913
5944
5853
5718
5796
5653
5506
5558
5591
5660
5643
5495
5489
5355
5326
5435
5390
5310
5255
5080
5125
5187
5155
5202
5213
5256
5277
5312
5241
5225
5169
5271
5199
5151
5101
5053
5065
4957
4997
4983
5045
4891
4822
4837
4814
4822
4733
4885
4847
4890
4864
4747
4716
4644
4583
4661
4663
4584
4553
4558
4685
4724
4725
4770
4926
4972
5023
5060
5054
4943
4904
4988
5044
5064
5061
5071
5125
5050
5034
5041
5078
5197
5232
5443
5286
5312
5376
5286
5340
5315
5390
5348
5362
5573
5501
5516
5557
5544
5599
5643
5456
5485
5657
5637
5485
5322
5382
5380
5290
5277
5476
5349
5337
5375
5453
5361
5454
5478
5521
5461
5415
5487
5477
5527
5535
5580
5592
5458
5393
5349
5424
5524
5592
5526
5532
5567
5587
5730
5664
5661
5708
5798
5723
5654
5744
5793
5691
5690
5724
5654
5691
5722
5784
5729
5656
5635
5640
5818
5864
5882
5866
5880
6024
6123
6137
6215
6266
6325
6400
6429
6358
6258
6176
6178
6249
6234
6367
6388
6325
6308
6370
6432
6542
6593
6669
6621
6575
6560
6704
6756
6516
6598
6549
6490
6486
6375
6242
6268
6263
6312
6347
6379
6400
6326
6199
6135
6038
5964
6090
6261
6188
6342
6399
6421
6355
6232
6246
6332
6379
6431
6460
6470
6374
6151
6214
6224
6097
6066
6135
6157
6294
6223
6094
5985
5967
5877
5974
5887
5873
5865
5859
5786
5764
5643
5564
5578
5425
5275
5344
5275
5209
5264
5405
5293
5237
5236
5140
5055
5117
5130
5008
4981
4981
5087
4899
4863
5006
5087
4993
4996
4970
5022
5051
5025
4959
5015
4959
4877
4913
5017
4868
4977
4963
5135
5207
5238
5307
5402
5410
5360
5378
5411
5367
5306
5223
5251
5384
5422
5393
5284
5387
5542
5651
5734
5723
5710
5703
5710
5890
5973
5910
5887
5823
5792
5765
5792
5962
5958
6033
6070
6024
6124
6024
6011
6069
6259
6231
6270
6318
6344
6187
6156
6137
6075
6022
6032
6114
6266
6346
6308
6379
6473
6423
6316
6329
6357
6238
6222
6116
6163
6156
6102
6130
6144
6223
6269
6222
6230
6298
6189
6075
6144
6186
6153
6106
6165
6277
6307
6329
6397
6529
6573
6517
6712
6698
6601
6622
6635
6667
6531
6529
6428
6420
6314
6370
6336
6271
6143
6296
6299
6179
6159
6038
6152
6129
6017
5926
6027
6031
6092
6094
6115
6143
6098
6096
6075
6017
5977
5913
5866
5864
5757
5879
5909
5831
5932
6094
5994
6053
5941
5987
5892
5833
5720
5863
5924
6041
6047
6116
6157
6056
6040
6100
5951
5911
5983
6061
6060
5972
5856
5734
5704
5716
5694
5611
5672
5789
5978
5920
5957
5940
5892
5868
5878
5869
5940
6009
6050
5880
5957
5966
6008
5955
5899
5796
5911
5804
5757
5789
5759
5641
5692
5735
5687
5728
5593
5563
5433
5498
5435
5538
5479
5509
5516
5528
5631
5565
5576
5644
5640
5581
5658
5690
5582
5682
5764
5740
5656
5694
5642
5729
5760
5655
5643
5651
5729
5746
5667
5556
5614
5651
5490
5490
5441
5498
5421
5548
5622
5601
5583
5534
5536
5622
5683
5597
5661
5570
5644
5606
5588
5625
5609
5724
5819
5755
5793
5741
5686
5651
5611
5518
5482
5393
5244
5355
5406
5456
5407
5570
5577
5549
5557
5581
5679
5614
5648
5576
5518
5501
5473
5490
5459
5502
5576
5443
5360
5476
5474
5472
5571
5543
5610
5622
5621
5726
5691
5631
5622
5643
5656
5634
5696
5822
5778
5703
5742
5713
5713
5688
5624
5657
5663
5728
5700
5808
5731
5734
5654
5633
5625
5544
5585
5473
5162
5113
5087
5082
5152
5197
5178
5152
5011
4994
5065
5066
5051
4937
4826
4989
5066
5146
5248
5306
5254
5250
5309
5306
5419
5334
5262
5315
5368
5400
5451
5474
5433
5532
5551
5538
5455
5370
5485
5373
5485
5527
5412
5335
5319
5371
5590
5522
5574
5540
5568
5529
5577
5556
5423
5521
5508
5682
5709
5717
5717
5670
5700
5743
5741
5616
5641
5756
5790
5959
6104
6131
6034
5985
5939
5961
5922
5834
5879
5838
5909
5874
5934
5733
5671
5702
5723
5567
5559
5501
5566
5594
5548
5511
5548
5522
5529
5595
5532
5420
5317
5133
5165
5118
5140
5018
5092
4906
4972
5022
4867
5011
5002
4971
5067
5045
5151
5098
5166
5127
5192
5137
5109
5070
5043
4972
4999
5221
5192
5232
5241
5303
5349
5468
5528
5433
5283
5196
5197
5243
5255
5288
5341
5317
5326
5280
5225
5196
5189
5253
5267
5253
5206
5197
5383
5423
5472
5529
5519
5524
5518
5628
5626
5694
5644
5503
5718
5752
5834
5852
5880
6038
5980
6021
5908
5935
5883
5798
5893
5944
5970
5995
5894
5970
6008
6025
6068
5993
5965
5941
5889
5853
5954
5856
5811
5907
5873
5824
5670
5598
5727
5735
5821
5926
5830
5703
5727
5683
5609
5563
5556
5709
5596
5657
5635
5742
5621
5659
5654
5722
5757
5872
5808
5793
5743
5680
5786
5755
5844
5876
6025
6033
6049
6128
6168
6052
6156
6336
6286
6354
6338
6251
6186
6251
6199
6248
6256
6186
6105
6151
6290
6235
6221
6252
6336
6338
6435
6547
6553
6578
6596
6728
6600
6637
6746
6648
6671
6692
6687
6755
6767
6726
6571
6465
6451
6512
6428
6396
6299
6194
6078
6020
6071
5977
5972
6108
6115
6057
5940
5884
5927
6087
5977
6038
6002
6043
6154
6168
6039
6105
6091
6067
6136
6091
6172
6064
6085
6033
6052
6101
6243
6180
6154
6223
6283
6304
6490
6565
6522
6501
6478
6600
6634
6672
6658
6853
6739
6715
6784
6603
6552
6614
6650
6480
6526
6428
6399
6410
6381
6447
6434
6612
6673
6731
6852
6640
6752
6767
6666
6710
6662
6688
6694
6672
6666
6632
6607
6527
6622
6686
6750
6781
6683
6515
6456
6520
6563
6589
6761
6648
6518
6445
6547
6424
6545
6443
6339
6249
6214
6140
6101
6087
6190
6097
5996
6052
6104
6036
5792
5898
5929
5850
5862
5784
5742
5704
5767
5713
5595
5655
5724
5721
5589
5600
5565
5651
5767
5780
5849
5943
5958
5977
6052
6146
6234
6233
6344
6352
6249
6208
6095
6121
5992
5946
6016
6115
6126
6222
6258
6323
6316
6333
6406
6393
6404
6602
6618
6658
6594
6590
6431
6576
6699
6568
6549
6635
6632
6505
6464
6564
6612
6466
6474
6388
6454
6410
6433
6455
6461
6446
6429
6385
6373
6240
6112
6212
6142
6170
6156
6083
6055
6025
6034
5981
6013
6075
6081
6047
6114
6013
6165
6057
6057
5988
5986
5999
6079
6076
6087
6057
5975
5939
5971
5951
5898
5877
5795
5778
5773
5880
5851
5811
5918
5980
5899
5796
5822
5989
5794
5831
5744
5778
5790
5937
5833
5947
5958
6012
5991
5899
5906
6104
6129
6105
6019
6037
6152
6154
6076
5989
6066
5995
5979
5907
5901
5956
6069
5996
6015
6074
6088
6035
6000
5940
6009
6108
6127
6101
6075
5991
6052
6092
6073
5901
5835
5894
5896
5919
6020
5957
5968
5958
6021
5941
5929
5877
5743
5762
5707
5697
5622
5667
5629
5559
5577
5650
5619
5585
5632
5651
5545
5498
5470
5490
5531
5571
5616
5629
5636
5609
5654
5597
5592
5518
5510
5563
5603
5593
5496
5501
5511
5497
5395
5257
5233
5234
5129
5022
5103
5075
5128
5144
5212
5442
5427
5319
5212
5173
5209
5168
5140
5058
4981
5013
5059
5010
5019
5053
5020
4911
4852
4921
4782
4665
4645
4675
4648
4675
4659
4810
4786
4831
4809
4881
4794
4819
4743
4826
4820
4822
4833
4890
4823
4827
4836
4837
4808
4827
4832
4890
4874
4915
4849
4766
4695
4785
4776
4930
4980
4908
4891
4770
4653
4563
4590
4681
4801
4783
4879
4948
4874
4920
4904
4981
4879
4845
4970
4974
4963
5087
5075
5116
5077
5100
5090
5109
5138
5138
5219
5262
5344
5350
5316
5327
5264
5243
5272
5357
5370
5338
5391
5420
5444
5476
5667
5727
5757
5702
5592
5604
5602
5636
5707
5701
5809
5725
5684
5676
5691
5715
5648
5701
5653
5633
5644
5565
5594
5692
5735
5767
5769
5831
5850
5818
5916
5874
5989
6035
6122
6081
6152
6036
6080
6069
6004
5833
5786
5750
5903
5984
5936
5903
6037
6068
6008
5971
5984
5885
6001
5919
5825
5803
5850
5775
5752
5750
5756
5819
5700
5627
5625
5711
5700
5675
5497
5431
5414
5418
5401
5285
5186
5197
5253
5231
5195
5108
5076
5227
5200
5334
5308
5344
5182
5152
5096
5005
4969
4976
4903
4941
4950
4995
4957
4938
4965
4935
5043
4972
4876
4859
4903
4832
4818
4735
4718
4709
4748
4865
4959
4983
5045
5059
5029
5133
5146
4999
4920
4876
4953
4959
4971
4943
4876
4956
4917
5061
4934
4859
4923
5036
4953
4953
4952
4974
4982
5034
5023
4960
4975
5115
5120
5109
5117
5166
5129
5235
5265
5159
5193
5183
5273
5275
5392
5459
5450
5445
5469
5531
5608
5604
5742
5779
5740
5740
5744
5658
5688
5739
5633
5524
5484
5510
5597
5584
5540
5605
5584
5641
5665
5679
5670
5735
5805
5736
5644
5686
5713
5830
5775
5798
5930
5977
5954
5883
5799
5735
5706
5797
5823
5831
5712
5733
5717
5729
5805
5790
5778
5785
5682
5689
5772
5743
5705
5662
5772
5631
5485
5470
5594
5572
5569
5562
5600
5603
5590
5536
5522
5574
5612
5592
5627
5690
5624
5671
5719
5646
5619
5539
5485
5506
5488
5490
5409
5485
5590
5562
5443
5428
5439
5564
5547
5536
5435
5435
5468
5322
5222
5281
5226
5274
5145
5200
5264
5258
5163
5170
5180
5197
5230
5143
5033
5120
5096
5074
5106
5046
5162
4973
4987
4917
4897
4966
4916
4840
4840
4960
4972
4992
4930
4869
4800
4855
4778
4795
4782
4745
4796
4765
4824
4788
4906
4831
4858
4793
4855
4735
4822
4779
4858
4885
4729
4771
4690
4663
4674
4716
4709
4761
4788
4810
4683
4656
4603
4568
4655
4624
4692
4812
4784
4866
4793
4786
4704
4613
4607
4798
4840
4815
4952
4794
4783
4834
4692
4754
4806
4940
4919
4900
4809
4768
4755
4657
4529
4561
4488
4482
4598
4562
4334
4292
4319
4299
4162
4279
4323
4320
4405
4484
4464
4440
4493
4485
4417
4519
4392
4541
4520
4576
4502
4489
4522
4591
4608
4727
4688
4589
4576
4684
4770
4788
4797
4857
4967
5029
5027
5085
5101
5100
5094
5066
4979
5042
4981
4876
4864
4635
4760
4737
4716
4652
4642
4678
4570
4639
4694
4726
4814
4818
4877
4835
4883
4898
4837
4838
4877
4815
4802
4844
4892
4928
4934
4859
4796
4916
4925
4965
4902
4928
4849
4869
4914
4919
4881
4785
4814
4854
4774
4787
4849
4858
4881
4889
4904
4918
4797
4772
4811
4747
4711
4591
4627
4645
4559
4532
4499
4455
4409
4360
4367
4233
4273
4319
4268
4308
4365
4312
4336
4359
4441
4556
4532
4499
4580
4509
4587
4479
4514
4527
4556
4593
4657
4550
4575
4556
4648
4628
4623
4626
4611
4777
4795
4859
4891
4955
4890
4837
4837
4820
4865
5032
5013
5067
5067
5180
5318
5310
5317
5241
5263
5317
5302
5290
5179
5108
5080
5091
4981
4932
4884
4919
4987
5142
5147
5265
5380
5241
5182
5117
5079
5106
5153
5110
5019
4967
4958
4994
5022
4979
5174
5261
5235
5273
5323
5231
5233
5312
5368
5390
5305
5249
5254
5464
5440
5430
5335
5288
5160
5080
5084
5097
5161
5252
5334
5280
5244
5246
5228
5183
5220
5289
5272
5132
5049
4926
4880
5034
5035
5071
5237
5266
5257
5260
5269
5141
5088
5066
5087
5098
5067
5050
5130
5111
4903
4887
5012
5121
5051
5069
5065
5154
5114
4962
5005
5095
5006
5172
5212
5140
5108
4959
4889
4858
4834
4870
4946
5021
4877
4890
4960
4867
4833
4909
5012
4987
5008
4949
4971
4858
4838
4734
4726
4722
4727
4683
4780
4760
4855
4822
4821
4771
4848
4950
5104
5051
5027
5047
5105
5085
5129
5242
5188
5200
5323
5413
5449
5591
5679
5620
5684
5670
5614
5704
5810
5780
5728
5745
5827
5812
5937
5859
5744
5720
5562
5434
5424
5402
5470
5412
5361
5407
5430
5481
5433
5391
5445
5431
5405
5556
5458
5458
5438
5408
5399
5395
5509
5405
5337
5405
5532
5443
5456
5473
5496
5639
5668
5574
5543
5534
5502
5467
5432
5462
5536
5515
5554
5507
5602
5669
5713
5788
5725
5729
5838
5918
5876
5882
5842
5756
5758
5644
5731
5755
5814
5827
5769
5803
5844
5811
5716
5712
5717
5672
5681
5738
5733
5754
5858
5826
5924
5908
5967
6109
6161
6132
6206
6117
6137
6135
6257
6437
6302
6265
6466
6458
6474
6560
6664
6772
6833
6848
6778
6731
6629
6582
6530
6480
6530
6507
6619
6663
6643
6589
6586
6499
6526
6442
6363
6488
6429
6354
6286
6378
6605
6605
6580
6757
6583
6559
6683
6673
6700
6758
6778
6814
6818
6765
6612
6480
6537
6563
6513
6468
6474
6478
6503
6296
6331
6348
6477
6361
6353
6238
6407
6544
6529
6469
6514
6555
6456
6421
6321
6272
6355
6291
6307
6455
6517
6493
6449
6448
6555
6528
6439
6584
6590
6511
6643
6699
6571
6503
6517
6523
6587
6711
6851
6936
6802
6846
6872
6677
6646
6710
6648
6667
6637
6597
6509
6385
6389
6431
6452
6520
6560
6488
6552
6448
6413
6295
6312
6280
6303
6238
6199
6233
6264
6360
6242
6242
6225
6235
6288
6350
6315
6364
6393
6432
6309
6249
6150
6175
6185
6178
6088
6079
6140
6037
6003
6010
5873
5925
5806
5919
6008
6033
6020
5920
5960
5767
5904
5919
5930
5854
5780
5797
5712
5803
5817
5826
5735
5802
5837
5741
5688
5575
5453
5485
5504
5528
5559
5618
5626
5578
5504
5651
5483
5466
5513
5530
5444
5427
5383
5477
5482
5445
5541
5371
5600
5614
5653
5707
5707
5619
5589
5730
5706
5760
5683
5626
5669
5632
5572
5665
5605
5657
5731
5808
5823
5760
5898
5934
5815
5727
5668
5636
5557
5485
5490
5522
5462
5514
5603
5659
5806
5750
5879
5895
5938
5966
5932
6023
6014
6037
6014
5946
6073
6108
6000
5984
5982
5919
5842
5851
5904
5934
5970
5959
5965
5938
5792
5830
5871
5846
5746
5817
5822
5784
5726
5667
5653
5683
5705
5733
5721
5768
5791
5862
5989
6147
6207
6136
6216
6147
6029
6015
5982
6085
6056
6100
6032
6016
6010
6040
6006
6102
6114
6137
6174
6183
6214
6213
6254
6353
6445
6555
6472
6629
6669
6554
6492
6522
6602
6541
6615
6594
6623
6704
6729
6584
6685
6501
6564
6557
6704
6642
6609
6779
6745
6783
6789
6871
6923
7014
6976
6979
6948
7062
6934
6962
6964
6986
7007
6909
7008
7103
6944
6854
6904
6808
6790
6730
6720
6773
6771
6843
6822
6769
6711
6743
6697
6747
6749
6796
6809
6807
6762
6696
6611
6480
6347
6225
6229
6205
6234
6146
6141
6250
6164
6144
6073
5919
5850
5849
5800
5742
5805
5758
5894
5981
5890
5749
5814
5690
5737
5696
5696
5674
5677
5753
5771
5638
5686
5689
5600
5564
5481
5602
5676
5661
5600
5604
5556
5341
5321
5381
5430
5373
5369
5380
5311
5221
5221
5214
5250
5227
5129
5193
5168
5065
5163
5208
5280
5258
5130
5027
4952
4962
5095
5227
5291
5163
5144
5207
5239
5258
5221
5242
5239
5344
5366
5324
5355
5237
5263
5292
5143
5146
5188
5289
5242
5171
5236
5056
5064
5041
4987
5167
5226
5160
5281
5218
5125
5135
5147
5325
5353
5298
5262
5225
5266
5303
5328
5225
5268
5243
5362
5433
5494
5608
5630
5566
5627
5676
5517
5480
5554
5500
5544
5536
5492
5575
5624
5598
5693
5591
5775
5831
5763
5726
5718
5707
5743
5791
5793
5743
5697
5672
5742
5851
5899
5870
5806
5993
6022
6065
6060
6091
6186
6166
6351
6261
6319
6180
6071
6196
6192
6195
6179
6102
6108
5962
6047
6157
6124
6182
6264
6210
6071
5923
5727
5809
5837
5744
5761
5747
5780
5865
5882
5964
5902
5900
5850
5857
5836
5654
5678
5674
5672
5643
5710
5773
5840
5941
5924
5982
5990
5910
5851
5831
5804
5795
5806
5909
5988
5900
5932
5985
6005
6061
5977
6132
6053
6132
6080
5941
5805
5759
5761
5785
5695
5770
5747
5634
5591
5698
5718
5687
5653
5495
5523
5444
5392
5351
5340
5504
5438
5441
5444
5507
5388
5434
5523
5326
5284
5278
5154
5145
5159
5111
5233
5169
5187
5133
5199
5208
5197
5102
5045
5123
5004
5007
4952
4982
4992
5111
5079
5127
5138
5229
5263
5194
5194
5309
5336
5299
5330
5520
5727
5663
5664
5641
5556
5432
5460
5362
5551
5630
5501
5606
5648
5676
5621
5622
5594
5523
5705
5753
5654
5671
5644
5716
5793
5685
5788
5773
5777
5752
5730
5648
5550
5495
5549
5647
5693
5707
5713
5690
5411
5339
5236
5406
5326
5419
5511
5565
5487
5527
5476
5515
5575
5479
5688
5680
5649
5659
5585
5508
5606
5704
5741
5788
5814
5707
5775
5910
5958
5882
5708
5709
5693
5591
5500
5565
5556
5512
5508
5573
5528
5528
5499
5522
5463
5361
5383
5478
5508
5549
5606
5636
5534
5541
5553
5615
5607
5708
5716
5681
5646
5657
5623
5609
5573
5554
5462
5497
5542
5566
5545
5603
5707
5671
5804
5922
5815
5785
5799
5739
5684
5775
5867
5853
5919
6070
6113
6163
6153
6135
5977
5915
5871
5774
5750
5815
5804
5762
5761
5769
5708
5917
5819
5804
5817
5771
5676
5608
5676
5588
5532
5534
5459
5502
5442
5603
5603
5698
5689
5661
5707
5649
5611
5645
5608
5600
5386
5382
5260
5301
5320
5261
5284
5261
5079
5146
5173
5201
5279
5303
5310
5318
5463
5617
5754
5736
5834
5803
5753
5681
5715
5743
5976
5976
6023
5959
5896
5880
5839
5883
5754
5849
5788
5787
5772
5789
5802
5853
5864
5801
5846
5697
5692
5733
5770
5840
5880
5988
5931
5940
5976
5977
6055
6048
5984
5858
5927
5995
6120
6195
6161
6306
6194
6167
6170
6223
6192
6176
6100
6011
6051
5945
6146
6179
6247
6215
6144
6250
6269
6246
6220
6262
6249
6185
6138
6063
6069
5912
5968
5984
5928
5941
5961
5894
5845
6002
5986
5891
5775
5728
5767
5750
5755
5752
5760
5697
5745
5880
5904
5945
6074
6147
6198
6187
6180
6060
6152
6170
6106
6138
6342
6440
6332
6198
6182
6212
6192
6223
6181
6103
6126
6085
6110
6117
6017
5904
5799
5758
5853
5952
5999
5989
5921
5919
5767
5818
5783
5809
5914
5985
5964
6052
6130
6126
6076
6119
6171
6074
6111
6046
6218
6217
6193
6011
5901
5902
5794
5700
5625
5640
5664
5601
5635
5732
5782
5674
5681
5648
5703
5676
5648
5742
5764
5748
5705
5668
5544
5632
5636
5619
5522
5509
5517
5554
5650
5706
5656
5563
5648
5583
5529
5548
5522
5537
5572
5451
5545
5438
5312
5303
5310
5180
5212
5403
5510
5452
5522
5553
5473
5439
5341
5350
5323
5371
5486
5431
5378
5457
5441
5529
5497
5547
5517
5620
5591
5617
5638
5670
5632
5647
5678
5656
5623
5662
5681
5683
5835
5778
5744
5768
5642
5547
5694
5630
5568
5604
5609
5574
5623
5574
5503
5349
5279
5394
5471
5324
5393
5403
5532
5578
5550
5419
5399
5355
5342
5477
5398
5360
5458
5350
5223
5254
5291
5331
5350
5351
5313
5330
5377
5473
5491
5450
5406
5391
5458
5488
5520
5511
5617
5646
5596
5695
5689
5622
5512
5453
5528
5489
5473
5375
5350
5445
5481
5311
5278
5186
5280
5303
5395
5404
5286
5229
5291
5334
5289
5309
5181
5162
5290
5315
5386
5608
5734
5841
5920
5969
6161
6147
6200
6280
6288
6308
6247
6193
6156
6206
6260
6113
6147
6271
6198
6244
6162
6087
6219
6190
6230
6192
6141
6069
6049
6077
6003
6045
6084
6083
6149
6232
6412
6354
6323
6217
6156
6092
5869
5853
5852
5816
5796
5638
5689
5630
5667
5647
5666
5739
5804
5829
6000
6052
5902
5898
5843
5822
5771
5702
5728
