505000
200731
141911
110865
92452
79428
69902
62675
57010
52202
48222
44601
41474
39070
36922
35028
33122
31680
30319
28717
27749
26677
25631
24973
24276
23377
22819
22086
21356
20753
20102
19563
19068
18487
18328
17874
17491
17082
16831
16445
16325
16104
15773
15567
15406
15079
14866
14668
14521
14302
14075
13800
13721
13545
13452
13333
12949
12844
12707
12683
12468
12170
11949
11854
11831
11704
11606
11441
11278
11183
11065
10913
10928
10707
10561
10515
10459
10223
10173
9962
9940
9802
9747
9690
9684
9565
9429
9245
9046
9106
9007
8766
8779
8680
8724
8696
8640
8632
8613
8451
8577
8507
8509
8320
8250
7991
7909
8000
8043
8056
7949
8076
8171
8146
8246
8262
8137
8209
8220
8321
8295
8055
8026
8113
8043
7857
7667
7645
7616
7681
7705
7489
7500
7475
7527
7524
7660
7678
7654
7661
7754
7720
7712
7649
7679
7506
7633
7670
7677
7625
7474
7501
7385
7366
7297
7235
7316
7437
7505
7585
7609
7765
7566
7535
7662
7617
7778
7908
7883
7804
7784
7730
7533
7532
7467
7400
7485
7461
7426
7315
7133
7206
7274
7348
7387
7451
7271
7276
7188
7173
6993
7062
6968
6804
6772
6716
6603
6430
6423
6389
6434
6498
6451
6416
6343
6292
6260
6339
6324
6260
6380
6432
6466
6354
6264
6176
6099
6087
6177
6139
6099
6016
5974
5955
5838
5799
5752
5811
5888
5672
5681
5735
5696
5760
5873
5898
5899
5954
5878
5936
5936
6020
6019
5981
5982
6027
6022
5958
6130
6025
6037
6069
6138
6144
6052
6035
6055
6127
6106
6111
6004
6020
6027
6068
6074
5983
5941
5796
5769
5761
5767
5789
5690
5566
5627
5669
5681
5631
5658
5645
5727
5671
5531
5573
5529
5555
5684
5742
5631
5591
5512
5776
5826
5847
5686
5688
5716
5854
5897
5914
6026
6204
6271
6133
6149
6241
6221
6044
6101
6016
6052
6180
6194
6143
6171
6087
6215
6204
6111
6266
6283
6145
6091
6164
6051
6076
6094
6269
6329
6328
6374
6236
6155
6040
6024
6069
6120
6255
6256
6134
6080
6032
6027
5993
5946
5920
5820
5756
5754
5751
5800
5780
5789
5964
5905
5861
5794
5724
5698
5618
5806
5770
5664
5607
5588
5644
5643
5596
5582
5572
5638
5619
5588
5616
5661
5700
5692
5682
5742
5715
5761
5652
5574
5585
5685
5595
5538
5576
5733
5815
5826
5830
5960
5856
5822
5799
5758
5828
6003
5861
5931
5915
5976
6086
6060
6228
6281
6254
6259
6212
6191
6284
6384
6367
6309
6413
6369
6289
6339
6427
6475
6558
6536
6584
6609
6648
6669
6588
6593
6519
6470
6490
6335
6464
6381
6161
6145
6082
6070
6019
6160
6109
6251
6287
6215
6161
6247
6288
6268
6415
6371
6545
6579
6576
6523
6608
6640
6637
6628
6631
6590
6651
6591
6553
6575
6528
6472
6481
6652
6553
6360
6288
6373
6292
6273
6298
6279
6257
6343
6348
6522
6481
6460
6386
6375
6569
6598
6513
6542
6557
6619
6681
6620
6682
6688
6629
6732
6606
6608
6617
6551
6458
6560
6472
6311
6338
6418
6437
6480
6479
6458
6462
6451
6426
6468
6609
6494
6497
6429
6278
6281
6207
6161
6082
6097
6075
6073
6080
6019
6050
6137
6091
6137
6168
6237
6395
6402
6501
6421
6472
6383
6250
6208
6275
6283
6300
6350
6366
6315
6297
6288
6396
6358
6426
6326
6385
6313
6350
6395
6421
6449
6295
6181
6289
6090
5898
5844
5971
5956
5905
5806
5757
5826
5777
5708
5845
5936
5816
5832
5837
5702
5768
5747
5840
5775
5859
5842
5852
5783
5712
5685
5759
5760
5773
5657
5484
5417
5304
5242
5336
5335
5371
5399
5464
5355
5332
5356
5398
5444
5487
5494
5558
5581
5638
5676
5681
5505
5479
5509
5572
5519
5602
5625
5590
5591
5573
5469
5387
5376
5459
5383
5340
5367
5356
5297
5345
5500
5421
5414
5297
5340
5437
5332
5333
5346
5449
5420
5432
5435
5485
5445
5391
5403
5469
5321
5347
5379
5446
5315
5395
5426
5416
5307
5325
5297
5192
5189
5100
5124
5122
5199
5222
5300
5458
5542
5543
5538
5659
5793
5820
5841
5910
5922
5947
5920
5923
5883
5859
5828
5809
5820
5808
5801
5744
5711
5735
5744
5767
5744
5858
5873
5946
5984
6090
6034
6187
6190
6110
6132
6244
6192
6208
6239
6283
6282
6169
6136
6085
6086
6069
6214
6204
6183
6233
6286
6315
6402
6430
6362
6414
6347
6360
6340
6280
6382
6365
6456
6556
6575
6536
6452
6284
6321
6318
6317
6193
6287
6365
6466
6512
6518
6573
6446
6425
6439
6508
6475
6367
6368
6331
6355
6261
6242
6228
6381
6258
6443
6547
6407
6532
6537
6492
6513
6359
6405
6439
6503
6301
6186
6317
6069
6088
6107
6022
6117
6238
6153
6073
6131
6100
6091
6090
6199
6142
6189
6223
6189
6170
6179
6164
6122
6082
6048
5934
5996
5984
5943
6017
6077
5996
5873
5781
5783
5837
5857
5830
5843
5971
5893
5770
5654
5694
5664
5660
5679
5694
5732
5608
5689
5727
5726
5708
5646
5539
5554
5553
5538
5643
5524
5573
5549
5503
5396
5390
5335
5458
5620
5669
5728
5745
5798
5843
5948
5998
6131
6093
6085
6124
6159
6204
6121
6040
6059
6091
6011
6194
6113
6162
6198
6221
6211
6255
6252
6337
6361
6380
6195
6142
5993
5883
5871
5794
5764
5798
5787
5848
5887
5994
5974
6001
6079
6224
6137
6022
6107
6066
6145
6076
6159
6026
6035
6016
6071
5962
5951
6017
6012
6121
6103
6077
6170
6001
6188
6171
6201
6217
6310
6272
6317
6287
6270
6248
6270
6285
6318
6173
6218
6186
6152
6120
6191
6125
6191
6132
6140
6158
6223
6295
6121
6124
5970
5985
6002
5995
6013
6163
6001
5955
5980
6020
6040
5991
5976
6054
6121
5979
5841
5749
5704
5620
5500
5551
5694
5731
5739
5712
5668
5722
5682
5731
5687
5649
5739
5888
5801
5692
5701
5690
5579
5592
5674
5611
5702
5727
5775
5683
5662
5702
5632
5615
5622
5638
5687
5695
5696
5638
5447
5599
5621
5643
5587
5663
5775
5671
5538
5403
5273
5236
5294
5220
5171
5006
4904
4959
4974
5056
5065
5018
4943
4869
4914
4978
4979
5022
5048
5031
5047
5141
5144
5157
5177
5277
5307
5271
5250
5242
5277
5272
5330
5469
5457
5380
5267
5405
5366
5324
5254
5288
5245
5355
5334
5264
5184
5209
5137
5091
5192
5276
5222
5156
5151
5177
5132
5228
5274
5387
5357
5399
5491
5476
5330
5378
5332
5393
5368
5240
5523
5460
5356
5324
5191
5216
5267
5217
5252
5350
5258
5225
5268
5262
5280
5199
5197
5197
5183
5266
5299
5329
5316
5387
5388
5349
5410
5397
5563
5595
5634
5519
5577
5631
5637
5755
5830
5815
5753
5812
5779
5766
5802
5756
5870
5848
5764
5791
5750
5754
5760
5864
5849
5760
5781
5701
5684
5779
5805
5828
5861
5811
5832
5850
5772
5720
5675
5696
5646
5655
5755
5751
5698
5768
5911
5887
5935
5834
5881
5893
5934
5927
5993
6057
6040
6064
6051
6125
6194
6154
6124
6126
6151
6073
6016
6019
5973
5947
6032
6004
5972
5968
5915
5851
5817
5948
5947
5909
5817
5795
5709
5686
5745
5801
5754
5767
5776
5909
5939
5967
5891
5704
5757
5721
5701
5640
5593
5576
5488
5395
5398
5343
5266
5428
5560
5592
5657
5709
5675
5632
5730
5755
5679
5657
5578
5551
5617
5604
5650
5570
5576
5639
5607
5753
5739
5714
5626
5471
5508
5607
5527
5474
5454
5484
5499
5580
5577
5609
5519
5477
5579
5484
5315
5202
5100
5004
5118
5142
5275
5248
5192
5117
5151
5201
5242
5263
5310
5310
5272
5221
5373
5254
5301
5378
5346
5408
5418
5352
5461
5331
5338
5387
5358
5246
5236
5313
5369
5304
5329
5373
5279
5312
5293
5390
5394
5489
5644
5689
5752
5836
5778
5842
5834
5947
5989
5947
6016
6102
6135
6189
6264
6244
6230
6202
6199
6179
6141
6253
6271
6390
6386
6400
6225
6164
6033
6007
6021
6242
6383
6494
6468
6487
6530
6444
6396
6348
6235
6199
6153
6107
5926
5973
5978
6007
5977
6214
6157
6106
6027
5831
5880
5875
5796
5681
5758
5750
5756
5863
5821
5773
5738
5754
5748
5886
5952
6135
6028
5995
5842
5801
5718
5635
5703
5769
5784
5674
5780
5841
5756
5765
5811
5726
5704
5787
5805
5934
5907
5859
5824
5828
5804
5705
5746
5727
5791
5779
5767
5769
5797
5673
5731
5703
5669
5589
5658
5631
5692
5794
5834
5891
5813
5927
5996
6102
6133
6117
6147
6086
6133
6327
6339
6379
6359
6393
6501
6523
6408
6474
6613
6507
6402
6397
6423
6406
6438
6335
6336
6379
6350
6351
6353
6441
6360
6162
6155
6239
6208
6225
6246
6237
6286
6066
5973
5890
5920
5925
5867
5816
5805
5783
5826
5972
6006
6052
5963
5886
5807
5893
5907
6013
6033
5997
6012
6005
6027
5946
5995
6016
6003
6033
5870
5879
5920
5912
5728
5781
5707
5629
5531
5551
5529
5555
5580
5745
5729
5836
5879
5960
5999
5935
5951
5945
6088
6201
6152
6071
5892
5838
5780
5844
5850
5964
5897
5796
5905
5907
5885
5807
5788
5690
5634
5581
5679
5682
5697
5687
5716
5710
5713
5774
5757
5744
5752
5819
5869
5784
5632
5600
5654
5751
5746
5867
5870
5799
5698
5763
5630
5551
5466
5469
5389
5455
5395
5340
5359
5351
5348
5385
5412
5445
5528
5601
5521
5504
5575
5483
5359
5383
5444
5534
5509
5504
5633
5624
5499
5420
5529
5480
5412
5399
5344
5358
5336
5510
5610
5718
5650
5647
5589
5595
5614
5562
5562
5603
5609
5695
5685
5702
5713
5737
5817
5781
5703
5826
5802
5789
5724
5694
5648
5749
5753
5795
5705
5675
5661
5661
5755
5826
5713
5766
5782
5631
5535
5605
5586
5734
5664
5645
5621
5554
5548
5505
5499
5500
5452
5408
5346
5368
5311
5323
5373
5357
5313
5213
5121
5104
5090
5033
4985
5097
5204
5220
5219
5141
5224
5471
5470
5420
5461
5562
5589
5660
5707
5719
5823
5857
5832
5803
5822
5893
5851
5680
5614
5588
5539
5601
5631
5677
5721
5805
5833
5753
5775
5769
5613
5558
5423
5514
5490
5508
5614
5626
5599
5613
5722
5705
5637
5596
5698
5603
5764
5722
5614
5452
5456
5459
5505
5551
5493
5557
5605
5644
5651
5687
5741
5725
5706
5733
5770
5810
5741
5906
5899
5948
5847
5966
6019
5989
6014
5931
5892
5847
5776
5832
5835
5800
5710
5774
5944
6019
5918
5876
5947
6027
6031
6140
6226
6183
6227
6199
6180
6124
6055
6078
6078
6244
6349
6447
6402
6424
6264
6142
6162
6259
6373
6404
6376
6494
6546
6640
6623
6628
6494
6599
6512
6518
6533
6657
6687
6593
6598
6637
6538
6620
6561
6548
6505
6592
6577
6474
6509
6573
6593
6542
6614
6705
6758
6839
6832
6834
6949
6892
6939
6833
6682
6533
6515
6476
6374
6407
6448
6543
6487
6392
6286
6256
6267
6133
6133
6066
5952
6004
5983
6061
6327
6358
6372
6316
6262
6107
6164
6107
6036
5852
5921
5961
5981
5933
5937
6010
6116
6138
6039
5974
6123
6215
6151
6188
6049
6044
6118
6221
6228
6242
6268
6317
6324
6333
6436
6383
6466
6432
6440
6405
6433
6309
6273
6319
6263
6158
6148
6393
6330
6361
6317
6386
6304
6267
6233
6318
6276
6402
6438
6495
6468
6552
6505
6412
6434
6496
6259
6244
6362
6553
6479
6530
6499
6485
6504
6502
6397
6460
6552
6562
6597
6522
6544
6402
6328
6352
6306
6357
6310
6393
6480
6500
6338
6367
6559
6656
6589
6512
6438
6341
6253
6263
6255
6361
6380
6334
6360
6291
6254
6194
6191
6183
6141
6101
6129
6081
6022
6018
6003
5969
5902
5845
5881
5839
5807
5782
5903
5984
5861
5752
5809
5843
5877
5930
5982
6002
5981
5990
5927
5830
5861
5862
5712
5703
5761
5785
5785
5944
5947
5966
5931
6095
6096
6138
6170
6072
5962
6055
6124
6066
6021
6046
6152
6109
6198
6225
6252
5976
6041
6059
6105
5946
5942
5854
5800
5888
5981
5854
5975
6040
5957
5942
6034
5865
5953
5935
5891
5840
5811
5792
5773
5742
5869
5818
5767
5774
5801
5726
5820
5906
6088
6062
6061
6027
6076
6161
6254
6142
6244
6121
6066
6099
6094
6121
6162
6198
6281
6164
6150
6331
6373
6467
6491
6489
6449
6566
6568
6516
6651
6752
6859
7025
7037
7160
7196
7100
7068
6936
7002
6961
6977
6952
6952
6917
6880
6681
6672
6739
6801
6933
6907
6758
6741
6642
6545
6448
6575
6596
6454
6462
6656
6548
6589
6614
6665
6635
6664
6576
6563
6541
6552
6487
6546
6534
6407
6304
6199
6078
6009
5940
5915
6025
5986
6107
6069
6018
6126
6161
6122
6106
5931
5929
5884
5911
5826
5779
5693
5660
5712
5748
5781
5701
5904
5902
5828
5873
5948
5897
5896
5734
5759
5659
5753
5789
5750
5772
5733
5793
5738
5727
5744
5778
5770
5792
5850
5785
5750
5816
5706
5779
5687
5684
5648
5524
5560
5553
5664
5664
5772
5736
5801
5826
5750
5777
5687
5703
5727
5772
5669
5618
5718
5811
5930
5906
5938
6016
6023
6186
6265
6244
6147
6115
6149
6182
6108
6020
6080
6085
6129
6106
6062
6107
6149
6257
6275
6295
6370
6432
6483
6437
6383
6553
6631
6673
6540
6574
6494
6578
6558
6384
6363
6412
6345
6400
6513
6593
6500
6564
6679
6666
6588
6619
6683
6685
6806
6783
6777
6652
6613
6704
6643
6630
6759
6657
6517
6605
6627
6701
6570
6657
6721
6533
6424
6560
6650
6642
6477
6288
6171
6027
6132
6254
6246
6122
5981
5889
5800
5807
5753
5748
5690
5764
5759
5684
5659
5713
5684
5755
5709
5720
5678
5669
5614
5501
5539
5601
5547
5553
5537
5447
5365
5339
5324
5344
5351
5420
5324
5243
5267
5229
5213
5290
5280
5306
5420
5341
5386
5446
5364
5374
5461
5416
5449
5260
5287
5250
5324
5302
5241
5124
5180
5130
5178
5031
5066
5074
5150
5136
5296
5128
5103
4944
5068
5046
5212
5235
5245
5177
5261
5237
5272
5125
5161
5240
5218
5112
5225
5230
5359
5353
5445
5370
5377
5516
5455
5580
5515
5549
5464
5553
5709
5809
5829
5863
5835
5813
5885
5868
5919
5897
5913
5943
5946
5956
6099
5969
5917
5771
5652
5698
5755
5815
5940
5918
5763
5695
5692
5648
5550
5571
5482
5446
5548
5527
5462
5483
5531
5675
5709
5727
5782
5757
5856
6050
6034
6112
6006
6091
6122
6266
6288
6212
6209
6337
6229
6238
6155
6191
6093
6126
6010
6085
6249
6255
6303
6235
6365
6398
6436
6513
6555
6560
6601
6633
6702
6806
6758
6693
6718
6754
6742
6728
6552
6491
6473
6352
6395
6503
6668
6780
6757
6720
6783
6749
6721
6775
6647
6574
6621
6451
6496
6668
6484
6642
6573
6510
6613
6686
6603
6510
6606
6573
6515
6422
6449
6397
6424
6365
6217
6081
6135
6135
6114
6117
6102
5992
5992
5925
5929
5980
6058
5973
5991
5929
5986
5925
5933
5885
5851
5937
5930
5919
5844
5916
5850
5886
5763
5694
5656
5725
5665
5629
5682
5520
5572
5594
5510
5537
5475
5500
5509
5527
5511
5552
5473
5443
5307
5237
5289
5190
5232
5301
5193
5241
5278
5257
5365
5316
5446
5523
5607
5533
5511
5553
5407
5379
5347
5595
5586
5545
5555
5629
5547
5595
5802
5776
5807
5833
5829
5797
5769
5706
5684
5829
5870
5779
5673
5781
5748
5884
5808
5859
5770
5710
5695
5644
5610
5533
5424
5393
5445
5391
5480
5375
5373
5424
5469
5466
5415
5413
5382
5559
5395
5466
5388
5458
5395
5441
5573
5432
5447
5370
5321
5239
5320
5311
5340
5259
5288
5216
5245
5246
5316
5353
5403
5325
5229
5368
5285
5354
5365
5448
5383
5503
5604
5670
5773
5790
5767
5831
5804
5796
5792
5696
5731
5605
5554
5595
5652
5517
5620
5625
5640
5742
5812
5819
5955
6000
5893
5900
5907
6021
5914
6009
6034
6021
6121
6101
6116
6062
6041
5892
5930
5937
5943
6048
5993
6034
6031
6094
6158
6203
6115
5983
6014
6028
6021
6000
5980
5768
5738
5695
5702
5745
5769
5895
5884
5810
5767
5776
5821
5953
5933
5936
5998
6047
6032
6097
6131
6172
6155
6187
6107
6256
6175
6136
6179
6120
6081
6132
6185
6126
6138
6060
6158
6199
6271
6339
6405
6248
6198
6190
6265
6141
6199
6138
6137
6195
6390
6405
6308
6187
6130
6122
6107
6111
6045
6054
6053
5937
5876
5905
6015
6113
6097
6139
5991
6112
6078
5904
5910
5835
5851
5981
5967
6062
5920
5932
5945
5827
5862
5752
5785
5799
5857
5791
5690
5738
5670
5668
5682
5704
5822
5760
5627
5626
5630
5683
5693
5675
5630
5593
5585
5713
5649
5748
5722
5764
5783
5697
5694
5649
5724
5482
5423
5420
5374
5393
5541
5518
5445
5457
5538
5583
5703
5650
5792
5740
5675
5613
5566
5455
5497
5352
5307
5272
5299
5224
5380
5593
5629
5691
5627
5526
5581
5563
5646
5650
5712
5685
5701
5675
5633
5539
5516
5602
5434
5489
5537
5575
5654
5693
5614
5617
5665
5629
5599
5496
5534
5549
5530
5511
5482
5461
5474
5457
5359
5280
5414
5311
5354
5359
5477
5441
5539
5437
5363
5433
5525
5649
5623
5737
5703
5673
5823
5844
5850
5914
5997
5949
6011
6021
5870
5857
5939
5993
5952
6007
5898
5685
5718
5799
5834
5739
5737
5775
5762
5638
5737
5877
5775
5671
5723
5816
5542
5487
5439
5483
5438
5498
5497
5512
5383
5342
5430
5369
5332
5436
5366
5297
5388
5335
5397
5451
5372
5385
5436
5359
5371
5254
5209
5220
5253
5380
5439
5528
5491
5512
5646
5760
5748
5787
5688
5678
5677
5660
5746
5714
5725
5589
5554
5456
5407
5514
5472
5521
5622
5619
5742
5831
5765
5786
5751
5677
5684
5554
5388
5400
5548
5648
5649
5706
5595
5674
5620
5738
5781
5859
5826
5950
5997
5934
5935
5906
5884
5886
5811
5694
5729
5718
5772
5694
5672
5773
5826
5855
5806
5789
5712
5754
5770
5748
5826
5902
5954
6038
6093
6203
6192
6197
6196
6171
6105
6294
6357
6218
6343
6249
6213
6189
6183
6224
6287
6312
6230
6333
6356
6310
6361
6471
6461
6645
6477
6459
6420
6460
6492
6544
6588
6513
6508
6471
6434
6436
6405
6439
6484
6471
6465
6434
6479
6485
6554
6581
6593
6543
6488
6510
6488
6485
6412
6473
6570
6505
6427
6361
6340
6246
6217
6343
6387
6305
6408
6394
6276
6302
6283
6252
6199
6221
6302
6188
6172
6299
6251
6294
6253
6185
6266
6170
6126
6059
6031
6048
5957
5837
5732
5871
5953
5946
5983
6031
5990
6052
5994
5950
5942
5904
5953
5964
5917
5930
5911
5880
5785
5700
5668
5775
5826
5836
5866
5876
5905
5915
5849
5804
5899
5996
6034
6035
6110
6099
6055
5986
6001
5979
6046
5957
5890
5882
5706
5894
5969
5898
5888
5785
5913
5821
5674
5680
5527
5532
5454
5435
5491
5495
5457
5426
5340
5373
5444
5575
5564
5689
5604
5605
5664
5689
5697
5597
5628
5532
5554
5626
5501
5621
5757
5706
5586
5603
5531
5735
5704
5742
5755
5669
5694
5770
5742
5686
5808
5777
5721
5688
5793
5877
5844
5671
5663
5750
5641
5668
5783
5731
5685
5719
5803
5909
5891
5993
6057
5935
5898
5944
5993
6001
5861
5834
5869
5995
5999
6125
6193
6183
6115
6143
6258
6231
6204
6135
6170
6196
6212
6249
6193
6126
6081
6158
6187
6170
6274
6277
6298
6378
6320
6459
6274
6366
6366
6436
6443
6542
6439
6491
6486
6384
6341
6271
6362
6258
6190
6128
6059
6117
6077
6002
5931
5823
5906
5946
6046
6041
5956
6018
6088
6183
6184
6163
6297
6404
6352
6285
6337
6440
6471
6534
6527
6530
6514
6471
6415
6403
6404
6424
6468
6366
6287
6309
6291
6278
6300
6363
6297
6280
6228
6214
6102
6127
6089
6182
6167
6173
6097
6110
6265
6213
6109
6007
6092
6200
6094
6028
5987
5793
5826
5874
5921
5996
6026
6065
6139
6217
6247
6165
6140
6112
6139
6135
6008
5952
6078
6149
6179
6244
6306
6373
6337
6280
6329
6106
6255
6280
6255
6111
6019
5941
5844
5939
5867
5869
5857
5785
5812
5852
5933
5866
5721
5727
5709
5701
5625
5663
5708
5669
5636
5626
5627
5502
5387
5302
5211
5096
5147
5168
5080
4931
4994
5080
5173
5149
5038
4992
4980
5034
5067
5023
5200
5169
5232
5194
5173
5014
5118
5129
5088
5054
5122
5191
5261
5321
5402
5384
5349
5324
5368
5303
5364
5363
5394
5403
5470
5510
5510
5457
5498
5559
5619
5639
5562
5633
5606
5609
5590
5512
5438
5477
5480
5411
5340
5417
5379
5524
5513
5411
5470
5516
5541
5523
5481
5548
5465
5530
5655
5505
5543
5416
5423
5287
5252
5279
5310
5281
5247
5301
5350
5304
5302
5278
5189
5241
5406
5414
5399
5470
5464
5318
5432
5314
5405
5390
5417
5467
5477
5508
5619
5566
5536
5505
5534
5669
5612
5616
5689
5884
5856
5749
5729
5833
5834
5819
5802
5816
5817
5848
5690
5734
5723
5690
5785
5707
5711
5658
5759
5804
5699
5815
5836
5848
5821
5774
5718
5581
5487
5434
5462
5427
5420
5404
5434
5396
5410
5340
5437
5497
5504
5533
5641
5630
5559
5588
5505
5575
5610
5654
5574
5630
5673
5714
5673
5667
5628
5538
5518
5554
5596
5574
5472
5499
5531
5512
5538
5548
5509
5574
5680
5594
5639
5736
5690
5790
5849
5886
5915
5975
6111
6062
6131
6090
6024
6018
5936
5912
5878
5953
5866
6013
6000
5971
5841
5933
5989
5926
5881
6042
6018
5996
5887
5854
5756
5730
5837
5862
5791
5743
5763
5771
5875
5912
5830
5783
5909
5829
5733
5687
5679
5648
5666
5687
5803
5816
5733
5826
5850
5758
5749
5782
5708
5767
5649
5672
5794
5797
5843
5891
5881
5933
6032
6015
5892
5852
5897
5850
5797
5832
5622
5606
5578
5570
5470
5333
5284
5351
5341
5345
5374
5375
5427
5351
5303
5252
5320
5400
5486
5527
5518
5553
5630
5693
5792
5804
5912
5795
5874
5954
6069
6046
6014
5948
5947
5970
5980
5824
5765
5655
5748
5792
5817
5745
5885
5883
5914
5997
6053
6060
6162
6183
6196
6060
5970
5927
5861
5904
5725
5766
5662
5776
5818
5871
5868
5920
5958
5856
5828
5803
5870
5981
5996
5982
5882
5916
5902
5868
5741
5729
5693
5616
5520
5519
5460
5481
5459
5361
5515
5620
5526
5516
5487
5511
5555
5653
5526
5500
5492
5475
5302
5179
5139
5065
5206
5268
5259
5278
5296
5384
5444
5421
5374
5544
5613
5709
5618
5657
5681
5674
5706
5624
5568
5610
5468
5526
5544
5436
5488
5465
5425
5438
5535
5548
5508
5373
5458
5532
5562
5554
5374
5363
5390
5370
5332
5298
5380
5361
5467
5500
5423
5445
5428
5493
5515
5552
5634
5559
5541
5398
5354
5259
5387
5341
5202
5243
5278
5264
5310
5299
5141
5056
4914
4869
4970
4901
4984
4977
4883
4914
5026
4989
5039
5066
5155
5122
5111
5031
4791
4853
4763
4709
4700
4578
4649
4687
4686
4655
4643
4723
4735
4794
4805
4756
4782
4744
4737
4746
4711
4627
4676
4607
4534
4518
4667
4713
4836
4847
4892
4866
5009
5099
5135
5174
5215
5171
5158
5103
4989
5064
5149
5116
4969
4932
4987
5009
4999
5031
5054
5065
5015
4922
4914
4944
4807
4812
4827
4898
4964
4999
5080
5158
5191
5034
5071
5020
4916
4952
5003
4984
4913
4839
4892
4864
4882
4922
4832
4658
4650
4734
4738
4839
4745
4786
4871
4774
4905
5018
5014
5182
5134
5153
5272
5284
5309
5210
5316
5406
5251
5253
5257
5240
5239
5125
5151
5172
5152
5265
5306
5374
5273
5326
5237
5301
5332
5511
5545
5498
5443
5488
5460
5481
5424
5425
5286
5437
5397
5406
5411
5384
5414
5496
5537
5617
5729
5690
5685
5748
5625
5668
5716
5618
5614
5514
5573
5509
5645
5630
5652
5607
5580
5456
5570
5431
5386
5449
5466
5473
5575
5500
5576
5607
5482
5593
5519
5476
5428
5427
5373
5360
5398
5479
5355
5328
5284
5408
5454
5532
5516
5557
5480
5532
5402
5325
5165
5271
5421
5396
5446
5559
5561
5640
5681
5598
5612
5698
5825
5786
5722
5636
5597
5643
5650
5737
5812
5893
5919
5898
5965
5960
5956
5960
5846
5751
5807
5803
5775
5733
5814
5868
5799
5856
5671
5720
5789
5784
5790
5830
5704
5673
5651
5702
5728
5702
5828
5761
5663
5740
5639
5748
5766
5728
5740
5743
5691
5599
5679
5749
5871
5916
5677
5621
5580
5459
5490
5516
5446
5371
5395
5453
5360
5406
5381
5410
5492
5535
5541
5425
5314
5334
5416
5249
5258
5291
5234
5213
5297
5334
5251
5230
5400
5298
5378
5421
5337
5416
5349
5364
5338
5409
5386
5433
5281
5274
5304
5237
5379
5307
5352
5445
5414
5343
5350
5334
5323
5271
5248
5204
5206
5159
5165
5082
5087
5108
5180
5229
5148
5214
5381
5372
5375
5270
5211
5282
5366
5310
5134
5240
5325
5213
5225
5164
5179
5169
5166
5155
5104
5061
5089
5034
4982
4947
4897
5089
5166
5300
5352
5399
5396
5442
5551
5467
5465
5404
5374
5444
5407
5381
5376
5407
5444
5340
5374
5273
5148
5125
5144
5170
5203
5221
5178
5215
5137
5104
5231
5224
5346
5299
5398
5365
5380
5228
5181
5091
5050
5077
5213
5265
5341
5381
5506
5577
5565
5652
5582
5532
5708
5790
5736
5604
5458
5418
5410
5459
5432
5405
5384
5257
5149
5090
5030
5156
5120
5211
5302
5357
5358
5306
5136
5068
5194
5148
5169
5241
5130
4995
5028
5055
4967
4919
4759
4740
4820
4856
4964
4974
4986
5072
4987
4916
4937
5025
4848
4899
4919
4863
4861
4827
4957
4933
4977
4943
5049
5146
5222
5293
5393
5377
5412
5389
5263
5252
5292
5318
5276
5207
5176
5220
5290
5268
5278
5326
5378
5453
5357
5360
5277
5247
5189
5158
5327
5239
5379
5481
5546
5624
5697
5686
5713
5627
5761
5749
5677
5720
5782
5933
5925
5836
5800
5820
5759
5764
5691
5631
5578
5592
5753
5676
5539
5545
5435
5457
5413
5350
5358
5351
5358
5292
5377
5327
5341
5308
5324
5405
5522
5430
5426
5512
5467
5540
5493
5542
5567
5510
5490
5579
5514
5609
5576
5570
5579
5595
5493
5431
5401
5364
5353
5380
5376
5315
5199
5326
5463
5420
5425
5462
5363
5437
5486
5471
5462
5381
5258
5338
5361
5389
5410
5472
5501
5477
5463
5398
5368
5362
5346
5438
5564
5505
5606
5581
5602
5625
5712
5632
5541
5458
5426
5397
5281
5366
5478
5412
5218
5215
5244
5250
5324
5308
5317
5356
5380
5269
5256
5271
5396
5460
5473
5585
5548
5574
5635
5524
5506
5528
5526
5533
5567
5563
5576
5668
5772
5834
5837
5766
5632
5553
5382
5416
5558
5539
5682
5570
5556
5520
5441
5362
5316
5469
5436
5219
5270
5440
5545
5626
5697
5756
5792
5772
5983
6088
6152
6233
6118
6142
6070
6121
6087
6159
6121
6269
6263
6195
6245
6279
6232
6326
6435
6499
6466
6459
6636
6668
6743
6743
6890
6661
6850
6797
6821
6883
6886
6798
6734
6706
6762
6802
6890
6925
6867
6886
6715
6725
6815
6818
6803
6798
6728
6558
6626
6694
6737
6843
6622
6617
6565
6538
6619
6708
6744
6649
6457
6462
6371
6281
6182
6130
6188
6291
6335
6323
6385
6514
6541
6447
6405
6577
6560
6562
6571
6672
6546
6564
6358
6155
6067
5917
5796
5974
5883
5784
5852
5846
5921
5845
5762
5773
5773
5792
5954
6020
6105
6097
6035
6013
6017
6155
6162
6210
6144
6252
6273
6334
6534
6498
6428
6484
6523
6471
6573
6425
6329
6120
6192
6155
6109
6105
6227
6208
6266
6285
6325
6338
6327
6332
6354
6542
6520
6471
6453
6361
6443
6318
6209
6216
6231
6245
6330
6377
6404
6482
6362
6512
6485
6412
6471
6486
6421
6429
6352
6321
6406
6499
6564
6393
6269
6174
6090
6076
6092
6120
6094
5993
5860
5892
5924
5897
5943
5976
5864
5894
5959
6089
6023
5997
6015
6093
6050
5929
5840
5778
5843
5857
5863
5996
5952
5872
5846
5811
5998
6001
6096
6146
6053
5943
5826
5787
5877
5843
5822
5794
5796
5759
5802
5735
5726
5645
5529
5529
5296
5303
5378
5494
5498
5408
5338
5185
5235
5173
5273
5195
5178
5284
5431
5387
5351
5354
5348
5413
5377
5407
5282
5220
5154
5116
5062
5043
5091
5040
5014
5090
5146
4965
5022
4999
5034
4952
5088
5100
5007
5054
5135
5197
5209
5190
5296
5246
5270
5260
5186
5166
5169
5136
5103
5210
5176
5210
5120
5164
5219
5126
5178
5159
5196
5230
5217
5222
5161
5230
5226
5092
5123
5218
5262
5277
5202
5233
5255
5279
5262
5377
5396
5373
5361
5430
5370
5241
5160
5092
5014
5087
5212
5281
5158
5046
5020
4915
4933
5078
5148
5107
5071
5104
5004
4926
4812
4875
4779
4836
4791
4818
4797
4769
4891
4832
4749
4698
4618
4744
4666
4722
4653
4633
4606
4481
4548
4650
4458
4432
4436
4478
4543
4500
4444
4477
4578
4499
4374
4426
4332
4313
4275
4241
4255
4167
4152
4155
4191
4191
4129
4196
4174
4268
4141
4069
4085
4152
4179
4167
4264
4347
4336
4364
4388
4287
4354
4246
4252
4267
4236
4281
4344
4315
4341
4454
4467
4570
4644
4672
4702
4622
4518
4543
4551
4543
4559
4550
4536
4586
4479
4473
4407
4403
4437
4399
4338
4295
4318
4338
4298
4380
4469
4463
4380
4353
4255
4238
4182
4230
4291
4242
4240
4262
4300
4282
4360
4399
4399
4416
4433
4389
4562
4572
4601
4618
4618
4730
4744
4763
4750
4726
4746
4685
4618
4592
4559
4520
4484
4478
4278
4309
4299
4351
4320
4376
4368
4415
4359
4349
4414
4512
4400
4459
4515
4581
4690
4713
4729
4730
4779
4884
4938
5032
5219
5352
5284
5385
5383
5398
5355
5349
5317
5415
5466
5429
5397
5492
5434
5424
5438
5482
5400
5452
5459
5464
5489
5549
5558
5560
5517
5418
5469
5405
5536
5383
5463
5420
5273
5296
5251
5205
5271
5322
5258
5330
5344
5329
5378
