505000
199923
140452
111157
92349
79244
69527
61971
55816
51087
46925
43491
40486
38186
36305
34568
32871
31438
30172
28960
27827
26808
26034
25128
23845
22867
22149
21483
20789
20381
19806
19325
18975
18569
18202
17646
17303
17116
16715
16241
16036
15567
15340
15196
14999
14644
14403
14411
13961
13764
13582
13378
13142
13064
12878
12554
12302
12042
11745
11602
11483
11348
11264
11203
11100
11053
10853
10383
10403
10322
10195
10387
10161
10097
10019
9829
9852
9751
9616
9540
9331
9381
9308
9255
9179
9173
9075
8884
8953
8926
8783
8645
8614
8510
8458
8404
8343
8271
8172
8206
8165
8022
7885
7855
7930
7912
7792
7658
7710
7751
7781
7718
7673
7611
7527
7469
7443
7343
7434
7443
7404
7468
7489
7387
7443
7519
7501
7390
7284
7159
7007
7040
7027
6858
6916
6864
6800
6750
6821
6767
6711
6748
6755
6698
6612
6447
6457
6497
6344
6425
6439
6387
6448
6344
6370
6279
6442
6497
6323
6290
6246
6332
6275
6254
6249
6315
6280
6149
6139
6113
6089
6086
6035
6135
6122
6114
6003
5814
5851
5877
5817
5726
5688
5624
5665
5632
5652
5774
5803
5857
5787
5879
5889
5896
5954
5999
5929
5926
5930
5968
6121
5999
5930
5946
5976
5995
6033
6013
5911
5969
5899
5867
5894
5809
5922
6008
5979
5838
5790
5824
5786
5695
5733
5712
5644
5547
5597
5628
5652
5651
5561
5598
5625
5473
5555
5468
5405
5382
5299
5245
5148
5187
5243
5316
5334
5321
5274
5294
5190
5148
5109
5045
5091
5014
5059
5105
5055
4984
4979
4996
5141
5162
5086
5144
5036
4933
4958
5026
5117
5050
5024
5023
5127
5219
5418
5419
5421
5361
5425
5449
5560
5376
5322
5395
5416
5386
5446
5496
5569
5549
5457
5540
5461
5362
5379
5330
5252
5323
5276
5282
5295
5385
5467
5293
5329
5345
5410
5518
5552
5595
5483
5549
5512
5540
5540
5444
5484
5515
5514
5453
5389
5401
5326
5439
5333
5248
5260
5261
5234
5253
5300
5448
5363
5405
5483
5567
5614
5729
5647
5738
5750
5775
5687
5663
5706
5708
5772
5805
5861
5847
5985
6104
6050
6129
6126
6101
6017
6040
5969
5867
5803
5862
5745
5638
5727
5739
5770
5648
5653
5622
5503
5572
5548
5473
5443
5433
5431
5396
5539
5642
5661
5759
5698
5656
5565
5437
5455
5466
5564
5441
5452
5595
5497
5345
5297
5369
5361
5369
5376
5431
5462
5303
5209
5228
5207
5126
4996
5012
5007
5074
5039
5001
5026
5074
5128
5121
5293
5457
5373
5370
5444
5433
5322
5253
5270
5264
5342
5234
5199
5380
5387
5498
5496
5623
5677
5588
5522
5540
5540
5630
5880
5869
5835
5928
5774
5752
5780
5747
5692
5739
5711
5651
5559
5605
5745
5851
5850
5925
5995
5927
5820
5824
5920
5914
6002
5934
5832
5869
5819
5947
5931
5987
6074
6075
6078
6013
6075
6193
6136
6120
6183
6094
6174
6187
6297
6231
6029
6121
6117
6107
6140
6127
6149
6029
6101
6074
6094
6112
6158
6011
5982
6066
5999
5961
5909
5925
5898
5981
6039
5988
5995
5902
5986
6105
5986
6052
6120
5977
6008
5943
5844
5797
5863
5959
6004
5945
5887
5890
5868
5917
5934
5927
6027
6140
6295
6278
6198
6024
6182
6279
6333
6373
6251
6315
6227
6154
6120
6147
6164
6059
5950
5878
5897
5810
5783
5885
5895
5905
5899
5846
5840
5890
5984
5964
6052
6093
6143
6151
6197
6180
6134
6035
5974
6060
6119
6160
6190
6237
6101
6197
6292
6229
6072
6103
6049
6022
6246
6430
6269
6271
6319
6346
6265
6391
6359
6288
6271
6258
6291
6222
6220
6237
6217
6195
6011
6085
6173
6196
6318
6236
6259
6227
6154
6023
6126
6102
6246
6313
6352
6263
6289
6177
6117
6125
6153
6207
6386
6351
6353
6229
6270
6302
6388
6305
6243
6159
6213
6217
6329
6288
6429
6365
6359
6269
6328
6232
6138
6110
6198
6211
6217
6137
6110
6063
6019
5962
5982
6016
6003
5931
5907
5915
5990
6015
5873
5926
6021
6034
6055
5987
6020
5982
5884
6020
6109
6258
6163
6110
6116
6015
6020
5936
5947
6100
6104
6048
6070
6145
6129
6028
5964
5962
6072
6074
6228
6192
6285
6220
6242
6203
6219
6260
6193
6186
6305
6400
6510
6338
6298
6254
6341
6350
6245
6127
6235
6116
6052
5989
6001
6002
6000
6052
6061
6023
6005
5981
5792
5799
5816
5737
5712
5690
5663
5603
5495
5638
5704
5637
5657
5588
5479
5491
5568
5621
5623
5565
5560
5704
5549
5475
5354
5373
5374
5420
5309
5194
5239
5322
5296
5416
5389
5472
5526
5470
5430
5544
5592
5559
5536
5636
5716
5794
5794
5887
5947
6025
5966
5901
5843
5911
5841
5821
5892
5995
5957
5902
5881
5774
5829
5812
5926
5856
5789
5664
5644
5601
5541
5616
5517
5580
5574
5586
5586
5681
5626
5710
5862
5767
5713
5815
5816
5780
5829
5841
5756
5798
5857
6032
5923
5869
5989
5931
6074
6128
6162
6179
6120
6201
6168
5973
5959
5777
5742
5668
5635
5678
5681
5619
5749
5707
5644
5585
5377
5281
5316
5195
5112
5115
5009
5016
4925
4801
4848
4920
4887
4841
4860
4964
4981
4918
4885
4809
4814
4835
4819
4912
4907
4952
5018
5001
4904
4854
4914
4989
4851
5019
5027
5099
5067
5059
5038
4974
4947
5078
5094
5058
5076
5062
5134
5168
5318
5318
5238
5181
5146
5175
5056
4981
4949
4970
5021
5083
5147
5130
5243
5337
5335
5343
5254
5212
5083
5004
5167
5213
5210
5222
5203
5157
5196
5266
5262
5179
5074
5157
5225
5144
5220
5202
5130
5073
5105
5085
4976
5106
5050
5223
5224
5196
5289
5323
5306
5396
5405
5296
5233
5164
5083
5186
5159
5264
5366
5298
5316
5357
5459
5407
5352
5373
5236
5306
5387
5344
5229
5241
5214
5315
5305
5254
5261
5195
5184
5262
5251
5241
5309
5295
5321
5350
5294
5200
5242
5232
5157
5136
5092
5206
5250
5402
5417
5345
5247
5294
5272
5243
5103
5058
5119
5091
5020
4959
4926
4920
4929
4951
5080
5094
5093
5123
5131
5102
5140
5212
5107
5190
5184
5323
5356
5330
5246
5312
5438
5394
5400
5401
5336
5357
5323
5356
5336
5447
5344
5265
5273
5267
5318
5385
5452
5327
5333
5120
5022
5066
4900
4879
4940
5028
5097
5074
5123
5115
5073
5035
5073
5025
5007
4929
4929
4994
5009
4890
4905
4848
4962
4876
4893
4937
4844
4913
4867
4914
4928
4968
4916
4918
4984
4993
5024
5111
5218
5204
5369
5321
5308
5278
5244
5221
5195
5086
5188
5307
5342
5320
5397
5398
5406
5436
5397
5520
5533
5546
5485
5443
5497
5601
5652
5544
5499
5505
5420
5338
5309
5297
5297
5210
5291
5365
5390
5354
5279
5251
5205
5166
5141
5091
5023
4903
4866
4808
4823
4839
4947
5080
5132
5029
5056
5062
4933
4967
4984
4979
5014
4974
4962
5013
5042
5168
5075
5109
5157
5144
5167
5259
5362
5259
5371
5314
5282
5210
5298
5307
5410
5431
5407
5527
5570
5473
5663
5537
5501
5470
5517
5541
5461
5407
5402
5472
5528
5520
5519
5481
5412
5458
5444
5484
5515
5568
5566
5489
5565
5610
5746
5740
5627
5587
5581
5625
5602
5638
5563
5544
5670
5639
5704
5680
5705
5609
5461
5477
5470
5493
5469
5427
5403
5417
5449
5523
5556
5541
5584
5551
5523
5494
5435
5430
5494
5294
5387
5368
5500
5663
5656
5656
5699
5758
5810
5816
5829
5968
6001
5898
5811
5869
5805
5765
5908
5905
5823
5838
5799
5763
5707
5667
5721
5664
5756
5811
5734
5701
5689
5656
5673
5700
5693
5812
5774
5816
5631
5630
5552
5535
5627
5725
5886
5909
5869
5905
5860
5874
5883
5814
5873
5898
5979
6154
6262
6304
6469
6423
6484
6449
6422
6431
6485
6344
6306
6223
6356
6471
6498
6520
6510
6592
6619
6540
6541
6522
6540
6526
6533
6441
6438
6426
6449
6565
6460
6611
6518
6492
6344
6209
6271
6314
6302
6376
6360
6341
6393
6472
6612
6715
6671
6696
6597
6671
6564
6581
6681
6759
6667
6784
6877
6896
6788
6695
6674
6596
6594
6492
6560
6642
6606
6741
6789
6828
6739
6798
6749
6800
6724
6739
6590
6669
6704
6602
6674
6563
6457
6481
6630
6597
6584
6661
6687
6622
6647
6658
6816
6734
6637
6572
6611
6627
6659
6701
6838
6785
6656
6603
6531
6431
6336
6325
6235
6055
6083
5945
5923
5928
5876
5971
6136
6105
6233
6167
6152
6120
6086
6190
6271
6208
6314
6327
6340
6326
6307
6333
6345
6304
6396
6328
6388
6430
6356
6470
6473
6381
6288
6448
6455
6363
6267
6269
6172
6101
6102
6118
6258
6183
6169
6100
6086
5977
5971
6002
6110
6168
6147
6193
6087
6100
6055
5979
5821
5932
5875
5862
5879
5749
5871
5950
5914
5981
5957
5990
6014
5932
5891
5979
6044
5968
5885
5910
5938
5943
5866
5827
5874
5845
5853
5650
5802
5803
5715
5588
5556
5619
5619
5555
5580
5564
5489
5498
5395
5309
5370
5482
5496
5425
5484
5552
5400
5454
5533
5423
5474
5429
5427
5351
5298
5265
5253
5188
5129
5190
5184
5215
5237
5267
5428
5402
5496
5384
5480
5475
5436
5424
5400
5344
5252
5286
5402
5402
5489
5575
5607
5636
5736
5616
5649
5622
5571
5557
5646
5589
5518
5519
5466
5377
5391
5363
5494
5587
5657
5686
5588
5583
5648
5689
5690
5686
5661
5637
5597
5679
5811
5685
5623
5585
5489
5419
5303
5300
5306
5335
5256
5276
5259
5356
5347
5382
5185
5282
5223
5271
5252
5263
5168
5269
5263
5346
5367
5384
5428
5421
5393
5350
5405
5449
5521
5455
5420
5451
5414
5423
5453
5522
5598
5597
5703
5699
5800
5780
5724
5708
5732
5671
5749
5686
5604
5455
5474
5395
5367
5511
5434
5375
5400
5313
5377
5481
5477
5491
5479
5546
5563
5396
5350
5397
5328
5295
5140
5149
5197
5243
5115
5186
5087
5161
5183
5186
5099
5141
5120
5140
5335
5420
5535
5402
5445
5417
5376
5330
5255
5096
5114
4985
5036
5136
5185
5189
5189
5183
5257
5274
5236
5122
5071
5093
5096
5118
5175
5230
5253
5379
5456
5380
5366
5428
5400
5546
5564
5609
5408
5333
5435
5419
5419
5531
5355
5292
5350
5414
5454
5515
5499
5561
5690
5651
5561
5595
5643
5665
5631
5634
5611
5461
5437
5379
5290
5308
5357
5378
5268
5207
5226
5112
5151
5097
5147
4990
4952
4905
4930
4979
5040
5010
4883
4785
4754
4675
4673
4708
4803
4830
4887
4880
4885
4877
4851
4937
4893
4856
4861
4754
4905
4935
4974
5064
4977
5149
5230
5262
5141
5095
5070
5246
5276
5302
5261
5368
5420
5272
5387
5400
5474
5484
5512
5440
5468
5424
5391
5471
5491
5466
5454
5506
5468
5450
5489
5464
5331
5181
5230
5199
5191
5163
5205
5172
5131
5065
4926
4986
4874
4850
4784
4717
4768
4799
4865
4889
4784
4668
4747
4749
4797
4836
4879
4876
5012
4975
4953
4951
5069
5035
5062
5094
5140
5130
5082
5150
5072
5008
5080
5122
5183
5259
5320
5377
5280
5271
5213
5175
5133
4992
4997
4974
4966
4985
4994
4969
4998
4848
4923
5073
5145
5093
5133
5111
4989
4946
5013
5078
5150
5250
5093
5140
5143
5210
5191
5171
5269
5217
5133
5227
5209
5224
5174
5206
5184
5169
5247
5059
5024
5006
5038
5013
5051
5083
5209
5341
5333
5196
5203
5177
5112
5020
5147
5163
5130
5101
5139
5188
5181
5178
5136
5113
5128
5164
5047
5079
5170
5077
4968
5034
5083
5066
5062
5149
5113
5226
5151
5109
4973
5031
5131
5228
5295
5347
5421
5421
5451
5394
5393
5375
5449
5632
5601
5576
5584
5584
5500
5557
5491
5398
5417
5338
5426
5404
5324
5317
5464
5568
5374
5382
5397
5458
5329
5315
5371
5082
5086
5083
5193
5265
5348
5242
5099
5014
4873
4789
4822
4896
4837
4942
4945
4868
4778
4774
4785
4823
4691
4686
4604
4672
4686
4810
4894
4950
4920
4837
4935
4944
4801
4736
4801
4863
4916
4957
4877
4814
4710
4698
4684
4661
4680
4640
4650
4572
4536
4635
4661
4689
4694
4744
4639
4703
4724
4844
4910
4844
4829
5011
5017
4964
4812
4835
4788
4771
4780
4819
4728
4909
4896
4841
4811
4769
4839
4910
4933
4928
4996
5074
5127
5099
5079
5014
4986
4985
5013
5060
5001
4989
5088
5125
5201
5183
5296
5170
5066
5135
5083
5020
5041
5045
4975
4826
4963
4968
4928
4870
4859
4816
4823
4904
4932
4911
4918
4920
4921
4921
5016
4894
5025
4963
4983
5049
5058
5165
5137
5033
5207
5221
5256
5251
5218
5100
4974
5020
5004
4960
4942
4883
4900
4956
4906
4879
4890
5008
5041
5050
4961
4973
5047
5033
5057
5133
5148
5048
5019
5011
4927
4959
4973
4941
4914
4863
4823
4880
4830
4717
4765
4761
4732
4730
4680
4782
4830
4885
4943
5010
4927
4888
4993
4917
5001
4978
4974
5028
4905
4895
4905
4947
4963
5074
5150
5171
5232
5168
5153
5143
5014
5043
5056
4957
4990
5040
4930
4888
4961
5006
5075
5208
5113
5147
5090
5141
5160
5044
5101
5232
5243
5243
5228
5202
5296
5246
5271
5273
5474
5494
5575
5494
5497
5336
5287
5329
5290
5340
5241
5186
5224
5184
5152
5128
5257
5171
5127
5096
5084
5131
5165
5212
5135
5224
5203
5251
5288
5267
5307
5348
5398
5524
5621
5560
5566
5724
5891
5850
5752
5696
5735
5645
5667
5786
5761
5847
5947
5975
5988
5969
5941
5872
5872
5864
5781
5768
5767
5744
5637
5632
5710
5752
5755
5831
5840
5797
5940
5853
5757
5705
5686
5652
5701
5833
5776
5673
5533
5455
5292
5343
5342
5454
5490
5438
5383
5327
5398
5363
5346
5367
5392
5375
5410
5458
5368
5368
5343
5584
5547
5551
5479
5464
5335
5263
5344
5305
5348
5300
5474
5475
5565
5583
5558
5694
5792
5737
5782
5786
5889
5791
5637
5652
5696
5745
5817
5777
5624
5675
5629
5779
5802
5932
5834
5781
5897
5747
5603
5652
5623
5643
5703
5698
5586
5517
5568
5481
5544
5512
5398
5347
5463
5427
5444
5296
5316
5452
5422
5372
5403
5432
5456
5526
5424
5393
5393
5487
5464
5505
5437
5389
5384
5391
5492
5485
5517
5559
5496
5593
5609
5740
5877
5892
5787
5694
5712
5694
5723
5607
5572
5546
5571
5534
5385
5438
5558
5431
5410
5422
5418
5361
5373
5403
5434
5513
5621
5658
5590
5523
5575
5635
5637
5525
5499
5488
5483
5476
5531
5566
5595
5601
5516
5534
5489
5465
5600
5499
5557
5667
5736
5731
5883
5993
5965
6024
5923
5908
5866
5813
5911
5922
5880
5957
6017
6072
6036
5964
5866
5826
5967
5812
5804
5802
5849
5868
5774
5744
5608
5511
5483
5662
5640
5693
5639
5697
5664
5613
5687
5703
5721
5703
5657
5701
5619
5664
5672
5801
5782
5800
5811
5829
5743
5644
5700
5735
5727
5770
5664
5556
5460
5472
5445
5417
5535
5595
5666
5720
5678
5688
5633
5624
5551
5617
5519
5475
5385
5402
5575
5446
5219
5182
5147
5288
5320
5377
5358
5327
5410
5482
5597
5709
5833
5770
5818
5654
5533
5535
5583
5636
5663
5579
5557
5680
5685
5710
5753
5751
5796
5738
5839
5851
5924
5934
5924
5957
6010
6078
6056
6038
6098
6087
6073
6014
6023
6002
5947
5966
5918
5943
5902
5892
5788
5702
5631
5824
5894
5791
5782
5893
5782
5654
5773
5704
5786
5684
5750
5648
5539
5558
5574
5614
5577
5571
5575
5549
5503
5373
5372
5333
5248
5228
5213
5221
5267
5317
5311
5166
5123
5098
5077
5122
5076
5031
5123
5101
5172
5201
5301
5228
5224
5111
5161
5146
5227
5148
5076
5116
5223
5295
5363
5530
5577
5537
5510
5586
5551
5437
5472
5526
5573
5529
5665
5635
5689
5774
5750
5729
5589
5663
5707
5620
5594
5745
5835
5832
5765
5863
5957
5964
5910
5881
5894
5897
6028
5977
6052
5988
6029
6023
6038
5920
5914
6000
6026
6043
6138
5986
5863
5922
5909
6008
5924
5963
6114
5999
6014
5989
5911
6099
6277
6324
6252
6302
6297
6481
6434
6458
6615
6677
6683
6794
6887
6971
7006
7123
7072
7155
7160
7015
6886
6868
6858
6843
6724
6792
6829
6759
6880
6942
6807
6807
6915
6861
6825
6715
6788
6653
6631
6601
6629
6564
6613
6713
6569
6509
6411
6479
6490
6621
6673
6719
6718
6671
6602
6583
6717
6715
6584
6612
6568
6532
6502
6512
6503
6509
6506
6418
6352
6294
6364
6344
6437
6502
6427
6353
6336
6359
6427
6271
6178
6023
6018
6013
5979
5980
5798
5785
5847
5735
5795
5866
5842
5723
5563
5668
5598
5531
5461
5388
5403
5426
5436
5369
5487
5542
5523
5479
5467
5432
5446
5213
5294
5291
5263
5191
5285
5372
5374
5361
5362
5298
5415
5383
5355
5417
5360
5378
5395
5338
5211
5220
5304
5303
5318
5410
5397
5397
5427
5440
5432
5416
5392
5371
5339
5324
5409
5524
5516
5464
5536
5490
5502
5437
5330
5284
5259
5333
5230
5196
5146
5180
5188
5183
5162
5284
5212
5177
5198
5335
5391
5409
5457
5438
5560
5609
5679
5695
5653
5602
5583
5636
5721
5711
5729
5779
5818
5740
5733
5615
5623
5502
5425
5556
5514
5514
5431
5468
5560
5530
5689
5584
5634
5696
5520
5567
5486
5447
5456
5482
5409
5377
5468
5324
5315
5329
5336
5513
5513
5508
5448
5515
5476
5424
5366
5363
5397
5340
5280
5264
5313
5401
5488
5451
5452
5474
5480
5464
5491
5456
5331
5289
5328
5351
5412
5400
5313
5266
5404
5314
5182
5292
5231
5353
5551
5587
5451
5575
5624
5726
5777
5751
5779
5801
5847
5860
5816
5680
5765
5850
5961
6121
6231
6369
6150
6159
6210
6384
6364
6414
6410
6414
6314
6494
6454
6402
6377
6514
6548
6526
6423
6316
6255
6283
6327
6417
6437
6320
6344
6252
6268
6328
6503
6556
6550
6586
6576
6533
6591
6603
6733
6693
6637
6558
6468
6556
6513
6419
6375
6353
6287
6359
6387
6441
6492
6534
6569
6557
6483
6444
6322
6194
6100
6009
5950
5931
5890
6048
5965
5935
5874
5899
5922
5907
5947
5916
5933
5939
5906
5988
5941
5956
5862
5935
5960
5940
5923
5873
5719
5687
5759
5915
5823
5768
5660
5640
5597
5545
5544
5556
5533
5500
5517
5537
5561
5557
5554
5554
5558
5576
5510
5448
5494
5398
5392
5330
5342
5231
5214
5243
5315
5353
5451
5425
5440
5533
5483
5617
5589
5642
5650
5638
5561
5614
5710
5816
5960
6134
6118
6075
5996
5921
5938
5996
6004
6124
6267
6375
6408
6423
6333
6362
6351
6343
6298
6252
6253
6234
6231
6300
6162
6169
6189
6241
6352
6252
6338
6390
6379
6266
6250
6305
6297
6248
6326
6371
6336
6425
6442
6414
6483
6677
6604
6673
6612
6459
6476
6511
6520
6389
6314
6395
6339
6258
6293
6171
6071
6121
6322
6293
6343
6186
6104
6177
6202
5986
6012
6035
6117
6201
6110
6111
6091
6157
6134
6064
5981
6061
6083
6130
6133
6067
6043
6136
6110
6000
6058
6005
5927
5960
5972
6075
6027
5972
5962
5979
6054
6151
6046
6116
6147
6091
5984
6084
6065
6215
6134
6197
6209
6213
6312
6297
6230
6314
6135
6239
6322
6306
6249
6203
6114
6092
6026
6051
5973
5978
5963
5963
6027
5977
5924
5991
5858
5982
6054
6244
6207
6169
6142
6165
6267
6403
6467
6541
6487
6406
6357
6332
6218
6288
6398
6350
6263
6189
6182
6115
6030
6142
6090
6079
6086
6222
6159
6165
6148
6231
6158
6131
6092
6042
6063
6076
6067
6079
5918
5975
6008
5978
5847
5771
5751
5689
5677
5655
5572
5571
5564
5601
5700
5641
5503
5572
5566
5623
5776
5868
5841
5806
5838
5802
5874
5805
5879
5946
6039
6074
5991
5986
5863
5820
5866
5861
5845
5806
5746
5619
5588
5639
5673
5788
5752
5725
5646
5742
5797
5756
5751
5642
5565
5460
5412
5476
5504
5459
5386
5424
5327
5291
5302
5227
5150
5121
5165
5230
5291
5291
5270
5270
5311
5425
5356
5373
5332
5361
5456
5505
5590
5696
5814
5978
6004
6044
5985
6086
6050
5923
5891
5854
5782
5800
5826
5676
5451
5445
5447
5485
5555
5457
5546
5546
5642
5619
5642
5700
5624
5728
5699
5658
5616
5628
5755
5621
5689
5595
5626
5677
5699
5753
5733
5561
5510
5549
5605
5552
5518
5674
5684
5660
5687
5592
5713
5740
5778
5735
5787
5791
5926
5961
5918
5903
5999
6028
6040
6070
6059
6175
6172
6162
6056
6026
6085
6207
6139
6193
6111
6175
6197
6078
6034
6135
6311
6227
6312
6390
6316
6359
6109
6101
5875
5844
5791
5818
5856
5920
5923
5877
5802
5882
5829
5846
5857
5831
5886
5865
5833
5853
5895
6061
5898
5871
5824
5781
5702
5815
5691
5694
5692
5592
5608
5546
5561
5507
5552
5523
5660
5694
5679
5703
5643
5463
5418
5398
5469
5534
5602
5564
5612
5686
5540
5522
5533
5638
5682
5697
5755
5677
5771
5691
5889
5875
5870
5776
5857
5841
5886
5952
6061
6108
6098
6143
6104
6276
6226
6338
6377
6458
6331
6438
6536
6530
6442
6394
6334
6248
6274
6411
6289
6347
6411
6496
6475
6572
6514
6427
6400
6462
6359
6205
6210
6250
6168
6183
6173
6044
6138
6182
6214
6257
6353
6365
6475
6501
6559
6518
6454
6433
6458
6487
6587
6525
6478
6505
6516
6475
6448
6455
6472
6381
6425
6535
6321
6352
6374
6267
6146
6181
6050
6005
6067
6053
6133
6039
5935
5803
5755
5893
5870
5831
5882
5971
5920
5997
5934
5887
5899
5901
5953
5977
5953
5831
5921
5899
5870
5870
5774
5899
5859
5843
5909
5883
5936
5925
5918
5938
5787
5793
5835
5816
5794
5845
5946
5913
5908
5902
5865
5935
5860
5760
5829
5774
5801
5705
5635
5646
5709
5740
5883
5772
5758
5772
5762
5820
5765
5713
5706
5757
5816
5795
5781
5738
5685
5775
5804
5757
5757
5806
5785
5768
5822
5825
5909
5978
6010
6080
6183
6178
6095
6128
6064
5967
5955
5917
5897
5813
5776
5740
5875
5934
5962
6038
6109
6114
6043
5992
6057
5983
5954
5991
6067
5959
6002
5959
5957
5855
5965
5902
5995
6048
6099
6112
6095
6006
6001
5895
5957
5984
5938
5953
5865
5874
5950
5958
5880
5821
5817
5864
5983
5958
6078
6148
6197
6211
6206
6179
6188
6182
6139
6152
6171
6149
6160
6107
6177
6254
6274
6365
6365
6356
6338
6410
6408
6394
6347
6258
6255
6224
6252
6114
6112
6208
6199
6294
6242
6135
6175
6179
6171
6209
6126
6159
6062
6110
6135
6170
6252
6266
6151
6220
6253
6193
6148
6133
6068
5986
5846
5855
5802
5901
5817
5804
5736
5737
5645
5673
5692
5607
5685
5738
5748
5825
5699
5648
5623
5492
5404
5529
5566
5570
5579
5744
5869
5895
5988
6075
6050
6214
6401
6210
6041
6080
5847
5708
5809
5800
5789
5770
5835
5907
5825
5774
5820
5816
5802
5885
5939
5778
5848
5830
5829
5854
5828
5654
5811
5885
5910
5986
5923
5961
5901
5915
5931
5998
5746
5785
5665
5742
5750
5825
5981
6007
6130
6119
6194
6128
6141
6201
6298
6247
6396
6395
6361
6426
6429
6551
6569
6618
6529
6320
6305
6307
6180
6123
6126
6169
6236
6176
6101
6092
6067
6105
5992
6006
5963
5988
5898
5913
5934
5969
5866
5880
6008
5990
5950
5937
5886
5782
5820
5846
5749
5618
5622
5537
5459
5367
5409
5285
5292
5257
5243
5168
5225
5215
5149
5146
5064
5159
5153
5104
5179
5274
5366
5338
5294
5281
5187
5265
5254
5321
5356
5318
5399
5445
5545
5544
5508
5484
5458
5382
5571
5568
5390
5394
5516
5557
5621
5769
5815
5720
5678
5596
5588
5605
5560
5462
5396
5428
5381
5457
5417
5436
5296
5375
5291
5274
5360
5312
5288
5324
5505
5412
5384
5383
5339
5366
5307
5328
5377
5385
5373
5371
5405
5285
5324
5225
5249
5280
5320
5424
5483
5465
5514
5608
5521
5495
5403
5412
5451
5413
5394
5331
5471
5432
5492
5449
5625
5665
5791
5607
5562
5609
5690
5710
5624
5620
5634
5735
5634
5771
5774
5861
5866
5711
5646
5723
5677
5729
5755
5696
5630
5623
5608
5770
5750
5692
5832
5707
5747
5702
5577
5491
5554
5544
5630
5747
5840
5906
5836
5757
5645
5595
5516
5717
5696
5873
5821
5897
5795
5673
5617
5467
5384
5454
5425
5529
5590
5701
5795
5801
5938
5890
5866
5990
6039
6003
6011
5969
5998
5959
5912
5940
5833
5639
5636
5570
5525
5563
5746
5633
5521
5448
5531
5718
5837
6046
6028
6107
6039
6147
6162
6243
6217
6226
6340
6339
6448
6272
6142
6094
6150
6096
6158
6196
6197
6253
6310
6217
6103
6100
6017
6117
6093
6135
6176
6121
6084
6164
6026
6023
6003
5921
5932
5940
6060
6116
5984
5834
5908
5932
6046
6007
5994
6073
6095
6158
6218
6233
6285
6334
6286
6416
6337
6389
6336
6201
6265
6231
6264
6287
6304
6292
6359
6328
6335
6358
6481
6422
6504
6609
6462
6579
6595
6525
6570
6557
6573
6700
6692
6582
6667
6541
6590
6573
6601
6496
6531
6585
6728
6873
6954
6982
6867
6954
6988
6918
6836
6751
6742
6740
6881
6924
6936
7032
6929
6771
6611
6567
6610
6566
6594
6557
6622
6569
6501
6465
6347
6395
6451
6389
6201
6133
6130
6143
6221
6201
6260
6195
6221
6028
6044
6094
6007
6006
5975
5990
5967
5923
6002
6031
6024
5975
6084
6106
6236
6257
6096
6049
6029
5887
5849
5894
5852
5771
5833
5806
5808
5609
5607
5477
5635
5755
5738
5857
5922
5958
5947
6042
5982
5922
6053
6017
5892
5837
5823
5958
6056
5949
6018
5935
5889
5889
5919
5926
5972
5989
5990
5892
5848
5905
6008
5868
5865
5979
5949
5954
6024
6083
6148
6249
6300
6213
6266
6190
6254
6291
6140
6150
6047
6187
6172
6090
5983
6076
6127
6076
6125
6175
6103
6053
6014
6019
6136
6183
6028
5956
6061
6046
6007
6013
6009
6059
6064
5947
5933
5792
5786
5728
5766
5837
5826
5766
5788
5796
5706
5622
5640
5604
5645
5629
5584
5670
5690
5762
5763
5761
5803
5812
5821
5843
5842
5848
5957
6004
5998
5979
5938
5752
5778
5796
5679
5568
5548
5501
5600
5695
5629
5638
5697
5805
5897
5822
5790
5828
5777
5897
5738
5713
5716
5744
5763
5648
5582
5561
5473
5513
5576
5649
5605
5683
5633
5492
5579
5611
5635
5672
5712
5716
5827
5862
5926
5873
5877
5951
5909
5867
5852
5912
5866
5937
5895
5838
5857
5889
5860
5824
5813
5829
5893
5744
5725
5612
5565
5514
5401
5563
5621
5588
5591
5654
5653
5588
5598
5754
5790
5696
5604
5658
5639
5651
5448
5481
5506
5588
5621
5553
5597
5716
5765
5760
5846
5880
5877
5924
5996
6119
6139
6147
6053
6055
5976
6089
6154
6106
6069
6087
6072
6022
6009
5996
5745
5834
5896
5909
5976
5852
5784
5725
5709
5749
5685
5552
5540
5465
5325
5255
5303
5140
5020
5019
5089
5139
5149
5218
5226
5127
5166
5282
5393
5347
5322
5332
5163
5274
5270
5271
5211
5150
5057
5157
5173
5267
5281
5270
5417
5440
5233
5181
5139
5115
5197
5137
5069
5006
4884
4906
4938
5035
5007
4978
4975
5005
4933
4930
4926
4881
4823
4715
4782
4800
4756
4745
4850
4833
4834
4787
4929
4932
4813
4777
4711
4786
4817
4785
4826
4815
4761
4882
4945
4904
4989
5099
5208
5226
5234
5272
5293
5273
5310
5329
5331
5374
5479
5387
5411
5454
5477
5477
5443
5521
5562
5628
5538
5489
5551
5635
5699
5800
5674
5688
5719
5539
5522
5449
5388
5464
5491
5608
5654
5594
5677
5749
5799
5721
5751
5878
6042
6017
6038
6033
5986
5867
5645
5661
5668
5652
5668
5628
5644
5642
5646
5776
5749
5736
5770
5844
5668
5663
5589
5642
5638
5557
5601
5467
5400
5479
5425
5320
5315
5362
5256
5185
5257
5181
5177
5302
5226
5174
5189
5227
5264
5181
5168
5123
5163
5150
5083
4953
4970
5004
4885
5079
4981
4872
5019
4907
5104
5083
5158
5206
5320
5269
5282
5336
5375
5311
5502
5567
5755
5709
5773
5815
5764
5764
5662
5701
5672
5682
5680
5685
5676
5629
5658
5569
5586
5584
5602
5611
5666
5668
5714
5607
5623
5763
5793
5801
5797
5937
5898
5920
5959
6126
6191
6121
6050
6053
6006
5979
5929
6029
5975
6018
5914
5856
5817
5774
5869
5969
5887
5993
5856
5895
6007
6131
6192
6100
6336
6220
6073
5957
5941
5928
5951
5952
5837
5843
5779
5655
5675
5890
5945
5864
5979
5908
5906
5835
5844
5857
5956
5980
6009
5954
5946
5935
5985
6054
6121
6144
6219
6217
6209
6174
6202
6142
6133
6119
6210
6272
6458
6556
6441
6363
6391
6412
6382
6386
6359
6451
6471
6521
6596
6606
6612
6583
6587
6611
6533
6541
6530
6454
6460
6496
6389
6468
6394
6565
6605
6456
6503
6475
6502
6454
6441
6445
6394
6319
6285
6288
6437
6373
6367
6230
6157
6271
6254
6174
6069
6060
6075
6035
6103
6024
6115
6117
6119
6143
6203
6178
6079
6144
6183
6222
6192
6181
6191
6227
6166
6083
6033
6108
6111
5996
6082
6034
6050
5967
6180
6107
6180
6224
6318
6217
6180
6215
6124
6032
6071
6061
6038
6093
6162
6011
6059
6051
5957
5974
6105
6256
6172
6041
6017
6175
6189
6232
6275
6344
6240
6152
6138
6013
6034
6103
6241
6170
6080
6051
6000
5941
5869
5781
5820
5802
5776
5812
5794
5797
5745
5799
5816
5830
5842
5881
5924
5847
5843
5985
6080
6074
6145
6102
6008
5923
5862
5971
5969
5879
5740
5801
5686
5779
5646
5697
5727
5817
6009
6027
6021
5992
6023
6116
6005
5926
6044
6085
6089
6152
6228
6177
6203
6319
6325
6378
6336
6242
6163
6185
6257
6329
6239
6251
6222
6184
6223
6247
6231
6313
6303
6262
6316
6328
6313
6220
6217
6251
6288
6371
6336
6415
6272
6215
6322
6381
6338
6318
6322
6387
6448
6403
6396
6333
6264
6257
6152
6002
6010
6053
6101
6074
6172
6193
6232
6237
6196
6115
6112
