505000
200261
141873
111462
92418
79920
70265
63393
57190
52111
47879
44299
41293
38824
36906
35079
33031
31427
30062
28818
27675
26248
25048
24293
23573
23025
22275
21648
20924
20283
19673
19073
18638
18193
17919
17601
17294
17123
16663
16413
16121
15927
15791
15549
15274
14949
14625
14153
13885
13827
13615
13321
13127
12998
12891
12847
12782
12750
12442
12172
12129
11846
11669
11527
11243
10958
10769
10499
10513
10417
10234
10085
9957
9847
9728
9646
9568
9438
9350
9159
9153
8928
9003
9052
8855
8835
8827
8707
8743
8496
8447
8294
8376
8256
8060
7923
8001
7955
8067
8245
8154
8137
8237
8350
8293
8083
8004
8076
8003
7899
7989
7884
7735
7853
7873
7807
7710
7732
7665
7548
7535
7403
7182
7225
7182
7118
7170
7314
7394
7466
7497
7503
7400
7550
7521
7486
7389
7438
7459
7341
7297
7414
7366
7394
7439
7599
7621
7532
7514
7355
7310
7345
7394
7353
7277
7257
7169
7059
7037
7023
6991
7029
6986
7101
7224
7186
6934
7000
7068
7145
7216
7220
7049
7215
7268
7172
7206
7091
7079
7066
7047
7011
7047
6896
6962
7012
6938
6925
6920
6865
6894
6890
6900
7018
7092
7205
7151
7290
7403
7355
7446
7485
7439
7399
7306
7229
7166
7109
7164
7075
7086
6989
6852
6977
6844
6910
6824
6939
6815
6884
6917
6964
6868
6861
6788
6803
6825
6841
6813
6654
6417
6396
6454
6623
6719
6830
6813
6677
6701
6708
6632
6605
6589
6376
6376
6338
6380
6345
6331
6330
6387
6337
6352
6373
6389
6347
6329
6396
6483
6527
6726
6774
6794
6871
6748
6755
6696
6575
6467
6525
6547
6544
6450
6384
6406
6385
6242
6215
6176
6150
6223
6153
6264
6187
6090
6140
6077
5947
6111
5952
5914
5890
5936
6020
5962
5897
5935
6004
6101
6217
6062
6088
6152
6169
6204
6134
6132
6118
6061
6125
6060
6108
6006
6145
6192
6311
6261
6179
6165
6117
6107
5992
6077
6091
6082
6043
6090
6123
6032
6057
5997
5945
5904
6047
6039
5968
5926
5927
5848
5788
5688
5782
5822
5857
5937
5968
5996
5939
5887
5846
5888
5852
5708
5823
5663
5622
5659
5664
5644
5648
5615
5703
5640
5602
5641
5523
5632
5603
5651
5621
5715
5759
5610
5606
5562
5541
5487
5523
5553
5536
5583
5546
5571
5552
5569
5741
5862
5943
6038
6081
6047
6155
6139
6118
6192
6209
6248
6121
6141
6362
6373
6270
6262
6220
6169
6013
5868
5814
5844
5733
5715
5773
5705
5686
5644
5515
5541
5649
5636
5742
5730
5584
5503
5542
5476
5544
5599
5569
5470
5524
5611
5556
5645
5793
5652
5652
5466
5377
5347
5385
5316
5174
5211
5225
5189
5266
5291
5309
5190
5216
5331
5243
5269
5353
5267
5241
5188
5237
5175
5208
5152
5198
5220
5192
5027
4997
4890
4811
4847
5013
5030
5126
5153
5233
5191
5108
5124
5082
5022
5132
5062
5005
4872
4855
4991
5012
5061
5161
5210
5324
5339
5388
5347
5323
5246
5283
5195
5147
5273
5407
5402
5452
5586
5702
5737
5774
5953
5948
5918
5961
5994
5943
6016
5977
6024
6048
6072
5961
6049
6063
6101
6048
6036
6107
6205
6339
6232
6332
6388
6396
6377
6471
6375
6382
6329
6397
6322
6327
6340
6382
6352
6326
6358
6409
6524
6577
6646
6707
6614
6567
6474
6308
6249
6143
6024
6118
6188
6303
6324
6436
6499
6402
6432
6422
6414
6440
6356
6238
6221
6195
6101
6083
6132
6133
6051
5990
6010
5879
5986
5946
5968
6008
6067
6059
6034
6056
6058
5992
5988
6009
5957
5992
6071
5975
5890
5774
5678
5621
5724
5671
5660
5710
5686
5746
5593
5611
5563
5470
5497
5582
5656
5689
5757
5628
5539
5520
5568
5614
5628
5709
5645
5750
5679
5674
5561
5718
5789
5744
5700
5678
5706
5664
5606
5575
5592
5606
5704
5766
5861
5967
5956
5992
6096
6103
6009
6156
6132
6160
6267
6374
6329
6347
6341
6210
6344
6215
6125
6098
6162
6030
5970
5957
5902
6013
6113
6115
6025
6015
6055
5973
5945
5879
6011
5849
5856
6051
6032
5950
6063
6030
6029
5879
5835
5885
5891
5810
5711
5787
5868
5831
5860
5832
5817
5794
5781
5868
5857
5829
5820
5824
5878
5716
5738
5738
5825
5909
5848
5806
5840
5909
5891
5891
5977
6001
5990
5977
5932
5894
5812
5651
5543
5608
5644
5633
5603
5604
5615
5519
5485
5456
5474
5475
5458
5479
5520
5464
5522
5564
5628
5573
5579
5628
5678
5669
5708
5781
5760
5844
6000
6066
6132
6405
6386
6316
6323
6290
6342
6376
6282
6293
6149
6183
6150
6219
6081
6226
6173
6173
6236
6196
6282
6281
6332
6310
6222
6268
6233
6162
6185
6190
6237
6235
6339
6434
6368
6358
6450
6644
6846
6963
6960
6930
7029
6914
6887
6823
6820
6819
6728
6641
6644
6663
6684
6765
6710
6637
6505
6568
6655
6655
6698
6623
6489
6408
6337
6357
6375
6060
6075
6007
6069
6064
6070
5975
5892
5854
5839
5620
5568
5567
5635
5597
5485
5507
5517
5471
5375
5362
5286
5246
5244
5336
5334
5313
5355
5448
5454
5436
5492
5591
5578
5548
5570
5560
5615
5445
5475
5368
5287
5310
5341
5315
5251
5242
5388
5446
5435
5431
5462
5367
5404
5390
5448
5489
5499
5353
5281
5334
5507
5632
5581
5518
5475
5374
5409
5456
5541
5368
5235
5269
5101
5143
5117
5174
5185
5203
5278
5248
5352
5475
5450
5412
5436
5443
5467
5447
5441
5405
5540
5555
5447
5476
5598
5699
5633
5710
5768
5954
6032
6003
5985
5922
5997
6097
5931
5920
5945
5841
5713
5716
5690
5727
5867
5848
5719
5444
5484
5322
5385
5342
5366
5396
5419
5515
5538
5600
5644
5721
5893
6025
5905
5931
5845
5962
6018
6035
5930
5982
5980
5955
6020
6026
6005
5992
5975
5985
5960
5967
5913
5844
5803
5929
5928
5959
5950
5870
5799
5856
5793
5900
5828
5885
5844
5766
5716
5718
5722
5735
5730
5728
5646
5748
5674
5605
5561
5644
5711
5738
5693
5737
5722
5818
5872
5898
5885
5893
5913
5962
5969
5927
5887
5845
5958
5985
5972
5874
5841
5777
5798
5828
5826
5857
5849
5901
5855
5864
5918
5858
5843
5947
5976
5824
5856
5893
5786
5851
5813
5646
5704
5793
5865
5960
5853
5760
5821
5848
5945
5994
5911
5851
5883
5756
5854
5952
6057
6049
6102
6094
6067
6003
5991
6128
6278
6298
6332
6331
6414
6477
6428
6598
6484
6453
6324
6403
6414
6475
6527
6557
6595
6601
6607
6605
6617
6544
6355
6270
6245
6218
6264
6339
6449
6323
6361
6509
6366
6314
6376
6229
6265
6346
6390
6314
6324
6358
6401
6450
6451
6411
6580
6698
6678
6732
6700
6728
6814
6765
6695
6678
6658
6647
6760
6748
6795
6722
6700
6736
6660
6707
6639
6568
6639
6665
6703
6841
6648
6519
6454
6355
6326
6293
6116
6022
6063
6013
5986
6077
6014
6028
6002
6036
6025
5904
5932
5944
5986
5963
5818
5812
5889
5774
5727
5574
5632
5617
5686
5631
5712
5790
5724
5589
5682
5681
5719
5632
5662
5617
5794
5784
5714
5648
5667
5727
5689
5707
5768
5812
5703
5763
5720
5619
5741
5716
5513
5437
5454
5486
5445
5444
5500
5484
5444
5514
5511
5508
5611
5705
5551
5524
5575
5498
5526
5550
5550
5589
5629
5610
5572
5608
5827
5909
5885
6040
6031
6073
6176
6226
6155
6134
6102
6059
6075
5958
5917
5918
5883
5797
5755
5588
5578
5567
5547
5629
5507
5510
5457
5387
5406
5368
5338
5294
5361
5320
5257
5276
5267
5305
5288
5330
5379
5364
5374
5444
5394
5366
5344
5415
5425
5517
5517
5569
5666
5547
5512
5572
5626
5521
5575
5565
5628
5594
5683
5671
5690
5587
5569
5726
5697
5710
5723
5742
5839
5981
5913
5960
6058
6115
6124
6022
6094
6086
6061
5947
5969
6020
6211
6129
6167
6322
6347
6408
6400
6364
6431
6433
6416
6451
6503
6400
6245
6328
6361
6427
6330
6274
6187
6145
5954
5936
5845
5910
5957
6050
6034
6011
5831
5658
5662
5707
5806
5839
5893
5837
5773
5778
5872
5780
5868
5857
5877
5878
5823
5860
5961
5882
6014
6094
6151
6056
6022
6025
5927
5937
5923
5884
5878
6042
5959
5937
5786
5853
5832
5857
5968
6119
6094
6121
6068
5982
5914
5926
5813
5846
5816
5854
5956
5961
5933
5993
6063
6033
6054
6042
5982
6046
5964
6085
5985
6061
6094
6164
6165
6073
6199
6195
6172
6081
6016
6014
6011
6012
6010
5940
6061
6156
6057
6056
6063
6112
6131
5932
5919
5797
5805
5736
5602
5593
5568
5638
5656
5635
5581
5619
5583
5583
5573
5733
5791
5707
5779
5608
5604
5665
5775
5771
5864
5951
6010
5913
5835
5825
5869
5843
5861
5958
5839
5861
5801
5795
5930
5834
5720
5640
5772
5977
5921
5940
5957
5977
6021
6004
5954
6045
6071
6166
6085
6094
6195
6220
6093
6068
6014
5843
5738
5774
5728
5669
5651
5598
5473
5513
5642
5799
5888
5864
5919
5912
5844
5804
5705
5721
5807
5889
5818
5859
5969
6022
5986
5995
5996
5992
6033
5892
5819
5794
5766
5768
5971
6041
6009
6025
6036
6022
5970
5938
5896
5973
5941
5948
6002
5945
5962
5915
5937
5949
5873
5908
5850
5842
5933
5945
6063
6035
5997
6136
6213
6225
6157
6214
6198
6163
6275
6325
6422
6376
6321
6368
6453
6537
6595
6358
6511
6502
6577
6512
6599
6647
6551
6572
6604
6489
6572
6331
6235
6246
6225
6286
6428
6366
6467
6389
6407
6526
6579
6541
6397
6387
6326
6336
6395
6320
6258
6330
6293
6337
6280
6473
6500
6606
6672
6601
6694
6640
6756
6557
6608
6631
6489
6484
6422
6470
6521
6454
6341
6345
6161
6194
6045
6115
6075
6053
6024
5915
6072
5887
5975
5928
5953
5948
6066
5933
5934
6080
5932
5829
5904
5770
5849
5750
5858
5910
6021
6060
6075
6173
6231
6387
6299
6316
6179
6158
6185
6096
6128
6106
6023
6029
5879
5821
5783
5794
5920
5940
5871
5890
5997
6059
6022
6038
6168
6197
6200
6190
6212
6180
6093
5974
5856
5948
5818
5886
5832
5974
5928
5892
5990
5974
6077
5940
6021
5972
6048
5928
5803
5907
5975
5966
6018
5999
5925
5953
6025
6040
6085
6120
6056
6034
6013
5989
5924
5936
5955
5779
5752
5727
5732
5793
5815
5857
5799
5831
5786
5813
5805
5879
5904
5940
5868
5974
5913
6142
6158
6123
6250
6217
6195
6114
6146
6098
6127
6113
6027
6083
6050
6090
5985
5843
5804
5712
5718
5649
5584
5658
5607
5564
5664
5674
5670
5580
5639
5744
5744
5752
5837
5758
5766
5894
5658
5663
5711
5765
5837
5829
5839
5954
5998
5985
5980
5852
5878
5881
5912
6058
6151
6283
6079
5958
5962
5944
6011
5922
5972
6065
5924
5973
5860
5807
5944
5964
5979
6044
6088
6146
6172
6182
6041
6041
6146
6079
5923
5867
5896
5839
5907
5825
5870
5885
5818
5909
5740
5695
5613
5517
5528
5476
5508
5594
5594
5622
5685
5712
5597
5756
5718
5845
5685
5634
5461
5474
5470
5481
5310
5312
5288
5216
5285
5295
5238
5331
5343
5300
5307
5250
5195
5215
5221
5176
5163
5081
5047
5097
5151
5134
4986
4925
4839
4737
4755
4756
4724
4752
4813
4885
4831
4745
4778
4796
4835
4840
4777
4759
4816
4938
4894
4950
4939
4904
4926
4934
4949
4977
4974
4928
4886
4922
5058
4961
5004
4930
5057
5126
5163
5283
5322
5377
5471
5500
5441
5226
5282
5247
5341
5375
5371
5371
5320
5340
5313
5143
5115
5099
5168
5131
5090
5002
4946
4901
4846
4744
4824
4821
4902
4865
4899
4989
5069
4951
4981
4969
5003
4941
4893
4934
4992
4973
4995
5080
5096
5129
5140
5314
5235
5161
5209
5225
5247
5217
5196
5246
5388
5267
5416
5292
5303
5323
5333
5264
5280
5371
5417
5445
5481
5629
5534
5611
5661
5581
5485
5484
5531
5616
5614
5643
5537
5388
5239
5185
5132
5192
5225
5204
5226
5193
5249
5252
5292
5222
5263
5225
5090
5083
5190
5127
5029
5100
5085
5086
5096
5112
5153
5152
5271
5296
5296
5277
5317
5319
5329
5410
5451
5413
5404
5454
5419
5439
5432
5360
5259
5343
5384
5383
5477
5359
5396
5109
5117
5062
4970
4920
5014
4951
5002
5033
5223
5102
5166
5255
5066
5180
5206
5265
5236
5206
5294
5270
5177
5269
5333
5214
5300
5317
5337
5323
5339
5578
5658
5666
5662
5615
5601
5487
5588
5557
5509
5450
5405
5398
5401
5480
5433
5367
5393
5412
5428
5455
5526
5349
5284
5343
5352
5540
5693
5887
5949
5875
5948
5917
5949
5880
5907
6014
6072
6114
6139
6161
6200
6259
6093
6117
6162
6166
6208
6146
6101
6028
6112
6013
6098
5913
5964
5923
5827
5866
5880
5856
5783
5820
5953
5870
5920
5980
6146
6203
6272
6207
6171
6092
6078
6061
5987
6016
6004
5938
5970
5912
6076
6126
6068
6090
6185
6181
6179
6342
6348
6351
6369
6278
6326
6355
6209
6283
6224
6257
6286
6262
6344
6262
6276
6433
6373
6403
6435
6374
6416
6373
6403
6291
6340
6151
6202
6055
6068
6227
6191
6202
6122
6077
6173
6172
6160
6080
6196
6260
6288
6271
6293
6256
6256
6172
6092
6124
6109
6171
6379
6381
6460
6530
6553
6484
6493
6504
6524
6611
6426
6429
6450
6451
6419
6483
6542
6496
6459
6384
6452
6446
6419
6415
6380
6336
6170
6073
6179
6167
6072
6091
6016
6010
6070
6108
5997
5967
5966
5876
5782
5828
5868
5892
5886
5985
5912
5782
5759
5803
5819
5744
5946
5827
5886
5903
5889
5776
5757
5722
5647
5601
5623
5763
5752
5769
5724
5935
5913
5974
5963
5932
5955
5957
6087
6076
6011
6038
6058
5992
5963
5900
5930
5886
5787
5794
5896
5864
5931
5782
5839
5798
5876
5722
5735
5752
5766
5774
5679
5663
5733
5671
5736
5778
5708
5690
5510
5588
5659
5733
5724
5712
5583
5595
5593
5645
5776
5712
5824
5790
5832
5719
5775
5686
5708
5686
5741
5699
5689
5545
5672
5691
5535
5629
5709
5717
5665
5807
5817
5838
5761
5803
5679
5540
5509
5525
5701
5725
5839
5810
5796
5834
6008
6051
5967
6064
6080
6067
6050
6027
6059
5956
5943
5982
5919
5895
5874
6045
6119
6193
6130
6134
6092
6068
6058
6098
6093
5956
5937
5883
5992
5995
6062
6112
6044
6054
6142
6204
6137
6193
6162
6129
6156
6129
6195
6146
6249
6334
6328
6323
6462
6540
6399
6501
6427
6312
6425
6601
6569
6576
6448
6429
6480
6463
6448
6335
6401
6418
6422
6381
6299
6279
6243
6256
6437
6392
6298
6310
6259
6351
6416
6241
6231
6258
6324
6473
6525
6662
6668
6710
6832
6924
6810
6746
6565
6517
6575
6505
6555
6402
6391
6455
6493
6386
6287
6227
6221
6324
6383
6443
6381
6364
6457
6408
6399
6432
6470
6329
6426
6383
6456
6500
6457
6334
6295
6296
6275
6442
6411
6452
6445
6451
6443
6414
6421
6351
6343
6297
6261
6222
6206
6326
6319
6226
6193
6152
6206
6144
6016
5970
5859
5694
5686
5618
5592
5662
5645
5685
5628
5598
5612
5735
5791
5738
5711
5710
5672
5678
5651
5603
5439
5389
5405
5525
5615
5606
5684
5656
5623
5622
5566
5584
5543
5522
5566
5701
5763
5709
5681
5722
5617
5658
5578
5533
5574
5530
5600
5479
5468
5449
5418
5307
5223
5289
5373
5426
5482
5454
5487
5380
5461
5484
5399
5275
5220
5354
5485
5523
5545
5657
5622
5605
5556
5695
5718
5675
5717
5682
5728
5718
5831
5925
5959
5896
5814
5792
5920
5835
5877
5778
5647
5783
5612
5718
5673
5828
5794
5784
5792
5684
5710
5623
5638
5625
5719
5682
5671
5718
5709
5737
5777
5677
5650
5545
5665
5747
5916
5895
5904
6044
5989
6041
6267
6293
6289
6241
6088
6074
5874
5863
5929
5937
5934
5960
5873
5797
5675
5684
5711
5785
5827
5783
5884
5760
5770
5790
5782
5798
5829
5691
5693
5779
5725
5876
5770
5732
5690
5805
5856
5994
6044
5852
5795
5692
5649
5624
5656
5667
5695
5609
5653
5813
5817
5856
5628
5589
5706
5772
5725
5736
5723
5720
5836
5864
5863
5786
5976
5980
5967
6070
5928
5857
5874
5836
5739
5757
5831
5815
5888
5851
5818
5789
5750
5858
5822
5772
5794
5717
5683
5700
5820
5740
5666
5806
5712
5711
5657
5728
5722
5720
5609
5604
5765
5854
5882
5905
5895
5713
5623
5700
5847
5899
5989
5860
5853
5947
5985
5914
5794
5789
5865
5727
5687
5765
5752
5732
5679
5683
5596
5757
5746
5617
5703
5663
5727
5825
5948
5994
5954
6034
6073
6106
6154
6109
6090
6077
6155
6192
6172
6196
6165
6074
6137
6190
6265
6273
6270
6308
6316
6265
6144
6037
6076
6193
6326
6375
6286
6395
6537
6485
6408
6398
6235
6160
6250
6379
6213
6152
6166
6230
6334
6272
6259
6331
6319
6278
6158
6243
6130
6181
6216
6330
6255
6301
6244
6299
6289
6327
6267
6322
6429
6349
6174
6254
6123
6085
6065
5975
5759
5865
5935
5947
5929
6012
5981
5965
6011
6126
6180
6238
6346
6362
6242
6102
6006
5979
6052
6070
6203
6339
6336
6359
6360
6385
6415
6356
6331
6214
6335
6331
6331
6260
6378
6411
6425
6475
6319
6227
6220
6287
6237
6141
6114
6117
6114
6129
6135
6111
6090
5931
5820
5805
5807
5873
5896
5855
5929
5895
5912
5959
6007
5899
5814
5915
5955
5984
5978
6081
6068
6072
6157
6157
6184
6329
6369
6486
6502
6722
6613
6588
6587
6683
6609
6507
6386
6271
6212
6267
6245
6352
6569
6591
6594
6680
6598
6505
6562
6703
6755
6641
6630
6740
6755
6591
6511
6458
6386
6369
6434
6616
6532
6510
6413
6390
6404
6226
6104
6061
6044
6028
6069
6133
6251
6162
6450
6358
6257
6145
6227
6161
6018
6079
5933
5984
6004
6023
5979
6088
6038
6002
5981
5963
6053
5915
5821
5788
5683
5549
5557
5607
5562
5583
5587
5580
5571
5671
5666
5714
5739
5818
5781
5794
5856
5790
5507
5492
5586
5766
5561
5583
5560
5684
5656
5638
5535
5555
5611
5571
5511
5426
5465
5491
5517
5576
5523
5588
5496
5558
5610
5597
5379
5238
5269
5197
5122
5084
5094
5117
5116
5158
5153
5123
5052
4988
5048
4988
4916
4984
4897
4928
4980
4996
5041
4932
4862
4849
4869
5054
4986
5081
5096
4951
5013
5030
5123
5042
5196
5259
5285
5249
5298
5396
5414
5551
5645
5752
5773
5670
5881
6087
6016
6143
6214
5972
5849
5823
5751
5733
5613
5496
5520
5539
5432
5382
5364
5250
5342
5366
5402
5403
5363
5438
5469
5480
5550
5528
5447
5324
5385
5398
5454
5437
5406
5412
5522
5414
5406
5422
5375
5526
5519
5521
5411
5461
5525
5519
5536
5665
5573
5646
5566
5505
5577
5523
5555
5404
5349
5463
5436
5260
5281
5170
5166
5075
5001
5070
4931
4961
4967
4960
4946
5045
5091
5055
5046
5021
5057
5111
5245
5314
5343
5360
5322
5225
5178
5271
5261
5291
5203
5210
5357
5345
5327
5293
5255
5244
5354
5358
5462
5420
5379
5490
5490
5567
5495
5454
5409
5524
5424
5519
5356
5397
5528
5549
5556
5502
5578
5466
5513
5430
5408
5452
5419
5423
5439
5475
5557
5521
5474
5532
5465
5315
5324
5271
5200
5101
5082
5197
5183
5196
5091
5112
5190
5129
5022
5055
5102
5213
5269
5277
5398
5420
5527
5597
5396
5520
5468
5541
5543
5510
5586
5719
5663
5791
5946
6006
5974
5893
5906
5902
5922
5891
5952
5827
5751
5735
5832
5945
5960
6004
5990
6080
6006
6003
6032
6090
6104
6129
6260
6074
6187
6190
6114
6067
6038
6132
6214
6173
6103
6115
6116
6158
6183
6303
6201
6202
6194
6269
6078
6169
6176
6205
6260
6368
6461
6518
6494
6556
6476
6424
6443
6516
6338
6162
6199
6309
6457
6522
6505
6533
6559
6547
6362
6304
6284
6412
6412
6531
6495
6418
6473
6441
6373
6526
6437
6346
6366
6303
6084
5995
5905
6018
5905
6021
6044
6068
6104
6109
6054
6209
6203
6135
6215
6284
6256
6217
6283
6231
6117
6116
6183
6118
6136
6079
6219
6016
5934
5893
5863
5931
5838
5840
6005
5942
5992
5898
5897
6065
6109
6175
6190
6326
6210
6245
6208
6431
6511
6578
6531
6567
6483
6489
6446
6507
6384
6257
6242
6235
6228
6211
6177
6040
6040
6152
6284
6374
6301
6322
6393
6300
6354
6528
6527
6714
6635
6612
6640
6606
6495
6524
6472
6602
6528
6561
6799
6736
6753
6867
6878
6967
6924
6818
6950
7003
7056
7075
6963
6894
6897
6827
6842
6866
6764
6715
6692
6772
6797
6830
6729
6703
6632
6609
6597
6503
6490
6458
6328
6257
6075
6026
5999
6079
6054
6037
5978
5877
5865
5842
5877
5810
5792
5817
5932
5985
6055
6118
6140
6145
6166
6082
5945
5898
5958
5898
5863
5852
5881
5971
5902
5836
6076
6103
6090
5939
5942
6019
6173
6134
6026
6084
6138
6175
6166
6118
6160
6302
6327
6370
6401
6477
6445
6374
6352
6398
6372
6337
6328
6289
6328
6328
6226
6049
6058
6063
6038
5984
6037
6009
6157
6017
5980
5952
5939
5836
5854
5915
5882
5812
5751
5771
5673
5703
5668
5693
5700
5773
5897
5875
5906
5937
5957
5945
5900
5948
5990
6016
5955
5846
5836
5803
5671
5798
5698
5781
5775
5695
5824
5762
5761
5576
5549
5544
5501
5524
5569
5410
5318
5346
5357
5386
5587
5574
5498
5543
5500
5553
5604
5396
5297
5268
5326
5485
5414
5452
5373
5432
5462
5476
5475
5592
5781
5761
5817
5818
5762
5771
5835
5839
5844
5711
5740
5590
5503
5405
5418
5404
5485
5405
5420
5437
5384
5439
5498
5523
5697
5592
5659
5684
5644
5716
5714
5636
5729
5646
5745
5829
5749
5800
5680
5744
5651
5754
5699
5720
5695
5653
5664
5675
5670
5742
5798
5788
5658
5663
5502
5520
5538
5564
5510
5580
5619
5583
5459
5515
5603
5542
5525
5647
5634
5640
5654
5608
5628
5778
5770
5737
5778
5621
5580
5554
5550
5576
5584
5623
5586
5552
5673
5655
5655
5668
5576
5588
5612
5544
5648
5547
5556
5536
5464
5505
5616
5603
5585
5661
5684
5589
5705
5751
5802
5688
5730
5614
5650
5664
5672
5699
5590
5552
5468
5493
5491
5382
5339
5405
5439
5374
5387
5242
5248
5206
5226
5091
5092
4995
4973
4892
4870
4929
4840
4906
4921
4959
4962
4940
4845
4916
4912
4886
4948
4996
5063
5126
5129
5071
5022
5063
5138
5218
5297
5311
5445
5447
5573
5542
5607
5735
5768
5856
5862
5901
5948
5926
5967
6000
5846
5933
6069
5938
5871
5857
5863
5844
5797
5788
5759
5638
5527
5446
5337
5434
5500
5493
5438
5495
5511
5534
5570
5515
5507
5563
5651
5478
5348
5451
5430
5478
5386
5482
5475
5421
5451
5491
5603
5588
5434
5366
5342
5405
5333
5422
5440
5530
5574
5561
5559
5582
5496
5490
5504
5644
5746
5745
5783
5805
5863
5826
5677
5832
5808
5880
5996
6173
6138
6202
6152
6174
6172
6099
6017
6010
5962
5933
6058
6086
6154
6135
6073
6052
6111
6131
6189
6216
6107
6027
5959
5906
5810
5518
5396
5467
5491
5558
5446
5372
5489
5565
5497
5467
5411
5395
5391
5329
5420
5430
5342
5230
5329
5250
5339
5442
5488
5434
5358
5294
5233
5237
5260
5210
5355
5367
5309
5232
5224
5094
5211
5245
5108
5061
5148
5221
5180
5185
5217
5071
5128
5196
5063
5056
5144
5138
5186
5198
5182
5162
5248
5311
5286
5271
5443
5438
5400
5437
5529
5596
5540
5587
5652
5583
5601
5567
5493
5507
5583
5504
5557
5483
5521
5401
5349
5287
5193
5158
5227
5326
5278
5259
5166
5256
5277
5175
5138
5178
5176
5243
5197
5127
5070
5098
5102
5113
5195
5168
5191
5281
5370
5367
5319
5369
5442
5345
5358
5201
5124
5166
5145
5146
5211
5254
5278
5298
5377
5414
5373
5347
5336
5206
5194
5207
5133
5120
5099
4944
4961
4932
4889
4877
4979
4902
5019
5073
5036
5056
5076
5119
5225
5223
5161
5158
5125
5077
5078
5163
5125
5053
5002
5030
4887
4863
5045
5075
5074
4955
4934
4771
4859
4719
4638
4642
4722
4803
4922
4895
4796
4698
4719
4788
4714
4602
4621
4683
4761
4795
4834
4830
4749
4697
4943
5019
4938
4930
4827
4953
4924
4917
4997
4972
4899
4908
4927
4971
4943
4950
4993
4790
4764
4842
4880
4909
4975
4889
4927
4815
4824
4804
4937
4854
4959
5045
4991
5064
5045
5133
5184
5161
5278
5249
5179
5243
5192
5129
5066
5156
5086
5003
5155
5219
5256
5303
5339
5179
5106
5095
5108
5253
5249
5195
5202
5248
5314
5342
5379
5385
5387
5330
5371
5388
5364
5242
5320
5319
5206
5286
5211
5243
5316
5132
5186
5228
5220
5349
5357
5365
5262
5222
5213
5114
5101
5019
5026
4959
5030
4930
4849
4900
4904
4938
4933
5050
5075
5021
5049
5034
5072
5144
5287
5251
5189
5175
5083
5175
5158
5121
5239
5199
5263
5269
5391
5517
5694
5789
5519
5546
5587
5596
5578
5624
5649
5596
5562
5592
5492
5333
5328
5160
5123
5183
5161
5242
5149
5252
5179
5095
5174
5148
5192
5117
5147
5020
4987
4993
5066
5074
5161
5220
5274
5301
5227
5258
5247
5166
5159
5198
5251
5185
5235
5201
5236
5192
5121
5109
5071
5130
5308
5345
5398
5314
5344
5504
5588
5456
5547
5478
5404
5447
5406
5431
5401
5389
5376
5424
5482
5445
5520
5522
5684
5694
5820
5736
5941
5879
5825
5725
5747
5719
5807
5727
5741
5773
5607
5555
5660
5689
5626
5636
5652
5597
5602
5561
5538
5567
5642
5623
5648
5591
5707
5541
5529
5549
5560
5626
5544
5594
5532
5403
5306
5272
5299
5316
5373
5456
5488
5496
5586
5570
5539
5635
5825
5843
5938
6008
6013
5994
5949
5947
5996
5825
5840
5839
5764
5811
5726
5699
5664
5622
5669
5635
5601
5551
5534
5604
5634
5582
5559
5452
5393
5419
5449
5456
5429
5529
5569
5572
5527
5417
5437
5299
5294
5242
5266
5231
5383
5455
5534
5519
5493
5501
5610
5420
5464
5453
5533
5551
5442
5512
5461
5486
5496
5454
5500
5263
5135
5226
5166
5153
5140
5223
5326
5426
5474
5525
5436
5386
5399
5431
5332
5293
5240
5109
5167
5138
5184
5158
5271
5233
5287
5334
5367
5327
5248
5344
5260
5267
5318
5413
5469
5357
5341
5327
5351
5389
5494
5578
5570
5597
5614
5518
5528
5565
5554
5467
5511
5369
5377
5472
5353
5277
5336
5344
5448
5401
5350
5227
5231
5275
5201
5185
5035
5152
5135
5186
5200
5283
5322
5133
5097
5084
5076
5211
5283
5321
5297
5281
5333
5362
5354
5344
5414
5291
5271
5335
5366
5267
5287
5201
5159
5149
5082
5091
4992
4930
4944
4928
4931
4990
4933
4865
4852
4867
4852
4880
4912
4772
4810
4872
4859
4941
4916
4964
5040
4967
4987
4971
5067
5099
5123
5051
5095
5122
5206
5251
5242
5222
5293
5346
5340
5269
5294
5221
5094
5206
5166
5094
5174
5165
5258
5278
5208
5248
5163
5137
5211
5084
5188
5251
5205
5283
5368
5349
5322
5274
5272
5282
5259
5331
5338
5310
5318
5297
5305
5410
5476
5421
5396
5457
5776
5811
5833
5759
5771
5760
5736
5851
5872
5963
5874
5849
5877
5819
5888
5755
5843
5875
5847
5921
5952
5982
6016
6020
6057
6035
6056
6185
6285
6282
6403
6393
6530
6458
6489
6513
6518
6555
6696
6556
6624
6694
6642
6554
6640
6700
6720
6697
6598
6621
6524
6419
6455
6475
6479
6507
6465
6400
6368
6302
6297
6270
6377
6280
6194
6164
6101
6015
5884
5897
5934
5987
5985
6016
5997
6036
6011
6103
6004
6115
6200
6321
6394
6469
6450
6445
6466
6381
6564
6463
6407
6357
6409
6256
6216
6260
6387
6469
6561
6609
6530
6559
6630
6565
6729
6743
6677
6711
6749
6752
6714
6583
6542
6563
6655
6627
6531
6447
6507
6484
6544
6469
6430
6490
6557
6611
6797
6833
6815
6874
6804
6766
6812
6889
6711
6755
6722
6741
6839
6949
6916
6826
6946
7054
7008
6968
7009
6846
6966
7037
7014
6962
7006
7025
7114
7168
7196
7266
7294
7181
7194
7319
7376
7542
7651
7642
7453
7422
7326
7247
7268
7400
7424
7450
7588
7459
7422
7428
7456
7319
7284
7168
7067
7027
7076
7098
7130
7155
7234
7221
7161
7112
7154
7186
7050
7039
6831
6614
6599
6548
6539
6546
6442
6418
6548
6560
6789
6654
6480
6416
6493
6424
6351
6267
6151
6109
6013
6086
6087
6079
6082
6095
6041
6118
6115
6067
5948
5878
5966
5972
5836
5843
5935
5982
5996
6144
6108
6056
6036
6205
6113
6069
6063
6060
6125
6091
6250
6068
5943
5879
5942
5868
5830
5802
5751
5792
5787
5806
5930
5968
5880
5811
5842
5844
6024
5931
5855
5881
5890
5833
5938
6047
6115
6341
6249
6221
6350
6273
6447
6467
6458
6384
6471
6588
6616
6721
6593
6638
6582
6663
6737
6818
6859
7037
7264
7364
7302
7315
7256
7248
7282
7343
7361
7097
6921
6997
7130
7142
7065
6908
6946
6803
6804
6826
6812
6818
6837
6814
6872
6773
6721
6641
6602
6579
6517
6410
6364
6381
6151
6232
6369
6216
6171
6221
6222
6229
6254
6274
6254
6262
6138
6245
6255
6326
6344
6340
6258
6215
6111
6062
6237
6160
6080
6039
6099
6005
6058
6041
6189
6337
6277
6518
6566
6640
6794
6772
6680
6721
6681
6663
6575
6557
6560
6591
6571
6486
6536
6484
6621
6505
6529
6609
6547
6648
6665
6578
6585
6645
6649
6535
6530
6621
6545
6640
6704
6658
6696
6811
6652
6589
6542
6545
6587
6533
6548
6376
6311
6357
6255
6165
6349
6327
6310
6271
6137
6218
6266
6337
6329
6309
6370
6276
6123
6087
6145
6210
6025
5890
5951
6085
6006
5965
5917
5929
5867
5894
5901
5933
5940
5922
5830
5921
5892
5980
5955
5839
5820
5890
5843
5736
5685
5546
5607
5750
5796
5752
5752
5635
5557
5578
5511
5428
5394
5445
5488
5590
5549
5439
5419
5301
5229
5216
5167
5012
4936
