100
100
100
100
98
99
99
98
99
96
98
98
98
97
97
97
96
95
96
98
96
98
97
97
98
98
97
98
99
97
97
98
98
97
96
98
98
97
97
97
98
96
97
96
97
97
94
96
95
94
94
93
97
97
96
94
96
95
95
92
93
94
93
92
93
94
94
94
95
92
96
94
93
96
94
97
96
99
95
95
92
90
91
93
93
89
91
89
92
90
91
87
91
93
89
89
88
91
90
90
91
92
90
93
87
90
90
90
94
95
89
90
88
92
94
93
90
90
86
87
87
88
84
87
90
87
86
89
91
87
91
90
89
91
88
88
88
90
90
90
90
90
86
87
87
87
90
84
88
86
86
86
87
84
89
86
89
88
93
89
91
92
96
95
91
95
90
93
87
89
91
89
86
86
87
89
90
88
87
91
85
87
87
88
86
88
87
90
90
89
89
88
86
85
88
85
83
83
82
86
82
81
82
85
82
85
89
89
84
82
84
77
82
84
85
85
85
83
86
86
87
83
80
85
85
80
85
82
86
90
85
84
87
84
82
80
83
84
85
83
84
83
85
83
87
79
84
88
87
84
82
82
84
88
86
84
82
86
80
89
89
85
85
85
86
88
87
86
84
85
87
83
87
77
83
82
80
74
75
76
74
77
78
78
77
80
78
76
75
76
80
77
77
81
77
75
73
77
79
77
81
76
80
81
79
77
78
79
80
84
83
82
79
75
83
82
80
82
80
77
82
77
77
76
76
75
72
71
78
73
74
74
77
79
78
77
79
74
76
72
77
76
77
74
78
80
79
77
75
82
76
75
72
71
74
74
71
70
72
71
72
73
71
77
72
73
70
71
70
68
72
74
73
74
73
71
73
75
74
71
75
71
72
73
71
75
73
70
76
75
71
73
72
74
73
73
69
66
68
69
75
72
71
75
74
78
78
80
77
76
73
74
74
76
75
73
68
72
69
74
75
70
69
77
78
69
75
72
77
71
74
77
72
75
70
69
70
82
73
76
79
74
66
66
66
74
70
68
70
68
68
70
68
75
68
73
68
73
74
72
75
70
69
72
70
72
75
70
73
73
65
68
64
66
68
78
71
74
69
65
68
70
70
66
68
64
59
61
61
66
70
69
67
70
67
70
67
65
65
67
64
67
66
68
67
69
69
63
67
71
77
66
69
69
71
70
74
69
67
65
71
68
70
71
76
73
75
77
69
71
71
70
71
64
61
63
63
63
66
64
66
64
66
63
65
64
63
59
67
66
65
71
67
62
65
68
66
69
70
67
67
68
65
68
75
67
68
67
65
62
65
69
64
67
66
61
62
62
69
60
65
61
62
59
62
61
58
61
59
58
58
57
59
59
57
60
64
61
58
56
57
57
65
63
59
58
56
58
55
57
60
63
64
56
56
58
55
57
56
60
59
56
64
57
59
59
59
59
61
60
61
59
56
58
56
58
59
66
63
56
60
66
65
68
62
61
59
65
61
59
57
60
57
59
58
54
57
61
60
66
66
71
67
67
64
70
65
65
63
67
65
63
65
61
62
62
71
70
70
62
58
55
64
61
59
62
61
63
61
61
57
63
60
58
56
64
56
63
64
68
61
59
66
64
67
64
70
64
66
58
63
60
60
60
65
64
63
64
61
59
63
68
63
70
67
66
63
63
55
59
63
61
60
64
62
63
60
60
61
62
60
56
63
56
59
59
56
61
51
55
58
54
59
65
56
60
55
53
60
55
50
59
58
59
59
64
57
60
58
61
55
62
59
57
59
56
60
61
63
61
55
61
60
57
55
57
50
53
55
54
55
60
56
55
54
55
55
52
58
55
57
55
55
53
55
55
57
63
62
56
52
52
59
56
54
51
56
54
51
54
52
57
58
54
55
57
60
57
54
50
52
54
52
58
53
53
48
52
57
58
52
55
53
58
57
63
57
55
60
55
55
61
56
59
58
55
53
61
56
55
56
55
51
54
53
55
55
53
56
59
62
57
60
61
71
66
66
62
59
54
49
52
56
55
57
50
54
53
53
55
58
54
55
52
51
52
57
57
60
57
59
54
63
64
56
60
56
57
62
66
67
65
58
62
62
65
55
61
64
61
61
62
69
60
60
59
58
55
55
53
57
60
53
54
56
56
53
54
55
54
55
58
57
54
53
53
57
51
53
57
54
54
58
58
59
63
63
64
64
60
56
54
54
57
56
54
56
60
60
59
58
57
55
50
53
54
61
58
53
60
56
56
55
59
52
55
57
55
53
49
49
57
49
53
54
55
55
57
57
51
55
55
55
63
59
57
53
56
61
53
52
52
53
55
52
48
52
49
46
50
51
48
50
50
51
53
53
54
57
57
55
56
57
53
55
54
55
49
54
49
45
48
47
49
48
54
53
53
51
45
47
48
43
47
53
51
50
49
50
51
52
53
53
56
59
55
47
50
48
47
53
51
50
55
51
47
49
52
48
48
49
48
56
56
58
50
52
52
53
48
48
49
55
49
45
54
44
46
47
45
48
42
43
43
44
43
46
46
43
42
46
40
41
43
45
48
54
50
44
45
46
50
47
50
46
46
47
46
42
45
45
45
38
45
43
41
41
45
47
45
47
56
47
48
52
59
55
52
49
41
43
44
43
45
48
47
39
40
41
46
45
44
50
44
48
42
44
41
42
43
44
38
43
41
40
40
45
53
47
43
50
56
50
47
44
43
45
43
45
47
43
42
40
40
43
46
46
50
47
45
47
43
45
48
41
41
43
42
42
42
37
40
40
36
37
37
35
36
38
38
40
40
48
46
46
44
48
39
45
39
45
42
40
37
42
42
45
40
39
40
42
41
42
42
42
37
38
44
48
42
38
40
42
41
46
48
49
46
40
39
40
42
48
47
44
50
46
46
43
41
47
54
54
50
53
48
52
49
50
51
48
52
54
53
54
54
49
45
49
49
49
45
46
43
43
40
43
36
47
43
40
46
48
49
52
41
46
47
46
48
43
47
50
48
47
49
47
47
44
46
50
40
48
47
44
43
46
43
36
45
51
50
46
48
43
48
52
41
47
45
44
45
45
52
49
41
48
48
48
47
50
53
48
41
46
49
39
36
41
35
38
37
38
41
41
45
38
41
37
43
45
43
37
37
40
45
39
42
41
43
39
40
35
40
42
44
41
38
44
45
45
38
41
42
37
38
34
36
37
42
40
35
38
38
45
45
49
44
42
42
41
41
36
40
44
41
43
48
40
41
43
45
45
42
44
45
47
43
37
40
35
37
36
41
39
40
43
46
50
44
42
45
44
48
45
49
40
45
48
49
46
43
49
42
39
40
42
43
42
43
44
45
37
40
37
35
35
37
39
40
35
38
37
35
34
37
34
36
40
44
37
49
48
49
43
49
48
48
47
47
47
46
45
37
37
39
38
40
41
43
39
46
35
42
47
42
45
46
45
46
50
48
43
41
43
36
42
38
41
42
35
40
40
38
36
35
33
31
38
33
34
39
36
34
34
32
38
31
35
37
36
39
35
39
38
41
37
39
37
40
39
44
41
42
43
40
36
39
37
46
38
36
33
35
32
37
40
32
32
34
36
37
39
43
39
35
33
35
29
29
36
36
39
39
43
41
43
46
40
39
38
41
42
40
47
41
48
46
46
40
39
37
42
35
38
43
36
35
36
38
38
35
32
32
31
34
35
29
28
32
29
28
28
29
29
34
35
36
37
32
36
33
36
43
46
34
35
35
36
39
33
34
32
30
34
38
31
34
33
39
36
35
42
41
45
37
38
37
38
35
41
45
42
37
38
39
42
38
33
38
38
40
42
40
34
40
38
39
38
39
36
27
29
36
31
33
34
27
26
29
27
31
35
39
35
36
33
35
35
27
31
31
38
37
34
36
38
41
40
34
36
36
43
42
38
40
44
40
38
37
41
34
39
36
30
38
33
33
34
31
32
25
30
30
27
30
31
32
33
32
36
37
30
28
28
29
26
27
23
27
27
26
28
24
30
27
26
29
23
25
28
29
27
28
27
27
28
29
32
32
33
29
37
35
31
28
27
29
31
29
29
33
33
32
30
38
33
26
25
34
35
30
28
30
27
25
26
24
22
22
28
28
28
30
32
36
32
32
31
36
34
33
34
37
38
42
40
38
33
37
44
37
40
37
39
36
30
27
28
38
34
33
37
31
35
37
38
31
32
32
28
32
36
34
36
30
33
31
38
31
38
39
27
28
33
31
27
27
27
36
28
31
30
34
31
36
36
37
37
35
41
40
41
38
34
41
42
33
38
37
31
32
31
32
33
32
26
27
31
28
29
27
25
28
28
31
29
30
30
32
33
37
34
31
32
35
33
34
31
35
29
26
32
25
28
29
26
29
29
24
20
22
24
25
23
25
29
27
30
30
25
28
28
28
24
25
25
23
22
23
19
23
24
21
19
21
18
21
24
31
31
24
25
28
30
26
33
31
33
30
29
26
28
27
29
29
25
28
30
31
25
25
25
27
27
29
24
28
27
30
35
35
31
31
35
40
34
40
40
36
40
40
34
32
31
30
38
35
31
31
37
36
33
37
32
30
31
27
30
26
25
28
27
32
30
23
26
25
27
32
27
34
37
37
35
35
33
28
30
25
29
24
26
31
28
22
25
26
24
24
21
28
22
25
25
29
38
33
37
32
35
35
35
38
41
41
36
34
40
36
38
43
38
39
38
36
35
37
35
33
40
40
37
35
35
38
35
36
37
35
31
33
37
36
35
30
28
34
33
29
32
26
27
30
34
33
35
32
31
32
29
31
35
32
27
33
31
34
31
32
37
32
37
30
36
38
35
38
35
35
31
35
30
30
30
37
37
37
35
35
42
41
39
36
38
45
37
43
41
44
37
37
37
34
30
29
31
34
34
35
40
34
39
36
31
30
36
33
26
31
27
27
28
31
31
32
29
31
30
32
28
31
29
31
27
25
27
30
30
29
29
33
28
28
32
30
30
32
31
31
37
36
35
36
33
29
35
40
29
32
32
34
33
34
30
29
34
29
29
35
29
34
30
27
24
32
25
20
22
25
21
23
25
28
32
30
29
29
33
30
29
29
28
25
24
26
24
26
26
25
24
26
21
22
19
20
18
20
20
24
23
24
24
24
24
21
21
26
27
23
27
30
26
27
32
31
29
29
28
28
26
28
30
29
31
29
27
28
26
27
28
32
31
26
26
29
29
28
28
23
25
25
27
26
28
24
28
30
31
33
32
31
33
37
29
36
32
38
37
40
37
32
34
34
36
34
35
28
32
35
36
26
28
26
26
27
32
31
29
29
28
28
29
31
34
30
31
32
33
33
32
33
32
35
28
34
25
23
25
26
30
28
25
30
31
34
33
33
38
30
34
36
35
32
30
30
33
31
32
33
23
24
23
24
28
26
26
28
24
25
29
30
32
29
26
27
27
27
23
24
24
24
20
24
26
24
24
26
31
26
28
27
27
22
20
21
20
21
24
24
27
23
24
23
21
20
18
16
17
19
20
21
21
24
26
28
29
30
28
25
25
28
28
28
30
32
32
26
33
33
33
36
31
29
31
25
29
26
28
36
28
28
26
31
25
29
31
33
36
32
34
35
30
28
25
21
22
22
27
31
30
30
29
33
34
30
26
28
31
30
27
23
22
26
28
28
27
27
24
25
18
21
23
21
19
23
20
19
19
20
20
22
24
23
18
24
26
28
30
26
26
28
30
33
32
25
30
24
24
27
22
26
28
21
24
20
20
18
15
15
18
20
19
20
21
18
17
21
23
20
18
16
20
21
17
21
21
20
18
15
20
23
23
20
20
24
20
26
27
29
27
31
30
35
32
36
36
33
26
21
23
18
24
25
24
27
28
24
25
25
25
31
29
31
32
29
27
33
28
33
31
31
34
29
30
28
33
28
33
38
34
34
38
35
36
33
29
29
25
28
26
22
27
27
30
27
27
31
30
30
26
25
31
29
30
28
26
25
22
17
21
22
19
22
29
28
22
19
19
22
21
21
22
21
23
18
18
15
13
14
14
17
12
14
15
16
18
18
13
12
18
17
14
17
19
19
19
17
18
18
20
17
14
17
18
17
22
21
20
20
22
24
22
19
22
19
22
24
20
19
18
15
17
16
18
12
9
10
14
17
16
12
15
16
15
14
11
12
10
11
11
13
13
13
16
12
14
14
16
17
13
14
11
9
9
10
14
15
14
14
19
20
19
19
16
17
16
18
13
15
17
14
15
19
12
11
10
11
11
13
12
14
15
14
11
10
9
10
10
12
10
8
12
14
13
9
11
10
11
10
11
9
12
8
11
12
11
13
12
13
11
10
10
14
14
18
21
20
13
16
19
19
19
17
16
15
14
16
15
13
13
13
13
17
17
14
17
18
16
19
18
16
16
18
18
20
20
18
17
16
17
17
15
17
18
18
19
21
21
19
20
22
22
16
15
17
19
13
19
11
12
8
9
9
6
6
7
7
9
10
13
10
12
13
10
10
10
11
9
12
14
12
12
14
13
16
16
16
12
11
15
17
19
17
15
17
18
19
17
15
15
17
14
20
18
15
14
21
15
15
16
13
13
16
19
14
15
9
10
11
10
10
11
8
12
11
13
14
14
15
17
16
17
15
15
18
15
16
20
15
15
13
11
12
12
12
13
16
14
16
15
12
13
13
14
14
15
14
14
14
12
14
11
11
13
10
12
11
9
9
9
10
8
8
10
9
14
13
13
11
10
12
12
14
14
13
12
8
12
8
8
10
6
6
8
8
7
7
8
7
8
8
9
12
10
12
10
8
9
8
8
9
7
9
9
7
7
8
9
10
11
13
13
9
8
9
10
11
12
13
11
12
9
9
9
9
10
7
8
10
12
9
11
12
10
15
12
9
11
9
10
10
12
13
10
10
10
12
12
12
14
11
14
9
11
8
9
7
9
8
8
6
8
8
10
6
6
8
8
8
8
8
8
8
8
9
8
5
5
7
8
7
7
7
8
7
8
8
7
7
10
11
8
8
7
9
9
7
9
7
10
8
11
10
11
10
8
13
11
11
8
8
8
9
6
6
5
6
4
4
3
4
3
4
5
3
4
5
4
4
4
4
5
6
3
5
5
5
4
5
4
6
7
6
5
4
4
6
6
4
4
4
4
6
6
8
9
9
8
10
9
10
8
7
5
4
5
4
4
5
5
7
8
6
5
6
8
7
5
8
8
9
8
9
6
7
9
6
9
6
6
6
7
6
6
8
7
11
10
8
9
9
7
7
9
7
9
8
7
5
4
4
4
4
4
4
6
7
5
4
4
4
5
4
4
5
6
5
5
4
5
4
4
5
4
2
2
3
2
2
3
4
5
