9275.000000
8343.000000
9098.000000
7722.000000
7765.000000
8444.000000
9042.000000
8966.000000
8687.000000
8235.000000
7885.000000
7458.000000
8997.000000
7993.000000
9603.000000
8539.000000
7952.000000
7911.000000
8988.000000
8597.000000
8451.000000
7654.000000
7718.000000
8079.000000
8018.000000
7627.000000
8173.000000
8467.000000
7952.000000
7696.000000
8738.000000
9597.000000
7989.000000
7664.000000
7906.000000
7858.000000
8018.000000
8576.000000
7806.000000
8849.000000
7790.000000
7588.000000
8740.000000
7706.000000
7726.000000
8113.000000
8215.000000
9177.000000
8146.000000
7787.000000
8289.000000
7746.000000
8303.000000
7491.000000
7915.000000
8251.000000
8485.000000
8189.000000
8321.000000
8377.000000
7331.000000
8179.000000
7343.000000
7810.000000
9678.000000
8580.000000
9354.000000
8073.000000
7810.000000
8337.000000
8642.000000
7675.000000
7569.000000
7714.000000
7827.000000
8175.000000
10677.000000
8169.000000
8750.000000
8185.000000
8184.000000
9314.000000
7785.000000
7633.000000
9091.000000
7511.000000
9032.000000
7959.000000
8823.000000
8217.000000
8211.000000
7514.000000
7864.000000
8249.000000
8157.000000
8829.000000
7708.000000
8683.000000
7897.000000
9314.000000
